144.52564619047615 397.283666 582.9208741 738.4539793333333 980.7466842 1252.5647584 781.480103 0 664.450615 651.6903422727272 529.1804581428572 289.74813974999995 375.61610033333335 199.62521127777777 340.32895285714284 262.65841140000003 0.09333333333333334 0.14666666666666667 0.09333333333333334 0.10666666666666667 0.16 0.24 0.09333333333333334 0.06666666666666667 122.32517499567096 28.634906750000003 140.7314531111111 0.9467213114754098 0.01639344262295082 0.036885245901639344 0.56 0.12 0.13333333333333333 0.04 0.06666666666666667 0.06666666666666667 0.013333333333333334 0.0 0.5931372549019608 0.25980392156862747 0.08823529411764706 0.04411764705882353 0.014705882352941176 niudanyang 8Сʱ_mousemovements
171.85640990000002 202.9829391666667 483.140274 276.977274 890.85473625 1412.09246825 1179.517517 0 1257.6849686 366.1948928888889 569.073223 404.6205036666666 433.98193040000007 148.73614759999998 305.50310925 150.76089366666665 0.125 0.225 0.05 0.075 0.125 0.125 0.2 0.075 117.83626266115702 164.68686066666666 200.5715253 0.8642857142857143 0.06428571428571428 0.07142857142857142 0.5 0.15 0.05 0.05 0.1 0.1 0.05 0.0 0.575 0.25 0.08333333333333333 0.05 0.041666666666666664 niudanyang 8Сʱ_mousemovements
151.18812884210524 693.17256175 260.980011 1811.8732909999999 501.60688749999997 1170.451843 1839.226318 1508.985148 0 852.807799125 77.228546 442.1830994 1378.7588753333337 416.1250632222223 195.63125 610.1443682500001 0.0 0.22857142857142856 0.02857142857142857 0.14285714285714285 0.08571428571428572 0.2571428571428571 0.14285714285714285 0.11428571428571428 231.4332169431818 3.5460993333333337 16.9904825 0.946236559139785 0.03225806451612903 0.021505376344086023 0.5428571428571428 0.11428571428571428 0.02857142857142857 0.05714285714285714 0.05714285714285714 0.08571428571428572 0.02857142857142857 0.08571428571428572 0.525 0.3 0.0875 0.075 0.0125 niudanyang 8Сʱ_mousemovements
98.33239457500002 295.79703266666667 451.7371215 718.1895750769231 753.9038443333334 2010.37274175 1172.136248142857 914.0517727499999 881.4016276 612.3537841904761 530.1958224 284.3307784 288.3558405833333 400.13684770000003 301.4478501 556.7225645 0.1111111111111111 0.23333333333333334 0.1111111111111111 0.05555555555555555 0.13333333333333333 0.2222222222222222 0.1111111111111111 0.022222222222222223 164.59098163241106 7.612706916666667 140.9448559375 0.900355871886121 0.042704626334519574 0.05693950177935943 0.4444444444444444 0.06666666666666667 0.1111111111111111 0.14444444444444443 0.06666666666666667 0.044444444444444446 0.07777777777777778 0.044444444444444446 0.5375 0.2125 0.09583333333333334 0.07916666666666666 0.075 niudanyang 8Сʱ_mousemovements
116.7508315 419.81729700000005 466.8803355 2833.858643 732.7642040000001 933.9748333333333 419.0743405 327.688995 663.4094044999999 441.0103523000001 298.26646825 212.6030503333333 224.76906871428574 471.5617038 208.8470134 272.98661025 0.03636363636363636 0.18181818181818182 0.07272727272727272 0.05454545454545454 0.12727272727272726 0.2727272727272727 0.18181818181818182 0.07272727272727272 92.29975382926828 80.14522383333333 366.23562833333335 0.8864864864864865 0.06486486486486487 0.04864864864864865 0.5454545454545454 0.14545454545454545 0.10909090909090909 0.01818181818181818 0.07272727272727272 0.05454545454545454 0.03636363636363636 0.01818181818181818 0.5766871165644172 0.2331288343558282 0.0736196319018405 0.06134969325153374 0.05521472392638037 niudanyang 8Сʱ_mousemovements
92.46922115789472 399.1918438333333 654.1677216 782.816972857143 652.7651466666667 1265.9435119999998 1640.031323 1328.221395 942.1607515 636.3568407692308 268.30268079999996 376.4865233333333 311.4879727894736 346.37114 687.2392696153845 0 0.07894736842105263 0.17105263157894737 0.06578947368421052 0.039473684210526314 0.25 0.2236842105263158 0.17105263157894737 0.0 160.50015980769234 25.12233907692308 342.66441330000004 0.9004329004329005 0.05627705627705628 0.04329004329004329 0.5 0.07894736842105263 0.13157894736842105 0.09210526315789473 0.039473684210526314 0.05263157894736842 0.06578947368421052 0.039473684210526314 0.5583756345177665 0.233502538071066 0.1065989847715736 0.08629441624365482 0.015228426395939087 niudanyang 8Сʱ_mousemovements
0 0 0 0 0 0 0 0 0 0 0 0 0 0 0 0 0 0 0 0 0 0 0 0 0 0 0 0 0 0 0 0 0 0 0 0 0 0 0 0 0 0 0 niudanyang 8Сʱ_mousemovements
0 0 0 0 0 0 0 0 0 0 0 0 0 0 0 0 0 0 0 0 0 0 0 0 0 0 0 0 0 0 0 0 0 0 0 0 0 0 0 0 0 0 0 niudanyang 8Сʱ_mousemovements
110.840088 0 0 572.481354 0 0 0 0 0 0 0 588.878235 0 110.840088 556.084473 0 0.0 0.0 0.0 0.3333333333333333 0.0 0.3333333333333333 0.3333333333333333 0.0 209.300466 0 0 1.0 0.0 0.0 0.3333333333333333 0.0 0.0 0.6666666666666666 0.0 0.0 0.0 0.0 0.2 0.4 0.2 0.2 0.0 niudanyang 8Сʱ_mousemovements
200.23452182352943 369.0519311428572 814.508606 783.3329163333334 440.491974 534.7416685000001 685.021545 711.228882 609.2721533333333 409.7033603 283.263121 108.644714 344.837311 288.52731614285716 286.616581 898.479004 0.17142857142857143 0.2857142857142857 0.14285714285714285 0.02857142857142857 0.02857142857142857 0.2 0.11428571428571428 0.02857142857142857 107.75342025000002 12.820513 106.26710728571427 0.9375 0.0078125 0.0546875 0.4857142857142857 0.2 0.08571428571428572 0.08571428571428572 0.02857142857142857 0.05714285714285714 0.02857142857142857 0.02857142857142857 0.6 0.24761904761904763 0.09523809523809523 0.01904761904761905 0.0380952380952381 niudanyang 8Сʱ_mousemovements
98.48427294444443 740.7150694285714 425.50811114285716 601.6115936 727.4013749999999 626.4948885 1159.2200619999999 1522.119019 779.415253 479.46310688888883 475.19922399999996 207.89296925000002 438.537918 394.30806858333335 600.2726035 432.351921 0.043478260869565216 0.1956521739130435 0.13043478260869565 0.08695652173913043 0.10869565217391304 0.2608695652173913 0.13043478260869565 0.043478260869565216 140.4222903088235 59.49696599999999 185.72990944444442 0.918918918918919 0.02027027027027027 0.060810810810810814 0.391304347826087 0.15217391304347827 0.15217391304347827 0.10869565217391304 0.08695652173913043 0.043478260869565216 0.043478260869565216 0.021739130434782608 0.46875 0.3125 0.109375 0.0859375 0.0234375 niudanyang 8Сʱ_mousemovements
116.09874454761902 388.7213466666667 494.8478791428571 744.6902718333334 961.7799326666667 806.5809325714284 870.40728775 873.575012 459.50772428571423 217.66323699999998 1028.4831531428572 620.1113999285715 331.7428131111111 215.98858515 208.67940412500002 468.52417 0.07608695652173914 0.17391304347826086 0.07608695652173914 0.15217391304347827 0.09782608695652174 0.21739130434782608 0.08695652173913043 0.11956521739130435 141.9722107543103 22.589690875000002 299.20793625 0.9206349206349206 0.031746031746031744 0.047619047619047616 0.45652173913043476 0.13043478260869565 0.15217391304347827 0.06521739130434782 0.06521739130434782 0.07608695652173914 0.043478260869565216 0.010869565217391304 0.5339366515837104 0.23076923076923078 0.12669683257918551 0.06334841628959276 0.04524886877828054 niudanyang 8Сʱ_mousemovements
153.26805381818184 278.737644375 339.55469514285716 653.906147 650.7837015 838.878658375 831.1287995 867.113831 431.2478943636364 240.07401100000004 185.04949433333334 761.0706561428572 262.42908954545453 154.41427189473683 232.10585933333334 543.1434945833333 0.11827956989247312 0.1827956989247312 0.03225806451612903 0.15053763440860216 0.11827956989247312 0.20430107526881722 0.06451612903225806 0.12903225806451613 102.01561273643412 78.12979974999999 341.0502226 0.9020979020979021 0.027972027972027972 0.06993006993006994 0.4731182795698925 0.08602150537634409 0.15053763440860216 0.08602150537634409 0.06451612903225806 0.08602150537634409 0.043010752688172046 0.010752688172043012 0.5447154471544715 0.2032520325203252 0.09349593495934959 0.08943089430894309 0.06910569105691057 niudanyang 8Сʱ_mousemovements
221.06051962962962 495.73082039999997 488.3722813333333 1149.0298842500001 523.452118 354.433044 694.067566 0 490.6243793333333 317.8983257142857 305.8889431428571 616.4793014999999 421.22587572727275 271.209735 837.7537644 296.94855500000006 0.05660377358490566 0.1320754716981132 0.1320754716981132 0.07547169811320754 0.20754716981132076 0.20754716981132076 0.09433962264150944 0.09433962264150944 126.891663620915 76.989172 195.533328875 0.9053254437869822 0.047337278106508875 0.047337278106508875 0.5094339622641509 0.18867924528301888 0.11320754716981132 0.07547169811320754 0.07547169811320754 0.018867924528301886 0.018867924528301886 0.0 0.5874125874125874 0.2097902097902098 0.07692307692307693 0.06993006993006994 0.055944055944055944 niudanyang 8Сʱ_mousemovements
77.15637675 212.562836 241.195511 584.976364 2957.295166 993.878113 815.883789 0 24.387239 903.5044008000001 0 304.40272766666664 67.664423125 205.04887899999997 337.89690766666666 0 0.043478260869565216 0.21739130434782608 0.0 0.13043478260869565 0.34782608695652173 0.13043478260869565 0.13043478260869565 0.0 82.88337142391303 0 0 1.0 0.0 0.0 0.6956521739130435 0.043478260869565216 0.043478260869565216 0.08695652173913043 0.043478260869565216 0.043478260869565216 0.043478260869565216 0.0 0.7108433734939759 0.12048192771084337 0.060240963855421686 0.04819277108433735 0.060240963855421686 niudanyang 8Сʱ_mousemovements
103.87724557894738 447.92491633333333 341.4542512 321.15623999999997 1066.773315 0 732.7566835 667.885132 0 234.0835176 580.3273416666666 150.08456625 248.72100999999998 245.40691099999992 318.552923 121.5998135 0.0 0.14705882352941177 0.08823529411764706 0.11764705882352941 0.11764705882352941 0.2647058823529412 0.20588235294117646 0.058823529411764705 76.96997987850469 69.9138626 66.99967166666666 0.8842975206611571 0.04132231404958678 0.0743801652892562 0.5588235294117647 0.08823529411764706 0.14705882352941177 0.08823529411764706 0.029411764705882353 0.0 0.058823529411764705 0.029411764705882353 0.6074766355140186 0.21495327102803738 0.1308411214953271 0.028037383177570093 0.018691588785046728 niudanyang 8Сʱ_mousemovements
95.54051936363635 729.7400203529412 463.0449251428571 543.6251101428572 751.1835564444445 1211.40286275 1262.3937225 591.055893 741.1667068571429 744.1212565652174 299.2358887 246.81024479999996 438.81791545 323.51788963157895 248.8416138125 388.33297925 0.06481481481481481 0.21296296296296297 0.09259259259259259 0.046296296296296294 0.18518518518518517 0.17592592592592593 0.14814814814814814 0.07407407407407407 135.88751862300322 17.864994555555555 218.70502292307694 0.876750700280112 0.05042016806722689 0.07282913165266107 0.4074074074074074 0.1574074074074074 0.12962962962962962 0.12962962962962962 0.08333333333333333 0.037037037037037035 0.037037037037037035 0.018518518518518517 0.5114754098360655 0.21639344262295082 0.16393442622950818 0.06885245901639345 0.03934426229508197 niudanyang 8Сʱ_mousemovements
222.631989 134.905029 402.656189 1864.703125 0 0 0 0 134.905029 312.644089 0 0 0 0 0 1864.703125 0.25 0.5 0.0 0.0 0.0 0.0 0.0 0.25 123.45778572222223 0.0 402.656189 0.9 0.05 0.05 0.25 0.25 0.25 0.25 0.0 0.0 0.0 0.0 0.6111111111111112 0.2222222222222222 0.1111111111111111 0.05555555555555555 0.0 niudanyang 8Сʱ_mousemovements
