84.5859835 226.076462 0 0 759.916687 792.0425313333334 0 614.57666 244.59760166666663 594.359057 679.447449 0 26.415094 531.145294 149.35965349999998 34.8214285 0.21428571428571427 0.21428571428571427 0.07142857142857142 0.0 0.07142857142857142 0.14285714285714285 0.14285714285714285 0.14285714285714285 83.7989493902439 3.5714285 403.495163 0.8913043478260869 0.043478260869565216 0.06521739130434782 0.5714285714285714 0.07142857142857142 0.0 0.0 0.07142857142857142 0.21428571428571427 0.0 0.07142857142857142 0.675 0.1 0.05 0.15 0.025 leishengchuan 10Сʱ_mousemovements
196.92479466666668 277.08894349999997 240.605408 0 0 769.638123 0 0 289.658112 449.13777949999997 0 403.573608 187.833514 0 150.6521265 0 0.2 0.2 0.0 0.1 0.3 0.0 0.2 0.0 65.53736 0 47.5032865 0.9069767441860465 0.0 0.09302325581395349 0.6 0.2 0.1 0.0 0.0 0.1 0.0 0.0 0.21621621621621623 0.5945945945945946 0.05405405405405406 0.08108108108108109 0.05405405405405406 leishengchuan 10Сʱ_mousemovements
444.3938825 262.888702 425.451324 0 0 0 0 0 0 507.13304100000005 0 137.410385 0 0 0 425.451324 0.0 0.5 0.0 0.25 0.0 0.0 0.0 0.25 46.778303421052634 0 344.17001300000004 0.9047619047619048 0.0 0.09523809523809523 0.5 0.25 0.25 0.0 0.0 0.0 0.0 0.0 0.875 0.0 0.0625 0.0625 0.0 leishengchuan 10Сʱ_mousemovements
365.0918854 0 0 0 0 993.645691 986.1506146666666 633.176758 0 0 633.176758 403.79612733333335 740.801575 0 785.133769 734.982849 0.0 0.0 0.1 0.3 0.1 0.0 0.3 0.2 238.75472540909095 1158.129761 0 0.9565217391304348 0.043478260869565216 0.0 0.5 0.0 0.0 0.0 0.0 0.1 0.3 0.1 0.42105263157894735 0.15789473684210525 0.21052631578947367 0.10526315789473684 0.10526315789473684 leishengchuan 10Сʱ_mousemovements
109.654969 400.973999 0 0 0 0 0 0 0 0 0 0 39.313709 0 169.931684 0 0.0 0.0 0.0 0.0 0.14285714285714285 0.0 0.8571428571428571 0.0 55.38385516666667 9.656854 21.340356 0.8181818181818182 0.09090909090909091 0.09090909090909091 0.8571428571428571 0.14285714285714285 0.0 0.0 0.0 0.0 0.0 0.0 0.5789473684210527 0.3684210526315789 0.05263157894736842 0.0 0.0 leishengchuan 10Сʱ_mousemovements
0 0 0 0 0 0 0 0 0 0 0 0 0 0 0 0 0 0 0 0 0 0 0 0 0 0 0 0 0 0 0 0 0 0 0 0 0 0 0 0 0 0 0 leishengchuan 10Сʱ_mousemovements
83.5485226 0 0 408.5756685 0 409.2940215 0 0 0 0 291.191132 155.208694 38.165257 27.522936 240.93531033333332 409.2940215 0.0 0.0 0.1111111111111111 0.1111111111111111 0.1111111111111111 0.1111111111111111 0.3333333333333333 0.2222222222222222 102.67409964999999 0 0 1.0 0.0 0.0 0.5555555555555556 0.0 0.0 0.2222222222222222 0.0 0.2222222222222222 0.0 0.0 0.5714285714285714 0.14285714285714285 0.07142857142857142 0.21428571428571427 0.0 leishengchuan 10Сʱ_mousemovements
211.78470480000001 448.88749966666666 535.6061403333333 256.757927 2214.6223755 0 0 0 319.326111 583.607174 176.88332774999998 1499.6869226666668 598.665833 379.2883845 259.798384 345.393402 0.1 0.1 0.2 0.15 0.05 0.1 0.25 0.05 162.62150785185187 125.14000879999999 151.70677625 0.8571428571428571 0.07936507936507936 0.06349206349206349 0.5 0.15 0.15 0.1 0.1 0.0 0.0 0.0 0.5423728813559322 0.23728813559322035 0.1016949152542373 0.06779661016949153 0.05084745762711865 leishengchuan 10Сʱ_mousemovements
161.10980646153845 211.6291276 387.5349885 0 0 0 0 0 0 182.29106725 355.586578 107.9656955 171.65839133333336 84.2465305 259.442028 127.39843 0.0 0.2 0.05 0.1 0.15 0.1 0.35 0.05 52.51463448214286 66.77362550000001 213.31907925 0.9032258064516129 0.03225806451612903 0.06451612903225806 0.65 0.25 0.1 0.0 0.0 0.0 0.0 0.0 0.4444444444444444 0.3333333333333333 0.1111111111111111 0.07407407407407407 0.037037037037037035 leishengchuan 10Сʱ_mousemovements
149.631912 0 0 574.304321 1038.149292 0 0 0 77.877853 397.845146 0 0 0 1038.149292 0 0 0.25 0.5 0.0 0.0 0.0 0.25 0.0 0.0 238.964679625 0 0 1.0 0.0 0.0 0.5 0.0 0.0 0.25 0.25 0.0 0.0 0.0 0.3333333333333333 0.16666666666666666 0.16666666666666666 0.16666666666666666 0.16666666666666666 leishengchuan 10Сʱ_mousemovements
0 572.2802275 0 1163.638672 743.184021 291.324188 0 0 973.157837 0 171.402618 743.184021 0 0 0 727.48143 0.2 0.0 0.2 0.2 0.0 0.0 0.0 0.4 396.41308975000004 171.402618 0 0.8888888888888888 0.1111111111111111 0.0 0.0 0.4 0.0 0.2 0.2 0.2 0.0 0.0 0.14285714285714285 0.2857142857142857 0.2857142857142857 0.14285714285714285 0.14285714285714285 leishengchuan 10Сʱ_mousemovements
77.40649333333334 0 249.6138535 454.5798795 0 0 0 0 51.282051 59.252568800000006 225.900162 260.464977 178.51738 454.118347 189.017584 0 0.07692307692307693 0.38461538461538464 0.07692307692307693 0.15384615384615385 0.07692307692307693 0.07692307692307693 0.15384615384615385 0.0 47.291845625 0 42.6744162 0.8888888888888888 0.0 0.1111111111111111 0.6923076923076923 0.0 0.15384615384615385 0.15384615384615385 0.0 0.0 0.0 0.0 0.7435897435897436 0.10256410256410256 0.0 0.05128205128205128 0.10256410256410256 leishengchuan 10Сʱ_mousemovements
0 0 0 2125.712891 0 2447.810303 0 0 0 2125.712891 0 0 0 2447.810303 0 0 0.0 0.5 0.0 0.0 0.0 0.5 0.0 0.0 762.2538656666667 0 0 1.0 0.0 0.0 0.0 0.0 0.0 0.5 0.0 0.5 0.0 0.0 0.6666666666666666 0.3333333333333333 0.0 0.0 0.0 leishengchuan 10Сʱ_mousemovements
0 0 0 0 0 0 0 0 0 0 0 0 0 0 0 0 0 0 0 0 0 0 0 0 0 0 0 0 0 0 0 0 0 0 0 0 0 0 0 0 0 0 0 leishengchuan 10Сʱ_mousemovements
0 0 0 0 0 0 0 0 0 0 0 0 0 0 0 0 0 0 0 0 0 0 0 0 0 0 0 0 0 0 0 0 0 0 0 0 0 0 0 0 0 0 0 leishengchuan 10Сʱ_mousemovements
0 0 0 0 0 0 0 0 0 0 0 0 0 0 0 0 0 0 0 0 0 0 0 0 0 0 0 0 0 0 0 0 0 0 0 0 0 0 0 0 0 0 0 leishengchuan 10Сʱ_mousemovements
0 0 0 0 0 0 0 0 0 0 0 0 0 0 0 0 0 0 0 0 0 0 0 0 0 0 0 0 0 0 0 0 0 0 0 0 0 0 0 0 0 0 0 leishengchuan 10Сʱ_mousemovements
0 0 0 0 0 0 0 0 0 0 0 0 0 0 0 0 0 0 0 0 0 0 0 0 0 0 0 0 0 0 0 0 0 0 0 0 0 0 0 0 0 0 0 leishengchuan 10Сʱ_mousemovements
0 0 0 0 0 0 0 0 0 0 0 0 0 0 0 0 0 0 0 0 0 0 0 0 0 0 0 0 0 0 0 0 0 0 0 0 0 0 0 0 0 0 0 leishengchuan 10Сʱ_mousemovements
0 0 0 0 0 0 0 0 0 0 0 0 0 0 0 0 0 0 0 0 0 0 0 0 0 0 0 0 0 0 0 0 0 0 0 0 0 0 0 0 0 0 0 leishengchuan 10Сʱ_mousemovements
0 0 0 0 0 0 0 0 0 0 0 0 0 0 0 0 0 0 0 0 0 0 0 0 0 0 0 0 0 0 0 0 0 0 0 0 0 0 0 0 0 0 0 leishengchuan 10Сʱ_mousemovements
0 0 0 0 0 0 0 0 0 0 0 0 0 0 0 0 0 0 0 0 0 0 0 0 0 0 0 0 0 0 0 0 0 0 0 0 0 0 0 0 0 0 0 leishengchuan 10Сʱ_mousemovements
0 0 0 0 0 0 0 0 0 0 0 0 0 0 0 0 0 0 0 0 0 0 0 0 0 0 0 0 0 0 0 0 0 0 0 0 0 0 0 0 0 0 0 leishengchuan 10Сʱ_mousemovements
0 0 0 0 0 0 0 0 0 0 0 0 0 0 0 0 0 0 0 0 0 0 0 0 0 0 0 0 0 0 0 0 0 0 0 0 0 0 0 0 0 0 0 leishengchuan 10Сʱ_mousemovements
0 0 0 0 0 0 0 0 0 0 0 0 0 0 0 0 0 0 0 0 0 0 0 0 0 0 0 0 0 0 0 0 0 0 0 0 0 0 0 0 0 0 0 leishengchuan 10Сʱ_mousemovements
0 0 0 0 0 0 0 0 0 0 0 0 0 0 0 0 0 0 0 0 0 0 0 0 0 0 0 0 0 0 0 0 0 0 0 0 0 0 0 0 0 0 0 leishengchuan 10Сʱ_mousemovements
0 0 0 0 0 0 0 0 0 0 0 0 0 0 0 0 0 0 0 0 0 0 0 0 0 0 0 0 0 0 0 0 0 0 0 0 0 0 0 0 0 0 0 leishengchuan 10Сʱ_mousemovements
0 0 0 0 0 0 0 0 0 0 0 0 0 0 0 0 0 0 0 0 0 0 0 0 0 0 0 0 0 0 0 0 0 0 0 0 0 0 0 0 0 0 0 leishengchuan 10Сʱ_mousemovements
0 0 0 0 0 0 0 0 0 0 0 0 0 0 0 0 0 0 0 0 0 0 0 0 0 0 0 0 0 0 0 0 0 0 0 0 0 0 0 0 0 0 0 leishengchuan 10Сʱ_mousemovements
0 0 0 0 0 0 0 0 0 0 0 0 0 0 0 0 0 0 0 0 0 0 0 0 0 0 0 0 0 0 0 0 0 0 0 0 0 0 0 0 0 0 0 leishengchuan 10Сʱ_mousemovements
0 0 0 0 0 0 0 0 0 0 0 0 0 0 0 0 0 0 0 0 0 0 0 0 0 0 0 0 0 0 0 0 0 0 0 0 0 0 0 0 0 0 0 leishengchuan 10Сʱ_mousemovements
0 0 0 0 0 0 0 0 0 0 0 0 0 0 0 0 0 0 0 0 0 0 0 0 0 0 0 0 0 0 0 0 0 0 0 0 0 0 0 0 0 0 0 leishengchuan 10Сʱ_mousemovements
0 0 0 0 0 0 0 0 0 0 0 0 0 0 0 0 0 0 0 0 0 0 0 0 0 0 0 0 0 0 0 0 0 0 0 0 0 0 0 0 0 0 0 leishengchuan 10Сʱ_mousemovements
0 0 0 0 0 0 0 0 0 0 0 0 0 0 0 0 0 0 0 0 0 0 0 0 0 0 0 0 0 0 0 0 0 0 0 0 0 0 0 0 0 0 0 leishengchuan 10Сʱ_mousemovements
0 0 0 0 0 0 0 0 0 0 0 0 0 0 0 0 0 0 0 0 0 0 0 0 0 0 0 0 0 0 0 0 0 0 0 0 0 0 0 0 0 0 0 leishengchuan 10Сʱ_mousemovements
0 0 0 0 0 0 0 0 0 0 0 0 0 0 0 0 0 0 0 0 0 0 0 0 0 0 0 0 0 0 0 0 0 0 0 0 0 0 0 0 0 0 0 leishengchuan 10Сʱ_mousemovements
0 0 0 0 0 0 0 0 0 0 0 0 0 0 0 0 0 0 0 0 0 0 0 0 0 0 0 0 0 0 0 0 0 0 0 0 0 0 0 0 0 0 0 leishengchuan 10Сʱ_mousemovements
0 0 0 0 0 0 0 0 0 0 0 0 0 0 0 0 0 0 0 0 0 0 0 0 0 0 0 0 0 0 0 0 0 0 0 0 0 0 0 0 0 0 0 leishengchuan 10Сʱ_mousemovements
119.67879755555555 556.2455975 513.665161 363.98732 0 0 0 0 444.6140745 84.43484233333332 121.866951 148.4051225 10.638298 301.70145049999996 235.9161216 0 0.08695652173913043 0.2608695652173913 0.043478260869565216 0.17391304347826086 0.043478260869565216 0.17391304347826086 0.21739130434782608 0.0 78.93464750877192 4.537222 0.0 0.95 0.03333333333333333 0.016666666666666666 0.782608695652174 0.08695652173913043 0.043478260869565216 0.08695652173913043 0.0 0.0 0.0 0.0 0.6545454545454545 0.21818181818181817 0.10909090909090909 0.0 0.01818181818181818 leishengchuan 10Сʱ_mousemovements
71.731155 0 215.973007 2523.433136 1429.848022 9180.603516 0 0 4694.383323999999 8.0 215.973007 758.784729 0 0 2173.0112590000003 721.3342674999999 0.2222222222222222 0.1111111111111111 0.1111111111111111 0.1111111111111111 0.0 0.0 0.2222222222222222 0.2222222222222222 621.5467475769229 0 0 1.0 0.0 0.0 0.4444444444444444 0.0 0.1111111111111111 0.2222222222222222 0.1111111111111111 0.1111111111111111 0.0 0.0 0.5789473684210527 0.2631578947368421 0.10526315789473684 0.05263157894736842 0.0 leishengchuan 10Сʱ_mousemovements
73.01214925 0 0 0 602.487 0 0 0 0 11.808417 0 0 0 163.69635 104.735413 602.487 0.0 0.4 0.0 0.0 0.0 0.2 0.2 0.2 51.07889 56.9548625 14.442522 0.8333333333333334 0.1111111111111111 0.05555555555555555 0.8 0.0 0.0 0.0 0.2 0.0 0.0 0.0 0.4666666666666667 0.26666666666666666 0.06666666666666667 0.13333333333333333 0.06666666666666667 leishengchuan 10Сʱ_mousemovements
164.65903916666667 254.901443 521.156433 0 788.238403 0 701.2485655 746.301453 68.5433385 203.44104374999998 672.9662785 217.77214800000002 69.069565 301.8313726666667 922.5126339999999 0 0.2222222222222222 0.2222222222222222 0.1111111111111111 0.1111111111111111 0.05555555555555555 0.16666666666666666 0.1111111111111111 0.0 75.168511375 0 295.9133392 0.9180327868852459 0.0 0.08196721311475409 0.6666666666666666 0.05555555555555555 0.05555555555555555 0.0 0.05555555555555555 0.0 0.1111111111111111 0.05555555555555555 0.5 0.25 0.16071428571428573 0.07142857142857142 0.017857142857142856 leishengchuan 10Сʱ_mousemovements
206.84379200000004 1150.2457273333332 448.839844 0 0 638.372803 0 0 0 592.5044453333334 627.6530765 0 623.344666 880.6160233333331 62.814454999999995 45.6866535 0.0 0.2 0.13333333333333333 0.0 0.06666666666666667 0.2 0.13333333333333333 0.26666666666666666 118.8896194318182 48.25531 331.747296 0.8979591836734694 0.02040816326530612 0.08163265306122448 0.6666666666666666 0.2 0.06666666666666667 0.0 0.0 0.06666666666666667 0.0 0.0 0.5952380952380952 0.23809523809523808 0.07142857142857142 0.07142857142857142 0.023809523809523808 leishengchuan 10Сʱ_mousemovements
186.09214985714286 420.3646925 198.549431 221.361496 0 0 0 0 334.28490450000004 0 228.595642 333.66954799999996 0 32.258064 107.441012 175.410049 0.16666666666666666 0.0 0.08333333333333333 0.3333333333333333 0.0 0.08333333333333333 0.25 0.08333333333333333 72.23071133333333 0 198.304484 0.9090909090909091 0.0 0.09090909090909091 0.5833333333333334 0.16666666666666666 0.16666666666666666 0.08333333333333333 0.0 0.0 0.0 0.0 0.5357142857142857 0.25 0.07142857142857142 0.10714285714285714 0.03571428571428571 leishengchuan 10Сʱ_mousemovements
138.66210214285712 0 589.1760763333333 0 826.805603 0 0 0 0 95.1781795 443.145966 448.55295300000006 76.484695 492.160706 441.135498 1212.475708 0.0 0.3333333333333333 0.08333333333333333 0.25 0.08333333333333333 0.08333333333333333 0.08333333333333333 0.08333333333333333 136.08147075 21.276596 186.738791 0.875 0.03125 0.09375 0.5833333333333334 0.0 0.25 0.0 0.16666666666666666 0.0 0.0 0.0 0.6428571428571429 0.21428571428571427 0.10714285714285714 0.0 0.03571428571428571 leishengchuan 10Сʱ_mousemovements
121.22130853846154 219.0265275 0 0 695.0255125000001 0 575.158813 607.302734 0 344.41918350000003 301.01612839999996 183.45854640000002 0 0 455.20987199999996 65.42353575 0.0 0.1 0.25 0.25 0.0 0.0 0.2 0.2 81.66468037037036 45.453491 115.49094166666667 0.8709677419354839 0.03225806451612903 0.0967741935483871 0.65 0.1 0.0 0.0 0.1 0.0 0.05 0.1 0.4827586206896552 0.1896551724137931 0.1206896551724138 0.15517241379310345 0.05172413793103448 leishengchuan 10Сʱ_mousemovements
78.40725466666667 73.145432 0 0 520.394958 0 0 0 94.280907 0 106.811806 0 0 34.129051 296.770195 0 0.2 0.0 0.2 0.0 0.0 0.2 0.4 0.0 36.07438355 53.6372415 0 0.9090909090909091 0.09090909090909091 0.0 0.6 0.2 0.0 0.0 0.2 0.0 0.0 0.0 0.6 0.26666666666666666 0.0 0.06666666666666667 0.06666666666666667 leishengchuan 10Сʱ_mousemovements
134.28303499999998 0 0 0 0 0 0 0 162.18309 0 0 0 106.38298 0 0 0 0.5 0.0 0.0 0.0 0.5 0.0 0.0 0.0 33.570758749999996 0 0 1.0 0.0 0.0 1.0 0.0 0.0 0.0 0.0 0.0 0.0 0.0 1.0 0.0 0.0 0.0 0.0 leishengchuan 10Сʱ_mousemovements
307.80410475 0 0 0 0 0 0 0 0 1012.037537 0 0 69.26685900000001 80.645164 0 0 0.0 0.25 0.0 0.0 0.5 0.25 0.0 0.0 102.60136825000001 0 0 1.0 0.0 0.0 1.0 0.0 0.0 0.0 0.0 0.0 0.0 0.0 0.8888888888888888 0.1111111111111111 0.0 0.0 0.0 leishengchuan 10Сʱ_mousemovements
0 0 0 0 0 0 0 0 0 0 0 0 0 0 0 0 0 0 0 0 0 0 0 0 0 0 0 0 0 0 0 0 0 0 0 0 0 0 0 0 0 0 0 leishengchuan 10Сʱ_mousemovements
94.15149679999999 274.993866 0 334.47052 0 0 0 0 148.936172 167.46243650000002 16.594788 0 0 213.68997575000003 0 0 0.125 0.25 0.125 0.0 0.0 0.5 0.0 0.0 21.217181774193552 73.974861 207.83608 0.8857142857142857 0.02857142857142857 0.08571428571428572 0.625 0.25 0.0 0.125 0.0 0.0 0.0 0.0 0.5517241379310345 0.2413793103448276 0.034482758620689655 0.13793103448275862 0.034482758620689655 leishengchuan 10Сʱ_mousemovements
168.8643930833333 133.121597 493.83481625 0 0 2978.327148 731.091736 1211.20813 445.2369005 728.3643307142858 108.9042825 59.789841499999994 65.051965 720.385539 10.638298 427.149384 0.1 0.35 0.1 0.1 0.1 0.15 0.05 0.05 92.23773857971015 35.907357 327.405239625 0.8734177215189873 0.02531645569620253 0.10126582278481013 0.6 0.05 0.2 0.0 0.0 0.05 0.05 0.05 0.56 0.2 0.09333333333333334 0.06666666666666667 0.08 leishengchuan 10Сʱ_mousemovements
0 0 0 0 0 0 0 0 0 0 0 0 0 0 0 0 0 0 0 0 0 0 0 0 0 0 0 0 0 0 0 0 0 0 0 0 0 0 0 0 0 0 0 leishengchuan 10Сʱ_mousemovements
0 0 0 0 0 0 0 0 0 0 0 0 0 0 0 0 0 0 0 0 0 0 0 0 0 0 0 0 0 0 0 0 0 0 0 0 0 0 0 0 0 0 0 leishengchuan 10Сʱ_mousemovements
212.13911277777777 790.6348266666665 587.6042173333334 503.01281733333326 0 0 0 0 0 515.30957 0 456.7504698333334 330.253235 0 452.4493505 359.5240955000001 0.0 0.05555555555555555 0.0 0.3333333333333333 0.05555555555555555 0.0 0.2222222222222222 0.3333333333333333 139.78865345833336 0 168.6304466 0.9056603773584906 0.0 0.09433962264150944 0.5 0.16666666666666666 0.16666666666666666 0.16666666666666666 0.0 0.0 0.0 0.0 0.625 0.16666666666666666 0.125 0.041666666666666664 0.041666666666666664 leishengchuan 10Сʱ_mousemovements
100.43391033333334 0 408.46145900000005 0 0 0 0 1849.723022 0 0 1849.723022 241.935486 67.629189 0 293.192108 315.36860850000005 0.0 0.0 0.14285714285714285 0.14285714285714285 0.14285714285714285 0.0 0.2857142857142857 0.2857142857142857 109.21582900000001 578.384216 22.543063 0.8620689655172413 0.034482758620689655 0.10344827586206896 0.42857142857142855 0.0 0.42857142857142855 0.0 0.0 0.0 0.0 0.14285714285714285 0.76 0.16 0.08 0.0 0.0 leishengchuan 10Сʱ_mousemovements
200.0 0 0 0 0 0 0 0 0 0 0 0 200.0 0 0 0 0.0 0.0 0.0 0.0 1.0 0.0 0.0 0.0 100.0 0 0 1.0 0.0 0.0 1.0 0.0 0.0 0.0 0.0 0.0 0.0 0.0 1.0 0.0 0.0 0.0 0.0 leishengchuan 10Сʱ_mousemovements
0 0 0 0 0 0 0 0 0 0 0 0 0 0 0 0 0 0 0 0 0 0 0 0 0 0 0 0 0 0 0 0 0 0 0 0 0 0 0 0 0 0 0 leishengchuan 10Сʱ_mousemovements
77.1399995 0 0 0 0 0 0 0 0 0 133.003403 0 21.276596 0 0 0 0.0 0.0 0.5 0.0 0.5 0.0 0.0 0.0 38.56999975 0 0 1.0 0.0 0.0 1.0 0.0 0.0 0.0 0.0 0.0 0.0 0.0 1.0 0.0 0.0 0.0 0.0 leishengchuan 10Сʱ_mousemovements
0 0 0 0 0 0 0 0 0 0 0 0 0 0 0 0 0 0 0 0 0 0 0 0 0 0 0 0 0 0 0 0 0 0 0 0 0 0 0 0 0 0 0 leishengchuan 10Сʱ_mousemovements
0 0 0 0 0 0 0 0 0 0 0 0 0 0 0 0 0 0 0 0 0 0 0 0 0 0 0 0 0 0 0 0 0 0 0 0 0 0 0 0 0 0 0 leishengchuan 10Сʱ_mousemovements
0 0 0 0 0 0 0 0 0 0 0 0 0 0 0 0 0 0 0 0 0 0 0 0 0 0 0 0 0 0 0 0 0 0 0 0 0 0 0 0 0 0 0 leishengchuan 10Сʱ_mousemovements
0 0 0 0 0 0 0 0 0 0 0 0 0 0 0 0 0 0 0 0 0 0 0 0 0 0 0 0 0 0 0 0 0 0 0 0 0 0 0 0 0 0 0 leishengchuan 10Сʱ_mousemovements
0 0 0 0 0 0 0 0 0 0 0 0 0 0 0 0 0 0 0 0 0 0 0 0 0 0 0 0 0 0 0 0 0 0 0 0 0 0 0 0 0 0 0 leishengchuan 10Сʱ_mousemovements
0 0 0 0 0 0 0 0 0 0 0 0 0 0 0 0 0 0 0 0 0 0 0 0 0 0 0 0 0 0 0 0 0 0 0 0 0 0 0 0 0 0 0 leishengchuan 10Сʱ_mousemovements
273.71560975 0 686.771484 0 0 0 0 0 72.523773 482.873093 56.59248 0 0 686.771484 0 0 0.2 0.4 0.2 0.0 0.0 0.2 0.0 0.0 127.25956592857142 0 0 1.0 0.0 0.0 0.8 0.0 0.2 0.0 0.0 0.0 0.0 0.0 0.8 0.1 0.0 0.0 0.1 leishengchuan 10Сʱ_mousemovements
0 0 0 0 0 0 0 0 0 0 0 0 0 0 0 0 0 0 0 0 0 0 0 0 0 0 0 0 0 0 0 0 0 0 0 0 0 0 0 0 0 0 0 leishengchuan 10Сʱ_mousemovements
32.3558265 0 0 0 168.898449 0 0 0 171.440733 0 35.412804 0 0 0 24.214281 0 0.5 0.0 0.25 0.0 0.0 0.0 0.25 0.0 24.4730498 35.412804 0 0.9375 0.0625 0.0 0.5 0.0 0.0 0.0 0.5 0.0 0.0 0.0 0.4 0.2 0.2 0.2 0.0 leishengchuan 10Сʱ_mousemovements
120.11891499999999 827.6091103333333 246.790756 829.4184875999999 464.38562 843.000366 0 529.269409 0 273.998981 293.857638 775.8456265 0 401.642558 1039.4050293333332 342.987732 0.0 0.25 0.15 0.1 0.0 0.3 0.15 0.05 146.30112705660378 348.3081055 174.82018499999998 0.8548387096774194 0.03225806451612903 0.11290322580645161 0.4 0.15 0.05 0.25 0.05 0.05 0.0 0.05 0.509090909090909 0.2727272727272727 0.09090909090909091 0.09090909090909091 0.03636363636363636 leishengchuan 10Сʱ_mousemovements
195.2054321666667 948.562622 464.503662 444.05582699999997 328.241699 1069.498657 0 0 51.313709 497.132014 439.1195526666667 502.352081 161.290329 533.264771 270.2505185 590.6168745 0.07142857142857142 0.21428571428571427 0.21428571428571427 0.07142857142857142 0.07142857142857142 0.07142857142857142 0.14285714285714285 0.14285714285714285 136.32387572972976 70.75311266666667 261.23381800000004 0.8809523809523809 0.07142857142857142 0.047619047619047616 0.42857142857142855 0.07142857142857142 0.14285714285714285 0.21428571428571427 0.07142857142857142 0.07142857142857142 0.0 0.0 0.5142857142857142 0.22857142857142856 0.22857142857142856 0.0 0.02857142857142857 leishengchuan 10Сʱ_mousemovements
444.433838 0 321.540405 0 0 0 0 0 0 444.433838 0 0 0 321.540405 0 0 0.0 0.5 0.0 0.0 0.0 0.5 0.0 0.0 255.32474766666667 0 0 1.0 0.0 0.0 0.5 0.0 0.5 0.0 0.0 0.0 0.0 0.0 0.6666666666666666 0.0 0.0 0.3333333333333333 0.0 leishengchuan 10Сʱ_mousemovements
174.08134533333336 0 0 0 0 0 0 861.913635 220.79213 247.03752475 15.42937 58.835644 861.913635 110.135918 0 173.388947 0.1 0.4 0.1 0.1 0.1 0.1 0.0 0.1 119.5634489 21.947395 15.42937 0.9090909090909091 0.045454545454545456 0.045454545454545456 0.9 0.0 0.0 0.0 0.0 0.0 0.0 0.1 0.6111111111111112 0.16666666666666666 0.05555555555555555 0.0 0.16666666666666666 leishengchuan 10Сʱ_mousemovements
59.98495640000001 0 308.4916385 490.776047 0 0 0 0 69.2891342 216.858349 26.069076666666664 164.558365 193.904877 490.776047 0 0 0.35714285714285715 0.14285714285714285 0.21428571428571427 0.07142857142857142 0.07142857142857142 0.14285714285714285 0.0 0.0 28.95646536538461 10.638298 136.40208760000002 0.896551724137931 0.017241379310344827 0.08620689655172414 0.7142857142857143 0.0 0.14285714285714285 0.14285714285714285 0.0 0.0 0.0 0.0 0.6274509803921569 0.23529411764705882 0.0392156862745098 0.058823529411764705 0.0392156862745098 leishengchuan 10Сʱ_mousemovements
142.06399709090908 367.40796416666666 493.78810633333336 408.30341100000004 0 0 0 0 229.2625696 341.387432 351.3616716666666 360.84566466666666 94.006889 320.393677 285.9002765 172.78230799999997 0.21739130434782608 0.17391304347826086 0.13043478260869565 0.13043478260869565 0.043478260869565216 0.08695652173913043 0.08695652173913043 0.13043478260869565 106.51989701724139 0 147.636139 0.9666666666666667 0.0 0.03333333333333333 0.4782608695652174 0.2608695652173913 0.13043478260869565 0.13043478260869565 0.0 0.0 0.0 0.0 0.4423076923076923 0.23076923076923078 0.15384615384615385 0.1346153846153846 0.038461538461538464 leishengchuan 10Сʱ_mousemovements
54.732952 0 0 0 0 0 0 0 0 0 0 0 0 54.732952 0 0 0.0 0.0 0.0 0.0 0.0 1.0 0.0 0.0 27.366476 0 0 1.0 0.0 0.0 1.0 0.0 0.0 0.0 0.0 0.0 0.0 0.0 1.0 0.0 0.0 0.0 0.0 leishengchuan 10Сʱ_mousemovements
93.75459036363635 609.67955 402.92569 0 0 0 0 858.375992 85.559942 62.5 0 200.07168949999996 208.996426 609.67955 12.345679 421.68324875 0.125 0.0625 0.0 0.25 0.125 0.125 0.0625 0.25 106.29247778048781 0 6.1728395 0.9534883720930233 0.0 0.046511627906976744 0.6875 0.125 0.0625 0.0 0.0 0.0 0.0 0.125 0.5641025641025641 0.15384615384615385 0.1794871794871795 0.07692307692307693 0.02564102564102564 leishengchuan 10Сʱ_mousemovements
112.5307881666667 212.5763055 600.631439 511.8052466666666 0 0 955.568542 0 159.265203 157.53857433333334 318.846794 373.086624 671.492126 274.2447855 24.681026 289.247618625 0.13636363636363635 0.13636363636363635 0.09090909090909091 0.09090909090909091 0.045454545454545456 0.09090909090909091 0.045454545454545456 0.36363636363636365 48.57375113043478 0.0 231.03027381818183 0.8414634146341463 0.024390243902439025 0.13414634146341464 0.5454545454545454 0.18181818181818182 0.09090909090909091 0.13636363636363635 0.0 0.0 0.045454545454545456 0.0 0.5584415584415584 0.19480519480519481 0.11688311688311688 0.1038961038961039 0.025974025974025976 leishengchuan 10Сʱ_mousemovements
147.94013525 456.5837095 587.910217 469.898926 2476.740723 0 0 0 260.482127 10.4102565 451.7356335 1326.0580295 0 228.49131 587.910217 0 0.23076923076923078 0.15384615384615385 0.15384615384615385 0.15384615384615385 0.0 0.23076923076923078 0.07692307692307693 0.0 136.66822265625 10.4102565 412.34490966666664 0.8648648648648649 0.05405405405405406 0.08108108108108109 0.6153846153846154 0.15384615384615385 0.07692307692307693 0.07692307692307693 0.07692307692307693 0.0 0.0 0.0 0.7096774193548387 0.12903225806451613 0.03225806451612903 0.06451612903225806 0.06451612903225806 leishengchuan 10Сʱ_mousemovements
67.31577483333332 394.3584696666667 560.8808442500001 0 0 0 0 1567.832275 53.981429750000004 822.855064 581.5974424999999 145.28569 158.72874433333334 0 350.8262823333334 32.258064 0.21052631578947367 0.10526315789473684 0.10526315789473684 0.05263157894736842 0.15789473684210525 0.0 0.3157894736842105 0.05263157894736842 71.35205288461539 18.701946 414.64233260000003 0.896551724137931 0.017241379310344827 0.08620689655172414 0.6 0.15 0.2 0.0 0.0 0.0 0.0 0.05 0.6153846153846154 0.17307692307692307 0.15384615384615385 0.057692307692307696 0.0 leishengchuan 10Сʱ_mousemovements
79.02142228571428 510.33692619999994 855.0468139999999 588.3760476666668 0 671.1571809999999 0 0 330.3818793333333 114.82472983333334 261.298798 1090.1461795 726.5893854999999 563.148051 708.999176 95.111084 0.15 0.3 0.05 0.1 0.1 0.15 0.1 0.05 129.89994572222224 20.30503075 280.2667236666666 0.84375 0.0625 0.09375 0.35 0.25 0.15 0.15 0.0 0.1 0.0 0.0 0.6538461538461539 0.17307692307692307 0.1346153846153846 0.019230769230769232 0.019230769230769232 leishengchuan 10Сʱ_mousemovements
56.595569999999995 403.832184 479.309753 394.94693 0 0 1160.245117 0 53.23853866666667 1160.245117 0 0 316.602867 394.94693 0 0 0.375 0.125 0.0 0.0 0.375 0.125 0.0 0.0 46.23017570833334 0 777.5960235 0.9230769230769231 0.0 0.07692307692307693 0.5 0.125 0.125 0.125 0.0 0.0 0.125 0.0 0.5 0.3181818181818182 0.09090909090909091 0.09090909090909091 0.0 leishengchuan 10Сʱ_mousemovements
207.54484666666667 0 0 0 0 0 0 0 0 149.840805 0 0 0 0 421.42749 51.366245 0.0 0.3333333333333333 0.0 0.0 0.0 0.0 0.3333333333333333 0.3333333333333333 77.8293175 0 0 1.0 0.0 0.0 1.0 0.0 0.0 0.0 0.0 0.0 0.0 0.0 0.5 0.16666666666666666 0.3333333333333333 0.0 0.0 leishengchuan 10Сʱ_mousemovements
71.67352666666667 0 0 0 0 1074.818237 0 2268.576416 0 27.638191 0 42.553192 27.366899 1671.6973265 96.98479175 74.9169742 0.0 0.07142857142857142 0.0 0.07142857142857142 0.07142857142857142 0.14285714285714285 0.2857142857142857 0.35714285714285715 125.71126918181818 0.0 27.502544999999998 0.9166666666666666 0.027777777777777776 0.05555555555555555 0.8571428571428571 0.0 0.0 0.0 0.0 0.07142857142857142 0.0 0.07142857142857142 0.6129032258064516 0.12903225806451613 0.0967741935483871 0.0967741935483871 0.06451612903225806 leishengchuan 10Сʱ_mousemovements
249.16525012500003 207.56550833333336 1041.3412779999999 825.056763 0 0 801.982849 0 570.287354 1047.1854859999999 813.368347 76.92308 76.66388766666667 593.5182696666666 190.06111725 0 0.06666666666666667 0.13333333333333333 0.06666666666666667 0.06666666666666667 0.2 0.2 0.26666666666666666 0.0 138.2917664285714 99.494911 208.99579649999998 0.9333333333333333 0.022222222222222223 0.044444444444444446 0.5333333333333333 0.2 0.13333333333333333 0.06666666666666667 0.0 0.0 0.06666666666666667 0.0 0.7105263157894737 0.15789473684210525 0.05263157894736842 0.0 0.07894736842105263 leishengchuan 10Сʱ_mousemovements
0 0 0 0 0 0 0 0 0 0 0 0 0 0 0 0 0 0 0 0 0 0 0 0 0 0 0 0 0 0 0 0 0 0 0 0 0 0 0 0 0 0 0 leishengchuan 10Сʱ_mousemovements
0 0 0 0 0 0 0 0 0 0 0 0 0 0 0 0 0 0 0 0 0 0 0 0 0 0 0 0 0 0 0 0 0 0 0 0 0 0 0 0 0 0 0 leishengchuan 10Сʱ_mousemovements
0 0 0 0 0 0 0 0 0 0 0 0 0 0 0 0 0 0 0 0 0 0 0 0 0 0 0 0 0 0 0 0 0 0 0 0 0 0 0 0 0 0 0 leishengchuan 10Сʱ_mousemovements
66.95465675 0 0 899.990723 0 0 0 0 0 25.641026 538.86879 18.229675 0 46.201069 0 0 0.0 0.2 0.4 0.2 0.0 0.2 0.0 0.0 104.50724318181818 0 18.229675 0.9166666666666666 0.0 0.08333333333333333 0.8 0.0 0.0 0.2 0.0 0.0 0.0 0.0 0.5454545454545454 0.2727272727272727 0.18181818181818182 0.0 0.0 leishengchuan 10Сʱ_mousemovements
116.05656450000001 0 0 0 0 764.350647 0 0 0 116.05656450000001 0 0 0 0 764.350647 0 0.0 0.6666666666666666 0.0 0.0 0.0 0.0 0.3333333333333333 0.0 17.854856076923078 0 764.350647 0.9285714285714286 0.0 0.07142857142857142 0.6666666666666666 0.0 0.0 0.0 0.0 0.3333333333333333 0.0 0.0 0.8181818181818182 0.0 0.0 0.09090909090909091 0.09090909090909091 leishengchuan 10Сʱ_mousemovements
93.97293128571428 478.0854999999999 388.798279 1462.8724163333334 1056.373932 1346.105469 1140.064209 0 315.46845875 256.34550322222225 1008.4011840000001 1153.756348 350.376198 867.4518740000001 154.586687 1595.533081 0.14285714285714285 0.32142857142857145 0.14285714285714285 0.03571428571428571 0.07142857142857142 0.07142857142857142 0.17857142857142858 0.03571428571428571 158.54276358108106 12.71095125 253.92268542857144 0.8705882352941177 0.047058823529411764 0.08235294117647059 0.5 0.21428571428571427 0.03571428571428571 0.10714285714285714 0.07142857142857142 0.03571428571428571 0.03571428571428571 0.0 0.5875 0.1625 0.15 0.0625 0.0375 leishengchuan 10Сʱ_mousemovements
142.9035985 356.37684939999997 878.852081 1579.195923 0 0 906.0898745 2742.838379 273.27655500000003 656.615784 0 794.0681989999999 981.6936813999998 526.065155 63.34738 351.10250275 0.23809523809523808 0.047619047619047616 0.0 0.09523809523809523 0.23809523809523808 0.09523809523809523 0.09523809523809523 0.19047619047619047 225.3486543181818 79.34727699999999 514.4015505 0.9166666666666666 0.041666666666666664 0.041666666666666664 0.47619047619047616 0.23809523809523808 0.09523809523809523 0.047619047619047616 0.0 0.0 0.09523809523809523 0.047619047619047616 0.5714285714285714 0.19047619047619047 0.09523809523809523 0.11904761904761904 0.023809523809523808 leishengchuan 10Сʱ_mousemovements
184.51864866666668 506.652496 390.065186 0 0 548.704834 0 0 538.578186 558.831482 0 0 32.258064 506.652496 303.78768933333333 0 0.14285714285714285 0.14285714285714285 0.0 0.0 0.14285714285714285 0.14285714285714285 0.42857142857142855 0.0 19.088136068965518 0 498.5318375 0.8787878787878788 0.0 0.12121212121212122 0.42857142857142855 0.14285714285714285 0.14285714285714285 0.0 0.0 0.2857142857142857 0.0 0.0 0.8064516129032258 0.0967741935483871 0.03225806451612903 0.0 0.06451612903225806 leishengchuan 10Сʱ_mousemovements
172.1305324 171.5907135 0 0 1029.25708 0 641.631653 0 67.55811433333334 264.882611 148.343132 1029.25708 0 120.35654450000001 641.631653 0 0.21428571428571427 0.35714285714285715 0.14285714285714285 0.07142857142857142 0.0 0.14285714285714285 0.07142857142857142 0.0 124.51251613333334 0 0 1.0 0.0 0.0 0.7142857142857143 0.14285714285714285 0.0 0.0 0.07142857142857142 0.0 0.07142857142857142 0.0 0.6153846153846154 0.11538461538461539 0.15384615384615385 0.0 0.11538461538461539 leishengchuan 10Сʱ_mousemovements
116.1514116 490.9672596666667 1616.185669 316.6245983333333 464.180115 304.542511 0 0 103.021896 316.02934766666664 694.9359589999999 0 62.5 0 258.2886084285714 82.4010275 0.10526315789473684 0.15789473684210525 0.21052631578947367 0.0 0.05263157894736842 0.0 0.3684210526315789 0.10526315789473684 117.52242742222222 277.519127 62.8252485 0.9183673469387755 0.04081632653061224 0.04081632653061224 0.5263157894736842 0.15789473684210525 0.05263157894736842 0.15789473684210525 0.05263157894736842 0.05263157894736842 0.0 0.0 0.6097560975609756 0.24390243902439024 0.07317073170731707 0.0 0.07317073170731707 leishengchuan 10Сʱ_mousemovements
156.9286589375 270.9318005 719.148193 271.760468 361.339722 0 782.4029390000001 0 1272.732788 168.05097583333335 137.733688 271.760468 103.469872 376.27079575 203.67497116666664 149.546908 0.043478260869565216 0.2608695652173913 0.043478260869565216 0.043478260869565216 0.043478260869565216 0.17391304347826086 0.2608695652173913 0.13043478260869565 102.23776140384614 292.07309 361.339722 0.9629629629629629 0.018518518518518517 0.018518518518518517 0.6956521739130435 0.08695652173913043 0.043478260869565216 0.043478260869565216 0.043478260869565216 0.0 0.08695652173913043 0.0 0.4888888888888889 0.26666666666666666 0.2 0.0 0.044444444444444446 leishengchuan 10Сʱ_mousemovements
148.57810333333333 320.321228 194.265869 212.34640100000001 0 0 0 0 475.521393 132.302795 320.321228 0 0 216.8066445 96.37823600000002 0 0.07692307692307693 0.38461538461538464 0.07692307692307693 0.0 0.0 0.15384615384615385 0.3076923076923077 0.0 51.99107734210526 50.083122499999995 100.32782250000001 0.9047619047619048 0.047619047619047616 0.047619047619047616 0.6923076923076923 0.07692307692307693 0.07692307692307693 0.15384615384615385 0.0 0.0 0.0 0.0 0.7058823529411765 0.17647058823529413 0.08823529411764706 0.029411764705882353 0.0 leishengchuan 10Сʱ_mousemovements
106.57576725 456.6857355 419.755554 605.890381 0 0 0 0 332.3262588 76.5051995 0 343.95835850000003 374.012512 286.51614033333334 101.6716345 63.945157333333334 0.2777777777777778 0.1111111111111111 0.0 0.1111111111111111 0.05555555555555555 0.16666666666666666 0.1111111111111111 0.16666666666666666 81.12695431111113 5.319149 93.9893684 0.8653846153846154 0.038461538461538464 0.09615384615384616 0.6666666666666666 0.2222222222222222 0.05555555555555555 0.05555555555555555 0.0 0.0 0.0 0.0 0.5777777777777777 0.2 0.15555555555555556 0.06666666666666667 0.0 leishengchuan 10Сʱ_mousemovements
245.07975180000003 349.527924 0 187.962601 771.6376955000001 0 0 0 0 310.69250450000004 771.6376955000001 0 295.5966185 0 183.43701266666667 0 0.0 0.2222222222222222 0.2222222222222222 0.0 0.2222222222222222 0.0 0.3333333333333333 0.0 47.13072150000001 187.962601 630.9344383333333 0.8666666666666667 0.03333333333333333 0.1 0.5555555555555556 0.1111111111111111 0.0 0.1111111111111111 0.2222222222222222 0.0 0.0 0.0 0.6071428571428571 0.32142857142857145 0.03571428571428571 0.03571428571428571 0.0 leishengchuan 10Сʱ_mousemovements
35.25 705.437134 0 1125.9275815 0 0 0 0 0 356.718567 1631.60791 620.247253 62.5 0 0 0 0.0 0.4 0.2 0.2 0.2 0.0 0.0 0.0 232.29171515384616 0 8.0 0.9285714285714286 0.0 0.07142857142857142 0.4 0.2 0.0 0.4 0.0 0.0 0.0 0.0 0.7272727272727273 0.18181818181818182 0.09090909090909091 0.0 0.0 leishengchuan 10Сʱ_mousemovements
0 0 0 0 0 0 0 0 0 0 0 0 0 0 0 0 0 0 0 0 0 0 0 0 0 0 0 0 0 0 0 0 0 0 0 0 0 0 0 0 0 0 0 leishengchuan 10Сʱ_mousemovements
0 0 0 0 0 0 0 0 0 0 0 0 0 0 0 0 0 0 0 0 0 0 0 0 0 0 0 0 0 0 0 0 0 0 0 0 0 0 0 0 0 0 0 leishengchuan 10Сʱ_mousemovements
0 0 0 0 0 0 0 0 0 0 0 0 0 0 0 0 0 0 0 0 0 0 0 0 0 0 0 0 0 0 0 0 0 0 0 0 0 0 0 0 0 0 0 leishengchuan 10Сʱ_mousemovements
332.764679 0 0 0 0 0 0 0 0 332.764679 0 0 0 0 0 0 0.0 1.0 0.0 0.0 0.0 0.0 0.0 0.0 66.5529358 0 0 1.0 0.0 0.0 1.0 0.0 0.0 0.0 0.0 0.0 0.0 0.0 0.4 0.6 0.0 0.0 0.0 leishengchuan 10Сʱ_mousemovements
53.175806083333335 222.059189 462.2205453333333 0 1428.3387754999999 797.4260865 656.0755615 0 88.534691 542.1572084000001 210.36484033333332 53.519054 24.848803 1011.6312865 110.24750666666667 37.381480999999994 0.045454545454545456 0.22727272727272727 0.13636363636363635 0.045454545454545456 0.13636363636363635 0.18181818181818182 0.13636363636363635 0.09090909090909091 133.6433219122807 87.7929325 20.835133 0.9047619047619048 0.06349206349206349 0.031746031746031744 0.5454545454545454 0.045454545454545456 0.13636363636363635 0.0 0.09090909090909091 0.09090909090909091 0.09090909090909091 0.0 0.49122807017543857 0.19298245614035087 0.17543859649122806 0.05263157894736842 0.08771929824561403 leishengchuan 10Сʱ_mousemovements
0 0 0 0 0 0 0 0 0 0 0 0 0 0 0 0 0 0 0 0 0 0 0 0 0 0 0 0 0 0 0 0 0 0 0 0 0 0 0 0 0 0 0 leishengchuan 10Сʱ_mousemovements
436.9432065 850.239014 755.249878 0 0 1065.287109 938.949463 0 0 0 894.5942385000001 0 0 587.0638120000001 760.147888 0 0.0 0.0 0.3333333333333333 0.0 0.0 0.3333333333333333 0.3333333333333333 0.0 164.08309035294116 0 847.0996705 0.8947368421052632 0.0 0.10526315789473684 0.3333333333333333 0.16666666666666666 0.16666666666666666 0.0 0.0 0.16666666666666666 0.16666666666666666 0.0 0.5 0.2222222222222222 0.2222222222222222 0.05555555555555555 0.0 leishengchuan 10Сʱ_mousemovements
726.071777 0 0 0 0 0 0 0 0 726.071777 0 0 0 0 0 0 0.0 1.0 0.0 0.0 0.0 0.0 0.0 0.0 363.0358885 0 0 1.0 0.0 0.0 1.0 0.0 0.0 0.0 0.0 0.0 0.0 0.0 1.0 0.0 0.0 0.0 0.0 leishengchuan 10Сʱ_mousemovements
235.2562825 0 544.857727 0 0 3144.520264 0 929.13208 0 1770.2263795000001 0 0 0 544.857727 929.13208 74.58007 0.0 0.4 0.0 0.0 0.0 0.2 0.2 0.2 319.99158123076927 0 929.13208 0.9285714285714286 0.0 0.07142857142857142 0.4 0.0 0.2 0.0 0.0 0.2 0.0 0.2 0.5384615384615384 0.23076923076923078 0.15384615384615385 0.0 0.07692307692307693 leishengchuan 10Сʱ_mousemovements
0 0 0 0 0 0 0 0 0 0 0 0 0 0 0 0 0 0 0 0 0 0 0 0 0.0 0 0 1.0 0.0 0.0 0 0 0 0 0 0 0 0 0.0 1.0 0.0 0.0 0.0 leishengchuan 10Сʱ_mousemovements
0 144.465378 0 0 0 0 0 0 144.465378 0 0 0 0 0 0 0 1.0 0.0 0.0 0.0 0.0 0.0 0.0 0.0 0.0 0 144.465378 0.8333333333333334 0.0 0.16666666666666666 0.0 1.0 0.0 0.0 0.0 0.0 0.0 0.0 0.0 0.8 0.0 0.2 0.0 leishengchuan 10Сʱ_mousemovements
0 0 0 0 0 0 0 0 0 0 0 0 0 0 0 0 0 0 0 0 0 0 0 0 0 0 0 0 0 0 0 0 0 0 0 0 0 0 0 0 0 0 0 leishengchuan 10Сʱ_mousemovements
0 0 0 0 0 0 0 0 0 0 0 0 0 0 0 0 0 0 0 0 0 0 0 0 0 0 0 0 0 0 0 0 0 0 0 0 0 0 0 0 0 0 0 leishengchuan 10Сʱ_mousemovements
8.547009 0 0 0 0 0 0 0 0 0 0 0 0 0 8.547009 0 0.0 0.0 0.0 0.0 0.0 0.0 1.0 0.0 0.0 0 8.547009 0.8 0.0 0.2 1.0 0.0 0.0 0.0 0.0 0.0 0.0 0.0 0.25 0.75 0.0 0.0 0.0 leishengchuan 10Сʱ_mousemovements
102.72749225000001 0 494.511902 0 0 0 828.733643 0 0 209.009735 66.188322 494.511902 0 449.1286165 0 0 0.0 0.16666666666666666 0.3333333333333333 0.16666666666666666 0.0 0.3333333333333333 0.0 0.0 52.2436425625 0 449.1286165 0.8888888888888888 0.0 0.1111111111111111 0.6666666666666666 0.0 0.16666666666666666 0.0 0.0 0.0 0.16666666666666666 0.0 0.5 0.2222222222222222 0.16666666666666666 0.1111111111111111 0.0 leishengchuan 10Сʱ_mousemovements
0 0 0 0 0 0 0 0 0 0 0 0 0 0 0 0 0 0 0 0 0 0 0 0 0 0 0 0 0 0 0 0 0 0 0 0 0 0 0 0 0 0 0 leishengchuan 10Сʱ_mousemovements
0 0 0 0 0 0 0 0 0 0 0 0 0 0 0 0 0 0 0 0 0 0 0 0 0 0 0 0 0 0 0 0 0 0 0 0 0 0 0 0 0 0 0 leishengchuan 10Сʱ_mousemovements
0 0 0 0 0 0 0 0 0 0 0 0 0 0 0 0 0 0 0 0 0 0 0 0 0 0 0 0 0 0 0 0 0 0 0 0 0 0 0 0 0 0 0 leishengchuan 10Сʱ_mousemovements
0 0 0 0 0 0 0 0 0 0 0 0 0 0 0 0 0 0 0 0 0 0 0 0 0 0 0 0 0 0 0 0 0 0 0 0 0 0 0 0 0 0 0 leishengchuan 10Сʱ_mousemovements
0 0 0 0 0 0 0 0 0 0 0 0 0 0 0 0 0 0 0 0 0 0 0 0 0 0 0 0 0 0 0 0 0 0 0 0 0 0 0 0 0 0 0 leishengchuan 10Сʱ_mousemovements
0 0 0 0 0 0 0 0 0 0 0 0 0 0 0 0 0 0 0 0 0 0 0 0 0 0 0 0 0 0 0 0 0 0 0 0 0 0 0 0 0 0 0 leishengchuan 10Сʱ_mousemovements
