92.933581 555.92749 456.1296235 471.1008733333333 0 725.5286905 0 0 145.5432775 144.775453 471.1008733333333 576.676819 285.8537905 555.92749 550.922924 96.088684 0.09523809523809523 0.3333333333333333 0.14285714285714285 0.047619047619047616 0.09523809523809523 0.047619047619047616 0.14285714285714285 0.09523809523809523 106.35462886792453 99.9282305 107.60589624999999 0.8983050847457628 0.03389830508474576 0.06779661016949153 0.5238095238095238 0.047619047619047616 0.19047619047619047 0.14285714285714285 0.0 0.09523809523809523 0.0 0.0 0.5 0.2 0.2 0.06 0.04 leishengchuan 8Сʱ_mousemovements
65.48427 179.77739 0 0 0 0 0 0 0 0 0 0 65.23468 144.7450715 0 21.505377 0.0 0.0 0.0 0.0 0.25 0.5 0.0 0.25 26.873585714285717 0 0 1.0 0.0 0.0 0.75 0.25 0.0 0.0 0.0 0.0 0.0 0.0 0.5 0.4166666666666667 0.0 0.08333333333333333 0.0 leishengchuan 8Сʱ_mousemovements
182.8320598181818 207.425095 0 273.32399 0 1068.313599 0 755.726074 0 430.73670949999996 75.05815799999999 286.027367 0 179.03549199999998 496.8623265 151.0148315 0.0 0.125 0.125 0.125 0.0 0.25 0.25 0.125 108.50630261904763 9.174312 22.826384 0.9545454545454546 0.022727272727272728 0.022727272727272728 0.6875 0.0625 0.0 0.125 0.0 0.0625 0.0 0.0625 0.6216216216216216 0.24324324324324326 0.08108108108108109 0.0 0.05405405405405406 leishengchuan 8Сʱ_mousemovements
178.60379676923077 511.322318 727.6813656666667 717.807983 1353.758301 1581.936401 0 0 0 183.107423 616.1127946 22.100996 0 226.08880599999998 1069.042358 477.8937882 0.0 0.2857142857142857 0.23809523809523808 0.047619047619047616 0.0 0.09523809523809523 0.09523809523809523 0.23809523809523808 176.1334573076923 22.100996 0 0.9811320754716981 0.018867924528301886 0.0 0.6190476190476191 0.09523809523809523 0.14285714285714285 0.047619047619047616 0.047619047619047616 0.047619047619047616 0.0 0.0 0.4186046511627907 0.2558139534883721 0.16279069767441862 0.09302325581395349 0.06976744186046512 leishengchuan 8Сʱ_mousemovements
136.35960421052633 128.196564 0 401.324707 1557.165894 0 0 0 0 151.3048704 0 172.7816545 186.87326566666664 205.499771 923.8160095 76.97341157142857 0.0 0.21739130434782608 0.0 0.17391304347826086 0.13043478260869565 0.08695652173913043 0.08695652173913043 0.30434782608695654 52.89311284285715 8.0 121.68870111111111 0.875 0.0125 0.1125 0.8260869565217391 0.08695652173913043 0.0 0.043478260869565216 0.043478260869565216 0.0 0.0 0.0 0.5675675675675675 0.21621621621621623 0.06756756756756757 0.08108108108108109 0.06756756756756757 leishengchuan 8Сʱ_mousemovements
165.88887327272727 398.813703 0 0 948.41214 0 0 0 299.0738783333333 476.19278966666667 951.691162 348.733536 21.448180999999998 129.032257 10.752688 314.84437175 0.15789473684210525 0.15789473684210525 0.05263157894736842 0.21052631578947367 0.10526315789473684 0.05263157894736842 0.05263157894736842 0.21052631578947367 111.3231207 15.3477465 320.03365799999995 0.8163265306122449 0.08163265306122448 0.10204081632653061 0.5789473684210527 0.3157894736842105 0.0 0.0 0.10526315789473684 0.0 0.0 0.0 0.6666666666666666 0.13333333333333333 0.08888888888888889 0.1111111111111111 0.0 leishengchuan 8Сʱ_mousemovements
0 0 0 0 0 0 0 0 0 0 0 0 0 0 0 0 0 0 0 0 0 0 0 0 0 0 0 0 0 0 0 0 0 0 0 0 0 0 0 0 0 0 0 leishengchuan 8Сʱ_mousemovements
98.01096720000001 0 0 0 0 0 0 0 0 64.516129 0 0 0 27.313709 57.4005545 283.423889 0.0 0.2 0.0 0.0 0.0 0.2 0.4 0.2 49.005483600000005 0 0 1.0 0.0 0.0 1.0 0.0 0.0 0.0 0.0 0.0 0.0 0.0 0.5555555555555556 0.1111111111111111 0.2222222222222222 0.0 0.1111111111111111 leishengchuan 8Сʱ_mousemovements
0 0 0 0 0 0 0 0 0 0 0 0 0 0 0 0 0 0 0 0 0 0 0 0 0 0 0 0 0 0 0 0 0 0 0 0 0 0 0 0 0 0 0 leishengchuan 8Сʱ_mousemovements
0 0 0 0 0 0 0 0 0 0 0 0 0 0 0 0 0 0 0 0 0 0 0 0 0 0 0 0 0 0 0 0 0 0 0 0 0 0 0 0 0 0 0 leishengchuan 8Сʱ_mousemovements
0 0 0 0 0 0 0 0 0 0 0 0 0 0 0 0 0 0 0 0 0 0 0 0 0 0 0 0 0 0 0 0 0 0 0 0 0 0 0 0 0 0 0 leishengchuan 8Сʱ_mousemovements
0 0 0 0 0 0 0 0 0 0 0 0 0 0 0 0 0 0 0 0 0 0 0 0 0 0 0 0 0 0 0 0 0 0 0 0 0 0 0 0 0 0 0 leishengchuan 8Сʱ_mousemovements
0 0 0 0 0 0 0 0 0 0 0 0 0 0 0 0 0 0 0 0 0 0 0 0 0 0 0 0 0 0 0 0 0 0 0 0 0 0 0 0 0 0 0 leishengchuan 8Сʱ_mousemovements
0 0 0 0 0 0 0 0 0 0 0 0 0 0 0 0 0 0 0 0 0 0 0 0 0 0 0 0 0 0 0 0 0 0 0 0 0 0 0 0 0 0 0 leishengchuan 8Сʱ_mousemovements
0 0 0 0 0 0 0 0 0 0 0 0 0 0 0 0 0 0 0 0 0 0 0 0 0 0 0 0 0 0 0 0 0 0 0 0 0 0 0 0 0 0 0 leishengchuan 8Сʱ_mousemovements
0 0 0 0 0 0 0 0 0 0 0 0 0 0 0 0 0 0 0 0 0 0 0 0 0 0 0 0 0 0 0 0 0 0 0 0 0 0 0 0 0 0 0 leishengchuan 8Сʱ_mousemovements
24.0 378.133362 0 1239.135864 0 0 1177.654785 0 24.0 0 0 0 0 777.8940735 0 1239.135864 0.25 0.0 0.0 0.0 0.0 0.5 0.0 0.25 254.084001 0 24.0 0.9166666666666666 0.0 0.08333333333333333 0.25 0.25 0.0 0.25 0.0 0.0 0.25 0.0 0.0 0.8 0.1 0.1 0.0 leishengchuan 8Сʱ_mousemovements
0 0 198.354279 0 0 0 0 0 0 198.354279 0 0 0 0 0 0 0.0 1.0 0.0 0.0 0.0 0.0 0.0 0.0 99.1771395 0 0 1.0 0.0 0.0 0.0 0.0 1.0 0.0 0.0 0.0 0.0 0.0 0 0 0 0 0 leishengchuan 8Сʱ_mousemovements
0 0 0 0 0 0 0 0 0 0 0 0 0 0 0 0 0 0 0 0 0 0 0 0 0 0 0 0 0 0 0 0 0 0 0 0 0 0 0 0 0 0 0 leishengchuan 8Сʱ_mousemovements
153.132218125 527.7422945000001 0 483.07193 0 0 0 0 435.310028 483.07193 620.174561 0 0 140.70273400000002 138.83743233333334 245.734512 0.09090909090909091 0.09090909090909091 0.09090909090909091 0.0 0.0 0.36363636363636365 0.2727272727272727 0.09090909090909091 98.70050942857142 0 0 1.0 0.0 0.0 0.7272727272727273 0.18181818181818182 0.0 0.09090909090909091 0.0 0.0 0.0 0.0 0.5384615384615384 0.38461538461538464 0.0 0.07692307692307693 0.0 leishengchuan 8Сʱ_mousemovements
0 0 0 0 0 0 0 0 0 0 0 0 0 0 0 0 0 0 0 0 0 0 0 0 0 0 0 0 0 0 0 0 0 0 0 0 0 0 0 0 0 0 0 leishengchuan 8Сʱ_mousemovements
0 0 0 0 0 0 0 0 0 0 0 0 0 0 0 0 0 0 0 0 0 0 0 0 0 0 0 0 0 0 0 0 0 0 0 0 0 0 0 0 0 0 0 leishengchuan 8Сʱ_mousemovements
0 0 0 0 0 0 0 0 0 0 0 0 0 0 0 0 0 0 0 0 0 0 0 0 0 0 0 0 0 0 0 0 0 0 0 0 0 0 0 0 0 0 0 leishengchuan 8Сʱ_mousemovements
1277.443115 0 0 0 0 0 2806.513428 0 0 2806.513428 0 0 0 0 1277.443115 0 0.0 0.5 0.0 0.0 0.0 0.0 0.5 0.0 510.49456787500003 0 0 1.0 0.0 0.0 0.5 0.0 0.0 0.0 0.0 0.0 0.5 0.0 0.8571428571428571 0.14285714285714285 0.0 0.0 0.0 leishengchuan 8Сʱ_mousemovements
0 0 0 0 0 0 0 0 0 0 0 0 0 0 0 0 0 0 0 0 0 0 0 0 0 0 0 0 0 0 0 0 0 0 0 0 0 0 0 0 0 0 0 leishengchuan 8Сʱ_mousemovements
0 0 0 0 0 0 0 0 0 0 0 0 0 0 0 0 0 0 0 0 0 0 0 0 0 0 0 0 0 0 0 0 0 0 0 0 0 0 0 0 0 0 0 leishengchuan 8Сʱ_mousemovements
0 0 0 0 0 0 0 0 0 0 0 0 0 0 0 0 0 0 0 0 0 0 0 0 0 0 0 0 0 0 0 0 0 0 0 0 0 0 0 0 0 0 0 leishengchuan 8Сʱ_mousemovements
0 0 0 0 0 0 0 0 0 0 0 0 0 0 0 0 0 0 0 0 0 0 0 0 0 0 0 0 0 0 0 0 0 0 0 0 0 0 0 0 0 0 0 leishengchuan 8Сʱ_mousemovements
143.81561416666668 0 931.633667 0 0 0 0 820.416443 177.52425675 0 0 0 0 876.025055 76.398329 0 0.5 0.0 0.0 0.0 0.0 0.25 0.25 0.0 163.43398718749998 0 0 1.0 0.0 0.0 0.75 0.0 0.125 0.0 0.0 0.0 0.0 0.125 0.5384615384615384 0.07692307692307693 0.15384615384615385 0.07692307692307693 0.15384615384615385 leishengchuan 8Сʱ_mousemovements
0 0 0 0 0 0 0 0 0 0 0 0 0 0 0 0 0 0 0 0 0 0 0 0 0 0 0 0 0 0 0 0 0 0 0 0 0 0 0 0 0 0 0 leishengchuan 8Сʱ_mousemovements
0 0 0 0 0 0 0 0 0 0 0 0 0 0 0 0 0 0 0 0 0 0 0 0 0 0 0 0 0 0 0 0 0 0 0 0 0 0 0 0 0 0 0 leishengchuan 8Сʱ_mousemovements
94.28660400000001 0 475.171356 0 0 0 0 0 110.135918 145.200958 27.522936 0 0 475.171356 0 0 0.25 0.25 0.25 0.0 0.0 0.25 0.0 0.0 94.753896 0 0 1.0 0.0 0.0 0.75 0.0 0.25 0.0 0.0 0.0 0.0 0.0 0.3333333333333333 0.3333333333333333 0.16666666666666666 0.16666666666666666 0.0 leishengchuan 8Сʱ_mousemovements
179.68474825 1159.858643 0 998.3290813333334 3286.886475 1046.306152 0 0 149.071198 870.8999216666666 832.94458 3286.886475 121.721424 417.661316 50.653461 583.03921425 0.07142857142857142 0.21428571428571427 0.07142857142857142 0.07142857142857142 0.14285714285714285 0.07142857142857142 0.07142857142857142 0.2857142857142857 352.29374075 10.638298 50.653461 0.9333333333333333 0.03333333333333333 0.03333333333333333 0.5714285714285714 0.07142857142857142 0.0 0.21428571428571427 0.07142857142857142 0.07142857142857142 0.0 0.0 0.6428571428571429 0.14285714285714285 0.10714285714285714 0.07142857142857142 0.03571428571428571 leishengchuan 8Сʱ_mousemovements
69.74985266666665 0 501.5403493333334 0 377.394714 0 780.419861 0 377.394714 0 193.66423 415.8557995 497.593842 39.313709 228.251329 0 0.09090909090909091 0.0 0.09090909090909091 0.18181818181818182 0.09090909090909091 0.09090909090909091 0.45454545454545453 0.0 80.24033655555556 0 228.611413 0.8709677419354839 0.0 0.12903225806451613 0.5454545454545454 0.0 0.2727272727272727 0.0 0.09090909090909091 0.0 0.09090909090909091 0.0 0.5357142857142857 0.25 0.10714285714285714 0.10714285714285714 0.0 leishengchuan 8Сʱ_mousemovements
264.55846149999996 186.51207 1025.9694575 81.824196 0 0 0 0 0 0 638.0856495 231.89920033333337 0 416.183472 121.7011395 0 0.0 0.0 0.4 0.3 0.0 0.1 0.2 0.0 94.90660618421055 69.3572025 81.230255 0.9047619047619048 0.047619047619047616 0.047619047619047616 0.6 0.1 0.2 0.1 0.0 0.0 0.0 0.0 0.42105263157894735 0.2631578947368421 0.21052631578947367 0.07894736842105263 0.02631578947368421 leishengchuan 8Сʱ_mousemovements
230.1863402 473.5009916666666 786.8620912 346.45135500000004 0 716.527832 598.003479 0 370.63421250000005 211.073125 998.3568650000001 311.35428866666666 213.463043 524.919067 518.0166626666667 598.003479 0.2 0.15 0.2 0.15 0.05 0.05 0.15 0.05 92.40036585507248 0 323.45971672727273 0.8625 0.0 0.1375 0.25 0.3 0.25 0.1 0.0 0.05 0.05 0.0 0.6 0.2 0.14666666666666667 0.013333333333333334 0.04 leishengchuan 8Сʱ_mousemovements
75.49695690000001 0 412.009644 411.482452 0 0 0 0 29.132582499999998 18.638298 0 0 186.73523500000002 343.0448 80.645164 166.34141166666666 0.16666666666666666 0.16666666666666666 0.0 0.0 0.25 0.08333333333333333 0.08333333333333333 0.25 34.32291802941177 0 411.482452 0.9714285714285714 0.0 0.02857142857142857 0.8333333333333334 0.0 0.08333333333333333 0.08333333333333333 0.0 0.0 0.0 0.0 0.7096774193548387 0.1935483870967742 0.03225806451612903 0.03225806451612903 0.03225806451612903 leishengchuan 8Сʱ_mousemovements
127.63254822222224 874.104614 0 0 0 0 0 0 64.451916 230.5965295 0 223.07351666666668 302.287048 0 0 0 0.2 0.4 0.0 0.3 0.1 0.0 0.0 0.0 67.78981006896551 7.092198 49.800858 0.9354838709677419 0.03225806451612903 0.03225806451612903 0.9 0.1 0.0 0.0 0.0 0.0 0.0 0.0 0.7692307692307693 0.15384615384615385 0.038461538461538464 0.038461538461538464 0.0 leishengchuan 8Сʱ_mousemovements
100.57787875 0 580.481689 0 0 0 0 0 0 0 580.481689 0 0 187.5 82.79569599999999 49.220123 0.0 0.0 0.2 0.0 0.0 0.2 0.4 0.2 70.19951457142857 0 0 1.0 0.0 0.0 0.8 0.0 0.2 0.0 0.0 0.0 0.0 0.0 0.8 0.2 0.0 0.0 0.0 leishengchuan 8Сʱ_mousemovements
150.85786883333336 83.332535 378.1154986666666 0 0 657.259338 0 0 485.8822973333333 96.601578 116.1695785 0 125.28195199999999 247.68438700000002 0 247.565277 0.2727272727272727 0.09090909090909091 0.18181818181818182 0.0 0.18181818181818182 0.18181818181818182 0.0 0.09090909090909091 86.87767443749999 0.0 0.0 0.9411764705882353 0.029411764705882353 0.029411764705882353 0.5454545454545454 0.09090909090909091 0.2727272727272727 0.0 0.0 0.09090909090909091 0.0 0.0 0.4444444444444444 0.18518518518518517 0.18518518518518517 0.07407407407407407 0.1111111111111111 leishengchuan 8Сʱ_mousemovements
135.09324539999997 237.31748933333333 123.278145 238.024673 635.167969 0 0 0 151.44899750000002 480.645233 174.34891699999997 253.3546215 416.966858 0 126.3154325 47.533716 0.19047619047619047 0.047619047619047616 0.23809523809523808 0.09523809523809523 0.047619047619047616 0.0 0.2857142857142857 0.09523809523809523 52.5719124 92.09356540000002 322.87924449999997 0.8771929824561403 0.08771929824561403 0.03508771929824561 0.7142857142857143 0.14285714285714285 0.047619047619047616 0.047619047619047616 0.047619047619047616 0.0 0.0 0.0 0.5 0.22 0.22 0.04 0.02 leishengchuan 8Сʱ_mousemovements
476.30793766666665 0 1201.20874 0 0 0 0 0 514.7717514999999 0 399.38031 0 0 1201.20874 0 0 0.5 0.0 0.25 0.0 0.0 0.25 0.0 0.0 328.766569125 0 0 1.0 0.0 0.0 0.75 0.0 0.25 0.0 0.0 0.0 0.0 0.0 0.5 0.16666666666666666 0.0 0.16666666666666666 0.16666666666666666 leishengchuan 8Сʱ_mousemovements
720.3222045 261.59433 0 0 0 0 0 0 261.59433 720.3222045 0 0 0 0 0 0 0.3333333333333333 0.6666666666666666 0.0 0.0 0.0 0.0 0.0 0.0 212.779842375 0 0 1.0 0.0 0.0 0.6666666666666666 0.3333333333333333 0.0 0.0 0.0 0.0 0.0 0.0 0.42857142857142855 0.2857142857142857 0.2857142857142857 0.0 0.0 leishengchuan 8Сʱ_mousemovements
0 0 0 0 0 0 0 0 0 0 0 0 0 0 0 0 0 0 0 0 0 0 0 0 0 0 0 0 0 0 0 0 0 0 0 0 0 0 0 0 0 0 0 leishengchuan 8Сʱ_mousemovements
0 0 0 0 0 0 0 0 0 0 0 0 0 0 0 0 0 0 0 0 0 0 0 0 0 0 0 0 0 0 0 0 0 0 0 0 0 0 0 0 0 0 0 leishengchuan 8Сʱ_mousemovements
0 0 0 0 0 0 0 0 0 0 0 0 0 0 0 0 0 0 0 0 0 0 0 0 0 0 0 0 0 0 0 0 0 0 0 0 0 0 0 0 0 0 0 leishengchuan 8Сʱ_mousemovements
0 0 0 0 0 0 0 0 0 0 0 0 0 0 0 0 0 0 0 0 0 0 0 0 0 0 0 0 0 0 0 0 0 0 0 0 0 0 0 0 0 0 0 leishengchuan 8Сʱ_mousemovements
0 0 0 0 0 0 0 0 0 0 0 0 0 0 0 0 0 0 0 0 0 0 0 0 0 0 0 0 0 0 0 0 0 0 0 0 0 0 0 0 0 0 0 leishengchuan 8Сʱ_mousemovements
0 0 0 0 0 0 0 0 0 0 0 0 0 0 0 0 0 0 0 0 0 0 0 0 0 0 0 0 0 0 0 0 0 0 0 0 0 0 0 0 0 0 0 leishengchuan 8Сʱ_mousemovements
108.6931042 392.932266 348.539215 851.7099304999999 0 0 1537.088745 875.299072 0 216.54757874999999 385.921356 1009.548767 348.539215 727.9202013333334 112.48234133333331 875.299072 0.0 0.2222222222222222 0.1111111111111111 0.05555555555555555 0.05555555555555555 0.16666666666666666 0.3333333333333333 0.05555555555555555 162.35805463414636 36.6972465 0.0 0.9318181818181818 0.045454545454545456 0.022727272727272728 0.5555555555555556 0.16666666666666666 0.05555555555555555 0.1111111111111111 0.0 0.0 0.05555555555555555 0.05555555555555555 0.5121951219512195 0.21951219512195122 0.0975609756097561 0.12195121951219512 0.04878048780487805 leishengchuan 8Сʱ_mousemovements
0 0 0 0 0 0 0 0 0 0 0 0 0 0 0 0 0 0 0 0 0 0 0 0 0 0 0 0 0 0 0 0 0 0 0 0 0 0 0 0 0 0 0 leishengchuan 8Сʱ_mousemovements
0 0 0 0 0 0 0 0 0 0 0 0 0 0 0 0 0 0 0 0 0 0 0 0 0 0 0 0 0 0 0 0 0 0 0 0 0 0 0 0 0 0 0 leishengchuan 8Сʱ_mousemovements
0 0 0 0 0 0 0 0 0 0 0 0 0 0 0 0 0 0 0 0 0 0 0 0 0 0 0 0 0 0 0 0 0 0 0 0 0 0 0 0 0 0 0 leishengchuan 8Сʱ_mousemovements
0 0 0 0 0 0 0 0 0 0 0 0 0 0 0 0 0 0 0 0 0 0 0 0 0 0 0 0 0 0 0 0 0 0 0 0 0 0 0 0 0 0 0 leishengchuan 8Сʱ_mousemovements
1800.28418 0 5501.682617 0 0 1580.551147 0 0 1580.551147 0 3650.9833985000005 0 0 0 0 0 0.3333333333333333 0.0 0.6666666666666666 0.0 0.0 0.0 0.0 0.0 888.2517944000001 0 0 1.0 0.0 0.0 0.3333333333333333 0.0 0.3333333333333333 0.0 0.0 0.3333333333333333 0.0 0.0 0.75 0.25 0.0 0.0 0.0 leishengchuan 8Сʱ_mousemovements
0 0 0 0 0 0 0 0 0 0 0 0 0 0 0 0 0 0 0 0 0 0 0 0 0 0 0 0 0 0 0 0 0 0 0 0 0 0 0 0 0 0 0 leishengchuan 8Сʱ_mousemovements
254.39377866666666 0 0 0 0 0 0 0 0 571.779724 0 0 0 94.627419 96.774193 0 0.0 0.3333333333333333 0.0 0.0 0.0 0.3333333333333333 0.3333333333333333 0.0 127.19688933333333 0 0 1.0 0.0 0.0 1.0 0.0 0.0 0.0 0.0 0.0 0.0 0.0 1.0 0.0 0.0 0.0 0.0 leishengchuan 8Сʱ_mousemovements
31.914894 0 0 0 0 0 0 0 0 31.914894 0 0 0 0 0 0 0.0 1.0 0.0 0.0 0.0 0.0 0.0 0.0 15.957447 0 0 1.0 0.0 0.0 1.0 0.0 0.0 0.0 0.0 0.0 0.0 0.0 1.0 0.0 0.0 0.0 0.0 leishengchuan 8Сʱ_mousemovements
0 0 0 0 0 0 0 0 0 0 0 0 0 0 0 0 0 0 0 0 0 0 0 0 0 0 0 0 0 0 0 0 0 0 0 0 0 0 0 0 0 0 0 leishengchuan 8Сʱ_mousemovements
0 0 0 0 0 0 0 0 0 0 0 0 0 0 0 0 0 0 0 0 0 0 0 0 0 0 0 0 0 0 0 0 0 0 0 0 0 0 0 0 0 0 0 leishengchuan 8Сʱ_mousemovements
0 0 0 0 0 0 0 0 0 0 0 0 0 0 0 0 0 0 0 0 0 0 0 0 0 0 0 0 0 0 0 0 0 0 0 0 0 0 0 0 0 0 0 leishengchuan 8Сʱ_mousemovements
0 0 0 0 0 0 0 0 0 0 0 0 0 0 0 0 0 0 0 0 0 0 0 0 0 0 0 0 0 0 0 0 0 0 0 0 0 0 0 0 0 0 0 leishengchuan 8Сʱ_mousemovements
85.18484500000001 732.849548 468.748596 405.439911 0 0 0 5109.28302 265.624298 805.059845 105.728508 0 0 87.326027 4873.3679045 0 0.25 0.25 0.125 0.0 0.0 0.125 0.25 0.0 555.9866056666666 0 405.439911 0.9545454545454546 0.0 0.045454545454545456 0.375 0.125 0.125 0.125 0.0 0.0 0.0 0.25 0.4444444444444444 0.16666666666666666 0.05555555555555555 0.1111111111111111 0.2222222222222222 leishengchuan 8Сʱ_mousemovements
163.6680265 187.37749466666665 0 327.447968 0 0 2092.466553 0 0 0 716.47998 167.97770400000002 0 14.184397 594.6475590000001 167.39603424999999 0.0 0.0 0.06666666666666667 0.3333333333333333 0.0 0.06666666666666667 0.26666666666666666 0.26666666666666666 100.15946927272729 11.0921985 63.17540833333334 0.8979591836734694 0.04081632653061224 0.061224489795918366 0.6666666666666666 0.2 0.0 0.06666666666666667 0.0 0.0 0.06666666666666667 0.0 0.475 0.375 0.075 0.025 0.05 leishengchuan 8Сʱ_mousemovements
61.422284000000005 179.2593062 0 0 1064.187012 85.970131 499.348083 0 0 93.75 419.0870666666667 73.4659225 109.41102875 375.239471 9.174312 210.55650833333334 0.0 0.058823529411764705 0.17647058823529413 0.23529411764705882 0.23529411764705882 0.058823529411764705 0.058823529411764705 0.17647058823529413 54.55080504761906 47.5722215 237.44135266666663 0.8936170212765957 0.0425531914893617 0.06382978723404255 0.5294117647058824 0.29411764705882354 0.0 0.0 0.058823529411764705 0.058823529411764705 0.058823529411764705 0.0 0.5384615384615384 0.20512820512820512 0.10256410256410256 0.1282051282051282 0.02564102564102564 leishengchuan 8Сʱ_mousemovements
106.16048424999998 218.433238 52.973705 779.6232503333334 0 0 0 0 42.553192 420.1927018 172.645752 196.0603335 43.51840625 373.5034335 172.92634225 0 0.05263157894736842 0.2631578947368421 0.05263157894736842 0.10526315789473684 0.21052631578947367 0.10526315789473684 0.21052631578947367 0.0 71.98926969642858 30.4868525 114.3480865 0.9333333333333333 0.03333333333333333 0.03333333333333333 0.631578947368421 0.15789473684210525 0.05263157894736842 0.15789473684210525 0.0 0.0 0.0 0.0 0.5882352941176471 0.17647058823529413 0.09803921568627451 0.0196078431372549 0.11764705882352941 leishengchuan 8Сʱ_mousemovements
64.01672900000001 350.06151066666666 253.481941 467.11689750000005 0 406.58241250000003 0 511.934418 243.89035266666667 54.536519999999996 144.453552 229.69034 345.10380925 184.51759800000002 24.849961999999998 164.88287825 0.11538461538461539 0.15384615384615385 0.038461538461538464 0.15384615384615385 0.15384615384615385 0.15384615384615385 0.07692307692307693 0.15384615384615385 60.47421018055556 32.5726365 59.385906166666665 0.8780487804878049 0.04878048780487805 0.07317073170731707 0.6153846153846154 0.11538461538461539 0.07692307692307693 0.07692307692307693 0.0 0.07692307692307693 0.0 0.038461538461538464 0.547945205479452 0.2465753424657534 0.1232876712328767 0.0547945205479452 0.0273972602739726 leishengchuan 8Сʱ_mousemovements
50.623678368421054 242.71657549999998 217.09461950000002 0 0 98.468994 735.0298155 466.785797 282.7337985 28.619528 76.050686 224.42054279999996 143.34272475 0 35.60375125 274.388149 0.14814814814814814 0.037037037037037035 0.1111111111111111 0.18518518518518517 0.14814814814814814 0.0 0.2962962962962963 0.07407407407407407 41.17099445833333 28.18733342857143 188.79094149999997 0.8674698795180723 0.08433734939759036 0.04819277108433735 0.7037037037037037 0.07407407407407407 0.07407407407407407 0.0 0.0 0.037037037037037035 0.07407407407407407 0.037037037037037035 0.5540540540540541 0.1891891891891892 0.17567567567567569 0.05405405405405406 0.02702702702702703 leishengchuan 8Сʱ_mousemovements
49.479670000000006 402.118713 0 430.203796 0 571.819908 926.559692 0 25.948874 117.10513242857142 72.642845 402.118713 318.3263816666667 564.7967375000001 54.53546133333333 26.612034 0.05263157894736842 0.3684210526315789 0.05263157894736842 0.05263157894736842 0.15789473684210525 0.10526315789473684 0.15789473684210525 0.05263157894736842 80.14460919047619 7.8285713999999995 95.010477 0.8571428571428571 0.10204081632653061 0.04081632653061224 0.7368421052631579 0.05263157894736842 0.0 0.05263157894736842 0.0 0.10526315789473684 0.05263157894736842 0.0 0.5 0.3 0.1 0.075 0.025 leishengchuan 8Сʱ_mousemovements
856.546143 0 0 0 0 353.022217 0 1478.212769 0 353.022217 0 856.546143 0 0 0 1478.212769 0.0 0.3333333333333333 0.0 0.3333333333333333 0.0 0.0 0.0 0.3333333333333333 259.4176568888889 0 353.022217 0.9 0.0 0.1 0.3333333333333333 0.0 0.0 0.0 0.0 0.3333333333333333 0.0 0.3333333333333333 0.5 0.0 0.375 0.125 0.0 leishengchuan 8Сʱ_mousemovements
0 0 0 0 0 0 0 0 0 0 0 0 0 0 0 0 0 0 0 0 0 0 0 0 0 0 0 0 0 0 0 0 0 0 0 0 0 0 0 0 0 0 0 leishengchuan 8Сʱ_mousemovements
52.23304099999999 0 1262.569946 0 0 0 0 0 83.698051 0 0 1262.569946 0 0 0 36.500536 0.25 0.0 0.0 0.25 0.0 0.0 0.0 0.5 177.40863362500002 0 0 1.0 0.0 0.0 0.75 0.0 0.25 0.0 0.0 0.0 0.0 0.0 0.2857142857142857 0.5714285714285714 0.14285714285714285 0.0 0.0 leishengchuan 8Сʱ_mousemovements
16.129032 0 0 0 0 0 0 0 0 0 0 0 0 0 0 16.129032 0.0 0.0 0.0 0.0 0.0 0.0 0.0 1.0 8.064516 0 0 1.0 0.0 0.0 1.0 0.0 0.0 0.0 0.0 0.0 0.0 0.0 1.0 0.0 0.0 0.0 0.0 leishengchuan 8Сʱ_mousemovements
341.72137399999997 1506.588989 990.259827 0 0 0 0 0 0 140.1211845 1506.588989 0 0 0 0 867.59079 0.0 0.4 0.2 0.0 0.0 0.0 0.0 0.4 195.48032972222222 0 3.367003 0.9473684210526315 0.0 0.05263157894736842 0.6 0.2 0.2 0.0 0.0 0.0 0.0 0.0 0.3125 0.625 0.0625 0.0 0.0 leishengchuan 8Сʱ_mousemovements
99.26661849999999 0 0 0 0 351.099609 0 0 0 99.26661849999999 0 0 0 351.099609 0 0 0.0 0.8 0.0 0.0 0.0 0.2 0.0 0.0 41.56478238888889 0 0 1.0 0.0 0.0 0.8 0.0 0.0 0.0 0.0 0.2 0.0 0.0 0.9333333333333333 0.06666666666666667 0.0 0.0 0.0 leishengchuan 8Сʱ_mousemovements
68.029602 0 0 0 0 0 0 0 68.029602 0 0 0 0 0 0 0 1.0 0.0 0.0 0.0 0.0 0.0 0.0 0.0 6.802960199999999 0 0 1.0 0.0 0.0 1.0 0.0 0.0 0.0 0.0 0.0 0.0 0.0 0.75 0.125 0.125 0.0 0.0 leishengchuan 8Сʱ_mousemovements
0 0 0 0 0 0 0 0 0 0 0 0 0 0 0 0 0 0 0 0 0 0 0 0 0 0 0 0 0 0 0 0 0 0 0 0 0 0 0 0 0 0 0 leishengchuan 8Сʱ_mousemovements
159.2244035 0 0 0 0 0 0 0 90.717453 227.731354 0 0 0 0 0 0 0.5 0.5 0.0 0.0 0.0 0.0 0.0 0.0 79.61220175 0 0 1.0 0.0 0.0 1.0 0.0 0.0 0.0 0.0 0.0 0.0 0.0 0.3333333333333333 0.0 0.6666666666666666 0.0 0.0 leishengchuan 8Сʱ_mousemovements
0 0 0 0 0 0 0 0 0 0 0 0 0 0 0 0 0 0 0 0 0 0 0 0 0 0 0 0 0 0 0 0 0 0 0 0 0 0 0 0 0 0 0 leishengchuan 8Сʱ_mousemovements
37.65383 339.379547 0 0 0 0 0 0 15.044826 0 0 0 48.958332 0 0 339.379547 0.25 0.0 0.0 0.0 0.5 0.0 0.0 0.25 45.234103700000006 0 0 1.0 0.0 0.0 0.75 0.25 0.0 0.0 0.0 0.0 0.0 0.0 0.75 0.125 0.125 0.0 0.0 leishengchuan 8Сʱ_mousemovements
74.71163560000001 0 0 0 1260.624146 1060.343628 0 0 64.587151 480.49270900000005 0 0 0 1060.343628 43.010662 85.106384 0.14285714285714285 0.42857142857142855 0.0 0.0 0.0 0.14285714285714285 0.14285714285714285 0.14285714285714285 134.72629760000004 0 0 1.0 0.0 0.0 0.7142857142857143 0.0 0.0 0.0 0.14285714285714285 0.14285714285714285 0.0 0.0 0.5 0.3333333333333333 0.16666666666666666 0.0 0.0 leishengchuan 8Сʱ_mousemovements
160.00097283333332 366.878662 559.879456 0 511.77394100000004 0 0 600.0799865 0 162.453461 511.77394100000004 0 719.095703 260.218506 331.5484344 124.960625 0.0 0.16666666666666666 0.16666666666666666 0.0 0.08333333333333333 0.08333333333333333 0.4166666666666667 0.08333333333333333 78.97939825714286 0.0 448.730957 0.8974358974358975 0.02564102564102564 0.07692307692307693 0.5 0.08333333333333333 0.08333333333333333 0.0 0.16666666666666666 0.0 0.0 0.16666666666666666 0.6111111111111112 0.1388888888888889 0.1388888888888889 0.027777777777777776 0.08333333333333333 leishengchuan 8Сʱ_mousemovements
137.77752025 0 0 619.941345 0 0 0 0 0 14.46281 30.218159 157.8107455 485.496109 0 161.3908615 68.085106 0.0 0.1111111111111111 0.1111111111111111 0.2222222222222222 0.2222222222222222 0.0 0.2222222222222222 0.1111111111111111 53.58246385185185 0 68.85874575 0.8709677419354839 0.0 0.12903225806451613 0.8888888888888888 0.0 0.0 0.1111111111111111 0.0 0.0 0.0 0.0 0.5357142857142857 0.21428571428571427 0.03571428571428571 0.17857142857142858 0.03571428571428571 leishengchuan 8Сʱ_mousemovements
68.7012425 239.69719700000002 101.455039 36.504051 474.586243 669.253174 0 0 381.46822 194.17154566666667 95.75622383333332 165.09816775000002 64.25684500000001 27.313709 16.0 8.0 0.09523809523809523 0.14285714285714285 0.2857142857142857 0.19047619047619047 0.14285714285714285 0.047619047619047616 0.047619047619047616 0.047619047619047616 31.68841110909091 20.719121 244.50177974999997 0.859375 0.078125 0.0625 0.6666666666666666 0.09523809523809523 0.09523809523809523 0.047619047619047616 0.047619047619047616 0.047619047619047616 0.0 0.0 0.5087719298245614 0.2807017543859649 0.05263157894736842 0.12280701754385964 0.03508771929824561 leishengchuan 8Сʱ_mousemovements
52.918736625 260.5677083333333 0 263.92523 0 0 0 419.995972 0 31.428779666666667 149.819565 106.73545250000001 7.142857 46.198643 335.58550275000005 0 0.0 0.21428571428571427 0.21428571428571427 0.14285714285714285 0.07142857142857142 0.07142857142857142 0.2857142857142857 0.0 40.80393420833333 19.84285 77.312454 0.9230769230769231 0.038461538461538464 0.038461538461538464 0.5714285714285714 0.21428571428571427 0.0 0.14285714285714285 0.0 0.0 0.0 0.07142857142857142 0.5681818181818182 0.1590909090909091 0.13636363636363635 0.09090909090909091 0.045454545454545456 leishengchuan 8Сʱ_mousemovements
123.69039000000001 0 47.61462 742.9041543333334 0 0 0 0 60.3475225 624.793884 369.8529853333334 0 0 0 921.458374 59.136387 0.2222222222222222 0.1111111111111111 0.3333333333333333 0.0 0.0 0.0 0.1111111111111111 0.2222222222222222 101.68444332142857 47.61462 0 0.9655172413793104 0.034482758620689655 0.0 0.5555555555555556 0.0 0.1111111111111111 0.3333333333333333 0.0 0.0 0.0 0.0 0.5833333333333334 0.3333333333333333 0.08333333333333333 0.0 0.0 leishengchuan 8Сʱ_mousemovements
38.427498400000005 0 0 0 399.141113 0 0 0 37.9127195 128.8632915 0 0 0 0 0 0 0.3333333333333333 0.6666666666666666 0.0 0.0 0.0 0.0 0.0 0.0 7.7985094761904765 28.368793 399.141113 0.9130434782608695 0.043478260869565216 0.043478260869565216 0.8333333333333334 0.0 0.0 0.0 0.16666666666666666 0.0 0.0 0.0 0.7368421052631579 0.2631578947368421 0.0 0.0 0.0 leishengchuan 8Сʱ_mousemovements
62.618308 387.907745 0 0 0 898.929321 0 0 898.929321 0 61.902912 0 144.11951625 0 0 0 0.16666666666666666 0.0 0.16666666666666666 0.0 0.6666666666666666 0.0 0.0 0.0 71.8376595625 0 387.907745 0.9411764705882353 0.0 0.058823529411764705 0.6666666666666666 0.16666666666666666 0.0 0.0 0.0 0.16666666666666666 0.0 0.0 0.5333333333333333 0.2 0.2 0.06666666666666667 0.0 leishengchuan 8Сʱ_mousemovements
31.477985 375.021515 0 0 0 0 0 0 0 203.24975 0 0 0 0 0 0 0.0 1.0 0.0 0.0 0.0 0.0 0.0 0.0 40.649950000000004 0 0 1.0 0.0 0.0 0.5 0.5 0.0 0.0 0.0 0.0 0.0 0.0 0.5714285714285714 0.42857142857142855 0.0 0.0 0.0 leishengchuan 8Сʱ_mousemovements
208.6693575 0 0 0 0 0 0 0 0 62.5 0 0 0 0 354.838715 0 0.0 0.5 0.0 0.0 0.0 0.0 0.5 0.0 104.33467875 0 0 1.0 0.0 0.0 1.0 0.0 0.0 0.0 0.0 0.0 0.0 0.0 0.6666666666666666 0.0 0.0 0.0 0.3333333333333333 leishengchuan 8Сʱ_mousemovements
0 0 0 0 0 0 0 0 0 0 0 0 0 0 0 0 0 0 0 0 0 0 0 0 0 0 0 0 0 0 0 0 0 0 0 0 0 0 0 0 0 0 0 leishengchuan 8Сʱ_mousemovements
38.8967105 0 0 0 0 0 0 0 30.690536 25.991542399999997 0 76.171631 35.53588233333333 94.280907 0 35.61517133333333 0.07142857142857142 0.35714285714285715 0.0 0.07142857142857142 0.21428571428571427 0.07142857142857142 0.0 0.21428571428571427 16.01629255882353 0 0 1.0 0.0 0.0 1.0 0.0 0.0 0.0 0.0 0.0 0.0 0.0 0.5517241379310345 0.3448275862068966 0.10344827586206896 0.0 0.0 leishengchuan 8Сʱ_mousemovements
41.6850435 0 0 0 0 0 0 0 0 0 0 41.6850435 0 0 0 0 0.0 0.0 0.0 1.0 0.0 0.0 0.0 0.0 13.8950145 0 0 1.0 0.0 0.0 1.0 0.0 0.0 0.0 0.0 0.0 0.0 0.0 0.25 0.5 0.0 0.25 0.0 leishengchuan 8Сʱ_mousemovements
68.19432016666667 199.53566999999998 294.190308 317.0638445 99.309555 0 0 0 72.678832 0 225.57796175000001 140.281998 175.4381065 0 78.148727 139.474678 0.15384615384615385 0.0 0.3076923076923077 0.07692307692307693 0.15384615384615385 0.0 0.07692307692307693 0.23076923076923078 32.92957225490196 68.7807865 109.2153625 0.9272727272727272 0.03636363636363636 0.03636363636363636 0.46153846153846156 0.23076923076923078 0.07692307692307693 0.15384615384615385 0.07692307692307693 0.0 0.0 0.0 0.6170212765957447 0.1276595744680851 0.1702127659574468 0.06382978723404255 0.02127659574468085 leishengchuan 8Сʱ_mousemovements
64.30298541860464 299.8467865 548.130737 0 0 0 0 0 66.76114050000001 50.18222414285714 118.13844160000001 66.90806028571428 76.9714115882353 138.425251 186.29152274999998 222.893433 0.041666666666666664 0.14583333333333334 0.10416666666666667 0.14583333333333334 0.3541666666666667 0.10416666666666667 0.08333333333333333 0.020833333333333332 31.344090185483864 12.536837888888888 42.753961 0.8551724137931035 0.06206896551724138 0.08275862068965517 0.8958333333333334 0.08333333333333333 0.020833333333333332 0.0 0.0 0.0 0.0 0.0 0.6834532374100719 0.17266187050359713 0.08633093525179857 0.04316546762589928 0.014388489208633094 leishengchuan 8Сʱ_mousemovements
87.622378 319.5549838333333 0 638.5252685 0 0 0 0 88.14771125 25.071619666666667 336.609207 211.5676782 301.8251353333333 19.253084 146.01155866666667 181.43218633333333 0.14285714285714285 0.10714285714285714 0.10714285714285714 0.17857142857142858 0.10714285714285714 0.03571428571428571 0.10714285714285714 0.21428571428571427 41.61545805555555 53.386763 248.13828114285712 0.8674698795180723 0.04819277108433735 0.08433734939759036 0.7142857142857143 0.21428571428571427 0.0 0.07142857142857142 0.0 0.0 0.0 0.0 0.5526315789473685 0.19736842105263158 0.18421052631578946 0.05263157894736842 0.013157894736842105 leishengchuan 8Сʱ_mousemovements
102.76811437499998 153.33644099999998 844.639709 422.070435 0 0 0 0 91.070892 422.070435 128.72975800000003 173.5498885 132.83952618181817 12.967774249999998 307.2664795 159.324386 0.03571428571428571 0.03571428571428571 0.10714285714285714 0.14285714285714285 0.39285714285714285 0.14285714285714285 0.07142857142857142 0.07142857142857142 38.29755346666667 2.364066 65.10508455555555 0.8823529411764706 0.029411764705882353 0.08823529411764706 0.8571428571428571 0.07142857142857142 0.03571428571428571 0.03571428571428571 0.0 0.0 0.0 0.0 0.5473684210526316 0.28421052631578947 0.08421052631578947 0.031578947368421054 0.05263157894736842 leishengchuan 8Сʱ_mousemovements
65.62549820000001 316.95000600000003 126.049305 125.29084 0 1131.21814 0 0 188.945206 458.1192935 212.29937280000004 182.13568500000002 90.5879662 517.9653573333334 58.311031 284.731781 0.05 0.1 0.25 0.1 0.25 0.15 0.05 0.05 56.9255561754386 50.760345400000006 276.4544626 0.8507462686567164 0.07462686567164178 0.07462686567164178 0.5 0.25 0.1 0.05 0.0 0.1 0.0 0.0 0.5333333333333333 0.18333333333333332 0.18333333333333332 0.08333333333333333 0.016666666666666666 leishengchuan 8Сʱ_mousemovements
82.620745 0 0 0 0 422.079681 1764.8287355 853.225647 120.066856 96.03375050000001 835.6830289999999 0 0 0 1566.7983705000001 18.348623 0.125 0.25 0.25 0.0 0.0 0.0 0.25 0.125 248.07189989473687 0 422.079681 0.95 0.0 0.05 0.5 0.0 0.0 0.0 0.0 0.125 0.25 0.125 0.6666666666666666 0.2 0.06666666666666667 0.0 0.06666666666666667 leishengchuan 8Сʱ_mousemovements
64.13239530000001 205.92835966666667 285.365295 0 0 0 0 0 0 110.411765125 62.5127596 120.90671125 90.78577533333333 64.666996 32.747322571428576 80.32761099999999 0.0 0.18181818181818182 0.11363636363636363 0.09090909090909091 0.20454545454545456 0.20454545454545456 0.1590909090909091 0.045454545454545456 27.34669994308943 0.0 11.644677 0.917910447761194 0.014925373134328358 0.06716417910447761 0.9090909090909091 0.06818181818181818 0.022727272727272728 0.0 0.0 0.0 0.0 0.0 0.5307692307692308 0.2692307692307692 0.09230769230769231 0.08461538461538462 0.023076923076923078 leishengchuan 8Сʱ_mousemovements
89.01219227272726 377.0747742 0 537.489441 0 1494.882446 1064.427734 0 151.13022999999998 300.085174 527.914917 289.1541593333333 2.557545 201.894553 904.9867855 342.853821 0.21052631578947367 0.21052631578947367 0.05263157894736842 0.15789473684210525 0.05263157894736842 0.15789473684210525 0.10526315789473684 0.05263157894736842 59.787915812499996 25.641026 383.23082774999995 0.8421052631578947 0.017543859649122806 0.14035087719298245 0.5789473684210527 0.2631578947368421 0.0 0.05263157894736842 0.0 0.05263157894736842 0.05263157894736842 0.0 0.6326530612244898 0.16326530612244897 0.14285714285714285 0.04081632653061224 0.02040816326530612 leishengchuan 8Сʱ_mousemovements
62.5 0 364.442169 0 0 0 2920.41748 0 0 2920.41748 0 0 364.442169 0 0 62.5 0.0 0.3333333333333333 0.0 0.0 0.3333333333333333 0.0 0.0 0.3333333333333333 229.45519076923077 0 364.442169 0.9285714285714286 0.0 0.07142857142857142 0.3333333333333333 0.0 0.3333333333333333 0.0 0.0 0.0 0.3333333333333333 0.0 0.6923076923076923 0.07692307692307693 0.07692307692307693 0.15384615384615385 0.0 leishengchuan 8Сʱ_mousemovements
97.63578799999999 274.867004 0 1276.082967 0 0 0 0 902.227844 0 0 0 0 332.95149025 2228.129883 111.090797 0.14285714285714285 0.0 0.0 0.0 0.0 0.5714285714285714 0.14285714285714285 0.14285714285714285 207.8752038636364 0 0.0 0.9565217391304348 0.0 0.043478260869565216 0.2857142857142857 0.2857142857142857 0.0 0.42857142857142855 0.0 0.0 0.0 0.0 0.5 0.09090909090909091 0.36363636363636365 0.0 0.045454545454545456 leishengchuan 8Сʱ_mousemovements
102.85970207142859 177.08038333333334 317.115234 680.515198 0 0 0 0 104.11949150000001 112.06616425000001 349.94478899999996 0 167.75647 108.820816 99.2362555 140.43020866666666 0.10526315789473684 0.21052631578947367 0.15789473684210525 0.0 0.10526315789473684 0.05263157894736842 0.21052631578947367 0.15789473684210525 55.91851251111111 8.879432666666666 212.96802499999998 0.9 0.06 0.04 0.7368421052631579 0.15789473684210525 0.05263157894736842 0.05263157894736842 0.0 0.0 0.0 0.0 0.6511627906976745 0.13953488372093023 0.11627906976744186 0.06976744186046512 0.023255813953488372 leishengchuan 8Сʱ_mousemovements
178.08162966666666 0 0 0 0 0 728.804749 0 0 0 224.15249649999998 0 0 85.939896 728.804749 0 0.0 0.0 0.5 0.0 0.0 0.25 0.25 0.0 97.15766446153847 0 0 1.0 0.0 0.0 0.75 0.0 0.0 0.0 0.0 0.0 0.25 0.0 0.45454545454545453 0.36363636363636365 0.09090909090909091 0.0 0.09090909090909091 leishengchuan 8Сʱ_mousemovements
104.79644908333331 550.74248125 875.8226015 842.308533 2357.958984 539.090271 0 0 90.8692265 63.829788 463.874819 413.0578215714285 70.982281 0 411.85568233333333 1290.7632139999998 0.09523809523809523 0.047619047619047616 0.19047619047619047 0.3333333333333333 0.09523809523809523 0.0 0.14285714285714285 0.09523809523809523 146.5443514464286 0.0 186.26165600000002 0.9180327868852459 0.01639344262295082 0.06557377049180328 0.5714285714285714 0.19047619047619047 0.09523809523809523 0.047619047619047616 0.047619047619047616 0.047619047619047616 0.0 0.0 0.5272727272727272 0.18181818181818182 0.2 0.05454545454545454 0.03636363636363636 leishengchuan 8Сʱ_mousemovements
20.59337688888889 0 0 0 0 0 0 0 9.132421 25.814114 0 0 12.7742435 0 32.258064 23.1468265 0.1111111111111111 0.1111111111111111 0.0 0.0 0.2222222222222222 0.0 0.1111111111111111 0.4444444444444444 3.861258166666667 0 0 1.0 0.0 0.0 1.0 0.0 0.0 0.0 0.0 0.0 0.0 0.0 0.6888888888888889 0.26666666666666666 0.022222222222222223 0.022222222222222223 0.0 leishengchuan 8Сʱ_mousemovements
162.90514622222224 143.682236 929.4260126666667 0 402.786835 0 0 0 140.700321 206.75822749999998 0 0 306.07656099999997 117.8875005 2478.391846 112.7197915 0.21428571428571427 0.2857142857142857 0.0 0.0 0.14285714285714285 0.14285714285714285 0.07142857142857142 0.14285714285714285 121.37857386486488 0 154.943096 0.9487179487179487 0.0 0.05128205128205128 0.6428571428571429 0.07142857142857142 0.21428571428571427 0.0 0.07142857142857142 0.0 0.0 0.0 0.5172413793103449 0.2413793103448276 0.10344827586206896 0.13793103448275862 0.0 leishengchuan 8Сʱ_mousemovements
98.77977953846153 718.0820516666666 2115.450928 419.318634 0 310.549988 0 0 310.549988 297.2478265 419.318634 1097.5230105 150.2562675 344.629509 68.1980095 770.83728 0.05263157894736842 0.21052631578947367 0.05263157894736842 0.10526315789473684 0.10526315789473684 0.10526315789473684 0.3157894736842105 0.05263157894736842 129.9429641521739 0 102.10882933333335 0.9387755102040817 0.0 0.061224489795918366 0.6842105263157895 0.15789473684210525 0.05263157894736842 0.05263157894736842 0.0 0.05263157894736842 0.0 0.0 0.5348837209302325 0.3023255813953488 0.09302325581395349 0.046511627906976744 0.023255813953488372 leishengchuan 8Сʱ_mousemovements
80.26914366666666 324.13501866666667 0 0 558.521118 0 0 0 34.706497 9.1743115 235.89274999999998 51.506901 388.44419849999997 161.48439533333334 110.065302 148.936539 0.0625 0.125 0.1875 0.125 0.125 0.1875 0.125 0.0625 54.164522023809525 35.154717 148.936539 0.9333333333333333 0.044444444444444446 0.022222222222222223 0.75 0.1875 0.0 0.0 0.0625 0.0 0.0 0.0 0.6153846153846154 0.23076923076923078 0.1282051282051282 0.0 0.02564102564102564 leishengchuan 8Сʱ_mousemovements
0 0 0 0 0 0 0 0 0 0 0 0 0 0 0 0 0 0 0 0 0 0 0 0 0 0 0 0 0 0 0 0 0 0 0 0 0 0 0 0 0 0 0 leishengchuan 8Сʱ_mousemovements
61.27880866666666 432.354187 332.841461 267.546661 492.451172 0 0 0 0 67.918213 0 432.354187 332.841461 0 492.451172 157.7733305 0.0 0.2857142857142857 0.0 0.14285714285714285 0.14285714285714285 0.0 0.14285714285714285 0.2857142857142857 53.00188670588235 492.451172 157.7733305 0.85 0.05 0.1 0.42857142857142855 0.14285714285714285 0.14285714285714285 0.14285714285714285 0.14285714285714285 0.0 0.0 0.0 0.5294117647058824 0.35294117647058826 0.058823529411764705 0.058823529411764705 0.0 leishengchuan 8Сʱ_mousemovements
0 0 0 0 0 0 0 0 0 0 0 0 0 0 0 0 0 0 0 0 0 0 0 0 0 0 0 0 0 0 0 0 0 0 0 0 0 0 0 0 0 0 0 leishengchuan 8Сʱ_mousemovements
0 0 0 0 0 0 0 0 0 0 0 0 0 0 0 0 0 0 0 0 0 0 0 0 0 0 0 0 0 0 0 0 0 0 0 0 0 0 0 0 0 0 0 leishengchuan 8Сʱ_mousemovements
0 0 0 0 0 0 0 0 0 0 0 0 0 0 0 0 0 0 0 0 0 0 0 0 0 0 0 0 0 0 0 0 0 0 0 0 0 0 0 0 0 0 0 leishengchuan 8Сʱ_mousemovements
0 0 0 0 0 0 0 0 0 0 0 0 0 0 0 0 0 0 0 0 0 0 0 0 0 0 0 0 0 0 0 0 0 0 0 0 0 0 0 0 0 0 0 leishengchuan 8Сʱ_mousemovements
0 0 0 0 0 0 0 0 0 0 0 0 0 0 0 0 0 0 0 0 0 0 0 0 0 0 0 0 0 0 0 0 0 0 0 0 0 0 0 0 0 0 0 leishengchuan 8Сʱ_mousemovements
0 0 0 0 0 0 0 0 0 0 0 0 0 0 0 0 0 0 0 0 0 0 0 0 0 0 0 0 0 0 0 0 0 0 0 0 0 0 0 0 0 0 0 leishengchuan 8Сʱ_mousemovements
0 0 0 0 0 0 0 0 0 0 0 0 0 0 0 0 0 0 0 0 0 0 0 0 0 0 0 0 0 0 0 0 0 0 0 0 0 0 0 0 0 0 0 leishengchuan 8Сʱ_mousemovements
0 0 0 0 0 0 0 0 0 0 0 0 0 0 0 0 0 0 0 0 0 0 0 0 0 0 0 0 0 0 0 0 0 0 0 0 0 0 0 0 0 0 0 leishengchuan 8Сʱ_mousemovements
