60.20721854999999 765.5153809999999 379.0634 530.21582025 448.828888 1011.841187 0 0 331.498917 497.491364 0 433.29591175 159.0474413333333 295.34542020000004 192.63430242857143 29.444035999999997 0.12903225806451613 0.03225806451612903 0.0 0.12903225806451613 0.1935483870967742 0.16129032258064516 0.22580645161290322 0.12903225806451613 97.00613297297295 6.804604833333333 78.20574 0.891566265060241 0.07228915662650602 0.03614457831325301 0.6451612903225806 0.06451612903225806 0.0967741935483871 0.12903225806451613 0.03225806451612903 0.03225806451612903 0.0 0.0 0.5256410256410257 0.21794871794871795 0.14102564102564102 0.10256410256410256 0.01282051282051282 leishengchuan 6Сʱ_mousemovements
51.192173714285715 0 0 397.762558 0 0 0 0 577.2453 42.553192 32.258064 0 62.5 41.763092666666665 218.279816 95.744682 0.1111111111111111 0.1111111111111111 0.1111111111111111 0.0 0.1111111111111111 0.3333333333333333 0.1111111111111111 0.1111111111111111 29.928485447368423 8.2939425 0.0 0.8837209302325582 0.046511627906976744 0.06976744186046512 0.7777777777777778 0.0 0.0 0.2222222222222222 0.0 0.0 0.0 0.0 0.5526315789473685 0.34210526315789475 0.02631578947368421 0.02631578947368421 0.05263157894736842 leishengchuan 6Сʱ_mousemovements
400.8898086666666 132.816772 771.2366076666667 0 0 321.401672 0 0 836.319763 321.401672 0 170.8535 96.774193 758.5576983333334 269.57547 0 0.125 0.125 0.0 0.125 0.125 0.375 0.125 0.0 253.31627953333336 170.8535 0 0.9375 0.0625 0.0 0.375 0.125 0.375 0.0 0.0 0.125 0.0 0.0 0.5454545454545454 0.2727272727272727 0.09090909090909091 0.09090909090909091 0.0 leishengchuan 6Сʱ_mousemovements
48.282706999999995 0 2775.037842 0 683.031799 0 0 0 2775.037842 36.28521 0 0 0 359.6977175 125.0 30.682465333333337 0.125 0.125 0.0 0.0 0.0 0.25 0.125 0.375 204.98975533333336 57.950287 0 0.9473684210526315 0.05263157894736842 0.0 0.75 0.0 0.125 0.0 0.125 0.0 0.0 0.0 0.5625 0.1875 0.125 0.0625 0.0625 leishengchuan 6Сʱ_mousemovements
0 0 0 0 0 0 0 0 0 0 0 0 0 0 0 0 0 0 0 0 0 0 0 0 0 0 0 0 0 0 0 0 0 0 0 0 0 0 0 0 0 0 0 leishengchuan 6Сʱ_mousemovements
824.637141 138.02356 0 0 0 0 0 0 0 0 0 0 78.1860915 0 0 1630.925659 0.0 0.0 0.0 0.0 0.6666666666666666 0.0 0.0 0.3333333333333333 178.72978419999998 0 0 1.0 0.0 0.0 0.6666666666666666 0.3333333333333333 0.0 0.0 0.0 0.0 0.0 0.0 0.5714285714285714 0.14285714285714285 0.0 0.0 0.2857142857142857 leishengchuan 6Сʱ_mousemovements
0 0 0 0 0 0 0 0 0 0 0 0 0 0 0 0 0 0 0 0 0 0 0 0 0 0 0 0 0 0 0 0 0 0 0 0 0 0 0 0 0 0 0 leishengchuan 6Сʱ_mousemovements
0 0 0 0 337.041779 0 0 0 0 0 0 0 0 337.041779 0 0 0.0 0.0 0.0 0.0 0.0 1.0 0.0 0.0 337.041779 0 0 1.0 0.0 0.0 0.0 0.0 0.0 0.0 1.0 0.0 0.0 0.0 0 0 0 0 0 leishengchuan 6Сʱ_mousemovements
55.48581295 147.663574 0 0 0 0 0 0 41.88072 130.7787095 203.56955 0 40.674489 42.648255 12.820513 73.87155233333333 0.09523809523809523 0.09523809523809523 0.047619047619047616 0.0 0.19047619047619047 0.3333333333333333 0.09523809523809523 0.14285714285714285 16.76506444 0 0 1.0 0.0 0.0 0.9523809523809523 0.047619047619047616 0.0 0.0 0.0 0.0 0.0 0.0 0.6571428571428571 0.2 0.05714285714285714 0.07142857142857142 0.014285714285714285 leishengchuan 6Сʱ_mousemovements
77.6225725 143.403732 171.945496 0 0 0 0 0 72.81097425 133.333328 171.945496 0 109.6271395 0 63.351450666666665 58.993204 0.25 0.0625 0.0625 0.0 0.25 0.0 0.1875 0.1875 28.550768095238098 202.932983 0 0.9767441860465116 0.023255813953488372 0.0 0.875 0.0625 0.0625 0.0 0.0 0.0 0.0 0.0 0.47619047619047616 0.38095238095238093 0.09523809523809523 0.047619047619047616 0.0 leishengchuan 6Сʱ_mousemovements
52.41986327272728 0 0 0 0 0 0 0 15.037594 0 37.913052 0 23.549786666666666 139.77004 17.44186 8.133255 0.09090909090909091 0.0 0.09090909090909091 0.0 0.2727272727272727 0.2727272727272727 0.09090909090909091 0.18181818181818182 10.879594264150944 0 0 1.0 0.0 0.0 1.0 0.0 0.0 0.0 0.0 0.0 0.0 0.0 0.7333333333333333 0.1111111111111111 0.08888888888888889 0.022222222222222223 0.044444444444444446 leishengchuan 6Сʱ_mousemovements
121.37977578947368 516.362991 291.399689 0 554.542725 0 0 0 186.6462625 95.8680695 103.354218 554.542725 338.37358 202.34760050000003 50.7009505 0.0 0.17391304347826086 0.17391304347826086 0.043478260869565216 0.043478260869565216 0.08695652173913043 0.34782608695652173 0.08695652173913043 0.043478260869565216 58.327085521126754 21.830531999999998 0 0.9726027397260274 0.0273972602739726 0.0 0.8260869565217391 0.08695652173913043 0.043478260869565216 0.0 0.043478260869565216 0.0 0.0 0.0 0.5522388059701493 0.2835820895522388 0.08955223880597014 0.029850746268656716 0.04477611940298507 leishengchuan 6Сʱ_mousemovements
0 0 0 0 0 0 0 0 0 0 0 0 0 0 0 0 0 0 0 0 0 0 0 0 0.0 0 0 1.0 0.0 0.0 0 0 0 0 0 0 0 0 1.0 0.0 0.0 0.0 0.0 leishengchuan 6Сʱ_mousemovements
85.106384 0 0 0 0 0 0 0 0 0 0 85.106384 0 0 0 0 0.0 0.0 0.0 1.0 0.0 0.0 0.0 0.0 14.184397333333335 0 0 1.0 0.0 0.0 1.0 0.0 0.0 0.0 0.0 0.0 0.0 0.0 0.75 0.25 0.0 0.0 0.0 leishengchuan 6Сʱ_mousemovements
0 0 0 0 0 0 0 0 0 0 0 0 0 0 0 0 0 0 0 0 0 0 0 0 0.0 0 0 1.0 0.0 0.0 0 0 0 0 0 0 0 0 0.8571428571428571 0.0 0.0 0.0 0.14285714285714285 leishengchuan 6Сʱ_mousemovements
58.9425565 103.315536 0 0 502.123108 0 0 0 0 108.067951 0 16.696724500000002 36.39691166666667 502.123108 0 0 0.0 0.4 0.0 0.2 0.3 0.1 0.0 0.0 48.95359527272726 0 0 1.0 0.0 0.0 0.8 0.1 0.0 0.0 0.1 0.0 0.0 0.0 0.6 0.15 0.15 0.0 0.1 leishengchuan 6Сʱ_mousemovements
31.121505 0 0 0 0 0 0 0 0 0 47.575916 30.743773 0 15.044826 0 0 0.0 0.0 0.3333333333333333 0.3333333333333333 0.0 0.3333333333333333 0.0 0.0 5.1869175 0 0 1.0 0.0 0.0 1.0 0.0 0.0 0.0 0.0 0.0 0.0 0.0 0.7857142857142857 0.14285714285714285 0.0 0.07142857142857142 0.0 leishengchuan 6Сʱ_mousemovements
0 0 0 0 0 0 0 0 0 0 0 0 0 0 0 0 0 0 0 0 0 0 0 0 0 0 0 0 0 0 0 0 0 0 0 0 0 0 0 0 0 0 0 leishengchuan 6Сʱ_mousemovements
57.706249333333325 0 0 0 0 0 0 0 0 96.774193 0 55.067959 21.276596 0 0 0 0.0 0.3333333333333333 0.0 0.3333333333333333 0.3333333333333333 0.0 0.0 0.0 21.639843499999998 0 0 1.0 0.0 0.0 1.0 0.0 0.0 0.0 0.0 0.0 0.0 0.0 0.8333333333333334 0.16666666666666666 0.0 0.0 0.0 leishengchuan 6Сʱ_mousemovements
160.947571 0 0 0 0 0 0 0 160.947571 0 0 0 0 0 0 0 1.0 0.0 0.0 0.0 0.0 0.0 0.0 0.0 40.23689275 0 0 1.0 0.0 0.0 1.0 0.0 0.0 0.0 0.0 0.0 0.0 0.0 1.0 0.0 0.0 0.0 0.0 leishengchuan 6Сʱ_mousemovements
204.48539233333335 0 0 0 0 0 0 0 360.90683 0 0 0 196.846497 55.70285 0 0 0.3333333333333333 0.0 0.0 0.0 0.3333333333333333 0.3333333333333333 0.0 0.0 51.12134808333334 0 0 1.0 0.0 0.0 1.0 0.0 0.0 0.0 0.0 0.0 0.0 0.0 0.6666666666666666 0.3333333333333333 0.0 0.0 0.0 leishengchuan 6Сʱ_mousemovements
72.523773 0 0 0 0 0 0 0 0 0 0 0 0 72.523773 0 0 0.0 0.0 0.0 0.0 0.0 1.0 0.0 0.0 7.252377300000001 0 0 1.0 0.0 0.0 1.0 0.0 0.0 0.0 0.0 0.0 0.0 0.0 0.8571428571428571 0.0 0.14285714285714285 0.0 0.0 leishengchuan 6Сʱ_mousemovements
78.19446845454546 0 0 0 0 0 0 0 57.969658 74.102303 100.322319 251.474442 54.810641399999994 18.130943 0 84.086281 0.09090909090909091 0.09090909090909091 0.09090909090909091 0.09090909090909091 0.45454545454545453 0.09090909090909091 0.0 0.09090909090909091 26.87934853125 0 0 1.0 0.0 0.0 1.0 0.0 0.0 0.0 0.0 0.0 0.0 0.0 0.6551724137931034 0.20689655172413793 0.06896551724137931 0.034482758620689655 0.034482758620689655 leishengchuan 6Сʱ_mousemovements
0 142.2285615 0 814.586548 0 0 0 0 0 814.586548 0 142.861099 0 141.596024 0 0 0.0 0.3333333333333333 0.0 0.3333333333333333 0.0 0.3333333333333333 0.0 0.0 67.88221233333333 0 142.2285615 0.8571428571428571 0.0 0.14285714285714285 0.0 0.6666666666666666 0.0 0.3333333333333333 0.0 0.0 0.0 0.0 0.3333333333333333 0.4166666666666667 0.08333333333333333 0.0 0.16666666666666666 leishengchuan 6Сʱ_mousemovements
145.13062960000002 262.12866199999996 0 0 0 0 0 0 0 262.12866199999996 0 0 0 239.03538000000003 4.273504 0 0.0 0.2857142857142857 0.0 0.0 0.0 0.42857142857142855 0.2857142857142857 0.0 56.425612 0 2.849002666666667 0.88 0.0 0.12 0.7142857142857143 0.2857142857142857 0.0 0.0 0.0 0.0 0.0 0.0 0.21739130434782608 0.6086956521739131 0.043478260869565216 0.13043478260869565 0.0 leishengchuan 6Сʱ_mousemovements
16.129032 470.926025 131.928391 0 0 0 0 0 0.0 32.258064 0 0 0 301.427208 0 0 0.25 0.25 0.0 0.0 0.0 0.5 0.0 0.0 50.318408899999994 0 131.928391 0.9090909090909091 0.0 0.09090909090909091 0.5 0.25 0.25 0.0 0.0 0.0 0.0 0.0 0.2857142857142857 0.7142857142857143 0.0 0.0 0.0 leishengchuan 6Сʱ_mousemovements
227.91490371428569 537.8539123333334 649.645813 0 0 0 514.735168 0 220.536242 522.8760576666667 0 0 309.2598116666666 605.202301 4.926108 0 0.25 0.25 0.0 0.0 0.25 0.16666666666666666 0.08333333333333333 0.0 101.41278336842105 0 129.915319 0.9047619047619048 0.0 0.09523809523809523 0.5833333333333334 0.25 0.08333333333333333 0.0 0.0 0.0 0.08333333333333333 0.0 0.23684210526315788 0.631578947368421 0.05263157894736842 0.05263157894736842 0.02631578947368421 leishengchuan 6Сʱ_mousemovements
47.619049 266.203979 0 0 0 0 0 0 0 0 0 0 0 266.203979 47.619049 0 0.0 0.0 0.0 0.0 0.0 0.5 0.5 0.0 39.2278785 0 0.0 0.8888888888888888 0.0 0.1111111111111111 0.5 0.5 0.0 0.0 0.0 0.0 0.0 0.0 0.375 0.375 0.125 0.125 0.0 leishengchuan 6Сʱ_mousemovements
78.97509740000001 0 539.197083 730.636414 0 0 0 0 57.78534500000001 213.258698 0 0 730.636414 0 3.546099 300.8485415 0.2857142857142857 0.14285714285714285 0.0 0.0 0.14285714285714285 0.0 0.14285714285714285 0.2857142857142857 83.05814425000001 0 1.7730495 0.9090909090909091 0.0 0.09090909090909091 0.7142857142857143 0.0 0.14285714285714285 0.14285714285714285 0.0 0.0 0.0 0.0 0.38095238095238093 0.47619047619047616 0.14285714285714285 0.0 0.0 leishengchuan 6Сʱ_mousemovements
0 403.980827 0 906.725525 0 0 0 0 162.720016 0 0 0 906.725525 0 0 645.241638 0.3333333333333333 0.0 0.0 0.0 0.3333333333333333 0.0 0.0 0.3333333333333333 172.44079588888886 0 162.720016 0.9 0.0 0.1 0.0 0.6666666666666666 0.0 0.3333333333333333 0.0 0.0 0.0 0.0 0.125 0.875 0.0 0.0 0.0 leishengchuan 6Сʱ_mousemovements
18.61804157142857 0 0 0 0 0 0 0 0 13.050505000000001 0 19.169525 19.9634725 0 25.959286 0 0.0 0.2857142857142857 0.0 0.2857142857142857 0.2857142857142857 0.0 0.14285714285714285 0.0 6.51631455 0 0 1.0 0.0 0.0 1.0 0.0 0.0 0.0 0.0 0.0 0.0 0.0 0.7058823529411765 0.23529411764705882 0.058823529411764705 0.0 0.0 leishengchuan 6Сʱ_mousemovements
119.43742619999998 264.91276949999997 307.57349633333337 296.172638 1292.8127285 277.983887 2617.999512 0 675.377747 67.022423 1314.2153604999999 281.761898 172.0877244 0 105.07894416666669 185.5020445 0.047619047619047616 0.047619047619047616 0.19047619047619047 0.09523809523809523 0.23809523809523808 0.0 0.2857142857142857 0.09523809523809523 169.8979569361702 87.4831045 44.782695000000004 0.8867924528301887 0.07547169811320754 0.03773584905660377 0.5 0.1 0.15 0.05 0.1 0.05 0.05 0.0 0.3617021276595745 0.44680851063829785 0.06382978723404255 0.0425531914893617 0.0851063829787234 leishengchuan 6Сʱ_mousemovements
16.8482312 0 0 0 0 0 0 0 12.820513 16.129032 0 0 11.77279 0 0 31.746031 0.2 0.2 0.0 0.0 0.4 0.0 0.0 0.2 6.017225428571429 0 0 1.0 0.0 0.0 1.0 0.0 0.0 0.0 0.0 0.0 0.0 0.0 0.5833333333333334 0.16666666666666666 0.25 0.0 0.0 leishengchuan 6Сʱ_mousemovements
38.16568614285713 0 0 0 0 0 0 0 43.489788 49.082397 0 0 32.267055 0 0 38.8932265 0.14285714285714285 0.14285714285714285 0.0 0.0 0.42857142857142855 0.0 0.0 0.2857142857142857 16.697487687499997 0 0 1.0 0.0 0.0 1.0 0.0 0.0 0.0 0.0 0.0 0.0 0.0 0.6153846153846154 0.15384615384615385 0.07692307692307693 0.07692307692307693 0.07692307692307693 leishengchuan 6Сʱ_mousemovements
20.48810175 0 0 0 0 0 0 0 0 0 0 0 8.880995 0 7.092198 32.989607 0.0 0.0 0.0 0.0 0.25 0.0 0.25 0.5 6.82936725 0 0 1.0 0.0 0.0 1.0 0.0 0.0 0.0 0.0 0.0 0.0 0.0 0.4444444444444444 0.3333333333333333 0.2222222222222222 0.0 0.0 leishengchuan 6Сʱ_mousemovements
0 0 0 0 0 0 0 0 0 0 0 0 0 0 0 0 0 0 0 0 0 0 0 0 0 0 0 0 0 0 0 0 0 0 0 0 0 0 0 0 0 0 0 leishengchuan 6Сʱ_mousemovements
0 0 0 0 0 0 0 0 0 0 0 0 0 0 0 0 0 0 0 0 0 0 0 0 0 0 0 0 0 0 0 0 0 0 0 0 0 0 0 0 0 0 0 leishengchuan 6Сʱ_mousemovements
0 0 0 0 0 0 0 0 0 0 0 0 0 0 0 0 0 0 0 0 0 0 0 0 0 0 0 0 0 0 0 0 0 0 0 0 0 0 0 0 0 0 0 leishengchuan 6Сʱ_mousemovements
0 0 0 0 0 0 0 0 0 0 0 0 0 0 0 0 0 0 0 0 0 0 0 0 0 0 0 0 0 0 0 0 0 0 0 0 0 0 0 0 0 0 0 leishengchuan 6Сʱ_mousemovements
45.070801 0 0 0 0 0 0 0 0 0 0 0 40.935673 0 0 49.205929 0.0 0.0 0.0 0.0 0.5 0.0 0.0 0.5 22.5354005 0 0 1.0 0.0 0.0 1.0 0.0 0.0 0.0 0.0 0.0 0.0 0.0 0.6666666666666666 0.3333333333333333 0.0 0.0 0.0 leishengchuan 6Сʱ_mousemovements
35.6912775 0 0 0 0 0 0 0 0 0 0 0 0 0 23.763506 47.619049 0.0 0.0 0.0 0.0 0.0 0.0 0.5 0.5 17.84563875 0 0 1.0 0.0 0.0 1.0 0.0 0.0 0.0 0.0 0.0 0.0 0.0 0.5 0.5 0.0 0.0 0.0 leishengchuan 6Сʱ_mousemovements
0 0 0 0 0 0 0 0 0 0 0 0 0 0 0 0 0 0 0 0 0 0 0 0 0 0 0 0 0 0 0 0 0 0 0 0 0 0 0 0 0 0 0 leishengchuan 6Сʱ_mousemovements
0 0 0 0 0 0 0 0 0 0 0 0 0 0 0 0 0 0 0 0 0 0 0 0 0 0 0 0 0 0 0 0 0 0 0 0 0 0 0 0 0 0 0 leishengchuan 6Сʱ_mousemovements
0 0 0 0 0 0 0 0 0 0 0 0 0 0 0 0 0 0 0 0 0 0 0 0 0 0 0 0 0 0 0 0 0 0 0 0 0 0 0 0 0 0 0 leishengchuan 6Сʱ_mousemovements
14.46281 0 0 0 0 0 0 0 0 0 0 14.46281 0 0 0 0 0.0 0.0 0.0 1.0 0.0 0.0 0.0 0.0 7.231405 0 0 1.0 0.0 0.0 1.0 0.0 0.0 0.0 0.0 0.0 0.0 0.0 0.0 0.0 1.0 0.0 0.0 leishengchuan 6Сʱ_mousemovements
0 0 0 0 0 0 0 0 0 0 0 0 0 0 0 0 0 0 0 0 0 0 0 0 0 0 0 0 0 0 0 0 0 0 0 0 0 0 0 0 0 0 0 leishengchuan 6Сʱ_mousemovements
109.96741259999999 416.958405 0 0 673.218872 442.778625 0 616.604065 237.90220100000002 442.778625 0 673.218872 84.1395415 616.604065 161.35599150000002 0 0.2222222222222222 0.1111111111111111 0.0 0.1111111111111111 0.2222222222222222 0.1111111111111111 0.2222222222222222 0.0 149.96650166666666 0 0 1.0 0.0 0.0 0.5555555555555556 0.1111111111111111 0.0 0.0 0.1111111111111111 0.1111111111111111 0.0 0.1111111111111111 0.4666666666666667 0.26666666666666666 0.2 0.06666666666666667 0.0 leishengchuan 6Сʱ_mousemovements
60.9045922 0 0 0 0 0 0 627.710327 108.20459 72.36524066666666 0 17.10457 57.069477 22.148748 324.9295375 0 0.18181818181818182 0.2727272727272727 0.0 0.09090909090909091 0.18181818181818182 0.09090909090909091 0.18181818181818182 0.0 42.646767206896556 0 0 1.0 0.0 0.0 0.9090909090909091 0.0 0.0 0.0 0.0 0.0 0.0 0.09090909090909091 0.4230769230769231 0.34615384615384615 0.15384615384615385 0.038461538461538464 0.038461538461538464 leishengchuan 6Сʱ_mousemovements
96.85067955 168.703758 301.263947 0 0 0 0 0 287.899233 62.5 0 103.17509274999999 62.32649240000001 167.60983475 6.410256 89.36736 0.08695652173913043 0.043478260869565216 0.0 0.17391304347826086 0.21739130434782608 0.17391304347826086 0.043478260869565216 0.2608695652173913 33.021603256410266 0 0 1.0 0.0 0.0 0.8695652173913043 0.08695652173913043 0.043478260869565216 0.0 0.0 0.0 0.0 0.0 0.6351351351351351 0.21621621621621623 0.04054054054054054 0.04054054054054054 0.06756756756756757 leishengchuan 6Сʱ_mousemovements
89.99667626086956 299.9557374 518.9808499999999 0 1464.6988768 0 0 0 915.6550328333334 15.777578199999999 225.90256649999998 388.30058975 352.3970366666666 130.221573 78.42751433333333 365.88807 0.16216216216216217 0.13513513513513514 0.05405405405405406 0.10810810810810811 0.24324324324324326 0.10810810810810811 0.08108108108108109 0.10810810810810811 122.15406510810811 375.65661109999996 86.576548 0.8604651162790697 0.11627906976744186 0.023255813953488372 0.6216216216216216 0.13513513513513514 0.10810810810810811 0.0 0.13513513513513514 0.0 0.0 0.0 0.5833333333333334 0.27380952380952384 0.07142857142857142 0.07142857142857142 0.0 leishengchuan 6Сʱ_mousemovements
114.87051871428571 480.798416 860.9144860000001 646.844494 0 149.337509 0 0 186.307495 354.7108276 224.2581205 355.3701998 175.88343085714288 158.63380875 289.211018 83.83442933333333 0.02702702702702703 0.13513513513513514 0.10810810810810811 0.13513513513513514 0.1891891891891892 0.10810810810810811 0.21621621621621623 0.08108108108108109 95.19845854545453 80.21205150000002 9.0990066 0.8712871287128713 0.07920792079207921 0.04950495049504951 0.7567567567567568 0.05405405405405406 0.10810810810810811 0.05405405405405406 0.0 0.02702702702702703 0.0 0.0 0.5104166666666666 0.3333333333333333 0.08333333333333333 0.0625 0.010416666666666666 leishengchuan 6Сʱ_mousemovements
197.4166744615385 316.79014600000005 251.54393 489.292358 0 0 0 0 0 166.72284299999998 0 243.3240526666667 286.3800515714286 238.876881 179.300858 177.49688966666668 0.0 0.1111111111111111 0.0 0.16666666666666666 0.3888888888888889 0.1111111111111111 0.05555555555555555 0.16666666666666666 56.51140636923078 292.19104 0.0 0.9558823529411765 0.029411764705882353 0.014705882352941176 0.7222222222222222 0.16666666666666666 0.05555555555555555 0.05555555555555555 0.0 0.0 0.0 0.0 0.6923076923076923 0.2 0.06153846153846154 0.046153846153846156 0.0 leishengchuan 6Сʱ_mousemovements
58.791196400000004 0 0 0 0 0 0 0 0 73.695301 0 48.677532 48.943923999999996 0 0 0 0.0 0.4 0.0 0.2 0.4 0.0 0.0 0.0 17.291528352941178 0 0 1.0 0.0 0.0 1.0 0.0 0.0 0.0 0.0 0.0 0.0 0.0 0.5714285714285714 0.42857142857142855 0.0 0.0 0.0 leishengchuan 6Сʱ_mousemovements
62.3508689 122.974915 0 0 0 0 0 0 40.510559 122.974915 0 33.656853 157.8049815 30.089651 31.323061 43.93601433333333 0.18181818181818182 0.09090909090909091 0.0 0.09090909090909091 0.18181818181818182 0.09090909090909091 0.09090909090909091 0.2727272727272727 24.8827868 0 0 1.0 0.0 0.0 0.9090909090909091 0.09090909090909091 0.0 0.0 0.0 0.0 0.0 0.0 0.52 0.4 0.0 0.0 0.08 leishengchuan 6Сʱ_mousemovements
83.987416 0 0 0 0 0 0 0 159.263657 0 0 0 56.706052 0 18.292683 156.25 0.16666666666666666 0.0 0.0 0.0 0.5 0.0 0.16666666666666666 0.16666666666666666 41.993708 0 0 1.0 0.0 0.0 1.0 0.0 0.0 0.0 0.0 0.0 0.0 0.0 0.5 0.5 0.0 0.0 0.0 leishengchuan 6Сʱ_mousemovements
58.43058900000001 185.729004 713.314575 0 0 0 0 0 384.7862775 0 185.729004 0 56.05810099999999 59.675274 33.951860499999995 88.1182555 0.16666666666666666 0.0 0.08333333333333333 0.0 0.3333333333333333 0.08333333333333333 0.16666666666666666 0.16666666666666666 33.71248793181818 0 0 1.0 0.0 0.0 0.8333333333333334 0.08333333333333333 0.08333333333333333 0.0 0.0 0.0 0.0 0.0 0.5641025641025641 0.2564102564102564 0.15384615384615385 0.02564102564102564 0.0 leishengchuan 6Сʱ_mousemovements
47.532762142857145 251.052226 362.650635 419.092957 0 178.924255 0 0 295.753666 178.924255 142.38334650000002 60.421806 183.13691150000002 61.517832 211.6832305 18.257826 0.15384615384615385 0.07692307692307693 0.15384615384615385 0.07692307692307693 0.15384615384615385 0.15384615384615385 0.15384615384615385 0.07692307692307693 36.44661588636364 64.96056733333333 62.005264749999995 0.8627450980392157 0.058823529411764705 0.0784313725490196 0.5384615384615384 0.23076923076923078 0.07692307692307693 0.07692307692307693 0.0 0.07692307692307693 0.0 0.0 0.6086956521739131 0.13043478260869565 0.15217391304347827 0.06521739130434782 0.043478260869565216 leishengchuan 6Сʱ_mousemovements
50.724335249999996 0 0 0 0 0 0 0 0 14.184397 0 0 62.904314666666664 0 0 0 0.0 0.25 0.0 0.0 0.75 0.0 0.0 0.0 25.362167624999998 0 0 1.0 0.0 0.0 1.0 0.0 0.0 0.0 0.0 0.0 0.0 0.0 0.5 0.5 0.0 0.0 0.0 leishengchuan 6Сʱ_mousemovements
76.11971385714286 94.834961 329.11500240000004 0 455.071976 0 500.770111 0 0 361.51947033333335 8.021265 266.5988136666667 78.847173 173.609955 348.498619 228.21240133333333 0.0 0.1875 0.0625 0.1875 0.1875 0.0625 0.125 0.1875 81.69201706666666 0 8.021265 0.9782608695652174 0.0 0.021739130434782608 0.4375 0.0625 0.3125 0.0 0.125 0.0 0.0625 0.0 0.4473684210526316 0.21052631578947367 0.07894736842105263 0.07894736842105263 0.18421052631578946 leishengchuan 6Сʱ_mousemovements
41.802296299999995 209.27066 263.379791 0 0 0 0 0 93.702568 21.656855 30.934603 159.8305205 32.258064 0 115.438316 55.404393400000004 0.08333333333333333 0.08333333333333333 0.08333333333333333 0.16666666666666666 0.08333333333333333 0.0 0.08333333333333333 0.4166666666666667 15.904882392857143 0 0 1.0 0.0 0.0 0.8333333333333334 0.08333333333333333 0.08333333333333333 0.0 0.0 0.0 0.0 0.0 0.5208333333333334 0.3541666666666667 0.10416666666666667 0.0 0.020833333333333332 leishengchuan 6Сʱ_mousemovements
57.338423 592.4610292 0 0 0 0 0 0 48.715217499999994 0 0 140.64321933333335 0 244.500107 993.2886265 112.17884614285713 0.13333333333333333 0.0 0.0 0.2 0.0 0.06666666666666667 0.13333333333333333 0.4666666666666667 93.0444572631579 0 0 1.0 0.0 0.0 0.6666666666666666 0.3333333333333333 0.0 0.0 0.0 0.0 0.0 0.0 0.5757575757575758 0.2727272727272727 0.09090909090909091 0.06060606060606061 0.0 leishengchuan 6Сʱ_mousemovements
61.2293288 0 0 0 0 0 0 0 0 0 0 0 60.726489333333326 93.202827 30.764349 0 0.0 0.0 0.0 0.0 0.6 0.2 0.2 0.0 30.6146644 0 0 1.0 0.0 0.0 1.0 0.0 0.0 0.0 0.0 0.0 0.0 0.0 0.3333333333333333 0.5555555555555556 0.1111111111111111 0.0 0.0 leishengchuan 6Сʱ_mousemovements
67.57685000000001 173.321884 0 351.325104 0 0 1141.236328 0 0 423.3973533333333 262.323494 0 0 0 52.6822805 103.563957 0.0 0.375 0.25 0.0 0.0 0.0 0.25 0.125 83.49031525 0 0 1.0 0.0 0.0 0.625 0.125 0.0 0.125 0.0 0.0 0.125 0.0 0.4090909090909091 0.2727272727272727 0.22727272727272727 0.045454545454545456 0.045454545454545456 leishengchuan 6Сʱ_mousemovements
31.187785624999997 183.774963 0 0 1140.430542 1283.465942 2510.151855 0 27.153183 0 2510.151855 0 0 183.774963 423.91458700000004 34.252688 0.08333333333333333 0.0 0.08333333333333333 0.0 0.0 0.08333333333333333 0.5 0.25 92.54009632758621 0 0 1.0 0.0 0.0 0.6666666666666666 0.08333333333333333 0.0 0.0 0.08333333333333333 0.08333333333333333 0.08333333333333333 0.0 0.6730769230769231 0.23076923076923078 0.038461538461538464 0.038461538461538464 0.019230769230769232 leishengchuan 6Сʱ_mousemovements
52.553513099999996 0 144.055725 0 0 0 0 0 59.130936199999994 0 0 0 25.303343499999997 97.668888 29.522848 98.468864 0.45454545454545453 0.0 0.0 0.0 0.18181818181818182 0.18181818181818182 0.09090909090909091 0.09090909090909091 19.693848705882353 0 0 1.0 0.0 0.0 0.9090909090909091 0.0 0.09090909090909091 0.0 0.0 0.0 0.0 0.0 0.5806451612903226 0.2903225806451613 0.06451612903225806 0.0 0.06451612903225806 leishengchuan 6Сʱ_mousemovements
0 0 0 0 0 0 0 0 0 0 0 0 0 0 0 0 0 0 0 0 0 0 0 0 0 0 0 0 0 0 0 0 0 0 0 0 0 0 0 0 0 0 0 leishengchuan 6Сʱ_mousemovements
77.08663899999999 682.363068 640.938914 852.146301 0 0 0 0 380.176239 94.05543975 1132.226318 352.6221693333334 133.43700783333335 58.876003 59.84904233333333 247.72461599999997 0.08 0.16 0.04 0.12 0.24 0.04 0.12 0.2 46.85306011578948 384.4315363333333 0 0.9693877551020408 0.030612244897959183 0.0 0.76 0.08 0.12 0.04 0.0 0.0 0.0 0.0 0.5591397849462365 0.26881720430107525 0.053763440860215055 0.08602150537634409 0.03225806451612903 leishengchuan 6Сʱ_mousemovements
65.27549928571429 165.79634099999998 685.292419 534.3987119999999 1474.2714230000001 0 0 0 49.748504000000004 838.8037743333334 75.12863625 12.738853 411.2838348 310.1196033333333 121.23332100000002 117.17498725 0.13793103448275862 0.10344827586206896 0.13793103448275862 0.034482758620689655 0.1724137931034483 0.10344827586206896 0.1724137931034483 0.13793103448275862 67.46857053012049 294.733565 155.7388305 0.9325842696629213 0.0449438202247191 0.02247191011235955 0.7241379310344828 0.06896551724137931 0.06896551724137931 0.06896551724137931 0.06896551724137931 0.0 0.0 0.0 0.6395348837209303 0.20930232558139536 0.09302325581395349 0.03488372093023256 0.023255813953488372 leishengchuan 6Сʱ_mousemovements
149.4863916666667 186.369792 474.473399 484.1460573333333 0 2134.577637 0 0 229.00903200000002 102.80691549999999 1257.4304505 307.8289035 219.7034143333333 0 220.16645933333336 278.4615448 0.10714285714285714 0.14285714285714285 0.07142857142857142 0.07142857142857142 0.21428571428571427 0.0 0.21428571428571427 0.17857142857142858 150.56055582 77.01105888888888 39.173111 0.8333333333333334 0.15 0.016666666666666666 0.6428571428571429 0.10714285714285714 0.10714285714285714 0.10714285714285714 0.0 0.03571428571428571 0.0 0.0 0.6666666666666666 0.17543859649122806 0.017543859649122806 0.12280701754385964 0.017543859649122806 leishengchuan 6Сʱ_mousemovements
0 0 0 0 0 0 0 0 0 0 0 0 0 0 0 0 0 0 0 0 0 0 0 0 0.0 0 0 1.0 0.0 0.0 0 0 0 0 0 0 0 0 1.0 0.0 0.0 0.0 0.0 leishengchuan 6Сʱ_mousemovements
33.535712000000004 0 0 0 0 0 0 0 0 0 24.214281 0 0 42.857143 0 0 0.0 0.0 0.5 0.0 0.0 0.5 0.0 0.0 16.767856000000002 0 0 1.0 0.0 0.0 1.0 0.0 0.0 0.0 0.0 0.0 0.0 0.0 1.0 0.0 0.0 0.0 0.0 leishengchuan 6Сʱ_mousemovements
105.55462825 0 1049.156982 0 0 0 370.098846 713.753418 136.42601 0 713.753418 0 21.276596 370.098846 0 437.890963 0.14285714285714285 0.0 0.14285714285714285 0.0 0.14285714285714285 0.14285714285714285 0.0 0.42857142857142855 159.7017349375 0 0 1.0 0.0 0.0 0.5714285714285714 0.0 0.14285714285714285 0.0 0.0 0.0 0.14285714285714285 0.14285714285714285 0.6153846153846154 0.3076923076923077 0.0 0.0 0.07692307692307693 leishengchuan 6Сʱ_mousemovements
87.91383525 825.65995 0 0 0 0 0 0 876.5664824999999 0 0 0 65.48771883333335 0 176.571304 32.0 0.2 0.0 0.0 0.0 0.6 0.0 0.1 0.1 61.96396268421052 0 0 1.0 0.0 0.0 0.8 0.2 0.0 0.0 0.0 0.0 0.0 0.0 0.6875 0.125 0.09375 0.09375 0.0 leishengchuan 6Сʱ_mousemovements
0 0 0 0 0 0 0 0 0 0 0 0 0 0 0 0 0 0 0 0 0 0 0 0 0 0 0 0 0 0 0 0 0 0 0 0 0 0 0 0 0 0 0 leishengchuan 6Сʱ_mousemovements
0 0 0 0 0 0 0 0 0 0 0 0 0 0 0 0 0 0 0 0 0 0 0 0 0 0 0 0 0 0 0 0 0 0 0 0 0 0 0 0 0 0 0 leishengchuan 6Сʱ_mousemovements
0 0 0 0 0 0 0 0 0 0 0 0 0 0 0 0 0 0 0 0 0 0 0 0 0 0 0 0 0 0 0 0 0 0 0 0 0 0 0 0 0 0 0 leishengchuan 6Сʱ_mousemovements
0 0 0 0 0 0 0 0 0 0 0 0 0 0 0 0 0 0 0 0 0 0 0 0 0 0 0 0 0 0 0 0 0 0 0 0 0 0 0 0 0 0 0 leishengchuan 6Сʱ_mousemovements
78.17435585 293.052475 236.141304 0 0 0 0 0 195.53197260000002 66.713127 147.11067500000001 57.096264500000004 85.315876 30.089651 241.428085 28.829241500000002 0.20833333333333334 0.08333333333333333 0.125 0.16666666666666666 0.25 0.041666666666666664 0.041666666666666664 0.08333333333333333 41.61705833333333 0 0 1.0 0.0 0.0 0.8333333333333334 0.08333333333333333 0.08333333333333333 0.0 0.0 0.0 0.0 0.0 0.6101694915254238 0.288135593220339 0.06779661016949153 0.0 0.03389830508474576 leishengchuan 6Сʱ_mousemovements
82.29311780952382 282.476135 624.445557 0 114.930511 0 0 0 37.728321 106.29899433333334 547.9960175 109.95196949999999 87.50886925 114.930511 37.26236575 36.14349125 0.041666666666666664 0.25 0.08333333333333333 0.08333333333333333 0.16666666666666666 0.041666666666666664 0.16666666666666666 0.16666666666666666 31.8957521060606 293.2384945 58.411049 0.9565217391304348 0.028985507246376812 0.014492753623188406 0.875 0.041666666666666664 0.041666666666666664 0.0 0.041666666666666664 0.0 0.0 0.0 0.578125 0.28125 0.078125 0.015625 0.046875 leishengchuan 6Сʱ_mousemovements
0 0 0 0 0 0 0 0 0 0 0 0 0 0 0 0 0 0 0 0 0 0 0 0 0 0 0 0 0 0 0 0 0 0 0 0 0 0 0 0 0 0 0 leishengchuan 6Сʱ_mousemovements
179.99012222222225 0 272.640442 963.406494 993.000488 314.698486 0 0 64.516129 963.406494 31.306479 519.9196676666667 165.02808233333334 16.235186 344.44982400000004 0 0.07692307692307693 0.07692307692307693 0.07692307692307693 0.23076923076923078 0.23076923076923078 0.07692307692307693 0.23076923076923078 0.0 117.60329557142857 15.6532395 16.235186 0.9210526315789473 0.05263157894736842 0.02631578947368421 0.6923076923076923 0.0 0.07692307692307693 0.07692307692307693 0.07692307692307693 0.07692307692307693 0.0 0.0 0.6176470588235294 0.17647058823529413 0.14705882352941177 0.029411764705882353 0.029411764705882353 leishengchuan 6Сʱ_mousemovements
85.939896 0 0 0 0 0 0 0 85.939896 0 0 0 0 0 0 0 1.0 0.0 0.0 0.0 0.0 0.0 0.0 0.0 42.969948 0 0 1.0 0.0 0.0 1.0 0.0 0.0 0.0 0.0 0.0 0.0 0.0 1.0 0.0 0.0 0.0 0.0 leishengchuan 6Сʱ_mousemovements
88.56934477777777 193.836796 224.070541 468.9720765 562.697632 0 902.91333 0 277.990494 596.769623 0 0 76.02180175 435.0204493333333 57.513298 112.90932199999999 0.125 0.125 0.0 0.0 0.25 0.1875 0.125 0.1875 59.56911485937499 0 0 1.0 0.0 0.0 0.5625 0.125 0.0625 0.125 0.0625 0.0 0.0625 0.0 0.6206896551724138 0.20689655172413793 0.08620689655172414 0.06896551724137931 0.017241379310344827 leishengchuan 6Сʱ_mousemovements
118.94579730000001 0 943.2243655 389.772461 0 0 0 0 26.820695 291.50410700000003 859.427002 0 0 101.714989 53.738598 739.767578 0.15384615384615385 0.15384615384615385 0.15384615384615385 0.0 0.0 0.07692307692307693 0.38461538461538464 0.07692307692307693 76.39286224444444 28.000364 0 0.9782608695652174 0.021739130434782608 0.0 0.7692307692307693 0.0 0.15384615384615385 0.07692307692307693 0.0 0.0 0.0 0.0 0.5909090909090909 0.22727272727272727 0.11363636363636363 0.06818181818181818 0.0 leishengchuan 6Сʱ_mousemovements
0 0 0 0 0 0 0 0 0 0 0 0 0 0 0 0 0 0 0 0 0 0 0 0 0 0 0 0 0 0 0 0 0 0 0 0 0 0 0 0 0 0 0 leishengchuan 6Сʱ_mousemovements
113.83232766666667 0 573.1964875 1235.032349 0 0 1616.049347 1263.380371 98.164795 0 0 443.599663 0 710.460999 444.19588675 1021.822422 0.08333333333333333 0.0 0.0 0.16666666666666666 0.0 0.08333333333333333 0.3333333333333333 0.3333333333333333 295.84506168 54.59060433333334 0 0.8928571428571429 0.10714285714285714 0.0 0.5 0.0 0.16666666666666666 0.08333333333333333 0.0 0.0 0.16666666666666666 0.08333333333333333 0.5714285714285714 0.21428571428571427 0.10714285714285714 0.03571428571428571 0.07142857142857142 leishengchuan 6Сʱ_mousemovements
86.65035729166665 233.12149125000002 450.90030399999995 0 700.6216274999999 0 0 0 220.069028 250.85528033333333 50.627419 140.043228 202.37602557142856 151.03185474999998 65.4040145 113.77839924999999 0.06060606060606061 0.2727272727272727 0.030303030303030304 0.06060606060606061 0.21212121212121213 0.12121212121212122 0.12121212121212122 0.12121212121212122 61.98369493333336 37.1733638 1.639344 0.9375 0.052083333333333336 0.010416666666666666 0.7272727272727273 0.12121212121212122 0.09090909090909091 0.0 0.06060606060606061 0.0 0.0 0.0 0.6 0.2222222222222222 0.12222222222222222 0.044444444444444446 0.011111111111111112 leishengchuan 6Сʱ_mousemovements
165.57257283333334 152.30676766666667 446.02243050000004 444.11887899999994 576.6926575 0 0 0 340.448578 5.813953 374.55026250000003 269.70792133333333 243.71215333333336 330.81905866666665 253.1252784 366.66172800000004 0.08695652173913043 0.043478260869565216 0.08695652173913043 0.13043478260869565 0.13043478260869565 0.13043478260869565 0.21739130434782608 0.17391304347826086 107.91952678688523 21.755286166666668 0 0.9104477611940298 0.08955223880597014 0.0 0.5 0.125 0.16666666666666666 0.125 0.08333333333333333 0.0 0.0 0.0 0.5833333333333334 0.18333333333333332 0.08333333333333333 0.08333333333333333 0.06666666666666667 leishengchuan 6Сʱ_mousemovements
0 0 1066.080078 0 0 1071.3748475 0 0 0 1071.3748475 0 0 1066.080078 0 0 0 0.0 0.6666666666666666 0.0 0.0 0.3333333333333333 0.0 0.0 0.0 391.8106165714285 0 466.155457 0.875 0.0 0.125 0.0 0.0 0.3333333333333333 0.0 0.0 0.6666666666666666 0.0 0.0 0.5714285714285714 0.2857142857142857 0.14285714285714285 0.0 0.0 leishengchuan 6Сʱ_mousemovements
104.0534403076923 186.5109865 509.3571015 517.31427 546.450836 0 988.182251 0 198.4804112 284.08641716666665 125.46144699999999 25.10457 47.4356975 377.0403002 84.5232566 204.16920333333334 0.14705882352941177 0.17647058823529413 0.058823529411764705 0.029411764705882353 0.11764705882352941 0.14705882352941177 0.14705882352941177 0.17647058823529413 80.13624377777778 51.12201775 0 0.9529411764705882 0.047058823529411764 0.0 0.7647058823529411 0.058823529411764705 0.058823529411764705 0.029411764705882353 0.058823529411764705 0.0 0.029411764705882353 0.0 0.5903614457831325 0.20481927710843373 0.12048192771084337 0.07228915662650602 0.012048192771084338 leishengchuan 6Сʱ_mousemovements
140.47381399999998 249.40492000000003 743.1837463333335 0 402.420746 1022.069824 2208.3870036666667 945.6350096666666 280.6730575 189.69083266666667 610.1377945 591.6769543749999 47.31141266666666 703.68355275 804.9663755 244.06669836363636 0.047619047619047616 0.14285714285714285 0.047619047619047616 0.19047619047619047 0.07142857142857142 0.09523809523809523 0.14285714285714285 0.2619047619047619 208.76945994047614 51.999103125 57.251753 0.8842105263157894 0.08421052631578947 0.031578947368421054 0.5952380952380952 0.14285714285714285 0.07142857142857142 0.0 0.023809523809523808 0.023809523809523808 0.07142857142857142 0.07142857142857142 0.6304347826086957 0.20652173913043478 0.11956521739130435 0.03260869565217391 0.010869565217391304 leishengchuan 6Сʱ_mousemovements
184.98313778571426 148.161316 0 0 0 0 0 0 83.248175 154.34485433333333 0 148.161316 432.3380815 35.525333 350.8958355 91.66389133333332 0.2 0.2 0.0 0.06666666666666667 0.13333333333333333 0.06666666666666667 0.13333333333333333 0.2 88.32016919354838 0 0 1.0 0.0 0.0 0.9333333333333333 0.06666666666666667 0.0 0.0 0.0 0.0 0.0 0.0 0.6153846153846154 0.15384615384615385 0.11538461538461539 0.07692307692307693 0.038461538461538464 leishengchuan 6Сʱ_mousemovements
78.582407 301.546783 297.74231 555.215454 0 1543.757446 0 0 93.761315875 209.45799340000002 0 555.215454 26.843317999999996 338.85699379999994 0 56.44752666666667 0.3333333333333333 0.20833333333333334 0.0 0.041666666666666664 0.08333333333333333 0.20833333333333334 0.0 0.125 59.76074515384616 96.3654245 0.0 0.9285714285714286 0.05714285714285714 0.014285714285714285 0.8333333333333334 0.041666666666666664 0.041666666666666664 0.041666666666666664 0.0 0.041666666666666664 0.0 0.0 0.582089552238806 0.23880597014925373 0.13432835820895522 0.04477611940298507 0.0 leishengchuan 6Сʱ_mousemovements
75.96994069444443 117.442169 452.448029 0 0 0 0 0 131.56802366666668 92.15236250000001 225.138471 76.16995483333334 58.56057388888889 0 66.413281875 70.14159599999999 0.07894736842105263 0.10526315789473684 0.07894736842105263 0.15789473684210525 0.23684210526315788 0.0 0.21052631578947367 0.13157894736842105 25.759035086956526 117.442169 225.076859 0.9829059829059829 0.008547008547008548 0.008547008547008548 0.9473684210526315 0.02631578947368421 0.02631578947368421 0.0 0.0 0.0 0.0 0.0 0.7053571428571429 0.21428571428571427 0.0625 0.008928571428571428 0.008928571428571428 leishengchuan 6Сʱ_mousemovements
73.0769205 0 0 279.663879 0 0 0 0 279.663879 0 0 0 0 0 12.820513 133.333328 0.3333333333333333 0.0 0.0 0.0 0.0 0.0 0.3333333333333333 0.3333333333333333 53.227215 0 0 1.0 0.0 0.0 0.6666666666666666 0.0 0.0 0.3333333333333333 0.0 0.0 0.0 0.0 1.0 0.0 0.0 0.0 0.0 leishengchuan 6Сʱ_mousemovements
196.96842254545456 178.388687 0 0 0 0 0 0 30.743773 15.475728 205.077042 0 155.341611 0 11.7294055 482.973179 0.08333333333333333 0.08333333333333333 0.08333333333333333 0.0 0.3333333333333333 0.0 0.16666666666666666 0.25 61.71161407894736 0 0 1.0 0.0 0.0 0.9166666666666666 0.08333333333333333 0.0 0.0 0.0 0.0 0.0 0.0 0.6666666666666666 0.18181818181818182 0.06060606060606061 0.09090909090909091 0.0 leishengchuan 6Сʱ_mousemovements
10.752688 0 0 0 0 0 0 0 0 0 0 0 10.752688 0 0 0 0.0 0.0 0.0 0.0 1.0 0.0 0.0 0.0 0.7680491428571428 0 0 1.0 0.0 0.0 1.0 0.0 0.0 0.0 0.0 0.0 0.0 0.0 0.7272727272727273 0.18181818181818182 0.0 0.09090909090909091 0.0 leishengchuan 6Сʱ_mousemovements
93.3516646923077 215.2409515 249.423157 356.624237 0 0 0 0 194.58242566666664 77.877853 17.817261 146.71677633333334 52.3400135 128.62054825 113.243473 85.412744 0.1935483870967742 0.03225806451612903 0.03225806451612903 0.0967741935483871 0.06451612903225806 0.12903225806451613 0.22580645161290322 0.22580645161290322 34.91126963953488 134.93558233333331 152.9599 0.945054945054945 0.03296703296703297 0.02197802197802198 0.8387096774193549 0.06451612903225806 0.06451612903225806 0.03225806451612903 0.0 0.0 0.0 0.0 0.6 0.25882352941176473 0.07058823529411765 0.047058823529411764 0.023529411764705882 leishengchuan 6Сʱ_mousemovements
0 0 0 669.095337 0 0 0 0 0 669.095337 0 0 0 0 0 0 0.0 1.0 0.0 0.0 0.0 0.0 0.0 0.0 334.5476685 0 0 1.0 0.0 0.0 0.0 0.0 0.0 1.0 0.0 0.0 0.0 0.0 0.0 0.0 1.0 0.0 0.0 leishengchuan 6Сʱ_mousemovements
0 0 0 0 0 0 0 0 0 0 0 0 0 0 0 0 0 0 0 0 0 0 0 0 0 0 0 0 0 0 0 0 0 0 0 0 0 0 0 0 0 0 0 leishengchuan 6Сʱ_mousemovements
0 0 0 0 0 0 0 0 0 0 0 0 0 0 0 0 0 0 0 0 0 0 0 0 0 0 0 0 0 0 0 0 0 0 0 0 0 0 0 0 0 0 0 leishengchuan 6Сʱ_mousemovements
105.80795025 1116.1729533333335 0 952.830078 725.766785 0 0 0 138.974767 92.870972 180.845963 952.830078 3036.523438 0 385.17638600000004 0 0.3333333333333333 0.1111111111111111 0.1111111111111111 0.1111111111111111 0.1111111111111111 0.0 0.2222222222222222 0.0 383.7567104615385 74.75743299999999 155.99771099999998 0.7647058823529411 0.11764705882352941 0.11764705882352941 0.4444444444444444 0.3333333333333333 0.0 0.1111111111111111 0.1111111111111111 0.0 0.0 0.0 0.3076923076923077 0.38461538461538464 0.15384615384615385 0.15384615384615385 0.0 leishengchuan 6Сʱ_mousemovements
0 0 0 0 0 0 0 0 0 0 0 0 0 0 0 0 0 0 0 0 0 0 0 0 0.0 0 0 1.0 0.0 0.0 0 0 0 0 0 0 0 0 0.0 1.0 0.0 0.0 0.0 leishengchuan 6Сʱ_mousemovements
116.69130762500002 314.028469 1144.386963 731.0460204999999 1434.13208 0 0 0 582.8317794999999 866.455185 0 238.6866055 190.72596950000002 331.987948 421.91823949999997 251.60408 0.125 0.125 0.0 0.125 0.25 0.1875 0.125 0.0625 132.3290180952381 14.514266999999998 314.44693 0.8936170212765957 0.06382978723404255 0.0425531914893617 0.5 0.25 0.0625 0.125 0.0625 0.0 0.0 0.0 0.6444444444444445 0.2222222222222222 0.1111111111111111 0.022222222222222223 0.0 leishengchuan 6Сʱ_mousemovements
72.74918282352941 282.14778666666666 142.8927305 0 775.435486 0 0 0 104.67668442857143 409.51746025 107.586479 101.61895233333333 157.449646 217.0877935 48.657172499999994 113.35329200000001 0.2916666666666667 0.16666666666666666 0.08333333333333333 0.125 0.041666666666666664 0.08333333333333333 0.08333333333333333 0.125 70.18071484313725 56.492543000000005 171.141815 0.9272727272727272 0.05454545454545454 0.01818181818181818 0.7083333333333334 0.125 0.08333333333333333 0.0 0.08333333333333333 0.0 0.0 0.0 0.6666666666666666 0.20833333333333334 0.0625 0.041666666666666664 0.020833333333333332 leishengchuan 6Сʱ_mousemovements
52.335707666666664 344.469574 497.364899 711.8459625 1303.747681 0 0 0 127.183426 0.0 344.469574 195.714859 0 0 484.53548500000005 274.1887334285714 0.07142857142857142 0.07142857142857142 0.07142857142857142 0.07142857142857142 0.0 0.0 0.21428571428571427 0.5 141.66619421428575 24.54733666666667 0 0.9032258064516129 0.0967741935483871 0.0 0.6428571428571429 0.07142857142857142 0.07142857142857142 0.14285714285714285 0.07142857142857142 0.0 0.0 0.0 0.5172413793103449 0.27586206896551724 0.06896551724137931 0.06896551724137931 0.06896551724137931 leishengchuan 6Сʱ_mousemovements
12.820513 0 0 0 3118.523926 0 0 0 0 0 0 0 0 0 12.820513 3118.523926 0.0 0.0 0.0 0.0 0.0 0.0 0.5 0.5 626.2688878 0.0 0 0.8333333333333334 0.16666666666666666 0.0 0.5 0.0 0.0 0.0 0.5 0.0 0.0 0.0 1.0 0.0 0.0 0.0 0.0 leishengchuan 6Сʱ_mousemovements
0 287.448547 0 0 0 0 0 0 0 0 0 287.448547 0 0 0 0 0.0 0.0 0.0 1.0 0.0 0.0 0.0 0.0 0.0 0 287.448547 0.8333333333333334 0.0 0.16666666666666666 0.0 1.0 0.0 0.0 0.0 0.0 0.0 0.0 0.8 0.0 0.2 0.0 0.0 leishengchuan 6Сʱ_mousemovements
118.72181753333334 379.7249122857143 544.0368102 882.2740325000001 1483.3447725 1018.549438 1079.980347 0 485.976868 240.091147 730.2103515714286 1006.826065 55.002630249999996 256.41178457142854 339.6212532857143 357.205078 0.02 0.12 0.14 0.08 0.08 0.14 0.28 0.14 190.94972515 56.251213299999996 168.686664 0.8695652173913043 0.08695652173913043 0.043478260869565216 0.5769230769230769 0.1346153846153846 0.09615384615384616 0.07692307692307693 0.07692307692307693 0.019230769230769232 0.019230769230769232 0.0 0.6306306306306306 0.21621621621621623 0.0990990990990991 0.04504504504504504 0.009009009009009009 leishengchuan 6Сʱ_mousemovements
126.84711684615384 475.166077 0 0 0 0 0 1354.629272 199.11898566666665 0 0 633.7402076666666 183.8422325 0 18.7672265 157.4042585 0.1875 0.0 0.0 0.1875 0.375 0.0 0.125 0.125 79.07947889999998 0 0 1.0 0.0 0.0 0.8125 0.125 0.0 0.0 0.0 0.0 0.0 0.0625 0.5833333333333334 0.3125 0.0625 0.020833333333333332 0.020833333333333332 leishengchuan 6Сʱ_mousemovements
137.92103703571428 560.663408125 666.2581452000001 608.375214 778.423828 0 535.078186 607.133667 118.3336994 233.5305725 451.60379299999994 582.1160580000001 187.1251545 474.90121685714286 296.6401078571429 393.7561316 0.10638297872340426 0.0851063829787234 0.1276595744680851 0.0425531914893617 0.0851063829787234 0.14893617021276595 0.2978723404255319 0.10638297872340426 138.56877192783503 234.26451585714284 256.5872385 0.9150943396226415 0.0660377358490566 0.018867924528301886 0.5957446808510638 0.1702127659574468 0.10638297872340426 0.0425531914893617 0.0425531914893617 0.0 0.02127659574468085 0.02127659574468085 0.62 0.27 0.06 0.03 0.02 leishengchuan 6Сʱ_mousemovements
109.91218840909092 384.92110700000006 649.74930575 872.474609 0 1974.669678 0 1581.461792 628.99331275 25.656855 787.1265565 0 418.9614372222222 231.711939 159.63847544444445 65.70644416666666 0.11428571428571428 0.02857142857142857 0.11428571428571428 0.0 0.2571428571428571 0.05714285714285714 0.2571428571428571 0.17142857142857143 141.07995826506027 11.39038825 0.0 0.9431818181818182 0.045454545454545456 0.011363636363636364 0.6285714285714286 0.17142857142857143 0.11428571428571428 0.02857142857142857 0.0 0.02857142857142857 0.0 0.02857142857142857 0.5595238095238095 0.23809523809523808 0.09523809523809523 0.08333333333333333 0.023809523809523808 leishengchuan 6Сʱ_mousemovements
131.50741836363633 411.7813835 0 941.6582030000001 0 0 0 0 0 121.5489465 273.25309000000004 680.998184 23.315273 148.1757194 34.6735205 451.1054973333333 0.0 0.07142857142857142 0.14285714285714285 0.07142857142857142 0.10714285714285714 0.17857142857142858 0.21428571428571427 0.21428571428571427 70.18185232500001 122.08240966666666 76.5625 0.9195402298850575 0.06896551724137931 0.011494252873563218 0.7857142857142857 0.14285714285714285 0.0 0.07142857142857142 0.0 0.0 0.0 0.0 0.5903614457831325 0.27710843373493976 0.0963855421686747 0.024096385542168676 0.012048192771084338 leishengchuan 6Сʱ_mousemovements
126.60812259999997 423.8183232727273 809.2954303333332 1465.1970336000002 398.031769 1889.0997925 552.672546 2501.703857 428.176147 280.47052610000003 453.03091525 837.0427727499999 400.5816956666667 659.72298625 177.64809433333335 805.3019469999999 0.023255813953488372 0.23255813953488372 0.09302325581395349 0.18604651162790697 0.06976744186046512 0.09302325581395349 0.06976744186046512 0.23255813953488372 203.06601140000004 62.76256638461538 3.379516666666667 0.8778625954198473 0.09923664122137404 0.022900763358778626 0.45454545454545453 0.25 0.06818181818181818 0.11363636363636363 0.022727272727272728 0.045454545454545456 0.022727272727272728 0.022727272727272728 0.5275590551181102 0.3700787401574803 0.07874015748031496 0.007874015748031496 0.015748031496062992 leishengchuan 6Сʱ_mousemovements
125.5522847 321.21958925 240.2421265 375.242813 0 0 0 0 131.630048 253.94220499999997 176.04733766666666 283.4997555 314.97069550000003 143.605692 273.4818266666667 131.34294866666667 0.1 0.15 0.15 0.1 0.1 0.1 0.15 0.15 82.83414954901961 27.313709 0 0.9807692307692307 0.019230769230769232 0.0 0.5 0.2 0.2 0.1 0.0 0.0 0.0 0.0 0.5111111111111111 0.28888888888888886 0.08888888888888889 0.08888888888888889 0.022222222222222223 leishengchuan 6Сʱ_mousemovements
62.468709272727274 522.7708636666666 0 875.611725 1207.5021563333332 732.8549195 1019.022278 0 52.443489799999995 188.5505165 957.1474813333334 566.4053 410.23861700000003 220.93616583333335 299.6643513333333 486.41076733333335 0.15151515151515152 0.18181818181818182 0.09090909090909091 0.06060606060606061 0.06060606060606061 0.18181818181818182 0.18181818181818182 0.09090909090909091 102.07252223076922 30.85980866666667 46.4822465 0.9541284403669725 0.027522935779816515 0.01834862385321101 0.6666666666666666 0.09090909090909091 0.0 0.06060606060606061 0.09090909090909091 0.06060606060606061 0.030303030303030304 0.0 0.6728971962616822 0.19626168224299065 0.056074766355140186 0.056074766355140186 0.018691588785046728 leishengchuan 6Сʱ_mousemovements
86.99085866666667 276.9602125 834.801636 0 353.505157 0 1642.9898985 588.378662 0 130.47346100000001 1038.9626973333334 351.51004 87.41727800000001 267.5357433333333 214.7857386666667 157.07179757142853 0.0 0.08 0.12 0.04 0.12 0.12 0.24 0.28 74.08657162765957 15.873015 202.410385 0.9791666666666666 0.010416666666666666 0.010416666666666666 0.72 0.08 0.04 0.0 0.04 0.0 0.08 0.04 0.6555555555555556 0.2111111111111111 0.07777777777777778 0.022222222222222223 0.03333333333333333 leishengchuan 6Сʱ_mousemovements
53.2727334375 0 0 790.1084285 0 0 0 0 102.793644 27.522936 0 77.049042 26.720782142857143 353.275982 0 84.49797050000001 0.1111111111111111 0.05555555555555555 0.0 0.05555555555555555 0.3888888888888889 0.2777777777777778 0.0 0.1111111111111111 35.2547911884058 0 0 1.0 0.0 0.0 0.8888888888888888 0.0 0.0 0.1111111111111111 0.0 0.0 0.0 0.0 0.65625 0.25 0.046875 0.046875 0.0 leishengchuan 6Сʱ_mousemovements
73.55861792307692 201.921829 0 1217.224121 0 0 0 0 51.223299 348.22332675 0 201.921829 52.68706066666667 214.6251835 30.278233333333333 0 0.13333333333333333 0.26666666666666666 0.0 0.06666666666666667 0.2 0.13333333333333333 0.2 0.0 40.95531005172414 0 0 1.0 0.0 0.0 0.8666666666666667 0.06666666666666667 0.0 0.06666666666666667 0.0 0.0 0.0 0.0 0.6346153846153846 0.21153846153846154 0.057692307692307696 0.09615384615384616 0.0 leishengchuan 6Сʱ_mousemovements
54.43729214285714 171.492096 0 363.750122 0 0 174.41478 0 122.28088 147.917454 0 25.200900999999998 114.82483099999999 83.67410775 0 30.891981 0.11764705882352941 0.11764705882352941 0.0 0.17647058823529413 0.23529411764705882 0.23529411764705882 0.0 0.11764705882352941 28.858413490196078 0 0 1.0 0.0 0.0 0.8235294117647058 0.058823529411764705 0.0 0.058823529411764705 0.0 0.0 0.058823529411764705 0.0 0.625 0.2916666666666667 0.020833333333333332 0.0 0.0625 leishengchuan 6Сʱ_mousemovements
