35.21319630000001 553.5485414 1595.2091266666664 2061.4576415 0 624.191711 0 0 852.47644 1114.21750625 1201.681456 148.6022435 38.5702152 2143.6444395 1172.3611274285715 402.991913 0.03571428571428571 0.14285714285714285 0.07142857142857142 0.14285714285714285 0.17857142857142858 0.14285714285714285 0.25 0.03571428571428571 317.6969366125 30.544823 59.4418095 0.9411764705882353 0.011764705882352941 0.047058823529411764 0.35714285714285715 0.17857142857142858 0.21428571428571427 0.21428571428571427 0.0 0.03571428571428571 0.0 0.0 0.5375 0.2625 0.1 0.05 0.05 leishengchuan 1Сʱ_mousemovements
87.065994 343.218475 0 502.025955 1052.3977815 412.405579 0 0 0 391.0066933333333 1852.879395 426.166473 15.1010435 243.489156 0 0 0.0 0.3 0.1 0.1 0.2 0.3 0.0 0.0 92.91762886842105 0 170.46640150000002 0.9047619047619048 0.0 0.09523809523809523 0.4 0.1 0.0 0.2 0.2 0.1 0.0 0.0 0.2972972972972973 0.5405405405405406 0.08108108108108109 0.08108108108108109 0.0 leishengchuan 1Сʱ_mousemovements
95.307419 275.732966 1095.950394 0 1396.2125043333333 2681.778809 0 0 1009.317078 95.307419 0 1912.910889 275.732966 2681.778809 0 772.6997225 0.1 0.1 0.0 0.2 0.3 0.1 0.0 0.2 268.7340960285714 0 144.78251649999999 0.8974358974358975 0.0 0.10256410256410256 0.1 0.3 0.2 0.0 0.3 0.1 0.0 0.0 0.11764705882352941 0.7647058823529411 0.08823529411764706 0.029411764705882353 0.0 leishengchuan 1Сʱ_mousemovements
169.03198600000002 607.333984 578.8142395 1325.2994385 3284.6521000000002 980.035828 0 0 1061.17967225 105.359703 0 600.583984 1997.4816285000002 232.704269 1222.3994752499998 0 0.3076923076923077 0.07692307692307693 0.0 0.07692307692307693 0.15384615384615385 0.07692307692307693 0.3076923076923077 0.0 314.11235618181814 0.0 82.32804366666666 0.9166666666666666 0.020833333333333332 0.0625 0.15384615384615385 0.15384615384615385 0.3076923076923077 0.15384615384615385 0.15384615384615385 0.07692307692307693 0.0 0.0 0.275 0.55 0.075 0.1 0.0 leishengchuan 1Сʱ_mousemovements
92.286736 221.437119 0 1390.6597745 1926.6135456666668 0 0 0 92.286736 434.18869 1729.761835666667 0 0 1579.5615540000001 0 0 0.14285714285714285 0.14285714285714285 0.42857142857142855 0.0 0.0 0.2857142857142857 0.0 0.0 280.2403964137931 0 186.97813625 0.8787878787878788 0.0 0.12121212121212122 0.14285714285714285 0.14285714285714285 0.0 0.2857142857142857 0.42857142857142855 0.0 0.0 0.0 0.4074074074074074 0.37037037037037035 0.1111111111111111 0.07407407407407407 0.037037037037037035 leishengchuan 1Сʱ_mousemovements
166.61307566666667 373.5290336666667 1177.9903605 747.252792 2313.28418 1466.404419 0 0 174.293686 1097.4637756666666 135.2652075 0 1466.404419 2313.28418 777.9496763333333 585.276299 0.07142857142857142 0.21428571428571427 0.14285714285714285 0.0 0.07142857142857142 0.07142857142857142 0.21428571428571427 0.21428571428571427 196.89018714285712 0.0 96.78857883333335 0.8888888888888888 0.015873015873015872 0.09523809523809523 0.21428571428571427 0.21428571428571427 0.2857142857142857 0.14285714285714285 0.07142857142857142 0.07142857142857142 0.0 0.0 0.4 0.48 0.06 0.02 0.04 leishengchuan 1Сʱ_mousemovements
294.2419607777777 482.9319674 434.977997 2288.3637085 547.666687 0 0 0 1056.6681596666665 58.3939955 395.558174 190.513962 1249.6586813333333 0 1146.4294281666666 100.98720300000001 0.15 0.1 0.1 0.05 0.15 0.0 0.3 0.15 246.02160029824563 172.092972 167.26880216666663 0.890625 0.015625 0.09375 0.45 0.25 0.05 0.2 0.05 0.0 0.0 0.0 0.36065573770491804 0.45901639344262296 0.06557377049180328 0.04918032786885246 0.06557377049180328 leishengchuan 1Сʱ_mousemovements
0 608.0694021666667 721.813263 1652.6920777500002 0 1787.883545 0 0 864.5684459999999 294.015808 1364.5752502 113.567078 997.0586753333332 207.798233 0 1316.4979250000001 0.1875 0.0625 0.3125 0.0625 0.1875 0.0625 0.0 0.125 256.9505845660377 0 291.1076574285714 0.8833333333333333 0.0 0.11666666666666667 0.0 0.375 0.3125 0.25 0.0 0.0625 0.0 0.0 0.16981132075471697 0.660377358490566 0.07547169811320754 0.09433962264150944 0.0 leishengchuan 1Сʱ_mousemovements
116.5288445 795.1876375 1064.0180816666664 1434.6682739999999 1274.3750406666668 1780.8111265000002 0 0 505.926834 1317.621216 1890.637024 589.8674316666667 35.284393 1196.0024513333335 769.84521475 882.5267295 0.1 0.05 0.2 0.15 0.05 0.15 0.2 0.1 368.47922947169815 246.941559 88.25265475 0.9137931034482759 0.017241379310344827 0.06896551724137931 0.2 0.1 0.3 0.15 0.15 0.1 0.0 0.0 0.35185185185185186 0.48148148148148145 0.09259259259259259 0.037037037037037035 0.037037037037037035 leishengchuan 1Сʱ_mousemovements
58.71908733333333 472.06230166666666 1407.188045 1602.7175755 2479.4143066 896.422363 3223.536865 3271.170898 274.222931 1332.8769532000001 1611.7633055000001 12.408726 46.875 1725.2761918333335 1307.7572367000002 816.866333 0.06896551724137931 0.1724137931034483 0.06896551724137931 0.034482758620689655 0.06896551724137931 0.20689655172413793 0.3448275862068966 0.034482758620689655 377.2584032500001 37.672106 1.37362625 0.9387755102040817 0.02040816326530612 0.04081632653061224 0.3103448275862069 0.10344827586206896 0.2413793103448276 0.06896551724137931 0.1724137931034483 0.034482758620689655 0.034482758620689655 0.034482758620689655 0.5157894736842106 0.3263157894736842 0.08421052631578947 0.05263157894736842 0.021052631578947368 leishengchuan 1Сʱ_mousemovements
30.569661666666665 226.9978822 303.118993 1936.5911864999998 1682.785034 1985.8858645 986.729553 874.847107 559.417061 128.036543 1064.1904118333334 102.84204299999999 0 717.8140360000001 2396.460938 504.86718 0.1111111111111111 0.1111111111111111 0.3333333333333333 0.1111111111111111 0.0 0.16666666666666666 0.05555555555555555 0.1111111111111111 212.89984894827586 0 168.16856171428572 0.8923076923076924 0.0 0.1076923076923077 0.16666666666666666 0.2777777777777778 0.16666666666666666 0.1111111111111111 0.05555555555555555 0.1111111111111111 0.05555555555555555 0.05555555555555555 0.08928571428571429 0.6071428571428571 0.10714285714285714 0.125 0.07142857142857142 leishengchuan 1Сʱ_mousemovements
99.76274585714286 911.3960450000001 1138.9941893999999 1417.7487851249998 2039.7238056666667 0 0 0 181.464409 914.83882325 2218.6988525 0 156.083395125 1102.6069742000002 1051.9397514999998 204.46198533333336 0.05263157894736842 0.10526315789473684 0.15789473684210525 0.0 0.21052631578947367 0.13157894736842105 0.2631578947368421 0.07894736842105263 392.2328755955056 0 106.74560033333334 0.967391304347826 0.0 0.03260869565217391 0.3684210526315789 0.13157894736842105 0.13157894736842105 0.21052631578947367 0.15789473684210525 0.0 0.0 0.0 0.5882352941176471 0.24705882352941178 0.11764705882352941 0.047058823529411764 0.0 leishengchuan 1Сʱ_mousemovements
54.3055705 452.426422 1837.9263645555557 2121.05204025 1831.4219054999999 2743.481689 743.713623 0 474.954666 1356.0494142000002 1849.4804840000004 0 0 1788.0369272857145 1425.3537373 21.699591333333334 0.06060606060606061 0.15151515151515152 0.18181818181818182 0.0 0.0 0.21212121212121213 0.30303030303030304 0.09090909090909091 485.6953339999999 27.705179 92.9125408 0.9393939393939394 0.010101010101010102 0.050505050505050504 0.24242424242424243 0.06060606060606061 0.2727272727272727 0.24242424242424243 0.12121212121212122 0.030303030303030304 0.030303030303030304 0.0 0.5263157894736842 0.37894736842105264 0.021052631578947368 0.05263157894736842 0.021052631578947368 leishengchuan 1Сʱ_mousemovements
97.77193716666666 1048.18335 1334.52137775 1309.3898239999999 1636.3451333333335 3324.393555 0 0 0 1669.9863993333336 1233.3030395 456.53906233333333 785.178118 69.817329 1497.9634613333335 484.875969 0.0 0.15789473684210525 0.10526315789473684 0.15789473684210525 0.10526315789473684 0.05263157894736842 0.3157894736842105 0.10526315789473684 383.86602969230773 0 80.47586516666667 0.896551724137931 0.0 0.10344827586206896 0.3157894736842105 0.05263157894736842 0.21052631578947367 0.21052631578947367 0.15789473684210525 0.05263157894736842 0.0 0.0 0.32075471698113206 0.6037735849056604 0.03773584905660377 0.0 0.03773584905660377 leishengchuan 1Сʱ_mousemovements
76.94103716666666 547.30039225 1367.77072125 2000.2046967499998 2451.017578 3341.682251 0 0 0 776.7196914 2270.331604333333 0 28.971565 1746.4381840000003 1374.697133 874.27173425 0.0 0.22727272727272727 0.13636363636363635 0.0 0.045454545454545456 0.13636363636363635 0.2727272727272727 0.18181818181818182 346.6060621898734 28.971565 148.649322 0.9634146341463414 0.012195121951219513 0.024390243902439025 0.2727272727272727 0.18181818181818182 0.18181818181818182 0.18181818181818182 0.09090909090909091 0.09090909090909091 0.0 0.0 0.5569620253164557 0.31645569620253167 0.11392405063291139 0.0 0.012658227848101266 leishengchuan 1Сʱ_mousemovements
12.635686 164.350601 1485.7574402 1413.2376199999999 1558.9163206666665 2476.265625 0 0 414.182922 1468.024887 1784.9976805 1815.263672 19.786911 2304.6617429999997 941.0890825 0 0.06666666666666667 0.13333333333333333 0.13333333333333333 0.06666666666666667 0.06666666666666667 0.13333333333333333 0.4 0.0 346.75751364150943 0 126.59767960000002 0.9137931034482759 0.0 0.08620689655172414 0.13333333333333333 0.06666666666666667 0.3333333333333333 0.2 0.2 0.06666666666666667 0.0 0.0 0.24528301886792453 0.6415094339622641 0.05660377358490566 0.03773584905660377 0.018867924528301886 leishengchuan 1Сʱ_mousemovements
221.136022 331.146923 1899.393066 2140.4733275999997 1848.3716226666668 1979.6907956666666 0 0 212.82785 1621.4714353333336 2733.8725585 0 0 1600.8368876 1151.017751 313.486336 0.1 0.15 0.1 0.0 0.0 0.25 0.3 0.1 412.80200007936514 0 72.1381835 0.9402985074626866 0.0 0.05970149253731343 0.2 0.2 0.05 0.25 0.15 0.15 0.0 0.0 0.484375 0.328125 0.09375 0.0625 0.03125 leishengchuan 1Сʱ_mousemovements
7.112376 0 814.42879075 703.2724455 2843.782471 0 994.3503415 0 1211.005615 0 714.2820330000001 392.403722 0 0 1636.6236419999998 455.3255 0.1 0.0 0.3 0.2 0.0 0.0 0.3 0.1 292.89120380645164 0 141.409422 0.9117647058823529 0.0 0.08823529411764706 0.1 0.0 0.4 0.2 0.1 0.0 0.2 0.0 0.2413793103448276 0.5172413793103449 0.1724137931034483 0.06896551724137931 0.0 leishengchuan 1Сʱ_mousemovements
62.503891 368.30741900000004 1116.926095 1330.2436278 2420.9959306666665 1003.497498 0 1329.995728 92.2716195 473.7259215 1914.1086882500001 486.652832 485.784729 1329.995728 1467.9214011428571 567.8139026 0.08 0.08 0.16 0.08 0.08 0.04 0.28 0.2 359.4194863333334 31.595577 115.426624 0.9452054794520548 0.0136986301369863 0.0410958904109589 0.24 0.08 0.28 0.2 0.12 0.04 0.0 0.04 0.5217391304347826 0.2753623188405797 0.11594202898550725 0.057971014492753624 0.028985507246376812 leishengchuan 1Сʱ_mousemovements
14.211945 0 574.28125 0 0 0 0 0 14.211945 0 574.28125 0 0 0 0 0 0.5 0.0 0.5 0.0 0.0 0.0 0.0 0.0 71.78515625 0 14.211945 0.8888888888888888 0.0 0.1111111111111111 0.5 0.0 0.5 0.0 0.0 0.0 0.0 0.0 0.125 0.5 0.125 0.25 0.0 leishengchuan 1Сʱ_mousemovements
36.978697000000004 142.0812375 1309.0090635 1525.817516375 2459.617218 3065.6914065 3592.026001 0 0 1819.9797669999996 2269.8874513333335 841.8941305 30.511496 1249.833084 2024.581892111111 28.796368 0.0 0.21739130434782608 0.13043478260869565 0.08695652173913043 0.043478260869565216 0.08695652173913043 0.391304347826087 0.043478260869565216 529.0325354929578 28.796368 195.86353074999997 0.9342105263157895 0.013157894736842105 0.05263157894736842 0.13043478260869565 0.08695652173913043 0.08695652173913043 0.34782608695652173 0.17391304347826086 0.08695652173913043 0.08695652173913043 0.0 0.5694444444444444 0.3472222222222222 0.041666666666666664 0.013888888888888888 0.027777777777777776 leishengchuan 1Сʱ_mousemovements
59.599006800000005 496.691803 821.6175106000001 1156.511353 2203.830872 3392.799561 0 0 10.652772 3392.799561 1052.3108216666667 321.805389 139.185959 1156.511353 1152.8927122 227.69489850000002 0.058823529411764705 0.058823529411764705 0.17647058823529413 0.058823529411764705 0.058823529411764705 0.058823529411764705 0.29411764705882354 0.23529411764705882 242.08950618032785 0 14.278462833333334 0.9104477611940298 0.0 0.08955223880597014 0.29411764705882354 0.17647058823529413 0.29411764705882354 0.058823529411764705 0.11764705882352941 0.058823529411764705 0.0 0.0 0.3333333333333333 0.5079365079365079 0.09523809523809523 0.031746031746031744 0.031746031746031744 leishengchuan 1Сʱ_mousemovements
34.41624125 164.79582200000002 1299.7169035 2823.3538574 1707.9527831999999 3684.116943 0 198.052475 16.355267 601.352295 1905.3075390000001 620.299133 68.484146 1871.6714997500003 1588.2897222499998 112.5915275 0.037037037037037035 0.07407407407407407 0.2962962962962963 0.037037037037037035 0.037037037037037035 0.14814814814814814 0.2962962962962963 0.07407407407407407 420.6685700229884 133.26831049999998 117.29801116666668 0.9157894736842105 0.021052631578947368 0.06315789473684211 0.14814814814814814 0.1111111111111111 0.2962962962962963 0.18518518518518517 0.18518518518518517 0.037037037037037035 0.0 0.037037037037037035 0.5280898876404494 0.33707865168539325 0.06741573033707865 0.056179775280898875 0.011235955056179775 leishengchuan 1Сʱ_mousemovements
0 0 0 0 0 0 0 0 0 0 0 0 0 0 0 0 0 0 0 0 0 0 0 0 0 0 0 0 0 0 0 0 0 0 0 0 0 0 0 0 0 0 0 leishengchuan 1Сʱ_mousemovements
0 0 0 0 0 0 0 0 0 0 0 0 0 0 0 0 0 0 0 0 0 0 0 0 0 0 0 0 0 0 0 0 0 0 0 0 0 0 0 0 0 0 0 leishengchuan 1Сʱ_mousemovements
47.85076371428572 1028.4750515 1057.666168125 1900.20336925 1626.9910076666667 2176.4416499999998 0 3925.065918 0 1330.3092629999999 1808.216202 0 16.0 1245.6283875714287 1287.5954401111112 571.4436844999999 0.0 0.16666666666666666 0.13333333333333333 0.0 0.03333333333333333 0.23333333333333334 0.3 0.13333333333333333 379.1758791630436 610.2156580000001 77.86626720000001 0.9292929292929293 0.020202020202020204 0.050505050505050504 0.23333333333333334 0.06666666666666667 0.26666666666666666 0.13333333333333333 0.2 0.06666666666666667 0.0 0.03333333333333333 0.5053763440860215 0.3655913978494624 0.0967741935483871 0.010752688172043012 0.021505376344086023 leishengchuan 1Сʱ_mousemovements
98.75292233333334 372.712494 975.317856 1906.9542235 780.468811 0 939.670166 0 0 706.903061 2641.549316 1324.4294435 80.645161 457.71862799999997 0 372.712494 0.0 0.2 0.1 0.2 0.2 0.2 0.0 0.1 192.7496917567568 0 340.63860066666666 0.925 0.0 0.075 0.3 0.1 0.2 0.2 0.1 0.0 0.1 0.0 0.5588235294117647 0.23529411764705882 0.14705882352941177 0.058823529411764705 0.0 leishengchuan 1Сʱ_mousemovements
93.35368919999999 646.5751035000001 894.4401566666667 3094.599854 1999.1277335714283 3251.628906 0 1550.629639 405.72653775 792.5214950000001 1363.2096311999999 206.208176 502.65599100000003 724.0435433333333 1780.8728196666664 177.16654799999998 0.12903225806451613 0.16129032258064516 0.16129032258064516 0.03225806451612903 0.06451612903225806 0.0967741935483871 0.2903225806451613 0.06451612903225806 341.23763356989247 10.364896 70.32270416666667 0.93 0.01 0.06 0.3225806451612903 0.06451612903225806 0.2903225806451613 0.03225806451612903 0.22580645161290322 0.03225806451612903 0.0 0.03225806451612903 0.42105263157894735 0.42105263157894735 0.09473684210526316 0.031578947368421054 0.031578947368421054 leishengchuan 1Сʱ_mousemovements
0 0 1060.998764 308.769592 1706.724243 0 3565.92749 0 0 1575.0312345 308.769592 0 0 3086.4717404999997 1637.570801 0 0.0 0.3333333333333333 0.16666666666666666 0.0 0.0 0.3333333333333333 0.16666666666666666 0.0 608.9209306111111 0 154.384796 0.9 0.0 0.1 0.0 0.0 0.3333333333333333 0.16666666666666666 0.16666666666666666 0.0 0.3333333333333333 0.0 0.29411764705882354 0.5882352941176471 0.058823529411764705 0.058823529411764705 0.0 leishengchuan 1Сʱ_mousemovements
63.084399714285716 1078.359955 918.9720886000001 1723.20034775 2115.8607586666662 1398.4572753333332 0 0 701.951228 686.5529785 1683.4460196666669 12.812634 127.2481744 1471.849894 1490.7201172 1790.712585 0.125 0.08333333333333333 0.125 0.041666666666666664 0.20833333333333334 0.125 0.20833333333333334 0.08333333333333333 360.6967143970588 12.812634 29.579143666666667 0.9444444444444444 0.013888888888888888 0.041666666666666664 0.2916666666666667 0.08333333333333333 0.20833333333333334 0.16666666666666666 0.125 0.125 0.0 0.0 0.4411764705882353 0.39705882352941174 0.08823529411764706 0.07352941176470588 0.0 leishengchuan 1Сʱ_mousemovements
44.438407 180.6637265 1419.8127445 1271.35375225 1224.622294 783.88678 0 0 453.201996 1022.5152285 2009.957316 541.9421615 20.756483 702.779297 728.3963166666667 312.284973 0.07142857142857142 0.14285714285714285 0.21428571428571427 0.14285714285714285 0.07142857142857142 0.07142857142857142 0.21428571428571427 0.07142857142857142 269.7473226222222 20.756483 112.26873766666665 0.8653846153846154 0.019230769230769232 0.11538461538461539 0.14285714285714285 0.14285714285714285 0.14285714285714285 0.2857142857142857 0.21428571428571427 0.07142857142857142 0.0 0.0 0.24444444444444444 0.6222222222222222 0.06666666666666667 0.044444444444444446 0.022222222222222223 leishengchuan 1Сʱ_mousemovements
47.8116806 871.0572205 994.0549272857143 2799.313232 2084.2100222500003 1242.311768 1488.938599 4206.222656 0 1478.2981133333333 1679.298096 299.228851 0 1739.3321126666667 1246.779175 683.983139 0.0 0.13636363636363635 0.045454545454545456 0.09090909090909091 0.0 0.13636363636363635 0.5 0.09090909090909091 355.6714641621622 13.327362 170.04199225 0.9367088607594937 0.012658227848101266 0.05063291139240506 0.22727272727272727 0.09090909090909091 0.3181818181818182 0.045454545454545456 0.18181818181818182 0.045454545454545456 0.045454545454545456 0.045454545454545456 0.4794520547945205 0.3561643835616438 0.1095890410958904 0.0273972602739726 0.0273972602739726 leishengchuan 1Сʱ_mousemovements
109.32557924999999 265.2820285 854.73806 520.458435 3163.656494 852.73468 548.962646 2437.190918 71.03885749999999 1432.2239835 0 212.748932 82.47567 1201.7997843333333 213.657761 215.090302 0.15384615384615385 0.3076923076923077 0.0 0.07692307692307693 0.07692307692307693 0.23076923076923078 0.07692307692307693 0.07692307692307693 227.59742085365858 0 217.212853 0.9111111111111111 0.0 0.08888888888888889 0.3076923076923077 0.15384615384615385 0.15384615384615385 0.07692307692307693 0.07692307692307693 0.07692307692307693 0.07692307692307693 0.07692307692307693 0.3684210526315789 0.47368421052631576 0.07894736842105263 0.07894736842105263 0.0 leishengchuan 1Сʱ_mousemovements
65.52568000000001 185.8983305 752.25927725 1516.0016174 2223.8756106666665 4896.980469 3723.334961 0 857.0623169999999 731.8876478 1941.955933 299.027786 28.113257500000003 2817.66862 1679.0587525 107.15230550000001 0.08695652173913043 0.21739130434782608 0.043478260869565216 0.08695652173913043 0.08695652173913043 0.13043478260869565 0.2608695652173913 0.08695652173913043 358.15854375000004 29.132128 149.15276683333335 0.9113924050632911 0.012658227848101266 0.0759493670886076 0.30434782608695654 0.08695652173913043 0.17391304347826086 0.21739130434782608 0.13043478260869565 0.043478260869565216 0.043478260869565216 0.0 0.40540540540540543 0.4594594594594595 0.08108108108108109 0.013513513513513514 0.04054054054054054 leishengchuan 1Сʱ_mousemovements
55.521724666666664 458.55055200000004 1122.38884 0 2277.078125 3401.540771 0 0 0 1643.1954805 811.2888666666666 171.12237149999999 46.429935 0 3401.540771 1773.667969 0.0 0.2 0.3 0.2 0.1 0.0 0.1 0.1 383.3646829310345 46.429935 60.06761949999999 0.90625 0.03125 0.0625 0.3 0.2 0.2 0.0 0.2 0.1 0.0 0.0 0.36666666666666664 0.4666666666666667 0.06666666666666667 0.03333333333333333 0.06666666666666667 leishengchuan 1Сʱ_mousemovements
73.012161 517.880473 775.5219788 1446.7090300000002 2225.415039 2122.058390333333 0 0 0 516.6512145 1446.2447510000002 175.4133 0 1712.7000933333331 1149.64244275 0 0.0 0.11764705882352941 0.17647058823529413 0.058823529411764705 0.0 0.17647058823529413 0.47058823529411764 0.0 346.16052246428575 0 99.54010919999999 0.9180327868852459 0.0 0.08196721311475409 0.058823529411764705 0.17647058823529413 0.29411764705882354 0.23529411764705882 0.058823529411764705 0.17647058823529413 0.0 0.0 0.43636363636363634 0.43636363636363634 0.07272727272727272 0.01818181818181818 0.03636363636363636 leishengchuan 1Сʱ_mousemovements
62.55672150000001 687.3199425 1864.4822692500002 1639.6682855 0 4027.287842 3716.829346 0 232.6580295 1583.55094925 993.8800965 119.2718695 545.4146920000001 1748.0402426666667 1700.6731886363639 0 0.07692307692307693 0.15384615384615385 0.07692307692307693 0.07692307692307693 0.07692307692307693 0.11538461538461539 0.4230769230769231 0.0 389.0623242117647 43.78788 159.0155895 0.9239130434782609 0.010869565217391304 0.06521739130434782 0.15384615384615385 0.3076923076923077 0.15384615384615385 0.3076923076923077 0.0 0.038461538461538464 0.038461538461538464 0.0 0.45977011494252873 0.42528735632183906 0.04597701149425287 0.011494252873563218 0.05747126436781609 leishengchuan 1Сʱ_mousemovements
52.492287857142856 602.5335662 2224.896484 2666.1986085 0 2118.7301024999997 0 0 67.244385 691.7439422499999 1030.0775096666669 0 153.04661466666667 0 1731.4193041666667 1320.1098025000001 0.05263157894736842 0.21052631578947367 0.15789473684210525 0.0 0.15789473684210525 0.0 0.3157894736842105 0.10526315789473684 284.6211913030303 71.718979 185.20345066666667 0.9428571428571428 0.014285714285714285 0.04285714285714286 0.3684210526315789 0.2631578947368421 0.05263157894736842 0.10526315789473684 0.0 0.21052631578947367 0.0 0.0 0.5 0.3088235294117647 0.08823529411764706 0.058823529411764705 0.04411764705882353 leishengchuan 1Сʱ_mousemovements
81.52095800000001 100.746117 764.894923 1533.8981935000002 941.9446715 2741.146729 3228.241943 0 1458.7510730000001 0 492.950928 130.2337075 0 1809.266662666667 1410.6647685 100.746117 0.25 0.0 0.08333333333333333 0.16666666666666666 0.0 0.25 0.16666666666666666 0.08333333333333333 294.10477050000003 0 107.78746039999999 0.8979591836734694 0.0 0.10204081632653061 0.16666666666666666 0.08333333333333333 0.25 0.16666666666666666 0.16666666666666666 0.08333333333333333 0.08333333333333333 0.0 0.36585365853658536 0.4634146341463415 0.07317073170731707 0.04878048780487805 0.04878048780487805 leishengchuan 1Сʱ_mousemovements
92.047069375 480.0776124 1430.9954046666664 1031.506724 3025.3452150000003 2400.746094 0 1364.05481 142.532578 1364.05481 1742.8015444999999 488.87146 34.518289 1172.9827461666669 1573.8320954 128.2347815 0.07692307692307693 0.038461538461538464 0.15384615384615385 0.038461538461538464 0.11538461538461539 0.23076923076923078 0.19230769230769232 0.15384615384615385 313.6387745394736 33.131924 127.17829366666666 0.9156626506024096 0.012048192771084338 0.07228915662650602 0.3076923076923077 0.19230769230769232 0.23076923076923078 0.11538461538461539 0.07692307692307693 0.038461538461538464 0.0 0.038461538461538464 0.44594594594594594 0.4189189189189189 0.05405405405405406 0.06756756756756757 0.013513513513513514 leishengchuan 1Сʱ_mousemovements
50.90316166666667 915.274902 1138.3567812000001 1425.2875163333335 941.43956 3647.630371 3399.710449 2472.571045 1961.2487185 928.1333318000001 1299.709717 0 41.4366045 1584.325863 1663.401238833333 12.0 0.09523809523809523 0.23809523809523808 0.09523809523809523 0.0 0.09523809523809523 0.14285714285714285 0.2857142857142857 0.047619047619047616 510.95949104 8.1032725 142.22022133333334 0.9090909090909091 0.03636363636363636 0.05454545454545454 0.2857142857142857 0.047619047619047616 0.23809523809523808 0.14285714285714285 0.09523809523809523 0.047619047619047616 0.09523809523809523 0.047619047619047616 0.41509433962264153 0.37735849056603776 0.11320754716981132 0.03773584905660377 0.05660377358490566 leishengchuan 1Сʱ_mousemovements
124.857111 250.06772899999999 0 930.4455565 2086.11377 0 0 0 0 1265.7160035 856.589142 137.0736095 186.41004933333332 35.017365 208.488602 0 0.0 0.18181818181818182 0.18181818181818182 0.18181818181818182 0.2727272727272727 0.09090909090909091 0.09090909090909091 0.0 109.53726816666668 2.066116 179.7155615 0.8936170212765957 0.02127659574468085 0.0851063829787234 0.45454545454545453 0.2727272727272727 0.0 0.18181818181818182 0.09090909090909091 0.0 0.0 0.0 0.23809523809523808 0.5952380952380952 0.07142857142857142 0.07142857142857142 0.023809523809523808 leishengchuan 1Сʱ_mousemovements
65.3551722 218.03534666666667 1648.1972412000002 270.442993 1965.519104 3695.997314 1308.516724 0 0 1033.2409463333333 1058.634201 178.57900600000002 54.28186733333334 971.234562 1834.929696875 0 0.0 0.15 0.1 0.1 0.15 0.1 0.4 0.0 410.3029152641509 78.0557975 152.24515 0.9137931034482759 0.034482758620689655 0.05172413793103448 0.25 0.15 0.25 0.05 0.2 0.05 0.05 0.0 0.46 0.44 0.02 0.06 0.02 leishengchuan 1Сʱ_mousemovements
41.67149199999999 0 1830.549702666667 584.686905 1888.626053 3266.3013915 1008.260132 0 596.838928 1008.260132 1632.712606 296.474762 45.690746 1165.40071425 2087.3128052 21.178236 0.058823529411764705 0.058823529411764705 0.17647058823529413 0.058823529411764705 0.058823529411764705 0.23529411764705882 0.29411764705882354 0.058823529411764705 335.80720803125 0 78.84769849999999 0.9142857142857143 0.0 0.08571428571428572 0.29411764705882354 0.0 0.17647058823529413 0.11764705882352941 0.23529411764705882 0.11764705882352941 0.058823529411764705 0.0 0.3283582089552239 0.5522388059701493 0.029850746268656716 0.04477611940298507 0.04477611940298507 leishengchuan 1Сʱ_mousemovements
0 283.280334 374.512146 0 441.373566 0 3319.148926 0 0 1880.261246 374.512146 0 0 0 0 283.280334 0.0 0.5 0.25 0.0 0.0 0.0 0.0 0.25 211.90760352941174 0 407.942856 0.8947368421052632 0.0 0.10526315789473684 0.0 0.25 0.25 0.0 0.25 0.0 0.25 0.0 0.14285714285714285 0.7857142857142857 0.0 0.07142857142857142 0.0 leishengchuan 1Сʱ_mousemovements
62.5 0 399.719925 367.611664 2552.659424 504.364899 0 0 0 298.686798 0 0 62.5 502.5589755 1460.135544 0 0.0 0.16666666666666666 0.0 0.0 0.16666666666666666 0.3333333333333333 0.3333333333333333 0.0 100.58305476923077 0 417.85410325 0.8666666666666667 0.0 0.13333333333333333 0.16666666666666666 0.0 0.3333333333333333 0.16666666666666666 0.16666666666666666 0.16666666666666666 0.0 0.0 0.18181818181818182 0.6363636363636364 0.045454545454545456 0.09090909090909091 0.045454545454545456 leishengchuan 1Сʱ_mousemovements
20.9602245 94.531013 411.058685 715.3935803333334 1456.5220490000002 2710.859131 0 0 250.406586 1043.1124726666667 2710.859131 0 210.6165515 1679.480835 31.746031 94.531013 0.1 0.3 0.1 0.0 0.2 0.1 0.1 0.1 108.46988185074629 86.23439975 235.05814466666666 0.9054054054054054 0.05405405405405406 0.04054054054054054 0.2 0.1 0.1 0.3 0.2 0.1 0.0 0.0 0.6029411764705882 0.3382352941176471 0.0 0.029411764705882353 0.029411764705882353 leishengchuan 1Сʱ_mousemovements
99.66302383333334 348.04434212499996 736.0909972000001 1490.535698 0 2194.1046145 0 0 206.3640195 837.6918548000001 327.386627 497.36026375 183.38124033333335 2004.0264895 1175.6244100000001 585.0939026666666 0.08 0.2 0.12 0.16 0.12 0.08 0.12 0.12 255.72160976119403 0.0 55.9584066 0.9178082191780822 0.0136986301369863 0.0684931506849315 0.24 0.32 0.2 0.16 0.0 0.08 0.0 0.0 0.25 0.5588235294117647 0.07352941176470588 0.058823529411764705 0.058823529411764705 leishengchuan 1Сʱ_mousemovements
24.385699000000002 249.029648 1119.9121705 456.152435 0 1792.0844419999999 0 0 0 615.3207855 2575.831543 6.043648 0.0 1236.8362730000001 158.0715485 0 0.0 0.2222222222222222 0.1111111111111111 0.1111111111111111 0.1111111111111111 0.2222222222222222 0.2222222222222222 0.0 195.9039636451613 0 176.43651066666666 0.9117647058823529 0.0 0.08823529411764706 0.3333333333333333 0.1111111111111111 0.2222222222222222 0.1111111111111111 0.0 0.2222222222222222 0.0 0.0 0.23333333333333334 0.6333333333333333 0.03333333333333333 0.06666666666666667 0.03333333333333333 leishengchuan 1Сʱ_mousemovements
55.85780475000001 679.33771875 961.01535 1324.575577 2377.914673 2379.8953043333336 2516.672852 0 195.03363 1328.3251926666665 1557.7784563333332 160.940048 322.788999 1907.17926 1937.7035015555552 212.31369750000002 0.038461538461538464 0.23076923076923078 0.11538461538461539 0.038461538461538464 0.07692307692307693 0.07692307692307693 0.34615384615384615 0.07692307692307693 416.5316790843373 28.863337 120.36048816666668 0.9222222222222223 0.011111111111111112 0.06666666666666667 0.15384615384615385 0.15384615384615385 0.11538461538461539 0.23076923076923078 0.07692307692307693 0.23076923076923078 0.038461538461538464 0.0 0.45121951219512196 0.3902439024390244 0.12195121951219512 0.012195121951219513 0.024390243902439025 leishengchuan 1Сʱ_mousemovements
52.315391999999996 271.065282 1014.5284423999999 2291.450684 2278.4697265 822.390503 0 0 221.848373 0 1156.9260256666666 0 1271.7321829999998 0 733.9982868571427 898.220886 0.125 0.0 0.1875 0.0 0.1875 0.0 0.4375 0.0625 258.77095549056605 0 10.203925 0.9137931034482759 0.0 0.08620689655172414 0.25 0.1875 0.3125 0.0625 0.125 0.0625 0.0 0.0 0.30612244897959184 0.5102040816326531 0.10204081632653061 0.061224489795918366 0.02040816326530612 leishengchuan 1Сʱ_mousemovements
79.421014 327.926094 1484.8585205 1126.8333984 1607.8249413333333 1499.505981 0 0 315.441254 2006.211792 703.383092 483.3833213333333 43.25 1115.615356 1869.4376527499999 365.07019019999996 0.05 0.05 0.15 0.15 0.1 0.05 0.2 0.25 264.87996955932203 0 189.81275 0.9365079365079365 0.0 0.06349206349206349 0.3 0.15 0.1 0.25 0.15 0.05 0.0 0.0 0.2631578947368421 0.6666666666666666 0.07017543859649122 0.0 0.0 leishengchuan 1Сʱ_mousemovements
48.8676265 159.718414 1081.8799236666666 2086.329020333333 1699.053345 0 0 0 0 1337.7200625 1578.23880775 0 0 1056.449219 222.64496633333337 2447.407715 0.0 0.18181818181818182 0.36363636363636365 0.0 0.0 0.09090909090909091 0.2727272727272727 0.09090909090909091 323.1455062820513 0 111.50248880000001 0.8863636363636364 0.0 0.11363636363636363 0.18181818181818182 0.09090909090909091 0.2727272727272727 0.2727272727272727 0.18181818181818182 0.0 0.0 0.0 0.4 0.45 0.075 0.025 0.05 leishengchuan 1Сʱ_mousemovements
54.102343999999995 316.31799866666665 1401.5341664285713 1449.93179325 2094.165283 2726.500488 4688.694336 4362.285156 0 2235.113362666667 670.7677707500001 136.112244 42.775047 1887.2661536666667 1621.28694125 834.0616213333332 0.0 0.13043478260869565 0.17391304347826086 0.043478260869565216 0.043478260869565216 0.13043478260869565 0.34782608695652173 0.13043478260869565 382.89806873417723 42.775047 68.30914 0.9186046511627907 0.011627906976744186 0.06976744186046512 0.21739130434782608 0.13043478260869565 0.30434782608695654 0.17391304347826086 0.043478260869565216 0.043478260869565216 0.043478260869565216 0.043478260869565216 0.4375 0.4375 0.05 0.05 0.025 leishengchuan 1Сʱ_mousemovements
0 807.707825 0 1374.4241636666666 1075.9545285 0 0 0 0 387.594635 2103.2965085 0 0 1077.0832215 0 334.535278 0.0 0.16666666666666666 0.3333333333333333 0.0 0.0 0.3333333333333333 0.0 0.16666666666666666 276.5547591304348 0 240.709971 0.8846153846153846 0.0 0.11538461538461539 0.0 0.16666666666666666 0.0 0.5 0.3333333333333333 0.0 0.0 0.0 0.5238095238095238 0.42857142857142855 0.0 0.047619047619047616 0.0 leishengchuan 1Сʱ_mousemovements
31.521755624999997 185.266968 1813.4359285 1218.1504209999998 1873.0484820000001 0 2035.937988 264.53064 0 896.9939293333333 157.9484425 6.043648 26.737968 701.1542155000001 2016.0568150000001 114.18920633333333 0.0 0.13043478260869565 0.08695652173913043 0.043478260869565216 0.043478260869565216 0.2608695652173913 0.30434782608695654 0.13043478260869565 281.06542749999994 135.287144 70.004128 0.9620253164556962 0.02531645569620253 0.012658227848101266 0.34782608695652173 0.043478260869565216 0.17391304347826086 0.21739130434782608 0.13043478260869565 0.0 0.043478260869565216 0.043478260869565216 0.5333333333333333 0.30666666666666664 0.10666666666666667 0.04 0.013333333333333334 leishengchuan 1Сʱ_mousemovements
19.473784 503.34815360000005 1397.4878741666669 206.961075 1872.5529376666666 1645.8983764999998 0 306.232574 951.510803 694.126435 1163.9446622 699.7457274999999 5.825243 1528.5075683333332 1013.9641278333332 148.627426 0.047619047619047616 0.09523809523809523 0.23809523809523808 0.09523809523809523 0.047619047619047616 0.14285714285714285 0.2857142857142857 0.047619047619047616 312.90972861904766 306.232574 60.532183833333335 0.9 0.014285714285714285 0.08571428571428572 0.14285714285714285 0.23809523809523808 0.2857142857142857 0.047619047619047616 0.14285714285714285 0.09523809523809523 0.0 0.047619047619047616 0.24193548387096775 0.5806451612903226 0.11290322580645161 0.04838709677419355 0.016129032258064516 leishengchuan 1Сʱ_mousemovements
25.973352 236.85614775 1464.50011425 2015.6768058571429 1463.8553772 1868.9076535 0 1070.703979 0 864.90502525 1837.3782753333332 0 819.4023669999999 1586.69937125 2109.6867195714285 273.9482764 0.0 0.16 0.12 0.0 0.08 0.16 0.28 0.2 415.3062398701298 129.1062275 214.52816 0.927710843373494 0.024096385542168676 0.04819277108433735 0.08 0.16 0.16 0.28 0.2 0.08 0.0 0.04 0.46153846153846156 0.3974358974358974 0.07692307692307693 0.038461538461538464 0.02564102564102564 leishengchuan 1Сʱ_mousemovements
21.5213175 218.94747900000002 1805.344681 1074.9200071999999 1675.894989 4044.982666 1129.839722 0 0 648.2224833333333 2331.6644286666665 348.335846 21.5213175 755.497498 1851.9004667499999 369.312408 0.0 0.1875 0.1875 0.125 0.125 0.0625 0.25 0.0625 302.93930266666666 38.476425 129.395737 0.8769230769230769 0.015384615384615385 0.1076923076923077 0.125 0.1875 0.125 0.3125 0.125 0.0625 0.0625 0.0 0.3898305084745763 0.4576271186440678 0.06779661016949153 0.06779661016949153 0.01694915254237288 leishengchuan 1Сʱ_mousemovements
106.29593650000001 183.996811 236.77404025 1897.450439 0 2299.312744 2289.855225 2389.643311 210.729233 2389.643311 2299.312744 59.0096205 0 1307.3065035 1040.723625 253.090889 0.09090909090909091 0.09090909090909091 0.09090909090909091 0.18181818181818182 0.0 0.18181818181818182 0.18181818181818182 0.18181818181818182 203.4537154285714 0 62.678627000000006 0.9245283018867925 0.0 0.07547169811320754 0.18181818181818182 0.09090909090909091 0.36363636363636365 0.09090909090909091 0.0 0.09090909090909091 0.09090909090909091 0.09090909090909091 0.34782608695652173 0.4782608695652174 0.043478260869565216 0.043478260869565216 0.08695652173913043 leishengchuan 1Сʱ_mousemovements
52.50638975 833.430786 356.26886 754.050781 0 835.783386 0 165.651291 0 191.89589800000002 165.651291 149.21886966666668 4.273504 835.783386 0 1036.052429 0.0 0.2 0.1 0.3 0.1 0.1 0.0 0.2 78.07250430555555 165.651291 310.99999933333334 0.9 0.025 0.075 0.4 0.1 0.1 0.2 0.0 0.1 0.0 0.1 0.2777777777777778 0.5277777777777778 0.1111111111111111 0.08333333333333333 0.0 leishengchuan 1Сʱ_mousemovements
66.666664 167.853088 662.400261 2246.873535 1594.431946 1296.113525 0 0 0 1074.383301 1552.486084 167.853088 66.666664 1296.113525 1248.6453780000002 1636.377808 0.0 0.125 0.125 0.125 0.125 0.125 0.25 0.125 374.90004366666665 0 209.1351545 0.9130434782608695 0.0 0.08695652173913043 0.125 0.125 0.25 0.125 0.25 0.125 0.0 0.0 0.3888888888888889 0.5 0.05555555555555555 0.0 0.05555555555555555 leishengchuan 1Сʱ_mousemovements
64.65972875 207.75570699999997 921.1408538 392.049652 991.4893795 2473.881348 0 0 409.614769 338.4624175 723.3754955 203.3737133333333 18.1561205 392.049652 1229.9808385000001 925.3598635000001 0.1111111111111111 0.1111111111111111 0.1111111111111111 0.16666666666666666 0.1111111111111111 0.05555555555555555 0.2222222222222222 0.1111111111111111 168.13989694915253 0 118.82536542857143 0.8939393939393939 0.0 0.10606060606060606 0.2222222222222222 0.2777777777777778 0.2777777777777778 0.05555555555555555 0.1111111111111111 0.05555555555555555 0.0 0.0 0.25 0.5666666666666667 0.03333333333333333 0.11666666666666667 0.03333333333333333 leishengchuan 1Сʱ_mousemovements
105.59629566666666 238.645493 319.55801399999996 1235.3703309999999 2653.545654 0 0 207.47287 0 0 265.48006333333336 263.7617036666667 0 453.111974 1788.7136026666667 559.0018607500001 0.0 0.0 0.1875 0.1875 0.0 0.1875 0.1875 0.25 195.02957926000002 207.47287 147.56441024999998 0.9090909090909091 0.01818181818181818 0.07272727272727272 0.375 0.0625 0.125 0.3125 0.0625 0.0 0.0 0.0625 0.3958333333333333 0.4375 0.0625 0.0625 0.041666666666666664 leishengchuan 1Сʱ_mousemovements
26.744651428571423 157.00173466666666 811.4196852499999 0 2234.0635373333334 0 0 282.722382 394.9191926666667 13.761468 318.761826 299.332494 0 0 1018.5817281666665 681.0929833333333 0.16666666666666666 0.05555555555555555 0.1111111111111111 0.16666666666666666 0.0 0.0 0.3333333333333333 0.16666666666666666 188.30856879999996 282.722382 62.27895825 0.9166666666666666 0.016666666666666666 0.06666666666666667 0.3888888888888889 0.16666666666666666 0.2222222222222222 0.0 0.16666666666666666 0.0 0.0 0.05555555555555555 0.37735849056603776 0.4339622641509434 0.1320754716981132 0.03773584905660377 0.018867924528301886 leishengchuan 1Сʱ_mousemovements
74.18711766666667 259.051331 210.154449 824.5668943333334 0 1467.7769775000002 0 0 19.520048 855.5815426666667 1807.160034 199.13142399999998 508.2228165 0 0 292.88858 0.1 0.3 0.1 0.2 0.2 0.0 0.0 0.1 162.65020703125 19.520048 219.1737745 0.8648648648648649 0.02702702702702703 0.10810810810810811 0.3 0.1 0.1 0.3 0.0 0.2 0.0 0.0 0.3870967741935484 0.45161290322580644 0.0967741935483871 0.0 0.06451612903225806 leishengchuan 1Сʱ_mousemovements
46.13863716666666 325.99443225 2363.0675355000003 312.46785 1398.4490153333334 2122.609619 2589.5677896666666 0 486.92947366666664 1350.8983939999998 548.8124244999999 440.65332 0 1196.356972 1715.0132491250001 0 0.13043478260869565 0.08695652173913043 0.17391304347826086 0.08695652173913043 0.0 0.17391304347826086 0.34782608695652173 0.0 286.63900949425283 0 89.67573355555555 0.90625 0.0 0.09375 0.2608695652173913 0.17391304347826086 0.17391304347826086 0.08695652173913043 0.13043478260869565 0.043478260869565216 0.13043478260869565 0.0 0.37362637362637363 0.4725274725274725 0.06593406593406594 0.06593406593406594 0.02197802197802198 leishengchuan 1Сʱ_mousemovements
0 0 0 0 1099.20459 589.87323 0 0 0 589.87323 0 0 1099.20459 0 0 0 0.0 0.5 0.0 0.0 0.5 0.0 0.0 0.0 281.51297 0 0 1.0 0.0 0.0 0.0 0.0 0.0 0.0 0.5 0.5 0.0 0.0 0.0 0.5 0.25 0.0 0.25 leishengchuan 1Сʱ_mousemovements
71.0658211818182 449.06697075 572.40090175 833.44802875 1690.109436 2788.547852 0 0 64.727909 770.5142847142857 1163.044312 315.3232845 602.217346 481.5889995 502.75936955555557 0 0.07692307692307693 0.2692307692307692 0.038461538461538464 0.07692307692307693 0.038461538461538464 0.15384615384615385 0.34615384615384615 0.0 178.81532237837837 4.587156 161.89047857142856 0.9024390243902439 0.012195121951219513 0.08536585365853659 0.4230769230769231 0.15384615384615385 0.15384615384615385 0.15384615384615385 0.07692307692307693 0.038461538461538464 0.0 0.0 0.3150684931506849 0.5068493150684932 0.0684931506849315 0.0684931506849315 0.0410958904109589 leishengchuan 1Сʱ_mousemovements
36.49563500000001 211.030869 395.8170475 864.1812699999999 1400.192871 703.755676 0 0 499.148819 402.41986099999997 1196.9286195 368.269836 442.53668100000004 771.6598053333333 731.778229 0 0.14285714285714285 0.14285714285714285 0.14285714285714285 0.07142857142857142 0.14285714285714285 0.21428571428571427 0.14285714285714285 0.0 162.81729412500002 0 201.94907899999998 0.8727272727272727 0.0 0.12727272727272726 0.14285714285714285 0.07142857142857142 0.14285714285714285 0.5 0.07142857142857142 0.07142857142857142 0.0 0.0 0.22916666666666666 0.5625 0.08333333333333333 0.041666666666666664 0.08333333333333333 leishengchuan 1Сʱ_mousemovements
27.6153192 515.250122 2078.791016 1580.8242035 1783.370404 2732.1729126666664 0 0 528.8761015 1124.344935 1969.750244 144.45557399999998 0 2049.361725 1685.725396 70.447029 0.1 0.2 0.1 0.1 0.0 0.15 0.3 0.05 429.22273501666666 27.86821 83.798962 0.9230769230769231 0.015384615384615385 0.06153846153846154 0.25 0.15 0.1 0.1 0.25 0.15 0.0 0.0 0.47619047619047616 0.36507936507936506 0.031746031746031744 0.07936507936507936 0.047619047619047616 leishengchuan 1Сʱ_mousemovements
63.802412600000004 151.8485105 320.359619 0 729.024231 0 0 0 0 0 0 443.4124246666667 45.801578666666664 0 143.288116 263.39567966666664 0.0 0.0 0.0 0.3 0.3 0.0 0.1 0.3 41.1344494 0 86.09867375 0.9259259259259259 0.0 0.07407407407407407 0.5 0.2 0.1 0.0 0.2 0.0 0.0 0.0 0.42857142857142855 0.3877551020408163 0.061224489795918366 0.08163265306122448 0.04081632653061224 leishengchuan 1Сʱ_mousemovements
250.0113295 329.55437300000006 775.66168975 0 0 2228.585368 1896.20752 2713.786377 0 1309.20150775 0 173.194977 466.6841583333333 2720.17749 1127.003418 908.7375142499999 0.0 0.25 0.0 0.0625 0.1875 0.0625 0.1875 0.25 275.27934891071425 0 188.4246241666667 0.9032258064516129 0.0 0.0967741935483871 0.125 0.3125 0.25 0.0 0.0 0.1875 0.0625 0.0625 0.3148148148148148 0.5 0.1111111111111111 0.05555555555555555 0.018518518518518517 leishengchuan 1Сʱ_mousemovements
81.851465625 620.3365986666666 966.7797395 2218.690796 1233.603516 0 0 3944.974365 17.793594 1632.7698097500001 38.970348 0 371.2481666 1158.7829966666666 130.171024 269.226227 0.05 0.2 0.05 0.0 0.25 0.3 0.1 0.05 251.26007553225804 0 87.0563965 0.9393939393939394 0.0 0.06060606060606061 0.4 0.3 0.1 0.1 0.05 0.0 0.0 0.05 0.4032258064516129 0.3548387096774194 0.12903225806451613 0.08064516129032258 0.03225806451612903 leishengchuan 1Сʱ_mousemovements
46.24415125 115.824699 431.02290350000004 644.4601746666666 0 0 0 2850.570313 33.226772 1686.684418 115.78363200000001 42.828426 0 654.294739 498.57609299999996 0 0.09090909090909091 0.18181818181818182 0.2727272727272727 0.09090909090909091 0.0 0.09090909090909091 0.2727272727272727 0.0 137.54186714634147 33.3017775 80.32594666666667 0.8913043478260869 0.043478260869565216 0.06521739130434782 0.36363636363636365 0.09090909090909091 0.18181818181818182 0.2727272727272727 0.0 0.0 0.0 0.09090909090909091 0.2857142857142857 0.5428571428571428 0.11428571428571428 0.0 0.05714285714285714 leishengchuan 1Сʱ_mousemovements
62.062619500000004 340.125229 969.682068 984.100464 1337.5267090000002 2355.4649050000003 0 0 0 2625.3625896666667 522.384114 0 10.352446 696.2656006000001 934.1827507500001 486.410492 0.0 0.15789473684210525 0.2631578947368421 0.0 0.05263157894736842 0.2631578947368421 0.21052631578947367 0.05263157894736842 275.74692198360657 0 230.37800700000003 0.9104477611940298 0.0 0.08955223880597014 0.21052631578947367 0.10526315789473684 0.10526315789473684 0.21052631578947367 0.2631578947368421 0.10526315789473684 0.0 0.0 0.27586206896551724 0.5344827586206896 0.06896551724137931 0.10344827586206896 0.017241379310344827 leishengchuan 1Сʱ_mousemovements
53.79193850000001 0 419.081472 731.0007744999999 1118.121226 1373.205444 0 273.366119 461.87856300000004 45.417101 597.71866225 286.337616 505.6890805 0 770.3777096666668 179.486374 0.1111111111111111 0.1111111111111111 0.2222222222222222 0.05555555555555555 0.1111111111111111 0.0 0.3333333333333333 0.05555555555555555 157.35667377777776 273.366119 122.38464716666668 0.8852459016393442 0.01639344262295082 0.09836065573770492 0.3333333333333333 0.0 0.16666666666666666 0.2222222222222222 0.16666666666666666 0.05555555555555555 0.0 0.05555555555555555 0.33962264150943394 0.49056603773584906 0.11320754716981132 0.03773584905660377 0.018867924528301886 leishengchuan 1Сʱ_mousemovements
67.90068466666668 433.1784285 866.1046093333334 1897.465351 1427.1797485 2264.1049955 2883.9183350000003 0 153.323471 1689.751363 2175.874023 87.847445 4.56621 1531.19097525 1840.8597945000001 1076.0173875 0.043478260869565216 0.13043478260869565 0.043478260869565216 0.13043478260869565 0.043478260869565216 0.17391304347826086 0.2608695652173913 0.17391304347826086 386.67168116216214 40.91114 80.98946666666666 0.9135802469135802 0.012345679012345678 0.07407407407407407 0.2608695652173913 0.08695652173913043 0.13043478260869565 0.17391304347826086 0.08695652173913043 0.17391304347826086 0.08695652173913043 0.0 0.4155844155844156 0.42857142857142855 0.05194805194805195 0.06493506493506493 0.03896103896103896 leishengchuan 1Сʱ_mousemovements
168.138583 0 302.2537385 0 1288.0780536666666 1416.803955 0 0 0 0 771.9937639999999 95.80000600000001 0 228.621034 3033.527588 391.610382 0.0 0.0 0.3333333333333333 0.2222222222222222 0.0 0.2222222222222222 0.1111111111111111 0.1111111111111111 145.77179145714288 0 321.98716025000004 0.8974358974358975 0.0 0.10256410256410256 0.3333333333333333 0.0 0.2222222222222222 0.0 0.3333333333333333 0.1111111111111111 0.0 0.0 0.34375 0.59375 0.03125 0.03125 0.0 leishengchuan 1Сʱ_mousemovements
91.4044705 271.721481 665.5985565 1420.5320434999999 2118.7475586666665 0 3080.654785 0 203.514784 204.341919 1364.641928 432.259613 436.042175 0 1973.4883726666667 1443.259644 0.14285714285714285 0.07142857142857142 0.35714285714285715 0.07142857142857142 0.07142857142857142 0.0 0.21428571428571427 0.07142857142857142 267.0354536491228 0 89.11736379999999 0.9193548387096774 0.0 0.08064516129032258 0.14285714285714285 0.14285714285714285 0.2857142857142857 0.14285714285714285 0.21428571428571427 0.0 0.07142857142857142 0.0 0.2982456140350877 0.5263157894736842 0.14035087719298245 0.017543859649122806 0.017543859649122806 leishengchuan 1Сʱ_mousemovements
73.72984000000001 482.27018775 1256.0776018571428 1993.456726 1734.281006 0 0 3531.2973635 421.6367249999999 146.9453755 1121.92919925 104.621357 0 729.1945649999999 1527.85938475 1192.656002 0.2222222222222222 0.07407407407407407 0.14814814814814814 0.07407407407407407 0.0 0.1111111111111111 0.2962962962962963 0.07407407407407407 253.55337075531912 47.342918 62.15451714285715 0.9215686274509803 0.00980392156862745 0.06862745098039216 0.4074074074074074 0.14814814814814814 0.25925925925925924 0.07407407407407407 0.037037037037037035 0.0 0.0 0.07407407407407407 0.422680412371134 0.4639175257731959 0.061855670103092786 0.020618556701030927 0.030927835051546393 leishengchuan 1Сʱ_mousemovements
0 0 0 521.205841 0 0 0 0 0 0 0 0 0 828.626526 0 213.785156 0.0 0.0 0.0 0.0 0.0 0.5 0.0 0.5 138.104421 0 213.785156 0.8571428571428571 0.0 0.14285714285714285 0.0 0.0 0.0 1.0 0.0 0.0 0.0 0.0 0.4 0.4 0.2 0.0 0.0 leishengchuan 1Сʱ_mousemovements
58.03178266666667 232.61684400000001 180.483475 1544.1028135000001 2283.595215 1727.2745766666667 0 181.17128 722.4133846666667 261.8107695 1125.6832965 152.0509225 186.33917499999998 1028.83391925 1817.9121455 753.7325603333333 0.125 0.16666666666666666 0.08333333333333333 0.08333333333333333 0.08333333333333333 0.16666666666666666 0.16666666666666666 0.125 247.37601374358974 181.17128 44.901658285714284 0.9069767441860465 0.011627906976744186 0.08139534883720931 0.375 0.125 0.041666666666666664 0.16666666666666666 0.125 0.125 0.0 0.041666666666666664 0.43037974683544306 0.379746835443038 0.11392405063291139 0.0379746835443038 0.0379746835443038 leishengchuan 1Сʱ_mousemovements
96.8058024 0 219.613052 1478.3419800000001 0 0 0 0 0 0 788.7504425 219.613052 21.276596 21.390375 606.848372 0 0.0 0.0 0.25 0.125 0.125 0.125 0.375 0.0 105.31610897058825 0 39.789159500000004 0.9444444444444444 0.0 0.05555555555555555 0.625 0.0 0.125 0.25 0.0 0.0 0.0 0.0 0.3333333333333333 0.48484848484848486 0.09090909090909091 0.06060606060606061 0.030303030303030304 leishengchuan 1Сʱ_mousemovements
46.45269933333333 339.6938526666666 488.545227 1555.469906 0 0 0 0 74.439316 0 1557.085571 443.352127 1.453488 0 760.9034350000001 1022.1571909999999 0.09090909090909091 0.0 0.09090909090909091 0.18181818181818182 0.09090909090909091 0.0 0.2727272727272727 0.2727272727272727 189.91151897435896 0 115.57881674999999 0.9069767441860465 0.0 0.09302325581395349 0.2727272727272727 0.2727272727272727 0.09090909090909091 0.36363636363636365 0.0 0.0 0.0 0.0 0.28205128205128205 0.5897435897435898 0.05128205128205128 0.02564102564102564 0.05128205128205128 leishengchuan 1Сʱ_mousemovements
20.67592 152.848984 1212.3266805 1088.663727 2395.83313 2323.565674 0 0 0 1180.8604815 1439.6120403333334 309.38788700000003 776.635437 0 1170.4998627500001 1429.2581989999999 0.0 0.13333333333333333 0.2 0.13333333333333333 0.06666666666666667 0.0 0.26666666666666666 0.2 360.1417276304348 0 95.8445744 0.9019607843137255 0.0 0.09803921568627451 0.06666666666666667 0.2 0.4 0.13333333333333333 0.13333333333333333 0.06666666666666667 0.0 0.0 0.3541666666666667 0.5208333333333334 0.08333333333333333 0.020833333333333332 0.020833333333333332 leishengchuan 1Сʱ_mousemovements
47.26038333333333 382.66745375000005 2124.915527 1342.1841545 2868.862793 3483.945557 3007.647461 0 1087.232666 1733.0632325 0 526.364685 144.75325633333333 2116.965576 1463.1073640000002 0 0.06666666666666667 0.13333333333333333 0.0 0.06666666666666667 0.2 0.13333333333333333 0.4 0.0 316.5377379298246 53.306606 86.1202506 0.9047619047619048 0.015873015873015872 0.07936507936507936 0.2 0.26666666666666666 0.06666666666666667 0.26666666666666666 0.06666666666666667 0.06666666666666667 0.06666666666666667 0.0 0.43103448275862066 0.4482758620689655 0.08620689655172414 0.017241379310344827 0.017241379310344827 leishengchuan 1Сʱ_mousemovements
105.208293 178.024872 654.1918306 337.149384 2016.5114135 0 0 3463.699707 232.682999 1378.2115683333334 615.047913 62.70895 1593.323608 1383.817739 286.3037205 278.521332 0.07142857142857142 0.21428571428571427 0.07142857142857142 0.14285714285714285 0.07142857142857142 0.21428571428571427 0.14285714285714285 0.07142857142857142 253.9004754318182 64.97293733333333 337.149384 0.9166666666666666 0.0625 0.020833333333333332 0.2857142857142857 0.07142857142857142 0.35714285714285715 0.07142857142857142 0.14285714285714285 0.0 0.0 0.07142857142857142 0.45454545454545453 0.36363636363636365 0.045454545454545456 0.022727272727272728 0.11363636363636363 leishengchuan 1Сʱ_mousemovements
131.8103002222222 757.3106155 1194.5739135 1074.364456 2279.343384 1794.752075 0 861.203491 197.5519635 1399.9738980000002 144.31198633333332 1075.530029 710.0729655 1209.639923 0 182.42321533333336 0.09523809523809523 0.2857142857142857 0.14285714285714285 0.047619047619047616 0.09523809523809523 0.19047619047619047 0.0 0.14285714285714285 221.16636744285714 0 271.2904751666667 0.9210526315789473 0.0 0.07894736842105263 0.42857142857142855 0.09523809523809523 0.09523809523809523 0.09523809523809523 0.09523809523809523 0.09523809523809523 0.0 0.09523809523809523 0.34782608695652173 0.5072463768115942 0.07246376811594203 0.043478260869565216 0.028985507246376812 leishengchuan 1Сʱ_mousemovements
53.7862785 325.54213733333336 1282.476715 1305.89563 2207.824951 521.793701 0 0 911.5123596666666 2300.1090085 419.74441149999996 0 732.9539973333332 410.792371 0.402576 33.783783 0.2 0.13333333333333333 0.13333333333333333 0.0 0.2 0.2 0.06666666666666667 0.06666666666666667 277.1254001666666 0 0.201288 0.9545454545454546 0.0 0.045454545454545456 0.26666666666666666 0.2 0.3333333333333333 0.06666666666666667 0.06666666666666667 0.06666666666666667 0.0 0.0 0.2647058823529412 0.5588235294117647 0.08823529411764706 0.0 0.08823529411764706 leishengchuan 1Сʱ_mousemovements
135.64184433333332 490.36400333333336 863.2971393333332 1033.3974976 1820.891418 1366.822876 0 0 147.80956516666666 1090.6936262499999 1413.387024 43.232845 1991.165771 840.0086515 515.6237656000001 544.206268 0.2608695652173913 0.17391304347826086 0.08695652173913043 0.043478260869565216 0.043478260869565216 0.08695652173913043 0.21739130434782608 0.08695652173913043 232.613994578125 0 114.01151480000001 0.927536231884058 0.0 0.07246376811594203 0.391304347826087 0.13043478260869565 0.13043478260869565 0.21739130434782608 0.08695652173913043 0.043478260869565216 0.0 0.0 0.2542372881355932 0.576271186440678 0.11864406779661017 0.05084745762711865 0.0 leishengchuan 1Сʱ_mousemovements
75.74991542857143 511.67115775 862.5579273333333 987.4305115 1654.2421265 720.222168 0 0 926.650452 457.3987095 813.4305029999999 368.6621245 806.8115283333333 980.8169859999999 1409.400391 209.671097 0.047619047619047616 0.2857142857142857 0.23809523809523808 0.09523809523809523 0.14285714285714285 0.09523809523809523 0.047619047619047616 0.047619047619047616 194.1319696619718 0 77.03218577777778 0.8875 0.0 0.1125 0.3333333333333333 0.19047619047619047 0.14285714285714285 0.09523809523809523 0.19047619047619047 0.047619047619047616 0.0 0.0 0.2222222222222222 0.5694444444444444 0.06944444444444445 0.09722222222222222 0.041666666666666664 leishengchuan 1Сʱ_mousemovements
106.75035533333333 328.4434153333333 1410.412079 1916.5040895000002 1747.0749514999998 2641.950684 0 0 224.932518 1333.3264685 663.1726570000001 123.119896 0 1041.61957375 1608.11244225 0 0.11764705882352941 0.11764705882352941 0.23529411764705882 0.058823529411764705 0.0 0.23529411764705882 0.23529411764705882 0.0 395.7685891707317 24.702253 120.021076 0.9318181818181818 0.022727272727272728 0.045454545454545456 0.17647058823529413 0.35294117647058826 0.17647058823529413 0.11764705882352941 0.11764705882352941 0.058823529411764705 0.0 0.0 0.20588235294117646 0.5882352941176471 0.14705882352941177 0.029411764705882353 0.029411764705882353 leishengchuan 1Сʱ_mousemovements
44.54450575 82.910934 595.8057954 1768.0691772000002 2741.0604249999997 0 0 1713.478394 432.38502400000004 1060.9559142000003 1605.6627096666668 1713.478394 0 230.99972200000002 1512.8868695 62.5 0.1111111111111111 0.2777777777777778 0.16666666666666666 0.05555555555555555 0.0 0.1111111111111111 0.2222222222222222 0.05555555555555555 302.32935943333337 29.134056 184.527907 0.8955223880597015 0.014925373134328358 0.08955223880597014 0.2222222222222222 0.05555555555555555 0.2777777777777778 0.2777777777777778 0.1111111111111111 0.0 0.0 0.05555555555555555 0.38333333333333336 0.5 0.08333333333333333 0.016666666666666666 0.016666666666666666 leishengchuan 1Сʱ_mousemovements
39.65241833333333 812.2454426666667 1086.2125745714286 3137.314941 2412.2380065 3120.4281005000003 0 0 0 2021.051376333333 1162.191223 277.8194823333333 48.013542 1171.3931806666667 1493.783774666667 1539.009975 0.0 0.13043478260869565 0.08695652173913043 0.13043478260869565 0.043478260869565216 0.13043478260869565 0.391304347826087 0.08695652173913043 334.2602226352941 48.013542 169.02591239999998 0.9340659340659341 0.01098901098901099 0.054945054945054944 0.2608695652173913 0.13043478260869565 0.30434782608695654 0.043478260869565216 0.17391304347826086 0.08695652173913043 0.0 0.0 0.5764705882352941 0.35294117647058826 0.058823529411764705 0.011764705882352941 0.0 leishengchuan 1Сʱ_mousemovements
0 655.195374 318.892181 1299.96810175 677.208435 3257.725342 0 0 0 1833.1019900000001 318.892181 0 0 434.235794 2300.065308 655.195374 0.0 0.25 0.125 0.0 0.0 0.25 0.25 0.125 274.6145590967742 0 319.1684814 0.8611111111111112 0.0 0.1388888888888889 0.0 0.125 0.125 0.5 0.125 0.125 0.0 0.0 0.3333333333333333 0.5 0.06666666666666667 0.03333333333333333 0.06666666666666667 leishengchuan 1Сʱ_mousemovements
60.537733833333334 255.0343705 1183.9579039999999 1517.4861634000001 3045.064941 3225.67334 2151.555237 0 757.740112 1179.72358325 2133.376302 967.299225 6.527415 1716.1714426666665 1140.9005602500001 86.42955 0.043478260869565216 0.17391304347826086 0.13043478260869565 0.08695652173913043 0.043478260869565216 0.13043478260869565 0.34782608695652173 0.043478260869565216 389.6736294366197 5.4004595 167.46965566666668 0.9342105263157895 0.02631578947368421 0.039473684210526314 0.2608695652173913 0.08695652173913043 0.21739130434782608 0.21739130434782608 0.043478260869565216 0.08695652173913043 0.08695652173913043 0.0 0.3611111111111111 0.5138888888888888 0.08333333333333333 0.013888888888888888 0.027777777777777776 leishengchuan 1Сʱ_mousemovements
165.847824 64.356483 640.250839 677.561086 1529.9171145 0 0 0 0 403.0493315 479.664856 0 64.356483 1443.132813 1056.5732726666668 0 0.0 0.4 0.1 0.0 0.1 0.1 0.3 0.0 172.79208732352942 64.356483 276.5946146666667 0.8947368421052632 0.02631578947368421 0.07894736842105263 0.2 0.1 0.2 0.3 0.2 0.0 0.0 0.0 0.125 0.71875 0.03125 0.0625 0.0625 leishengchuan 1Сʱ_mousemovements
63.138264 759.550781 0 0 0 2532.62085 0 0 0 2532.62085 0 0 0 0 63.138264 759.550781 0.0 0.3333333333333333 0.0 0.0 0.0 0.0 0.3333333333333333 0.3333333333333333 559.2183158333333 0 0 1.0 0.0 0.0 0.3333333333333333 0.3333333333333333 0.0 0.0 0.0 0.3333333333333333 0.0 0.0 0.0 0.6 0.4 0.0 0.0 leishengchuan 1Сʱ_mousemovements
0 0 0 0 0 0 0 0 0 0 0 0 0 0 0 0 0 0 0 0 0 0 0 0 0 0 0 0 0 0 0 0 0 0 0 0 0 0 0 0 0 0 0 leishengchuan 1Сʱ_mousemovements
269.068542 270.81955 376.43538399999994 938.59686275 608.909668 2311.966797 1205.540771 0 491.763519 729.0329648 847.176865 0 0 929.6792145 0 0 0.08333333333333333 0.4166666666666667 0.16666666666666666 0.0 0.0 0.3333333333333333 0.0 0.0 146.82623724489795 0 336.5019008571429 0.875 0.0 0.125 0.08333333333333333 0.08333333333333333 0.25 0.3333333333333333 0.08333333333333333 0.08333333333333333 0.08333333333333333 0.0 0.22 0.62 0.06 0.06 0.04 leishengchuan 1Сʱ_mousemovements
4.56621 256.3609363333333 940.918701 1335.691895 0 995.640015 0 585.969849 0 710.496857 0 0 1335.691895 585.969849 59.2240915 585.382919 0.0 0.25 0.0 0.0 0.125 0.125 0.25 0.25 140.26612310714287 0 176.10450799999998 0.875 0.0 0.125 0.125 0.375 0.125 0.125 0.0 0.125 0.0 0.125 0.18518518518518517 0.6666666666666666 0.1111111111111111 0.037037037037037035 0.0 leishengchuan 1Сʱ_mousemovements
49.1101035 396.543346 601.1173372000001 1055.3881783333334 0 0 1385.498901 0 0 339.27371966666664 882.759342 7.751938 767.854004 794.6022002 964.7059325 1385.498901 0.0 0.1875 0.125 0.0625 0.125 0.3125 0.125 0.0625 200.49009423076924 0 198.20610933333333 0.896551724137931 0.0 0.10344827586206896 0.125 0.125 0.3125 0.375 0.0 0.0 0.0625 0.0 0.34782608695652173 0.5 0.06521739130434782 0.06521739130434782 0.021739130434782608 leishengchuan 1Сʱ_mousemovements
84.31063633333333 334.99221800000004 1555.901733 1108.6616668333334 1291.1905825 0 0 0 134.308342 1291.1905825 1086.4082436666667 26.05858 0 889.3015745999999 1443.48291 0 0.1875 0.125 0.1875 0.0625 0.0 0.3125 0.125 0.0 211.79607534482759 26.05858 323.45806124999996 0.9206349206349206 0.015873015873015872 0.06349206349206349 0.1875 0.1875 0.125 0.375 0.125 0.0 0.0 0.0 0.23214285714285715 0.5714285714285714 0.07142857142857142 0.08928571428571429 0.03571428571428571 leishengchuan 1Сʱ_mousemovements
76.4529598 831.4438779999999 1520.8175023333333 1782.7683594000002 2199.909058 0 1938.862549 0 0 1125.9907769999998 1712.1813458333334 0 45.076653 1788.0817138000002 1454.7351910000002 5.813953 0.0 0.20689655172413793 0.20689655172413793 0.0 0.034482758620689655 0.1724137931034483 0.3448275862068966 0.034482758620689655 525.2536355135136 556.5006070000001 195.30452666666667 0.9367088607594937 0.02531645569620253 0.0379746835443038 0.1724137931034483 0.10344827586206896 0.20689655172413793 0.3448275862068966 0.13793103448275862 0.0 0.034482758620689655 0.0 0.5405405405405406 0.36486486486486486 0.08108108108108109 0.013513513513513514 0.0 leishengchuan 1Сʱ_mousemovements
19.803813666666667 189.74879466666667 285.7802545 1456.3938393333335 1987.6853636666667 2375.18850725 0 0 322.55249 1381.51568425 827.5042265 164.37529 28.70187 2246.9615385 869.7325956000001 0 0.05555555555555555 0.2222222222222222 0.1111111111111111 0.05555555555555555 0.05555555555555555 0.2222222222222222 0.2777777777777778 0.0 363.41066086792455 727.5163034999999 79.35308475 0.8983050847457628 0.03389830508474576 0.06779661016949153 0.16666666666666666 0.16666666666666666 0.1111111111111111 0.16666666666666666 0.16666666666666666 0.2222222222222222 0.0 0.0 0.41509433962264153 0.4716981132075472 0.03773584905660377 0.018867924528301886 0.05660377358490566 leishengchuan 1Сʱ_mousemovements
378.24016757142863 156.6231305 1408.1096499999999 2706.8559569999998 1743.26355 0 0 1524.064819 1258.316507 850.9288785 133.10803533333333 0 2928.556885 1743.26355 877.870804 844.9797643333335 0.13333333333333333 0.13333333333333333 0.2 0.0 0.06666666666666667 0.06666666666666667 0.2 0.2 302.1925637173913 0 111.46581719999999 0.9019607843137255 0.0 0.09803921568627451 0.4666666666666667 0.13333333333333333 0.13333333333333333 0.13333333333333333 0.06666666666666667 0.0 0.0 0.06666666666666667 0.37777777777777777 0.5333333333333333 0.044444444444444446 0.022222222222222223 0.022222222222222223 leishengchuan 1Сʱ_mousemovements
37.698593666666675 274.444336 514.9180786 383.360992 0 1861.8402405 0 292.857239 127.1330985 368.760223 621.4308776666667 349.325607 0 1018.277161 759.083693 504.808014 0.14285714285714285 0.07142857142857142 0.21428571428571427 0.14285714285714285 0.0 0.07142857142857142 0.2857142857142857 0.07142857142857142 131.58555032692308 292.857239 101.68072633333333 0.8813559322033898 0.01694915254237288 0.1016949152542373 0.21428571428571427 0.07142857142857142 0.35714285714285715 0.14285714285714285 0.0 0.14285714285714285 0.0 0.07142857142857142 0.40384615384615385 0.4423076923076923 0.09615384615384616 0.0 0.057692307692307696 leishengchuan 1Сʱ_mousemovements
314.4776155 1036.804077 1629.370056 799.1562425 1721.483643 746.564697 0 0 48.8909 1228.4064329999999 456.644196 431.6161195 0 1428.1282959999999 1384.17649825 0 0.08333333333333333 0.16666666666666666 0.08333333333333333 0.16666666666666666 0.0 0.16666666666666666 0.3333333333333333 0.0 345.9381938235294 0 228.322098 0.9444444444444444 0.0 0.05555555555555555 0.16666666666666666 0.08333333333333333 0.25 0.3333333333333333 0.08333333333333333 0.08333333333333333 0.0 0.0 0.29411764705882354 0.5 0.08823529411764706 0.08823529411764706 0.029411764705882353 leishengchuan 1Сʱ_mousemovements
111.11525 231.422577 1208.270691 0 623.999054 2381.4995115 0 0 0 791.9575805 389.8582305 135.3892825 0 648.020264 293.144188 2797.812622 0.0 0.18181818181818182 0.18181818181818182 0.18181818181818182 0.0 0.09090909090909091 0.18181818181818182 0.18181818181818182 199.64379399999999 0 255.7897034 0.8913043478260869 0.0 0.10869565217391304 0.09090909090909091 0.36363636363636365 0.18181818181818182 0.0 0.18181818181818182 0.18181818181818182 0.0 0.0 0.4878048780487805 0.3170731707317073 0.07317073170731707 0.07317073170731707 0.04878048780487805 leishengchuan 1Сʱ_mousemovements
42.34676633333333 372.4387563333333 263.30829600000004 733.085317 1757.559509 0 0 0 741.41147 278.123779 220.548737 456.710007 934.009966 1672.740112 226.194534 298.6417735 0.15384615384615385 0.07692307692307693 0.07692307692307693 0.15384615384615385 0.15384615384615385 0.07692307692307693 0.15384615384615385 0.15384615384615385 126.50532217647057 0 147.653814 0.8793103448275862 0.0 0.1206896551724138 0.23076923076923078 0.23076923076923078 0.15384615384615385 0.23076923076923078 0.15384615384615385 0.0 0.0 0.0 0.2962962962962963 0.5555555555555556 0.018518518518518517 0.1111111111111111 0.018518518518518517 leishengchuan 1Сʱ_mousemovements
55.198771 199.188671 1563.8511355 630.2820435 2272.852539 1076.488037 0 0 0 454.04459633333335 813.087158 160.559967 0 1333.450928 672.5335133333333 753.28138725 0.0 0.23076923076923078 0.07692307692307693 0.07692307692307693 0.0 0.07692307692307693 0.23076923076923078 0.3076923076923077 123.09322750000001 0 95.96748600000001 0.9166666666666666 0.0 0.08333333333333333 0.23076923076923078 0.3076923076923077 0.15384615384615385 0.15384615384615385 0.07692307692307693 0.07692307692307693 0.0 0.0 0.417910447761194 0.47761194029850745 0.05970149253731343 0.029850746268656716 0.014925373134328358 leishengchuan 1Сʱ_mousemovements
80.352073875 787.2775126250001 1279.051717 1945.9291838333336 2065.5239255 2862.6339516666667 0 0 43.9238775 1408.5834654999999 1485.308427 908.6867065 139.0111935 2118.695819666667 1560.2926991111115 500.09844060000006 0.06666666666666667 0.13333333333333333 0.1 0.06666666666666667 0.06666666666666667 0.1 0.3 0.16666666666666666 378.8047628791209 48.0214 108.91030500000001 0.9285714285714286 0.01020408163265306 0.061224489795918366 0.26666666666666666 0.26666666666666666 0.1 0.2 0.06666666666666667 0.1 0.0 0.0 0.5684210526315789 0.30526315789473685 0.07368421052631578 0.021052631578947368 0.031578947368421054 leishengchuan 1Сʱ_mousemovements
101.03727225 285.4556062 2287.266357 1038.041504 2242.5634766666667 887.673035 361.877197 0 0 187.16006800000002 1285.00963825 176.861435 2.976191 425.606476 1942.4951783333333 336.60862733333335 0.0 0.125 0.25 0.125 0.0625 0.0625 0.1875 0.1875 227.44545905660377 0 179.8943855 0.8983050847457628 0.0 0.1016949152542373 0.25 0.3125 0.0625 0.0625 0.1875 0.0625 0.0625 0.0 0.32075471698113206 0.5094339622641509 0.05660377358490566 0.05660377358490566 0.05660377358490566 leishengchuan 1Сʱ_mousemovements
84.457352 508.4410453333333 748.003235 1316.9420165000001 1092.4492950000001 0 3212.560547 196.491318 0 0 653.0309448 297.383942 429.50544 0 1569.522339 2203.504883 0.0 0.0 0.4166666666666667 0.08333333333333333 0.16666666666666666 0.0 0.25 0.08333333333333333 212.92021085416664 196.491318 183.39200139999997 0.8888888888888888 0.018518518518518517 0.09259259259259259 0.08333333333333333 0.25 0.16666666666666666 0.16666666666666666 0.16666666666666666 0.0 0.08333333333333333 0.08333333333333333 0.3877551020408163 0.4489795918367347 0.04081632653061224 0.08163265306122448 0.04081632653061224 leishengchuan 1Сʱ_mousemovements
38.24988533333333 381.3664934 1684.5224303333332 2680.922607 1823.2713315 0 562.017151 0 0 177.1842595 331.958553 85.11089150000001 562.017151 28.0 1519.7817705 71.301384 0.0 0.1111111111111111 0.1111111111111111 0.1111111111111111 0.05555555555555555 0.05555555555555555 0.4444444444444444 0.1111111111111111 231.87747544827585 0 126.09758300000001 0.9206349206349206 0.0 0.07936507936507936 0.3333333333333333 0.2777777777777778 0.16666666666666666 0.05555555555555555 0.1111111111111111 0.0 0.05555555555555555 0.0 0.38596491228070173 0.49122807017543857 0.05263157894736842 0.017543859649122806 0.05263157894736842 leishengchuan 1Сʱ_mousemovements
52.94156314285714 232.8956653333333 736.574768 1243.5333353333333 0 3034.542725 1636.2227475 0 60.6963805 874.0374125 2582.288818 198.35388966666665 0 449.137924 958.26244875 220.9858625 0.1 0.1 0.05 0.15 0.0 0.1 0.4 0.1 194.37761528358203 165.977921 172.7774182 0.9178082191780822 0.0136986301369863 0.0684931506849315 0.35 0.15 0.2 0.15 0.0 0.05 0.1 0.0 0.4626865671641791 0.3880597014925373 0.05970149253731343 0.04477611940298507 0.04477611940298507 leishengchuan 1Сʱ_mousemovements
26.425845 578.98722825 948.1431986666666 635.265579 2933.285156 0 2633.843262 0 0 174.59494 0 701.933095 498.8776085 1135.956543 1429.7715534 257.175934 0.0 0.07142857142857142 0.0 0.21428571428571427 0.14285714285714285 0.07142857142857142 0.35714285714285715 0.14285714285714285 211.0669068727273 0 156.211914 0.9482758620689655 0.0 0.05172413793103448 0.21428571428571427 0.2857142857142857 0.21428571428571427 0.14285714285714285 0.07142857142857142 0.0 0.07142857142857142 0.0 0.36 0.48 0.1 0.02 0.04 leishengchuan 1Сʱ_mousemovements
24.266354 414.42633049999995 482.32076275 1371.800293 0 708.719482 0 0 213.5945725 0 922.2549895 442.61598200000003 0 641.128296 532.4312285 0 0.2222222222222222 0.0 0.2222222222222222 0.2222222222222222 0.0 0.1111111111111111 0.2222222222222222 0.0 193.54621948 0 12.133177 0.9259259259259259 0.0 0.07407407407407407 0.1111111111111111 0.2222222222222222 0.4444444444444444 0.1111111111111111 0.0 0.1111111111111111 0.0 0.0 0.21739130434782608 0.43478260869565216 0.21739130434782608 0.08695652173913043 0.043478260869565216 leishengchuan 1Сʱ_mousemovements
61.44366500000001 447.985199 485.529297 3307.481689 969.022705 3061.640625 0 227.296906 98.737846 0 791.6601105 555.6838685 0 26.764845 1751.6767885 864.7448112 0.07692307692307693 0.0 0.15384615384615385 0.15384615384615385 0.0 0.07692307692307693 0.15384615384615385 0.38461538461538464 195.75307992452832 227.296906 11.264535 0.9137931034482759 0.017241379310344827 0.06896551724137931 0.3076923076923077 0.15384615384615385 0.15384615384615385 0.07692307692307693 0.15384615384615385 0.07692307692307693 0.0 0.07692307692307693 0.4074074074074074 0.37037037037037035 0.1111111111111111 0.1111111111111111 0.0 leishengchuan 1Сʱ_mousemovements
