104.10701068085105 276.6913770833333 591.3071974999999 660.1500277777777 726.8167548571428 947.4655661666667 1395.4679130000002 1152.4123736666668 582.8425925714286 330.2994223529412 225.64089915384614 152.96233279999998 408.0090018333331 459.17056381250006 216.35413572727268 172.3512819090909 0.09333333333333334 0.11333333333333333 0.08666666666666667 0.1 0.28 0.10666666666666667 0.14666666666666667 0.07333333333333333 94.96285226506028 17.1255165 297.1550171944445 0.9161147902869757 0.004415011037527594 0.07947019867549669 0.6266666666666667 0.08 0.08 0.06 0.04666666666666667 0.04 0.04666666666666667 0.02 0.5230769230769231 0.23846153846153847 0.14615384615384616 0.05384615384615385 0.038461538461538464 wanghe 5Сʱ_mousemovements
130.503503721519 261.1056976 340.06759650000004 385.7611385 649.8066286000001 905.52005025 1266.878052 1552.0565795 561.6699676000001 206.50717629411764 221.8289905833333 94.12725888235295 268.2284754117647 407.77985019999994 101.592426 221.986163 0.05 0.17 0.12 0.17 0.17 0.15 0.06 0.11 86.72963715079364 25.683123 151.719726375 0.9368029739776952 0.0037174721189591076 0.05947955390334572 0.79 0.05 0.02 0.02 0.05 0.04 0.01 0.02 0.4557522123893805 0.2920353982300885 0.10176991150442478 0.08849557522123894 0.061946902654867256 wanghe 5Сʱ_mousemovements
161.52558121052633 0 518.205246 0 973.78894 0 1209.232086 2899.229126 388.6684895 182.2293372307693 226.3928986 107.38872875000001 1209.232086 809.9163481428571 308.63256674999997 271.697998 0.09090909090909091 0.29545454545454547 0.11363636363636363 0.09090909090909091 0.045454545454545456 0.1590909090909091 0.18181818181818182 0.022727272727272728 141.41849216071427 25.880195 74.76370583333333 0.9256198347107438 0.024793388429752067 0.049586776859504134 0.8444444444444444 0.0 0.044444444444444446 0.0 0.022222222222222223 0.0 0.044444444444444446 0.044444444444444446 0.5858585858585859 0.23232323232323232 0.08080808080808081 0.04040404040404041 0.06060606060606061 wanghe 5Сʱ_mousemovements
140.47434362162164 479.89931475 313.561096 905.8847108 901.269525 0 1435.2538656666666 863.1310058000001 211.31906499999997 293.7154131904762 295.573845 146.097067 152.9454415 990.4112299999998 605.075432625 255.82741259999997 0.0625 0.328125 0.078125 0.0625 0.09375 0.171875 0.125 0.078125 141.7218060179641 868.8073526666667 81.50338555555555 0.9329608938547486 0.01675977653631285 0.05027932960893855 0.578125 0.125 0.015625 0.078125 0.078125 0.0 0.046875 0.078125 0.4726027397260274 0.3082191780821918 0.136986301369863 0.0547945205479452 0.0273972602739726 wanghe 5Сʱ_mousemovements
182.35585057692313 553.0397426190476 1068.2771636 1230.2121633333334 456.10205099999996 847.5604246666667 698.347473 567.723389 1182.744708 451.57252124999997 504.71094944444445 414.509842 161.27713129411765 384.6780503181819 562.0632881111111 333.896876375 0.054945054945054944 0.13186813186813187 0.0989010989010989 0.0989010989010989 0.18681318681318682 0.24175824175824176 0.0989010989010989 0.08791208791208792 201.8387046069364 195.91867566666664 211.80564266666667 0.9057591623036649 0.06282722513089005 0.031413612565445025 0.5714285714285714 0.23076923076923078 0.054945054945054944 0.06593406593406594 0.02197802197802198 0.03296703296703297 0.01098901098901099 0.01098901098901099 0.4876543209876543 0.29012345679012347 0.09876543209876543 0.07407407407407407 0.04938271604938271 wanghe 5Сʱ_mousemovements
166.2940601666667 702.7116695 324.87891775 1036.3493655 0 977.526733 0 0 983.973755 445.33858875 405.8399438 108.3586626 62.8787995 404.31080225 417.00694300000004 208.78043025 0.037037037037037035 0.14814814814814814 0.18518518518518517 0.18518518518518517 0.07407407407407407 0.14814814814814814 0.07407407407407407 0.14814814814814814 121.42023029230768 155.63759620000002 38.9773035 0.9027777777777778 0.06944444444444445 0.027777777777777776 0.6666666666666666 0.07407407407407407 0.14814814814814814 0.07407407407407407 0.0 0.037037037037037035 0.0 0.0 0.532258064516129 0.27419354838709675 0.12903225806451613 0.016129032258064516 0.04838709677419355 wanghe 5Сʱ_mousemovements
125.89220633333332 395.77432250000004 882.2488386666666 473.57426475 0 713.191986 453.586182 0 338.82638157142856 187.65169425000002 310.2177444166667 184.057781125 665.4599546 239.48584000000002 212.6099935 494.20230599999996 0.11475409836065574 0.19672131147540983 0.19672131147540983 0.13114754098360656 0.08196721311475409 0.04918032786885246 0.13114754098360656 0.09836065573770492 101.99080889999996 156.2021993333333 224.74258687500003 0.935672514619883 0.017543859649122806 0.04678362573099415 0.6774193548387096 0.06451612903225806 0.14516129032258066 0.06451612903225806 0.0 0.03225806451612903 0.016129032258064516 0.0 0.5347222222222222 0.2361111111111111 0.13194444444444445 0.06944444444444445 0.027777777777777776 wanghe 5Сʱ_mousemovements
418.686279 1005.515625 0 4091.953369 0 0 0 726.924438 0 0 726.924438 0 0 418.686279 4091.953369 1005.515625 0.0 0.0 0.25 0.0 0.0 0.25 0.25 0.25 693.6755234444445 0 0 1.0 0.0 0.0 0.25 0.25 0.0 0.25 0.0 0.0 0.0 0.25 0.6 0.4 0.0 0.0 0.0 wanghe 5Сʱ_mousemovements
0 0 0 0 0 0 0 0 0 0 0 0 0 0 0 0 0 0 0 0 0 0 0 0 0.0 0 0 1.0 0.0 0.0 0 0 0 0 0 0 0 0 1.0 0.0 0.0 0.0 0.0 wanghe 5Сʱ_mousemovements
112.23170418518521 447.35981749999996 397.161078 710.6664989999999 1157.0843096666665 839.5912476666666 1418.182007 0 389.6230581666667 716.2913665 527.58667 173.5357575555556 206.460643875 564.9031156666667 320.42606199999994 87.35501 0.11764705882352941 0.1568627450980392 0.0392156862745098 0.17647058823529413 0.1568627450980392 0.17647058823529413 0.09803921568627451 0.0784313725490196 111.52545258865247 12.820513 278.5921646153846 0.9038461538461539 0.01282051282051282 0.08333333333333333 0.5294117647058824 0.11764705882352941 0.09803921568627451 0.11764705882352941 0.058823529411764705 0.058823529411764705 0.0196078431372549 0.0 0.5693430656934306 0.2116788321167883 0.0948905109489051 0.08029197080291971 0.043795620437956206 wanghe 5Сʱ_mousemovements
168.882609106383 420.97705074999993 599.4344665384615 1550.5166623333334 796.0927078571428 624.650772 972.9112587500001 0 634.019768111111 444.95898836363637 554.5909702 173.13551599999997 222.55110324999998 343.2802330000001 350.15498049999997 467.3900246666667 0.10227272727272728 0.125 0.17045454545454544 0.03409090909090909 0.09090909090909091 0.2159090909090909 0.22727272727272727 0.03409090909090909 134.13715464372467 9.852217 166.95952272222223 0.9285714285714286 0.0037593984962406013 0.06766917293233082 0.5340909090909091 0.13636363636363635 0.14772727272727273 0.03409090909090909 0.07954545454545454 0.022727272727272728 0.045454545454545456 0.0 0.48372093023255813 0.2651162790697674 0.15348837209302327 0.046511627906976744 0.05116279069767442 wanghe 5Сʱ_mousemovements
152.05100711999998 302.650112 520.488909 568.13459 901.4908854444444 1294.7176878 0 1662.0802 580.4566574444444 401.0963600833333 550.3249372 180.88782700000002 339.87955877777785 509.6356384166666 236.16685133333337 299.786746 0.1125 0.15 0.0625 0.05 0.225 0.15 0.15 0.1 119.24789375225222 0.0 237.11398536842103 0.9098360655737705 0.012295081967213115 0.0778688524590164 0.625 0.05 0.0875 0.05 0.1125 0.0625 0.0 0.0125 0.5098039215686274 0.23529411764705882 0.11764705882352941 0.09803921568627451 0.0392156862745098 wanghe 5Сʱ_mousemovements
