44.133998760000004 0 643.76355 0 0 2121.49585 0 0 75.18404 0 0 76.827072 40.84916525 1382.6297 40.0118175 37.31083 0.07407407407407407 0.0 0.0 0.037037037037037035 0.2962962962962963 0.07407407407407407 0.37037037037037035 0.14814814814814814 40.29801426041667 0 0 1.0 0.0 0.0 0.9259259259259259 0.0 0.037037037037037035 0.0 0.0 0.037037037037037035 0.0 0.0 0.7 0.2111111111111111 0.06666666666666667 0.011111111111111112 0.011111111111111112 leishengchuan 4Сʱ_mousemovements
160.31000453846153 892.8876191666667 779.181396 1233.751007 2128.0459745 0 2413.9151005 0 350.88548399999996 183.70198825 0 551.3780313333333 667.0347731999999 50.552933 949.0054238 1639.9217833999999 0.11538461538461539 0.15384615384615385 0.0 0.11538461538461539 0.19230769230769232 0.038461538461538464 0.19230769230769232 0.19230769230769232 207.2241554301076 0 83.35247983333333 0.9393939393939394 0.0 0.06060606060606061 0.5 0.23076923076923078 0.038461538461538464 0.07692307692307693 0.07692307692307693 0.0 0.07692307692307693 0.0 0.6129032258064516 0.1827956989247312 0.0967741935483871 0.06451612903225806 0.043010752688172046 leishengchuan 4Сʱ_mousemovements
80.04564037499999 688.0251885 613.5293427500001 1201.2033283333333 2375.371826 0 0 0 888.42149825 38.46154 0 920.717041 823.894085 117.72992783333335 117.81814873333332 716.9839095 0.12121212121212122 0.030303030303030304 0.0 0.030303030303030304 0.12121212121212122 0.18181818181818182 0.45454545454545453 0.06060606060606061 108.19669579411766 205.7909656666667 38.40453 0.9532710280373832 0.028037383177570093 0.018691588785046728 0.7058823529411765 0.058823529411764705 0.11764705882352941 0.08823529411764706 0.029411764705882353 0.0 0.0 0.0 0.6666666666666666 0.23232323232323232 0.0707070707070707 0.030303030303030304 0.0 leishengchuan 4Сʱ_mousemovements
109.71943230434783 371.4962952000001 483.2119546666666 2230.0847066666665 924.598572 404.292084 1156.86792 0 1432.1724784000003 436.651163 23.600321 341.0279465 292.634565125 270.92338566666666 93.04674922222222 280.45726 0.13513513513513514 0.10810810810810811 0.02702702702702703 0.05405405405405406 0.21621621621621623 0.08108108108108109 0.24324324324324326 0.13513513513513514 135.10451030188682 7.90008025 326.999283 0.9464285714285714 0.03571428571428571 0.017857142857142856 0.6216216216216216 0.13513513513513514 0.08108108108108109 0.08108108108108109 0.02702702702702703 0.02702702702702703 0.02702702702702703 0.0 0.6513761467889908 0.1743119266055046 0.10091743119266056 0.05504587155963303 0.01834862385321101 leishengchuan 4Сʱ_mousemovements
35.3283324 283.83775349999996 387.617889 0 114.045723 0 0 0 0 0 108.80646333333334 0 218.7532155 40.8086335 200.21884649999998 0 0.0 0.0 0.3333333333333333 0.0 0.2222222222222222 0.2222222222222222 0.2222222222222222 0.0 9.227786196721311 147.733967 193.8089445 0.9384615384615385 0.03076923076923077 0.03076923076923077 0.5555555555555556 0.2222222222222222 0.1111111111111111 0.0 0.1111111111111111 0.0 0.0 0.0 0.7049180327868853 0.18032786885245902 0.06557377049180328 0.03278688524590164 0.01639344262295082 leishengchuan 4Сʱ_mousemovements
169.60513000000003 151.213333 380.326691 339.317169 0 0 0 0 0 243.44624319999997 494.047577 241.10743733333334 54.65111733333333 68.64644875 215.55980699999998 224.9422685 0.0 0.25 0.05 0.15 0.15 0.2 0.1 0.1 46.45805496774194 24.0 283.2483316666667 0.9393939393939394 0.015151515151515152 0.045454545454545456 0.85 0.05 0.05 0.05 0.0 0.0 0.0 0.0 0.7096774193548387 0.20967741935483872 0.03225806451612903 0.03225806451612903 0.016129032258064516 leishengchuan 4Сʱ_mousemovements
109.14533765384616 459.75122825 299.82151799999997 1179.488472 0 0 0 0 42.909600749999996 208.94376133333336 202.23961516666668 371.94749899999994 153.48251725 70.368443 276.7377395 469.394489125 0.11428571428571428 0.08571428571428572 0.17142857142857143 0.08571428571428572 0.11428571428571428 0.08571428571428572 0.11428571428571428 0.22857142857142856 91.01294184946235 46.9434858 115.971123 0.9393939393939394 0.050505050505050504 0.010101010101010102 0.7428571428571429 0.11428571428571428 0.05714285714285714 0.08571428571428572 0.0 0.0 0.0 0.0 0.5714285714285714 0.2967032967032967 0.06593406593406594 0.04395604395604396 0.02197802197802198 leishengchuan 4Сʱ_mousemovements
67.050403125 837.1013059999999 287.97135149999997 0 0 0 0 0 1572.48777 110.007618 0 259.54541 122.512962 121.685278375 27.034084 261.8575786666667 0.08695652173913043 0.17391304347826086 0.0 0.043478260869565216 0.043478260869565216 0.34782608695652173 0.17391304347826086 0.13043478260869565 90.04759370491803 4.756632 331.839203 0.953125 0.03125 0.015625 0.6956521739130435 0.21739130434782608 0.08695652173913043 0.0 0.0 0.0 0.0 0.0 0.4262295081967213 0.3770491803278688 0.08196721311475409 0.06557377049180328 0.04918032786885246 leishengchuan 4Сʱ_mousemovements
58.788802999999994 199.2418745 668.9981459999999 0 0 0 542.348328 753.177063 81.3730495 725.7199549999999 460.2618026666667 0 0 79.642317 76.82739966666666 0 0.16666666666666666 0.16666666666666666 0.25 0.0 0.0 0.16666666666666666 0.25 0.0 86.10272552777776 142.5200655 0 0.9473684210526315 0.05263157894736842 0.0 0.5 0.16666666666666666 0.16666666666666666 0.0 0.0 0.0 0.08333333333333333 0.08333333333333333 0.53125 0.40625 0.03125 0.0 0.03125 leishengchuan 4Сʱ_mousemovements
241.43578799999995 423.90387733333336 222.880157 2648.10083 0 0 743.966187 0 1079.2547406666665 966.138428 0 198.699051 115.384613 483.423172 171.662731 265.679626 0.2727272727272727 0.09090909090909091 0.0 0.09090909090909091 0.09090909090909091 0.18181818181818182 0.18181818181818182 0.09090909090909091 225.6976942962963 0.0 0.0 0.9310344827586207 0.034482758620689655 0.034482758620689655 0.45454545454545453 0.2727272727272727 0.09090909090909091 0.09090909090909091 0.0 0.0 0.09090909090909091 0.0 0.6666666666666666 0.25 0.0 0.041666666666666664 0.041666666666666664 leishengchuan 4Сʱ_mousemovements
83.67481809090908 569.328735 433.268097 452.394958 935.238525 0 611.205017 0 0 242.76634466666667 0 114.71348 251.2462034 935.238525 12.523663500000001 249.20515600000002 0.0 0.1875 0.0 0.125 0.3125 0.0625 0.125 0.1875 63.489980807692305 9.174312 611.205017 0.9629629629629629 0.018518518518518517 0.018518518518518517 0.6875 0.0625 0.0625 0.0625 0.0625 0.0 0.0625 0.0 0.5384615384615384 0.17307692307692307 0.17307692307692307 0.038461538461538464 0.07692307692307693 leishengchuan 4Сʱ_mousemovements
91.27856785714286 0 0 0 0 0 0 0 0 0 147.78197550000002 0 60.159972999999994 0 0 102.746132 0.0 0.0 0.2857142857142857 0.0 0.5714285714285714 0.0 0.0 0.14285714285714285 16.130877564102565 9.84575 0.0 0.9512195121951219 0.024390243902439025 0.024390243902439025 1.0 0.0 0.0 0.0 0.0 0.0 0.0 0.0 0.5277777777777778 0.3888888888888889 0.05555555555555555 0.027777777777777776 0.0 leishengchuan 4Сʱ_mousemovements
111.63762659259261 251.01970300000005 0 0 1118.92749 0 0 0 207.282822 207.685104125 334.09077825 10.101525 111.7290268 170.54957 73.769052 126.87338728571429 0.029411764705882353 0.23529411764705882 0.11764705882352941 0.029411764705882353 0.14705882352941177 0.11764705882352941 0.11764705882352941 0.20588235294117646 53.47289802127659 24.752063749999998 138.26423400000002 0.8952380952380953 0.0761904761904762 0.02857142857142857 0.7941176470588235 0.17647058823529413 0.0 0.0 0.029411764705882353 0.0 0.0 0.0 0.49 0.33 0.14 0.03 0.01 leishengchuan 4Сʱ_mousemovements
94.39387214285715 230.09544366666668 0 494.882141 0 0 0 0 0 122.59969166666667 0 125.5011645 263.314086 0 129.0813135 221.166687 0.0 0.2727272727272727 0.0 0.18181818181818182 0.18181818181818182 0.0 0.18181818181818182 0.18181818181818182 50.486891071428566 24.724802 203.78391249999999 0.9032258064516129 0.03225806451612903 0.06451612903225806 0.6363636363636364 0.2727272727272727 0.0 0.09090909090909091 0.0 0.0 0.0 0.0 0.6071428571428571 0.21428571428571427 0.03571428571428571 0.07142857142857142 0.07142857142857142 leishengchuan 4Сʱ_mousemovements
67.20303625 184.314835 483.91178525000004 0 0 0 0 0 49.33783533333334 51.970748 55.85104985714286 18.4852815 61.450864 391.618995 136.7397796 184.314835 0.10344827586206896 0.13793103448275862 0.2413793103448276 0.06896551724137931 0.06896551724137931 0.1724137931034483 0.1724137931034483 0.034482758620689655 31.627305462962962 34.6179196 35.9990645 0.9230769230769231 0.042735042735042736 0.03418803418803419 0.8275862068965517 0.034482758620689655 0.13793103448275862 0.0 0.0 0.0 0.0 0.0 0.46296296296296297 0.3611111111111111 0.1111111111111111 0.05555555555555555 0.009259259259259259 leishengchuan 4Сʱ_mousemovements
216.12188912499997 364.843384 1016.269714 0 1275.400879 0 0 1130.729126 389.964335 185.62682 1130.729126 1016.269714 104.35173100000002 726.088791 452.804291 0 0.16666666666666666 0.16666666666666666 0.08333333333333333 0.08333333333333333 0.25 0.16666666666666666 0.08333333333333333 0.0 176.81408167741935 17.490842 0.0 0.9117647058823529 0.058823529411764705 0.029411764705882353 0.6666666666666666 0.08333333333333333 0.08333333333333333 0.0 0.08333333333333333 0.0 0.0 0.08333333333333333 0.6666666666666666 0.2 0.1 0.03333333333333333 0.0 leishengchuan 4Сʱ_mousemovements
267.4343111764706 278.987305 1013.877991 503.7024436666666 0 2163.903809 1335.0352779999998 0 188.23523033333333 1080.1906801666667 118.1674345 211.540787 167.562963 870.3682249999999 378.51796233333334 286.01566625 0.12 0.24 0.08 0.04 0.16 0.08 0.12 0.16 136.1689322588235 7.165994 111.9618164 0.8762886597938144 0.07216494845360824 0.05154639175257732 0.68 0.04 0.04 0.12 0.0 0.04 0.08 0.0 0.6881720430107527 0.15053763440860216 0.0967741935483871 0.03225806451612903 0.03225806451612903 leishengchuan 4Сʱ_mousemovements
114.05254212499999 0 0 634.612305 0 1325.2294315 1415.288879 0 1915.945068 1622.334229 0 0 71.87934479999998 601.0847076 0 124.969704 0.07692307692307693 0.07692307692307693 0.0 0.0 0.38461538461538464 0.38461538461538464 0.0 0.07692307692307693 223.74135932258062 10.752688 59.82906 0.8857142857142857 0.08571428571428572 0.02857142857142857 0.6153846153846154 0.0 0.0 0.07692307692307693 0.0 0.15384615384615385 0.15384615384615385 0.0 0.6176470588235294 0.2647058823529412 0.08823529411764706 0.029411764705882353 0.0 leishengchuan 4Сʱ_mousemovements
0 0 0 0 0 0 0 0 0 0 0 0 0 0 0 0 0 0 0 0 0 0 0 0 0 0 0 0 0 0 0 0 0 0 0 0 0 0 0 0 0 0 0 leishengchuan 4Сʱ_mousemovements
0 0 0 0 0 0 0 0 0 0 0 0 0 0 0 0 0 0 0 0 0 0 0 0 0 0 0 0 0 0 0 0 0 0 0 0 0 0 0 0 0 0 0 leishengchuan 4Сʱ_mousemovements
0 0 0 0 0 0 0 0 0 0 0 0 0 0 0 0 0 0 0 0 0 0 0 0 0 0 0 0 0 0 0 0 0 0 0 0 0 0 0 0 0 0 0 leishengchuan 4Сʱ_mousemovements
0 0 0 0 0 0 0 0 0 0 0 0 0 0 0 0 0 0 0 0 0 0 0 0 0 0 0 0 0 0 0 0 0 0 0 0 0 0 0 0 0 0 0 leishengchuan 4Сʱ_mousemovements
0 0 0 0 0 0 0 0 0 0 0 0 0 0 0 0 0 0 0 0 0 0 0 0 0 0 0 0 0 0 0 0 0 0 0 0 0 0 0 0 0 0 0 leishengchuan 4Сʱ_mousemovements
0 0 0 0 0 0 0 0 0 0 0 0 0 0 0 0 0 0 0 0 0 0 0 0 0 0 0 0 0 0 0 0 0 0 0 0 0 0 0 0 0 0 0 leishengchuan 4Сʱ_mousemovements
0 0 0 0 0 0 0 0 0 0 0 0 0 0 0 0 0 0 0 0 0 0 0 0 0 0 0 0 0 0 0 0 0 0 0 0 0 0 0 0 0 0 0 leishengchuan 4Сʱ_mousemovements
0 0 0 0 0 0 0 0 0 0 0 0 0 0 0 0 0 0 0 0 0 0 0 0 0 0 0 0 0 0 0 0 0 0 0 0 0 0 0 0 0 0 0 leishengchuan 4Сʱ_mousemovements
0 0 0 0 0 0 0 0 0 0 0 0 0 0 0 0 0 0 0 0 0 0 0 0 0 0 0 0 0 0 0 0 0 0 0 0 0 0 0 0 0 0 0 leishengchuan 4Сʱ_mousemovements
0 0 0 0 0 0 0 0 0 0 0 0 0 0 0 0 0 0 0 0 0 0 0 0 0 0 0 0 0 0 0 0 0 0 0 0 0 0 0 0 0 0 0 leishengchuan 4Сʱ_mousemovements
0 0 0 0 0 0 0 0 0 0 0 0 0 0 0 0 0 0 0 0 0 0 0 0 0 0 0 0 0 0 0 0 0 0 0 0 0 0 0 0 0 0 0 leishengchuan 4Сʱ_mousemovements
0 0 0 0 0 0 0 0 0 0 0 0 0 0 0 0 0 0 0 0 0 0 0 0 0 0 0 0 0 0 0 0 0 0 0 0 0 0 0 0 0 0 0 leishengchuan 4Сʱ_mousemovements
0 0 0 0 0 0 0 0 0 0 0 0 0 0 0 0 0 0 0 0 0 0 0 0 0 0 0 0 0 0 0 0 0 0 0 0 0 0 0 0 0 0 0 leishengchuan 4Сʱ_mousemovements
0 0 0 0 0 0 0 0 0 0 0 0 0 0 0 0 0 0 0 0 0 0 0 0 0 0 0 0 0 0 0 0 0 0 0 0 0 0 0 0 0 0 0 leishengchuan 4Сʱ_mousemovements
0 0 0 0 0 0 0 0 0 0 0 0 0 0 0 0 0 0 0 0 0 0 0 0 0 0 0 0 0 0 0 0 0 0 0 0 0 0 0 0 0 0 0 leishengchuan 4Сʱ_mousemovements
0 0 0 0 0 0 0 0 0 0 0 0 0 0 0 0 0 0 0 0 0 0 0 0 0 0 0 0 0 0 0 0 0 0 0 0 0 0 0 0 0 0 0 leishengchuan 4Сʱ_mousemovements
0 0 0 0 0 0 0 0 0 0 0 0 0 0 0 0 0 0 0 0 0 0 0 0 0 0 0 0 0 0 0 0 0 0 0 0 0 0 0 0 0 0 0 leishengchuan 4Сʱ_mousemovements
0 0 0 0 0 0 0 0 0 0 0 0 0 0 0 0 0 0 0 0 0 0 0 0 0 0 0 0 0 0 0 0 0 0 0 0 0 0 0 0 0 0 0 leishengchuan 4Сʱ_mousemovements
0 0 0 0 0 0 0 0 0 0 0 0 0 0 0 0 0 0 0 0 0 0 0 0 0 0 0 0 0 0 0 0 0 0 0 0 0 0 0 0 0 0 0 leishengchuan 4Сʱ_mousemovements
0 0 0 0 0 0 0 0 0 0 0 0 0 0 0 0 0 0 0 0 0 0 0 0 0 0 0 0 0 0 0 0 0 0 0 0 0 0 0 0 0 0 0 leishengchuan 4Сʱ_mousemovements
0 0 0 0 0 0 0 0 0 0 0 0 0 0 0 0 0 0 0 0 0 0 0 0 0 0 0 0 0 0 0 0 0 0 0 0 0 0 0 0 0 0 0 leishengchuan 4Сʱ_mousemovements
0 0 0 0 0 0 0 0 0 0 0 0 0 0 0 0 0 0 0 0 0 0 0 0 0 0 0 0 0 0 0 0 0 0 0 0 0 0 0 0 0 0 0 leishengchuan 4Сʱ_mousemovements
0 0 0 0 0 0 0 0 0 0 0 0 0 0 0 0 0 0 0 0 0 0 0 0 0 0 0 0 0 0 0 0 0 0 0 0 0 0 0 0 0 0 0 leishengchuan 4Сʱ_mousemovements
0 0 0 0 0 0 0 0 0 0 0 0 0 0 0 0 0 0 0 0 0 0 0 0 0 0 0 0 0 0 0 0 0 0 0 0 0 0 0 0 0 0 0 leishengchuan 4Сʱ_mousemovements
0 0 0 0 0 0 0 0 0 0 0 0 0 0 0 0 0 0 0 0 0 0 0 0 0 0 0 0 0 0 0 0 0 0 0 0 0 0 0 0 0 0 0 leishengchuan 4Сʱ_mousemovements
0 0 0 0 0 0 0 0 0 0 0 0 0 0 0 0 0 0 0 0 0 0 0 0 0 0 0 0 0 0 0 0 0 0 0 0 0 0 0 0 0 0 0 leishengchuan 4Сʱ_mousemovements
0 0 0 0 0 0 0 0 0 0 0 0 0 0 0 0 0 0 0 0 0 0 0 0 0 0 0 0 0 0 0 0 0 0 0 0 0 0 0 0 0 0 0 leishengchuan 4Сʱ_mousemovements
0 0 0 0 0 0 0 0 0 0 0 0 0 0 0 0 0 0 0 0 0 0 0 0 0 0 0 0 0 0 0 0 0 0 0 0 0 0 0 0 0 0 0 leishengchuan 4Сʱ_mousemovements
0 0 0 0 0 0 0 0 0 0 0 0 0 0 0 0 0 0 0 0 0 0 0 0 0 0 0 0 0 0 0 0 0 0 0 0 0 0 0 0 0 0 0 leishengchuan 4Сʱ_mousemovements
0 0 0 0 0 0 0 0 0 0 0 0 0 0 0 0 0 0 0 0 0 0 0 0 0 0 0 0 0 0 0 0 0 0 0 0 0 0 0 0 0 0 0 leishengchuan 4Сʱ_mousemovements
0 0 0 0 0 0 0 0 0 0 0 0 0 0 0 0 0 0 0 0 0 0 0 0 0 0 0 0 0 0 0 0 0 0 0 0 0 0 0 0 0 0 0 leishengchuan 4Сʱ_mousemovements
0 0 0 0 0 0 0 0 0 0 0 0 0 0 0 0 0 0 0 0 0 0 0 0 0 0 0 0 0 0 0 0 0 0 0 0 0 0 0 0 0 0 0 leishengchuan 4Сʱ_mousemovements
0 0 0 0 0 0 0 0 0 0 0 0 0 0 0 0 0 0 0 0 0 0 0 0 0 0 0 0 0 0 0 0 0 0 0 0 0 0 0 0 0 0 0 leishengchuan 4Сʱ_mousemovements
0 0 0 0 0 0 0 0 0 0 0 0 0 0 0 0 0 0 0 0 0 0 0 0 0 0 0 0 0 0 0 0 0 0 0 0 0 0 0 0 0 0 0 leishengchuan 4Сʱ_mousemovements
0 0 0 0 0 0 0 0 0 0 0 0 0 0 0 0 0 0 0 0 0 0 0 0 0 0 0 0 0 0 0 0 0 0 0 0 0 0 0 0 0 0 0 leishengchuan 4Сʱ_mousemovements
0 0 0 0 0 0 0 0 0 0 0 0 0 0 0 0 0 0 0 0 0 0 0 0 0 0 0 0 0 0 0 0 0 0 0 0 0 0 0 0 0 0 0 leishengchuan 4Сʱ_mousemovements
0 0 0 0 0 0 0 0 0 0 0 0 0 0 0 0 0 0 0 0 0 0 0 0 0 0 0 0 0 0 0 0 0 0 0 0 0 0 0 0 0 0 0 leishengchuan 4Сʱ_mousemovements
0 0 0 0 0 0 0 0 0 0 0 0 0 0 0 0 0 0 0 0 0 0 0 0 0 0 0 0 0 0 0 0 0 0 0 0 0 0 0 0 0 0 0 leishengchuan 4Сʱ_mousemovements
0 0 0 0 0 0 0 0 0 0 0 0 0 0 0 0 0 0 0 0 0 0 0 0 0 0 0 0 0 0 0 0 0 0 0 0 0 0 0 0 0 0 0 leishengchuan 4Сʱ_mousemovements
0 0 0 0 0 0 0 0 0 0 0 0 0 0 0 0 0 0 0 0 0 0 0 0 0 0 0 0 0 0 0 0 0 0 0 0 0 0 0 0 0 0 0 leishengchuan 4Сʱ_mousemovements
0 0 0 0 0 0 0 0 0 0 0 0 0 0 0 0 0 0 0 0 0 0 0 0 0 0 0 0 0 0 0 0 0 0 0 0 0 0 0 0 0 0 0 leishengchuan 4Сʱ_mousemovements
0 0 0 0 0 0 0 0 0 0 0 0 0 0 0 0 0 0 0 0 0 0 0 0 0 0 0 0 0 0 0 0 0 0 0 0 0 0 0 0 0 0 0 leishengchuan 4Сʱ_mousemovements
0 0 0 0 0 0 0 0 0 0 0 0 0 0 0 0 0 0 0 0 0 0 0 0 0 0 0 0 0 0 0 0 0 0 0 0 0 0 0 0 0 0 0 leishengchuan 4Сʱ_mousemovements
0 0 0 0 0 0 0 0 0 0 0 0 0 0 0 0 0 0 0 0 0 0 0 0 0 0 0 0 0 0 0 0 0 0 0 0 0 0 0 0 0 0 0 leishengchuan 4Сʱ_mousemovements
0 0 0 0 0 0 0 0 0 0 0 0 0 0 0 0 0 0 0 0 0 0 0 0 0 0 0 0 0 0 0 0 0 0 0 0 0 0 0 0 0 0 0 leishengchuan 4Сʱ_mousemovements
0 0 0 0 0 0 0 0 0 0 0 0 0 0 0 0 0 0 0 0 0 0 0 0 0 0 0 0 0 0 0 0 0 0 0 0 0 0 0 0 0 0 0 leishengchuan 4Сʱ_mousemovements
0 0 0 0 0 0 0 0 0 0 0 0 0 0 0 0 0 0 0 0 0 0 0 0 0 0 0 0 0 0 0 0 0 0 0 0 0 0 0 0 0 0 0 leishengchuan 4Сʱ_mousemovements
0 0 0 0 0 0 0 0 0 0 0 0 0 0 0 0 0 0 0 0 0 0 0 0 0 0 0 0 0 0 0 0 0 0 0 0 0 0 0 0 0 0 0 leishengchuan 4Сʱ_mousemovements
0 0 0 0 0 0 0 0 0 0 0 0 0 0 0 0 0 0 0 0 0 0 0 0 0 0 0 0 0 0 0 0 0 0 0 0 0 0 0 0 0 0 0 leishengchuan 4Сʱ_mousemovements
0 0 0 0 0 0 0 0 0 0 0 0 0 0 0 0 0 0 0 0 0 0 0 0 0 0 0 0 0 0 0 0 0 0 0 0 0 0 0 0 0 0 0 leishengchuan 4Сʱ_mousemovements
0 0 0 0 0 0 0 0 0 0 0 0 0 0 0 0 0 0 0 0 0 0 0 0 0 0 0 0 0 0 0 0 0 0 0 0 0 0 0 0 0 0 0 leishengchuan 4Сʱ_mousemovements
232.41409199999998 340.910511 598.487671 1130.654419 0 0 0 0 220.270939 0 0 644.841187 386.523552 246.63258499999998 1616.467651 469.149673 0.18181818181818182 0.0 0.0 0.09090909090909091 0.18181818181818182 0.2727272727272727 0.09090909090909091 0.18181818181818182 177.21754085714284 16.444344 174.559433 0.9333333333333333 0.03333333333333333 0.03333333333333333 0.36363636363636365 0.36363636363636365 0.09090909090909091 0.18181818181818182 0.0 0.0 0.0 0.0 0.5714285714285714 0.2857142857142857 0.14285714285714285 0.0 0.0 leishengchuan 4Сʱ_mousemovements
79.60378005263156 384.0377518888888 508.028381 394.67487566666665 894.055786 440.684723 0 642.881958 682.713135 193.29686900000002 272.5638745 167.313705 144.9635837142857 264.5974255 221.14840925000001 330.778717 0.05714285714285714 0.14285714285714285 0.17142857142857143 0.02857142857142857 0.2 0.11428571428571428 0.22857142857142856 0.05714285714285714 99.47290092405065 70.92071727272727 0 0.8777777777777778 0.12222222222222222 0.0 0.5428571428571428 0.2571428571428571 0.02857142857142857 0.08571428571428572 0.02857142857142857 0.02857142857142857 0.0 0.02857142857142857 0.5662650602409639 0.25301204819277107 0.0963855421686747 0.04819277108433735 0.03614457831325301 leishengchuan 4Сʱ_mousemovements
114.9318890909091 221.536179 242.397766 0 0 0 0 0 483.676971 62.5 255.44923400000002 24.387239 98.522789 35.97161533333334 24.5416355 135.751907 0.07692307692307693 0.07692307692307693 0.23076923076923078 0.07692307692307693 0.07692307692307693 0.23076923076923078 0.15384615384615385 0.07692307692307693 63.103610592592595 12.1936195 0 0.9310344827586207 0.06896551724137931 0.0 0.8461538461538461 0.07692307692307693 0.07692307692307693 0.0 0.0 0.0 0.0 0.0 0.5185185185185185 0.3333333333333333 0.1111111111111111 0.0 0.037037037037037035 leishengchuan 4Сʱ_mousemovements
118.50754665517242 486.21156833333333 581.97996 446.7377225 500.761383 0 0 0 173.51732116666668 43.218355333333335 195.77395233333337 289.850964 32.8095114 288.74865800000003 229.31892385714286 380.5635268 0.15789473684210525 0.07894736842105263 0.07894736842105263 0.15789473684210525 0.13157894736842105 0.07894736842105263 0.18421052631578946 0.13157894736842105 68.3387968392857 33.880233000000004 156.912277 0.9655172413793104 0.017241379310344827 0.017241379310344827 0.7631578947368421 0.07894736842105263 0.07894736842105263 0.05263157894736842 0.02631578947368421 0.0 0.0 0.0 0.5803571428571429 0.25 0.13392857142857142 0.017857142857142856 0.017857142857142856 leishengchuan 4Сʱ_mousemovements
93.63016774999998 356.08271750000006 120.755119 779.5434816000001 0 0 0 653.231995 698.8082566666667 157.57248 208.30841833333332 189.87703525 148.07129314285717 438.762759 67.30267675 58.24194566666667 0.08108108108108109 0.1891891891891892 0.16216216216216217 0.10810810810810811 0.1891891891891892 0.08108108108108109 0.10810810810810811 0.08108108108108109 69.89563422321429 35.4407242 0 0.9572649572649573 0.042735042735042736 0.0 0.7567567567567568 0.05405405405405406 0.02702702702702703 0.13513513513513514 0.0 0.0 0.0 0.02702702702702703 0.6216216216216216 0.1981981981981982 0.12612612612612611 0.036036036036036036 0.018018018018018018 leishengchuan 4Сʱ_mousemovements
75.57940352 367.95455175 312.176758 442.107239 267.6405485 2952.907471 698.451477 0 0 682.0188144285713 181.5854645 200.44743350000002 38.548939499999996 211.5149798888889 35.391485499999995 101.28306024999999 0.0 0.19444444444444445 0.05555555555555555 0.1111111111111111 0.1111111111111111 0.25 0.16666666666666666 0.1111111111111111 75.2395879326923 52.87227775 366.508728 0.9203539823008849 0.07079646017699115 0.008849557522123894 0.6944444444444444 0.1111111111111111 0.05555555555555555 0.027777777777777776 0.05555555555555555 0.027777777777777776 0.027777777777777776 0.0 0.6826923076923077 0.18269230769230768 0.08653846153846154 0.028846153846153848 0.019230769230769232 leishengchuan 4Сʱ_mousemovements
135.74536046666668 448.15586099999996 498.020477 0 142.187134 809.2424925 0 0 145.215759 129.25161116666666 335.82015650000005 156.77880366666668 76.8892305 642.293411 344.04583199999996 330.385315 0.047619047619047616 0.2857142857142857 0.19047619047619047 0.14285714285714285 0.09523809523809523 0.09523809523809523 0.09523809523809523 0.047619047619047616 66.83711862666668 44.600207 0 0.9493670886075949 0.05063291139240506 0.0 0.7142857142857143 0.09523809523809523 0.047619047619047616 0.0 0.047619047619047616 0.09523809523809523 0.0 0.0 0.5 0.24324324324324326 0.16216216216216217 0.02702702702702703 0.06756756756756757 leishengchuan 4Сʱ_mousemovements
98.2994748181818 459.4893067142857 494.72294624999995 1111.874023 0 0 0 731.625427 103.455055 352.4326526666667 339.5564276666666 0 110.12975175 398.9723 394.81089 499.8245498 0.041666666666666664 0.125 0.25 0.0 0.16666666666666666 0.08333333333333333 0.125 0.20833333333333334 108.1638477 70.1350515 136.123721 0.9333333333333333 0.02666666666666667 0.04 0.4583333333333333 0.2916666666666667 0.16666666666666666 0.041666666666666664 0.0 0.0 0.0 0.041666666666666664 0.6119402985074627 0.208955223880597 0.08955223880597014 0.029850746268656716 0.05970149253731343 leishengchuan 4Сʱ_mousemovements
96.15906988235295 548.007515 865.9577575999999 1466.508728 410.7491915 1452.731079 0 0 762.8989975000001 831.6222756 120.90859366666668 218.0224696666667 325.4135032 35.124589 884.8403185 642.783569 0.125 0.15625 0.09375 0.1875 0.15625 0.125 0.125 0.03125 170.14915617441858 39.4902502 0 0.945054945054945 0.054945054945054944 0.0 0.53125 0.125 0.15625 0.09375 0.0625 0.03125 0.0 0.0 0.6428571428571429 0.2261904761904762 0.08333333333333333 0.023809523809523808 0.023809523809523808 leishengchuan 4Сʱ_mousemovements
121.2133566451613 463.98958575 1076.9386493333334 0 1605.579346 0 0 0 102.32497575000001 260.4708907142857 173.36415499999998 195.456508 309.830078 102.57113066666666 449.7268387272727 254.84827933333335 0.10256410256410256 0.1794871794871795 0.07692307692307693 0.1794871794871795 0.02564102564102564 0.07692307692307693 0.28205128205128205 0.07692307692307693 94.3548584074074 18.19262133333333 50.162419 0.9230769230769231 0.05128205128205128 0.02564102564102564 0.7948717948717948 0.10256410256410256 0.07692307692307693 0.0 0.02564102564102564 0.0 0.0 0.0 0.5945945945945946 0.25225225225225223 0.09009009009009009 0.018018018018018018 0.04504504504504504 leishengchuan 4Сʱ_mousemovements
204.20733926666665 595.695557 447.42705266666667 859.351583 0 2669.527588 0 0 1058.443115 434.257042 232.60256700000002 164.898084 100.07699025 1056.3940193333333 431.5503114 467.3228043333333 0.041666666666666664 0.08333333333333333 0.125 0.125 0.16666666666666666 0.125 0.20833333333333334 0.125 122.99847730263156 4.076229 442.239975 0.926829268292683 0.04878048780487805 0.024390243902439025 0.6521739130434783 0.043478260869565216 0.13043478260869565 0.13043478260869565 0.0 0.043478260869565216 0.0 0.0 0.6103896103896104 0.22077922077922077 0.1038961038961039 0.05194805194805195 0.012987012987012988 leishengchuan 4Сʱ_mousemovements
144.98658889999996 653.351837 393.306396 0 0 887.518768 1614.11958 938.229553 141.1993295 370.9780081428571 847.30603 21.885984 229.10055040000003 424.48488239999995 967.8938311666667 17.961866 0.06451612903225806 0.22580645161290322 0.12903225806451613 0.03225806451612903 0.16129032258064516 0.16129032258064516 0.1935483870967742 0.03225806451612903 137.2143087857143 10.4031675 474.39823674999997 0.8571428571428571 0.061224489795918366 0.08163265306122448 0.6451612903225806 0.06451612903225806 0.03225806451612903 0.0 0.0 0.06451612903225806 0.16129032258064516 0.03225806451612903 0.6777777777777778 0.14444444444444443 0.1111111111111111 0.03333333333333333 0.03333333333333333 leishengchuan 4Сʱ_mousemovements
127.3634069 215.688103 742.62929525 0 0 0 0 0 219.57026928571426 200.76611025 284.544548 0 57.42221754545455 97.485538 382.6453298571428 355.515928 0.19444444444444445 0.1111111111111111 0.05555555555555555 0.0 0.3055555555555556 0.08333333333333333 0.19444444444444445 0.05555555555555555 62.73663372477063 130.977295 126.7626115 0.9732142857142857 0.008928571428571428 0.017857142857142856 0.8333333333333334 0.05555555555555555 0.1111111111111111 0.0 0.0 0.0 0.0 0.0 0.6509433962264151 0.19811320754716982 0.0660377358490566 0.05660377358490566 0.02830188679245283 leishengchuan 4Сʱ_mousemovements
46.135044199999996 415.5875274 1153.585335 0 0 0 1169.868408 0 299.6228715 1169.868408 0 0 390.17748600000004 134.39138333333332 145.98539 29.8150032 0.07142857142857142 0.03571428571428571 0.0 0.0 0.25 0.21428571428571427 0.25 0.17857142857142858 63.97914614000001 8.0 71.762985 0.9803921568627451 0.00980392156862745 0.00980392156862745 0.7142857142857143 0.17857142857142858 0.07142857142857142 0.0 0.0 0.0 0.03571428571428571 0.0 0.625 0.1875 0.13541666666666666 0.020833333333333332 0.03125 leishengchuan 4Сʱ_mousemovements
138.19737574999996 227.79639650000001 203.223679 686.172791 0 1776.3511965000002 0 0 203.223679 529.8862715 0 177.28796400000002 58.4143636 230.44737249999997 19.704433 1514.8866885000002 0.05 0.2 0.0 0.25 0.25 0.1 0.05 0.1 131.4941040754717 12.511791 8.72093 0.9298245614035088 0.03508771929824561 0.03508771929824561 0.6 0.2 0.05 0.05 0.0 0.1 0.0 0.0 0.5471698113207547 0.2641509433962264 0.1509433962264151 0.0 0.03773584905660377 leishengchuan 4Сʱ_mousemovements
96.9118837826087 468.069315 179.45939633333333 327.675201 0 0 0 0 240.5582235 95.43113050000001 164.20326816666667 199.921768 51.562498 113.69965959999999 326.40389566666664 12.596899 0.06451612903225806 0.12903225806451613 0.1935483870967742 0.06451612903225806 0.0967741935483871 0.16129032258064516 0.1935483870967742 0.0967741935483871 49.91747070000001 113.84106833333333 66.60420450000001 0.9473684210526315 0.031578947368421054 0.021052631578947368 0.7419354838709677 0.12903225806451613 0.0967741935483871 0.03225806451612903 0.0 0.0 0.0 0.0 0.4942528735632184 0.2413793103448276 0.13793103448275862 0.09195402298850575 0.034482758620689655 leishengchuan 4Сʱ_mousemovements
87.56085396774195 358.68054957142857 470.08977233333326 0 0 0 0 0 213.49651825 95.73018463636366 516.9672139999999 24.103623 168.815093 292.9679802 56.39681425 105.64307028571429 0.0975609756097561 0.2682926829268293 0.07317073170731707 0.07317073170731707 0.0975609756097561 0.12195121951219512 0.0975609756097561 0.17073170731707318 55.168612747663545 32.2540823 102.4593125 0.8842975206611571 0.08264462809917356 0.03305785123966942 0.7560975609756098 0.17073170731707318 0.07317073170731707 0.0 0.0 0.0 0.0 0.0 0.5517241379310345 0.29310344827586204 0.10344827586206896 0.034482758620689655 0.017241379310344827 leishengchuan 4Сʱ_mousemovements
193.7617315 355.348419 0 599.300415 0 0 0 0 88.33046949999999 0 0 599.300415 0 15.044826 281.8509825 381.255539 0.25 0.0 0.0 0.125 0.0 0.125 0.25 0.25 58.80222021875 27.19463 104.176773 0.9142857142857143 0.02857142857142857 0.05714285714285714 0.75 0.125 0.0 0.125 0.0 0.0 0.0 0.0 0.6333333333333333 0.26666666666666666 0.06666666666666667 0.03333333333333333 0.0 leishengchuan 4Сʱ_mousemovements
134.5799378421053 519.1472726666666 521.805054 1024.3119205 0 0 0 0 578.833079 171.90446574999999 80.027283 197.32237733333332 145.587202 285.0142313333333 498.32325099999997 243.44241559999995 0.10714285714285714 0.14285714285714285 0.03571428571428571 0.10714285714285714 0.14285714285714285 0.10714285714285714 0.17857142857142858 0.17857142857142858 99.95094692405064 48.0136415 125.08963 0.9518072289156626 0.024096385542168676 0.024096385542168676 0.6785714285714286 0.21428571428571427 0.03571428571428571 0.07142857142857142 0.0 0.0 0.0 0.0 0.5822784810126582 0.25316455696202533 0.11392405063291139 0.05063291139240506 0.0 leishengchuan 4Сʱ_mousemovements
137.32058099999998 384.03230666666667 503.04236833333334 589.08318325 0 698.9341890000001 0 0 443.61565 429.604553 482.9648142857142 566.053101 175.3452123333333 63.220198499999995 158.68484433333336 306.787105 0.05405405405405406 0.02702702702702703 0.1891891891891892 0.02702702702702703 0.16216216216216217 0.10810810810810811 0.16216216216216217 0.2702702702702703 106.91318801176469 130.18130233333335 164.661068 0.8854166666666666 0.09375 0.020833333333333332 0.5945945945945946 0.16216216216216217 0.08108108108108109 0.10810810810810811 0.0 0.05405405405405406 0.0 0.0 0.5604395604395604 0.2857142857142857 0.07692307692307693 0.054945054945054944 0.02197802197802198 leishengchuan 4Сʱ_mousemovements
153.048148 0 27.459852 688.8523255 473.484436 632.772705 0 0 210.090485 367.86213849999996 217.0719375 0.0 44.585987 280.896217 86.350304 69.71154 0.05 0.3 0.1 0.05 0.05 0.3 0.05 0.1 71.76999293333333 27.459852 473.484436 0.967741935483871 0.016129032258064516 0.016129032258064516 0.75 0.0 0.05 0.1 0.05 0.05 0.0 0.0 0.6296296296296297 0.16666666666666666 0.09259259259259259 0.05555555555555555 0.05555555555555555 leishengchuan 4Сʱ_mousemovements
153.35693535000001 293.0144373333333 712.424042 824.4014183333334 782.39447 1091.2524715 1924.7486575 0 471.7091786 325.380733 103.667923 446.2727786666666 144.07756933333334 976.4880023333334 733.8396423999999 331.6043161428571 0.1388888888888889 0.16666666666666666 0.027777777777777776 0.08333333333333333 0.16666666666666666 0.08333333333333333 0.1388888888888889 0.19444444444444445 168.38050792222225 11.639317666666665 58.08512199999999 0.9090909090909091 0.030303030303030304 0.06060606060606061 0.5555555555555556 0.16666666666666666 0.05555555555555555 0.08333333333333333 0.027777777777777776 0.05555555555555555 0.05555555555555555 0.0 0.6041666666666666 0.1875 0.11458333333333333 0.07291666666666667 0.020833333333333332 leishengchuan 4Сʱ_mousemovements
11.854103333333335 0 1110.7616676666667 1812.161377 0 0 4077.860352 0 1383.340942 4077.860352 0 0 747.028076 760.445 21.276596 0 0.125 0.125 0.0 0.0 0.25 0.375 0.125 0.0 440.1706346666667 14.285714 0.0 0.9130434782608695 0.043478260869565216 0.043478260869565216 0.375 0.0 0.375 0.125 0.0 0.0 0.125 0.0 0.8095238095238095 0.14285714285714285 0.047619047619047616 0.0 0.0 leishengchuan 4Сʱ_mousemovements
116.95308083333333 650.131714 618.469666 596.8548278000001 516.9174654999999 467.271072 0 0 418.3577195714285 442.6566213333333 199.21082533333333 464.177414 166.88973000000001 234.23955266666667 209.33340833333332 512.146667 0.22580645161290322 0.0967741935483871 0.0967741935483871 0.0967741935483871 0.16129032258064516 0.1935483870967742 0.0967741935483871 0.03225806451612903 105.49156872727274 48.651209333333334 403.97114300000004 0.8953488372093024 0.06976744186046512 0.03488372093023256 0.5806451612903226 0.0967741935483871 0.03225806451612903 0.16129032258064516 0.06451612903225806 0.06451612903225806 0.0 0.0 0.6329113924050633 0.21518987341772153 0.05063291139240506 0.05063291139240506 0.05063291139240506 leishengchuan 4Сʱ_mousemovements
0 0 0 0 0 0 0 0 0 0 0 0 0 0 0 0 0 0 0 0 0 0 0 0 0.0 0 0 1.0 0.0 0.0 0 0 0 0 0 0 0 0 1.0 0.0 0.0 0.0 0.0 leishengchuan 4Сʱ_mousemovements
0 0 0 0 0 0 0 0 0 0 0 0 0 0 0 0 0 0 0 0 0 0 0 0 0 0 0 0 0 0 0 0 0 0 0 0 0 0 0 0 0 0 0 leishengchuan 4Сʱ_mousemovements
158.60256533333333 569.636627 1125.6798503333332 0 0 0 0 0 1153.8971024999998 0 815.428192 0 284.477722 320.767151 10.752688 437.472351 0.25 0.0 0.25 0.0 0.125 0.125 0.125 0.125 277.34002783333335 0 0 1.0 0.0 0.0 0.375 0.25 0.375 0.0 0.0 0.0 0.0 0.0 0.47058823529411764 0.47058823529411764 0.0 0.058823529411764705 0.0 leishengchuan 4Сʱ_mousemovements
61.60627099999999 605.517166 702.7821195 1856.5828095 0 0 0 0 45.700351999999995 77.4254265 419.8244363333333 275.15875600000004 21.9009052 9.852217 936.3584652 229.1365395 0.09090909090909091 0.09090909090909091 0.13636363636363635 0.09090909090909091 0.22727272727272727 0.045454545454545456 0.22727272727272727 0.09090909090909091 110.12205628124998 4.0 259.652924 0.9552238805970149 0.029850746268656716 0.014925373134328358 0.7272727272727273 0.09090909090909091 0.09090909090909091 0.09090909090909091 0.0 0.0 0.0 0.0 0.6333333333333333 0.2 0.08333333333333333 0.05 0.03333333333333333 leishengchuan 4Сʱ_mousemovements
121.11259369230768 311.86128049999996 329.47935 545.221252 0 0 0 1545.367554 43.568115 666.4525349999999 285.621277 91.10216550000001 35.667163 183.569315375 455.43102275 28.571428 0.045454545454545456 0.13636363636363635 0.045454545454545456 0.09090909090909091 0.09090909090909091 0.36363636363636365 0.18181818181818182 0.045454545454545456 89.56900859322033 35.5714685 545.221252 0.9516129032258065 0.03225806451612903 0.016129032258064516 0.5909090909090909 0.18181818181818182 0.13636363636363635 0.045454545454545456 0.0 0.0 0.0 0.045454545454545456 0.48214285714285715 0.25 0.14285714285714285 0.07142857142857142 0.05357142857142857 leishengchuan 4Сʱ_mousemovements
142.31686 1258.030029 0 429.134155 0 0 0 0 1258.030029 169.693176 0 114.940544 0 429.134155 0 0 0.25 0.25 0.0 0.25 0.0 0.25 0.0 0.0 128.55531241666668 0 429.134155 0.9230769230769231 0.0 0.07692307692307693 0.5 0.25 0.0 0.25 0.0 0.0 0.0 0.0 0.8181818181818182 0.0 0.09090909090909091 0.0 0.09090909090909091 leishengchuan 4Сʱ_mousemovements
0 0 0 0 0 0 0 0 0 0 0 0 0 0 0 0 0 0 0 0 0 0 0 0 0 0 0 0 0 0 0 0 0 0 0 0 0 0 0 0 0 0 0 leishengchuan 4Сʱ_mousemovements
154.06642592000003 501.0435076666667 418.252563 655.482178 516.663452 2396.4094845 1384.818726 1128.30957 246.96875533333332 822.486511 655.482178 136.849725 67.44648155555556 783.3063306666667 14.410058 464.3543267142857 0.08571428571428572 0.05714285714285714 0.02857142857142857 0.05714285714285714 0.2571428571428571 0.2571428571428571 0.05714285714285714 0.2 148.38727640229885 10.169539777777779 416.6392413333333 0.8787878787878788 0.09090909090909091 0.030303030303030304 0.7142857142857143 0.08571428571428572 0.02857142857142857 0.02857142857142857 0.02857142857142857 0.05714285714285714 0.02857142857142857 0.02857142857142857 0.6630434782608695 0.17391304347826086 0.06521739130434782 0.07608695652173914 0.021739130434782608 leishengchuan 4Сʱ_mousemovements
321.6713255 167.632004 0 0 0 0 0 0 0 0 236.078613 0 0 167.632004 0 407.264038 0.0 0.0 0.3333333333333333 0.0 0.0 0.3333333333333333 0.0 0.3333333333333333 81.0974655 0 0 1.0 0.0 0.0 0.6666666666666666 0.3333333333333333 0.0 0.0 0.0 0.0 0.0 0.0 0.625 0.25 0.0 0.125 0.0 leishengchuan 4Сʱ_mousemovements
147.61820799999998 292.799072 588.6168210000001 0 0 0 762.578552 3134.3035275 412.583893 0 656.446594 117.20700249999999 109.712829 1480.846313 1687.832404 169.9812505 0.06666666666666667 0.0 0.2 0.13333333333333333 0.2 0.06666666666666667 0.2 0.13333333333333333 227.87318148837213 19.313709 2.98042 0.8958333333333334 0.020833333333333332 0.08333333333333333 0.6 0.06666666666666667 0.13333333333333333 0.0 0.0 0.0 0.06666666666666667 0.13333333333333333 0.6086956521739131 0.2391304347826087 0.06521739130434782 0.043478260869565216 0.043478260869565216 leishengchuan 4Сʱ_mousemovements
215.69541966666668 0 0 0 0 0 0 0 141.025635 0 0 0 172.72728 0 0 333.333344 0.3333333333333333 0.0 0.0 0.0 0.3333333333333333 0.0 0.0 0.3333333333333333 64.7086259 0 0.0 0.9090909090909091 0.0 0.09090909090909091 1.0 0.0 0.0 0.0 0.0 0.0 0.0 0.0 0.8 0.1 0.1 0.0 0.0 leishengchuan 4Сʱ_mousemovements
0 0 0 0 0 0 0 0 0 0 0 0 0 0 0 0 0 0 0 0 0 0 0 0 0 0 0 0 0 0 0 0 0 0 0 0 0 0 0 0 0 0 0 leishengchuan 4Сʱ_mousemovements
0 0 0 0 0 0 0 0 0 0 0 0 0 0 0 0 0 0 0 0 0 0 0 0 0 0 0 0 0 0 0 0 0 0 0 0 0 0 0 0 0 0 0 leishengchuan 4Сʱ_mousemovements
0 0 0 0 0 0 0 0 0 0 0 0 0 0 0 0 0 0 0 0 0 0 0 0 0 0 0 0 0 0 0 0 0 0 0 0 0 0 0 0 0 0 0 leishengchuan 4Сʱ_mousemovements
0 0 0 0 0 0 0 0 0 0 0 0 0 0 0 0 0 0 0 0 0 0 0 0 0 0 0 0 0 0 0 0 0 0 0 0 0 0 0 0 0 0 0 leishengchuan 4Сʱ_mousemovements
0 0 0 0 0 0 0 0 0 0 0 0 0 0 0 0 0 0 0 0 0 0 0 0 0 0 0 0 0 0 0 0 0 0 0 0 0 0 0 0 0 0 0 leishengchuan 4Сʱ_mousemovements
106.28462330000002 521.971863 0 1885.977173 0 0 0 0 123.805824 251.71479433333332 194.906723 146.354553 508.6459465 16.0 0 200.0 0.08333333333333333 0.25 0.08333333333333333 0.08333333333333333 0.3333333333333333 0.08333333333333333 0.0 0.08333333333333333 133.2174004615385 7.142857 0 0.9629629629629629 0.037037037037037035 0.0 0.8333333333333334 0.08333333333333333 0.0 0.08333333333333333 0.0 0.0 0.0 0.0 0.625 0.375 0.0 0.0 0.0 leishengchuan 4Сʱ_mousemovements
84.3195968 274.39599066666665 0 0 0 1586.03418 0 0 194.589615 144.068813 836.7890590000001 75.956367 163.8179625 270.922485 0 0 0.1111111111111111 0.2222222222222222 0.2222222222222222 0.1111111111111111 0.2222222222222222 0.1111111111111111 0.0 0.0 101.10071914285716 0 0 1.0 0.0 0.0 0.5555555555555556 0.3333333333333333 0.0 0.0 0.0 0.1111111111111111 0.0 0.0 0.5555555555555556 0.25925925925925924 0.14814814814814814 0.037037037037037035 0.0 leishengchuan 4Сʱ_mousemovements
31.167424 0 0 0 0 0 0 0 0 0 0 0 31.002272 0.0 62.5 0 0.0 0.0 0.0 0.0 0.3333333333333333 0.3333333333333333 0.3333333333333333 0.0 4.065316173913044 0 0 1.0 0.0 0.0 1.0 0.0 0.0 0.0 0.0 0.0 0.0 0.0 0.8666666666666667 0.13333333333333333 0.0 0.0 0.0 leishengchuan 4Сʱ_mousemovements
113.05403715789474 311.074951 738.654114 0 0 0 0 0 162.903956 118.110013 69.062851 300.88066100000003 170.955286 24.792268000000004 272.3056415 186.8900625 0.13043478260869565 0.08695652173913043 0.043478260869565216 0.08695652173913043 0.17391304347826086 0.13043478260869565 0.08695652173913043 0.2608695652173913 49.311101779220785 22.950836 0 0.9871794871794872 0.01282051282051282 0.0 0.8260869565217391 0.13043478260869565 0.043478260869565216 0.0 0.0 0.0 0.0 0.0 0.5921052631578947 0.3026315789473684 0.039473684210526314 0.05263157894736842 0.013157894736842105 leishengchuan 4Сʱ_mousemovements
27.272728 0 0 0 0 0 0 0 0 0 27.272728 0 0 0 0 0 0.0 0.0 1.0 0.0 0.0 0.0 0.0 0.0 2.2727273333333335 0 0 1.0 0.0 0.0 1.0 0.0 0.0 0.0 0.0 0.0 0.0 0.0 0.7777777777777778 0.2222222222222222 0.0 0.0 0.0 leishengchuan 4Сʱ_mousemovements
284.2157372857143 414.343536 915.706299 2099.1622315 0 0 0 0 193.92157 1315.9336833333334 414.343536 0 18.0274605 550.820801 915.706299 729.618141 0.09090909090909091 0.2727272727272727 0.09090909090909091 0.0 0.18181818181818182 0.09090909090909091 0.09090909090909091 0.18181818181818182 61.287027960784314 3647.503662 372.37118549999997 0.9444444444444444 0.018518518518518517 0.037037037037037035 0.6363636363636364 0.09090909090909091 0.09090909090909091 0.18181818181818182 0.0 0.0 0.0 0.0 0.68 0.2 0.04 0.06 0.02 leishengchuan 4Сʱ_mousemovements
125.70789547058827 322.93054474999997 618.73338325 472.178973 0 0 0 0 198.151733 264.2738065 400.47981074999996 0 271.515411 336.52924033333335 251.7773357777778 152.66024966666666 0.03571428571428571 0.14285714285714285 0.14285714285714285 0.0 0.03571428571428571 0.10714285714285714 0.32142857142857145 0.21428571428571427 87.60416770512822 31.9288904 163.7286605 0.9176470588235294 0.058823529411764705 0.023529411764705882 0.6071428571428571 0.14285714285714285 0.14285714285714285 0.10714285714285714 0.0 0.0 0.0 0.0 0.6282051282051282 0.21794871794871795 0.08974358974358974 0.05128205128205128 0.01282051282051282 leishengchuan 4Сʱ_mousemovements
89.9537957142857 731.153748 592.4176024999999 685.490041 921.1540219999999 0 1461.946594 0 0 498.88210975 696.173233 382.2515485 32.258064 675.1135557499999 820.6566643333334 21.276596 0.0 0.23529411764705882 0.11764705882352941 0.11764705882352941 0.058823529411764705 0.23529411764705882 0.17647058823529413 0.058823529411764705 161.52304962068962 0 0.0 0.9830508474576272 0.0 0.01694915254237288 0.4117647058823529 0.058823529411764705 0.11764705882352941 0.17647058823529413 0.11764705882352941 0.0 0.11764705882352941 0.0 0.5 0.2857142857142857 0.125 0.07142857142857142 0.017857142857142856 leishengchuan 4Сʱ_mousemovements
116.82087704761905 295.2099265 402.6299285 0 0 0 0 0 119.705513 95.19169985714286 265.00354 272.50179249999997 181.90757000000002 182.30029933333333 200.98566649999998 68.30033675 0.04 0.28 0.08 0.08 0.08 0.12 0.16 0.16 54.54172301449275 28.51308 0 0.9583333333333334 0.041666666666666664 0.0 0.84 0.08 0.08 0.0 0.0 0.0 0.0 0.0 0.5909090909090909 0.21212121212121213 0.10606060606060606 0.030303030303030304 0.06060606060606061 leishengchuan 4Сʱ_mousemovements
77.18510540000001 610.0903435 492.658783 1411.136597 0 0 0 2511.846436 41.488052 339.17278139999996 561.34082 1411.136597 95.685561 2511.846436 271.252876 35.25 0.058823529411764705 0.29411764705882354 0.058823529411764705 0.058823529411764705 0.17647058823529413 0.058823529411764705 0.17647058823529413 0.11764705882352941 150.36197710869564 36.29669066666666 367.450104 0.92 0.06 0.02 0.5882352941176471 0.11764705882352941 0.17647058823529413 0.058823529411764705 0.0 0.0 0.0 0.058823529411764705 0.6808510638297872 0.1702127659574468 0.1276595744680851 0.02127659574468085 0.0 leishengchuan 4Сʱ_mousemovements
0 0 0 0 0 0 0 0 0 0 0 0 0 0 0 0 0 0 0 0 0 0 0 0 0 0 0 0 0 0 0 0 0 0 0 0 0 0 0 0 0 0 0 leishengchuan 4Сʱ_mousemovements
