45.146612761904755 0 0 0 0 0 0 0 41.9369663 45.510247400000004 97.05235449999999 0 0 0 0 26.76331475 0.47619047619047616 0.23809523809523808 0.09523809523809523 0.0 0.0 0.0 0.0 0.19047619047619047 14.813732312499997 0 0 1.0 0.0 0.0 1.0 0.0 0.0 0.0 0.0 0.0 0.0 0.0 0.7241379310344828 0.22413793103448276 0.017241379310344827 0.0 0.034482758620689655 leishengchuan 2Сʱ_mousemovements
32.77799999999999 0 0 0 0 0 0 0 33.538926399999994 103.848557 0 0 0 0 0 7.819603666666667 0.5555555555555556 0.1111111111111111 0.0 0.0 0.0 0.0 0.0 0.3333333333333333 9.218812499999999 0 0 1.0 0.0 0.0 1.0 0.0 0.0 0.0 0.0 0.0 0.0 0.0 0.7407407407407407 0.18518518518518517 0.037037037037037035 0.037037037037037035 0.0 leishengchuan 2Сʱ_mousemovements
44.11834371428571 0 0 0 0 0 0 0 0 0 0 0 40.0 0 0 44.80473433333333 0.0 0.0 0.0 0.0 0.14285714285714285 0.0 0.0 0.8571428571428571 15.441420299999999 0 0 1.0 0.0 0.0 1.0 0.0 0.0 0.0 0.0 0.0 0.0 0.0 0.7142857142857143 0.14285714285714285 0.14285714285714285 0.0 0.0 leishengchuan 2Сʱ_mousemovements
81.15551066666667 0 0 0 0 0 0 1227.914307 0 90.77060933333333 459.3398046666667 64.516129 0 0 0 0 0.0 0.42857142857142855 0.42857142857142855 0.14285714285714285 0.0 0.0 0.0 0.0 122.48909792857145 0 0 1.0 0.0 0.0 0.8571428571428571 0.0 0.0 0.0 0.0 0.0 0.0 0.14285714285714285 0.5555555555555556 0.1111111111111111 0.1111111111111111 0.1111111111111111 0.1111111111111111 leishengchuan 2Сʱ_mousemovements
0 0 0 0 0 0 0 0 0 0 0 0 0 0 0 0 0 0 0 0 0 0 0 0 0 0 0 0 0 0 0 0 0 0 0 0 0 0 0 0 0 0 0 leishengchuan 2Сʱ_mousemovements
0 0 0 0 0 0 0 0 0 0 0 0 0 0 0 0 0 0 0 0 0 0 0 0 0 0 0 0 0 0 0 0 0 0 0 0 0 0 0 0 0 0 0 leishengchuan 2Сʱ_mousemovements
16.88698 231.311478 200.589188 710.554321 1964.667236 0 0 4926.798828 34.097109 2473.0562685 1964.667236 231.311478 4.604651 0 200.589188 710.554321 0.18181818181818182 0.18181818181818182 0.09090909090909091 0.09090909090909091 0.2727272727272727 0.0 0.09090909090909091 0.09090909090909091 248.83101455172414 8.0 455.5717545 0.90625 0.03125 0.0625 0.5454545454545454 0.09090909090909091 0.09090909090909091 0.09090909090909091 0.09090909090909091 0.0 0.0 0.09090909090909091 0.5862068965517241 0.20689655172413793 0.13793103448275862 0.06896551724137931 0.0 leishengchuan 2Сʱ_mousemovements
78.29256425 1341.914215 669.503204 0 0 696.491821 676.925659 0 456.124214 1212.634033 676.925659 0 8.72093 0 0 421.564873 0.2 0.2 0.1 0.0 0.1 0.0 0.0 0.4 162.85068574285714 0 3.216191333333333 0.9210526315789473 0.0 0.07894736842105263 0.4 0.2 0.2 0.0 0.0 0.1 0.1 0.0 0.5625 0.15625 0.09375 0.15625 0.03125 leishengchuan 2Сʱ_mousemovements
92.02297409090909 0 0 0 0 565.942688 0 0 380.12733449999996 134.314331 0 94.280907 96.55583575 64.12315500000001 10.752688 0 0.16666666666666666 0.08333333333333333 0.0 0.08333333333333333 0.3333333333333333 0.25 0.08333333333333333 0.0 31.296875843749998 10.752688 282.971344 0.9142857142857143 0.02857142857142857 0.05714285714285714 0.9166666666666666 0.0 0.0 0.0 0.0 0.08333333333333333 0.0 0.0 0.6333333333333333 0.26666666666666666 0.06666666666666667 0.0 0.03333333333333333 leishengchuan 2Сʱ_mousemovements
85.92702971428571 233.5501935 0 0 667.570862 411.30061350000005 0 0 0 247.992813 122.47287750000001 339.4458085 343.007568 106.740019 194.15036 0 0.0 0.16666666666666666 0.16666666666666666 0.16666666666666666 0.08333333333333333 0.16666666666666666 0.25 0.0 48.85053448484848 0.0 315.564682 0.8918918918918919 0.02702702702702703 0.08108108108108109 0.5833333333333334 0.16666666666666666 0.0 0.0 0.08333333333333333 0.16666666666666666 0.0 0.0 0.5588235294117647 0.14705882352941177 0.20588235294117646 0.08823529411764706 0.0 leishengchuan 2Сʱ_mousemovements
66.49367444444444 344.6089475 393.586823 489.269318 449.59845 382.247131 0 0 64.024391 214.7919436666667 393.586823 617.236145 0 0 168.22067657142858 52.7973805 0.06666666666666667 0.2 0.06666666666666667 0.06666666666666667 0.0 0.0 0.4666666666666667 0.13333333333333333 34.33328044642857 57.834724 321.343178 0.9180327868852459 0.03278688524590164 0.04918032786885246 0.6 0.13333333333333333 0.06666666666666667 0.06666666666666667 0.06666666666666667 0.06666666666666667 0.0 0.0 0.5740740740740741 0.2962962962962963 0.037037037037037035 0.05555555555555555 0.037037037037037035 leishengchuan 2Сʱ_mousemovements
59.64526672727273 197.60619359999998 242.854721 0 0 344.813904 0 933.359619 0.0 137.045189 147.86021549999998 195.44660950000002 0 0 276.77256575 161.562153 0.05555555555555555 0.16666666666666666 0.2222222222222222 0.1111111111111111 0.0 0.0 0.2222222222222222 0.2222222222222222 42.67997487096774 35.3320802 171.1691515 0.8985507246376812 0.07246376811594203 0.028985507246376812 0.5789473684210527 0.2631578947368421 0.05263157894736842 0.0 0.0 0.05263157894736842 0.0 0.05263157894736842 0.6 0.26666666666666666 0.03333333333333333 0.016666666666666666 0.08333333333333333 leishengchuan 2Сʱ_mousemovements
65.5501495625 352.458339625 319.336426 327.215363 0 695.454834 0 0 138.706467 49.798345499999996 175.0554528 160.4781658 17.535603 327.215363 384.58799516666664 107.03759083333335 0.037037037037037035 0.07407407407407407 0.18518518518518517 0.18518518518518517 0.037037037037037035 0.037037037037037035 0.2222222222222222 0.2222222222222222 69.82478059374999 39.39542071428571 232.960915 0.8767123287671232 0.0958904109589041 0.0273972602739726 0.5925925925925926 0.2962962962962963 0.037037037037037035 0.037037037037037035 0.0 0.037037037037037035 0.0 0.0 0.4461538461538462 0.3230769230769231 0.09230769230769231 0.1076923076923077 0.03076923076923077 leishengchuan 2Сʱ_mousemovements
70.1635965 0 1366.802246 1682.885742 1024.480591 2841.874512 0 0 0 687.988279 1557.881531 72.201256 516.8274515 596.6335626666666 44.927698 0 0.0 0.16666666666666666 0.16666666666666666 0.08333333333333333 0.16666666666666666 0.25 0.16666666666666666 0.0 339.04560177272725 9.174312 0 0.9166666666666666 0.08333333333333333 0.0 0.6666666666666666 0.0 0.08333333333333333 0.08333333333333333 0.08333333333333333 0.08333333333333333 0.0 0.0 0.55 0.3 0.15 0.0 0.0 leishengchuan 2Сʱ_mousemovements
149.73608333333334 156.779205 324.181305 1916.816528 465.335815 0 494.857117 0 96.9134995 71.519184 324.181305 1306.5775755 62.4682052 355.420049 494.857117 7.142857 0.11764705882352941 0.11764705882352941 0.058823529411764705 0.11764705882352941 0.29411764705882354 0.17647058823529413 0.058823529411764705 0.058823529411764705 103.90515995744681 7.142857 88.03919833333333 0.9215686274509803 0.0196078431372549 0.058823529411764705 0.7058823529411765 0.058823529411764705 0.058823529411764705 0.058823529411764705 0.058823529411764705 0.0 0.058823529411764705 0.0 0.6136363636363636 0.2727272727272727 0.022727272727272728 0.06818181818181818 0.022727272727272728 leishengchuan 2Сʱ_mousemovements
61.43079966666667 899.607605 0 0 0 709.457275 0 1350.384766 0 2082.010498 1350.384766 0 352.3493403333334 84.672165 273.787781 95.054024 0.0 0.125 0.125 0.0 0.375 0.125 0.125 0.125 274.35505805555556 0 4.56621 0.9473684210526315 0.0 0.05263157894736842 0.375 0.375 0.0 0.0 0.0 0.125 0.0 0.125 0.5294117647058824 0.23529411764705882 0.11764705882352941 0.058823529411764705 0.058823529411764705 leishengchuan 2Сʱ_mousemovements
64.77812433333334 481.8551025 558.9513549999999 0 0 0 0 1206.483521 162.166489 641.7829286666666 279.41925 167.971191 207.543351 282.190033 649.2473756666667 9.174312 0.06666666666666667 0.2 0.06666666666666667 0.06666666666666667 0.26666666666666666 0.06666666666666667 0.2 0.06666666666666667 144.95942140540538 9.906305 220.87439 0.925 0.05 0.025 0.4 0.4 0.13333333333333333 0.0 0.0 0.0 0.0 0.06666666666666667 0.4722222222222222 0.3333333333333333 0.1388888888888889 0.027777777777777776 0.027777777777777776 leishengchuan 2Сʱ_mousemovements
104.510197 225.59189600000002 0 0 397.186829 0 0 283.139984 31.995537 283.139984 144.165939 307.017853 0 31.306479 250.64186699999996 0 0.125 0.125 0.125 0.125 0.0 0.125 0.375 0.0 37.851034138888885 5.376344 88.080738 0.9 0.05 0.05 0.5 0.25 0.0 0.0 0.125 0.0 0.0 0.125 0.4857142857142857 0.2 0.14285714285714285 0.11428571428571428 0.05714285714285714 leishengchuan 2Сʱ_mousemovements
36.86366728571428 283.1808283333333 0 0 0 0 1088.604004 0 0 553.4763135000001 72.642845 147.09666633333333 21.382167 20.49094 74.933098 437.118317 0.0 0.18181818181818182 0.09090909090909091 0.2727272727272727 0.18181818181818182 0.09090909090909091 0.09090909090909091 0.09090909090909091 46.457806999999995 38.362507 28.865831 0.9375 0.041666666666666664 0.020833333333333332 0.6363636363636364 0.2727272727272727 0.0 0.0 0.0 0.0 0.09090909090909091 0.0 0.4864864864864865 0.24324324324324326 0.1891891891891892 0.05405405405405406 0.02702702702702703 leishengchuan 2Сʱ_mousemovements
51.75937222222221 340.193481 0 715.880188 0 3432.060303 1043.173462 0 64.516129 0 0 716.9293588 258.8105422 0 0 526.963075 0.07692307692307693 0.0 0.0 0.38461538461538464 0.38461538461538464 0.0 0.0 0.15384615384615385 126.55435125641026 18.348623 521.586731 0.9285714285714286 0.023809523809523808 0.047619047619047616 0.6923076923076923 0.07692307692307693 0.0 0.07692307692307693 0.0 0.07692307692307693 0.07692307692307693 0.0 0.7297297297297297 0.16216216216216217 0.05405405405405406 0.02702702702702703 0.02702702702702703 leishengchuan 2Сʱ_mousemovements
116.04535200000001 0 311.279694 550.429382 0 0 0 0 430.85453800000005 0 238.644501 139.337173 47.738194 0 0 38.46154 0.3333333333333333 0.0 0.16666666666666666 0.16666666666666666 0.16666666666666666 0.0 0.0 0.16666666666666666 54.22929128571429 23.869097 139.337173 0.875 0.08333333333333333 0.041666666666666664 0.6666666666666666 0.0 0.16666666666666666 0.16666666666666666 0.0 0.0 0.0 0.0 0.7391304347826086 0.0 0.08695652173913043 0.17391304347826086 0.0 leishengchuan 2Сʱ_mousemovements
75.03849764705883 198.12691499999997 469.839478 343.404572 653.395752 374.505707 0 0 170.742074 289.9269663333334 62.343464 561.617615 52.73912666666666 148.75122333333331 119.44708149999998 24.620072333333336 0.08333333333333333 0.125 0.041666666666666664 0.08333333333333333 0.25 0.125 0.16666666666666666 0.125 46.522202848484845 9.984877666666668 101.79344883333334 0.88 0.04 0.08 0.7083333333333334 0.125 0.041666666666666664 0.041666666666666664 0.041666666666666664 0.041666666666666664 0.0 0.0 0.5076923076923077 0.18461538461538463 0.12307692307692308 0.15384615384615385 0.03076923076923077 leishengchuan 2Сʱ_mousemovements
42.24423755555556 206.59464350000002 0 751.4175875000001 536.2868243333334 681.173035 0 3087.839355 722.840683 206.6758886 196.98127233333335 326.55777 178.2816045 1564.591928 295.92467325 21.276596 0.1 0.25 0.15 0.05 0.1 0.1 0.2 0.05 132.00422024561402 24.6722505 171.23323166666668 0.9193548387096774 0.03225806451612903 0.04838709677419355 0.45 0.2 0.0 0.1 0.15 0.05 0.0 0.05 0.6851851851851852 0.18518518518518517 0.09259259259259259 0.037037037037037035 0.0 leishengchuan 2Сʱ_mousemovements
42.395819 177.52381924999997 305.066269 0 909.544373 0 590.189148 0 0 504.504837 147.97921 178.6436695 46.153845 42.856983 470.90121849999997 64.99434839999999 0.0 0.11764705882352941 0.17647058823529413 0.11764705882352941 0.11764705882352941 0.058823529411764705 0.11764705882352941 0.29411764705882354 43.75476329032258 70.49155 159.82477599999999 0.9253731343283582 0.04477611940298507 0.029850746268656716 0.5555555555555556 0.2222222222222222 0.1111111111111111 0.0 0.05555555555555555 0.0 0.05555555555555555 0.0 0.55 0.25 0.13333333333333333 0.03333333333333333 0.03333333333333333 leishengchuan 2Сʱ_mousemovements
91.70210633333335 268.70369625 0 460.881897 0 0 0 630.526978 20.065426 445.630371 353.96835999999996 32.34192866666667 16.129032 199.74715450000002 460.881897 68.221178 0.06666666666666667 0.06666666666666667 0.26666666666666666 0.2 0.06666666666666667 0.13333333333333333 0.06666666666666667 0.13333333333333333 32.29550537931034 29.460672666666667 343.34042900000003 0.90625 0.046875 0.046875 0.6 0.26666666666666666 0.0 0.06666666666666667 0.0 0.0 0.0 0.06666666666666667 0.5 0.26785714285714285 0.10714285714285714 0.10714285714285714 0.017857142857142856 leishengchuan 2Сʱ_mousemovements
32.805481166666674 403.56340425 0 0 0 0 0 0 0 302.0816424 155.127457 0 28.466724499999998 0 0 44.308693000000005 0.0 0.5 0.1 0.0 0.2 0.0 0.0 0.2 42.11829079069768 0 0 1.0 0.0 0.0 0.6 0.4 0.0 0.0 0.0 0.0 0.0 0.0 0.6052631578947368 0.23684210526315788 0.10526315789473684 0.02631578947368421 0.02631578947368421 leishengchuan 2Сʱ_mousemovements
43.84333483333334 0 0 875.129822 0 0 0 0 0 0 0 0 57.3491765 312.056261 43.6613475 0 0.0 0.0 0.0 0.0 0.2857142857142857 0.42857142857142855 0.2857142857142857 0.0 56.90949155 0 0 1.0 0.0 0.0 0.8571428571428571 0.0 0.0 0.14285714285714285 0.0 0.0 0.0 0.0 0.8 0.06666666666666667 0.13333333333333333 0.0 0.0 leishengchuan 2Сʱ_mousemovements
44.051109714285715 0 0 184.422394 821.134094 0 0 0 0 349.3698933333333 63.829788 32.878265 0 33.6870955 0 50.861166 0.0 0.3333333333333333 0.1111111111111111 0.1111111111111111 0.0 0.2222222222222222 0.0 0.2222222222222222 51.34053918181819 0 184.422394 0.9565217391304348 0.0 0.043478260869565216 0.7777777777777778 0.0 0.0 0.1111111111111111 0.1111111111111111 0.0 0.0 0.0 0.5882352941176471 0.058823529411764705 0.17647058823529413 0.17647058823529413 0.0 leishengchuan 2Сʱ_mousemovements
60.2817905 0 0 0 0 0 0 0 0 0 0 28.691939 22.3338235 17.543859 32.258064 140.757506 0.0 0.0 0.0 0.3 0.2 0.1 0.1 0.3 25.117412708333333 0 0 1.0 0.0 0.0 1.0 0.0 0.0 0.0 0.0 0.0 0.0 0.0 0.6956521739130435 0.21739130434782608 0.08695652173913043 0.0 0.0 leishengchuan 2Сʱ_mousemovements
34.14984633333333 426.230865 0 495.11666850000006 0 4455.114258 1269.906372 0 0 47.71574 426.458862 916.8404235 25.664032 29.069767 4455.114258 426.230865 0.0 0.125 0.125 0.25 0.125 0.125 0.125 0.125 309.8852504090908 0 426.458862 0.9565217391304348 0.0 0.043478260869565216 0.375 0.125 0.0 0.25 0.0 0.125 0.125 0.0 0.42105263157894735 0.3157894736842105 0.10526315789473684 0.10526315789473684 0.05263157894736842 leishengchuan 2Сʱ_mousemovements
99.34566875 0 0 0 0 0 0 0 0 62.5 0 0 0 0 251.106079 41.888298 0.0 0.25 0.0 0.0 0.0 0.0 0.25 0.5 33.11522291666667 0 0 1.0 0.0 0.0 1.0 0.0 0.0 0.0 0.0 0.0 0.0 0.0 0.7 0.3 0.0 0.0 0.0 leishengchuan 2Сʱ_mousemovements
73.37659427272727 0 0 0 0 0 0 854.422791 0 66.332573 0 0 83.45895825 0 458.4613955 10.638298 0.0 0.08333333333333333 0.0 0.0 0.6666666666666666 0.0 0.16666666666666666 0.08333333333333333 59.341618857142855 0 0 1.0 0.0 0.0 0.9166666666666666 0.0 0.0 0.0 0.0 0.0 0.0 0.08333333333333333 0.6 0.24 0.04 0.04 0.08 leishengchuan 2Сʱ_mousemovements
137.54510366666668 272.27652 0 0 0 0 0 0 93.919441 272.27652 0 54.921284 0 263.794586 0 0 0.25 0.25 0.0 0.25 0.0 0.25 0.0 0.0 68.4911831 0 0 1.0 0.0 0.0 0.75 0.25 0.0 0.0 0.0 0.0 0.0 0.0 0.5714285714285714 0.2857142857142857 0.0 0.14285714285714285 0.0 leishengchuan 2Сʱ_mousemovements
0 0 0 0 0 0 0 0 0 0 0 0 0 0 0 0 0 0 0 0 0 0 0 0 0 0 0 0 0 0 0 0 0 0 0 0 0 0 0 0 0 0 0 leishengchuan 2Сʱ_mousemovements
37.807373285714284 411.888504 0 0 0 0 0 0 48.387096 253.8169615 194.44602 16.1791275 72.642845 0 38.514462 0 0.1111111111111111 0.2222222222222222 0.2222222222222222 0.2222222222222222 0.1111111111111111 0.0 0.1111111111111111 0.0 36.28095403333334 0 0 1.0 0.0 0.0 0.7777777777777778 0.2222222222222222 0.0 0.0 0.0 0.0 0.0 0.0 0.72 0.2 0.04 0.04 0.0 leishengchuan 2Сʱ_mousemovements
44.771765249999994 0 0 0 0 0 0 0 106.952034 0 0 52.7740365 36.701082 49.671684 0 18.181818 0.08333333333333333 0.0 0.0 0.16666666666666666 0.5833333333333334 0.08333333333333333 0.0 0.08333333333333333 19.18789939285714 0 0 1.0 0.0 0.0 1.0 0.0 0.0 0.0 0.0 0.0 0.0 0.0 0.8333333333333334 0.0 0.08333333333333333 0.08333333333333333 0.0 leishengchuan 2Сʱ_mousemovements
39.268287619047626 344.967102 0 0 0 0 0 0 172.433945 176.0549795 0 64.485977 35.74632481818182 0 0 20.479285166666667 0.045454545454545456 0.09090909090909091 0.0 0.09090909090909091 0.5 0.0 0.0 0.2727272727272727 18.864534548387102 0 0 1.0 0.0 0.0 0.9545454545454546 0.045454545454545456 0.0 0.0 0.0 0.0 0.0 0.0 0.7090909090909091 0.18181818181818182 0.09090909090909091 0.0 0.01818181818181818 leishengchuan 2Сʱ_mousemovements
72.017276 0 0 823.043457 747.305542 0 0 0 145.2265815 0 0 0 27.522936 823.043457 263.13860766666664 0 0.2857142857142857 0.0 0.0 0.0 0.14285714285714285 0.14285714285714285 0.42857142857142855 0.0 101.60186205263157 0.0 0 0.95 0.05 0.0 0.7142857142857143 0.0 0.0 0.14285714285714285 0.14285714285714285 0.0 0.0 0.0 0.5882352941176471 0.23529411764705882 0.11764705882352941 0.0 0.058823529411764705 leishengchuan 2Сʱ_mousemovements
129.4642734 0 308.545975 206.595608 484.200958 183.657349 744.0515135 0 82.1693805 381.484182 137.941582 0 192.700974 479.56221000000005 0 0 0.15384615384615385 0.23076923076923078 0.23076923076923078 0.0 0.07692307692307693 0.3076923076923077 0.0 0.0 14.488608517857145 153.6002315 387.8576181428571 0.8615384615384616 0.03076923076923077 0.1076923076923077 0.38461538461538464 0.0 0.15384615384615385 0.15384615384615385 0.07692307692307693 0.07692307692307693 0.15384615384615385 0.0 0.5862068965517241 0.15517241379310345 0.15517241379310345 0.06896551724137931 0.034482758620689655 leishengchuan 2Сʱ_mousemovements
102.52638835 277.20229162500004 0 0 0 1071.494934 1166.447144 2419.9180605 252.83144714285712 867.5737726666666 13.028315 55.045872 168.26311 1385.01489075 41.7961795 76.435334 0.2 0.17142857142857143 0.02857142857142857 0.02857142857142857 0.2857142857142857 0.11428571428571428 0.05714285714285714 0.11428571428571428 76.55126185185185 18.7882298 349.66021566666666 0.8244274809160306 0.03816793893129771 0.13740458015267176 0.5714285714285714 0.22857142857142856 0.0 0.0 0.0 0.08571428571428572 0.05714285714285714 0.05714285714285714 0.6349206349206349 0.2222222222222222 0.0873015873015873 0.03968253968253968 0.015873015873015872 leishengchuan 2Сʱ_mousemovements
0 0 0 0 0 0 0 0 0 0 0 0 0 0 0 0 0 0 0 0 0 0 0 0 0 0 0 0 0 0 0 0 0 0 0 0 0 0 0 0 0 0 0 leishengchuan 2Сʱ_mousemovements
0 0 0 0 0 0 0 0 0 0 0 0 0 0 0 0 0 0 0 0 0 0 0 0 0 0 0 0 0 0 0 0 0 0 0 0 0 0 0 0 0 0 0 leishengchuan 2Сʱ_mousemovements
62.3224275 170.109467 463.4663593333333 0 0 522.878723 0 0 31.733559333333332 104.8764955 170.109467 151.82282650000002 442.177376 0 270.56514666666664 115.926281 0.2 0.13333333333333333 0.06666666666666667 0.13333333333333333 0.13333333333333333 0.0 0.2 0.13333333333333333 61.55522030769231 10.7526885 142.226287 0.9069767441860465 0.046511627906976744 0.046511627906976744 0.6666666666666666 0.06666666666666667 0.2 0.0 0.0 0.06666666666666667 0.0 0.0 0.5135135135135135 0.2702702702702703 0.08108108108108109 0.08108108108108109 0.05405405405405406 leishengchuan 2Сʱ_mousemovements
58.02089878571428 186.356964 846.5502983333332 711.328247 393.07061 0 639.691101 255.7480165 90.0339795 51.321123 144.3936448 121.1646805 438.774994 663.300307 264.80850333333336 277.1948205 0.08 0.08 0.2 0.08 0.04 0.12 0.24 0.16 59.163447550724634 72.81409466666666 345.43230700000004 0.8846153846153846 0.038461538461538464 0.07692307692307693 0.56 0.08 0.12 0.04 0.08 0.0 0.04 0.08 0.5373134328358209 0.2537313432835821 0.11940298507462686 0.029850746268656716 0.05970149253731343 leishengchuan 2Сʱ_mousemovements
46.09934633333333 620.644897 218.34581 0 343.4969785 0 952.656555 0 0 114.9630905 0 492.3100125 0 433.06151300000005 0.0 0 0.0 0.5 0.0 0.16666666666666666 0.0 0.25 0.08333333333333333 0.0 77.67180797142855 85.023276 0 0.9210526315789473 0.07894736842105263 0.0 0.5 0.08333333333333333 0.16666666666666666 0.0 0.16666666666666666 0.0 0.08333333333333333 0.0 0.6 0.23333333333333334 0.06666666666666667 0.1 0.0 leishengchuan 2Сʱ_mousemovements
90.42069225 295.12196725 760.8893633333333 440.103851 867.9579465 762.1264343333333 0 0 0 730.50952875 369.31189 356.8078765 368.92825433333337 464.61147 294.588104 144.46924066666665 0.0 0.2 0.05 0.1 0.15 0.3 0.05 0.15 175.70955158139535 273.3524565 0 0.9148936170212766 0.0851063829787234 0.0 0.38095238095238093 0.19047619047619047 0.14285714285714285 0.047619047619047616 0.09523809523809523 0.14285714285714285 0.0 0.0 0.45 0.2 0.2 0.15 0.0 leishengchuan 2Сʱ_mousemovements
0 0 0 0 0 0 0 0 0 0 0 0 0 0 0 0 0 0 0 0 0 0 0 0 0.0 0 0 1.0 0.0 0.0 0 0 0 0 0 0 0 0 1.0 0.0 0.0 0.0 0.0 leishengchuan 2Сʱ_mousemovements
0 0 0 0 0 0 0 0 0 0 0 0 0 0 0 0 0 0 0 0 0 0 0 0 0 0 0 0 0 0 0 0 0 0 0 0 0 0 0 0 0 0 0 leishengchuan 2Сʱ_mousemovements
0 0 0 0 0 0 0 0 0 0 0 0 0 0 0 0 0 0 0 0 0 0 0 0 0 0 0 0 0 0 0 0 0 0 0 0 0 0 0 0 0 0 0 leishengchuan 2Сʱ_mousemovements
73.6147187142857 411.8826676666667 0 0 0 0 0 0 974.623169 0 77.5279465 51.282051 67.05449399999999 122.94214633333335 0 0 0.1 0.0 0.2 0.1 0.3 0.3 0.0 0.0 71.2119926521739 0 113.075203 0.9583333333333334 0.0 0.041666666666666664 0.7 0.3 0.0 0.0 0.0 0.0 0.0 0.0 0.6363636363636364 0.13636363636363635 0.09090909090909091 0.09090909090909091 0.045454545454545456 leishengchuan 2Сʱ_mousemovements
21.276596 450.255859 0 0 0 0 0 0 0 0 0 0 21.276596 450.255859 0 0 0.0 0.0 0.0 0.0 0.5 0.5 0.0 0.0 52.392495 0 0 1.0 0.0 0.0 0.5 0.5 0.0 0.0 0.0 0.0 0.0 0.0 0.5 0.5 0.0 0.0 0.0 leishengchuan 2Сʱ_mousemovements
0 0 0 0 0 0 0 0 0 0 0 0 0 0 0 0 0 0 0 0 0 0 0 0 0 0 0 0 0 0 0 0 0 0 0 0 0 0 0 0 0 0 0 leishengchuan 2Сʱ_mousemovements
0 0 0 0 0 0 0 0 0 0 0 0 0 0 0 0 0 0 0 0 0 0 0 0 0 0 0 0 0 0 0 0 0 0 0 0 0 0 0 0 0 0 0 leishengchuan 2Сʱ_mousemovements
104.20585200000001 351.72353350000003 395.468262 0 1497.817261 0 0 0 0 0 1497.817261 0 150.932434 0 366.3051096666666 10.752688 0.0 0.0 0.14285714285714285 0.0 0.2857142857142857 0.0 0.42857142857142855 0.14285714285714285 139.66010466666665 0.0 395.468262 0.782608695652174 0.17391304347826086 0.043478260869565216 0.42857142857142855 0.2857142857142857 0.14285714285714285 0.0 0.14285714285714285 0.0 0.0 0.0 0.6363636363636364 0.2727272727272727 0.0 0.09090909090909091 0.0 leishengchuan 2Сʱ_mousemovements
0 0 0 0 0 0 0 0 0 0 0 0 0 0 0 0 0 0 0 0 0 0 0 0 0 0 0 0 0 0 0 0 0 0 0 0 0 0 0 0 0 0 0 leishengchuan 2Сʱ_mousemovements
0 0 0 0 0 0 0 0 0 0 0 0 0 0 0 0 0 0 0 0 0 0 0 0 0 0 0 0 0 0 0 0 0 0 0 0 0 0 0 0 0 0 0 leishengchuan 2Сʱ_mousemovements
0 0 0 0 0 0 0 0 0 0 0 0 0 0 0 0 0 0 0 0 0 0 0 0 0 0 0 0 0 0 0 0 0 0 0 0 0 0 0 0 0 0 0 leishengchuan 2Сʱ_mousemovements
0 0 0 0 0 0 0 0 0 0 0 0 0 0 0 0 0 0 0 0 0 0 0 0 0 0 0 0 0 0 0 0 0 0 0 0 0 0 0 0 0 0 0 leishengchuan 2Сʱ_mousemovements
0 0 0 0 0 0 0 0 0 0 0 0 0 0 0 0 0 0 0 0 0 0 0 0 0 0 0 0 0 0 0 0 0 0 0 0 0 0 0 0 0 0 0 leishengchuan 2Сʱ_mousemovements
0 0 0 0 0 0 0 0 0 0 0 0 0 0 0 0 0 0 0 0 0 0 0 0 0 0 0 0 0 0 0 0 0 0 0 0 0 0 0 0 0 0 0 leishengchuan 2Сʱ_mousemovements
0 0 0 0 0 0 0 0 0 0 0 0 0 0 0 0 0 0 0 0 0 0 0 0 0 0 0 0 0 0 0 0 0 0 0 0 0 0 0 0 0 0 0 leishengchuan 2Сʱ_mousemovements
0 0 0 0 0 0 0 0 0 0 0 0 0 0 0 0 0 0 0 0 0 0 0 0 0 0 0 0 0 0 0 0 0 0 0 0 0 0 0 0 0 0 0 leishengchuan 2Сʱ_mousemovements
0 0 0 0 0 0 0 0 0 0 0 0 0 0 0 0 0 0 0 0 0 0 0 0 0 0 0 0 0 0 0 0 0 0 0 0 0 0 0 0 0 0 0 leishengchuan 2Сʱ_mousemovements
0 0 0 0 0 0 0 0 0 0 0 0 0 0 0 0 0 0 0 0 0 0 0 0 0 0 0 0 0 0 0 0 0 0 0 0 0 0 0 0 0 0 0 leishengchuan 2Сʱ_mousemovements
0 0 0 0 0 0 0 0 0 0 0 0 0 0 0 0 0 0 0 0 0 0 0 0 0 0 0 0 0 0 0 0 0 0 0 0 0 0 0 0 0 0 0 leishengchuan 2Сʱ_mousemovements
0 0 0 0 0 0 0 0 0 0 0 0 0 0 0 0 0 0 0 0 0 0 0 0 0 0 0 0 0 0 0 0 0 0 0 0 0 0 0 0 0 0 0 leishengchuan 2Сʱ_mousemovements
0 0 0 0 0 0 0 0 0 0 0 0 0 0 0 0 0 0 0 0 0 0 0 0 0 0 0 0 0 0 0 0 0 0 0 0 0 0 0 0 0 0 0 leishengchuan 2Сʱ_mousemovements
0 0 0 0 0 0 0 0 0 0 0 0 0 0 0 0 0 0 0 0 0 0 0 0 0 0 0 0 0 0 0 0 0 0 0 0 0 0 0 0 0 0 0 leishengchuan 2Сʱ_mousemovements
0 0 0 0 0 0 0 0 0 0 0 0 0 0 0 0 0 0 0 0 0 0 0 0 0 0 0 0 0 0 0 0 0 0 0 0 0 0 0 0 0 0 0 leishengchuan 2Сʱ_mousemovements
0 0 0 0 0 0 0 0 0 0 0 0 0 0 0 0 0 0 0 0 0 0 0 0 0 0 0 0 0 0 0 0 0 0 0 0 0 0 0 0 0 0 0 leishengchuan 2Сʱ_mousemovements
0 0 0 0 0 0 0 0 0 0 0 0 0 0 0 0 0 0 0 0 0 0 0 0 0 0 0 0 0 0 0 0 0 0 0 0 0 0 0 0 0 0 0 leishengchuan 2Сʱ_mousemovements
0 0 0 195.746033 0 0 0 0 0 0 0 0 0 0 195.746033 0 0.0 0.0 0.0 0.0 0.0 0.0 1.0 0.0 0.0 0 195.746033 0.8333333333333334 0.0 0.16666666666666666 0.0 0.0 0.0 1.0 0.0 0.0 0.0 0.0 0.0 1.0 0.0 0.0 0.0 leishengchuan 2Сʱ_mousemovements
0 0 0 0 0 0 0 0 0 0 0 0 0 0 0 0 0 0 0 0 0 0 0 0 0 0 0 0 0 0 0 0 0 0 0 0 0 0 0 0 0 0 0 leishengchuan 2Сʱ_mousemovements
0 0 0 0 0 0 0 0 0 0 0 0 0 0 0 0 0 0 0 0 0 0 0 0 0 0 0 0 0 0 0 0 0 0 0 0 0 0 0 0 0 0 0 leishengchuan 2Сʱ_mousemovements
434.336029 0 0 0 0 0 0 0 434.336029 0 0 0 0 0 0 0 1.0 0.0 0.0 0.0 0.0 0.0 0.0 0.0 217.1680145 0 0 1.0 0.0 0.0 1.0 0.0 0.0 0.0 0.0 0.0 0.0 0.0 0.0 1.0 0.0 0.0 0.0 leishengchuan 2Сʱ_mousemovements
130.55840271428573 0 660.692871 425.635834 680.083435 0 0 0 238.1036446666667 279.6558468333333 0 886.634399 46.552486 154.8758795 147.900917 14.184397 0.16666666666666666 0.3333333333333333 0.0 0.05555555555555555 0.05555555555555555 0.2222222222222222 0.1111111111111111 0.05555555555555555 54.039061842857144 0.0 157.39610666666667 0.9459459459459459 0.013513513513513514 0.04054054054054054 0.7777777777777778 0.0 0.1111111111111111 0.05555555555555555 0.05555555555555555 0.0 0.0 0.0 0.6857142857142857 0.11428571428571428 0.08571428571428572 0.07142857142857142 0.04285714285714286 leishengchuan 2Сʱ_mousemovements
56.79510688888889 154.846008 0 784.266464 0 0 0 138.120071 70.04744500000001 53.344137 51.301544 0 53.19149 147.93354766666667 1417.698364 0 0.15384615384615385 0.3076923076923077 0.07692307692307693 0.0 0.15384615384615385 0.23076923076923078 0.07692307692307693 0.0 54.83421931578946 144.4773175 0 0.95 0.05 0.0 0.6923076923076923 0.07692307692307693 0.0 0.15384615384615385 0.0 0.0 0.0 0.07692307692307693 0.5454545454545454 0.30303030303030304 0.06060606060606061 0.06060606060606061 0.030303030303030304 leishengchuan 2Сʱ_mousemovements
118.98646257142859 159.822006 982.414978 0 0 0 2999.359619 0 98.61128530769231 48.77339725 2999.359619 159.822006 479.17110075 0 0 87.405991 0.5416666666666666 0.16666666666666666 0.041666666666666664 0.041666666666666664 0.16666666666666666 0.0 0.0 0.041666666666666664 112.36506230508478 10.773641 0 0.9833333333333333 0.016666666666666666 0.0 0.875 0.041666666666666664 0.041666666666666664 0.0 0.0 0.0 0.041666666666666664 0.0 0.6470588235294118 0.2549019607843137 0.058823529411764705 0.0392156862745098 0.0 leishengchuan 2Сʱ_mousemovements
25.07475314285714 0 0 0 0 0 0 0 32.5234242 6.4530755 0 0 0 0 0 0 0.7142857142857143 0.2857142857142857 0.0 0.0 0.0 0.0 0.0 0.0 9.751292888888889 0 0 1.0 0.0 0.0 1.0 0.0 0.0 0.0 0.0 0.0 0.0 0.0 0.8 0.06666666666666667 0.0 0.06666666666666667 0.06666666666666667 leishengchuan 2Сʱ_mousemovements
0 0 0 112.949402 0 0 789.181763 0 0 0 112.949402 0 0 789.181763 0 0 0.0 0.0 0.5 0.0 0.0 0.5 0.0 0.0 60.70628946153847 112.949402 0 0.9285714285714286 0.07142857142857142 0.0 0.0 0.0 0.0 0.5 0.0 0.0 0.5 0.0 0.36363636363636365 0.18181818181818182 0.2727272727272727 0.18181818181818182 0.0 leishengchuan 2Сʱ_mousemovements
78.7113804 0 536.672424 0 0 0 0 0 0 224.97897425 0 0 16.129032 0 0 14.184397 0.0 0.6666666666666666 0.0 0.0 0.16666666666666666 0.0 0.0 0.16666666666666666 42.283151181818184 0 0 1.0 0.0 0.0 0.8333333333333334 0.0 0.16666666666666666 0.0 0.0 0.0 0.0 0.0 0.631578947368421 0.21052631578947367 0.15789473684210525 0.0 0.0 leishengchuan 2Сʱ_mousemovements
123.21336120000001 477.131607 522.164856 0 0 0 0 0 301.942932 43.93523066666666 0 369.22550340000004 222.045494 0 30.627417 423.51593540000005 0.05555555555555555 0.16666666666666666 0.0 0.2777777777777778 0.16666666666666666 0.0 0.05555555555555555 0.2777777777777778 107.46282645714285 10.0880054 320.64519099999995 0.7954545454545454 0.11363636363636363 0.09090909090909091 0.5555555555555556 0.3888888888888889 0.05555555555555555 0.0 0.0 0.0 0.0 0.0 0.717948717948718 0.15384615384615385 0.10256410256410256 0.0 0.02564102564102564 leishengchuan 2Сʱ_mousemovements
207.07676023076922 384.943217 0 330.409912 1621.409546 847.0499266666666 0 0 520.04232775 414.44333624999996 0 171.0048045 1073.377319 0 476.75982650000003 116.5822905 0.19047619047619047 0.38095238095238093 0.0 0.19047619047619047 0.047619047619047616 0.0 0.09523809523809523 0.09523809523809523 132.10990639130435 173.65531983333335 305.20228975000003 0.8214285714285714 0.10714285714285714 0.07142857142857142 0.6190476190476191 0.14285714285714285 0.0 0.047619047619047616 0.047619047619047616 0.14285714285714285 0.0 0.0 0.5384615384615384 0.25 0.11538461538461539 0.038461538461538464 0.057692307692307696 leishengchuan 2Сʱ_mousemovements
44.37340725 0 1211.441274 260.2777175 0 0 580.514954 0 0 1273.649048 0 580.514954 37.333332 256.608055 400.75576133333334 32.258064 0.0 0.2 0.0 0.1 0.1 0.2 0.3 0.1 201.40556875000004 79.15419 0 0.96 0.04 0.0 0.4 0.0 0.3 0.2 0.0 0.0 0.1 0.0 0.35 0.2 0.2 0.2 0.05 leishengchuan 2Сʱ_mousemovements
21.505377 0 0 515.098267 0 0 0 0 0 515.098267 0 0 0 21.505377 0 0 0.0 0.5 0.0 0.0 0.0 0.5 0.0 0.0 134.15091099999998 0 0 1.0 0.0 0.0 0.5 0.0 0.0 0.5 0.0 0.0 0.0 0.0 0.3333333333333333 0.3333333333333333 0.3333333333333333 0.0 0.0 leishengchuan 2Сʱ_mousemovements
517.7765425 431.35420840000006 0 0 0 0 0 483.793396 0 1014.276489 515.997172 0 21.276596 499.5364075 93.500107 0 0.0 0.125 0.375 0.0 0.125 0.25 0.125 0.0 114.77126000000001 288.6467515 0 0.9310344827586207 0.06896551724137931 0.0 0.25 0.625 0.0 0.0 0.0 0.0 0.0 0.125 0.6296296296296297 0.2222222222222222 0.1111111111111111 0.037037037037037035 0.0 leishengchuan 2Сʱ_mousemovements
93.76430320588236 489.16723649999994 383.687897 437.6716 0 0 0 0 465.43019100000004 146.09492625 27.522936 213.404907 37.63269475 315.415323 55.62416266666668 57.29771039999999 0.05 0.3 0.025 0.025 0.1 0.15 0.225 0.125 53.49707378350515 11.738848428571428 80.6113295 0.8818181818181818 0.06363636363636363 0.05454545454545454 0.85 0.05 0.075 0.025 0.0 0.0 0.0 0.0 0.5961538461538461 0.25961538461538464 0.10576923076923077 0.038461538461538464 0.0 leishengchuan 2Сʱ_mousemovements
85.09963266666666 176.63774600000002 0 608.861511 0 493.33844 0 0 0 329.00452666666666 75.105247 209.237976 191.630737 493.33844 19.113493333333334 129.044525 0.0 0.2727272727272727 0.09090909090909091 0.09090909090909091 0.09090909090909091 0.09090909090909091 0.2727272727272727 0.09090909090909091 31.055638322580645 20.605724 284.69368725000004 0.8378378378378378 0.05405405405405406 0.10810810810810811 0.5454545454545454 0.2727272727272727 0.0 0.09090909090909091 0.0 0.09090909090909091 0.0 0.0 0.6333333333333333 0.23333333333333334 0.06666666666666667 0.06666666666666667 0.0 leishengchuan 2Сʱ_mousemovements
100.64600415789475 559.0987849999999 726.746826 813.4923859999999 0 0 793.112427 0 20.0 270.28558 504.0341266666667 0 404.5039595 381.55787649999996 243.11499583333332 44.38753342857143 0.04 0.08 0.12 0.0 0.08 0.16 0.24 0.28 105.03677639655172 42.59132150000001 0 0.9666666666666667 0.03333333333333333 0.0 0.76 0.08 0.04 0.08 0.0 0.0 0.04 0.0 0.5535714285714286 0.2857142857142857 0.07142857142857142 0.05357142857142857 0.03571428571428571 leishengchuan 2Сʱ_mousemovements
113.27973778947371 149.92301933333334 113.113319 0 0 546.550171 599.521118 562.834106 491.9326555 554.6921385 80.132721 147.18528733333335 73.3956392222222 60.7823255 224.26827466666668 91.36722333333334 0.07692307692307693 0.07692307692307693 0.07692307692307693 0.11538461538461539 0.34615384615384615 0.07692307692307693 0.11538461538461539 0.11538461538461539 48.694495944444455 40.37110633333334 265.661921 0.9230769230769231 0.038461538461538464 0.038461538461538464 0.7307692307692307 0.11538461538461539 0.038461538461538464 0.0 0.0 0.038461538461538464 0.038461538461538464 0.038461538461538464 0.6029411764705882 0.23529411764705882 0.04411764705882353 0.08823529411764706 0.029411764705882353 leishengchuan 2Сʱ_mousemovements
60.90222239999999 381.2241665 0 358.757599 967.3064726666667 0 0 0 250.200195 113.01518416666666 52.744240000000005 0 104.2959515 165.614403 721.7282125 17.353249 0.09523809523809523 0.2857142857142857 0.09523809523809523 0.0 0.19047619047619047 0.09523809523809523 0.19047619047619047 0.047619047619047616 66.9834341884058 93.238956 64.1619075 0.9452054794520548 0.0273972602739726 0.0273972602739726 0.7142857142857143 0.09523809523809523 0.0 0.047619047619047616 0.14285714285714285 0.0 0.0 0.0 0.6268656716417911 0.22388059701492538 0.05970149253731343 0.05970149253731343 0.029850746268656716 leishengchuan 2Сʱ_mousemovements
94.93678307142856 0 844.4159178 51.242191 0 0 700.325256 0 49.011051 472.7573708000001 287.54609166666665 345.9865175 26.860281 253.83939250000003 327.039917 213.01836633333335 0.047619047619047616 0.23809523809523808 0.14285714285714285 0.09523809523809523 0.047619047619047616 0.19047619047619047 0.09523809523809523 0.14285714285714285 112.59623965454546 27.4922045 0 0.9322033898305084 0.06779661016949153 0.0 0.6666666666666666 0.0 0.23809523809523808 0.047619047619047616 0.0 0.0 0.047619047619047616 0.0 0.4807692307692308 0.15384615384615385 0.25 0.07692307692307693 0.038461538461538464 leishengchuan 2Сʱ_mousemovements
36.38877375 0 0 0 0 0 0 0 22.604309 0 0 36.589008 37.974682 0 48.387096 0 0.25 0.0 0.0 0.25 0.25 0.0 0.25 0.0 14.5555095 0 0 1.0 0.0 0.0 1.0 0.0 0.0 0.0 0.0 0.0 0.0 0.0 0.75 0.125 0.0 0.125 0.0 leishengchuan 2Сʱ_mousemovements
62.5 0 0 0 0 0 0 0 0 0 0 0 62.5 0 0 0 0.0 0.0 0.0 0.0 1.0 0.0 0.0 0.0 31.25 0 0 1.0 0.0 0.0 1.0 0.0 0.0 0.0 0.0 0.0 0.0 0.0 1.0 0.0 0.0 0.0 0.0 leishengchuan 2Сʱ_mousemovements
13.750461000000001 0 0 0 0 0 0 0 0 15.873015 0 0 0 0 0 11.627907 0.0 0.5 0.0 0.0 0.0 0.0 0.0 0.5 2.7500922 0 0 1.0 0.0 0.0 1.0 0.0 0.0 0.0 0.0 0.0 0.0 0.0 0.8888888888888888 0.0 0.0 0.1111111111111111 0.0 leishengchuan 2Сʱ_mousemovements
0 0 0 0 0 0 0 0 0 0 0 0 0 0 0 0 0 0 0 0 0 0 0 0 0 0 0 0 0 0 0 0 0 0 0 0 0 0 0 0 0 0 0 leishengchuan 2Сʱ_mousemovements
177.73742772727275 296.087799 3435.032715 0 0 1110.929443 3385.469482 0 129.504072 560.0945509999999 77.877853 0 522.938782 2272.981079 296.087799 0 0.13333333333333333 0.5333333333333333 0.06666666666666667 0.0 0.06666666666666667 0.13333333333333333 0.06666666666666667 0.0 299.4891512941176 0 0 1.0 0.0 0.0 0.7333333333333333 0.06666666666666667 0.06666666666666667 0.0 0.0 0.06666666666666667 0.06666666666666667 0.0 0.7647058823529411 0.14705882352941177 0.058823529411764705 0.0 0.029411764705882353 leishengchuan 2Сʱ_mousemovements
35.974302 0 0 0 0 0 0 0 0 24.0655395 0 0 47.8830645 0 0 0 0.0 0.5 0.0 0.0 0.5 0.0 0.0 0.0 4.961972689655172 0 0 1.0 0.0 0.0 1.0 0.0 0.0 0.0 0.0 0.0 0.0 0.0 0.782608695652174 0.17391304347826086 0.0 0.0 0.043478260869565216 leishengchuan 2Сʱ_mousemovements
35.13050384210527 0 0 0 0 0 0 0 26.73721 21.632222666666667 0 0 32.41198285714286 52.309216500000005 0 37.662579666666666 0.10526315789473684 0.15789473684210525 0.0 0.0 0.3684210526315789 0.21052631578947367 0.0 0.15789473684210525 11.508268500000003 0 0 1.0 0.0 0.0 1.0 0.0 0.0 0.0 0.0 0.0 0.0 0.0 0.7037037037037037 0.2037037037037037 0.018518518518518517 0.037037037037037035 0.037037037037037035 leishengchuan 2Сʱ_mousemovements
86.48409823076923 790.812805 0 3068.646729 0 0 0 0 0 790.812805 0 0 97.794754 90.37606099999998 1063.7948806666666 0 0.0 0.06666666666666667 0.0 0.0 0.06666666666666667 0.6666666666666666 0.2 0.0 131.15138976315785 0 0 1.0 0.0 0.0 0.8666666666666667 0.06666666666666667 0.0 0.06666666666666667 0.0 0.0 0.0 0.0 0.6363636363636364 0.24242424242424243 0.09090909090909091 0.0 0.030303030303030304 leishengchuan 2Сʱ_mousemovements
135.9330748 0 0 0 744.042297 845.448059 0 0 0 379.69213099999996 0 0 666.274048 425.555698 78.449821 0 0.0 0.5 0.0 0.0 0.125 0.25 0.125 0.0 173.03354383333334 0 0 1.0 0.0 0.0 0.625 0.0 0.0 0.0 0.125 0.25 0.0 0.0 0.375 0.25 0.1875 0.125 0.0625 leishengchuan 2Сʱ_mousemovements
45.25398200000001 1053.695313 0 0 0 5054.306641 0 0 0 5054.306641 0 0 32.5439835 309.4830465 0 47.619049 0.0 0.1 0.0 0.0 0.4 0.4 0.0 0.1 294.09244590909094 0 0 1.0 0.0 0.0 0.8 0.1 0.0 0.0 0.0 0.1 0.0 0.0 0.6875 0.25 0.0 0.0625 0.0 leishengchuan 2Сʱ_mousemovements
71.8991164 0 0 0 0 0 0 0 0 51.366245 0 19.704433 128.587452 0 0 31.25 0.0 0.2 0.0 0.2 0.4 0.0 0.0 0.2 17.9747791 0 0 1.0 0.0 0.0 1.0 0.0 0.0 0.0 0.0 0.0 0.0 0.0 0.75 0.125 0.0625 0.0 0.0625 leishengchuan 2Сʱ_mousemovements
0 0 328.331726 0 0 0 0 0 0 0 0 0 0 328.331726 0 0 0.0 0.0 0.0 0.0 0.0 1.0 0.0 0.0 164.165863 0 0 1.0 0.0 0.0 0.0 0.0 1.0 0.0 0.0 0.0 0.0 0.0 0.0 0.0 0.0 1.0 0.0 leishengchuan 2Сʱ_mousemovements
0 0 0 0 0 0 0 0 0 0 0 0 0 0 0 0 0 0 0 0 0 0 0 0 0 0 0 0 0 0 0 0 0 0 0 0 0 0 0 0 0 0 0 leishengchuan 2Сʱ_mousemovements
180.86744175 308.473206 276.941895 0 0 0 0 0 256.162262 344.79972799999996 231.71655275 0 0 118.7428026 144.74123 0 0.07142857142857142 0.14285714285714285 0.2857142857142857 0.0 0.0 0.35714285714285715 0.14285714285714285 0.0 86.1195125625 0 0 1.0 0.0 0.0 0.8571428571428571 0.07142857142857142 0.07142857142857142 0.0 0.0 0.0 0.0 0.0 0.35714285714285715 0.35714285714285715 0.17857142857142858 0.07142857142857142 0.03571428571428571 leishengchuan 2Сʱ_mousemovements
0 0 0 0 0 0 0 0 0 0 0 0 0 0 0 0 0 0 0 0 0 0 0 0 0.0 0 0 1.0 0.0 0.0 0 0 0 0 0 0 0 0 1.0 0.0 0.0 0.0 0.0 leishengchuan 2Сʱ_mousemovements
77.278108 0 0 0 0 0 0 0 0 12.820513 0 0 141.735703 0 0 0 0.0 0.5 0.0 0.0 0.5 0.0 0.0 0.0 38.639054 0 0 1.0 0.0 0.0 1.0 0.0 0.0 0.0 0.0 0.0 0.0 0.0 1.0 0.0 0.0 0.0 0.0 leishengchuan 2Сʱ_mousemovements
67.69724350000001 177.480682 0 0 0 633.999573 0 0 32.0 197.57486 0 57.75161 41.888298 282.18688333333336 0 0 0.125 0.125 0.0 0.125 0.25 0.375 0.0 0.0 67.64798422222222 0 0 1.0 0.0 0.0 0.75 0.125 0.0 0.0 0.0 0.125 0.0 0.0 0.5333333333333333 0.13333333333333333 0.06666666666666667 0.13333333333333333 0.13333333333333333 leishengchuan 2Сʱ_mousemovements
61.843526357142856 335.953663 157.35873666666666 0 0 0 0 2266.815918 163.143997 28.368793 311.13677466666667 146.3927135 230.6469995 0 72.24524463636364 1137.407959 0.045454545454545456 0.045454545454545456 0.13636363636363635 0.09090909090909091 0.09090909090909091 0.0 0.5 0.09090909090909091 74.56761264516128 4.0 105.77472166666666 0.9253731343283582 0.029850746268656716 0.04477611940298507 0.6363636363636364 0.18181818181818182 0.13636363636363635 0.0 0.0 0.0 0.0 0.045454545454545456 0.5645161290322581 0.24193548387096775 0.06451612903225806 0.08064516129032258 0.04838709677419355 leishengchuan 2Сʱ_mousemovements
73.91018650000001 638.184082 186.163635 145.5814035 0 585.828308 0 0 273.900603 155.445648 42.771511 638.184082 0 239.867406 98.7386715 0 0.25 0.16666666666666666 0.08333333333333333 0.08333333333333333 0.0 0.25 0.16666666666666666 0.0 46.00971422222223 14.985014 186.163635 0.9152542372881356 0.06779661016949153 0.01694915254237288 0.5 0.08333333333333333 0.08333333333333333 0.16666666666666666 0.0 0.16666666666666666 0.0 0.0 0.6 0.2 0.08 0.1 0.02 leishengchuan 2Сʱ_mousemovements
90.02582733333334 0 115.45002 0 0 0 736.497498 0 115.45002 223.485733 0 398.357174 84.42397333333334 57.692729 176.993927 77.877853 0.07142857142857142 0.07142857142857142 0.0 0.14285714285714285 0.21428571428571427 0.35714285714285715 0.07142857142857142 0.07142857142857142 46.342299325 9.1743115 60.21685 0.9302325581395349 0.046511627906976744 0.023255813953488372 0.8571428571428571 0.0 0.07142857142857142 0.0 0.0 0.0 0.07142857142857142 0.0 0.5526315789473685 0.21052631578947367 0.13157894736842105 0.02631578947368421 0.07894736842105263 leishengchuan 2Сʱ_mousemovements
47.784603 0 0 0 0 752.516235 1211.554199 0 1211.554199 0 0 0 47.784603 0 752.516235 0 0.3333333333333333 0.0 0.0 0.0 0.3333333333333333 0.0 0.3333333333333333 0.0 402.3710074 0 0 1.0 0.0 0.0 0.3333333333333333 0.0 0.0 0.0 0.0 0.3333333333333333 0.3333333333333333 0.0 0.0 0.25 0.5 0.25 0.0 leishengchuan 2Сʱ_mousemovements
77.27176140000002 368.947876 349.70074466666665 0 0 0 0 0 430.120789 32.0 209.269745 368.947876 0 39.129025 169.26629633333334 217.142593 0.1111111111111111 0.1111111111111111 0.1111111111111111 0.1111111111111111 0.0 0.1111111111111111 0.3333333333333333 0.1111111111111111 29.126616975609757 32.0 289.1088105 0.9318181818181818 0.022727272727272728 0.045454545454545456 0.5555555555555556 0.1111111111111111 0.3333333333333333 0.0 0.0 0.0 0.0 0.0 0.41025641025641024 0.2564102564102564 0.23076923076923078 0.02564102564102564 0.07692307692307693 leishengchuan 2Сʱ_mousemovements
43.551750428571424 237.4788205 194.12471 418.188354 0 0 0 0 116.20552557142858 96.31540175 56.59248 191.417419 10.638298 0 17.44186 194.12471 0.3888888888888889 0.2222222222222222 0.05555555555555555 0.05555555555555555 0.1111111111111111 0.0 0.1111111111111111 0.05555555555555555 21.819968 0 191.417419 0.9857142857142858 0.0 0.014285714285714285 0.7777777777777778 0.1111111111111111 0.05555555555555555 0.05555555555555555 0.0 0.0 0.0 0.0 0.5373134328358209 0.29850746268656714 0.04477611940298507 0.05970149253731343 0.05970149253731343 leishengchuan 2Сʱ_mousemovements
51.8992846 76.974335 250.574799 0 645.787292 457.52359 0 0 645.787292 0 76.974335 41.1769075 120.884544 457.52359 102.27762100000001 0 0.1111111111111111 0.0 0.1111111111111111 0.2222222222222222 0.1111111111111111 0.1111111111111111 0.3333333333333333 0.0 37.285758516129036 76.974335 457.52359 0.9393939393939394 0.030303030303030304 0.030303030303030304 0.5555555555555556 0.1111111111111111 0.1111111111111111 0.0 0.1111111111111111 0.1111111111111111 0.0 0.0 0.5185185185185185 0.2962962962962963 0.037037037037037035 0.07407407407407407 0.07407407407407407 leishengchuan 2Сʱ_mousemovements
54.471684700000004 233.861069 960.491638 0 0 0 1099.381104 0 24.0 454.03756733333336 101.015297 52.903328 83.496803 0 97.45877733333333 351.7973226666666 0.07142857142857142 0.21428571428571427 0.14285714285714285 0.07142857142857142 0.07142857142857142 0.0 0.21428571428571427 0.21428571428571427 73.46426702702705 7.546099 113.013883 0.8809523809523809 0.047619047619047616 0.07142857142857142 0.7142857142857143 0.14285714285714285 0.07142857142857142 0.0 0.0 0.0 0.07142857142857142 0.0 0.5142857142857142 0.2857142857142857 0.08571428571428572 0.08571428571428572 0.02857142857142857 leishengchuan 2Сʱ_mousemovements
82.68397900000001 670.896545 0 0 0 0 0 0 103.60421633333334 0 313.0868553333333 38.32085 38.22222133333333 0 0 31.914894 0.42857142857142855 0.0 0.21428571428571427 0.07142857142857142 0.21428571428571427 0.0 0.0 0.07142857142857142 47.18346681081081 0 0 1.0 0.0 0.0 0.9285714285714286 0.07142857142857142 0.0 0.0 0.0 0.0 0.0 0.0 0.6470588235294118 0.3235294117647059 0.0 0.0 0.029411764705882353 leishengchuan 2Сʱ_mousemovements
50.3350815 0 0 878.239929 0 0 0 0 0 28.4274885 0 58.83016 0 878.239929 78.505035 32.0 0.0 0.2222222222222222 0.0 0.4444444444444444 0.0 0.1111111111111111 0.1111111111111111 0.1111111111111111 45.74716360714286 0 0 1.0 0.0 0.0 0.8888888888888888 0.0 0.0 0.1111111111111111 0.0 0.0 0.0 0.0 0.7391304347826086 0.21739130434782608 0.043478260869565216 0.0 0.0 leishengchuan 2Сʱ_mousemovements
0 0 0 0 0 0 0 0 0 0 0 0 0 0 0 0 0 0 0 0 0 0 0 0 0 0 0 0 0 0 0 0 0 0 0 0 0 0 0 0 0 0 0 leishengchuan 2Сʱ_mousemovements
