27.150654749999998 0 0 0 0 0 0 0 0 0 0 0 0 0 27.150654749999998 0 0.0 0.0 0.0 0.0 0.0 0.0 1.0 0.0 4.34410476 0 0.0 0.9615384615384616 0.0 0.038461538461538464 1.0 0.0 0.0 0.0 0.0 0.0 0.0 0.0 0.45454545454545453 0.3181818181818182 0.045454545454545456 0.13636363636363635 0.045454545454545456 leishengchuan 3Сʱ_mousemovements
52.61257045 352.9858653333333 681.862625 0 0 559.815491 0 0 334.23535933333335 43.59920628571429 156.0578056 0 2.906977 257.838585 61.327046 16.129032 0.11538461538461539 0.2692307692307692 0.19230769230769232 0.0 0.038461538461538464 0.2692307692307692 0.07692307692307693 0.038461538461538464 52.29748377777778 44.4039895 2.906977 0.9113924050632911 0.0759493670886076 0.012658227848101266 0.7692307692307693 0.11538461538461539 0.07692307692307693 0.0 0.0 0.038461538461538464 0.0 0.0 0.5972222222222222 0.2361111111111111 0.1111111111111111 0.041666666666666664 0.013888888888888888 leishengchuan 3Сʱ_mousemovements
67.15134677272727 148.162201 268.16927350000003 0 0 414.105011 0 0 0 150.89969216666665 107.21519925000001 93.92018 39.198711 49.55451316666666 91.31199960000001 130.375145 0.0 0.23076923076923078 0.15384615384615385 0.07692307692307693 0.038461538461538464 0.23076923076923078 0.19230769230769232 0.07692307692307693 19.542997263157893 91.60795775 117.63960566666667 0.9313725490196079 0.0392156862745098 0.029411764705882353 0.8461538461538461 0.038461538461538464 0.07692307692307693 0.0 0.0 0.038461538461538464 0.0 0.0 0.6631578947368421 0.22105263157894736 0.05263157894736842 0.05263157894736842 0.010526315789473684 leishengchuan 3Сʱ_mousemovements
339.394684 0 0 0 0 0 0 0 0 339.394684 0 0 0 0 0 0 0.0 1.0 0.0 0.0 0.0 0.0 0.0 0.0 56.56578066666666 0 0 1.0 0.0 0.0 1.0 0.0 0.0 0.0 0.0 0.0 0.0 0.0 0.6 0.4 0.0 0.0 0.0 leishengchuan 3Сʱ_mousemovements
0 0 0 0 0 0 0 0 0 0 0 0 0 0 0 0 0 0 0 0 0 0 0 0 0 0 0 0 0 0 0 0 0 0 0 0 0 0 0 0 0 0 0 leishengchuan 3Сʱ_mousemovements
0 0 0 0 0 0 0 0 0 0 0 0 0 0 0 0 0 0 0 0 0 0 0 0 0 0 0 0 0 0 0 0 0 0 0 0 0 0 0 0 0 0 0 leishengchuan 3Сʱ_mousemovements
0 0 0 0 0 0 0 0 0 0 0 0 0 0 0 0 0 0 0 0 0 0 0 0 0.0 0 0 1.0 0.0 0.0 0 0 0 0 0 0 0 0 1.0 0.0 0.0 0.0 0.0 leishengchuan 3Сʱ_mousemovements
0 0 0 0 0 0 0 0 0 0 0 0 0 0 0 0 0 0 0 0 0 0 0 0 0 0 0 0 0 0 0 0 0 0 0 0 0 0 0 0 0 0 0 leishengchuan 3Сʱ_mousemovements
0 0 0 0 0 0 0 0 0 0 0 0 0 0 0 0 0 0 0 0 0 0 0 0 0 0 0 0 0 0 0 0 0 0 0 0 0 0 0 0 0 0 0 leishengchuan 3Сʱ_mousemovements
0 0 0 0 647.9892885 0 0 0 0 552.392273 0 0 0 743.586304 0 0 0.0 0.5 0.0 0.0 0.0 0.5 0.0 0.0 67.59875490909091 0 276.1961365 0.8461538461538461 0.0 0.15384615384615385 0.0 0.0 0.0 0.0 1.0 0.0 0.0 0.0 0.3333333333333333 0.5 0.08333333333333333 0.0 0.08333333333333333 leishengchuan 3Сʱ_mousemovements
97.10372325 1145.3072103333334 1246.3745726666666 1151.622314 0 0 0 0 0 586.7198226666666 1249.157104 0 0 106.3623925 1098.6082398 0 0.0 0.2727272727272727 0.09090909090909091 0.0 0.0 0.18181818181818182 0.45454545454545453 0.0 302.7090595 0 119.614445 0.9333333333333333 0.0 0.06666666666666667 0.36363636363636365 0.2727272727272727 0.2727272727272727 0.09090909090909091 0.0 0.0 0.0 0.0 0.23076923076923078 0.6538461538461539 0.038461538461538464 0.07692307692307693 0.0 leishengchuan 3Сʱ_mousemovements
119.085374 0 0 0 0 0 0 0 0 0 143.346409 0 0 0 58.206463 131.442215 0.0 0.0 0.5 0.0 0.0 0.0 0.25 0.25 22.3944102 0 70.2126715 0.8823529411764706 0.0 0.11764705882352941 1.0 0.0 0.0 0.0 0.0 0.0 0.0 0.0 0.0 0.8 0.06666666666666667 0.13333333333333333 0.0 leishengchuan 3Сʱ_mousemovements
0 0 0 0 0 0 0 0 0 0 0 0 0 0 0 0 0 0 0 0 0 0 0 0 0 0 0 0 0 0 0 0 0 0 0 0 0 0 0 0 0 0 0 leishengchuan 3Сʱ_mousemovements
0 0 0 0 0 0 0 0 0 0 0 0 0 0 0 0 0 0 0 0 0 0 0 0 0 0 0 0 0 0 0 0 0 0 0 0 0 0 0 0 0 0 0 leishengchuan 3Сʱ_mousemovements
0 0 0 0 0 0 0 0 0 0 0 0 0 0 0 0 0 0 0 0 0 0 0 0 0 0 0 0 0 0 0 0 0 0 0 0 0 0 0 0 0 0 0 leishengchuan 3Сʱ_mousemovements
0 0 0 0 0 0 0 0 0 0 0 0 0 0 0 0 0 0 0 0 0 0 0 0 0 0 0 0 0 0 0 0 0 0 0 0 0 0 0 0 0 0 0 leishengchuan 3Сʱ_mousemovements
52.6116835 223.985092 2004.35144 0 0 0 0 0 0 0 0 52.6116835 1114.168266 0 0 0 0.0 0.0 0.0 0.5 0.5 0.0 0.0 0.0 194.46332491666666 0 0 1.0 0.0 0.0 0.5 0.25 0.25 0.0 0.0 0.0 0.0 0.0 0.5714285714285714 0.2857142857142857 0.0 0.14285714285714285 0.0 leishengchuan 3Сʱ_mousemovements
154.01022166666667 0 0 0 0 0 0 0 0 0 0 122.10931133333334 185.91113199999998 0 0 0 0.0 0.0 0.0 0.5 0.5 0.0 0.0 0.0 66.00438071428572 0 0 1.0 0.0 0.0 1.0 0.0 0.0 0.0 0.0 0.0 0.0 0.0 0.5 0.2 0.2 0.1 0.0 leishengchuan 3Сʱ_mousemovements
181.95127680000002 520.0215225 1418.57153325 919.9832303333333 2078.967285 0 0 0 1180.2657737499999 191.12905775000002 47.4356 528.039342 866.9047119999999 794.0617065 527.527588 422.747227 0.18181818181818182 0.18181818181818182 0.045454545454545456 0.13636363636363635 0.22727272727272727 0.09090909090909091 0.045454545454545456 0.09090909090909091 220.2425157419355 0 126.29433183333333 0.9117647058823529 0.0 0.08823529411764706 0.45454545454545453 0.18181818181818182 0.18181818181818182 0.13636363636363635 0.045454545454545456 0.0 0.0 0.0 0.296875 0.609375 0.0625 0.03125 0.0 leishengchuan 3Сʱ_mousemovements
42.781971999999996 0 0 0 0 0 0 0 0 0 0 0 0 0 0 42.781971999999996 0.0 0.0 0.0 0.0 0.0 0.0 0.0 1.0 10.695492999999999 0 0 1.0 0.0 0.0 1.0 0.0 0.0 0.0 0.0 0.0 0.0 0.0 1.0 0.0 0.0 0.0 0.0 leishengchuan 3Сʱ_mousemovements
75.4395205 412.89622499999996 1359.656128 1552.0083005000001 0 3303.687012 0 0 2540.6222534999997 0 256.2047575 1326.459106 377.382935 780.955185 28.571428 6.932412 0.2 0.0 0.2 0.1 0.1 0.2 0.1 0.1 286.7089632580645 0 2.310804 0.9117647058823529 0.0 0.08823529411764706 0.4 0.2 0.1 0.2 0.0 0.1 0.0 0.0 0.2857142857142857 0.6071428571428571 0.07142857142857142 0.03571428571428571 0.0 leishengchuan 3Сʱ_mousemovements
0 0 0 0 0 0 0 0 0 0 0 0 0 0 0 0 0 0 0 0 0 0 0 0 0 0 0 0 0 0 0 0 0 0 0 0 0 0 0 0 0 0 0 leishengchuan 3Сʱ_mousemovements
114.251615 660.206421 807.5233766666666 845.5767823333332 719.483521 0 0 0 194.200297 634.7383698 0 719.483521 105.29438799999998 383.9267946 51.66460175 416.354818 0.125 0.20833333333333334 0.0 0.041666666666666664 0.125 0.20833333333333334 0.16666666666666666 0.125 126.73504648437498 12.0998275 3.786987 0.9142857142857143 0.05714285714285714 0.02857142857142857 0.6666666666666666 0.041666666666666664 0.125 0.125 0.041666666666666664 0.0 0.0 0.0 0.4852941176470588 0.38235294117647056 0.04411764705882353 0.058823529411764705 0.029411764705882353 leishengchuan 3Сʱ_mousemovements
942.953796 0 0 0 0 0 0 0 942.953796 0 0 0 0 0 0 0 1.0 0.0 0.0 0.0 0.0 0.0 0.0 0.0 62.8635864 0 0 1.0 0.0 0.0 1.0 0.0 0.0 0.0 0.0 0.0 0.0 0.0 0.8333333333333334 0.16666666666666666 0.0 0.0 0.0 leishengchuan 3Сʱ_mousemovements
0 0 0 0 0 0 0 0 0 0 0 0 0 0 0 0 0 0 0 0 0 0 0 0 0 0 0 0 0 0 0 0 0 0 0 0 0 0 0 0 0 0 0 leishengchuan 3Сʱ_mousemovements
31.8609284 102.85405 302.17138133333333 0 0 0 0 0 0 0 0 152.8052655 374.498535 4.914005 42.95135 177.39785750000001 0.0 0.0 0.0 0.2222222222222222 0.1111111111111111 0.1111111111111111 0.3333333333333333 0.2222222222222222 23.7501802244898 0 4.914005 0.98 0.0 0.02 0.5555555555555556 0.1111111111111111 0.3333333333333333 0.0 0.0 0.0 0.0 0.0 0.5777777777777777 0.26666666666666666 0.08888888888888889 0.06666666666666667 0.0 leishengchuan 3Сʱ_mousemovements
129.46452812500002 0 779.614868 0 0 0 548.79071 0 427.308105 548.79071 6.08221 0 202.127655 43.313709 43.10054333333333 503.598892 0.1 0.1 0.1 0.0 0.1 0.1 0.3 0.2 78.60131976666666 0 6.08221 0.967741935483871 0.0 0.03225806451612903 0.8 0.0 0.1 0.0 0.0 0.0 0.1 0.0 0.35714285714285715 0.4642857142857143 0.07142857142857142 0.0 0.10714285714285714 leishengchuan 3Сʱ_mousemovements
101.90605711999999 184.32536839999997 0 0 1605.654175 602.5127255 813.953491 0 687.01903925 112.06812642857143 0 261.10149633333333 214.13978883333334 216.98313360000003 30.951456 47.168499875 0.11764705882352941 0.20588235294117646 0.0 0.08823529411764706 0.17647058823529413 0.14705882352941177 0.029411764705882353 0.23529411764705882 66.84404066326532 145.29839133333334 53.650114 0.9514563106796117 0.02912621359223301 0.019417475728155338 0.7352941176470589 0.14705882352941177 0.0 0.0 0.029411764705882353 0.058823529411764705 0.029411764705882353 0.0 0.6063829787234043 0.2127659574468085 0.11702127659574468 0.0425531914893617 0.02127659574468085 leishengchuan 3Сʱ_mousemovements
126.70458761904762 604.996033 0 0 0 0 0 0 28.749053000000004 470.1910586666667 25.641026 0 97.96001885714286 62.38407633333333 29.55665 173.93021080000003 0.09090909090909091 0.13636363636363635 0.045454545454545456 0.0 0.3181818181818182 0.13636363636363635 0.045454545454545456 0.22727272727272727 48.743169746268656 0 0 1.0 0.0 0.0 0.9545454545454546 0.045454545454545456 0.0 0.0 0.0 0.0 0.0 0.0 0.7 0.18333333333333332 0.06666666666666667 0.03333333333333333 0.016666666666666666 leishengchuan 3Сʱ_mousemovements
112.49847666666666 0 0 0 0 0 0 0 107.638653 0 0 0 0 122.218124 0 0 0.6666666666666666 0.0 0.0 0.0 0.0 0.3333333333333333 0.0 0.0 33.749543 0 0 1.0 0.0 0.0 1.0 0.0 0.0 0.0 0.0 0.0 0.0 0.0 0.375 0.625 0.0 0.0 0.0 leishengchuan 3Сʱ_mousemovements
131.231644 0 0 173.332962 0 0 0 0 0 173.332962 0 0 0 131.231644 0 0 0.0 0.5 0.0 0.0 0.0 0.5 0.0 0.0 25.380383833333337 0 0 1.0 0.0 0.0 0.5 0.0 0.0 0.5 0.0 0.0 0.0 0.0 0.7777777777777778 0.2222222222222222 0.0 0.0 0.0 leishengchuan 3Сʱ_mousemovements
0 0 0 0 0 0 0 0 0 0 0 0 0 0 0 0 0 0 0 0 0 0 0 0 0 0 0 0 0 0 0 0 0 0 0 0 0 0 0 0 0 0 0 leishengchuan 3Сʱ_mousemovements
0 0 0 0 0 0 0 0 0 0 0 0 0 0 0 0 0 0 0 0 0 0 0 0 0 0 0 0 0 0 0 0 0 0 0 0 0 0 0 0 0 0 0 leishengchuan 3Сʱ_mousemovements
0 0 0 0 0 0 0 0 0 0 0 0 0 0 0 0 0 0 0 0 0 0 0 0 0.0 0 0 1.0 0.0 0.0 0 0 0 0 0 0 0 0 1.0 0.0 0.0 0.0 0.0 leishengchuan 3Сʱ_mousemovements
0 0 0 0 0 0 0 0 0 0 0 0 0 0 0 0 0 0 0 0 0 0 0 0 0 0 0 0 0 0 0 0 0 0 0 0 0 0 0 0 0 0 0 leishengchuan 3Сʱ_mousemovements
0 0 0 0 0 0 0 0 0 0 0 0 0 0 0 0 0 0 0 0 0 0 0 0 0 0 0 0 0 0 0 0 0 0 0 0 0 0 0 0 0 0 0 leishengchuan 3Сʱ_mousemovements
264.173737 449.952576 562.055176 0 635.632202 0 0 0 449.952576 0 0 0 598.843689 0 0 264.173737 0.25 0.0 0.0 0.0 0.5 0.0 0.0 0.25 173.80124463636363 0 0 1.0 0.0 0.0 0.25 0.25 0.25 0.0 0.25 0.0 0.0 0.0 0.3 0.2 0.2 0.3 0.0 leishengchuan 3Сʱ_mousemovements
135.40379122222222 0 0 276.048584 0 0 0 0 0 113.33402366666667 0 0 370.499207 0 41.60705575 308.876602 0.0 0.3 0.0 0.0 0.1 0.0 0.4 0.2 36.455675731707316 0 0 1.0 0.0 0.0 0.9 0.0 0.0 0.1 0.0 0.0 0.0 0.0 0.6111111111111112 0.25 0.1111111111111111 0.0 0.027777777777777776 leishengchuan 3Сʱ_mousemovements
54.044813857142856 0 386.213257 0 0 0 0 0 0 0 0 3.032932 137.1146695 26.50375 144.75239433333334 0 0.0 0.0 0.0 0.125 0.25 0.25 0.375 0.0 25.383134066666667 0 3.032932 0.967741935483871 0.0 0.03225806451612903 0.875 0.0 0.125 0.0 0.0 0.0 0.0 0.0 0.5714285714285714 0.10714285714285714 0.25 0.07142857142857142 0.0 leishengchuan 3Сʱ_mousemovements
100.44218453846153 733.772095 329.0286255 461.129639 638.095215 528.20813 0 0 253.21372900000003 717.498459 395.597809 0 100.2046395 217.12817977777777 30.385142 0 0.2 0.1 0.05 0.0 0.1 0.45 0.1 0.0 73.5274111607143 17.44186 461.9029695 0.9491525423728814 0.01694915254237288 0.03389830508474576 0.65 0.1 0.1 0.05 0.05 0.05 0.0 0.0 0.5471698113207547 0.22641509433962265 0.1320754716981132 0.05660377358490566 0.03773584905660377 leishengchuan 3Сʱ_mousemovements
92.23480961538462 901.2477875 271.110168 0 0 0 0 0 155.0806655 0 271.110168 18.348623 44.7107325 737.2020568 150.89707725000002 7.092198 0.1111111111111111 0.0 0.05555555555555555 0.05555555555555555 0.2222222222222222 0.2777777777777778 0.2222222222222222 0.05555555555555555 78.20364843548386 7.092198 73.14514733333333 0.9393939393939394 0.015151515151515152 0.045454545454545456 0.7222222222222222 0.2222222222222222 0.05555555555555555 0.0 0.0 0.0 0.0 0.0 0.48333333333333334 0.3333333333333333 0.11666666666666667 0.03333333333333333 0.03333333333333333 leishengchuan 3Сʱ_mousemovements
74.62427100000001 0 0 0 0 0 0 0 0 0 0 0 98.077339 34.965196500000005 90.83027750000001 0 0.0 0.0 0.0 0.0 0.3333333333333333 0.3333333333333333 0.3333333333333333 0.0 12.32362162857143 0 5.472956333333333 0.9210526315789473 0.0 0.07894736842105263 1.0 0.0 0.0 0.0 0.0 0.0 0.0 0.0 0.4411764705882353 0.3235294117647059 0.08823529411764706 0.11764705882352941 0.029411764705882353 leishengchuan 3Сʱ_mousemovements
91.73245337500002 892.942459 0 0 0 807.304688 0 1333.578674 1509.919067 0 275.965851 0 265.079467 871.5509185000001 652.859372 33.06107133333333 0.07692307692307693 0.0 0.07692307692307693 0.0 0.3076923076923077 0.15384615384615385 0.15384615384615385 0.23076923076923078 147.47958534999998 46.959721 48.063446 0.9523809523809523 0.023809523809523808 0.023809523809523808 0.6153846153846154 0.15384615384615385 0.0 0.0 0.0 0.07692307692307693 0.0 0.15384615384615385 0.5555555555555556 0.19444444444444445 0.1111111111111111 0.1111111111111111 0.027777777777777776 leishengchuan 3Сʱ_mousemovements
112.7175788 0 0 462.307312 0 0 0 0 0 0 292.968262 0 146.2506655 109.52392950000001 341.842533 0 0.0 0.0 0.14285714285714285 0.0 0.2857142857142857 0.2857142857142857 0.2857142857142857 0.0 67.64556900000001 0 0 1.0 0.0 0.0 0.7142857142857143 0.0 0.0 0.2857142857142857 0.0 0.0 0.0 0.0 0.5 0.3333333333333333 0.16666666666666666 0.0 0.0 leishengchuan 3Сʱ_mousemovements
158.2927712 125.564713 0 0 0 0 432.240356 0 201.061718 25.641026 0 125.564713 129.5124108 0 0 313.28051733333336 0.16666666666666666 0.08333333333333333 0.0 0.08333333333333333 0.4166666666666667 0.0 0.0 0.25 54.890584128205134 0 0 1.0 0.0 0.0 0.8333333333333334 0.08333333333333333 0.0 0.0 0.0 0.0 0.08333333333333333 0.0 0.6666666666666666 0.21212121212121213 0.030303030303030304 0.030303030303030304 0.06060606060606061 leishengchuan 3Сʱ_mousemovements
114.11275513636366 0 299.014526 1103.614502 0 0 0 0 127.659576 109.7858355 490.8986356666666 83.7837245 106.27663833333332 66.223399 73.64844275 185.58685916666664 0.041666666666666664 0.08333333333333333 0.125 0.08333333333333333 0.125 0.125 0.16666666666666666 0.25 60.201686784615376 0 0 1.0 0.0 0.0 0.9166666666666666 0.0 0.041666666666666664 0.041666666666666664 0.0 0.0 0.0 0.0 0.5737704918032787 0.26229508196721313 0.09836065573770492 0.03278688524590164 0.03278688524590164 leishengchuan 3Сʱ_mousemovements
79.69248 0 0 0 359.14502 0 0 0 0 0 359.14502 0 0 118.687286 0 40.697674 0.0 0.0 0.3333333333333333 0.0 0.0 0.3333333333333333 0.0 0.3333333333333333 25.926499 0 0.0 0.9523809523809523 0.0 0.047619047619047616 0.6666666666666666 0.0 0.0 0.0 0.3333333333333333 0.0 0.0 0.0 0.5 0.2222222222222222 0.2222222222222222 0.0 0.05555555555555555 leishengchuan 3Сʱ_mousemovements
240.54852300000002 0 0 0 0 0 0 0 775.600586 64.516129 0 0 61.038688500000006 0 0 0 0.25 0.25 0.0 0.0 0.5 0.0 0.0 0.0 28.0038905 10.638298 111.439079 0.9375 0.03125 0.03125 1.0 0.0 0.0 0.0 0.0 0.0 0.0 0.0 0.7241379310344828 0.13793103448275862 0.06896551724137931 0.06896551724137931 0.0 leishengchuan 3Сʱ_mousemovements
85.06173686666666 305.1309303333333 271.20812466666666 625.546265 1623.4211123333334 487.183167 1270.723633 0 818.6230652 381.735504 0 211.489645 764.2075938 172.2491225 62.631217 99.1316735 0.18518518518518517 0.037037037037037035 0.0 0.14814814814814814 0.18518518518518517 0.07407407407407407 0.2222222222222222 0.14814814814814814 110.10900257471262 6.035188000000001 131.0071288 0.90625 0.041666666666666664 0.052083333333333336 0.5555555555555556 0.1111111111111111 0.1111111111111111 0.037037037037037035 0.1111111111111111 0.037037037037037035 0.037037037037037035 0.0 0.5747126436781609 0.25287356321839083 0.11494252873563218 0.022988505747126436 0.034482758620689655 leishengchuan 3Сʱ_mousemovements
150.11334504761905 773.74863825 199.5274355 405.154114 0 1898.516113 1662.8257755 0 464.21587154545455 194.68749250000002 0 82.2322805 1010.8238617999999 202.7298205 18.523525333333335 183.3979648333333 0.3548387096774194 0.06451612903225806 0.0 0.06451612903225806 0.16129032258064516 0.06451612903225806 0.0967741935483871 0.1935483870967742 155.79634412000001 46.467881250000005 405.154114 0.9375 0.05 0.0125 0.6774193548387096 0.12903225806451613 0.06451612903225806 0.03225806451612903 0.0 0.03225806451612903 0.06451612903225806 0.0 0.4864864864864865 0.3108108108108108 0.14864864864864866 0.02702702702702703 0.02702702702702703 leishengchuan 3Сʱ_mousemovements
115.62781337500002 186.805649 546.183121 706.889526 977.08197 698.0142440000001 637.835205 229.24852 137.7786774 247.305021 664.5090280000001 476.350281 272.0394415 257.27229700000004 163.005222 171.814658 0.15151515151515152 0.09090909090909091 0.09090909090909091 0.030303030303030304 0.12121212121212122 0.06060606060606061 0.2727272727272727 0.18181818181818182 88.23338006410258 50.8284026 432.4887315 0.9176470588235294 0.058823529411764705 0.023529411764705882 0.7272727272727273 0.030303030303030304 0.06060606060606061 0.030303030303030304 0.030303030303030304 0.06060606060606061 0.030303030303030304 0.030303030303030304 0.5194805194805194 0.24675324675324675 0.19480519480519481 0.012987012987012988 0.025974025974025976 leishengchuan 3Сʱ_mousemovements
76.81314686666666 167.8994715 544.869202 0 514.8748165000001 0 0 0 110.02448174999999 151.49362499999998 67.2396585 12.856487 40.738344 294.85734533333334 0 300.085388 0.2 0.3 0.1 0.05 0.1 0.15 0.0 0.1 58.12627782692307 13.349511333333332 0 0.9454545454545454 0.05454545454545454 0.0 0.75 0.1 0.05 0.0 0.1 0.0 0.0 0.0 0.6170212765957447 0.19148936170212766 0.10638297872340426 0.0425531914893617 0.0425531914893617 leishengchuan 3Сʱ_mousemovements
78.60189275 0 0 655.8333435 0 0 0 404.716187 238.0778356666667 277.47111033333334 52.482903 28.011470666666668 372.051014 103.34919 25.641026 0 0.2 0.2 0.06666666666666667 0.2 0.13333333333333333 0.13333333333333333 0.06666666666666667 0.0 42.40239171698113 7.562639 404.716187 0.9636363636363636 0.01818181818181818 0.01818181818181818 0.8 0.0 0.0 0.13333333333333333 0.0 0.0 0.0 0.06666666666666667 0.58 0.24 0.08 0.1 0.0 leishengchuan 3Сʱ_mousemovements
159.92573026666665 329.446991 292.963654 601.973267 616.529541 2889.023682 528.104553 0 325.138256 143.88707200000002 246.725937 1461.1479645 266.666656 154.461884 317.76572425 137.74119566666667 0.2857142857142857 0.14285714285714285 0.047619047619047616 0.09523809523809523 0.047619047619047616 0.047619047619047616 0.19047619047619047 0.14285714285714285 132.0159938275862 0 0.0 0.9830508474576272 0.0 0.01694915254237288 0.7142857142857143 0.047619047619047616 0.047619047619047616 0.047619047619047616 0.047619047619047616 0.047619047619047616 0.047619047619047616 0.0 0.5192307692307693 0.38461538461538464 0.038461538461538464 0.038461538461538464 0.019230769230769232 leishengchuan 3Сʱ_mousemovements
129.52816511764706 257.8964166 460.9272915 0 347.127716 0 0 798.31308 313.433868 186.49569100000002 0 204.632233 171.05728266666665 528.3960063333333 181.58616557142858 232.81407700000005 0.037037037037037035 0.25925925925925924 0.0 0.037037037037037035 0.1111111111111111 0.1111111111111111 0.25925925925925924 0.18518518518518517 83.13560231506848 25.403366166666668 67.8750915 0.9012345679012346 0.07407407407407407 0.024691358024691357 0.6296296296296297 0.18518518518518517 0.07407407407407407 0.0 0.037037037037037035 0.0 0.0 0.07407407407407407 0.5733333333333334 0.24 0.08 0.10666666666666667 0.0 leishengchuan 3Сʱ_mousemovements
120.51171692857142 0 0 1080.6472473333333 0 0 589.952515 0 190.7227131666667 172.99591975 668.501171 152.891068 160.53728099999998 542.003421 90.69248074999999 91.88451400000001 0.1875 0.125 0.0625 0.03125 0.15625 0.125 0.25 0.0625 82.51825386585365 67.49754375 84.8676695 0.9318181818181818 0.045454545454545456 0.022727272727272728 0.875 0.0 0.0 0.09375 0.0 0.0 0.03125 0.0 0.5421686746987951 0.37349397590361444 0.03614457831325301 0.012048192771084338 0.03614457831325301 leishengchuan 3Сʱ_mousemovements
58.22459680000001 209.3686825 0 406.220306 0 939.730164 0 0 406.220306 939.730164 0 0 127.00981859999999 0 37.405628 0 0.1111111111111111 0.1111111111111111 0.0 0.0 0.5555555555555556 0.0 0.2222222222222222 0.0 23.593986511627904 0 148.7527712857143 0.86 0.0 0.14 0.5555555555555556 0.2222222222222222 0.0 0.1111111111111111 0.0 0.1111111111111111 0.0 0.0 0.2826086956521739 0.5434782608695652 0.06521739130434782 0.06521739130434782 0.043478260869565216 leishengchuan 3Сʱ_mousemovements
111.71143584 201.886719 293.877243 360.8461 995.8132015 0 0 930.812012 825.9974515 152.52625475 162.089428 441.33815 80.0704555 148.29023899999999 226.475311 84.2480505 0.06060606060606061 0.12121212121212122 0.15151515151515152 0.09090909090909091 0.18181818181818182 0.18181818181818182 0.15151515151515152 0.06060606060606061 73.88037989772727 19.2778038 117.43397125 0.9072164948453608 0.05154639175257732 0.041237113402061855 0.7575757575757576 0.06060606060606061 0.06060606060606061 0.030303030303030304 0.06060606060606061 0.0 0.0 0.030303030303030304 0.6559139784946236 0.20430107526881722 0.03225806451612903 0.07526881720430108 0.03225806451612903 leishengchuan 3Сʱ_mousemovements
46.1035884 173.563263 268.562744 1141.739258 329.952658 0 0 0 601.8488560000001 31.712933 262.248383 17.274715 66.446243 84.878143 268.562744 237.67697099999998 0.18181818181818182 0.09090909090909091 0.09090909090909091 0.09090909090909091 0.09090909090909091 0.09090909090909091 0.09090909090909091 0.2727272727272727 49.29384303921569 44.62193033333333 0 0.9444444444444444 0.05555555555555555 0.0 0.45454545454545453 0.18181818181818182 0.09090909090909091 0.09090909090909091 0.18181818181818182 0.0 0.0 0.0 0.3125 0.3958333333333333 0.14583333333333334 0.08333333333333333 0.0625 leishengchuan 3Сʱ_mousemovements
88.64729266666667 680.256996 337.64665975 1331.7395223333333 2108.946004 979.652527 1961.096008 0 2114.7651975 1008.1732423333334 88.4739495 422.956604 501.82595299999997 930.0454878333334 253.534083 8.0 0.08333333333333333 0.25 0.08333333333333333 0.041666666666666664 0.125 0.25 0.125 0.041666666666666664 272.2244935076923 9.174312 257.26524925 0.9285714285714286 0.014285714285714285 0.05714285714285714 0.375 0.08333333333333333 0.16666666666666666 0.125 0.125 0.041666666666666664 0.08333333333333333 0.0 0.23809523809523808 0.5714285714285714 0.06349206349206349 0.06349206349206349 0.06349206349206349 leishengchuan 3Сʱ_mousemovements
280.5897145 0 874.963196 1773.069702 0 0 0 0 0 145.219254 1324.016449 0 0 0 415.960175 0 0.0 0.25 0.5 0.0 0.0 0.0 0.25 0.0 246.8624866923077 0 0.0 0.9285714285714286 0.0 0.07142857142857142 0.5 0.0 0.25 0.25 0.0 0.0 0.0 0.0 0.38461538461538464 0.6153846153846154 0.0 0.0 0.0 leishengchuan 3Сʱ_mousemovements
63.478175 0 1300.3382950000002 0 0 0 0 0 0 30.075188 0 0 106.282436 0 0 1282.9364500000001 0.0 0.16666666666666666 0.0 0.0 0.3333333333333333 0.0 0.0 0.5 267.74643046666665 0 75.252953 0.9375 0.0 0.0625 0.5 0.0 0.5 0.0 0.0 0.0 0.0 0.0 0.3333333333333333 0.5833333333333334 0.0 0.0 0.08333333333333333 leishengchuan 3Сʱ_mousemovements
44.5270415 0 673.021286 685.118958 320.570068 745.025024 0 0 72.131226 835.0105895 0 320.570068 42.731277500000004 685.118958 220.780401 0 0.1111111111111111 0.2222222222222222 0.0 0.1111111111111111 0.2222222222222222 0.1111111111111111 0.2222222222222222 0.0 154.96906680952384 20.514385 0 0.9545454545454546 0.045454545454545456 0.0 0.4444444444444444 0.0 0.2222222222222222 0.1111111111111111 0.1111111111111111 0.1111111111111111 0.0 0.0 0.5263157894736842 0.21052631578947367 0.15789473684210525 0.10526315789473684 0.0 leishengchuan 3Сʱ_mousemovements
91.45855879999999 431.06221 0 629.273865 0 0 0 0 539.223511 17.122082 326.34317 0 42.553192 0 146.604248 11.278195 0.25 0.125 0.25 0.0 0.125 0.0 0.125 0.125 91.97947604761904 17.122082 0 0.9545454545454546 0.045454545454545456 0.0 0.625 0.25 0.0 0.125 0.0 0.0 0.0 0.0 0.5238095238095238 0.3333333333333333 0.09523809523809523 0.047619047619047616 0.0 leishengchuan 3Сʱ_mousemovements
82.09207345454546 984.281189 0 0 0 0 0 0 0 359.31857675 0 0 104.604973 77.0215 40.00650566666667 35.6761 0.0 0.3333333333333333 0.0 0.0 0.08333333333333333 0.16666666666666666 0.25 0.16666666666666666 42.89304538636364 0 0 1.0 0.0 0.0 0.9166666666666666 0.08333333333333333 0.0 0.0 0.0 0.0 0.0 0.0 0.7 0.125 0.125 0.05 0.0 leishengchuan 3Сʱ_mousemovements
18.014621 0 968.168823 0 0 0 0 0 0 968.168823 0 0 20.156227 0 15.873015 0 0.0 0.3333333333333333 0.0 0.0 0.3333333333333333 0.0 0.3333333333333333 0.0 100.41980649999999 0 0 1.0 0.0 0.0 0.6666666666666666 0.0 0.3333333333333333 0.0 0.0 0.0 0.0 0.0 0.625 0.375 0.0 0.0 0.0 leishengchuan 3Сʱ_mousemovements
64.05600733333334 0 0 0 0 0 0 0 0 0 0 0 0 127.995064 32.086479 0 0.0 0.0 0.0 0.0 0.0 0.3333333333333333 0.6666666666666666 0.0 19.2168022 0 0 1.0 0.0 0.0 1.0 0.0 0.0 0.0 0.0 0.0 0.0 0.0 0.5714285714285714 0.42857142857142855 0.0 0.0 0.0 leishengchuan 3Сʱ_mousemovements
64.81558961904761 0 0 0 0 0 0 0 184.17961400000002 45.871559 0 16.0 0 107.48818800000001 38.57436376923077 30.273876 0.14285714285714285 0.047619047619047616 0.0 0.047619047619047616 0.0 0.09523809523809523 0.6190476190476191 0.047619047619047616 20.62314215151515 0 0 1.0 0.0 0.0 1.0 0.0 0.0 0.0 0.0 0.0 0.0 0.0 0.7301587301587301 0.20634920634920634 0.047619047619047616 0.015873015873015872 0.0 leishengchuan 3Сʱ_mousemovements
78.19749924999999 1328.332764 0 0 0 0 0 0 30.089651 31.746031 0 148.606308 102.348007 1328.332764 0 0 0.2 0.2 0.0 0.2 0.2 0.2 0.0 0.0 63.120106192307695 0 0 1.0 0.0 0.0 0.8 0.2 0.0 0.0 0.0 0.0 0.0 0.0 0.6086956521739131 0.21739130434782608 0.0 0.043478260869565216 0.13043478260869565 leishengchuan 3Сʱ_mousemovements
97.08294940625001 158.268112 0 487.176147 1328.634521 884.165039 0 0 224.48022650000001 283.3035375 91.00025550000001 0 159.53063637499997 156.33672322222225 78.71043399999999 62.34607400000001 0.1111111111111111 0.16666666666666666 0.05555555555555555 0.0 0.2222222222222222 0.25 0.1111111111111111 0.08333333333333333 55.479689457943934 28.571428 0 0.9907407407407407 0.009259259259259259 0.0 0.8888888888888888 0.027777777777777776 0.0 0.027777777777777776 0.027777777777777776 0.027777777777777776 0.0 0.0 0.6285714285714286 0.22857142857142856 0.09523809523809523 0.0380952380952381 0.009523809523809525 leishengchuan 3Сʱ_mousemovements
114.12089650000001 0 174.399124 0 344.771271 0 0 0 279.7707445 0 201.163483 93.7696065 142.168775 25.641026 31.746031 0 0.2 0.0 0.1 0.2 0.3 0.1 0.1 0.0 39.73742197222222 0 1.590376 0.972972972972973 0.0 0.02702702702702703 0.8 0.0 0.1 0.0 0.1 0.0 0.0 0.0 0.8076923076923077 0.07692307692307693 0.0 0.07692307692307693 0.038461538461538464 leishengchuan 3Сʱ_mousemovements
83.96578971428572 0 0 0 0 0 0 0 38.398678 168.071175 0 0 53.304874999999996 0 0 0 0.14285714285714285 0.2857142857142857 0.0 0.0 0.5714285714285714 0.0 0.0 0.0 26.425012363636366 0 6.410256 0.9565217391304348 0.0 0.043478260869565216 1.0 0.0 0.0 0.0 0.0 0.0 0.0 0.0 0.7647058823529411 0.17647058823529413 0.058823529411764705 0.0 0.0 leishengchuan 3Сʱ_mousemovements
118.46920305882352 296.373161 0 0 0 0 0 0 0 66.19656375 51.367221 95.45797 108.31301880000001 202.874894 88.8881195 612.903198 0.0 0.21052631578947367 0.10526315789473684 0.05263157894736842 0.2631578947368421 0.21052631578947367 0.10526315789473684 0.05263157894736842 39.04171937288136 34.565991499999996 117.064674 0.9365079365079365 0.031746031746031744 0.031746031746031744 0.8947368421052632 0.10526315789473684 0.0 0.0 0.0 0.0 0.0 0.0 0.5263157894736842 0.38596491228070173 0.05263157894736842 0.0 0.03508771929824561 leishengchuan 3Сʱ_mousemovements
106.4102565 0 0 0 0 0 0 0 0 0 0 0 0 200.0 12.820513 0 0.0 0.0 0.0 0.0 0.0 0.5 0.5 0.0 35.4700855 0 0 1.0 0.0 0.0 1.0 0.0 0.0 0.0 0.0 0.0 0.0 0.0 1.0 0.0 0.0 0.0 0.0 leishengchuan 3Сʱ_mousemovements
0 0 0 0 0 0 0 0 0 0 0 0 0 0 0 0 0 0 0 0 0 0 0 0 0 0 0 0 0 0 0 0 0 0 0 0 0 0 0 0 0 0 0 leishengchuan 3Сʱ_mousemovements
31.366556 462.1427615 0 314.586212 0 0 0 0 9.026361 314.586212 0 0 16.129032 424.470154 144.28949 0 0.16666666666666666 0.16666666666666666 0.0 0.0 0.16666666666666666 0.3333333333333333 0.16666666666666666 0.0 55.16437675 9.026361 0 0.96 0.04 0.0 0.5 0.3333333333333333 0.0 0.16666666666666666 0.0 0.0 0.0 0.0 0.47368421052631576 0.21052631578947367 0.10526315789473684 0.15789473684210525 0.05263157894736842 leishengchuan 3Сʱ_mousemovements
93.15927099999999 404.729401 563.693522 501.274567 0 864.249756 1784.124023 0 324.036161 446.4236056 110.821045 194.62300850000003 400.59325049999995 1784.124023 139.3811456 0 0.15789473684210525 0.2631578947368421 0.05263157894736842 0.10526315789473684 0.10526315789473684 0.05263157894736842 0.2631578947368421 0.0 119.47384805263158 3.546099 84.70414400000001 0.9344262295081968 0.03278688524590164 0.03278688524590164 0.5263157894736842 0.15789473684210525 0.15789473684210525 0.05263157894736842 0.0 0.05263157894736842 0.05263157894736842 0.0 0.5 0.3448275862068966 0.05172413793103448 0.06896551724137931 0.034482758620689655 leishengchuan 3Сʱ_mousemovements
143.27066753846154 348.6069795 0 143.288177 0 0 0 0 246.8682405 99.30392749999999 328.477478 17.353249 194.29372800000002 0 310.9171905 33.6143015 0.125 0.25 0.0625 0.0625 0.25 0.0 0.125 0.125 67.57552035 0 0 1.0 0.0 0.0 0.8125 0.125 0.0 0.0625 0.0 0.0 0.0 0.0 0.5675675675675675 0.24324324324324326 0.13513513513513514 0.0 0.05405405405405406 leishengchuan 3Сʱ_mousemovements
0 0 0 0 0 0 0 0 0 0 0 0 0 0 0 0 0 0 0 0 0 0 0 0 0.0 0 0 1.0 0.0 0.0 0 0 0 0 0 0 0 0 1.0 0.0 0.0 0.0 0.0 leishengchuan 3Сʱ_mousemovements
80.1582064 153.410004 0 0 0 0 0 0 0 66.67037733333332 98.440247 38.73716 62.5 94.280907 159.01291700000002 71.49839399999999 0.0 0.2727272727272727 0.09090909090909091 0.09090909090909091 0.09090909090909091 0.09090909090909091 0.18181818181818182 0.18181818181818182 18.725334666666665 0 0 1.0 0.0 0.0 0.9090909090909091 0.09090909090909091 0.0 0.0 0.0 0.0 0.0 0.0 0.6304347826086957 0.21739130434782608 0.08695652173913043 0.06521739130434782 0.0 leishengchuan 3Сʱ_mousemovements
17.6563605 0 0 0 0 0 0 0 0 0 0 0 14.036125 0 0 21.276596 0.0 0.0 0.0 0.0 0.5 0.0 0.0 0.5 7.0625442000000005 0 0 1.0 0.0 0.0 1.0 0.0 0.0 0.0 0.0 0.0 0.0 0.0 0.625 0.25 0.0 0.0 0.125 leishengchuan 3Сʱ_mousemovements
68.55124885714285 0 0 0 0 0 0 0 134.0074825 0 0 0 35.88943233333333 40.072918 0 64.102562 0.2857142857142857 0.0 0.0 0.0 0.42857142857142855 0.14285714285714285 0.0 0.14285714285714285 18.456105461538463 0 0 1.0 0.0 0.0 1.0 0.0 0.0 0.0 0.0 0.0 0.0 0.0 0.7272727272727273 0.13636363636363635 0.045454545454545456 0.0 0.09090909090909091 leishengchuan 3Сʱ_mousemovements
87.49687014285715 0 334.025085 0 0 672.137207 1786.147705 0 75.2292555 174.94905 38.05687 81.834763 146.37547 649.0601640000001 266.59892766666667 64.53878 0.11764705882352941 0.11764705882352941 0.058823529411764705 0.058823529411764705 0.23529411764705882 0.17647058823529413 0.17647058823529413 0.058823529411764705 61.78278345762712 19.028435 334.025085 0.9516129032258065 0.03225806451612903 0.016129032258064516 0.8235294117647058 0.0 0.058823529411764705 0.0 0.0 0.058823529411764705 0.058823529411764705 0.0 0.631578947368421 0.24561403508771928 0.03508771929824561 0.07017543859649122 0.017543859649122806 leishengchuan 3Сʱ_mousemovements
78.986913 0 0 0 0 0 0 0 0 0 0 0 0 202.254242 12.820513 21.885984 0.0 0.0 0.0 0.0 0.0 0.3333333333333333 0.3333333333333333 0.3333333333333333 14.810046187500001 0 0 1.0 0.0 0.0 1.0 0.0 0.0 0.0 0.0 0.0 0.0 0.0 0.9166666666666666 0.08333333333333333 0.0 0.0 0.0 leishengchuan 3Сʱ_mousemovements
0 0 0 0 0 0 0 0 0 0 0 0 0 0 0 0 0 0 0 0 0 0 0 0 0.0 0 0 1.0 0.0 0.0 0 0 0 0 0 0 0 0 0.9090909090909091 0.0 0.0 0.0 0.09090909090909091 leishengchuan 3Сʱ_mousemovements
62.78510471428573 0 0 0 0 0 0 0 84.45149099999999 16.129032 0 0 5.319149 96.143204 32.258064 78.41139916666667 0.21428571428571427 0.07142857142857142 0.0 0.0 0.14285714285714285 0.07142857142857142 0.07142857142857142 0.42857142857142855 12.208214805555558 0 0 1.0 0.0 0.0 1.0 0.0 0.0 0.0 0.0 0.0 0.0 0.0 0.6515151515151515 0.18181818181818182 0.13636363636363635 0.030303030303030304 0.0 leishengchuan 3Сʱ_mousemovements
95.99058566666668 296.0970812 676.9182435 0 0 1005.364075 0 0 439.9384843333333 236.6979002 132.75086375 182.60479500000002 0 251.12299099999998 62.411195 210.61034949999998 0.1 0.16666666666666666 0.13333333333333333 0.13333333333333333 0.0 0.1 0.16666666666666666 0.2 63.00988260465117 141.722024 5.333333333333333 0.9148936170212766 0.05319148936170213 0.031914893617021274 0.75 0.15625 0.0625 0.0 0.0 0.03125 0.0 0.0 0.6333333333333333 0.18888888888888888 0.12222222222222222 0.03333333333333333 0.022222222222222223 leishengchuan 3Сʱ_mousemovements
74.29158600000001 276.86359400000003 234.561447 0 0 0 695.341309 341.291779 100.40883283333335 161.0323976 83.315222 50.601128 57.054898200000004 399.871748 36.2580645 161.71133525000002 0.20689655172413793 0.1724137931034483 0.06896551724137931 0.034482758620689655 0.1724137931034483 0.13793103448275862 0.06896551724137931 0.13793103448275862 37.44476130927834 10.4872185 287.926613 0.9603960396039604 0.019801980198019802 0.019801980198019802 0.7931034482758621 0.06896551724137931 0.034482758620689655 0.0 0.0 0.0 0.06896551724137931 0.034482758620689655 0.6 0.2631578947368421 0.07368421052631578 0.042105263157894736 0.021052631578947368 leishengchuan 3Сʱ_mousemovements
86.55458227999999 166.958267 686.8863323333334 802.693909 496.724121 1220.693726 0 0 968.1978455 427.60737725 358.59906 119.824304 200.325428 205.6835358571428 72.75081675 27.85843775 0.06451612903225806 0.12903225806451613 0.03225806451612903 0.0967741935483871 0.06451612903225806 0.22580645161290322 0.25806451612903225 0.12903225806451613 80.0298225 9.676280666666665 0 0.9662921348314607 0.033707865168539325 0.0 0.78125 0.03125 0.09375 0.03125 0.03125 0.03125 0.0 0.0 0.6309523809523809 0.19047619047619047 0.10714285714285714 0.05952380952380952 0.011904761904761904 leishengchuan 3Сʱ_mousemovements
94.78114637499999 540.564056 0 346.026794 0 0 0 0 0 374.940887 0 0 60.672901 114.79842733333332 69.32201766666667 411.2440335 0.0 0.18181818181818182 0.0 0.0 0.09090909090909091 0.2727272727272727 0.2727272727272727 0.18181818181818182 60.70566880555555 0 0 1.0 0.0 0.0 0.7272727272727273 0.18181818181818182 0.0 0.09090909090909091 0.0 0.0 0.0 0.0 0.5625 0.25 0.09375 0.09375 0.0 leishengchuan 3Сʱ_mousemovements
41.360271 0 342.764099 0 0 0 0 0 0 0 0 0 342.764099 0 41.360271 0 0.0 0.0 0.0 0.0 0.5 0.0 0.5 0.0 38.412437 0 0.0 0.9090909090909091 0.0 0.09090909090909091 0.5 0.0 0.5 0.0 0.0 0.0 0.0 0.0 0.625 0.25 0.0 0.125 0.0 leishengchuan 3Сʱ_mousemovements
22.632902666666666 0 0 0 0 0 0 0 0 0 0 0 0 0 22.632902666666666 0 0.0 0.0 0.0 0.0 0.0 0.0 1.0 0.0 11.316451333333333 0 0 1.0 0.0 0.0 1.0 0.0 0.0 0.0 0.0 0.0 0.0 0.0 0.5 0.25 0.25 0.0 0.0 leishengchuan 3Сʱ_mousemovements
27.265256800000003 0 0 0 0 0 0 0 0 0 0 0 0 26.807627999999998 38.46154 17.44186 0.0 0.0 0.0 0.0 0.0 0.6 0.2 0.2 8.520392750000001 0 0 1.0 0.0 0.0 1.0 0.0 0.0 0.0 0.0 0.0 0.0 0.0 0.38461538461538464 0.46153846153846156 0.0 0.15384615384615385 0.0 leishengchuan 3Сʱ_mousemovements
160.7931191 102.658127 704.966858 0 0 0 1578.112549 0 375.35466 632.068627 105.16782 0 178.0120695 0 213.322994 0 0.14285714285714285 0.2857142857142857 0.14285714285714285 0.0 0.14285714285714285 0.0 0.2857142857142857 0.0 120.31653428947367 31.651819999999997 0 0.9047619047619048 0.09523809523809523 0.0 0.7142857142857143 0.07142857142857142 0.14285714285714285 0.0 0.0 0.0 0.07142857142857142 0.0 0.4473684210526316 0.39473684210526316 0.15789473684210525 0.0 0.0 leishengchuan 3Сʱ_mousemovements
0 0 0 0 0 0 0 0 0 0 0 0 0 0 0 0 0 0 0 0 0 0 0 0 0 0 0 0 0 0 0 0 0 0 0 0 0 0 0 0 0 0 0 leishengchuan 3Сʱ_mousemovements
26.116174 0 0 0 0 0 0 0 0.0 0 0 0 0 39.174261 0 0 0.3333333333333333 0.0 0.0 0.0 0.0 0.6666666666666666 0.0 0.0 13.058087 0 0 1.0 0.0 0.0 1.0 0.0 0.0 0.0 0.0 0.0 0.0 0.0 0.75 0.25 0.0 0.0 0.0 leishengchuan 3Сʱ_mousemovements
0 0 0 0 0 0 0 0 0 0 0 0 0 0 0 0 0 0 0 0 0 0 0 0 0 0 0 0 0 0 0 0 0 0 0 0 0 0 0 0 0 0 0 leishengchuan 3Сʱ_mousemovements
0 0 0 0 0 0 0 0 0 0 0 0 0 0 0 0 0 0 0 0 0 0 0 0 0 0 0 0 0 0 0 0 0 0 0 0 0 0 0 0 0 0 0 leishengchuan 3Сʱ_mousemovements
0 0 0 0 0 0 0 0 0 0 0 0 0 0 0 0 0 0 0 0 0 0 0 0 0 0 0 0 0 0 0 0 0 0 0 0 0 0 0 0 0 0 0 leishengchuan 3Сʱ_mousemovements
0 0 0 0 0 0 0 0 0 0 0 0 0 0 0 0 0 0 0 0 0 0 0 0 0 0 0 0 0 0 0 0 0 0 0 0 0 0 0 0 0 0 0 leishengchuan 3Сʱ_mousemovements
0 0 0 0 0 0 0 0 0 0 0 0 0 0 0 0 0 0 0 0 0 0 0 0 0 0 0 0 0 0 0 0 0 0 0 0 0 0 0 0 0 0 0 leishengchuan 3Сʱ_mousemovements
102.4334935 221.20126333333334 0 164.321304 689.59845 718.10289 0 0 74.103035 332.7665405 164.321304 280.158051 0 324.70968483333337 160.20592299999998 0 0.06666666666666667 0.13333333333333333 0.06666666666666667 0.06666666666666667 0.0 0.4 0.26666666666666666 0.0 52.295755400000004 156.26265325 10.401335 0.9230769230769231 0.06153846153846154 0.015384615384615385 0.5333333333333333 0.2 0.0 0.06666666666666667 0.06666666666666667 0.13333333333333333 0.0 0.0 0.5423728813559322 0.2033898305084746 0.13559322033898305 0.1016949152542373 0.01694915254237288 leishengchuan 3Сʱ_mousemovements
502.144257 0 0 0 0 0 0 0 0 502.144257 0 0 0 0 0 0 0.0 1.0 0.0 0.0 0.0 0.0 0.0 0.0 251.0721285 0 0 1.0 0.0 0.0 1.0 0.0 0.0 0.0 0.0 0.0 0.0 0.0 1.0 0.0 0.0 0.0 0.0 leishengchuan 3Сʱ_mousemovements
21.2965572 0 0 0 0 0 0 0 0 0 0 0 10.955711 12.835389 18.348623 53.387352 0.0 0.0 0.0 0.0 0.4 0.2 0.2 0.2 10.6482786 0 0 1.0 0.0 0.0 1.0 0.0 0.0 0.0 0.0 0.0 0.0 0.0 0.4444444444444444 0.4444444444444444 0.0 0.0 0.1111111111111111 leishengchuan 3Сʱ_mousemovements
32.1593655 0 0 0 0 0 0 0 0 0 0 0 37.848213 32.051281 29.368983999999998 0 0.0 0.0 0.0 0.0 0.25 0.25 0.5 0.0 16.07968275 0 0 1.0 0.0 0.0 1.0 0.0 0.0 0.0 0.0 0.0 0.0 0.0 0.3333333333333333 0.3333333333333333 0.0 0.3333333333333333 0.0 leishengchuan 3Сʱ_mousemovements
0 0 0 0 0 0 0 0 0 0 0 0 0 0 0 0 0 0 0 0 0 0 0 0 0 0 0 0 0 0 0 0 0 0 0 0 0 0 0 0 0 0 0 leishengchuan 3Сʱ_mousemovements
318.9591843333333 628.5183946666666 354.6018525 0 0 0 0 0 825.979523 0 0 269.183455 121.972519 424.111328 0 203.8788795 0.2727272727272727 0.0 0.0 0.36363636363636365 0.09090909090909091 0.09090909090909091 0.0 0.18181818181818182 137.86890062499998 48.3545875 0 0.9411764705882353 0.058823529411764705 0.0 0.5454545454545454 0.2727272727272727 0.18181818181818182 0.0 0.0 0.0 0.0 0.0 0.5925925925925926 0.18518518518518517 0.1111111111111111 0.1111111111111111 0.0 leishengchuan 3Сʱ_mousemovements
40.497372 0 258.612427 0 0 0 0 0 0 0 0 258.612427 0 0 40.497372 0 0.0 0.0 0.0 0.5 0.0 0.0 0.5 0.0 49.851633166666666 0 0 1.0 0.0 0.0 0.5 0.0 0.5 0.0 0.0 0.0 0.0 0.0 0.75 0.25 0.0 0.0 0.0 leishengchuan 3Сʱ_mousemovements
53.850827941176455 226.79109749999998 314.270294 327.512604 0 0 911.424072 0 327.512604 19.83738675 95.34497933333334 302.573013 94.166111 54.2987 186.56108733333335 101.812912 0.041666666666666664 0.16666666666666666 0.125 0.08333333333333333 0.08333333333333333 0.08333333333333333 0.375 0.041666666666666664 41.06362344871794 28.812134333333333 0 0.9285714285714286 0.07142857142857142 0.0 0.7083333333333334 0.16666666666666666 0.041666666666666664 0.041666666666666664 0.0 0.0 0.041666666666666664 0.0 0.5569620253164557 0.22784810126582278 0.08860759493670886 0.0759493670886076 0.05063291139240506 leishengchuan 3Сʱ_mousemovements
0 0 288.741821 0 0 0 0 0 0 0 0 0 0 0 288.741821 0 0.0 0.0 0.0 0.0 0.0 0.0 1.0 0.0 96.24727366666667 0.0 0 0.75 0.25 0.0 0.0 0.0 1.0 0.0 0.0 0.0 0.0 0.0 0.75 0.0 0.0 0.25 0.0 leishengchuan 3Сʱ_mousemovements
0 0 0 0 0 0 0 0 0 0 0 0 0 0 0 0 0 0 0 0 0 0 0 0 0 0 0 0 0 0 0 0 0 0 0 0 0 0 0 0 0 0 0 leishengchuan 3Сʱ_mousemovements
0 0 0 0 0 0 0 0 0 0 0 0 0 0 0 0 0 0 0 0 0 0 0 0 0 0 0 0 0 0 0 0 0 0 0 0 0 0 0 0 0 0 0 leishengchuan 3Сʱ_mousemovements
0 0 0 0 0 0 0 0 0 0 0 0 0 0 0 0 0 0 0 0 0 0 0 0 0 0 0 0 0 0 0 0 0 0 0 0 0 0 0 0 0 0 0 leishengchuan 3Сʱ_mousemovements
0 0 0 0 0 0 0 0 0 0 0 0 0 0 0 0 0 0 0 0 0 0 0 0 0 0 0 0 0 0 0 0 0 0 0 0 0 0 0 0 0 0 0 leishengchuan 3Сʱ_mousemovements
0 0 0 0 0 0 0 0 0 0 0 0 0 0 0 0 0 0 0 0 0 0 0 0 0 0 0 0 0 0 0 0 0 0 0 0 0 0 0 0 0 0 0 leishengchuan 3Сʱ_mousemovements
0 0 0 0 0 0 0 0 0 0 0 0 0 0 0 0 0 0 0 0 0 0 0 0 0 0 0 0 0 0 0 0 0 0 0 0 0 0 0 0 0 0 0 leishengchuan 3Сʱ_mousemovements
0 0 0 0 0 0 0 0 0 0 0 0 0 0 0 0 0 0 0 0 0 0 0 0 0 0 0 0 0 0 0 0 0 0 0 0 0 0 0 0 0 0 0 leishengchuan 3Сʱ_mousemovements
0 0 0 0 0 0 0 0 0 0 0 0 0 0 0 0 0 0 0 0 0 0 0 0 0 0 0 0 0 0 0 0 0 0 0 0 0 0 0 0 0 0 0 leishengchuan 3Сʱ_mousemovements
0 0 0 0 0 0 0 0 0 0 0 0 0 0 0 0 0 0 0 0 0 0 0 0 0 0 0 0 0 0 0 0 0 0 0 0 0 0 0 0 0 0 0 leishengchuan 3Сʱ_mousemovements
0 0 0 0 0 0 0 0 0 0 0 0 0 0 0 0 0 0 0 0 0 0 0 0 0 0 0 0 0 0 0 0 0 0 0 0 0 0 0 0 0 0 0 leishengchuan 3Сʱ_mousemovements
