157.57923947058822 471.1255865 983.0424805 991.3397367499999 1070.582275 0 669.214417 417.09671 195.628876 479.54035178571434 259.493408 46.483546000000004 507.70888433333334 379.7564116666667 706.0874146 0 0.03125 0.4375 0.03125 0.15625 0.09375 0.09375 0.15625 0.0 203.6232411875 19.631871142857143 106.1568415 0.8533333333333334 0.09333333333333334 0.05333333333333334 0.53125 0.1875 0.0625 0.125 0.03125 0.0 0.03125 0.03125 0.6323529411764706 0.22058823529411764 0.04411764705882353 0.04411764705882353 0.058823529411764705 leishengchuan 7Сʱ_mousemovements
0 0 0 0 0 0 0 0 0 0 0 0 0 0 0 0 0 0 0 0 0 0 0 0 0 0 0 0 0 0 0 0 0 0 0 0 0 0 0 0 0 0 0 leishengchuan 7Сʱ_mousemovements
0 0 0 0 0 0 0 0 0 0 0 0 0 0 0 0 0 0 0 0 0 0 0 0 0 0 0 0 0 0 0 0 0 0 0 0 0 0 0 0 0 0 0 leishengchuan 7Сʱ_mousemovements
0 0 0 0 0 0 0 0 0 0 0 0 0 0 0 0 0 0 0 0 0 0 0 0 0 0 0 0 0 0 0 0 0 0 0 0 0 0 0 0 0 0 0 leishengchuan 7Сʱ_mousemovements
0 0 0 0 0 0 0 0 0 0 0 0 0 0 0 0 0 0 0 0 0 0 0 0 0 0 0 0 0 0 0 0 0 0 0 0 0 0 0 0 0 0 0 leishengchuan 7Сʱ_mousemovements
0 0 0 0 0 0 0 0 0 0 0 0 0 0 0 0 0 0 0 0 0 0 0 0 0 0 0 0 0 0 0 0 0 0 0 0 0 0 0 0 0 0 0 leishengchuan 7Сʱ_mousemovements
0 0 0 0 0 0 0 0 0 0 0 0 0 0 0 0 0 0 0 0 0 0 0 0 0 0 0 0 0 0 0 0 0 0 0 0 0 0 0 0 0 0 0 leishengchuan 7Сʱ_mousemovements
0 0 0 0 0 0 0 0 0 0 0 0 0 0 0 0 0 0 0 0 0 0 0 0 0 0 0 0 0 0 0 0 0 0 0 0 0 0 0 0 0 0 0 leishengchuan 7Сʱ_mousemovements
0 0 0 0 0 0 0 0 0 0 0 0 0 0 0 0 0 0 0 0 0 0 0 0 0 0 0 0 0 0 0 0 0 0 0 0 0 0 0 0 0 0 0 leishengchuan 7Сʱ_mousemovements
0 0 0 0 0 0 0 0 0 0 0 0 0 0 0 0 0 0 0 0 0 0 0 0 0 0 0 0 0 0 0 0 0 0 0 0 0 0 0 0 0 0 0 leishengchuan 7Сʱ_mousemovements
0 0 0 0 0 0 0 0 0 0 0 0 0 0 0 0 0 0 0 0 0 0 0 0 0 0 0 0 0 0 0 0 0 0 0 0 0 0 0 0 0 0 0 leishengchuan 7Сʱ_mousemovements
0 0 0 0 0 0 0 0 0 0 0 0 0 0 0 0 0 0 0 0 0 0 0 0 0 0 0 0 0 0 0 0 0 0 0 0 0 0 0 0 0 0 0 leishengchuan 7Сʱ_mousemovements
0 0 0 0 0 0 0 0 0 0 0 0 0 0 0 0 0 0 0 0 0 0 0 0 0 0 0 0 0 0 0 0 0 0 0 0 0 0 0 0 0 0 0 leishengchuan 7Сʱ_mousemovements
0 0 0 0 0 0 0 0 0 0 0 0 0 0 0 0 0 0 0 0 0 0 0 0 0 0 0 0 0 0 0 0 0 0 0 0 0 0 0 0 0 0 0 leishengchuan 7Сʱ_mousemovements
0 0 0 0 0 0 0 0 0 0 0 0 0 0 0 0 0 0 0 0 0 0 0 0 0 0 0 0 0 0 0 0 0 0 0 0 0 0 0 0 0 0 0 leishengchuan 7Сʱ_mousemovements
0 0 0 0 0 0 0 0 0 0 0 0 0 0 0 0 0 0 0 0 0 0 0 0 0 0 0 0 0 0 0 0 0 0 0 0 0 0 0 0 0 0 0 leishengchuan 7Сʱ_mousemovements
0 0 0 0 0 0 0 0 0 0 0 0 0 0 0 0 0 0 0 0 0 0 0 0 0 0 0 0 0 0 0 0 0 0 0 0 0 0 0 0 0 0 0 leishengchuan 7Сʱ_mousemovements
0 0 0 0 0 0 0 0 0 0 0 0 0 0 0 0 0 0 0 0 0 0 0 0 0 0 0 0 0 0 0 0 0 0 0 0 0 0 0 0 0 0 0 leishengchuan 7Сʱ_mousemovements
0 0 0 0 0 0 0 0 0 0 0 0 0 0 0 0 0 0 0 0 0 0 0 0 0 0 0 0 0 0 0 0 0 0 0 0 0 0 0 0 0 0 0 leishengchuan 7Сʱ_mousemovements
0 0 0 0 0 0 0 0 0 0 0 0 0 0 0 0 0 0 0 0 0 0 0 0 0 0 0 0 0 0 0 0 0 0 0 0 0 0 0 0 0 0 0 leishengchuan 7Сʱ_mousemovements
0 0 0 0 0 0 0 0 0 0 0 0 0 0 0 0 0 0 0 0 0 0 0 0 0 0 0 0 0 0 0 0 0 0 0 0 0 0 0 0 0 0 0 leishengchuan 7Сʱ_mousemovements
0 0 0 0 0 0 0 0 0 0 0 0 0 0 0 0 0 0 0 0 0 0 0 0 0 0 0 0 0 0 0 0 0 0 0 0 0 0 0 0 0 0 0 leishengchuan 7Сʱ_mousemovements
0 0 0 0 0 0 0 0 0 0 0 0 0 0 0 0 0 0 0 0 0 0 0 0 0 0 0 0 0 0 0 0 0 0 0 0 0 0 0 0 0 0 0 leishengchuan 7Сʱ_mousemovements
0 0 0 0 0 0 0 0 0 0 0 0 0 0 0 0 0 0 0 0 0 0 0 0 0 0 0 0 0 0 0 0 0 0 0 0 0 0 0 0 0 0 0 leishengchuan 7Сʱ_mousemovements
0 0 0 0 0 0 0 0 0 0 0 0 0 0 0 0 0 0 0 0 0 0 0 0 0 0 0 0 0 0 0 0 0 0 0 0 0 0 0 0 0 0 0 leishengchuan 7Сʱ_mousemovements
0 0 0 0 0 0 0 0 0 0 0 0 0 0 0 0 0 0 0 0 0 0 0 0 0 0 0 0 0 0 0 0 0 0 0 0 0 0 0 0 0 0 0 leishengchuan 7Сʱ_mousemovements
0 0 0 0 0 0 0 0 0 0 0 0 0 0 0 0 0 0 0 0 0 0 0 0 0 0 0 0 0 0 0 0 0 0 0 0 0 0 0 0 0 0 0 leishengchuan 7Сʱ_mousemovements
0 0 0 0 0 0 0 0 0 0 0 0 0 0 0 0 0 0 0 0 0 0 0 0 0 0 0 0 0 0 0 0 0 0 0 0 0 0 0 0 0 0 0 leishengchuan 7Сʱ_mousemovements
0 0 0 0 0 0 0 0 0 0 0 0 0 0 0 0 0 0 0 0 0 0 0 0 0 0 0 0 0 0 0 0 0 0 0 0 0 0 0 0 0 0 0 leishengchuan 7Сʱ_mousemovements
0 0 0 0 0 0 0 0 0 0 0 0 0 0 0 0 0 0 0 0 0 0 0 0 0 0 0 0 0 0 0 0 0 0 0 0 0 0 0 0 0 0 0 leishengchuan 7Сʱ_mousemovements
0 0 0 0 0 0 0 0 0 0 0 0 0 0 0 0 0 0 0 0 0 0 0 0 0 0 0 0 0 0 0 0 0 0 0 0 0 0 0 0 0 0 0 leishengchuan 7Сʱ_mousemovements
0 258.211395 0 0 0 0 0 0 0 258.211395 0 0 0 0 0 0 0.0 1.0 0.0 0.0 0.0 0.0 0.0 0.0 129.1056975 0 0 1.0 0.0 0.0 0.0 1.0 0.0 0.0 0.0 0.0 0.0 0.0 0.0 0.0 1.0 0.0 0.0 leishengchuan 7Сʱ_mousemovements
0 0 0 0 0 0 0 0 0 0 0 0 0 0 0 0 0 0 0 0 0 0 0 0 0 0 0 0 0 0 0 0 0 0 0 0 0 0 0 0 0 0 0 leishengchuan 7Сʱ_mousemovements
0 0 0 0 0 0 0 0 0 0 0 0 0 0 0 0 0 0 0 0 0 0 0 0 0 0 0 0 0 0 0 0 0 0 0 0 0 0 0 0 0 0 0 leishengchuan 7Сʱ_mousemovements
0 0 0 0 0 0 0 0 0 0 0 0 0 0 0 0 0 0 0 0 0 0 0 0 0 0 0 0 0 0 0 0 0 0 0 0 0 0 0 0 0 0 0 leishengchuan 7Сʱ_mousemovements
0 0 0 0 0 0 0 0 0 0 0 0 0 0 0 0 0 0 0 0 0 0 0 0 0 0 0 0 0 0 0 0 0 0 0 0 0 0 0 0 0 0 0 leishengchuan 7Сʱ_mousemovements
0 0 0 0 0 0 0 0 0 0 0 0 0 0 0 0 0 0 0 0 0 0 0 0 0 0 0 0 0 0 0 0 0 0 0 0 0 0 0 0 0 0 0 leishengchuan 7Сʱ_mousemovements
0 0 0 0 0 0 0 0 0 0 0 0 0 0 0 0 0 0 0 0 0 0 0 0 0 0 0 0 0 0 0 0 0 0 0 0 0 0 0 0 0 0 0 leishengchuan 7Сʱ_mousemovements
0 0 0 0 0 0 0 0 0 0 0 0 0 0 0 0 0 0 0 0 0 0 0 0 0 0 0 0 0 0 0 0 0 0 0 0 0 0 0 0 0 0 0 leishengchuan 7Сʱ_mousemovements
0 0 0 0 0 0 0 0 0 0 0 0 0 0 0 0 0 0 0 0 0 0 0 0 0 0 0 0 0 0 0 0 0 0 0 0 0 0 0 0 0 0 0 leishengchuan 7Сʱ_mousemovements
0 0 0 0 0 0 0 0 0 0 0 0 0 0 0 0 0 0 0 0 0 0 0 0 0 0 0 0 0 0 0 0 0 0 0 0 0 0 0 0 0 0 0 leishengchuan 7Сʱ_mousemovements
0 0 0 0 0 0 0 0 0 0 0 0 0 0 0 0 0 0 0 0 0 0 0 0 0 0 0 0 0 0 0 0 0 0 0 0 0 0 0 0 0 0 0 leishengchuan 7Сʱ_mousemovements
0 0 0 0 0 0 0 0 0 0 0 0 0 0 0 0 0 0 0 0 0 0 0 0 0 0 0 0 0 0 0 0 0 0 0 0 0 0 0 0 0 0 0 leishengchuan 7Сʱ_mousemovements
0 0 0 0 0 0 0 0 0 0 0 0 0 0 0 0 0 0 0 0 0 0 0 0 0 0 0 0 0 0 0 0 0 0 0 0 0 0 0 0 0 0 0 leishengchuan 7Сʱ_mousemovements
0 0 0 0 0 0 0 0 0 0 0 0 0 0 0 0 0 0 0 0 0 0 0 0 0 0 0 0 0 0 0 0 0 0 0 0 0 0 0 0 0 0 0 leishengchuan 7Сʱ_mousemovements
0 0 0 0 0 0 0 0 0 0 0 0 0 0 0 0 0 0 0 0 0 0 0 0 0 0 0 0 0 0 0 0 0 0 0 0 0 0 0 0 0 0 0 leishengchuan 7Сʱ_mousemovements
0 0 0 0 0 0 0 0 0 0 0 0 0 0 0 0 0 0 0 0 0 0 0 0 0 0 0 0 0 0 0 0 0 0 0 0 0 0 0 0 0 0 0 leishengchuan 7Сʱ_mousemovements
0 0 0 0 0 0 0 0 0 0 0 0 0 0 0 0 0 0 0 0 0 0 0 0 0 0 0 0 0 0 0 0 0 0 0 0 0 0 0 0 0 0 0 leishengchuan 7Сʱ_mousemovements
0 0 0 0 0 0 0 0 0 0 0 0 0 0 0 0 0 0 0 0 0 0 0 0 0 0 0 0 0 0 0 0 0 0 0 0 0 0 0 0 0 0 0 leishengchuan 7Сʱ_mousemovements
0 0 0 0 0 0 0 0 0 0 0 0 0 0 0 0 0 0 0 0 0 0 0 0 0 0 0 0 0 0 0 0 0 0 0 0 0 0 0 0 0 0 0 leishengchuan 7Сʱ_mousemovements
0 0 0 0 0 0 0 0 0 0 0 0 0 0 0 0 0 0 0 0 0 0 0 0 0 0 0 0 0 0 0 0 0 0 0 0 0 0 0 0 0 0 0 leishengchuan 7Сʱ_mousemovements
97.98672425 367.30781924999997 1099.82373 0 0 0 1869.8834535 0 372.448639 1052.0183893333333 433.16545099999996 115.225868 0 943.73761 1099.82373 31.921026 0.09090909090909091 0.2727272727272727 0.18181818181818182 0.18181818181818182 0.0 0.09090909090909091 0.09090909090909091 0.09090909090909091 192.5393080625 0.0 134.87773825 0.8648648648648649 0.02702702702702703 0.10810810810810811 0.36363636363636365 0.36363636363636365 0.09090909090909091 0.0 0.0 0.0 0.18181818181818182 0.0 0.6470588235294118 0.2647058823529412 0.029411764705882353 0.058823529411764705 0.0 leishengchuan 7Сʱ_mousemovements
0 268.4099805 0 0 0 346.815521 555.253723 607.476807 555.253723 340.560516 346.815521 0 607.476807 0 196.259445 0 0.2 0.2 0.2 0.0 0.2 0.0 0.2 0.0 31.97246352631579 346.815521 364.02456133333334 0.8260869565217391 0.043478260869565216 0.13043478260869565 0.0 0.4 0.0 0.0 0.0 0.2 0.2 0.2 0.7368421052631579 0.10526315789473684 0.05263157894736842 0.0 0.10526315789473684 leishengchuan 7Сʱ_mousemovements
94.04291466666666 0 0 0 0 908.173462 735.924744 0 418.6155586666667 62.5 0 64.516129 361.505035 735.924744 318.118286 0 0.3333333333333333 0.1111111111111111 0.0 0.1111111111111111 0.1111111111111111 0.1111111111111111 0.2222222222222222 0.0 91.86268829629628 0 636.236572 0.9642857142857143 0.0 0.03571428571428571 0.6666666666666666 0.0 0.0 0.0 0.0 0.2222222222222222 0.1111111111111111 0.0 0.64 0.12 0.08 0.08 0.08 leishengchuan 7Сʱ_mousemovements
143.29039459999998 0 310.660187 0 0 0 0 0 221.126007 105.00545299999999 0 0 251.842377 33.472683 310.660187 0 0.16666666666666666 0.3333333333333333 0.0 0.0 0.16666666666666666 0.16666666666666666 0.16666666666666666 0.0 35.3286798125 9.174312 226.3394855 0.8421052631578947 0.05263157894736842 0.10526315789473684 0.8333333333333334 0.0 0.16666666666666666 0.0 0.0 0.0 0.0 0.0 0.6470588235294118 0.29411764705882354 0.0 0.0 0.058823529411764705 leishengchuan 7Сʱ_mousemovements
101.45761666666668 176.578705 335.443909 0 0 0 0 1351.48584 74.56836100000001 437.14870450000006 0 62.5 256.011307 0 0 0 0.2222222222222222 0.4444444444444444 0.0 0.1111111111111111 0.2222222222222222 0.0 0.0 0.0 46.29402695454545 0 726.8927805000001 0.9166666666666666 0.0 0.08333333333333333 0.6666666666666666 0.1111111111111111 0.1111111111111111 0.0 0.0 0.0 0.0 0.1111111111111111 0.55 0.25 0.05 0.1 0.05 leishengchuan 7Сʱ_mousemovements
144.7290495 0 0 0 0 0 0 0 0 211.580246 77.877853 0 0 0 0 0 0.0 0.5 0.5 0.0 0.0 0.0 0.0 0.0 48.2430165 0 0 1.0 0.0 0.0 1.0 0.0 0.0 0.0 0.0 0.0 0.0 0.0 0.75 0.25 0.0 0.0 0.0 leishengchuan 7Сʱ_mousemovements
225.23959019999998 1102.427612 0 0 0 0 0 0 231.824844 1102.427612 0 108.529068 0 104.441597 340.70122100000003 0 0.16666666666666666 0.16666666666666666 0.0 0.16666666666666666 0.0 0.16666666666666666 0.3333333333333333 0.0 117.2960822631579 0 0 1.0 0.0 0.0 0.8333333333333334 0.16666666666666666 0.0 0.0 0.0 0.0 0.0 0.0 0.625 0.0625 0.125 0.125 0.0625 leishengchuan 7Сʱ_mousemovements
213.59896075000003 0 0 0 0 0 0 1612.20459 0 475.320282 0 0 0 0 1612.20459 126.35852033333333 0.0 0.2 0.0 0.0 0.0 0.0 0.2 0.6 224.236403 0 0 1.0 0.0 0.0 0.8 0.0 0.0 0.0 0.0 0.0 0.0 0.2 0.5 0.125 0.125 0.125 0.125 leishengchuan 7Сʱ_mousemovements
89.743591 0 0 0 0 0 0 0 0 0 0 0 0 0 0 89.743591 0.0 0.0 0.0 0.0 0.0 0.0 0.0 1.0 44.8717955 0 0 1.0 0.0 0.0 1.0 0.0 0.0 0.0 0.0 0.0 0.0 0.0 1.0 0.0 0.0 0.0 0.0 leishengchuan 7Сʱ_mousemovements
104.1035775 0 0 718.276428 753.472961 0 0 0 27.522936 0 0 0 180.684219 753.472961 718.276428 0 0.25 0.0 0.0 0.0 0.25 0.25 0.25 0.0 186.66183822222223 0 0 1.0 0.0 0.0 0.5 0.0 0.0 0.25 0.25 0.0 0.0 0.0 0.375 0.125 0.25 0.25 0.0 leishengchuan 7Сʱ_mousemovements
0 0 0 0 0 0 0 0 0 0 0 0 0 0 0 0 0 0 0 0 0 0 0 0 0 0 0 0 0 0 0 0 0 0 0 0 0 0 0 0 0 0 0 leishengchuan 7Сʱ_mousemovements
0 0 0 0 0 0 0 0 0 0 0 0 0 0 0 0 0 0 0 0 0 0 0 0 0 0 0 0 0 0 0 0 0 0 0 0 0 0 0 0 0 0 0 leishengchuan 7Сʱ_mousemovements
0 0 0 0 0 0 0 0 0 0 0 0 0 0 0 0 0 0 0 0 0 0 0 0 0 0 0 0 0 0 0 0 0 0 0 0 0 0 0 0 0 0 0 leishengchuan 7Сʱ_mousemovements
0 0 0 0 0 0 0 0 0 0 0 0 0 0 0 0 0 0 0 0 0 0 0 0 0 0 0 0 0 0 0 0 0 0 0 0 0 0 0 0 0 0 0 leishengchuan 7Сʱ_mousemovements
207.0752782 0 0 0 0 0 0 0 320.351532 0 0 0 311.299408 0 263.299286 70.2130825 0.2 0.0 0.0 0.0 0.2 0.0 0.2 0.4 86.28136591666667 0 0 1.0 0.0 0.0 1.0 0.0 0.0 0.0 0.0 0.0 0.0 0.0 1.0 0.0 0.0 0.0 0.0 leishengchuan 7Сʱ_mousemovements
0 0 0 0 0 0 0 0 0 0 0 0 0 0 0 0 0 0 0 0 0 0 0 0 0 0 0 0 0 0 0 0 0 0 0 0 0 0 0 0 0 0 0 leishengchuan 7Сʱ_mousemovements
0 0 0 0 0 0 0 0 0 0 0 0 0 0 0 0 0 0 0 0 0 0 0 0 0 0 0 0 0 0 0 0 0 0 0 0 0 0 0 0 0 0 0 leishengchuan 7Сʱ_mousemovements
297.674561 0 0 0 0 0 0 0 0 0 0 0 297.674561 0 0 0 0.0 0.0 0.0 0.0 1.0 0.0 0.0 0.0 74.41864025 0 0 1.0 0.0 0.0 1.0 0.0 0.0 0.0 0.0 0.0 0.0 0.0 1.0 0.0 0.0 0.0 0.0 leishengchuan 7Сʱ_mousemovements
0 0 0 0 0 0 0 0 0 0 0 0 0 0 0 0 0 0 0 0 0 0 0 0 0 0 0 0 0 0 0 0 0 0 0 0 0 0 0 0 0 0 0 leishengchuan 7Сʱ_mousemovements
0 0 0 0 0 0 0 0 0 0 0 0 0 0 0 0 0 0 0 0 0 0 0 0 0 0 0 0 0 0 0 0 0 0 0 0 0 0 0 0 0 0 0 leishengchuan 7Сʱ_mousemovements
143.026939 733.193787 0 428.517792 0 0 0 0 175.003616 0 0 0 428.517792 111.050262 0 733.193787 0.25 0.0 0.0 0.0 0.25 0.25 0.0 0.25 120.64712141666666 0 0 1.0 0.0 0.0 0.5 0.25 0.0 0.25 0.0 0.0 0.0 0.0 0.7 0.2 0.0 0.1 0.0 leishengchuan 7Сʱ_mousemovements
246.4507165714286 1134.599243 826.4961545 1308.4926755 711.212585 1114.3965455 0 0 333.448242 989.009399 227.886932 659.5446573333332 1289.964233 1141.7506103333333 663.98291 290.390019 0.06666666666666667 0.06666666666666667 0.06666666666666667 0.2 0.06666666666666667 0.2 0.06666666666666667 0.26666666666666666 202.83837210638293 0.0 268.167053 0.9215686274509803 0.0392156862745098 0.0392156862745098 0.4666666666666667 0.06666666666666667 0.13333333333333333 0.13333333333333333 0.06666666666666667 0.13333333333333333 0.0 0.0 0.6521739130434783 0.17391304347826086 0.10869565217391304 0.021739130434782608 0.043478260869565216 leishengchuan 7Сʱ_mousemovements
0 126.370972 0 0 581.032654 0 0 0 0 0 0 126.370972 0 0 0 581.032654 0.0 0.0 0.0 0.5 0.0 0.0 0.0 0.5 0.0 0 353.701813 0.8333333333333334 0.0 0.16666666666666666 0.0 0.5 0.0 0.0 0.5 0.0 0.0 0.0 0.36363636363636365 0.45454545454545453 0.0 0.09090909090909091 0.09090909090909091 leishengchuan 7Сʱ_mousemovements
10.963167 0 0 0 0 0 0 0 0 10.963167 0 0 0 0 0 0 0.0 1.0 0.0 0.0 0.0 0.0 0.0 0.0 0.0 0 10.963167 0.8333333333333334 0.0 0.16666666666666666 1.0 0.0 0.0 0.0 0.0 0.0 0.0 0.0 0.0 0.5 0.0 0.0 0.5 leishengchuan 7Сʱ_mousemovements
367.145386 3093.139893 0 0 0 0 0 0 0 1730.1426395 0 0 0 0 0 0 0.0 1.0 0.0 0.0 0.0 0.0 0.0 0.0 865.07131975 0 0 1.0 0.0 0.0 0.5 0.5 0.0 0.0 0.0 0.0 0.0 0.0 0.6666666666666666 0.0 0.3333333333333333 0.0 0.0 leishengchuan 7Сʱ_mousemovements
0 0 0 0 0 0 0 0 0 0 0 0 0 0 0 0 0 0 0 0 0 0 0 0 0.0 0 0 1.0 0.0 0.0 0 0 0 0 0 0 0 0 0 0 0 0 0 leishengchuan 7Сʱ_mousemovements
0 0 0 0 0 0 0 0 0 0 0 0 0 0 0 0 0 0 0 0 0 0 0 0 0 0 0 0 0 0 0 0 0 0 0 0 0 0 0 0 0 0 0 leishengchuan 7Сʱ_mousemovements
0 0 0 0 0 0 0 0 0 0 0 0 0 0 0 0 0 0 0 0 0 0 0 0 0 0 0 0 0 0 0 0 0 0 0 0 0 0 0 0 0 0 0 leishengchuan 7Сʱ_mousemovements
71.4039 772.231934 0 0 0 814.388611 0 0 71.4039 0 0 0 772.231934 0 814.388611 0 0.3333333333333333 0.0 0.0 0.0 0.3333333333333333 0.0 0.3333333333333333 0.0 276.3374075 0 0 1.0 0.0 0.0 0.3333333333333333 0.3333333333333333 0.0 0.0 0.0 0.3333333333333333 0.0 0.0 0.25 0.5 0.0 0.25 0.0 leishengchuan 7Сʱ_mousemovements
0 0 0 0 0 0 0 0 0 0 0 0 0 0 0 0 0 0 0 0 0 0 0 0 0 0 0 0 0 0 0 0 0 0 0 0 0 0 0 0 0 0 0 leishengchuan 7Сʱ_mousemovements
0 0 0 0 0 0 0 0 0 0 0 0 0 0 0 0 0 0 0 0 0 0 0 0 0 0 0 0 0 0 0 0 0 0 0 0 0 0 0 0 0 0 0 leishengchuan 7Сʱ_mousemovements
0 0 0 0 0 0 0 0 0 0 0 0 0 0 0 0 0 0 0 0 0 0 0 0 0 0 0 0 0 0 0 0 0 0 0 0 0 0 0 0 0 0 0 leishengchuan 7Сʱ_mousemovements
0 0 0 0 0 0 0 0 0 0 0 0 0 0 0 0 0 0 0 0 0 0 0 0 0 0 0 0 0 0 0 0 0 0 0 0 0 0 0 0 0 0 0 leishengchuan 7Сʱ_mousemovements
0 0 0 0 0 0 0 0 0 0 0 0 0 0 0 0 0 0 0 0 0 0 0 0 0 0 0 0 0 0 0 0 0 0 0 0 0 0 0 0 0 0 0 leishengchuan 7Сʱ_mousemovements
0 0 0 0 0 0 0 0 0 0 0 0 0 0 0 0 0 0 0 0 0 0 0 0 0 0 0 0 0 0 0 0 0 0 0 0 0 0 0 0 0 0 0 leishengchuan 7Сʱ_mousemovements
0 0 0 0 0 0 0 0 0 0 0 0 0 0 0 0 0 0 0 0 0 0 0 0 0 0 0 0 0 0 0 0 0 0 0 0 0 0 0 0 0 0 0 leishengchuan 7Сʱ_mousemovements
0 0 0 0 0 0 0 0 0 0 0 0 0 0 0 0 0 0 0 0 0 0 0 0 0 0 0 0 0 0 0 0 0 0 0 0 0 0 0 0 0 0 0 leishengchuan 7Сʱ_mousemovements
0 0 0 0 0 0 0 0 0 0 0 0 0 0 0 0 0 0 0 0 0 0 0 0 0 0 0 0 0 0 0 0 0 0 0 0 0 0 0 0 0 0 0 leishengchuan 7Сʱ_mousemovements
0 0 0 0 0 0 0 0 0 0 0 0 0 0 0 0 0 0 0 0 0 0 0 0 0 0 0 0 0 0 0 0 0 0 0 0 0 0 0 0 0 0 0 leishengchuan 7Сʱ_mousemovements
0 0 0 0 0 0 0 0 0 0 0 0 0 0 0 0 0 0 0 0 0 0 0 0 0 0 0 0 0 0 0 0 0 0 0 0 0 0 0 0 0 0 0 leishengchuan 7Сʱ_mousemovements
245.4205856 0 0 2737.592285 0 0 1829.75647 1189.917114 0 813.09581 1412.434242 427.570831 74.711891 1015.5129855 0 0 0.0 0.25 0.25 0.125 0.125 0.25 0.0 0.0 310.1082139545455 0 80.994045 0.9166666666666666 0.0 0.08333333333333333 0.625 0.0 0.0 0.125 0.0 0.0 0.125 0.125 0.6521739130434783 0.17391304347826086 0.13043478260869565 0.043478260869565216 0.0 leishengchuan 7Сʱ_mousemovements
94.18352625 368.653122 0 0 1792.343994 0 0 0 0 258.87283833333333 32.051281 14.285714 1792.343994 0 291.084839 0 0.0 0.42857142857142855 0.14285714285714285 0.14285714285714285 0.14285714285714285 0.0 0.14285714285714285 0.0 119.71068805555556 7.142857 368.653122 0.8181818181818182 0.09090909090909091 0.09090909090909091 0.5714285714285714 0.2857142857142857 0.0 0.0 0.14285714285714285 0.0 0.0 0.0 0.6666666666666666 0.2857142857142857 0.047619047619047616 0.0 0.0 leishengchuan 7Сʱ_mousemovements
0 0 0 0 0 0 0 0 0 0 0 0 0 0 0 0 0 0 0 0 0 0 0 0 0 0 0 0 0 0 0 0 0 0 0 0 0 0 0 0 0 0 0 leishengchuan 7Сʱ_mousemovements
0 0 0 0 0 0 0 0 0 0 0 0 0 0 0 0 0 0 0 0 0 0 0 0 0 0 0 0 0 0 0 0 0 0 0 0 0 0 0 0 0 0 0 leishengchuan 7Сʱ_mousemovements
0 0 0 0 0 0 0 0 0 0 0 0 0 0 0 0 0 0 0 0 0 0 0 0 0 0 0 0 0 0 0 0 0 0 0 0 0 0 0 0 0 0 0 leishengchuan 7Сʱ_mousemovements
0 0 0 0 0 0 0 0 0 0 0 0 0 0 0 0 0 0 0 0 0 0 0 0 0 0 0 0 0 0 0 0 0 0 0 0 0 0 0 0 0 0 0 leishengchuan 7Сʱ_mousemovements
0 0 0 0 0 0 0 0 0 0 0 0 0 0 0 0 0 0 0 0 0 0 0 0 0 0 0 0 0 0 0 0 0 0 0 0 0 0 0 0 0 0 0 leishengchuan 7Сʱ_mousemovements
133.73610975 0 0 0 0 0 0 0 166.4247815 0 0 0 0 0 170.247742 31.847134 0.5 0.0 0.0 0.0 0.0 0.0 0.25 0.25 66.868054875 0 0 1.0 0.0 0.0 1.0 0.0 0.0 0.0 0.0 0.0 0.0 0.0 0.42857142857142855 0.5714285714285714 0.0 0.0 0.0 leishengchuan 7Сʱ_mousemovements
149.46288675 0 0 0 977.969788 0 0 0 552.6281855 147.6647375 0 0 0 0 0 175.235489 0.4 0.4 0.0 0.0 0.0 0.0 0.0 0.2 149.3880211 81.941124 0 0.9090909090909091 0.09090909090909091 0.0 0.8 0.0 0.0 0.0 0.2 0.0 0.0 0.0 0.5555555555555556 0.1111111111111111 0.3333333333333333 0.0 0.0 leishengchuan 7Сʱ_mousemovements
381.836761 0 0 0 0 0 0 0 0 0 381.836761 0 0 0 0 0 0.0 0.0 1.0 0.0 0.0 0.0 0.0 0.0 190.9183805 0 0 1.0 0.0 0.0 1.0 0.0 0.0 0.0 0.0 0.0 0.0 0.0 1.0 0.0 0.0 0.0 0.0 leishengchuan 7Сʱ_mousemovements
0 0 0 0 0 0 0 0 0 0 0 0 0 0 0 0 0 0 0 0 0 0 0 0 0 0 0 0 0 0 0 0 0 0 0 0 0 0 0 0 0 0 0 leishengchuan 7Сʱ_mousemovements
0 0 0 0 0 0 0 0 0 0 0 0 0 0 0 0 0 0 0 0 0 0 0 0 0 0 0 0 0 0 0 0 0 0 0 0 0 0 0 0 0 0 0 leishengchuan 7Сʱ_mousemovements
138.65005779999998 0 683.3773954999999 0 0 1052.539307 0 0 0 0 93.75 507.997894 858.756897 0 444.95037333333335 158.59423800000002 0.0 0.0 0.125 0.125 0.125 0.0 0.375 0.25 129.68934945833334 0 0.0 0.96 0.0 0.04 0.625 0.0 0.25 0.0 0.0 0.125 0.0 0.0 0.65 0.2 0.15 0.0 0.0 leishengchuan 7Сʱ_mousemovements
176.89085738461537 286.61123633333335 631.1049539999999 0 0 769.639038 0 931.90094 597.3161775 305.04658812499997 396.03062800000004 100.401684 572.3387243333333 379.716003 240.058853 90.3275415 0.09090909090909091 0.36363636363636365 0.09090909090909091 0.09090909090909091 0.13636363636363635 0.045454545454545456 0.09090909090909091 0.09090909090909091 95.95758041791045 0.0 136.60239442857144 0.8933333333333333 0.013333333333333334 0.09333333333333334 0.5909090909090909 0.13636363636363635 0.18181818181818182 0.0 0.0 0.045454545454545456 0.0 0.045454545454545456 0.5522388059701493 0.208955223880597 0.16417910447761194 0.029850746268656716 0.04477611940298507 leishengchuan 7Сʱ_mousemovements
279.70464616666663 1199.283325 1548.5768965 0 347.848572 0 0 0 1282.296265 969.5610193333333 0 347.848572 124.32304149999999 0 1199.283325 167.878132 0.1 0.3 0.0 0.1 0.2 0.0 0.1 0.2 315.6669627499999 9.174312 0 0.9523809523809523 0.047619047619047616 0.0 0.6 0.1 0.2 0.0 0.1 0.0 0.0 0.0 0.8 0.2 0.0 0.0 0.0 leishengchuan 7Сʱ_mousemovements
68.98941246153845 684.6743925 383.461365 217.493607 0 0 0 0 0 239.8811815 133.032295 88.672951 188.73852549999998 2.003348 213.0884482 53.990606 0.0 0.23529411764705882 0.11764705882352941 0.058823529411764705 0.11764705882352941 0.058823529411764705 0.29411764705882354 0.11764705882352941 57.255495360000005 1.4637836666666668 0 0.9433962264150944 0.05660377358490566 0.0 0.7647058823529411 0.11764705882352941 0.058823529411764705 0.058823529411764705 0.0 0.0 0.0 0.0 0.5348837209302325 0.11627906976744186 0.18604651162790697 0.09302325581395349 0.06976744186046512 leishengchuan 7Сʱ_mousemovements
90.70546936363635 215.73916250000002 670.3252104999999 604.9905699999999 0 0 0 0 87.09887166666665 32.0 397.4730415 180.443649 116.36715600000001 0 369.131008 252.07049199999997 0.15789473684210525 0.05263157894736842 0.21052631578947367 0.05263157894736842 0.15789473684210525 0.0 0.10526315789473684 0.2631578947368421 77.85419001923076 0 120.97683099999999 0.9454545454545454 0.0 0.05454545454545454 0.5789473684210527 0.21052631578947367 0.10526315789473684 0.10526315789473684 0.0 0.0 0.0 0.0 0.5098039215686274 0.27450980392156865 0.09803921568627451 0.0784313725490196 0.0392156862745098 leishengchuan 7Сʱ_mousemovements
204.8673833636364 283.0550144 363.14042166666667 429.102051 912.0510254999999 1107.291016 0 0 123.05996350000001 102.112096 293.71429466666666 489.833984 1107.291016 674.765076 378.27873 484.83673125 0.08695652173913043 0.21739130434782608 0.13043478260869565 0.043478260869565216 0.043478260869565216 0.043478260869565216 0.2608695652173913 0.17391304347826086 108.49844888571428 32.263358000000004 85.4102352 0.8974358974358975 0.038461538461538464 0.0641025641025641 0.4782608695652174 0.21739130434782608 0.13043478260869565 0.043478260869565216 0.08695652173913043 0.043478260869565216 0.0 0.0 0.4782608695652174 0.2318840579710145 0.18840579710144928 0.07246376811594203 0.028985507246376812 leishengchuan 7Сʱ_mousemovements
83.68726380000001 300.952057 347.880402 0 1110.5784606666666 0 0 0 120.43228675 174.7207195 175.173233 0 285.61727766666667 0 1391.118759 57.33576966666667 0.26666666666666666 0.13333333333333333 0.06666666666666667 0.0 0.2 0.0 0.13333333333333333 0.2 92.39717046666667 5.367674500000001 324.4162295 0.9183673469387755 0.04081632653061224 0.04081632653061224 0.6666666666666666 0.06666666666666667 0.06666666666666667 0.0 0.2 0.0 0.0 0.0 0.5681818181818182 0.29545454545454547 0.09090909090909091 0.022727272727272728 0.022727272727272728 leishengchuan 7Сʱ_mousemovements
0 0 0 0 0 0 0 0 0 0 0 0 0 0 0 0 0 0 0 0 0 0 0 0 0 0 0 0 0 0 0 0 0 0 0 0 0 0 0 0 0 0 0 leishengchuan 7Сʱ_mousemovements
0 0 0 0 0 0 0 0 0 0 0 0 0 0 0 0 0 0 0 0 0 0 0 0 0 0 0 0 0 0 0 0 0 0 0 0 0 0 0 0 0 0 0 leishengchuan 7Сʱ_mousemovements
0 0 0 0 0 0 0 0 0 0 0 0 0 0 0 0 0 0 0 0 0 0 0 0 0 0 0 0 0 0 0 0 0 0 0 0 0 0 0 0 0 0 0 leishengchuan 7Сʱ_mousemovements
0 0 0 0 0 0 0 0 0 0 0 0 0 0 0 0 0 0 0 0 0 0 0 0 0 0 0 0 0 0 0 0 0 0 0 0 0 0 0 0 0 0 0 leishengchuan 7Сʱ_mousemovements
0 0 0 983.240906 0 0 0 0 0 0 0 0 0 0 983.240906 0 0.0 0.0 0.0 0.0 0.0 0.0 1.0 0.0 491.620453 0 0 1.0 0.0 0.0 0.0 0.0 0.0 1.0 0.0 0.0 0.0 0.0 0.0 0.0 1.0 0.0 0.0 leishengchuan 7Сʱ_mousemovements
140.42102442857143 221.154597 0 637.217896 671.9592896666667 0 0 0 0 637.217896 156.313889 219.35910775 0 14.184397 430.30570983333337 32.519855 0.0 0.07142857142857142 0.07142857142857142 0.2857142857142857 0.0 0.07142857142857142 0.42857142857142855 0.07142857142857142 61.34120846808512 0 354.11748225 0.9215686274509803 0.0 0.0784313725490196 0.5 0.21428571428571427 0.0 0.07142857142857142 0.21428571428571427 0.0 0.0 0.0 0.40425531914893614 0.2978723404255319 0.1276595744680851 0.10638297872340426 0.06382978723404255 leishengchuan 7Сʱ_mousemovements
177.11564845454546 875.058228 299.410248 643.1730955 806.445374 0 0 0 79.722725 104.06253066666666 542.9391273333334 406.543518 314.44266 499.88372333333336 0 172.6409035 0.0625 0.1875 0.1875 0.0625 0.1875 0.1875 0.0 0.125 138.2218471388889 34.134876 85.6379625 0.9 0.05 0.05 0.6875 0.0625 0.0625 0.125 0.0625 0.0 0.0 0.0 0.5789473684210527 0.21052631578947367 0.05263157894736842 0.13157894736842105 0.02631578947368421 leishengchuan 7Сʱ_mousemovements
75.46262333333334 189.491531 0 0 0 0 0 0 93.963165 38.46154 0 0 0 0 0 189.491531 0.5 0.25 0.0 0.0 0.0 0.0 0.0 0.25 46.20882233333334 0 0 1.0 0.0 0.0 0.75 0.25 0.0 0.0 0.0 0.0 0.0 0.0 0.625 0.25 0.0 0.125 0.0 leishengchuan 7Сʱ_mousemovements
86.75392533333333 0 390.9371945 0 0 0 0 0 36.711975 97.02774725 344.0082855 0 0 0 0 112.4550455 0.09090909090909091 0.36363636363636365 0.18181818181818182 0.0 0.0 0.0 0.0 0.36363636363636365 67.94172682608696 0 0 1.0 0.0 0.0 0.8181818181818182 0.0 0.18181818181818182 0.0 0.0 0.0 0.0 0.0 0.45 0.4 0.15 0.0 0.0 leishengchuan 7Сʱ_mousemovements
141.495346 1257.421753 0 466.812927 0 5378.237305 0 0 466.812927 141.495346 0 5378.237305 1257.421753 0 0 0 0.25 0.25 0.0 0.25 0.25 0.0 0.0 0.0 905.4959163749999 0 0 1.0 0.0 0.0 0.25 0.25 0.0 0.25 0.0 0.25 0.0 0.0 0.6 0.0 0.2 0.2 0.0 leishengchuan 7Сʱ_mousemovements
