160.47432788405803 409.72104794999996 775.4443360833334 813.6807678 837.19018575 1081.16757175 1246.8981831666667 710.78656 447.5966319166667 506.31834191666667 372.30350226086955 502.49787948148156 217.5343979090909 276.749531625 594.1712645238097 328.8614098125 0.09230769230769231 0.09230769230769231 0.17692307692307693 0.2076923076923077 0.08461538461538462 0.06153846153846154 0.16153846153846155 0.12307692307692308 120.29565214950979 175.21662783333332 128.70513071111114 0.8888888888888888 0.013071895424836602 0.09803921568627451 0.5307692307692308 0.15384615384615385 0.09230769230769231 0.07692307692307693 0.06153846153846154 0.03076923076923077 0.046153846153846156 0.007692307692307693 0.5532407407407407 0.26851851851851855 0.10185185185185185 0.06481481481481481 0.011574074074074073 renqiuchen 4Сʱ_mousemovements
0 0 0 0 0 0 0 0 0 0 0 0 0 0 0 0 0 0 0 0 0 0 0 0 0 0 0 0 0 0 0 0 0 0 0 0 0 0 0 0 0 0 0 renqiuchen 4Сʱ_mousemovements
0 0 0 0 0 0 0 0 0 0 0 0 0 0 0 0 0 0 0 0 0 0 0 0 0 0 0 0 0 0 0 0 0 0 0 0 0 0 0 0 0 0 0 renqiuchen 4Сʱ_mousemovements
0 0 0 0 0 0 0 0 0 0 0 0 0 0 0 0 0 0 0 0 0 0 0 0 0 0 0 0 0 0 0 0 0 0 0 0 0 0 0 0 0 0 0 renqiuchen 4Сʱ_mousemovements
169.39902230555552 413.0607654166666 569.0984124444444 850.3599013333333 1337.1585911428572 1576.8025719999998 1390.5520108 1150.5761415000002 588.1555675555555 521.6381027058823 578.1085775 367.75469564285703 467.9693630999999 361.96556618181825 1112.747407111111 720.8799788333334 0.1125 0.2125 0.05 0.175 0.125 0.1375 0.1125 0.075 147.02616781889765 228.27226675 198.9323001875 0.8758620689655172 0.013793103448275862 0.1103448275862069 0.45 0.15 0.1125 0.075 0.0875 0.0375 0.0625 0.025 0.6167883211678832 0.22262773722627738 0.072992700729927 0.058394160583941604 0.029197080291970802 renqiuchen 4Сʱ_mousemovements
354.51187206818173 444.7620713 1125.4193725 968.0766114 1095.6111275714286 2092.9471435 1332.8144607499999 2098.662598 1024.0640091428572 517.0348765555556 459.5796142000001 635.5903569090908 353.9240991333334 765.660577142857 372.46282450000007 614.4429717500002 0.16666666666666666 0.10714285714285714 0.11904761904761904 0.13095238095238096 0.17857142857142858 0.08333333333333333 0.07142857142857142 0.14285714285714285 188.42824403999995 339.6624756666667 137.20148915 0.9157509157509157 0.01098901098901099 0.07326007326007326 0.5176470588235295 0.23529411764705882 0.023529411764705882 0.058823529411764705 0.08235294117647059 0.023529411764705882 0.047058823529411764 0.011764705882352941 0.5528455284552846 0.2804878048780488 0.08943089430894309 0.056910569105691054 0.02032520325203252 renqiuchen 4Сʱ_mousemovements
163.13688272058823 437.99351504000003 552.2771165294118 1077.8369726923079 1310.9936310000003 1594.2606430833332 1268.7798766666665 1572.9568024999999 708.5871125681819 341.68834597222224 695.75610535 351.15242165625 352.90549097916664 443.3001348571429 657.3342230588235 535.4194522432432 0.1660377358490566 0.13584905660377358 0.07547169811320754 0.12075471698113208 0.1811320754716981 0.052830188679245285 0.12830188679245283 0.13962264150943396 124.79893016234499 268.80008024999995 217.4135060206186 0.8941532258064516 0.008064516129032258 0.09778225806451613 0.5132075471698113 0.18867924528301888 0.06415094339622641 0.09811320754716982 0.03773584905660377 0.045283018867924525 0.022641509433962263 0.03018867924528302 0.5942796610169492 0.2489406779661017 0.08792372881355932 0.04025423728813559 0.028601694915254237 renqiuchen 4Сʱ_mousemovements
230.02894193749998 309.369184 425.02061966666673 1171.3350462000003 1136.2374676666666 1235.143311 1630.5297417142854 2488.7911985 1612.5944723333334 1003.3287819 263.402298 538.0996725714286 182.69173225 713.0936109999999 328.79117537499997 1237.7543031999999 0.05084745762711865 0.1694915254237288 0.0847457627118644 0.11864406779661017 0.2033898305084746 0.15254237288135594 0.13559322033898305 0.0847457627118644 167.0031411404495 292.00258133333335 376.747654 0.8944723618090452 0.01507537688442211 0.09045226130653267 0.5423728813559322 0.1016949152542373 0.05084745762711865 0.0847457627118644 0.05084745762711865 0.01694915254237288 0.11864406779661017 0.03389830508474576 0.7027027027027027 0.14594594594594595 0.08648648648648649 0.05405405405405406 0.010810810810810811 renqiuchen 4Сʱ_mousemovements
263.5356263333333 483.5641340588235 598.3524822857144 1023.7531052499999 1349.0847224545453 1091.406901 1158.1599732500001 848.94873 544.082700923077 587.5534428500001 779.0655759999999 492.5410784444445 340.61157880952385 670.6007888461537 390.7823595714286 998.1399688888887 0.11607142857142858 0.17857142857142858 0.09821428571428571 0.16071428571428573 0.1875 0.11607142857142858 0.0625 0.08035714285714286 128.41619084289275 395.9484718 288.17665213888887 0.9072398190045249 0.011312217194570135 0.08144796380090498 0.5089285714285714 0.15178571428571427 0.0625 0.07142857142857142 0.09821428571428571 0.026785714285714284 0.07142857142857142 0.008928571428571428 0.6124401913875598 0.24641148325358853 0.06220095693779904 0.050239234449760764 0.028708133971291867 renqiuchen 4Сʱ_mousemovements
198.61010779629632 419.56322722222217 793.8746795833334 831.1620953076924 1328.182838375 1178.8957169999999 828.1583253333333 1086.2112933333333 677.0921738823528 680.0958418125001 797.5909763125001 416.4585510000001 198.16724164705886 521.980072875 533.0622764615384 750.5311280000001 0.15178571428571427 0.14285714285714285 0.14285714285714285 0.15178571428571427 0.15178571428571427 0.07142857142857142 0.11607142857142858 0.07142857142857142 142.5850107617801 525.1898195 180.70177450000006 0.9095238095238095 0.009523809523809525 0.08095238095238096 0.48214285714285715 0.08035714285714286 0.10714285714285714 0.11607142857142858 0.07142857142857142 0.0625 0.026785714285714284 0.05357142857142857 0.6132315521628499 0.20865139949109415 0.11704834605597965 0.05343511450381679 0.007633587786259542 renqiuchen 4Сʱ_mousemovements
156.5334738888889 311.63139581250005 705.57348625 467.06819666666667 1152.444165 1101.1927591666665 1290.6193845 1373.818054 619.8490752 742.6007732499999 470.97691233333336 463.25501349999996 272.84748523529413 492.03632155555556 305.77504093749997 404.40894325 0.1282051282051282 0.15384615384615385 0.07692307692307693 0.05128205128205128 0.21794871794871795 0.11538461538461539 0.20512820512820512 0.05128205128205128 104.06946667753625 430.21736150000004 170.0513118823529 0.8846153846153846 0.00641025641025641 0.10897435897435898 0.46153846153846156 0.20512820512820512 0.10256410256410256 0.038461538461538464 0.0641025641025641 0.07692307692307693 0.02564102564102564 0.02564102564102564 0.5257731958762887 0.28865979381443296 0.10652920962199312 0.037800687285223365 0.041237113402061855 renqiuchen 4Сʱ_mousemovements
0 0 0 0 0 0 0 0 0 0 0 0 0 0 0 0 0 0 0 0 0 0 0 0 0 0 0 0 0 0 0 0 0 0 0 0 0 0 0 0 0 0 0 renqiuchen 4Сʱ_mousemovements
