219.21702266666668 223.0832825 364.68884249999996 420.016846 0 0 0 0 271.798065 148.7731766 498.233246 248.14163399999998 0 368.53765866666663 192.16027357142858 159.349899 0.047619047619047616 0.23809523809523808 0.09523809523809523 0.09523809523809523 0.0 0.14285714285714285 0.3333333333333333 0.047619047619047616 81.85489837288137 50.783981 238.275513 0.9672131147540983 0.01639344262295082 0.01639344262295082 0.5714285714285714 0.2857142857142857 0.09523809523809523 0.047619047619047616 0.0 0.0 0.0 0.0 0.5185185185185185 0.2222222222222222 0.09259259259259259 0.14814814814814814 0.018518518518518517 renqiuchen 9Сʱ_mousemovements
90.57589820000001 212.6986413333333 367.041046 663.1883545000001 0 0 0 0 143.187286 377.268253 0 320.78430433333335 162.5479505 176.145966 62.7099525 150.1068368 0.0625 0.125 0.0 0.1875 0.125 0.0625 0.125 0.3125 62.20955204 116.414436 3.460207666666667 0.9259259259259259 0.018518518518518517 0.05555555555555555 0.625 0.1875 0.0625 0.125 0.0 0.0 0.0 0.0 0.36538461538461536 0.38461538461538464 0.11538461538461539 0.11538461538461539 0.019230769230769232 renqiuchen 9Сʱ_mousemovements
0 0 0 0 0 0 0 0 0 0 0 0 0 0 0 0 0 0 0 0 0 0 0 0 0 0 0 0 0 0 0 0 0 0 0 0 0 0 0 0 0 0 0 renqiuchen 9Сʱ_mousemovements
433.97274460000006 394.50233449999996 0 3036.303955 0 0 0 0 562.219604 380.24489833333337 448.161957 0 403.87606800000003 3036.303955 0 0 0.125 0.375 0.125 0.0 0.25 0.125 0.0 0.0 374.6982716875 0 0 1.0 0.0 0.0 0.625 0.25 0.0 0.125 0.0 0.0 0.0 0.0 0.5 0.2857142857142857 0.21428571428571427 0.0 0.0 renqiuchen 9Сʱ_mousemovements
0 0 0 0 0 0 0 0 0 0 0 0 0 0 0 0 0 0 0 0 0 0 0 0 0 0 0 0 0 0 0 0 0 0 0 0 0 0 0 0 0 0 0 renqiuchen 9Сʱ_mousemovements
153.1517104 370.356323 623.6133575 249.051529 0 0 0 0 837.810364 0 323.7115705 0 224.7081755 370.356323 109.12898 0 0.1111111111111111 0.0 0.2222222222222222 0.0 0.2222222222222222 0.1111111111111111 0.3333333333333333 0.0 113.49245666666667 0 124.5257645 0.9130434782608695 0.0 0.08695652173913043 0.5555555555555556 0.1111111111111111 0.2222222222222222 0.1111111111111111 0.0 0.0 0.0 0.0 0.5 0.45 0.05 0.0 0.0 renqiuchen 9Сʱ_mousemovements
381.9733577272727 0 457.85856649999994 917.515015 0 0 0 0 0 1016.2125607500001 54.818847500000004 137.6556325 275.6183936666667 218.564728 321.155243 0 0.0 0.2857142857142857 0.14285714285714285 0.14285714285714285 0.21428571428571427 0.14285714285714285 0.07142857142857142 0.0 172.42683094285712 0 0 1.0 0.0 0.0 0.7857142857142857 0.0 0.14285714285714285 0.07142857142857142 0.0 0.0 0.0 0.0 0.5806451612903226 0.22580645161290322 0.12903225806451613 0.0 0.06451612903225806 renqiuchen 9Сʱ_mousemovements
123.39596715384616 415.20344175 595.460327 0 269.65097 0 0 0 562.975769 160.8714554 451.84191075 0 90.0588345 330.58609 158.2892245 135.657206 0.05 0.25 0.2 0.0 0.1 0.05 0.2 0.15 60.97037104918032 212.5634235 116.2426966 0.8970588235294118 0.029411764705882353 0.07352941176470588 0.65 0.2 0.1 0.0 0.05 0.0 0.0 0.0 0.5238095238095238 0.3333333333333333 0.047619047619047616 0.047619047619047616 0.047619047619047616 renqiuchen 9Сʱ_mousemovements
97.8263665 0 0 0 0 0 0 0 51.390282 0 144.262451 0 0 0 0 0 0.5 0.0 0.5 0.0 0.0 0.0 0.0 0.0 10.304460785714285 0 51.390282 0.9333333333333333 0.0 0.06666666666666667 1.0 0.0 0.0 0.0 0.0 0.0 0.0 0.0 0.8461538461538461 0.07692307692307693 0.07692307692307693 0.0 0.0 renqiuchen 9Сʱ_mousemovements
181.9794973 0 0 0 0 0 0 0 398.607269 179.00242379999997 265.354218 174.473572 0 0 0 43.1738975 0.1 0.5 0.1 0.1 0.0 0.0 0.0 0.2 48.89365224242424 0 51.57611225 0.8918918918918919 0.0 0.10810810810810811 1.0 0.0 0.0 0.0 0.0 0.0 0.0 0.0 0.5151515151515151 0.30303030303030304 0.030303030303030304 0.09090909090909091 0.06060606060606061 renqiuchen 9Сʱ_mousemovements
179.07369523076926 419.30383325 329.589539 0 0 0 0 0 107.028343 145.003309 439.28011325 0 0 292.713074 252.51397640000005 95.1573065 0.05555555555555555 0.2777777777777778 0.2222222222222222 0.0 0.0 0.05555555555555555 0.2777777777777778 0.1111111111111111 84.40140973913043 180.452393 90.615223 0.92 0.02 0.06 0.7222222222222222 0.2222222222222222 0.05555555555555555 0.0 0.0 0.0 0.0 0.0 0.5111111111111111 0.35555555555555557 0.044444444444444446 0.06666666666666667 0.022222222222222223 renqiuchen 9Сʱ_mousemovements
73.764221 594.580915 0 0 0 0 0 0 0 0 154.35202 73.764221 0 123.061623 1506.329102 0 0.0 0.0 0.25 0.25 0.0 0.25 0.25 0.0 112.86380878571427 0 138.7068215 0.875 0.0 0.125 0.25 0.75 0.0 0.0 0.0 0.0 0.0 0.0 0.5 0.3333333333333333 0.0 0.08333333333333333 0.08333333333333333 renqiuchen 9Сʱ_mousemovements
17.549248 0 0 0 0 1515.180298 0 0 1515.180298 0 0 17.549248 0 0 0 0 0.5 0.0 0.0 0.5 0.0 0.0 0.0 0.0 216.4543282857143 0 17.549248 0.875 0.0 0.125 0.5 0.0 0.0 0.0 0.0 0.5 0.0 0.0 0.5 0.25 0.25 0.0 0.0 renqiuchen 9Сʱ_mousemovements
155.800088 1160.0854185 0 0 770.266174 1719.932251 0 0 42.018997999999996 250.895126 1740.534912 484.934875 0 110.40229049999999 433.5010495 47.619049 0.13333333333333333 0.06666666666666667 0.13333333333333333 0.06666666666666667 0.0 0.26666666666666666 0.26666666666666666 0.06666666666666667 151.24991676744185 0 10.2119045 0.9555555555555556 0.0 0.044444444444444446 0.7333333333333333 0.13333333333333333 0.0 0.0 0.06666666666666667 0.06666666666666667 0.0 0.0 0.6 0.3142857142857143 0.05714285714285714 0.02857142857142857 0.0 renqiuchen 9Сʱ_mousemovements
244.48382485714288 279.244324 0 0 0 0 0 0 0 0 82.44386 0 125.0 286.95809933333334 419.93454 0 0.0 0.0 0.25 0.0 0.125 0.375 0.25 0.0 94.23686871428572 0 11.656855 0.9545454545454546 0.0 0.045454545454545456 0.875 0.125 0.0 0.0 0.0 0.0 0.0 0.0 0.6842105263157895 0.15789473684210525 0.05263157894736842 0.05263157894736842 0.05263157894736842 renqiuchen 9Сʱ_mousemovements
240.5441945555556 465.560516 216.276733 0 0 1467.11377 651.294312 0 390.752136 327.141415 192.759323 154.669861 361.81133074999997 0 465.560516 733.556885 0.07692307692307693 0.15384615384615385 0.15384615384615385 0.07692307692307693 0.3076923076923077 0.0 0.07692307692307693 0.15384615384615385 141.2955874827586 216.276733 651.294312 0.9354838709677419 0.03225806451612903 0.03225806451612903 0.6923076923076923 0.07692307692307693 0.07692307692307693 0.0 0.0 0.07692307692307693 0.07692307692307693 0.0 0.6296296296296297 0.25925925925925924 0.1111111111111111 0.0 0.0 renqiuchen 9Сʱ_mousemovements
140.53005474999998 0 788.4578015 0 0 0 0 0 12.694079 215.955276 0 229.78508399999998 0 0 1360.960327 89.855972 0.16666666666666666 0.16666666666666666 0.0 0.3333333333333333 0.0 0.0 0.16666666666666666 0.16666666666666666 132.8963589375 0 12.694079 0.9411764705882353 0.0 0.058823529411764705 0.6666666666666666 0.0 0.3333333333333333 0.0 0.0 0.0 0.0 0.0 0.25 0.5 0.125 0.0 0.125 renqiuchen 9Сʱ_mousemovements
241.58763133333332 0 635.844666 0 0 0 0 0 0 97.656853 115.511314 511.594727 0 0 0 635.844666 0.0 0.25 0.25 0.25 0.0 0.0 0.0 0.25 136.060756 0 0 1.0 0.0 0.0 0.75 0.0 0.25 0.0 0.0 0.0 0.0 0.0 0.6666666666666666 0.2222222222222222 0.0 0.1111111111111111 0.0 renqiuchen 9Сʱ_mousemovements
145.42434207692304 354.55995479999996 0 515.574712 0 0 0 0 189.670303 135.580967 435.4115062857143 111.76423266666666 77.60526528571428 154.46167 305.90257649999995 147.59760275 0.029411764705882353 0.058823529411764705 0.20588235294117646 0.08823529411764706 0.20588235294117646 0.058823529411764705 0.11764705882352941 0.23529411764705882 74.88328422340426 0 10.254681166666666 0.94 0.0 0.06 0.7647058823529411 0.14705882352941177 0.0 0.08823529411764706 0.0 0.0 0.0 0.0 0.4945054945054945 0.3516483516483517 0.054945054945054944 0.054945054945054944 0.04395604395604396 renqiuchen 9Сʱ_mousemovements
204.37462677777776 412.75438933333334 271.256554 0 246.894104 540.922974 0 487.995361 0 334.65586079999997 258.1524688 93.9416585 173.2703245 133.9134565 274.7529113333333 486.9906765 0.0 0.19230769230769232 0.19230769230769232 0.07692307692307693 0.15384615384615385 0.07692307692307693 0.23076923076923078 0.07692307692307693 90.9880836056338 0 68.79451525 0.9466666666666667 0.0 0.05333333333333334 0.6923076923076923 0.11538461538461539 0.07692307692307693 0.0 0.038461538461538464 0.038461538461538464 0.0 0.038461538461538464 0.5238095238095238 0.2857142857142857 0.06349206349206349 0.07936507936507936 0.047619047619047616 renqiuchen 9Сʱ_mousemovements
190.54508157894736 189.2608216 433.661911 589.829834 490.285522 0 0 0 254.030106 158.18964375 310.602024125 232.98572950000002 0 330.537099 214.636009 267.6128026666667 0.03225806451612903 0.12903225806451613 0.25806451612903225 0.12903225806451613 0.0 0.0967741935483871 0.25806451612903225 0.0967741935483871 95.0398187012987 0 248.50976450000002 0.9746835443037974 0.0 0.02531645569620253 0.6129032258064516 0.16129032258064516 0.16129032258064516 0.03225806451612903 0.03225806451612903 0.0 0.0 0.0 0.44 0.32 0.10666666666666667 0.06666666666666667 0.06666666666666667 renqiuchen 9Сʱ_mousemovements
179.17442380000003 0 0 0 0 0 0 0 370.978271 256.993378 0 0 149.788086 0 59.056191999999996 0 0.2 0.2 0.0 0.0 0.2 0.0 0.4 0.0 89.58721190000001 0 0 1.0 0.0 0.0 1.0 0.0 0.0 0.0 0.0 0.0 0.0 0.0 0.5555555555555556 0.2222222222222222 0.1111111111111111 0.0 0.1111111111111111 renqiuchen 9Сʱ_mousemovements
236.8055748 0 0 0 0 0 0 0 0 63.492062 404.259781 0 157.889572 0 154.126678 0 0.0 0.2 0.4 0.0 0.2 0.0 0.2 0.0 69.64869847058823 0 0.0 0.9444444444444444 0.0 0.05555555555555555 1.0 0.0 0.0 0.0 0.0 0.0 0.0 0.0 0.5 0.35714285714285715 0.07142857142857142 0.0 0.07142857142857142 renqiuchen 9Сʱ_mousemovements
77.43948786666667 580.630847 469.173879 672.998047 2540.052979 0 1176.415039 0 47.480918 265.69092424999997 352.19022233333334 559.7860154 179.025818 193.02782666666667 486.7548113333333 526.0268492 0.07692307692307693 0.15384615384615385 0.11538461538461539 0.19230769230769232 0.038461538461538464 0.11538461538461539 0.11538461538461539 0.19230769230769232 146.49721801492538 0 11.605162 0.9436619718309859 0.0 0.056338028169014086 0.5769230769230769 0.19230769230769232 0.11538461538461539 0.038461538461538464 0.038461538461538464 0.0 0.038461538461538464 0.0 0.417910447761194 0.2835820895522388 0.1791044776119403 0.08955223880597014 0.029850746268656716 renqiuchen 9Сʱ_mousemovements
91.71345431250002 1541.2192383333334 989.154724 768.849976 0 0 0 0 112.080124 1066.4608565 277.547951 227.7744315 0 336.96136275 83.28977375 956.3186665 0.08695652173913043 0.17391304347826086 0.13043478260869565 0.17391304347826086 0.0 0.17391304347826086 0.17391304347826086 0.08695652173913043 159.68309993333335 54.650343 27.42009 0.8955223880597015 0.029850746268656716 0.07462686567164178 0.6956521739130435 0.13043478260869565 0.13043478260869565 0.043478260869565216 0.0 0.0 0.0 0.0 0.6271186440677966 0.288135593220339 0.0847457627118644 0.0 0.0 renqiuchen 9Сʱ_mousemovements
0 0 0 0 0 0 0 0 0 0 0 0 0 0 0 0 0 0 0 0 0 0 0 0 0 0 0 0 0 0 0 0 0 0 0 0 0 0 0 0 0 0 0 renqiuchen 9Сʱ_mousemovements
324.58056825 764.323364 1085.579041 1865.943558 959.639893 1266.701538 0 2298.178406 3200.534058 658.70251275 498.313141 669.0632526666667 1266.701538 458.0103806 590.298645 1162.601563 0.1111111111111111 0.2222222222222222 0.05555555555555555 0.16666666666666666 0.05555555555555555 0.2777777777777778 0.05555555555555555 0.05555555555555555 349.3445636170212 0 143.94674166666667 0.94 0.0 0.06 0.4444444444444444 0.1111111111111111 0.1111111111111111 0.1111111111111111 0.05555555555555555 0.05555555555555555 0.0 0.1111111111111111 0.62 0.24 0.08 0.04 0.02 renqiuchen 9Сʱ_mousemovements
87.8622974 0 181.49884 696.593735 1260.8398132 1698.2133485000002 649.825928 0 263.8278235 185.500275 1165.8775913333334 0 729.273865 1104.4959565 415.184447 1184.8857420000002 0.125 0.0625 0.1875 0.0 0.0625 0.125 0.25 0.1875 227.50866231111107 0 425.31193679999996 0.9 0.0 0.1 0.3125 0.0 0.0625 0.125 0.3125 0.125 0.0625 0.0 0.5555555555555556 0.24444444444444444 0.1111111111111111 0.06666666666666667 0.022222222222222223 renqiuchen 9Сʱ_mousemovements
251.58065 364.0047 0 0 0 0 0 0 0 0 326.815643 364.0047 0 0 176.345657 0 0.0 0.0 0.3333333333333333 0.3333333333333333 0.0 0.0 0.3333333333333333 0.0 144.52766666666668 0 0 1.0 0.0 0.0 0.6666666666666666 0.3333333333333333 0.0 0.0 0.0 0.0 0.0 0.0 0.3333333333333333 0.6666666666666666 0.0 0.0 0.0 renqiuchen 9Сʱ_mousemovements
88.67451466666667 318.22970599999996 0 1395.1549685 0 407.643311 2890.517334 1682.381348 0 831.1217655 888.2031482499999 173.890854 77.685027 0 675.2142426 111.102875 0.0 0.125 0.25 0.125 0.125 0.0 0.3125 0.0625 223.74018958536584 0 16.017100499999998 0.9534883720930233 0.0 0.046511627906976744 0.5625 0.125 0.0 0.125 0.0 0.0625 0.0625 0.0625 0.5 0.3157894736842105 0.13157894736842105 0.02631578947368421 0.02631578947368421 renqiuchen 9Сʱ_mousemovements
292.0013854 507.8715595 693.0239335000001 0 767.540863 0 0 0 302.610283 456.1275405 139.754242 0 480.02018 1007.784973 53.736282 710.303162 0.18181818181818182 0.18181818181818182 0.09090909090909091 0.0 0.18181818181818182 0.18181818181818182 0.09090909090909091 0.09090909090909091 190.37887800000001 0 128.3249665 0.9310344827586207 0.0 0.06896551724137931 0.45454545454545453 0.18181818181818182 0.18181818181818182 0.0 0.18181818181818182 0.0 0.0 0.0 0.56 0.24 0.12 0.08 0.0 renqiuchen 9Сʱ_mousemovements
159.74954908333333 145.632614 0 0 411.469055 0 0 0 0 24.549796999999998 41.7904645 154.7580724 41.2513845 145.632614 411.469055 928.020935 0.0 0.14285714285714285 0.14285714285714285 0.35714285714285715 0.14285714285714285 0.07142857142857142 0.07142857142857142 0.07142857142857142 64.67954566666668 0 145.632614 0.972972972972973 0.0 0.02702702702702703 0.8571428571428571 0.07142857142857142 0.0 0.0 0.07142857142857142 0.0 0.0 0.0 0.6666666666666666 0.18181818181818182 0.09090909090909091 0.06060606060606061 0.0 renqiuchen 9Сʱ_mousemovements
178.14243006666666 286.42857349999997 0 580.60321 230.073212 489.5985415 0 0 188.56492133333336 159.820998 160.382782 272.323158 232.12911485714287 79.988014 456.4391975 333.455017 0.14285714285714285 0.14285714285714285 0.047619047619047616 0.09523809523809523 0.3333333333333333 0.047619047619047616 0.09523809523809523 0.09523809523809523 75.34125777419355 0 72.7418242 0.9253731343283582 0.0 0.07462686567164178 0.7142857142857143 0.09523809523809523 0.0 0.047619047619047616 0.047619047619047616 0.09523809523809523 0.0 0.0 0.5483870967741935 0.2903225806451613 0.06451612903225806 0.06451612903225806 0.03225806451612903 renqiuchen 9Сʱ_mousemovements
198.49515218749997 491.5377686 827.97621175 0 697.211182 0 886.669495 0 365.191582 637.898178 563.1209996666668 348.16262625 115.37818150000001 336.24376325000003 412.0976525 258.77438425 0.14814814814814814 0.14814814814814814 0.1111111111111111 0.14814814814814814 0.07407407407407407 0.14814814814814814 0.07407407407407407 0.14814814814814814 157.58040021212122 0 32.272597 0.9428571428571428 0.0 0.05714285714285714 0.5925925925925926 0.18518518518518517 0.14814814814814814 0.0 0.037037037037037035 0.0 0.037037037037037035 0.0 0.5714285714285714 0.19047619047619047 0.06349206349206349 0.15873015873015872 0.015873015873015872 renqiuchen 9Сʱ_mousemovements
47.90600025 548.635132 0 0 0 0 0 0 0 0 27.8736755 22.507677 0 548.635132 113.368973 0 0.0 0.0 0.4 0.2 0.0 0.2 0.2 0.0 33.16423483333333 0 47.76763533333334 0.8571428571428571 0.0 0.14285714285714285 0.8 0.2 0.0 0.0 0.0 0.0 0.0 0.0 0.5333333333333333 0.3333333333333333 0.0 0.13333333333333333 0.0 renqiuchen 9Сʱ_mousemovements
155.8497945 0 0 0 0 0 0 0 0 51.530552 0 260.169037 0 0 0 0 0.0 0.5 0.0 0.5 0.0 0.0 0.0 0.0 37.16700528571429 0 51.530552 0.875 0.0 0.125 1.0 0.0 0.0 0.0 0.0 0.0 0.0 0.0 0.5714285714285714 0.2857142857142857 0.0 0.14285714285714285 0.0 renqiuchen 9Сʱ_mousemovements
156.86817606666668 499.519249 0 0 0 0 0 0 54.564975 109.385685 652.3628235 94.280907 0 276.3845025 359.96814120000005 54.150700666666665 0.21052631578947367 0.10526315789473684 0.10526315789473684 0.05263157894736842 0.0 0.10526315789473684 0.2631578947368421 0.15789473684210525 86.05316808333332 0 73.51585633333333 0.9411764705882353 0.0 0.058823529411764705 0.7894736842105263 0.21052631578947367 0.0 0.0 0.0 0.0 0.0 0.0 0.5869565217391305 0.30434782608695654 0.06521739130434782 0.0 0.043478260869565216 renqiuchen 9Сʱ_mousemovements
285.2748781428571 834.955078 319.20047 0 0 1414.146851 0 0 112.058716 0 392.25328566666667 0 1414.146851 190.921783 417.83483475 0 0.1 0.0 0.3 0.0 0.1 0.1 0.4 0.0 118.76794161764705 0 105.4233062 0.8717948717948718 0.0 0.1282051282051282 0.7 0.1 0.1 0.0 0.0 0.1 0.0 0.0 0.6111111111111112 0.3055555555555556 0.05555555555555555 0.027777777777777776 0.0 renqiuchen 9Сʱ_mousemovements
125.3817845 309.8012818 370.859604 836.684692 1418.195801 2504.085205 0 764.7954255 138.80691800000002 0 188.859802 356.9438173333333 1418.195801 0 453.5742593333334 925.1557433999999 0.1875 0.0 0.0625 0.1875 0.0625 0.0 0.1875 0.3125 125.91591098333335 297.6378175 232.64475249999998 0.9090909090909091 0.030303030303030304 0.06060606060606061 0.25 0.3125 0.125 0.0625 0.0625 0.0625 0.0 0.125 0.4915254237288136 0.3728813559322034 0.11864406779661017 0.01694915254237288 0.0 renqiuchen 9Сʱ_mousemovements
233.43549366666664 1062.59903725 0 436.563904 0 0 0 0 44.182255 1041.5852355000002 293.4953795 0.0 196.550705 241.97849250000002 291.9363257142857 291.8407745 0.043478260869565216 0.17391304347826086 0.17391304347826086 0.043478260869565216 0.08695652173913043 0.08695652173913043 0.30434782608695654 0.08695652173913043 150.60862843103453 36.438745000000004 44.182255 0.9354838709677419 0.04838709677419355 0.016129032258064516 0.782608695652174 0.17391304347826086 0.0 0.043478260869565216 0.0 0.0 0.0 0.0 0.603448275862069 0.2413793103448276 0.08620689655172414 0.034482758620689655 0.034482758620689655 renqiuchen 9Сʱ_mousemovements
254.28831100000002 611.558411 0 0 0 0 0 0 0 101.782951 0 0 0 509.176041 0 0 0.0 0.3333333333333333 0.0 0.0 0.0 0.6666666666666666 0.0 0.0 113.15023133333334 0 101.782951 0.9 0.0 0.1 0.6666666666666666 0.3333333333333333 0.0 0.0 0.0 0.0 0.0 0.0 0.5 0.375 0.125 0.0 0.0 renqiuchen 9Сʱ_mousemovements
0 0 0 0 0 0 0 0 0 0 0 0 0 0 0 0 0 0 0 0 0 0 0 0 0 0 0 0 0 0 0 0 0 0 0 0 0 0 0 0 0 0 0 renqiuchen 9Сʱ_mousemovements
216.29121963636365 424.14814750000005 0 0 0 0 0 0 451.1885985 133.43755916666666 309.64563 202.254242 0 699.829773 3.121884 0 0.15384615384615385 0.46153846153846156 0.15384615384615385 0.07692307692307693 0.0 0.07692307692307693 0.07692307692307693 0.0 64.99998577272729 0 61.25005616666667 0.88 0.0 0.12 0.8461538461538461 0.15384615384615385 0.0 0.0 0.0 0.0 0.0 0.0 0.6304347826086957 0.2391304347826087 0.08695652173913043 0.021739130434782608 0.021739130434782608 renqiuchen 9Сʱ_mousemovements
139.43067735714288 503.2735992 0 0 0 0 0 0 27.937258 244.0340825 344.27912125 155.606903 0 351.14386 290.7172928 42.29005966666667 0.05263157894736842 0.21052631578947367 0.21052631578947367 0.05263157894736842 0.0 0.05263157894736842 0.2631578947368421 0.15789473684210525 82.50751086538463 0 59.335637999999996 0.9454545454545454 0.0 0.05454545454545454 0.7368421052631579 0.2631578947368421 0.0 0.0 0.0 0.0 0.0 0.0 0.4791666666666667 0.375 0.08333333333333333 0.020833333333333332 0.041666666666666664 renqiuchen 9Сʱ_mousemovements
139.2191973333333 257.043396 0 0 0 0 0 0 0 204.47164899999999 135.093414 130.664276 0 0 0 0 0.0 0.5 0.25 0.25 0.0 0.0 0.0 0.0 84.33762349999998 0 0 1.0 0.0 0.0 0.75 0.25 0.0 0.0 0.0 0.0 0.0 0.0 0.2857142857142857 0.42857142857142855 0.2857142857142857 0.0 0.0 renqiuchen 9Сʱ_mousemovements
585.7634519999999 459.9753316666666 721.7406206666666 605.690613 0 0 0 0 1526.489502 452.2669065 241.782501 92.001526 1157.585938 0 526.2104083333332 0 0.08333333333333333 0.16666666666666666 0.08333333333333333 0.08333333333333333 0.08333333333333333 0.0 0.5 0.0 174.19865136842105 92.001526 184.052726 0.926829268292683 0.024390243902439025 0.04878048780487805 0.4166666666666667 0.25 0.25 0.08333333333333333 0.0 0.0 0.0 0.0 0.40625 0.375 0.125 0.09375 0.0 renqiuchen 9Сʱ_mousemovements
206.94535911111112 716.5447593333333 771.1702876666667 673.974243 0 0 0 0 1195.287842 506.75335700000005 343.6892625 0 561.691833 234.1095353333333 453.9253576666667 115.88195 0.0625 0.125 0.125 0.0 0.0625 0.1875 0.375 0.0625 150.74837508888888 0 107.9753685 0.9574468085106383 0.0 0.0425531914893617 0.5625 0.1875 0.1875 0.0625 0.0 0.0 0.0 0.0 0.5238095238095238 0.2857142857142857 0.16666666666666666 0.0 0.023809523809523808 renqiuchen 9Сʱ_mousemovements
205.06752 0 0 0 0 0 0 0 205.06752 0 0 0 0 0 0 0 1.0 0.0 0.0 0.0 0.0 0.0 0.0 0.0 102.53376 0 0 1.0 0.0 0.0 1.0 0.0 0.0 0.0 0.0 0.0 0.0 0.0 1.0 0.0 0.0 0.0 0.0 renqiuchen 9Сʱ_mousemovements
213.7848652222222 313.0646608 0 0 1401.223633 520.0007526666667 2471.7097475 0 116.246147 172.27458825 440.22074499999997 757.906189 291.7850366666667 300.01944 32.0 1372.5048516000002 0.05 0.2 0.2 0.05 0.15 0.05 0.05 0.25 230.46527417021272 95.83428266666665 274.661743 0.9215686274509803 0.058823529411764705 0.0196078431372549 0.45 0.25 0.0 0.0 0.05 0.15 0.1 0.0 0.5333333333333333 0.28888888888888886 0.1111111111111111 0.044444444444444446 0.022222222222222223 renqiuchen 9Сʱ_mousemovements
229.92502399999998 155.647644 0 423.955139 0 0 0 0 62.331646 0 397.518402 0 0 289.8013915 0 0 0.25 0.0 0.25 0.0 0.0 0.5 0.0 0.0 74.67941281818182 62.331646 155.647644 0.8461538461538461 0.07692307692307693 0.07692307692307693 0.5 0.25 0.0 0.25 0.0 0.0 0.0 0.0 0.45454545454545453 0.09090909090909091 0.18181818181818182 0.2727272727272727 0.0 renqiuchen 9Сʱ_mousemovements
69.6578965 0 0 0 0 0 0 0 0 0 0 0 0 0 0 69.6578965 0.0 0.0 0.0 0.0 0.0 0.0 0.0 1.0 21.53579716666667 0 10.10101 0.8571428571428571 0.0 0.14285714285714285 1.0 0.0 0.0 0.0 0.0 0.0 0.0 0.0 0.5 0.5 0.0 0.0 0.0 renqiuchen 9Сʱ_mousemovements
211.611633 222.52552049999997 0 0 0 0 0 0 116.63829875 280.75125099999997 242.14117050000002 191.47173566666666 116.428421 0 361.9205376666667 144.714218 0.2222222222222222 0.16666666666666666 0.1111111111111111 0.16666666666666666 0.1111111111111111 0.0 0.16666666666666666 0.05555555555555555 86.96376297727274 0 4.431598 0.9777777777777777 0.0 0.022222222222222223 0.8888888888888888 0.1111111111111111 0.0 0.0 0.0 0.0 0.0 0.0 0.6153846153846154 0.23076923076923078 0.07692307692307693 0.07692307692307693 0.0 renqiuchen 9Сʱ_mousemovements
163.44376954545453 345.27959200000004 493.769897 0 0 0 0 0 26.380489 83.93342999999999 434.133443 106.3359875 0 442.641815 287.4211731666667 201.4534885 0.05555555555555555 0.16666666666666666 0.16666666666666666 0.1111111111111111 0.0 0.05555555555555555 0.3333333333333333 0.1111111111111111 78.50253580392156 221.51088 27.6377416 0.8947368421052632 0.017543859649122806 0.08771929824561403 0.6111111111111112 0.3333333333333333 0.05555555555555555 0.0 0.0 0.0 0.0 0.0 0.5961538461538461 0.19230769230769232 0.15384615384615385 0.019230769230769232 0.038461538461538464 renqiuchen 9Сʱ_mousemovements
198.73429436363634 728.7160643333333 0 0 0 0 0 0 0 140.63684600000002 148.329773 137.97911399999998 292.44772333333333 0 297.32547 1037.700012 0.0 0.21428571428571427 0.07142857142857142 0.2857142857142857 0.21428571428571427 0.0 0.07142857142857142 0.14285714285714285 102.6652201081081 108.92967 118.58431566666667 0.8809523809523809 0.047619047619047616 0.07142857142857142 0.7857142857142857 0.21428571428571427 0.0 0.0 0.0 0.0 0.0 0.0 0.7435897435897436 0.10256410256410256 0.10256410256410256 0.02564102564102564 0.02564102564102564 renqiuchen 9Сʱ_mousemovements
0 542.54834 0 0 0 0 1627.8267515 0 2675.937744 0 542.54834 579.715759 0 0 0 0 0.3333333333333333 0.0 0.3333333333333333 0.3333333333333333 0.0 0.0 0.0 0.0 402.3107605 0 579.715759 0.8888888888888888 0.0 0.1111111111111111 0.0 0.3333333333333333 0.0 0.0 0.0 0.0 0.6666666666666666 0.0 0.7142857142857143 0.2857142857142857 0.0 0.0 0.0 renqiuchen 9Сʱ_mousemovements
250.55488066666666 986.422546 2106.717285 0 0 0 0 0 252.089249 0 0 0 0 1147.352732 150.657028 0 0.2 0.0 0.0 0.0 0.0 0.6 0.2 0.0 384.48044730000004 0 0 1.0 0.0 0.0 0.6 0.2 0.2 0.0 0.0 0.0 0.0 0.0 0.875 0.125 0.0 0.0 0.0 renqiuchen 9Сʱ_mousemovements
54.291090800000006 63.358921 570.6436616666666 495.694763 0 0 0 0 62.076611 99.74181 495.694763 53.208736 100.72117250000001 0 60.723720500000006 678.8261375 0.06666666666666667 0.13333333333333333 0.06666666666666667 0.06666666666666667 0.26666666666666666 0.0 0.26666666666666666 0.13333333333333333 56.063922025 63.358921 253.9898875 0.9302325581395349 0.023255813953488372 0.046511627906976744 0.6666666666666666 0.06666666666666667 0.2 0.06666666666666667 0.0 0.0 0.0 0.0 0.5897435897435898 0.23076923076923078 0.10256410256410256 0.05128205128205128 0.02564102564102564 renqiuchen 9Сʱ_mousemovements
0 0 0 0 0 0 0 0 0 0 0 0 0 0 0 0 0 0 0 0 0 0 0 0 0 0 0 0 0 0 0 0 0 0 0 0 0 0 0 0 0 0 0 renqiuchen 9Сʱ_mousemovements
0 0 0 0 0 0 0 0 0 0 0 0 0 0 0 0 0 0 0 0 0 0 0 0 0 0 0 0 0 0 0 0 0 0 0 0 0 0 0 0 0 0 0 renqiuchen 9Сʱ_mousemovements
405.5394655 279.656929 0 0 0 0 0 0 134.2308625 616.3846970000001 0 357.000641 0 162.962082 307.290405 412.301331 0.25 0.25 0.0 0.125 0.0 0.125 0.125 0.125 127.69667360000001 23.890024 162.962082 0.9090909090909091 0.045454545454545456 0.045454545454545456 0.5 0.5 0.0 0.0 0.0 0.0 0.0 0.0 0.42105263157894735 0.47368421052631576 0.05263157894736842 0.05263157894736842 0.0 renqiuchen 9Сʱ_mousemovements
161.41477537500003 349.9994275 497.83639500000004 0 0 0 0 0 50.589569 120.480202 175.46175700000003 425.86125666666675 0 0 485.565765 0 0.08333333333333333 0.08333333333333333 0.5 0.25 0.0 0.0 0.08333333333333333 0.0 61.73372762790697 135.156021 49.320884750000005 0.8958333333333334 0.020833333333333332 0.08333333333333333 0.6666666666666666 0.16666666666666666 0.16666666666666666 0.0 0.0 0.0 0.0 0.0 0.5681818181818182 0.22727272727272727 0.13636363636363635 0.045454545454545456 0.022727272727272728 renqiuchen 9Сʱ_mousemovements
0 0 0 0 0 0 0 0 0 0 0 0 0 0 0 0 0 0 0 0 0 0 0 0 0 0 0 0 0 0 0 0 0 0 0 0 0 0 0 0 0 0 0 renqiuchen 9Сʱ_mousemovements
227.55238263636363 492.12799075 903.634094 0 594.583496 0 0 0 283.105713 330.0482764 903.634094 583.5952454999999 50.546474 372.377907 198.131788 361.76087199999995 0.058823529411764705 0.29411764705882354 0.058823529411764705 0.11764705882352941 0.11764705882352941 0.11764705882352941 0.11764705882352941 0.11764705882352941 134.5019185348837 38.311733 49.303844000000005 0.9148936170212766 0.02127659574468085 0.06382978723404255 0.6470588235294118 0.23529411764705882 0.058823529411764705 0.0 0.058823529411764705 0.0 0.0 0.0 0.4878048780487805 0.3170731707317073 0.14634146341463414 0.024390243902439025 0.024390243902439025 renqiuchen 9Сʱ_mousemovements
0 0 0 0 0 0 0 0 0 0 0 0 0 0 0 0 0 0 0 0 0 0 0 0 0 0 0 0 0 0 0 0 0 0 0 0 0 0 0 0 0 0 0 renqiuchen 9Сʱ_mousemovements
0 0 0 0 0 0 0 0 0 0 0 0 0 0 0 0 0 0 0 0 0 0 0 0 0 0 0 0 0 0 0 0 0 0 0 0 0 0 0 0 0 0 0 renqiuchen 9Сʱ_mousemovements
0 0 0 0 0 0 0 0 0 0 0 0 0 0 0 0 0 0 0 0 0 0 0 0 0 0 0 0 0 0 0 0 0 0 0 0 0 0 0 0 0 0 0 renqiuchen 9Сʱ_mousemovements
212.7853651428572 783.8358765 0 867.573608 0 0 0 0 1200.304321 629.429871 1080.699951 26.292648 241.340984 235.80204050000003 244.60940733333334 867.573608 0.08333333333333333 0.08333333333333333 0.08333333333333333 0.08333333333333333 0.16666666666666666 0.16666666666666666 0.25 0.08333333333333333 165.64006127272728 0 13.146324 0.9428571428571428 0.0 0.05714285714285714 0.5833333333333334 0.3333333333333333 0.0 0.08333333333333333 0.0 0.0 0.0 0.0 0.5625 0.25 0.09375 0.09375 0.0 renqiuchen 9Сʱ_mousemovements
0 0 0 0 0 0 0 0 0 0 0 0 0 0 0 0 0 0 0 0 0 0 0 0 0 0 0 0 0 0 0 0 0 0 0 0 0 0 0 0 0 0 0 renqiuchen 9Сʱ_mousemovements
225.176044875 1318.2948605000001 0 0 0 0 0 2214.229492 330.2809398 409.92654300000004 365.779388 2214.229492 0 0 1388.194946 212.765961 0.45454545454545453 0.18181818181818182 0.09090909090909091 0.09090909090909091 0.0 0.0 0.09090909090909091 0.09090909090909091 265.6708022 0 10.457517 0.9615384615384616 0.0 0.038461538461538464 0.7272727272727273 0.18181818181818182 0.0 0.0 0.0 0.0 0.0 0.09090909090909091 0.6086956521739131 0.21739130434782608 0.13043478260869565 0.043478260869565216 0.0 renqiuchen 9Сʱ_mousemovements
0 0 0 0 0 0 0 0 0 0 0 0 0 0 0 0 0 0 0 0 0 0 0 0 0 0 0 0 0 0 0 0 0 0 0 0 0 0 0 0 0 0 0 renqiuchen 9Сʱ_mousemovements
0 0 0 0 0 0 0 0 0 0 0 0 0 0 0 0 0 0 0 0 0 0 0 0 0 0 0 0 0 0 0 0 0 0 0 0 0 0 0 0 0 0 0 renqiuchen 9Сʱ_mousemovements
0 0 0 0 0 0 0 0 0 0 0 0 0 0 0 0 0 0 0 0 0 0 0 0 0 0 0 0 0 0 0 0 0 0 0 0 0 0 0 0 0 0 0 renqiuchen 9Сʱ_mousemovements
0 0 0 0 0 0 0 0 0 0 0 0 0 0 0 0 0 0 0 0 0 0 0 0 0 0 0 0 0 0 0 0 0 0 0 0 0 0 0 0 0 0 0 renqiuchen 9Сʱ_mousemovements
344.036423 280.995361 0 0 776.14325 0 0 0 280.995361 344.036423 0 0 0 776.14325 0 0 0.25 0.5 0.0 0.0 0.0 0.25 0.0 0.0 249.31592242857144 0 0 1.0 0.0 0.0 0.5 0.25 0.0 0.0 0.25 0.0 0.0 0.0 0.5714285714285714 0.2857142857142857 0.14285714285714285 0.0 0.0 renqiuchen 9Сʱ_mousemovements
184.7819956 1120.0661826666667 241.2719955 0 0 0 0 0 0 550.0952556 389.807353 194.971751 621.516968 256.432846 0 51.366245 0.0 0.3333333333333333 0.2 0.2 0.06666666666666667 0.13333333333333333 0.0 0.06666666666666667 119.59096226666666 139.323746 84.8227235 0.9375 0.020833333333333332 0.041666666666666664 0.6666666666666666 0.2 0.13333333333333333 0.0 0.0 0.0 0.0 0.0 0.6590909090909091 0.2727272727272727 0.045454545454545456 0.022727272727272728 0.0 renqiuchen 9Сʱ_mousemovements
325.002563 1055.947021 788.637817 0 0 0 0 0 927.182739 35.417206 0 0 0 788.637817 1055.947021 12.407744 0.2 0.2 0.0 0.0 0.0 0.2 0.2 0.2 173.2354735625 0 23.912475 0.8888888888888888 0.0 0.1111111111111111 0.6 0.2 0.2 0.0 0.0 0.0 0.0 0.0 0.6 0.26666666666666666 0.06666666666666667 0.0 0.06666666666666667 renqiuchen 9Сʱ_mousemovements
151.64083314285713 318.89615133333336 1057.699463 0 1888.062134 0 0 0 0 101.624184 1192.13884 0 0 365.81267399999996 162.24266225 0 0.0 0.08333333333333333 0.16666666666666666 0.0 0.0 0.4166666666666667 0.3333333333333333 0.0 151.62967515625002 101.624184 10.162094 0.9411764705882353 0.029411764705882353 0.029411764705882353 0.5833333333333334 0.25 0.08333333333333333 0.0 0.08333333333333333 0.0 0.0 0.0 0.5161290322580645 0.22580645161290322 0.1935483870967742 0.03225806451612903 0.03225806451612903 renqiuchen 9Сʱ_mousemovements
286.05584269999997 343.3529665 0 349.75195299999996 849.009705 0 0 0 199.579437 540.046285 542.575165 0 96.310387 593.9223175 164.410367 84.702492 0.06666666666666667 0.2 0.13333333333333333 0.0 0.06666666666666667 0.13333333333333333 0.3333333333333333 0.06666666666666667 120.22786922499999 284.553497 1.0548525 0.9302325581395349 0.023255813953488372 0.046511627906976744 0.6666666666666666 0.13333333333333333 0.0 0.13333333333333333 0.06666666666666667 0.0 0.0 0.0 0.5714285714285714 0.17142857142857143 0.2 0.05714285714285714 0.0 renqiuchen 9Сʱ_mousemovements
285.28253140000004 490.70701599999995 385.0301365 109.393394 716.855774 0 426.194214 0 491.75222766666667 204.1673795 283.71057125000004 638.756226 716.855774 253.94984925 370.41605949999996 1030.43396 0.13636363636363635 0.18181818181818182 0.18181818181818182 0.045454545454545456 0.045454545454545456 0.18181818181818182 0.18181818181818182 0.045454545454545456 135.08978808771928 109.393394 125.1916915 0.9193548387096774 0.016129032258064516 0.06451612903225806 0.45454545454545453 0.3181818181818182 0.09090909090909091 0.045454545454545456 0.045454545454545456 0.0 0.045454545454545456 0.0 0.5370370370370371 0.2222222222222222 0.16666666666666666 0.037037037037037035 0.037037037037037035 renqiuchen 9Сʱ_mousemovements
186.3401617142857 0 0 0 480.520111 0 0 0 0 0 228.77146175 54.178618 280.938049 0 480.520111 0 0.0 0.0 0.5 0.25 0.125 0.0 0.125 0.0 88.98715634999999 0 5.158116 0.9523809523809523 0.0 0.047619047619047616 0.875 0.0 0.0 0.0 0.125 0.0 0.0 0.0 0.4666666666666667 0.4 0.06666666666666667 0.0 0.06666666666666667 renqiuchen 9Сʱ_mousemovements
0 0 0 0 0 0 0 0 0 0 0 0 0 0 0 0 0 0 0 0 0 0 0 0 0 0 0 0 0 0 0 0 0 0 0 0 0 0 0 0 0 0 0 renqiuchen 9Сʱ_mousemovements
238.83282316666666 1679.487183 0 0 391.793427 0 1659.158813 0 184.737793 46.541695 0 9.81648 391.793427 296.893097 282.39502 1317.0862833333333 0.1111111111111111 0.1111111111111111 0.0 0.1111111111111111 0.1111111111111111 0.1111111111111111 0.1111111111111111 0.3333333333333333 222.04687769565223 46.541695 9.81648 0.92 0.04 0.04 0.6666666666666666 0.1111111111111111 0.0 0.0 0.1111111111111111 0.0 0.1111111111111111 0.0 0.5909090909090909 0.36363636363636365 0.045454545454545456 0.0 0.0 renqiuchen 9Сʱ_mousemovements
242.40794145454547 0 862.1700290000001 0 0 425.357178 0 0 451.17290875 0 683.5104675 132.37067733333333 425.357178 482.297089 113.23524100000002 0 0.2857142857142857 0.0 0.14285714285714285 0.21428571428571427 0.07142857142857142 0.07142857142857142 0.21428571428571427 0.0 92.36026002127662 62.460537 82.5583668 0.8867924528301887 0.018867924528301886 0.09433962264150944 0.7857142857142857 0.0 0.14285714285714285 0.0 0.0 0.07142857142857142 0.0 0.0 0.5531914893617021 0.2978723404255319 0.0851063829787234 0.02127659574468085 0.0425531914893617 renqiuchen 9Сʱ_mousemovements
153.873314 364.1946715 0 0 0 0 0 0 85.269989 186.447876 0 382.209053 0 0 0 0 0.25 0.25 0.0 0.5 0.0 0.0 0.0 0.0 58.801392769230766 0 135.8589325 0.8666666666666667 0.0 0.13333333333333333 0.5 0.5 0.0 0.0 0.0 0.0 0.0 0.0 0.6428571428571429 0.21428571428571427 0.07142857142857142 0.07142857142857142 0.0 renqiuchen 9Сʱ_mousemovements
26.399620000000002 4624.791504 796.730286 0 0 0 0 0 0 4624.791504 0 7.927444 44.871796 0 796.730286 0 0.0 0.25 0.0 0.25 0.25 0.0 0.25 0.0 496.9448714545455 0 7.927444 0.9166666666666666 0.0 0.08333333333333333 0.5 0.25 0.25 0.0 0.0 0.0 0.0 0.0 0.45454545454545453 0.2727272727272727 0.18181818181818182 0.09090909090909091 0.0 renqiuchen 9Сʱ_mousemovements
0 1136.262695 0 0 0 0 0 0 0 0 1136.262695 0 0 0 0 0 0.0 0.0 1.0 0.0 0.0 0.0 0.0 0.0 568.1313475 0 0 1.0 0.0 0.0 0.0 1.0 0.0 0.0 0.0 0.0 0.0 0.0 1.0 0.0 0.0 0.0 0.0 renqiuchen 9Сʱ_mousemovements
0 0 0 0 0 0 0 0 0 0 0 0 0 0 0 0 0 0 0 0 0 0 0 0 0 0 0 0 0 0 0 0 0 0 0 0 0 0 0 0 0 0 0 renqiuchen 9Сʱ_mousemovements
261.383814 153.974136 0 0 0 0 0 0 153.974136 0 224.289978 396.184113 169.81538666666668 91.239586 537.941589 331.969086 0.1111111111111111 0.0 0.1111111111111111 0.1111111111111111 0.3333333333333333 0.1111111111111111 0.1111111111111111 0.1111111111111111 99.57478628571428 153.974136 0 0.9545454545454546 0.045454545454545456 0.0 0.8888888888888888 0.1111111111111111 0.0 0.0 0.0 0.0 0.0 0.0 0.65 0.2 0.05 0.05 0.05 renqiuchen 9Сʱ_mousemovements
0 0 0 0 0 0 0 0 0 0 0 0 0 0 0 0 0 0 0 0 0 0 0 0 0 0 0 0 0 0 0 0 0 0 0 0 0 0 0 0 0 0 0 renqiuchen 9Сʱ_mousemovements
0 0 0 0 0 0 0 0 0 0 0 0 0 0 0 0 0 0 0 0 0 0 0 0 0 0 0 0 0 0 0 0 0 0 0 0 0 0 0 0 0 0 0 renqiuchen 9Сʱ_mousemovements
0 0 0 0 0 0 0 0 0 0 0 0 0 0 0 0 0 0 0 0 0 0 0 0 0 0 0 0 0 0 0 0 0 0 0 0 0 0 0 0 0 0 0 renqiuchen 9Сʱ_mousemovements
0 0 0 0 0 0 0 0 0 0 0 0 0 0 0 0 0 0 0 0 0 0 0 0 0 0 0 0 0 0 0 0 0 0 0 0 0 0 0 0 0 0 0 renqiuchen 9Сʱ_mousemovements
0 0 0 0 0 0 0 0 0 0 0 0 0 0 0 0 0 0 0 0 0 0 0 0 0 0 0 0 0 0 0 0 0 0 0 0 0 0 0 0 0 0 0 renqiuchen 9Сʱ_mousemovements
0 0 0 0 0 0 0 0 0 0 0 0 0 0 0 0 0 0 0 0 0 0 0 0 0 0 0 0 0 0 0 0 0 0 0 0 0 0 0 0 0 0 0 renqiuchen 9Сʱ_mousemovements
183.4533102307692 503.8184713333333 227.242279 0 0 0 0 0 76.46888 558.508911 259.6707915 0 95.9599785 407.26646800000003 223.55075250000002 159.0932905 0.058823529411764705 0.11764705882352941 0.11764705882352941 0.0 0.23529411764705882 0.11764705882352941 0.23529411764705882 0.11764705882352941 96.65113542499999 227.242279 30.30303 0.9523809523809523 0.023809523809523808 0.023809523809523808 0.7647058823529411 0.17647058823529413 0.058823529411764705 0.0 0.0 0.0 0.0 0.0 0.5609756097560976 0.3170731707317073 0.0975609756097561 0.024390243902439025 0.0 renqiuchen 9Сʱ_mousemovements
243.757278 0 936.744995 0 0 0 0 0 0 0 936.744995 0 0 0 0 243.757278 0.0 0.0 0.5 0.0 0.0 0.0 0.0 0.5 131.16691922222222 0 0.0 0.9 0.0 0.1 0.5 0.0 0.5 0.0 0.0 0.0 0.0 0.0 0.4 0.6 0.0 0.0 0.0 renqiuchen 9Сʱ_mousemovements
169.97362866666666 443.11364725 1019.361023 554.266296 0 700.20929 0 0 113.715797 412.329315 650.614334 649.9844055 554.266296 287.42572 200.46052525 295.356262 0.07692307692307693 0.07692307692307693 0.15384615384615385 0.15384615384615385 0.07692307692307693 0.07692307692307693 0.3076923076923077 0.07692307692307693 158.46503546666665 0 156.090953 0.9375 0.0 0.0625 0.46153846153846156 0.3076923076923077 0.07692307692307693 0.07692307692307693 0.0 0.07692307692307693 0.0 0.0 0.5 0.2857142857142857 0.10714285714285714 0.10714285714285714 0.0 renqiuchen 9Сʱ_mousemovements
0 0 0 0 0 0 0 0 0 0 0 0 0 0 0 0 0 0 0 0 0 0 0 0 0 0 0 0 0 0 0 0 0 0 0 0 0 0 0 0 0 0 0 renqiuchen 9Сʱ_mousemovements
0 0 0 0 0 0 0 0 0 0 0 0 0 0 0 0 0 0 0 0 0 0 0 0 0 0 0 0 0 0 0 0 0 0 0 0 0 0 0 0 0 0 0 renqiuchen 9Сʱ_mousemovements
0 0 0 0 0 0 0 0 0 0 0 0 0 0 0 0 0 0 0 0 0 0 0 0 0 0 0 0 0 0 0 0 0 0 0 0 0 0 0 0 0 0 0 renqiuchen 9Сʱ_mousemovements
755.04360575 0 943.1900485000001 276.072083 0 0 0 0 0 1424.417603 0 0 1217.211945 0 259.0332105 402.8593445 0.0 0.14285714285714285 0.0 0.0 0.2857142857142857 0.0 0.2857142857142857 0.2857142857142857 398.66358484615387 0 0 1.0 0.0 0.0 0.5714285714285714 0.0 0.2857142857142857 0.14285714285714285 0.0 0.0 0.0 0.0 0.6363636363636364 0.2727272727272727 0.09090909090909091 0.0 0.0 renqiuchen 9Сʱ_mousemovements
366.3813251666666 0 264.399933 869.562866 270.09845 0 0 0 231.173554 0 869.562866 513.61586 677.419373 0 270.09845 64.516129 0.3333333333333333 0.0 0.1111111111111111 0.2222222222222222 0.1111111111111111 0.0 0.1111111111111111 0.1111111111111111 100.25957006060607 0 146.891694 0.9428571428571428 0.0 0.05714285714285714 0.6666666666666666 0.0 0.1111111111111111 0.1111111111111111 0.1111111111111111 0.0 0.0 0.0 0.41379310344827586 0.4482758620689655 0.034482758620689655 0.06896551724137931 0.034482758620689655 renqiuchen 9Сʱ_mousemovements
126.813608875 234.28121925 556.2607848 3530.228027 0 0 0 0 321.79228600000005 95.23654925 229.56880375 202.22673260000002 218.3479915 115.88412775 623.162872 1927.6921995 0.11538461538461539 0.15384615384615385 0.15384615384615385 0.19230769230769232 0.07692307692307693 0.15384615384615385 0.07692307692307693 0.07692307692307693 143.44102081249997 95.514923 0.9671575 0.9552238805970149 0.014925373134328358 0.029850746268656716 0.6153846153846154 0.15384615384615385 0.19230769230769232 0.038461538461538464 0.0 0.0 0.0 0.0 0.6333333333333333 0.2 0.05 0.05 0.06666666666666667 renqiuchen 9Сʱ_mousemovements
167.27094499999998 395.5764396 632.84436 0 0 0 0 0 4.120308 441.46656800000005 536.4830975 133.4484075 154.8201065 172.100311 0.0 0 0.07692307692307693 0.15384615384615385 0.3076923076923077 0.15384615384615385 0.15384615384615385 0.07692307692307693 0.07692307692307693 0.0 92.088148875 59.990688 12.702176666666666 0.9090909090909091 0.022727272727272728 0.06818181818181818 0.5384615384615384 0.38461538461538464 0.07692307692307693 0.0 0.0 0.0 0.0 0.0 0.6111111111111112 0.1388888888888889 0.1111111111111111 0.1111111111111111 0.027777777777777776 renqiuchen 9Сʱ_mousemovements
191.64566625000003 380.634903 0 1586.5090485 372.122528 0 0 0 130.78530899999998 758.7944672000001 136.570282 624.699524 168.320389 263.222023 327.998566 0 0.15384615384615385 0.38461538461538464 0.07692307692307693 0.07692307692307693 0.07692307692307693 0.15384615384615385 0.07692307692307693 0.0 193.07023544827587 120.2694665 0 0.9354838709677419 0.06451612903225806 0.0 0.6153846153846154 0.15384615384615385 0.0 0.15384615384615385 0.07692307692307693 0.0 0.0 0.0 0.5 0.3076923076923077 0.07692307692307693 0.038461538461538464 0.07692307692307693 renqiuchen 9Сʱ_mousemovements
0 0 0 0 0 0 0 0 0 0 0 0 0 0 0 0 0 0 0 0 0 0 0 0 0 0 0 0 0 0 0 0 0 0 0 0 0 0 0 0 0 0 0 renqiuchen 9Сʱ_mousemovements
98.8578286 380.89777059999994 0 928.09815975 0 0 0 0 0 400.4754346666667 703.766308 292.19577 0 259.610901 619.773 272.77151100000003 0.0 0.21428571428571427 0.14285714285714285 0.07142857142857142 0.0 0.07142857142857142 0.21428571428571427 0.2857142857142857 174.10033502857144 0 8.8294545 0.9459459459459459 0.0 0.05405405405405406 0.35714285714285715 0.35714285714285715 0.0 0.2857142857142857 0.0 0.0 0.0 0.0 0.36666666666666664 0.36666666666666664 0.2 0.03333333333333333 0.03333333333333333 renqiuchen 9Сʱ_mousemovements
72.965777625 0 416.095734 598.672241 0 0 0 0 0 0 286.5096895 92.433382 33.434604 51.366245 344.468998 0 0.0 0.0 0.2 0.2 0.3 0.1 0.2 0.0 59.20348874074074 0 0 1.0 0.0 0.0 0.8 0.0 0.1 0.1 0.0 0.0 0.0 0.0 0.5384615384615384 0.23076923076923078 0.11538461538461539 0.11538461538461539 0.0 renqiuchen 9Сʱ_mousemovements
131.4021591111111 323.4189605 927.097717 439.51071149999996 0 0 0 0 0 167.862904 495.65852866666665 26.611919 114.63224033333334 219.697388 313.832817 427.140533 0.0 0.21428571428571427 0.21428571428571427 0.07142857142857142 0.21428571428571427 0.07142857142857142 0.14285714285714285 0.07142857142857142 108.97238690909093 0 19.7438625 0.9428571428571428 0.0 0.05714285714285714 0.6428571428571429 0.14285714285714285 0.07142857142857142 0.14285714285714285 0.0 0.0 0.0 0.0 0.4827586206896552 0.27586206896551724 0.13793103448275862 0.10344827586206896 0.0 renqiuchen 9Сʱ_mousemovements
0 230.85112 0 0 673.481262 0 0 0 0 0 673.481262 0 230.85112 0 0 0 0.0 0.0 0.5 0.0 0.5 0.0 0.0 0.0 100.48137577777779 0 0 1.0 0.0 0.0 0.0 0.5 0.0 0.0 0.5 0.0 0.0 0.0 0.2857142857142857 0.14285714285714285 0.42857142857142855 0.14285714285714285 0.0 renqiuchen 9Сʱ_mousemovements
139.94653890625003 272.127869 168.479931 0 0 695.338989 0 0 75.69570366666666 312.08875800000004 375.36425799999995 59.888633000000006 164.69740066666665 120.772965 281.37833966666665 98.01648577777777 0.08333333333333333 0.1388888888888889 0.05555555555555555 0.1388888888888889 0.08333333333333333 0.16666666666666666 0.08333333333333333 0.25 54.09939413592233 114.670151 9.580821799999999 0.9035087719298246 0.008771929824561403 0.08771929824561403 0.8888888888888888 0.027777777777777776 0.05555555555555555 0.0 0.0 0.027777777777777776 0.0 0.0 0.5283018867924528 0.2641509433962264 0.11320754716981132 0.04716981132075472 0.04716981132075472 renqiuchen 9Сʱ_mousemovements
145.71411846153845 338.72186675 400.483078 682.575867 0 0 0 0 341.998581 252.44914599999998 262.48330699999997 201.33388779999999 120.91137783333333 0 89.88775357142858 290.4873004 0.09090909090909091 0.15151515151515152 0.06060606060606061 0.15151515151515152 0.18181818181818182 0.0 0.21212121212121213 0.15151515151515152 79.62990548192772 0 4.428603750000001 0.9540229885057471 0.0 0.04597701149425287 0.7878787878787878 0.12121212121212122 0.06060606060606061 0.030303030303030304 0.0 0.0 0.0 0.0 0.5064935064935064 0.3116883116883117 0.1038961038961039 0.03896103896103896 0.03896103896103896 renqiuchen 9Сʱ_mousemovements
311.89066916666667 722.270996 929.848022 0 0 887.07196 0 1729.9433595 567.736572 2133.845215 580.102722 846.3969926666665 0 1326.041504 0 47.80066633333334 0.09090909090909091 0.09090909090909091 0.18181818181818182 0.2727272727272727 0.0 0.09090909090909091 0.0 0.2727272727272727 218.38591463888886 0 4.2643925 0.9473684210526315 0.0 0.05263157894736842 0.5454545454545454 0.09090909090909091 0.09090909090909091 0.0 0.0 0.09090909090909091 0.0 0.18181818181818182 0.4864864864864865 0.3783783783783784 0.10810810810810811 0.02702702702702703 0.0 renqiuchen 9Сʱ_mousemovements
272.351806 257.266744 645.5037540000001 0 683.023249 0 2153.179443 0 1180.8606795 0 444.88740950000005 0 416.284607 315.5839615 473.98387025 407.254379 0.13333333333333333 0.0 0.26666666666666666 0.0 0.06666666666666667 0.13333333333333333 0.26666666666666666 0.13333333333333333 148.14355744 0 122.9974735 0.9259259259259259 0.0 0.07407407407407407 0.4 0.2 0.13333333333333333 0.0 0.2 0.0 0.06666666666666667 0.0 0.5 0.2826086956521739 0.10869565217391304 0.06521739130434782 0.043478260869565216 renqiuchen 9Сʱ_mousemovements
0 0 0 0 0 0 0 0 0 0 0 0 0 0 0 0 0 0 0 0 0 0 0 0 0 0 0 0 0 0 0 0 0 0 0 0 0 0 0 0 0 0 0 renqiuchen 9Сʱ_mousemovements
18.475294333333334 0 1261.070923 571.0288235 842.125427 856.623474 2331.1705325000003 0 1935.966034 842.125427 1261.070923 1647.032471 451.673126 362.3923185 10.512883500000001 0 0.2 0.1 0.1 0.1 0.1 0.2 0.2 0.0 179.71806959090907 0 228.01233925 0.9166666666666666 0.0 0.08333333333333333 0.3 0.0 0.1 0.2 0.1 0.1 0.2 0.0 0.6458333333333334 0.20833333333333334 0.10416666666666667 0.041666666666666664 0.0 renqiuchen 9Сʱ_mousemovements
52.8899535 0 0 1831.338013 0 0 0 0 0 919.6690065 97.779907 0 0 0 0 0 0.0 0.6666666666666666 0.3333333333333333 0.0 0.0 0.0 0.0 0.0 113.47752470588236 0 8.0 0.9444444444444444 0.0 0.05555555555555555 0.6666666666666666 0.0 0.0 0.3333333333333333 0.0 0.0 0.0 0.0 0.8333333333333334 0.16666666666666666 0.0 0.0 0.0 renqiuchen 9Сʱ_mousemovements
0 0 0 0 0 0 0 0 0 0 0 0 0 0 0 0 0 0 0 0 0 0 0 0 0 0 0 0 0 0 0 0 0 0 0 0 0 0 0 0 0 0 0 renqiuchen 9Сʱ_mousemovements
0 0 0 0 0 0 0 0 0 0 0 0 0 0 0 0 0 0 0 0 0 0 0 0 0 0 0 0 0 0 0 0 0 0 0 0 0 0 0 0 0 0 0 renqiuchen 9Сʱ_mousemovements
0 0 0 0 0 0 0 0 0 0 0 0 0 0 0 0 0 0 0 0 0 0 0 0 0 0 0 0 0 0 0 0 0 0 0 0 0 0 0 0 0 0 0 renqiuchen 9Сʱ_mousemovements
