414.07880939999995 485.220421 0 505.032318 1135.017802 0 0 1574.7160035000002 1158.4176636666668 799.893494 591.265925 22.447834 1195.5413055 170.547348 1263.381714 203.948853 0.23076923076923078 0.07692307692307693 0.23076923076923078 0.07692307692307693 0.15384615384615385 0.07692307692307693 0.07692307692307693 0.07692307692307693 237.34877312499998 58.69070933333333 776.3732506666666 0.8421052631578947 0.07894736842105263 0.07894736842105263 0.38461538461538464 0.15384615384615385 0.0 0.07692307692307693 0.23076923076923078 0.0 0.0 0.15384615384615385 0.5757575757575758 0.15151515151515152 0.18181818181818182 0.06060606060606061 0.030303030303030304 liyajie 9Сʱ_mousemovements
0 0 0 0 0 0 0 0 0 0 0 0 0 0 0 0 0 0 0 0 0 0 0 0 0 0 0 0 0 0 0 0 0 0 0 0 0 0 0 0 0 0 0 liyajie 9Сʱ_mousemovements
0 0 0 0 0 0 0 0 0 0 0 0 0 0 0 0 0 0 0 0 0 0 0 0 0 0 0 0 0 0 0 0 0 0 0 0 0 0 0 0 0 0 0 liyajie 9Сʱ_mousemovements
0 0 0 0 0 0 0 0 0 0 0 0 0 0 0 0 0 0 0 0 0 0 0 0 0 0 0 0 0 0 0 0 0 0 0 0 0 0 0 0 0 0 0 liyajie 9Сʱ_mousemovements
138.96153884090907 394.0073029333333 469.106847 822.760330125 849.0111084285716 978.2253824444443 568.309326 1545.0886235 389.15078600000004 723.5365261333334 343.0101684444445 459.3901585 257.52152 292.03290687878786 219.2599308846154 308.65955228 0.09420289855072464 0.10869565217391304 0.06521739130434782 0.028985507246376812 0.09420289855072464 0.2391304347826087 0.18840579710144928 0.18115942028985507 89.58602432231405 28.910512950000005 407.15499748571426 0.868421052631579 0.04784688995215311 0.08373205741626795 0.6330935251798561 0.1079136690647482 0.06474820143884892 0.05755395683453238 0.050359712230215826 0.06474820143884892 0.007194244604316547 0.014388489208633094 0.6234096692111959 0.21119592875318066 0.0916030534351145 0.05343511450381679 0.020356234096692113 liyajie 9Сʱ_mousemovements
150.08563756666663 954.348041 442.986298 1250.1006346 543.6578584000001 1188.2297058333334 1066.5347696666665 1043.808716 641.2820135555555 633.7758311428572 1483.097832 659.44601425 120.44915145454546 382.22765604166665 206.581651625 221.8809831428571 0.10344827586206896 0.16091954022988506 0.022988505747126436 0.04597701149425287 0.12643678160919541 0.27586206896551724 0.1839080459770115 0.08045977011494253 117.60087573662553 25.1250833 423.56209756249996 0.9033457249070632 0.03717472118959108 0.05947955390334572 0.6896551724137931 0.05747126436781609 0.011494252873563218 0.05747126436781609 0.05747126436781609 0.06896551724137931 0.034482758620689655 0.022988505747126436 0.6437768240343348 0.1888412017167382 0.08583690987124463 0.04721030042918455 0.034334763948497854 liyajie 9Сʱ_mousemovements
334.19727243999995 391.59568930000006 521.0508903846154 872.380488857143 609.6765868 622.487061 1313.275391 1229.431244 1197.5876952499998 402.6629963846153 460.4284537142857 322.4208174 366.23478657142863 315.24711823809525 464.3585001666666 375.64436159999997 0.0898876404494382 0.14606741573033707 0.07865168539325842 0.056179775280898875 0.07865168539325842 0.23595505617977527 0.20224719101123595 0.11235955056179775 139.4152760510638 421.682854 283.12356952941184 0.9038461538461539 0.03076923076923077 0.06538461538461539 0.5617977528089888 0.11235955056179775 0.14606741573033707 0.07865168539325842 0.056179775280898875 0.011235955056179775 0.011235955056179775 0.02247191011235955 0.5901639344262295 0.19262295081967212 0.12295081967213115 0.06557377049180328 0.028688524590163935 liyajie 9Сʱ_mousemovements
126.01220747126435 353.04551418181825 507.00928923076924 1064.0232021428571 908.7189940000001 874.4076660000001 0 1172.8372800000002 234.54886970833334 470.89514892307693 1052.7265147500002 320.07680200000004 252.29105458333333 203.5685288571429 206.8494721111111 260.98729613333336 0.1875 0.1015625 0.0625 0.0390625 0.1875 0.1640625 0.140625 0.1171875 91.90418129213484 49.37222490909091 295.71310477272726 0.9151670951156813 0.028277634961439587 0.056555269922879174 0.6744186046511628 0.08527131782945736 0.10077519379844961 0.05426356589147287 0.015503875968992248 0.03875968992248062 0.0 0.031007751937984496 0.6101694915254238 0.17796610169491525 0.12146892655367232 0.07627118644067797 0.014124293785310734 liyajie 9Сʱ_mousemovements
135.13643615277778 485.9263389090909 608.1382106666666 810.5822724000002 1108.8864921428572 1476.8865844000002 957.2494303333333 1018.758484 704.2494032307693 359.9757856153846 412.33616577777775 502.27664075 384.2297095714285 503.2122142222222 175.44459559999999 444.91404508333335 0.09848484848484848 0.09848484848484848 0.13636363636363635 0.09090909090909091 0.10606060606060606 0.13636363636363635 0.15151515151515152 0.18181818181818182 121.44424595567867 15.175132272727275 290.24057724390246 0.87409200968523 0.026634382566585957 0.09927360774818401 0.5454545454545454 0.16666666666666666 0.06818181818181818 0.07575757575757576 0.05303030303030303 0.03787878787878788 0.045454545454545456 0.007575757575757576 0.5885416666666666 0.23177083333333334 0.09895833333333333 0.049479166666666664 0.03125 liyajie 9Сʱ_mousemovements
119.20725035135136 479.86668240000006 602.0375396 1371.0216402222222 760.296814 1170.0566024999998 1499.7822265999998 733.063019 460.83921161538467 593.9514248 823.2365397142856 1516.0833922000002 667.4162692727273 265.168897375 469.22522476923075 411.16462893749997 0.1566265060240964 0.12048192771084337 0.08433734939759036 0.060240963855421686 0.13253012048192772 0.0963855421686747 0.1566265060240964 0.1927710843373494 139.5143432123894 44.51550528571429 565.2418601481482 0.846441947565543 0.052434456928838954 0.10112359550561797 0.4457831325301205 0.12048192771084337 0.12048192771084337 0.10843373493975904 0.024096385542168676 0.0963855421686747 0.060240963855421686 0.024096385542168676 0.6296296296296297 0.20987654320987653 0.0823045267489712 0.06584362139917696 0.012345679012345678 liyajie 9Сʱ_mousemovements
173.01182056962017 446.6254300625001 572.1429549230768 708.2973912777778 1158.4500885000002 1124.9435016666669 1768.6789346666665 0 530.4345635555555 663.0843716842104 499.7884885294119 623.7549911000001 407.1956959166667 605.6336508275862 356.8162201923077 202.08075571428574 0.11842105263157894 0.125 0.1118421052631579 0.06578947368421052 0.07894736842105263 0.19078947368421054 0.17105263157894737 0.13815789473684212 144.84700518387905 30.037368882352947 353.24106935714286 0.8706140350877193 0.03728070175438596 0.09210526315789473 0.5197368421052632 0.10526315789473684 0.08552631578947369 0.11842105263157894 0.13157894736842105 0.019736842105263157 0.019736842105263157 0.0 0.5542725173210161 0.24249422632794457 0.11547344110854503 0.06235565819861432 0.025404157043879907 liyajie 9Сʱ_mousemovements
157.78061583333337 355.9597066666667 637.30997475 881.343038 1250.69052125 0 515.23999 0 665.657992 472.67428085714295 425.996562 470.391261 342.11778275 367.9434966666667 159.2903595 265.151312 0.23809523809523808 0.16666666666666666 0.07142857142857142 0.07142857142857142 0.09523809523809523 0.14285714285714285 0.14285714285714285 0.07142857142857142 104.32040444347827 94.26006066666666 416.82129957142854 0.8712121212121212 0.022727272727272728 0.10606060606060606 0.5581395348837209 0.06976744186046512 0.18604651162790697 0.06976744186046512 0.09302325581395349 0.0 0.023255813953488372 0.0 0.6065573770491803 0.20491803278688525 0.11475409836065574 0.04918032786885246 0.02459016393442623 liyajie 9Сʱ_mousemovements
116.72967231666662 477.093658 824.6841939999999 593.4281921249999 763.5475768333332 0 856.287923 751.5229493333333 379.25357950000006 560.7201657777778 331.2645113333333 562.1235655 208.36916785714286 282.3828533846154 149.8491564375 231.26011293333335 0.07142857142857142 0.10714285714285714 0.03571428571428571 0.023809523809523808 0.08333333333333333 0.30952380952380953 0.19047619047619047 0.17857142857142858 71.1431629143969 9.322143111111112 337.61047276470595 0.9081272084805654 0.03180212014134275 0.06007067137809187 0.7142857142857143 0.011904761904761904 0.03571428571428571 0.09523809523809523 0.07142857142857142 0.0 0.03571428571428571 0.03571428571428571 0.6330645161290323 0.14919354838709678 0.0967741935483871 0.08870967741935484 0.03225806451612903 liyajie 9Сʱ_mousemovements
156.7142173448276 259.793881 712.7369790000001 440.05792249999996 748.755524 991.0630955 890.426636 0 928.059245 291.211296 283.5851786 67.567566 264.80519744444445 405.59963975000005 192.6342618888889 249.31350337499998 0.06976744186046512 0.09302325581395349 0.11627906976744186 0.023255813953488372 0.20930232558139536 0.09302325581395349 0.20930232558139536 0.18604651162790697 93.08395305982906 344.2513085 137.74923185714286 0.9140625 0.03125 0.0546875 0.6590909090909091 0.11363636363636363 0.06818181818181818 0.045454545454545456 0.045454545454545456 0.045454545454545456 0.022727272727272728 0.0 0.5508474576271186 0.211864406779661 0.16101694915254236 0.059322033898305086 0.01694915254237288 liyajie 9Сʱ_mousemovements
