164.98747983333334 722.05542 755.903503 0 0 3468.24585 0 0 0 552.973694 2112.0746765 0 0 160.362396 199.7288418 0 0.0 0.1111111111111111 0.2222222222222222 0.0 0.0 0.1111111111111111 0.5555555555555556 0.0 237.44518607999998 0 0 1.0 0.0 0.0 0.6666666666666666 0.1111111111111111 0.1111111111111111 0.0 0.0 0.1111111111111111 0.0 0.0 0.42857142857142855 0.23809523809523808 0.23809523809523808 0.09523809523809523 0.0 shenyanping 8Сʱ_mousemovements
0 0 0 0 0 0 0 0 0 0 0 0 0 0 0 0 0 0 0 0 0 0 0 0 0 0 0 0 0 0 0 0 0 0 0 0 0 0 0 0 0 0 0 shenyanping 8Сʱ_mousemovements
0 0 0 0 0 0 0 0 0 0 0 0 0 0 0 0 0 0 0 0 0 0 0 0 0 0 0 0 0 0 0 0 0 0 0 0 0 0 0 0 0 0 0 shenyanping 8Сʱ_mousemovements
0 0 0 0 0 0 0 0 0 0 0 0 0 0 0 0 0 0 0 0 0 0 0 0 0 0 0 0 0 0 0 0 0 0 0 0 0 0 0 0 0 0 0 shenyanping 8Сʱ_mousemovements
0 0 0 0 0 0 0 0 0 0 0 0 0 0 0 0 0 0 0 0 0 0 0 0 0 0 0 0 0 0 0 0 0 0 0 0 0 0 0 0 0 0 0 shenyanping 8Сʱ_mousemovements
0 0 0 0 0 0 0 0 0 0 0 0 0 0 0 0 0 0 0 0 0 0 0 0 0 0 0 0 0 0 0 0 0 0 0 0 0 0 0 0 0 0 0 shenyanping 8Сʱ_mousemovements
0 0 0 0 0 0 0 0 0 0 0 0 0 0 0 0 0 0 0 0 0 0 0 0 0 0 0 0 0 0 0 0 0 0 0 0 0 0 0 0 0 0 0 shenyanping 8Сʱ_mousemovements
0 0 0 0 0 0 0 0 0 0 0 0 0 0 0 0 0 0 0 0 0 0 0 0 0 0 0 0 0 0 0 0 0 0 0 0 0 0 0 0 0 0 0 shenyanping 8Сʱ_mousemovements
0 0 0 0 0 0 0 0 0 0 0 0 0 0 0 0 0 0 0 0 0 0 0 0 0 0 0 0 0 0 0 0 0 0 0 0 0 0 0 0 0 0 0 shenyanping 8Сʱ_mousemovements
0 0 0 0 0 0 0 0 0 0 0 0 0 0 0 0 0 0 0 0 0 0 0 0 0 0 0 0 0 0 0 0 0 0 0 0 0 0 0 0 0 0 0 shenyanping 8Сʱ_mousemovements
0 0 0 0 0 0 0 0 0 0 0 0 0 0 0 0 0 0 0 0 0 0 0 0 0 0 0 0 0 0 0 0 0 0 0 0 0 0 0 0 0 0 0 shenyanping 8Сʱ_mousemovements
247.08016933333332 1555.6890947499999 0 0 0 0 0 0 287.846954 1046.799561 286.868469 0 0 478.401398 2348.77771 166.525085 0.14285714285714285 0.14285714285714285 0.14285714285714285 0.0 0.0 0.14285714285714285 0.2857142857142857 0.14285714285714285 435.24980543749996 0 0 1.0 0.0 0.0 0.42857142857142855 0.5714285714285714 0.0 0.0 0.0 0.0 0.0 0.0 0.6428571428571429 0.35714285714285715 0.0 0.0 0.0 shenyanping 8Сʱ_mousemovements
0 0 0 0 0 0 0 0 0 0 0 0 0 0 0 0 0 0 0 0 0 0 0 0 0 0 0 0 0 0 0 0 0 0 0 0 0 0 0 0 0 0 0 shenyanping 8Сʱ_mousemovements
0 0 0 0 0 0 0 0 0 0 0 0 0 0 0 0 0 0 0 0 0 0 0 0 0 0 0 0 0 0 0 0 0 0 0 0 0 0 0 0 0 0 0 shenyanping 8Сʱ_mousemovements
0 0 0 0 0 0 0 0 0 0 0 0 0 0 0 0 0 0 0 0 0 0 0 0 0 0 0 0 0 0 0 0 0 0 0 0 0 0 0 0 0 0 0 shenyanping 8Сʱ_mousemovements
0 0 0 0 0 0 0 0 0 0 0 0 0 0 0 0 0 0 0 0 0 0 0 0 0 0 0 0 0 0 0 0 0 0 0 0 0 0 0 0 0 0 0 shenyanping 8Сʱ_mousemovements
0 0 0 0 1030.644897 2000.799072 0 0 1030.644897 0 0 0 2000.799072 0 0 0 0.5 0.0 0.0 0.0 0.5 0.0 0.0 0.0 1010.481323 0 0 1.0 0.0 0.0 0.0 0.0 0.0 0.0 0.5 0.5 0.0 0.0 0.3333333333333333 0.3333333333333333 0.3333333333333333 0.0 0.0 shenyanping 8Сʱ_mousemovements
456.985443 0 0 0 0 0 0 0 0 0 0 0 456.985443 0 0 0 0.0 0.0 0.0 0.0 1.0 0.0 0.0 0.0 152.32848099999998 0 0 1.0 0.0 0.0 1.0 0.0 0.0 0.0 0.0 0.0 0.0 0.0 1.0 0.0 0.0 0.0 0.0 shenyanping 8Сʱ_mousemovements
85.7959575 0 0 0 667.857727 0 0 0 667.857727 132.557343 0 0 38.46154 0 21.276596 150.888351 0.2 0.2 0.0 0.0 0.2 0.0 0.2 0.2 72.21725407142857 0 0 1.0 0.0 0.0 0.8 0.0 0.0 0.0 0.2 0.0 0.0 0.0 0.75 0.08333333333333333 0.0 0.16666666666666666 0.0 shenyanping 8Сʱ_mousemovements
0 0 0 0 0 0 0 0 0 0 0 0 0 0 0 0 0 0 0 0 0 0 0 0 0 0 0 0 0 0 0 0 0 0 0 0 0 0 0 0 0 0 0 shenyanping 8Сʱ_mousemovements
314.16568 0 0 0 0 1847.115356 0 0 0 0 0 1847.115356 0 314.16568 0 0 0.0 0.0 0.0 0.5 0.0 0.5 0.0 0.0 720.427012 0 0 1.0 0.0 0.0 0.5 0.0 0.0 0.0 0.0 0.5 0.0 0.0 0.0 1.0 0.0 0.0 0.0 shenyanping 8Сʱ_mousemovements
52.690379400000005 0 0 0 0 0 0 0 0 0 0 0 0 0 0 52.690379400000005 0.0 0.0 0.0 0.0 0.0 0.0 0.0 1.0 17.5634598 0 0 1.0 0.0 0.0 1.0 0.0 0.0 0.0 0.0 0.0 0.0 0.0 0.8461538461538461 0.07692307692307693 0.07692307692307693 0.0 0.0 shenyanping 8Сʱ_mousemovements
0 0 0 0 0 0 0 0 0 0 0 0 0 0 0 0 0 0 0 0 0 0 0 0 0 0 0 0 0 0 0 0 0 0 0 0 0 0 0 0 0 0 0 shenyanping 8Сʱ_mousemovements
0 404.37393199999997 0 0 740.827209 0 0 0 519.12648 0 0 511.322113 0 0 0 0 0.6666666666666666 0.0 0.0 0.3333333333333333 0.0 0.0 0.0 0.0 208.69155366666666 297.425751 0 0.8571428571428571 0.14285714285714285 0.0 0.0 0.6666666666666666 0.0 0.0 0.3333333333333333 0.0 0.0 0.0 0.42857142857142855 0.14285714285714285 0.14285714285714285 0.2857142857142857 0.0 shenyanping 8Сʱ_mousemovements
0 0 0 0 0 0 0 0 0 0 0 0 0 0 0 0 0 0 0 0 0 0 0 0 0.0 0 0 1.0 0.0 0.0 0 0 0 0 0 0 0 0 0.5 0.5 0.0 0.0 0.0 shenyanping 8Сʱ_mousemovements
0 0 0 0 0 0 0 0 0 0 0 0 0 0 0 0 0 0 0 0 0 0 0 0 0 0 0 0 0 0 0 0 0 0 0 0 0 0 0 0 0 0 0 shenyanping 8Сʱ_mousemovements
0 0 0 0 0 0 0 0 0 0 0 0 0 0 0 0 0 0 0 0 0 0 0 0 0 0 0 0 0 0 0 0 0 0 0 0 0 0 0 0 0 0 0 shenyanping 8Сʱ_mousemovements
0 0 0 0 0 0 0 0 0 0 0 0 0 0 0 0 0 0 0 0 0 0 0 0 0 0 0 0 0 0 0 0 0 0 0 0 0 0 0 0 0 0 0 shenyanping 8Сʱ_mousemovements
0 0 0 0 0 0 0 0 0 0 0 0 0 0 0 0 0 0 0 0 0 0 0 0 0 0 0 0 0 0 0 0 0 0 0 0 0 0 0 0 0 0 0 shenyanping 8Сʱ_mousemovements
0 0 0 0 0 0 0 0 0 0 0 0 0 0 0 0 0 0 0 0 0 0 0 0 0 0 0 0 0 0 0 0 0 0 0 0 0 0 0 0 0 0 0 shenyanping 8Сʱ_mousemovements
0 0 0 0 0 0 0 0 0 0 0 0 0 0 0 0 0 0 0 0 0 0 0 0 0 0 0 0 0 0 0 0 0 0 0 0 0 0 0 0 0 0 0 shenyanping 8Сʱ_mousemovements
0 0 0 0 0 0 0 0 0 0 0 0 0 0 0 0 0 0 0 0 0 0 0 0 0 0 0 0 0 0 0 0 0 0 0 0 0 0 0 0 0 0 0 shenyanping 8Сʱ_mousemovements
0 0 0 0 0 0 0 0 0 0 0 0 0 0 0 0 0 0 0 0 0 0 0 0 0 0 0 0 0 0 0 0 0 0 0 0 0 0 0 0 0 0 0 shenyanping 8Сʱ_mousemovements
0 0 0 0 0 0 0 0 0 0 0 0 0 0 0 0 0 0 0 0 0 0 0 0 0 0 0 0 0 0 0 0 0 0 0 0 0 0 0 0 0 0 0 shenyanping 8Сʱ_mousemovements
0 0 0 0 0 0 0 0 0 0 0 0 0 0 0 0 0 0 0 0 0 0 0 0 0 0 0 0 0 0 0 0 0 0 0 0 0 0 0 0 0 0 0 shenyanping 8Сʱ_mousemovements
0 0 0 0 0 0 0 0 0 0 0 0 0 0 0 0 0 0 0 0 0 0 0 0 0 0 0 0 0 0 0 0 0 0 0 0 0 0 0 0 0 0 0 shenyanping 8Сʱ_mousemovements
0 0 0 0 0 0 0 0 0 0 0 0 0 0 0 0 0 0 0 0 0 0 0 0 0 0 0 0 0 0 0 0 0 0 0 0 0 0 0 0 0 0 0 shenyanping 8Сʱ_mousemovements
0 0 0 0 0 0 0 0 0 0 0 0 0 0 0 0 0 0 0 0 0 0 0 0 0 0 0 0 0 0 0 0 0 0 0 0 0 0 0 0 0 0 0 shenyanping 8Сʱ_mousemovements
0 0 0 0 0 0 0 0 0 0 0 0 0 0 0 0 0 0 0 0 0 0 0 0 0 0 0 0 0 0 0 0 0 0 0 0 0 0 0 0 0 0 0 shenyanping 8Сʱ_mousemovements
142.393982 0 0 0 0 0 0 0 0 142.393982 0 0 0 0 0 0 0.0 1.0 0.0 0.0 0.0 0.0 0.0 0.0 71.196991 0 0 1.0 0.0 0.0 1.0 0.0 0.0 0.0 0.0 0.0 0.0 0.0 1.0 0.0 0.0 0.0 0.0 shenyanping 8Сʱ_mousemovements
76.76761499999999 0 531.647888 0 0 0 0 0 145.321304 205.54314300000001 0 0 0 0 0 0 0.25 0.75 0.0 0.0 0.0 0.0 0.0 0.0 95.24384162499999 0 0 1.0 0.0 0.0 0.75 0.0 0.25 0.0 0.0 0.0 0.0 0.0 0.75 0.0 0.25 0.0 0.0 shenyanping 8Сʱ_mousemovements
0 0 0 359.733887 0 637.459229 0 0 0 0 637.459229 0 0 0 0 359.733887 0.0 0.0 0.5 0.0 0.0 0.0 0.0 0.5 70.82880322222223 0 359.733887 0.9 0.0 0.1 0.0 0.0 0.0 0.5 0.0 0.5 0.0 0.0 0.8571428571428571 0.0 0.0 0.0 0.14285714285714285 shenyanping 8Сʱ_mousemovements
240.881378 315.008957 0 606.850647 0 0 0 0 419.262756 62.5 606.850647 0 461.300751 0 0 168.717163 0.2 0.2 0.2 0.0 0.2 0.0 0.0 0.2 96.869634625 0 168.717163 0.9411764705882353 0.0 0.058823529411764705 0.4 0.4 0.0 0.2 0.0 0.0 0.0 0.0 0.4 0.4666666666666667 0.06666666666666667 0.0 0.06666666666666667 shenyanping 8Сʱ_mousemovements
0 0 0 0 0 0 0 0 0 0 0 0 0 0 0 0 0 0 0 0 0 0 0 0 0.0 0 0 1.0 0.0 0.0 0 0 0 0 0 0 0 0 0.25 0.375 0.125 0.25 0.0 shenyanping 8Сʱ_mousemovements
222.007988 781.223389 0 0 0 0 0 0 337.632996 0 781.223389 0 0 106.38298 0 0 0.3333333333333333 0.0 0.3333333333333333 0.0 0.0 0.3333333333333333 0.0 0.0 61.261968249999995 0 0 1.0 0.0 0.0 0.6666666666666666 0.3333333333333333 0.0 0.0 0.0 0.0 0.0 0.0 0.7058823529411765 0.17647058823529413 0.058823529411764705 0.0 0.058823529411764705 shenyanping 8Сʱ_mousemovements
0 0 0 0 0 0 0 0 0 0 0 0 0 0 0 0 0 0 0 0 0 0 0 0 0 0 0 0 0 0 0 0 0 0 0 0 0 0 0 0 0 0 0 shenyanping 8Сʱ_mousemovements
0 0 0 0 0 0 0 994.39502 0 0 0 0 994.39502 0 0 0 0.0 0.0 0.0 0.0 1.0 0.0 0.0 0.0 497.19751 0 0 1.0 0.0 0.0 0.0 0.0 0.0 0.0 0.0 0.0 0.0 1.0 0.0 0.0 0.0 1.0 0.0 shenyanping 8Сʱ_mousemovements
0 0 0 0 0 0 0 0 0 0 0 0 0 0 0 0 0 0 0 0 0 0 0 0 0 0 0 0 0 0 0 0 0 0 0 0 0 0 0 0 0 0 0 shenyanping 8Сʱ_mousemovements
0 0 0 0 0 0 0 0 0 0 0 0 0 0 0 0 0 0 0 0 0 0 0 0 0 0 0 0 0 0 0 0 0 0 0 0 0 0 0 0 0 0 0 shenyanping 8Сʱ_mousemovements
134.07191483333335 492.92956549999997 198.982727 0 0 0 0 0 193.33873 149.6922075 289.74978649999997 0 589.721985 0 131.74942800000002 63.829788 0.1111111111111111 0.2222222222222222 0.2222222222222222 0.0 0.1111111111111111 0.0 0.2222222222222222 0.1111111111111111 110.51518594444445 0 0 1.0 0.0 0.0 0.6666666666666666 0.2222222222222222 0.1111111111111111 0.0 0.0 0.0 0.0 0.0 0.5625 0.375 0.0625 0.0 0.0 shenyanping 8Сʱ_mousemovements
38.788109 281.5677945 0 0 0 0 0 0 0 0 412.753326 38.788109 0 0 150.382263 0 0.0 0.0 0.3333333333333333 0.3333333333333333 0.0 0.0 0.3333333333333333 0.0 62.570620999999996 38.788109 0 0.9 0.1 0.0 0.3333333333333333 0.6666666666666666 0.0 0.0 0.0 0.0 0.0 0.0 0.25 0.375 0.125 0.25 0.0 shenyanping 8Сʱ_mousemovements
0 0 0 0 0 0 0 0 0 0 0 0 0 0 0 0 0 0 0 0 0 0 0 0 0 0 0 0 0 0 0 0 0 0 0 0 0 0 0 0 0 0 0 shenyanping 8Сʱ_mousemovements
0 0 0 0 0 0 0 0 0 0 0 0 0 0 0 0 0 0 0 0 0 0 0 0 0 0 0 0 0 0 0 0 0 0 0 0 0 0 0 0 0 0 0 shenyanping 8Сʱ_mousemovements
614.91451 0 0 0 0 0 0 0 0 0 636.859009 376.453186 0 0 0 831.431335 0.0 0.0 0.3333333333333333 0.3333333333333333 0.0 0.0 0.0 0.3333333333333333 167.70395727272728 0 0 1.0 0.0 0.0 1.0 0.0 0.0 0.0 0.0 0.0 0.0 0.0 1.0 0.0 0.0 0.0 0.0 shenyanping 8Сʱ_mousemovements
138.74586664285715 650.804626 0 468.625458 0 0 1828.2351075 3372.926514 758.545654 98.47611239999999 1212.1476081666667 0 256.368347 78.91829100000001 298.96126833333335 0 0.05263157894736842 0.2631578947368421 0.3157894736842105 0.0 0.10526315789473684 0.10526315789473684 0.15789473684210525 0.0 187.55975643396226 0 50.20061833333333 0.9464285714285714 0.0 0.05357142857142857 0.7368421052631579 0.05263157894736842 0.0 0.05263157894736842 0.0 0.0 0.10526315789473684 0.05263157894736842 0.62 0.26 0.06 0.04 0.02 shenyanping 8Сʱ_mousemovements
210.348694 0 530.7961425 425.495483 0 0 0 3065.114014 220.697388 0 1632.557007 0 0 0 495.6959226666667 0 0.16666666666666666 0.0 0.3333333333333333 0.0 0.0 0.0 0.5 0.0 225.594884 0 343.298187 0.9047619047619048 0.0 0.09523809523809523 0.3333333333333333 0.0 0.3333333333333333 0.16666666666666666 0.0 0.0 0.0 0.16666666666666666 0.7058823529411765 0.17647058823529413 0.0 0.0 0.11764705882352941 shenyanping 8Сʱ_mousemovements
0 0 0 0 0 0 0 0 0 0 0 0 0 0 0 0 0 0 0 0 0 0 0 0 0 0 0 0 0 0 0 0 0 0 0 0 0 0 0 0 0 0 0 shenyanping 8Сʱ_mousemovements
1463.229736 0 0 0 0 0 0 0 0 0 0 0 0 0 0 1463.229736 0.0 0.0 0.0 0.0 0.0 0.0 0.0 1.0 182.903717 0 0 1.0 0.0 0.0 1.0 0.0 0.0 0.0 0.0 0.0 0.0 0.0 0.8571428571428571 0.0 0.14285714285714285 0.0 0.0 shenyanping 8Сʱ_mousemovements
181.3014715 0 851.539734 425.246674 0 0 0 0 0 0 295.936279 851.539734 0 0 0 245.95666899999998 0.0 0.0 0.25 0.25 0.0 0.0 0.0 0.5 117.09923935714285 0.0 0 0.9333333333333333 0.06666666666666667 0.0 0.5 0.0 0.25 0.25 0.0 0.0 0.0 0.0 0.5454545454545454 0.2727272727272727 0.0 0.09090909090909091 0.09090909090909091 shenyanping 8Сʱ_mousemovements
292.8551788571429 815.6209153333334 795.855713 655.74234 1012.226624 0 2600.120117 609.890564 0 749.5768330000001 970.7450203333333 329.19986 984.074951 0 447.1651398 663.48584 0.0 0.35294117647058826 0.17647058823529413 0.058823529411764705 0.058823529411764705 0.0 0.29411764705882354 0.058823529411764705 263.02715034883715 192.637405 119.477539 0.9555555555555556 0.022222222222222223 0.022222222222222223 0.4117647058823529 0.17647058823529413 0.11764705882352941 0.11764705882352941 0.058823529411764705 0.0 0.058823529411764705 0.058823529411764705 0.425 0.375 0.125 0.075 0.0 shenyanping 8Сʱ_mousemovements
61.733981625000006 624.788574 168.792709 794.067932 0 0 0 0 45.619793 60.71896360000001 120.3963545 794.067932 0 624.788574 0 72.657242 0.09090909090909091 0.45454545454545453 0.18181818181818182 0.09090909090909091 0.0 0.09090909090909091 0.0 0.09090909090909091 63.757611966666666 168.792709 0 0.967741935483871 0.03225806451612903 0.0 0.7272727272727273 0.09090909090909091 0.09090909090909091 0.09090909090909091 0.0 0.0 0.0 0.0 0.5416666666666666 0.25 0.08333333333333333 0.08333333333333333 0.041666666666666664 shenyanping 8Сʱ_mousemovements
224.46936055555557 312.33055125 262.499329 0 0 0 0 0 237.277084 246.484482 262.499329 0 0 203.7712555 201.4306665 314.5039414 0.07142857142857142 0.07142857142857142 0.07142857142857142 0.0 0.0 0.14285714285714285 0.2857142857142857 0.35714285714285715 56.91081320408163 167.909836 191.83536533333336 0.9245283018867925 0.018867924528301886 0.05660377358490566 0.6428571428571429 0.2857142857142857 0.07142857142857142 0.0 0.0 0.0 0.0 0.0 0.5957446808510638 0.1702127659574468 0.10638297872340426 0.0851063829787234 0.0425531914893617 shenyanping 8Сʱ_mousemovements
153.72535783333333 132.69558466666666 480.552734 1082.796143 447.628937 839.803101 0 0 0 0 341.39543560000004 337.369858 62.5 75.235095 213.98072825 497.4972586666666 0.0 0.0 0.2631578947368421 0.10526315789473684 0.05263157894736842 0.21052631578947367 0.21052631578947367 0.15789473684210525 79.21359163934426 105.037815 51.467243 0.953125 0.03125 0.015625 0.631578947368421 0.15789473684210525 0.05263157894736842 0.05263157894736842 0.05263157894736842 0.05263157894736842 0.0 0.0 0.4067796610169492 0.288135593220339 0.1694915254237288 0.03389830508474576 0.1016949152542373 shenyanping 8Сʱ_mousemovements
196.91978333333336 467.73871599999995 38.594246 278.747223 0 0 0 0 0 0 62.2991945 362.756462 0 0 165.31896733333335 0 0.0 0.0 0.2 0.5 0.0 0.0 0.3 0.0 52.41787091176471 158.6707345 167.3942605 0.8947368421052632 0.05263157894736842 0.05263157894736842 0.6 0.2 0.1 0.1 0.0 0.0 0.0 0.0 0.6875 0.15625 0.0625 0.09375 0.0 shenyanping 8Сʱ_mousemovements
0 0 0 0 0 0 0 0 0 0 0 0 0 0 0 0 0 0 0 0 0 0 0 0 0 0 0 0 0 0 0 0 0 0 0 0 0 0 0 0 0 0 0 shenyanping 8Сʱ_mousemovements
0 0 0 0 0 0 0 0 0 0 0 0 0 0 0 0 0 0 0 0 0 0 0 0 0 0 0 0 0 0 0 0 0 0 0 0 0 0 0 0 0 0 0 shenyanping 8Сʱ_mousemovements
0 0 0 0 0 0 0 0 0 0 0 0 0 0 0 0 0 0 0 0 0 0 0 0 0 0 0 0 0 0 0 0 0 0 0 0 0 0 0 0 0 0 0 shenyanping 8Сʱ_mousemovements
412.3299153333333 940.801941 0 0 0 2057.855469 2523.739746 0 1029.2062633333335 547.105957 2057.855469 814.9516905 0 453.621216 0 220.271835 0.3333333333333333 0.1111111111111111 0.1111111111111111 0.2222222222222222 0.0 0.1111111111111111 0.0 0.1111111111111111 347.6685499130435 0 0 1.0 0.0 0.0 0.6666666666666666 0.1111111111111111 0.0 0.0 0.0 0.1111111111111111 0.1111111111111111 0.0 0.6190476190476191 0.38095238095238093 0.0 0.0 0.0 shenyanping 8Сʱ_mousemovements
322.580658 0 0 0 0 0 0 0 0 0 0 0 0 0 0 322.580658 0.0 0.0 0.0 0.0 0.0 0.0 0.0 1.0 161.290329 0 0 1.0 0.0 0.0 1.0 0.0 0.0 0.0 0.0 0.0 0.0 0.0 1.0 0.0 0.0 0.0 0.0 shenyanping 8Сʱ_mousemovements
0 0 0 0 0 0 0 0 0 0 0 0 0 0 0 0 0 0 0 0 0 0 0 0 0 0 0 0 0 0 0 0 0 0 0 0 0 0 0 0 0 0 0 shenyanping 8Сʱ_mousemovements
0 0 0 0 0 0 0 0 0 0 0 0 0 0 0 0 0 0 0 0 0 0 0 0 0 0 0 0 0 0 0 0 0 0 0 0 0 0 0 0 0 0 0 shenyanping 8Сʱ_mousemovements
0 0 805.4407655 0 0 0 0 423.059662 0 0 792.047974 620.9466095 0 0 0 0 0.0 0.0 0.3333333333333333 0.6666666666666666 0.0 0.0 0.0 0.0 178.98683677777777 423.059662 0 0.9 0.1 0.0 0.0 0.0 0.6666666666666666 0.0 0.0 0.0 0.0 0.3333333333333333 0.6666666666666666 0.3333333333333333 0.0 0.0 0.0 shenyanping 8Сʱ_mousemovements
325.3645425 271.4844515 0 0 0 0 0 0 172.671799 0 0 0 0 83.63342 271.4844515 961.519531 0.16666666666666666 0.0 0.0 0.0 0.0 0.3333333333333333 0.3333333333333333 0.16666666666666666 129.58688028571427 30.210749 0 0.9333333333333333 0.06666666666666667 0.0 0.6666666666666666 0.3333333333333333 0.0 0.0 0.0 0.0 0.0 0.0 0.2857142857142857 0.35714285714285715 0.14285714285714285 0.07142857142857142 0.14285714285714285 shenyanping 8Сʱ_mousemovements
319.6638488333333 442.496155 1283.491943 1552.263672 0 0 0 0 106.38298 1196.873535 442.496155 0 1283.491943 0 242.52917875 0 0.1111111111111111 0.2222222222222222 0.1111111111111111 0.0 0.1111111111111111 0.0 0.4444444444444444 0.0 305.6608742941176 0 0 1.0 0.0 0.0 0.6666666666666666 0.1111111111111111 0.1111111111111111 0.1111111111111111 0.0 0.0 0.0 0.0 0.5625 0.375 0.0625 0.0 0.0 shenyanping 8Сʱ_mousemovements
340.283043 118.825584 1078.953247 0 0 0 0 0 0 0 1078.953247 437.213989 0 0 0 181.0888405 0.0 0.0 0.25 0.25 0.0 0.0 0.0 0.5 159.956303 0 118.825584 0.9166666666666666 0.0 0.08333333333333333 0.5 0.25 0.25 0.0 0.0 0.0 0.0 0.0 0.75 0.25 0.0 0.0 0.0 shenyanping 8Сʱ_mousemovements
141.01146200000002 432.06131 429.09367399999996 1322.223755 0 0 0 0 0 295.85611 297.0457495 125.68145 94.237724 454.2927653333333 48.840033749999996 677.2409095 0.0 0.07142857142857142 0.14285714285714285 0.07142857142857142 0.07142857142857142 0.21428571428571427 0.2857142857142857 0.14285714285714285 105.91433474285715 9.864603500000001 147.928055 0.8974358974358975 0.05128205128205128 0.05128205128205128 0.7142857142857143 0.07142857142857142 0.14285714285714285 0.07142857142857142 0.0 0.0 0.0 0.0 0.5833333333333334 0.25 0.05555555555555555 0.08333333333333333 0.027777777777777776 shenyanping 8Сʱ_mousemovements
208.09613741176474 410.1327125 155.016403 352.904602 0 0 1695.281006 0 0 582.4935053333332 412.04616725 238.365673 92.800260375 533.820404 510.94966300000004 259.13199460000004 0.0 0.10714285714285714 0.14285714285714285 0.07142857142857142 0.2857142857142857 0.07142857142857142 0.14285714285714285 0.17857142857142858 78.66321118181816 0 102.853345 0.8918918918918919 0.0 0.10810810810810811 0.6071428571428571 0.2857142857142857 0.03571428571428571 0.03571428571428571 0.0 0.0 0.03571428571428571 0.0 0.6538461538461539 0.22115384615384615 0.0673076923076923 0.028846153846153848 0.028846153846153848 shenyanping 8Сʱ_mousemovements
121.06102485714284 249.7584927142857 633.2951142 0 885.561646 0 0 0 352.17461050000003 106.819649 436.7465665 168.69037160000002 142.60018175 132.729248 445.40988200000004 209.50391166666668 0.07407407407407407 0.07407407407407407 0.2222222222222222 0.18518518518518517 0.14814814814814814 0.037037037037037035 0.14814814814814814 0.1111111111111111 75.18533534117647 0 122.71638999999999 0.9042553191489362 0.0 0.09574468085106383 0.5185185185185185 0.25925925925925924 0.18518518518518517 0.0 0.037037037037037035 0.0 0.0 0.0 0.5666666666666667 0.2222222222222222 0.1 0.06666666666666667 0.044444444444444446 shenyanping 8Сʱ_mousemovements
190.97702 0 151.352142 320.876221 2332.486328 0 0 0 0 287.846954 2332.486328 0 285.084106 0 160.4381105 151.352142 0.0 0.16666666666666666 0.16666666666666666 0.0 0.16666666666666666 0.0 0.3333333333333333 0.16666666666666666 152.91670463157894 0 236.11418149999997 0.9047619047619048 0.0 0.09523809523809523 0.5 0.0 0.16666666666666666 0.16666666666666666 0.16666666666666666 0.0 0.0 0.0 0.875 0.125 0.0 0.0 0.0 shenyanping 8Сʱ_mousemovements
157.34974025000002 3362.22876 0 516.08197 0 0 689.22052 0 876.4491106000002 12.738853 0 535.9505154999999 0 51.0425615 0 257.358612 0.45454545454545453 0.09090909090909091 0.0 0.18181818181818182 0.0 0.18181818181818182 0.0 0.09090909090909091 151.66108329411765 12.738853 219.037829 0.8947368421052632 0.02631578947368421 0.07894736842105263 0.7272727272727273 0.09090909090909091 0.0 0.09090909090909091 0.0 0.0 0.09090909090909091 0.0 0.6666666666666666 0.2222222222222222 0.027777777777777776 0.05555555555555555 0.027777777777777776 shenyanping 8Сʱ_mousemovements
225.31399707692313 491.216179 1758.998169 0 0 0 0 0 786.1020925 0 97.0132065 132.53396233333333 1243.855469 217.07359499999998 173.314636 79.39753466666666 0.125 0.0 0.125 0.1875 0.125 0.125 0.125 0.1875 103.2210565490196 0 135.41286833333334 0.9444444444444444 0.0 0.05555555555555555 0.8125 0.125 0.0625 0.0 0.0 0.0 0.0 0.0 0.5833333333333334 0.14583333333333334 0.08333333333333333 0.14583333333333334 0.041666666666666664 shenyanping 8Сʱ_mousemovements
504.142517 442.929685 608.970825 0 0 0 0 0 608.970825 504.142517 553.72522 668.539856 0 0 106.523979 0 0.2 0.2 0.2 0.2 0.0 0.0 0.2 0.0 179.64449369230772 0 106.523979 0.9285714285714286 0.0 0.07142857142857142 0.2 0.6 0.2 0.0 0.0 0.0 0.0 0.0 0.5454545454545454 0.36363636363636365 0.09090909090909091 0.0 0.0 shenyanping 8Сʱ_mousemovements
188.6634675 375.10191349999997 2216.282959 0 0 0 0 0 333.333344 223.083038 43.993591 527.120789 0 2216.282959 0 0 0.2 0.2 0.2 0.2 0.0 0.2 0.0 0.0 192.29606825000002 0 133.53831449999998 0.8888888888888888 0.0 0.1111111111111111 0.4 0.4 0.2 0.0 0.0 0.0 0.0 0.0 0.6666666666666666 0.2 0.06666666666666667 0.0 0.06666666666666667 shenyanping 8Сʱ_mousemovements
314.1650123333333 772.7740174999999 0 298.386749 282.210541 0 0 0 902.414917 452.292709 0 205.16729750000002 381.31051249999996 406.960419 342.008484 282.210541 0.1 0.2 0.0 0.2 0.2 0.1 0.1 0.1 106.80807103225806 0 233.36173233333332 0.9117647058823529 0.0 0.08823529411764706 0.6 0.2 0.0 0.1 0.1 0.0 0.0 0.0 0.6785714285714286 0.21428571428571427 0.07142857142857142 0.03571428571428571 0.0 shenyanping 8Сʱ_mousemovements
200.17762430769227 442.687485 1522.7324214999999 0 0 0 0 0 93.83549166666667 0.0 287.91063933333334 724.320618 1301.731689 564.16066925 515.8356524999999 36.7721235 0.17647058823529413 0.058823529411764705 0.17647058823529413 0.058823529411764705 0.058823529411764705 0.23529411764705882 0.11764705882352941 0.11764705882352941 109.99771217543858 0 87.75977833333332 0.95 0.0 0.05 0.7647058823529411 0.11764705882352941 0.11764705882352941 0.0 0.0 0.0 0.0 0.0 0.5660377358490566 0.32075471698113206 0.05660377358490566 0.03773584905660377 0.018867924528301886 shenyanping 8Сʱ_mousemovements
315.8125145 0 0 0 0 0 0 0 0 0 130.796324 0 500.828705 0 0 0 0.0 0.0 0.5 0.0 0.5 0.0 0.0 0.0 73.23585335294118 0 18.240551 0.9444444444444444 0.0 0.05555555555555555 1.0 0.0 0.0 0.0 0.0 0.0 0.0 0.0 0.7333333333333333 0.2 0.06666666666666667 0.0 0.0 shenyanping 8Сʱ_mousemovements
0 0 0 0 0 0 0 0 0 0 0 0 0 0 0 0 0 0 0 0 0 0 0 0 0 0 0 0 0 0 0 0 0 0 0 0 0 0 0 0 0 0 0 shenyanping 8Сʱ_mousemovements
98.78298 0 202.3143206666667 1591.707275 0 594.901367 538.028748 0 47.357407 257.381927 242.229492 582.7969993333334 0 0 107.331543 441.3403016666666 0.1 0.1 0.1 0.3 0.0 0.0 0.1 0.3 91.58459641935485 107.331543 390.12911999999994 0.9117647058823529 0.029411764705882353 0.058823529411764705 0.4 0.0 0.3 0.1 0.0 0.1 0.1 0.0 0.5714285714285714 0.14285714285714285 0.10714285714285714 0.07142857142857142 0.10714285714285714 shenyanping 8Сʱ_mousemovements
98.10260738461535 0 0 0 0 0 0 0 0 0 102.04981466666668 148.610086 0 50.583668 35.149395 125.1245385 0.0 0.0 0.23076923076923078 0.15384615384615385 0.0 0.15384615384615385 0.15384615384615385 0.3076923076923077 26.541525318181815 28.7000425 50.106697 0.9361702127659575 0.0425531914893617 0.02127659574468085 1.0 0.0 0.0 0.0 0.0 0.0 0.0 0.0 0.41025641025641024 0.3333333333333333 0.15384615384615385 0.07692307692307693 0.02564102564102564 shenyanping 8Сʱ_mousemovements
46.34560199999999 0 871.693665 1308.918213 0 0 0 0 0 27.062288 65.097443 1308.918213 0 871.693665 46.877075 0 0.0 0.2 0.2 0.2 0.0 0.2 0.2 0.0 160.40780864285713 0 36.9696815 0.875 0.0 0.125 0.6 0.0 0.2 0.2 0.0 0.0 0.0 0.0 0.5714285714285714 0.21428571428571427 0.21428571428571427 0.0 0.0 shenyanping 8Сʱ_mousemovements
122.64523814285712 813.76695975 253.95299766666668 330.828354 1731.739044 0 0 0 370.096588 134.7271903333333 410.7859826666666 276.9028993333333 49.735393666666674 49.941124 1385.99663525 11.564590749999999 0.04 0.12 0.24 0.12 0.12 0.04 0.16 0.16 133.11180917142858 18.000647 72.18100371428571 0.8860759493670886 0.02531645569620253 0.08860759493670886 0.56 0.16 0.12 0.08 0.08 0.0 0.0 0.0 0.684931506849315 0.1506849315068493 0.0958904109589041 0.0410958904109589 0.0273972602739726 shenyanping 8Сʱ_mousemovements
84.53278975 474.617859 353.366394 0 0 387.272766 0 0 227.1852835 0 212.765961 474.617859 10.472136 0 387.272766 13.888889 0.2857142857142857 0.0 0.14285714285714285 0.14285714285714285 0.14285714285714285 0.0 0.14285714285714285 0.14285714285714285 34.59861778787879 0 137.21126366666667 0.9166666666666666 0.0 0.08333333333333333 0.5714285714285714 0.14285714285714285 0.14285714285714285 0.0 0.0 0.14285714285714285 0.0 0.0 0.75 0.15625 0.0625 0.03125 0.0 shenyanping 8Сʱ_mousemovements
0 0 0 0 0 0 0 0 0 0 0 0 0 0 0 0 0 0 0 0 0 0 0 0 0 0 0 0 0 0 0 0 0 0 0 0 0 0 0 0 0 0 0 shenyanping 8Сʱ_mousemovements
304.82209800000004 523.02887 0 231.119019 426.22702 0 0 0 0 0 481.1087343333333 0 287.062653 0 231.119019 133.333328 0.0 0.0 0.5 0.0 0.16666666666666666 0.0 0.16666666666666666 0.16666666666666666 169.42928945454543 0 231.119019 0.9166666666666666 0.0 0.08333333333333333 0.5 0.16666666666666666 0.0 0.16666666666666666 0.16666666666666666 0.0 0.0 0.0 0.5 0.4 0.0 0.0 0.1 shenyanping 8Сʱ_mousemovements
129.49456433333333 0 0 0 0 0 0 0 0 0 0 0 102.732491 0 245.053528 40.697674 0.0 0.0 0.0 0.0 0.3333333333333333 0.0 0.3333333333333333 0.3333333333333333 32.37364108333333 0 0 1.0 0.0 0.0 1.0 0.0 0.0 0.0 0.0 0.0 0.0 0.0 0.8 0.2 0.0 0.0 0.0 shenyanping 8Сʱ_mousemovements
0 0 0 0 0 0 0 0 0 0 0 0 0 0 0 0 0 0 0 0 0 0 0 0 0 0 0 0 0 0 0 0 0 0 0 0 0 0 0 0 0 0 0 shenyanping 8Сʱ_mousemovements
202.06020866666665 529.1646499999999 0 1191.314209 0 0 0 560.049622 0 466.33622749999995 485.208878 0 0 1191.314209 248.826492 72.642845 0.0 0.2857142857142857 0.2857142857142857 0.0 0.0 0.14285714285714285 0.14285714285714285 0.14285714285714285 130.34988214999998 0 404.438057 0.9090909090909091 0.0 0.09090909090909091 0.42857142857142855 0.2857142857142857 0.0 0.14285714285714285 0.0 0.0 0.0 0.14285714285714285 0.5789473684210527 0.21052631578947367 0.15789473684210525 0.0 0.05263157894736842 shenyanping 8Сʱ_mousemovements
133.11218309999998 406.116086 0 0 0 1117.799194 0 0 86.780624 316.2400735 180.52896099999998 144.5154645 85.939896 294.747803 598.9969135 86.757988 0.07142857142857142 0.2857142857142857 0.14285714285714285 0.14285714285714285 0.07142857142857142 0.07142857142857142 0.14285714285714285 0.07142857142857142 86.71966046341463 80.194633 31.568571 0.9534883720930233 0.023255813953488372 0.023255813953488372 0.7142857142857143 0.21428571428571427 0.0 0.0 0.0 0.07142857142857142 0.0 0.0 0.5 0.3157894736842105 0.10526315789473684 0.07894736842105263 0.0 shenyanping 8Сʱ_mousemovements
160.282257 1089.846802 0 0 0 0 0 0 0 0 0 0 0 1089.846802 258.064514 62.5 0.0 0.0 0.0 0.0 0.0 0.3333333333333333 0.3333333333333333 0.3333333333333333 117.53427633333332 0 0 1.0 0.0 0.0 0.6666666666666666 0.3333333333333333 0.0 0.0 0.0 0.0 0.0 0.0 0.9 0.1 0.0 0.0 0.0 shenyanping 8Сʱ_mousemovements
558.064106 295.248863 235.491165 0 0 0 0 0 342.008484 213.082306 1488.913452 253.13179 0 337.365936 0 211.87167349999999 0.14285714285714285 0.14285714285714285 0.14285714285714285 0.14285714285714285 0.0 0.14285714285714285 0.0 0.2857142857142857 122.72844130434781 0 235.491165 0.9583333333333334 0.0 0.041666666666666664 0.5714285714285714 0.2857142857142857 0.14285714285714285 0.0 0.0 0.0 0.0 0.0 0.7 0.25 0.05 0.0 0.0 shenyanping 8Сʱ_mousemovements
0 0 0 0 0 0 0 0 0 0 0 0 0 0 0 0 0 0 0 0 0 0 0 0 0 0 0 0 0 0 0 0 0 0 0 0 0 0 0 0 0 0 0 shenyanping 8Сʱ_mousemovements
0 0 0 0 0 0 0 0 0 0 0 0 0 0 0 0 0 0 0 0 0 0 0 0 0 0 0 0 0 0 0 0 0 0 0 0 0 0 0 0 0 0 0 shenyanping 8Сʱ_mousemovements
0 0 0 0 0 0 0 0 0 0 0 0 0 0 0 0 0 0 0 0 0 0 0 0 0 0 0 0 0 0 0 0 0 0 0 0 0 0 0 0 0 0 0 shenyanping 8Сʱ_mousemovements
114.58128850000003 0 0 0 0 0 0 0 215.753906 0 0 105.89585925 7.092198 0 167.10462383333333 46.060833 0.0625 0.0 0.0 0.25 0.0625 0.0 0.375 0.25 30.713459163265313 12.953273 75.60864275 0.8909090909090909 0.03636363636363636 0.07272727272727272 1.0 0.0 0.0 0.0 0.0 0.0 0.0 0.0 0.6538461538461539 0.19230769230769232 0.057692307692307696 0.057692307692307696 0.038461538461538464 shenyanping 8Сʱ_mousemovements
248.035936 710.5451153333333 1189.732544 0 0 0 0 811.438416 0 811.438416 993.560303 0 667.123642 0 438.376373 57.695499 0.0 0.14285714285714285 0.2857142857142857 0.0 0.2857142857142857 0.0 0.14285714285714285 0.14285714285714285 156.65601095833333 0 434.5669575 0.9230769230769231 0.0 0.07692307692307693 0.2857142857142857 0.42857142857142855 0.14285714285714285 0.0 0.0 0.0 0.0 0.14285714285714285 0.782608695652174 0.17391304347826086 0.0 0.0 0.043478260869565216 shenyanping 8Сʱ_mousemovements
0 0 0 0 0 0 0 0 0 0 0 0 0 0 0 0 0 0 0 0 0 0 0 0 0 0 0 0 0 0 0 0 0 0 0 0 0 0 0 0 0 0 0 shenyanping 8Сʱ_mousemovements
0 0 0 0 0 0 0 0 0 0 0 0 0 0 0 0 0 0 0 0 0 0 0 0 0 0 0 0 0 0 0 0 0 0 0 0 0 0 0 0 0 0 0 shenyanping 8Сʱ_mousemovements
133.17787175 0 489.137848 0 473.738708 0 0 0 0 0 473.738708 0 0 315.1862565 104.0 183.476822 0.0 0.0 0.16666666666666666 0.0 0.0 0.3333333333333333 0.3333333333333333 0.16666666666666666 71.31787107142857 8.0 489.137848 0.875 0.0625 0.0625 0.6666666666666666 0.0 0.16666666666666666 0.0 0.16666666666666666 0.0 0.0 0.0 0.6923076923076923 0.15384615384615385 0.15384615384615385 0.0 0.0 shenyanping 8Сʱ_mousemovements
139.18966183333336 315.448669 0 0 0 0 0 0 16.835016 111.75479919999998 0 149.171066 95.238098 262.571106 201.91851 249.6491545 0.07692307692307693 0.38461538461538464 0.0 0.07692307692307693 0.07692307692307693 0.07692307692307693 0.15384615384615385 0.15384615384615385 44.69293571428572 41.279671 22.447213333333334 0.9130434782608695 0.021739130434782608 0.06521739130434782 0.9230769230769231 0.07692307692307693 0.0 0.0 0.0 0.0 0.0 0.0 0.5581395348837209 0.27906976744186046 0.09302325581395349 0.046511627906976744 0.023255813953488372 shenyanping 8Сʱ_mousemovements
0 0 0 0 0 0 0 0 0 0 0 0 0 0 0 0 0 0 0 0 0 0 0 0 0 0 0 0 0 0 0 0 0 0 0 0 0 0 0 0 0 0 0 shenyanping 8Сʱ_mousemovements
223.06256374999998 0 590.222839 1925.477783 0 0 0 0 435.7910663333334 0 0 1925.477783 0 0 0 87.5499475 0.5 0.0 0.0 0.16666666666666666 0.0 0.0 0.0 0.3333333333333333 309.8137160909091 0 0 1.0 0.0 0.0 0.6666666666666666 0.0 0.16666666666666666 0.16666666666666666 0.0 0.0 0.0 0.0 0.4 0.5 0.1 0.0 0.0 shenyanping 8Сʱ_mousemovements
183.4033303333333 368.98159166666665 0 88.030067 0 1360.78125 0 1003.729431 252.51691933333333 186.6065845 88.54694733333334 256.8729935 321.117218 715.0161018 223.8342956666667 187.92577659999998 0.125 0.08333333333333333 0.125 0.08333333333333333 0.041666666666666664 0.20833333333333334 0.125 0.20833333333333334 87.0687073896104 83.948158 77.89906685714286 0.8953488372093024 0.023255813953488372 0.08139534883720931 0.625 0.25 0.0 0.041666666666666664 0.0 0.041666666666666664 0.0 0.041666666666666664 0.6 0.2125 0.1125 0.0625 0.0125 shenyanping 8Сʱ_mousemovements
90.902256 103.145866 412.695374 0 0 0 0 0 0 149.546448 0 0 103.145866 0 222.476719 0 0.0 0.25 0.0 0.0 0.25 0.0 0.5 0.0 87.205719 0 0 1.0 0.0 0.0 0.5 0.25 0.25 0.0 0.0 0.0 0.0 0.0 0.8333333333333334 0.0 0.0 0.16666666666666666 0.0 shenyanping 8Сʱ_mousemovements
211.90296737500003 0 0 0 2029.093994 1188.796021 1135.224243 0 0 54.3909455 1107.8158415 0 481.583282 1135.224243 608.5098166666667 140.793724 0.0 0.18181818181818182 0.18181818181818182 0.0 0.09090909090909091 0.09090909090909091 0.2727272727272727 0.18181818181818182 175.70536352941176 0 74.355637 0.9714285714285714 0.0 0.02857142857142857 0.7272727272727273 0.0 0.0 0.0 0.09090909090909091 0.09090909090909091 0.09090909090909091 0.0 0.5517241379310345 0.3103448275862069 0.10344827586206896 0.034482758620689655 0.0 shenyanping 8Сʱ_mousemovements
172.537964 0 0 0 0 0 0 0 0 172.537964 0 0 0 0 0 0 0.0 1.0 0.0 0.0 0.0 0.0 0.0 0.0 86.268982 0 0 1.0 0.0 0.0 1.0 0.0 0.0 0.0 0.0 0.0 0.0 0.0 1.0 0.0 0.0 0.0 0.0 shenyanping 8Сʱ_mousemovements
0 0 0 0 0 0 0 0 0 0 0 0 0 0 0 0 0 0 0 0 0 0 0 0 0 0 0 0 0 0 0 0 0 0 0 0 0 0 0 0 0 0 0 shenyanping 8Сʱ_mousemovements
0 0 0 0 0 0 0 0 0 0 0 0 0 0 0 0 0 0 0 0 0 0 0 0 0 0 0 0 0 0 0 0 0 0 0 0 0 0 0 0 0 0 0 shenyanping 8Сʱ_mousemovements
200.1345684 1015.1931454999999 570.8571166666667 0 0 0 0 0 104.557732 254.29378039999997 511.115356 0 377.6401636666667 0 1289.441406 358.6998595 0.06666666666666667 0.3333333333333333 0.06666666666666667 0.0 0.2 0.0 0.06666666666666667 0.26666666666666666 162.8990300882353 102.868151 0 0.9444444444444444 0.05555555555555555 0.0 0.6666666666666666 0.13333333333333333 0.2 0.0 0.0 0.0 0.0 0.0 0.5161290322580645 0.3548387096774194 0.06451612903225806 0.06451612903225806 0.0 shenyanping 8Сʱ_mousemovements
203.07399288888888 553.777031 580.472534 0 0 648.601318 996.6039125 0 347.3609905 18.452341999999998 947.12793 335.528933 91.137146 1098.056183 436.73274024999995 0 0.125 0.1875 0.0625 0.1875 0.0625 0.125 0.25 0.0 102.69096289655171 30.886781 137.8476036 0.8787878787878788 0.045454545454545456 0.07575757575757576 0.5625 0.125 0.125 0.0 0.0 0.0625 0.125 0.0 0.6307692307692307 0.13846153846153847 0.12307692307692308 0.06153846153846154 0.046153846153846156 shenyanping 8Сʱ_mousemovements
548.678764 0 0 678.270081 1718.188843 0 0 0 0 400.521019 0 0 0 1718.188843 0 974.585571 0.0 0.5 0.0 0.0 0.0 0.25 0.0 0.25 291.151371 0 0 1.0 0.0 0.0 0.5 0.0 0.0 0.25 0.25 0.0 0.0 0.0 0.4 0.5 0.1 0.0 0.0 shenyanping 8Сʱ_mousemovements
