105.83777305882353 282.62986500000005 196.098816 0 0 0 0 0 30.089651 92.38579299999999 335.39556699999997 198.9066256 145.544922 58.19450366666666 91.82762749999999 91.71889325000001 0.047619047619047616 0.14285714285714285 0.09523809523809523 0.23809523809523808 0.047619047619047616 0.14285714285714285 0.09523809523809523 0.19047619047619047 29.201833453124998 26.867107500000003 153.42983283333334 0.8888888888888888 0.027777777777777776 0.08333333333333333 0.8095238095238095 0.14285714285714285 0.047619047619047616 0.0 0.0 0.0 0.0 0.0 0.4482758620689655 0.27586206896551724 0.1206896551724138 0.1206896551724138 0.034482758620689655 shenyanping 4Сʱ_mousemovements
0 0 404.38013450000005 973.520935 0 0 0 0 0 600.467468 0 973.520935 208.292801 0 0 0 0.0 0.3333333333333333 0.0 0.3333333333333333 0.3333333333333333 0.0 0.0 0.0 157.39884030000002 0 208.292801 0.9090909090909091 0.0 0.09090909090909091 0.0 0.0 0.6666666666666666 0.3333333333333333 0.0 0.0 0.0 0.0 0.5 0.5 0.0 0.0 0.0 shenyanping 4Сʱ_mousemovements
399.521454 0 0 0 3565.184814 0 0 0 0 0 3565.184814 0 0 0 399.521454 0 0.0 0.0 0.5 0.0 0.0 0.0 0.5 0.0 792.9412536000001 0 0 1.0 0.0 0.0 0.5 0.0 0.0 0.0 0.5 0.0 0.0 0.0 1.0 0.0 0.0 0.0 0.0 shenyanping 4Сʱ_mousemovements
0 0 0 0 0 0 0 0 0 0 0 0 0 0 0 0 0 0 0 0 0 0 0 0 0 0 0 0 0 0 0 0 0 0 0 0 0 0 0 0 0 0 0 shenyanping 4Сʱ_mousemovements
157.86085766666667 0 351.33489000000003 253.006226 1212.73938 0 2394.4460445 0 92.75491833333335 577.7779523333332 513.3172493333333 0 233.222031 780.261536 919.6772333333333 72.7865865 0.15789473684210525 0.3157894736842105 0.15789473684210525 0.0 0.05263157894736842 0.05263157894736842 0.15789473684210525 0.10526315789473684 131.8287584769231 9.090909 125.00248940000002 0.9154929577464789 0.014084507042253521 0.07042253521126761 0.631578947368421 0.0 0.15789473684210525 0.05263157894736842 0.05263157894736842 0.0 0.10526315789473684 0.0 0.49230769230769234 0.27692307692307694 0.15384615384615385 0.046153846153846156 0.03076923076923077 shenyanping 4Сʱ_mousemovements
92.14391587499999 309.70221485714285 0 0 0 0 0 0 0 197.68394466666666 383.29382325000006 0 10.571463000000001 0 57.011612500000005 50.621719 0.0 0.4 0.26666666666666666 0.0 0.13333333333333333 0.0 0.13333333333333333 0.06666666666666667 36.07549295890411 0.0 38.79369214285714 0.9012345679012346 0.012345679012345678 0.08641975308641975 0.5333333333333333 0.4666666666666667 0.0 0.0 0.0 0.0 0.0 0.0 0.56 0.30666666666666664 0.08 0.02666666666666667 0.02666666666666667 shenyanping 4Сʱ_mousemovements
0 0 0 0 0 0 0 0 0 0 0 0 0 0 0 0 0 0 0 0 0 0 0 0 0 0 0 0 0 0 0 0 0 0 0 0 0 0 0 0 0 0 0 shenyanping 4Сʱ_mousemovements
0 0 0 0 0 0 0 0 0 0 0 0 0 0 0 0 0 0 0 0 0 0 0 0 0 0 0 0 0 0 0 0 0 0 0 0 0 0 0 0 0 0 0 shenyanping 4Сʱ_mousemovements
0 0 0 0 0 0 0 0 0 0 0 0 0 0 0 0 0 0 0 0 0 0 0 0 0 0 0 0 0 0 0 0 0 0 0 0 0 0 0 0 0 0 0 shenyanping 4Сʱ_mousemovements
176.3001434 403.8145904 386.4422455 756.878906 0 0 0 0 215.9897155 228.813324 515.3412373333333 211.571228 310.894142 0 136.647354 520.9712525 0.15384615384615385 0.07692307692307693 0.23076923076923078 0.15384615384615385 0.15384615384615385 0.0 0.07692307692307693 0.15384615384615385 104.67688347368421 0 150.87183133333335 0.926829268292683 0.0 0.07317073170731707 0.38461538461538464 0.38461538461538464 0.15384615384615385 0.07692307692307693 0.0 0.0 0.0 0.0 0.5555555555555556 0.16666666666666666 0.16666666666666666 0.0 0.1111111111111111 shenyanping 4Сʱ_mousemovements
0 0 0 0 0 0 0 0 0 0 0 0 0 0 0 0 0 0 0 0 0 0 0 0 0 0 0 0 0 0 0 0 0 0 0 0 0 0 0 0 0 0 0 shenyanping 4Сʱ_mousemovements
0 0 0 0 0 0 0 0 0 0 0 0 0 0 0 0 0 0 0 0 0 0 0 0 0 0 0 0 0 0 0 0 0 0 0 0 0 0 0 0 0 0 0 shenyanping 4Сʱ_mousemovements
190.8913133333334 440.47753150000005 594.49292 0 0 1297.982483 0 0 594.49292 316.14329739999994 0 0 585.945923 309.766678 320.854248 1037.659355 0.07692307692307693 0.38461538461538464 0.0 0.0 0.07692307692307693 0.15384615384615385 0.15384615384615385 0.15384615384615385 143.98465685294119 9.174312 238.6126494 0.85 0.025 0.125 0.46153846153846156 0.3076923076923077 0.07692307692307693 0.0 0.0 0.15384615384615385 0.0 0.0 0.631578947368421 0.21052631578947367 0.07894736842105263 0.02631578947368421 0.05263157894736842 shenyanping 4Сʱ_mousemovements
337.16728233333333 0 0 911.597595 1909.2306519999997 0 0 0 0 1422.067261 0 1269.9031269999998 0 0 48.33577 461.448334 0.0 0.16666666666666666 0.0 0.5 0.0 0.0 0.16666666666666666 0.16666666666666666 379.5483317333333 0 48.33577 0.9375 0.0 0.0625 0.5 0.0 0.0 0.16666666666666666 0.3333333333333333 0.0 0.0 0.0 0.7333333333333333 0.2 0.06666666666666667 0.0 0.0 shenyanping 4Сʱ_mousemovements
179.676035 0 1329.796387 286.455841 0 0 1227.474243 0 0 300.6088255 0 0 1227.474243 1329.796387 0 44.59026 0.0 0.4 0.0 0.0 0.2 0.2 0.0 0.2 179.5020275 0 165.5230505 0.8888888888888888 0.0 0.1111111111111111 0.4 0.0 0.2 0.2 0.0 0.0 0.2 0.0 0.6875 0.125 0.125 0.0625 0.0 shenyanping 4Сʱ_mousemovements
0 0 0 0 0 0 0 0 0 0 0 0 0 0 0 0 0 0 0 0 0 0 0 0 0 0 0 0 0 0 0 0 0 0 0 0 0 0 0 0 0 0 0 shenyanping 4Сʱ_mousemovements
0 0 0 0 0 0 0 0 0 0 0 0 0 0 0 0 0 0 0 0 0 0 0 0 0 0 0 0 0 0 0 0 0 0 0 0 0 0 0 0 0 0 0 shenyanping 4Сʱ_mousemovements
0 0 0 0 0 0 0 0 0 0 0 0 0 0 0 0 0 0 0 0 0 0 0 0 0 0 0 0 0 0 0 0 0 0 0 0 0 0 0 0 0 0 0 shenyanping 4Сʱ_mousemovements
0 0 0 0 0 0 0 0 0 0 0 0 0 0 0 0 0 0 0 0 0 0 0 0 0 0 0 0 0 0 0 0 0 0 0 0 0 0 0 0 0 0 0 shenyanping 4Сʱ_mousemovements
0 0 0 0 0 0 0 0 0 0 0 0 0 0 0 0 0 0 0 0 0 0 0 0 0 0 0 0 0 0 0 0 0 0 0 0 0 0 0 0 0 0 0 shenyanping 4Сʱ_mousemovements
0 0 0 0 0 0 0 0 0 0 0 0 0 0 0 0 0 0 0 0 0 0 0 0 0 0 0 0 0 0 0 0 0 0 0 0 0 0 0 0 0 0 0 shenyanping 4Сʱ_mousemovements
423.03777783333334 270.364063 491.752228 1109.054932 1612.68689 2243.0678559999997 796.0632325 0 0 230.544424 1083.2473415 0 783.004761 1109.054932 535.220598 1540.385671 0.0 0.125 0.25 0.0 0.0625 0.0625 0.3125 0.1875 238.10218433333333 56.941721 610.152405 0.8888888888888888 0.037037037037037035 0.07407407407407407 0.375 0.125 0.0625 0.0625 0.125 0.125 0.125 0.0 0.7083333333333334 0.16666666666666666 0.08333333333333333 0.020833333333333332 0.020833333333333332 shenyanping 4Сʱ_mousemovements
164.21110105263162 402.39980066666664 407.864777 1131.7989195 515.1152853333333 1297.969727 1992.4695636666668 1484.0629275000001 936.7769683999999 324.87945133333335 596.8885653333333 628.487076 455.22877600000004 795.6777366666666 820.0367788333333 212.7537348333333 0.14285714285714285 0.17142857142857143 0.08571428571428572 0.05714285714285714 0.11428571428571428 0.08571428571428572 0.17142857142857143 0.17142857142857143 147.3047087410714 17.122082 357.0243333 0.9105691056910569 0.008130081300813009 0.08130081300813008 0.5428571428571428 0.08571428571428572 0.02857142857142857 0.05714285714285714 0.08571428571428572 0.05714285714285714 0.08571428571428572 0.05714285714285714 0.5508474576271186 0.2627118644067797 0.1016949152542373 0.059322033898305086 0.025423728813559324 shenyanping 4Сʱ_mousemovements
0 0 0 0 0 0 0 0 0 0 0 0 0 0 0 0 0 0 0 0 0 0 0 0 0.0 0 0 1.0 0.0 0.0 0 0 0 0 0 0 0 0 1.0 0.0 0.0 0.0 0.0 shenyanping 4Сʱ_mousemovements
0 0 0 0 0 0 0 0 0 0 0 0 0 0 0 0 0 0 0 0 0 0 0 0 0 0 0 0 0 0 0 0 0 0 0 0 0 0 0 0 0 0 0 shenyanping 4Сʱ_mousemovements
0 0 0 0 0 0 0 0 0 0 0 0 0 0 0 0 0 0 0 0 0 0 0 0 0 0 0 0 0 0 0 0 0 0 0 0 0 0 0 0 0 0 0 shenyanping 4Сʱ_mousemovements
0 0 0 0 0 0 0 0 0 0 0 0 0 0 0 0 0 0 0 0 0 0 0 0 0 0 0 0 0 0 0 0 0 0 0 0 0 0 0 0 0 0 0 shenyanping 4Сʱ_mousemovements
0 0 0 0 0 0 0 0 0 0 0 0 0 0 0 0 0 0 0 0 0 0 0 0 0 0 0 0 0 0 0 0 0 0 0 0 0 0 0 0 0 0 0 shenyanping 4Сʱ_mousemovements
0 0 0 0 0 0 0 0 0 0 0 0 0 0 0 0 0 0 0 0 0 0 0 0 0 0 0 0 0 0 0 0 0 0 0 0 0 0 0 0 0 0 0 shenyanping 4Сʱ_mousemovements
0 0 0 0 0 0 0 0 0 0 0 0 0 0 0 0 0 0 0 0 0 0 0 0 0 0 0 0 0 0 0 0 0 0 0 0 0 0 0 0 0 0 0 shenyanping 4Сʱ_mousemovements
0 0 0 0 0 0 0 0 0 0 0 0 0 0 0 0 0 0 0 0 0 0 0 0 0 0 0 0 0 0 0 0 0 0 0 0 0 0 0 0 0 0 0 shenyanping 4Сʱ_mousemovements
0 0 0 0 0 0 0 0 0 0 0 0 0 0 0 0 0 0 0 0 0 0 0 0 0 0 0 0 0 0 0 0 0 0 0 0 0 0 0 0 0 0 0 shenyanping 4Сʱ_mousemovements
0 0 0 0 0 0 0 0 0 0 0 0 0 0 0 0 0 0 0 0 0 0 0 0 0 0 0 0 0 0 0 0 0 0 0 0 0 0 0 0 0 0 0 shenyanping 4Сʱ_mousemovements
0 0 0 0 0 0 0 0 0 0 0 0 0 0 0 0 0 0 0 0 0 0 0 0 0 0 0 0 0 0 0 0 0 0 0 0 0 0 0 0 0 0 0 shenyanping 4Сʱ_mousemovements
0 0 0 0 0 0 0 0 0 0 0 0 0 0 0 0 0 0 0 0 0 0 0 0 0.0 0 0 1.0 0.0 0.0 0 0 0 0 0 0 0 0 1.0 0.0 0.0 0.0 0.0 shenyanping 4Сʱ_mousemovements
276.91369725 0 0 909.1391295 0 422.69519 0 0 343.878235 1092.032837 726.245422 90.953247 40.129215 527.694641 0 0 0.14285714285714285 0.14285714285714285 0.14285714285714285 0.14285714285714285 0.14285714285714285 0.2857142857142857 0.0 0.0 209.289264875 0 0 1.0 0.0 0.0 0.5714285714285714 0.0 0.0 0.2857142857142857 0.0 0.14285714285714285 0.0 0.0 0.6428571428571429 0.14285714285714285 0.14285714285714285 0.07142857142857142 0.0 shenyanping 4Сʱ_mousemovements
59.26939533333333 959.522461 0 620.226196 0 0 0 0 0 0 789.8743285 0 77.116669 64.715065 35.976452 0 0.0 0.0 0.4 0.0 0.2 0.2 0.2 0.0 118.34752328571429 0 50.3457585 0.875 0.0 0.125 0.6 0.2 0.0 0.2 0.0 0.0 0.0 0.0 0.6428571428571429 0.14285714285714285 0.07142857142857142 0.14285714285714285 0.0 shenyanping 4Сʱ_mousemovements
0 0 0 0 0 0 0 0 0 0 0 0 0 0 0 0 0 0 0 0 0 0 0 0 0 0 0 0 0 0 0 0 0 0 0 0 0 0 0 0 0 0 0 shenyanping 4Сʱ_mousemovements
0 0 0 0 0 0 0 0 0 0 0 0 0 0 0 0 0 0 0 0 0 0 0 0 0 0 0 0 0 0 0 0 0 0 0 0 0 0 0 0 0 0 0 shenyanping 4Сʱ_mousemovements
529.882599 103.297913 834.480286 1908.652222 1755.808594 0 0 0 180.3375245 1908.652222 0 0 0 1295.14444 802.388062 0 0.3333333333333333 0.16666666666666666 0.0 0.0 0.0 0.3333333333333333 0.16666666666666666 0.0 292.5634894736842 0 103.297913 0.95 0.0 0.05 0.3333333333333333 0.16666666666666666 0.16666666666666666 0.16666666666666666 0.16666666666666666 0.0 0.0 0.0 0.6111111111111112 0.2222222222222222 0.1111111111111111 0.0 0.05555555555555555 shenyanping 4Сʱ_mousemovements
242.25107079999998 422.419286 493.48938375 1008.5795517500001 0 0 0 2298.54126 477.8368683333333 216.486771 904.5272063333333 257.466339 949.04795075 1169.869629 476.9273376666667 163.11613150000002 0.13636363636363635 0.045454545454545456 0.13636363636363635 0.045454545454545456 0.18181818181818182 0.045454545454545456 0.13636363636363635 0.2727272727272727 147.43207602739727 0 176.29200257142858 0.9125 0.0 0.0875 0.45454545454545453 0.13636363636363635 0.18181818181818182 0.18181818181818182 0.0 0.0 0.0 0.045454545454545456 0.5945945945945946 0.24324324324324326 0.08108108108108109 0.04054054054054054 0.04054054054054054 shenyanping 4Сʱ_mousemovements
220.02904330769232 692.31410975 1257.6759182500002 421.26409525 601.791504 2732.9940185 3171.5851843333335 0 799.9290591666668 890.8010635 931.95500475 830.8992304999999 1116.8649520000001 666.2417145000001 2983.090576 215.4237866666667 0.1935483870967742 0.12903225806451613 0.12903225806451613 0.06451612903225806 0.16129032258064516 0.06451612903225806 0.06451612903225806 0.1935483870967742 283.7361071910113 0 297.26840111111113 0.9081632653061225 0.0 0.09183673469387756 0.41935483870967744 0.12903225806451613 0.12903225806451613 0.12903225806451613 0.03225806451612903 0.06451612903225806 0.0967741935483871 0.0 0.6559139784946236 0.1935483870967742 0.07526881720430108 0.053763440860215055 0.021505376344086023 shenyanping 4Сʱ_mousemovements
96.6745298888889 0 593.091675 0 627.491516 0 0 0 86.1699445 17.021276 118.2178495 314.43019300000003 390.542587 0 127.45576799999999 0 0.18181818181818182 0.09090909090909091 0.18181818181818182 0.18181818181818182 0.18181818181818182 0.0 0.18181818181818182 0.0 37.97532338235294 0 159.898593 0.8717948717948718 0.0 0.1282051282051282 0.8181818181818182 0.0 0.09090909090909091 0.0 0.09090909090909091 0.0 0.0 0.0 0.6486486486486487 0.24324324324324326 0.05405405405405406 0.05405405405405406 0.0 shenyanping 4Сʱ_mousemovements
140.4083775 618.8259429999999 0 348.809479 0 0 706.846313 0 50.429578500000005 447.097992 535.283737 0 706.846313 348.809479 0 180.760773 0.25 0.125 0.25 0.0 0.125 0.125 0.0 0.125 88.91132980769231 0 181.08220433333335 0.896551724137931 0.0 0.10344827586206896 0.5 0.25 0.0 0.125 0.0 0.0 0.125 0.0 0.5769230769230769 0.19230769230769232 0.038461538461538464 0.038461538461538464 0.15384615384615385 shenyanping 4Сʱ_mousemovements
0 0 0 0 0 0 0 0 0 0 0 0 0 0 0 0 0 0 0 0 0 0 0 0 0 0 0 0 0 0 0 0 0 0 0 0 0 0 0 0 0 0 0 shenyanping 4Сʱ_mousemovements
0 0 0 0 0 0 0 0 0 0 0 0 0 0 0 0 0 0 0 0 0 0 0 0 0 0 0 0 0 0 0 0 0 0 0 0 0 0 0 0 0 0 0 shenyanping 4Сʱ_mousemovements
100.93769533333334 49.094225 0 530.2197570000001 0 0 0 0 269.650757 227.31915850000001 0 48.259087 0 17.6341735 49.593557000000004 327.915863 0.07692307692307693 0.3076923076923077 0.0 0.07692307692307693 0.0 0.15384615384615385 0.23076923076923078 0.15384615384615385 57.53112526470588 49.094225 12.820513 0.918918918918919 0.05405405405405406 0.02702702702702703 0.6923076923076923 0.15384615384615385 0.0 0.15384615384615385 0.0 0.0 0.0 0.0 0.5588235294117647 0.20588235294117646 0.08823529411764706 0.08823529411764706 0.058823529411764705 shenyanping 4Сʱ_mousemovements
340.56090099999994 0 835.9164226666667 1120.807983 2161.550049 0 0 0 460.6652246666666 0 179.374023 274.324951 929.241089 777.9322964999999 1732.8666385000001 193.75 0.25 0.0 0.08333333333333333 0.08333333333333333 0.08333333333333333 0.16666666666666666 0.16666666666666666 0.16666666666666666 261.31885273333336 0 167.2340125 0.9375 0.0 0.0625 0.5833333333333334 0.0 0.25 0.08333333333333333 0.08333333333333333 0.0 0.0 0.0 0.6428571428571429 0.32142857142857145 0.0 0.0 0.03571428571428571 shenyanping 4Сʱ_mousemovements
579.54422 634.873535 0 1198.425781 744.5368805 0 2367.165039 5723.828613 347.247223 2908.6223956666668 0 0 1198.425781 1141.826538 0 579.54422 0.125 0.375 0.0 0.0 0.125 0.125 0.0 0.25 582.1527593333333 0 347.247223 0.9545454545454546 0.0 0.045454545454545456 0.25 0.125 0.0 0.125 0.25 0.0 0.125 0.125 0.6 0.25 0.1 0.05 0.0 shenyanping 4Сʱ_mousemovements
263.36104974999995 522.7659583333334 680.7211765 0 121.28421 1546.238647 0 0 1085.7525325 497.64568849999995 219.098312 193.375824 121.28421 261.8769645 368.21368725 34.924731 0.10526315789473684 0.3157894736842105 0.05263157894736842 0.05263157894736842 0.05263157894736842 0.10526315789473684 0.21052631578947367 0.10526315789473684 152.83722281632654 7.142857 65.35722675 0.9074074074074074 0.018518518518518517 0.07407407407407407 0.631578947368421 0.15789473684210525 0.10526315789473684 0.0 0.05263157894736842 0.05263157894736842 0.0 0.0 0.6046511627906976 0.2558139534883721 0.06976744186046512 0.023255813953488372 0.046511627906976744 shenyanping 4Сʱ_mousemovements
99.65113174999999 245.24476600000003 229.569824 271.504368 1900.0781656666668 1231.3149516666665 775.3792725000001 0 736.6411602000001 1023.6401825 1932.4131315 392.55570500000005 186.93346575 43.5252245 406.75525274999995 0 0.22727272727272727 0.09090909090909091 0.09090909090909091 0.13636363636363635 0.18181818181818182 0.09090909090909091 0.18181818181818182 0.0 159.7536108 72.32278366666667 438.971969 0.8783783783783784 0.04054054054054054 0.08108108108108109 0.36363636363636365 0.09090909090909091 0.09090909090909091 0.09090909090909091 0.13636363636363635 0.13636363636363635 0.09090909090909091 0.0 0.5714285714285714 0.20634920634920634 0.15873015873015872 0.047619047619047616 0.015873015873015872 shenyanping 4Сʱ_mousemovements
152.3792050909091 447.02380866666675 535.309647 1624.235687 1478.192627 1713.297302 1652.884399 3701.963623 121.517191 667.315704 1559.7851970000002 0 368.1796245 719.85662825 842.3164406666666 0 0.08695652173913043 0.2608695652173913 0.13043478260869565 0.0 0.08695652173913043 0.17391304347826086 0.2608695652173913 0.0 294.36743075000004 117.967715 213.17387366666665 0.8888888888888888 0.06349206349206349 0.047619047619047616 0.4782608695652174 0.13043478260869565 0.08695652173913043 0.08695652173913043 0.043478260869565216 0.08695652173913043 0.043478260869565216 0.043478260869565216 0.75 0.125 0.10714285714285714 0.017857142857142856 0.0 shenyanping 4Сʱ_mousemovements
58.52462033333333 502.1697893333333 592.2030793333333 0 0 2092.0625 0 911.276245 2135.560547 284.24739275 0 457.0674745 1077.8809709999998 911.276245 0 222.489487 0.08333333333333333 0.3333333333333333 0.0 0.16666666666666666 0.25 0.08333333333333333 0.0 0.08333333333333333 271.8676788 14.184397 127.95965033333333 0.8823529411764706 0.029411764705882353 0.08823529411764706 0.25 0.25 0.25 0.0 0.0 0.16666666666666666 0.0 0.08333333333333333 0.6 0.26666666666666666 0.1 0.0 0.03333333333333333 shenyanping 4Сʱ_mousemovements
75.94615433333334 296.778885 129.489395 0 1099.207642 0 0 0 1099.207642 92.17782224999999 126.550232 0 0 131.118515 158.40186183333333 0 0.07142857142857142 0.2857142857142857 0.14285714285714285 0.0 0.0 0.07142857142857142 0.42857142857142855 0.0 54.031553 126.550232 39.34291066666667 0.9 0.04 0.06 0.6428571428571429 0.21428571428571427 0.07142857142857142 0.0 0.07142857142857142 0.0 0.0 0.0 0.5227272727272727 0.29545454545454547 0.13636363636363635 0.045454545454545456 0.0 shenyanping 4Сʱ_mousemovements
0 0 0 0 0 0 0 0 0 0 0 0 0 0 0 0 0 0 0 0 0 0 0 0 0 0 0 0 0 0 0 0 0 0 0 0 0 0 0 0 0 0 0 shenyanping 4Сʱ_mousemovements
0 0 0 0 0 0 0 0 0 0 0 0 0 0 0 0 0 0 0 0 0 0 0 0 0 0 0 0 0 0 0 0 0 0 0 0 0 0 0 0 0 0 0 shenyanping 4Сʱ_mousemovements
402.20791133333336 283.66152933333336 544.696411 1279.1591596666665 0 0 0 2797.815674 1822.5160525 749.652008 573.802307 0 188.6599655 1025.874466 0 64.516129 0.18181818181818182 0.18181818181818182 0.09090909090909091 0.0 0.18181818181818182 0.2727272727272727 0.0 0.09090909090909091 287.7758789333333 139.903862 324.513794 0.9090909090909091 0.06060606060606061 0.030303030303030304 0.2727272727272727 0.2727272727272727 0.09090909090909091 0.2727272727272727 0.0 0.0 0.0 0.09090909090909091 0.6428571428571429 0.14285714285714285 0.10714285714285714 0.07142857142857142 0.03571428571428571 shenyanping 4Сʱ_mousemovements
97.75957233333334 1156.9570615 291.052917 0 1066.205933 3076.878418 0 1064.5201415000001 477.89220666666665 369.626297 3076.878418 0 1151.6141360000001 0 1156.9570615 0 0.2727272727272727 0.2727272727272727 0.09090909090909091 0.0 0.18181818181818182 0.0 0.18181818181818182 0.0 336.20036593333333 6.410256 72.077545 0.9090909090909091 0.030303030303030304 0.06060606060606061 0.2727272727272727 0.18181818181818182 0.09090909090909091 0.0 0.18181818181818182 0.09090909090909091 0.0 0.18181818181818182 0.6666666666666666 0.13333333333333333 0.06666666666666667 0.1 0.03333333333333333 shenyanping 4Сʱ_mousemovements
223.677082 263.7228775 508.96996033333335 906.003639 0 0 1948.4890745 0 1360.2762910000001 450.70040866666676 0 946.7638089999999 237.79827899999998 658.85977925 161.342903 76.427406 0.11764705882352941 0.17647058823529413 0.0 0.11764705882352941 0.11764705882352941 0.23529411764705882 0.11764705882352941 0.11764705882352941 216.67510509523808 227.328079 112.537613 0.9333333333333333 0.022222222222222223 0.044444444444444446 0.47058823529411764 0.11764705882352941 0.17647058823529413 0.11764705882352941 0.0 0.0 0.11764705882352941 0.0 0.5609756097560976 0.2926829268292683 0.04878048780487805 0.04878048780487805 0.04878048780487805 shenyanping 4Сʱ_mousemovements
850.708435 0 0 876.550903 0 0 0 0 602.290283 0 0 876.550903 0 0 1099.126587 0 0.3333333333333333 0.0 0.0 0.3333333333333333 0.0 0.0 0.3333333333333333 0.0 429.66129550000005 0 0 1.0 0.0 0.0 0.6666666666666666 0.0 0.0 0.3333333333333333 0.0 0.0 0.0 0.0 0.8 0.0 0.2 0.0 0.0 shenyanping 4Сʱ_mousemovements
62.5 0 1782.306885 0 0 0 1157.365601 0 1469.836243 0 0 0 0 0 62.5 0 0.6666666666666666 0.0 0.0 0.0 0.0 0.0 0.3333333333333333 0.0 500.362081 0 0 1.0 0.0 0.0 0.3333333333333333 0.0 0.3333333333333333 0.0 0.0 0.0 0.3333333333333333 0.0 0.8333333333333334 0.0 0.16666666666666666 0.0 0.0 shenyanping 4Сʱ_mousemovements
457.2000045 363.664948 403.761116 0 0 0 0 0 0 0 147.154739 608.1629946666667 0 0 0 113.943466 0.0 0.0 0.2 0.6 0.0 0.0 0.0 0.2 176.2211318181818 147.154739 0 0.9166666666666666 0.08333333333333333 0.0 0.4 0.2 0.4 0.0 0.0 0.0 0.0 0.0 0.375 0.5 0.125 0.0 0.0 shenyanping 4Сʱ_mousemovements
0 0 0 0 0 0 0 0 0 0 0 0 0 0 0 0 0 0 0 0 0 0 0 0 0 0 0 0 0 0 0 0 0 0 0 0 0 0 0 0 0 0 0 shenyanping 4Сʱ_mousemovements
367.32895322222225 335.75647 1267.022583 0 2454.655762 0 0 0 0 1485.9940185 0 0 0 619.711403 387.09677899999997 284.59204675 0.0 0.16666666666666666 0.0 0.0 0.0 0.3333333333333333 0.16666666666666666 0.3333333333333333 271.8058265555555 0 24.638077 0.9642857142857143 0.0 0.03571428571428571 0.75 0.08333333333333333 0.08333333333333333 0.0 0.08333333333333333 0.0 0.0 0.0 0.6956521739130435 0.21739130434782608 0.0 0.043478260869565216 0.043478260869565216 shenyanping 4Сʱ_mousemovements
0 0 0 0 0 0 0 0 0 0 0 0 0 0 0 0 0 0 0 0 0 0 0 0 0 0 0 0 0 0 0 0 0 0 0 0 0 0 0 0 0 0 0 shenyanping 4Сʱ_mousemovements
0 0 0 0 0 0 0 0 0 0 0 0 0 0 0 0 0 0 0 0 0 0 0 0 0 0 0 0 0 0 0 0 0 0 0 0 0 0 0 0 0 0 0 shenyanping 4Сʱ_mousemovements
0 0 0 0 0 0 0 0 0 0 0 0 0 0 0 0 0 0 0 0 0 0 0 0 0 0 0 0 0 0 0 0 0 0 0 0 0 0 0 0 0 0 0 shenyanping 4Сʱ_mousemovements
0 0 0 0 0 0 0 0 0 0 0 0 0 0 0 0 0 0 0 0 0 0 0 0 0 0 0 0 0 0 0 0 0 0 0 0 0 0 0 0 0 0 0 shenyanping 4Сʱ_mousemovements
0 0 0 0 0 0 0 0 0 0 0 0 0 0 0 0 0 0 0 0 0 0 0 0 0 0 0 0 0 0 0 0 0 0 0 0 0 0 0 0 0 0 0 shenyanping 4Сʱ_mousemovements
398.28783999999996 955.321228 0 0 0 1164.4513550000001 0 0 0 1059.668823 822.045715 0 1269.233887 955.321228 17.97909 354.838715 0.0 0.16666666666666666 0.16666666666666666 0.0 0.16666666666666666 0.16666666666666666 0.16666666666666666 0.16666666666666666 318.6505977142857 0 17.97909 0.9333333333333333 0.0 0.06666666666666667 0.5 0.16666666666666666 0.0 0.0 0.0 0.3333333333333333 0.0 0.0 0.5833333333333334 0.16666666666666666 0.25 0.0 0.0 shenyanping 4Сʱ_mousemovements
0 0 0 0 0 0 0 0 0 0 0 0 0 0 0 0 0 0 0 0 0 0 0 0 0.0 0 0 1.0 0.0 0.0 0 0 0 0 0 0 0 0 1.0 0.0 0.0 0.0 0.0 shenyanping 4Сʱ_mousemovements
258.7085013076923 388.7984136666667 440.919117 722.4736836666667 0 1449.127563 0 0 291.3455735 565.209674 528.3970335 661.006714 432.931854 292.2872525 275.4939804 468.938034 0.08333333333333333 0.20833333333333334 0.08333333333333333 0.041666666666666664 0.125 0.16666666666666666 0.20833333333333334 0.08333333333333333 147.32618604687502 19.447021 153.83597066666667 0.9411764705882353 0.014705882352941176 0.04411764705882353 0.5416666666666666 0.125 0.16666666666666666 0.125 0.0 0.041666666666666664 0.0 0.0 0.49206349206349204 0.2857142857142857 0.09523809523809523 0.07936507936507936 0.047619047619047616 shenyanping 4Сʱ_mousemovements
246.91134935714285 512.55905175 510.88217180000004 637.8115236666666 3494.310303 0 0 0 369.62942125000006 1083.330933 401.37987525 90.5211925 390.74777380000006 758.698212 754.855496 182.80828100000002 0.14814814814814814 0.037037037037037035 0.14814814814814814 0.07407407407407407 0.18518518518518517 0.07407407407407407 0.25925925925925924 0.07407407407407407 149.80347604819275 0 172.57705316666667 0.9325842696629213 0.0 0.06741573033707865 0.5185185185185185 0.14814814814814814 0.18518518518518517 0.1111111111111111 0.037037037037037035 0.0 0.0 0.0 0.6506024096385542 0.1927710843373494 0.07228915662650602 0.04819277108433735 0.03614457831325301 shenyanping 4Сʱ_mousemovements
392.17529300000007 412.291748 564.260803 0 528.807556 2170.530273 0 0 564.260803 373.0772753333333 2170.530273 0 0 528.807556 584.044434 369.2835664 0.08333333333333333 0.25 0.08333333333333333 0.0 0.0 0.08333333333333333 0.08333333333333333 0.4166666666666667 208.77361906666667 21.276596 528.807556 0.9375 0.03125 0.03125 0.6666666666666666 0.08333333333333333 0.08333333333333333 0.0 0.08333333333333333 0.08333333333333333 0.0 0.0 0.6666666666666666 0.2 0.06666666666666667 0.03333333333333333 0.03333333333333333 shenyanping 4Сʱ_mousemovements
310.1277955714286 989.8161620000001 477.588145 0 0 1836.069458 0 0 1006.279017 175.235489 485.7531076666667 0 0.0 475.50848375 948.5424373333334 0 0.2 0.06666666666666667 0.2 0.0 0.06666666666666667 0.26666666666666666 0.2 0.0 245.14067075675675 27.459953 301.328339 0.9487179487179487 0.02564102564102564 0.02564102564102564 0.4666666666666667 0.26666666666666666 0.2 0.0 0.0 0.06666666666666667 0.0 0.0 0.5945945945945946 0.21621621621621623 0.16216216216216217 0.0 0.02702702702702703 shenyanping 4Сʱ_mousemovements
205.72357616666667 507.0483855 0 782.715027 0 0 3254.765625 0 0 1684.068207 771.550659 43.209179 63.829788 408.4156796666666 0 406.9729005 0.0 0.2 0.1 0.1 0.1 0.3 0.0 0.2 215.80566896428576 0 121.6800745 0.9333333333333333 0.0 0.06666666666666667 0.6 0.2 0.0 0.1 0.0 0.0 0.1 0.0 0.5357142857142857 0.2857142857142857 0.10714285714285714 0.0 0.07142857142857142 shenyanping 4Сʱ_mousemovements
0.0 0 0 792.412842 0 0 0 1940.893799 0.0 0 0 0 0 0 1366.6533205 0 0.3333333333333333 0.0 0.0 0.0 0.0 0.0 0.6666666666666666 0.0 455.55110683333334 0 0 1.0 0.0 0.0 0.3333333333333333 0.0 0.0 0.3333333333333333 0.0 0.0 0.0 0.3333333333333333 0.6 0.2 0.2 0.0 0.0 shenyanping 4Сʱ_mousemovements
0 0 0 647.457947 0 0 0 0 0 647.457947 0 0 0 0 0 0 0.0 1.0 0.0 0.0 0.0 0.0 0.0 0.0 323.7289735 0 0 1.0 0.0 0.0 0.0 0.0 0.0 1.0 0.0 0.0 0.0 0.0 0.0 0.0 1.0 0.0 0.0 shenyanping 4Сʱ_mousemovements
482.83462525000004 0 0 0 0 0 0 0 425.774231 0 0 1021.547485 0 0 62.5 421.516785 0.25 0.0 0.0 0.25 0.0 0.0 0.25 0.25 241.41731262500002 0 0 1.0 0.0 0.0 1.0 0.0 0.0 0.0 0.0 0.0 0.0 0.0 0.8333333333333334 0.16666666666666666 0.0 0.0 0.0 shenyanping 4Сʱ_mousemovements
252.80449819999998 507.53671299999996 747.5943602 0 955.7230426666666 0 0 501.957581 369.47441100000003 871.7038229999999 185.94371 0 1173.3320615 395.2608185 369.8533175 407.30464199999994 0.11764705882352941 0.23529411764705882 0.058823529411764705 0.0 0.11764705882352941 0.23529411764705882 0.11764705882352941 0.11764705882352941 173.73366093877553 146.904114 308.46941 0.9074074074074074 0.018518518518518517 0.07407407407407407 0.29411764705882354 0.17647058823529413 0.29411764705882354 0.0 0.17647058823529413 0.0 0.0 0.058823529411764705 0.5652173913043478 0.34782608695652173 0.08695652173913043 0.0 0.0 shenyanping 4Сʱ_mousemovements
0 0 0 0 0 0 0 0 0 0 0 0 0 0 0 0 0 0 0 0 0 0 0 0 0 0 0 0 0 0 0 0 0 0 0 0 0 0 0 0 0 0 0 shenyanping 4Сʱ_mousemovements
0 0 0 0 0 0 0 0 0 0 0 0 0 0 0 0 0 0 0 0 0 0 0 0 0 0 0 0 0 0 0 0 0 0 0 0 0 0 0 0 0 0 0 shenyanping 4Сʱ_mousemovements
0 0 0 0 0 0 0 0 0 0 0 0 0 0 0 0 0 0 0 0 0 0 0 0 0 0 0 0 0 0 0 0 0 0 0 0 0 0 0 0 0 0 0 shenyanping 4Сʱ_mousemovements
0 0 0 0 0 0 0 0 0 0 0 0 0 0 0 0 0 0 0 0 0 0 0 0 0 0 0 0 0 0 0 0 0 0 0 0 0 0 0 0 0 0 0 shenyanping 4Сʱ_mousemovements
495.16602642857146 0 1106.887675 574.974365 0 1983.09729 0 0 0 1228.13588325 1511.893677 0 172.107956 0 574.4002685 399.8877905 0.0 0.3333333333333333 0.08333333333333333 0.0 0.08333333333333333 0.0 0.16666666666666666 0.3333333333333333 274.8499077941176 0 0 1.0 0.0 0.0 0.5833333333333334 0.0 0.25 0.08333333333333333 0.0 0.08333333333333333 0.0 0.0 0.625 0.21875 0.09375 0.03125 0.03125 shenyanping 4Сʱ_mousemovements
0 0 0 0 0 0 0 0 0 0 0 0 0 0 0 0 0 0 0 0 0 0 0 0 0 0 0 0 0 0 0 0 0 0 0 0 0 0 0 0 0 0 0 shenyanping 4Сʱ_mousemovements
46.375435 0 0 0 0 0 1613.675781 0 0 1613.675781 0 0 46.375435 0 0 0 0.0 0.5 0.0 0.0 0.5 0.0 0.0 0.0 415.01280399999996 0 0 1.0 0.0 0.0 0.5 0.0 0.0 0.0 0.0 0.0 0.5 0.0 0.0 1.0 0.0 0.0 0.0 shenyanping 4Сʱ_mousemovements
0 0 0 0 549.540588 0 1696.273438 0 0 0 0 0 0 1696.273438 549.540588 0 0.0 0.0 0.0 0.0 0.0 0.5 0.5 0.0 374.3023376666667 0 0 1.0 0.0 0.0 0.0 0.0 0.0 0.0 0.5 0.0 0.5 0.0 0.2 0.6 0.0 0.0 0.2 shenyanping 4Сʱ_mousemovements
0 0 0 0 0 0 0 0 0 0 0 0 0 0 0 0 0 0 0 0 0 0 0 0 0 0 0 0 0 0 0 0 0 0 0 0 0 0 0 0 0 0 0 shenyanping 4Сʱ_mousemovements
0 0 0 0 0 0 0 0 0 0 0 0 0 0 0 0 0 0 0 0 0 0 0 0 0 0 0 0 0 0 0 0 0 0 0 0 0 0 0 0 0 0 0 shenyanping 4Сʱ_mousemovements
211.7276853571429 500.27069874999995 864.5459595 0 0 0 0 4553.153809 374.461207 549.7048287499999 2405.4051975 98.94467549999999 0 346.0016635 367.983498 188.16902925 0.14285714285714285 0.19047619047619047 0.09523809523809523 0.09523809523809523 0.0 0.09523809523809523 0.19047619047619047 0.19047619047619047 213.78513724 8.0 183.41975200000002 0.9259259259259259 0.018518518518518517 0.05555555555555555 0.6666666666666666 0.19047619047619047 0.09523809523809523 0.0 0.0 0.0 0.0 0.047619047619047616 0.6470588235294118 0.23529411764705882 0.058823529411764705 0.0392156862745098 0.0196078431372549 shenyanping 4Сʱ_mousemovements
187.47351650000002 523.841614 434.622284 376.859009 1977.983887 1560.624512 0 0 1769.3041995 310.3468166 71.74627100000001 0 281.315071 514.754272 62.5 0 0.15384615384615385 0.38461538461538464 0.15384615384615385 0.0 0.15384615384615385 0.07692307692307693 0.07692307692307693 0.0 176.3311998611111 4.923414 20.872829 0.9473684210526315 0.02631578947368421 0.02631578947368421 0.6153846153846154 0.07692307692307693 0.07692307692307693 0.07692307692307693 0.07692307692307693 0.07692307692307693 0.0 0.0 0.5454545454545454 0.3333333333333333 0.030303030303030304 0.030303030303030304 0.06060606060606061 shenyanping 4Сʱ_mousemovements
380.0326662222222 658.4890831428572 526.1317803333333 2535.706543 0 458.725372 925.759644 1020.2752176666667 267.73151866666666 870.27494825 586.6939083333333 536.567978 137.796691 682.8693085 727.9638266666666 1070.16400125 0.12 0.16 0.12 0.08 0.08 0.16 0.12 0.16 194.49850874999998 124.305588 410.1553188333334 0.9113924050632911 0.012658227848101266 0.0759493670886076 0.36 0.28 0.12 0.04 0.0 0.04 0.04 0.12 0.6323529411764706 0.19117647058823528 0.1323529411764706 0.029411764705882353 0.014705882352941176 shenyanping 4Сʱ_mousemovements
118.25616576923078 262.3259962 508.86159000000004 759.4164047500001 689.005066 0 1409.3547973333334 922.937744 796.0216065 263.0513955 1019.4743225999998 201.60923233333332 296.35451939999996 271.147217 727.952955 196.51363977777777 0.06060606060606061 0.12121212121212122 0.15151515151515152 0.09090909090909091 0.15151515151515152 0.030303030303030304 0.12121212121212122 0.2727272727272727 106.70563955102041 7.142857 331.9620741538461 0.875 0.008928571428571428 0.11607142857142858 0.3939393939393939 0.15151515151515152 0.18181818181818182 0.12121212121212122 0.030303030303030304 0.0 0.09090909090909091 0.030303030303030304 0.5327102803738317 0.22429906542056074 0.14018691588785046 0.04672897196261682 0.056074766355140186 shenyanping 4Сʱ_mousemovements
140.92210459999998 264.43154925 0 1263.9987589999998 757.7280885 0 3972.508789 0 0.0 1086.8662743999998 1316.095215 181.187197 173.87149325000001 779.308998 279.108673 142.20460774999998 0.04 0.2 0.08 0.16 0.16 0.08 0.12 0.16 128.5979315581395 6.369427 153.96971866666667 0.8958333333333334 0.010416666666666666 0.09375 0.6 0.16 0.0 0.12 0.08 0.0 0.04 0.0 0.5454545454545454 0.20454545454545456 0.1590909090909091 0.045454545454545456 0.045454545454545456 shenyanping 4Сʱ_mousemovements
98.31431307692307 465.90131633333334 575.4708785 786.3312176666667 872.4788512499999 0 0 0 753.265747 326.2131273333333 617.0891963333333 618.7975485 284.986439 170.2643165 310.38154383333335 259.0206146 0.034482758620689655 0.10344827586206896 0.20689655172413793 0.13793103448275862 0.06896551724137931 0.06896551724137931 0.20689655172413793 0.1724137931034483 115.65931691666667 9.174312 225.2967415 0.8842105263157894 0.010526315789473684 0.10526315789473684 0.4482758620689655 0.10344827586206896 0.20689655172413793 0.10344827586206896 0.13793103448275862 0.0 0.0 0.0 0.5698924731182796 0.23655913978494625 0.06451612903225806 0.07526881720430108 0.053763440860215055 shenyanping 4Сʱ_mousemovements
304.310537 299.64335600000004 749.7073466666667 758.568909 0 0 0 884.947876 0 327.8181 242.554504 614.0294345 758.568909 0 0 630.0096665 0.0 0.2 0.1 0.2 0.1 0.0 0.0 0.4 143.56516245454546 0 333.60339350000004 0.9428571428571428 0.0 0.05714285714285714 0.3 0.2 0.3 0.1 0.0 0.0 0.0 0.1 0.5333333333333333 0.26666666666666666 0.1 0.0 0.1 shenyanping 4Сʱ_mousemovements
70.5780765 257.3800226666667 308.908936 0 1040.638092 0 2661.4415894999997 0 264.0709305 123.52516650000001 114.50335519999999 135.08504633333334 592.079773 154.60933699999998 868.1570434999999 1344.8194275 0.08333333333333333 0.08333333333333333 0.20833333333333334 0.125 0.08333333333333333 0.08333333333333333 0.25 0.08333333333333333 83.90704389622641 0.0 160.76977085714287 0.8760330578512396 0.008264462809917356 0.11570247933884298 0.5 0.25 0.041666666666666664 0.0 0.125 0.0 0.08333333333333333 0.0 0.5811965811965812 0.20512820512820512 0.1282051282051282 0.05128205128205128 0.03418803418803419 shenyanping 4Сʱ_mousemovements
137.34218957142858 304.9992255 333.4445035 354.0349275 1432.7303470000002 382.205505 1527.98291 0 103.7018045 223.9832225 306.0096383333333 118.6075086 256.82592750000003 306.4711 600.99451625 580.6985715714286 0.07142857142857142 0.14285714285714285 0.10714285714285714 0.17857142857142858 0.07142857142857142 0.03571428571428571 0.14285714285714285 0.25 65.18383926126126 7.0218240000000005 189.56744085714286 0.8740157480314961 0.015748031496062992 0.11023622047244094 0.5 0.21428571428571427 0.07142857142857142 0.07142857142857142 0.07142857142857142 0.03571428571428571 0.03571428571428571 0.0 0.5901639344262295 0.2540983606557377 0.09016393442622951 0.02459016393442623 0.040983606557377046 shenyanping 4Сʱ_mousemovements
74.17834406666667 320.564434 523.414063 808.0340883333333 750.623352 1069.2798053333333 920.6365054999999 700.832031 337.1609955 361.53805975 792.8350020000001 286.61229875000004 470.2480362 29.638531 298.32056942857145 394.9324623333334 0.0625 0.125 0.09375 0.125 0.15625 0.03125 0.21875 0.1875 94.65755397849463 10.924795000000001 279.7918617692308 0.8454545454545455 0.03636363636363636 0.11818181818181818 0.46875 0.1875 0.03125 0.09375 0.03125 0.09375 0.0625 0.03125 0.6831683168316832 0.12871287128712872 0.09900990099009901 0.04950495049504951 0.039603960396039604 shenyanping 4Сʱ_mousemovements
204.26530788888888 313.93052166666666 928.75765225 537.599823 0 511.8197175 2438.292969 1026.415283 467.385793 301.944885 1438.8690035 381.97360249999997 224.9969216 777.7098984 24.700106 686.3953555 0.13636363636363635 0.09090909090909091 0.09090909090909091 0.09090909090909091 0.22727272727272727 0.22727272727272727 0.045454545454545456 0.09090909090909091 98.88866718085106 0.0 251.20205118181818 0.8867924528301887 0.009433962264150943 0.10377358490566038 0.4090909090909091 0.13636363636363635 0.18181818181818182 0.09090909090909091 0.0 0.09090909090909091 0.045454545454545456 0.045454545454545456 0.7029702970297029 0.1188118811881188 0.09900990099009901 0.0594059405940594 0.019801980198019802 shenyanping 4Сʱ_mousemovements
73.45376480000002 416.47649133333334 739.755981 319.949646 1065.564087 0 0 1182.2712095 438.395391 0 814.205139 457.81533500000006 800.3833275 0 0 170.3974087 0.14285714285714285 0.0 0.047619047619047616 0.23809523809523808 0.09523809523809523 0.0 0.0 0.47619047619047616 119.09630949999999 531.9136125 57.04519775 0.9 0.03333333333333333 0.06666666666666667 0.47619047619047616 0.2857142857142857 0.047619047619047616 0.047619047619047616 0.047619047619047616 0.0 0.0 0.09523809523809523 0.4642857142857143 0.23214285714285715 0.125 0.08928571428571429 0.08928571428571429 shenyanping 4Сʱ_mousemovements
153.70757483333333 224.4795535 0 360.025696 774.20751975 0 0 0 253.45825200000002 0 451.225708 476.65709699999996 360.025696 588.331743 439.846085 24.4984325 0.15384615384615385 0.0 0.15384615384615385 0.15384615384615385 0.07692307692307693 0.15384615384615385 0.15384615384615385 0.15384615384615385 111.96026734210528 7.092198 141.6194935 0.8837209302325582 0.023255813953488372 0.09302325581395349 0.46153846153846156 0.15384615384615385 0.0 0.07692307692307693 0.3076923076923077 0.0 0.0 0.0 0.5945945945945946 0.16216216216216217 0.16216216216216217 0.05405405405405406 0.02702702702702703 shenyanping 4Сʱ_mousemovements
86.43945579999999 205.406315 206.10582 0 0 0 0 0 148.897708 206.10582 0 190.73390966666668 108.51365766666667 79.56720866666667 0 51.441182999999995 0.2 0.06666666666666667 0.0 0.2 0.2 0.2 0.0 0.13333333333333333 22.611339411764703 0 105.563904 0.8793103448275862 0.0 0.1206896551724138 0.6666666666666666 0.26666666666666666 0.06666666666666667 0.0 0.0 0.0 0.0 0.0 0.6226415094339622 0.16981132075471697 0.07547169811320754 0.07547169811320754 0.05660377358490566 shenyanping 4Сʱ_mousemovements
76.8397802 417.256287 0 408.874695 497.97879 0 3827.256104 1195.82666 1718.805364 0 497.97879 0 44.8011485 60.150391 309.08128899999997 0 0.3 0.0 0.1 0.0 0.2 0.1 0.3 0.0 268.5669865217391 0 184.78358233333333 0.8846153846153846 0.0 0.11538461538461539 0.5 0.1 0.0 0.1 0.1 0.0 0.1 0.1 0.6666666666666666 0.08333333333333333 0.125 0.041666666666666664 0.08333333333333333 shenyanping 4Сʱ_mousemovements
411.17423318181824 183.019699 727.44043 0 0 422.917297 0 0 393.9109955 1133.581871 300.3320005 210.9686386 727.44043 0 275.3344 50.711533 0.125 0.125 0.125 0.3125 0.125 0.0 0.125 0.0625 135.5324680465116 74.9506495 262.985565 0.8958333333333334 0.041666666666666664 0.0625 0.6875 0.125 0.125 0.0 0.0 0.0625 0.0 0.0 0.7209302325581395 0.11627906976744186 0.06976744186046512 0.06976744186046512 0.023255813953488372 shenyanping 4Сʱ_mousemovements
0 0 0 0 0 0 0 1418.570435 0 1418.570435 0 0 0 0 0 0 0.0 1.0 0.0 0.0 0.0 0.0 0.0 0.0 202.6529192857143 0 0 1.0 0.0 0.0 0.0 0.0 0.0 0.0 0.0 0.0 0.0 1.0 0.75 0.0 0.25 0.0 0.0 shenyanping 4Сʱ_mousemovements
0 0 0 0 0 0 0 0 0 0 0 0 0 0 0 0 0 0 0 0 0 0 0 0 0 0 0 0 0 0 0 0 0 0 0 0 0 0 0 0 0 0 0 shenyanping 4Сʱ_mousemovements
0 0 0 0 0 0 0 0 0 0 0 0 0 0 0 0 0 0 0 0 0 0 0 0 0 0 0 0 0 0 0 0 0 0 0 0 0 0 0 0 0 0 0 shenyanping 4Сʱ_mousemovements
239.62471133333332 621.1998900000001 779.62171175 1492.8371990000003 604.5518393333333 814.595825 0 0 1024.4396033333335 825.753235 313.040863 182.4430175 806.258785 583.536957 311.7248305 486.8658525 0.2727272727272727 0.045454545454545456 0.045454545454545456 0.09090909090909091 0.09090909090909091 0.09090909090909091 0.18181818181818182 0.18181818181818182 210.79044533333334 5.656854 193.1063082 0.8955223880597015 0.029850746268656716 0.07462686567164178 0.4090909090909091 0.09090909090909091 0.18181818181818182 0.13636363636363635 0.13636363636363635 0.045454545454545456 0.0 0.0 0.609375 0.203125 0.125 0.046875 0.015625 shenyanping 4Сʱ_mousemovements
88.388351 127.06016149999999 247.869751 0 1519.008301 0 0 0 0 0 0 842.63311 0 88.388351 167.86607750000002 0 0.0 0.0 0.0 0.4 0.0 0.2 0.4 0.0 100.46229075000001 247.869751 127.06016149999999 0.8421052631578947 0.05263157894736842 0.10526315789473684 0.2 0.4 0.2 0.0 0.2 0.0 0.0 0.0 0.6470588235294118 0.058823529411764705 0.11764705882352941 0.11764705882352941 0.058823529411764705 shenyanping 4Сʱ_mousemovements
0 0 0 0 1845.86438 0 0 0 0 1845.86438 0 0 0 0 0 0 0.0 1.0 0.0 0.0 0.0 0.0 0.0 0.0 1845.86438 0 0 1.0 0.0 0.0 0.0 0.0 0.0 0.0 1.0 0.0 0.0 0.0 0.0 1.0 0.0 0.0 0.0 shenyanping 4Сʱ_mousemovements
212.70191999999997 262.175812 0 0 0 0 0 0 260.142365 262.175812 0 0 0 0 165.261475 0 0.3333333333333333 0.3333333333333333 0.0 0.0 0.0 0.0 0.3333333333333333 0.0 98.22566457142857 0 0 1.0 0.0 0.0 0.6666666666666666 0.3333333333333333 0.0 0.0 0.0 0.0 0.0 0.0 0.3333333333333333 0.5 0.16666666666666666 0.0 0.0 shenyanping 4Сʱ_mousemovements
378.436796 469.05661 540.9381306666667 0 1641.931519 0 0 0 150.888351 1160.3455815 0 0 469.05661 641.377543 93.919441 288.861511 0.1111111111111111 0.2222222222222222 0.0 0.0 0.1111111111111111 0.3333333333333333 0.1111111111111111 0.1111111111111111 308.67939441176475 0 0 1.0 0.0 0.0 0.4444444444444444 0.1111111111111111 0.3333333333333333 0.0 0.1111111111111111 0.0 0.0 0.0 0.3125 0.5 0.125 0.0 0.0625 shenyanping 4Сʱ_mousemovements
323.419870375 287.424164 0 1005.156799 0 3422.480957 0 0 708.7368164999999 1543.1724953333335 0 239.1070405 0 0 0 121.63294966666668 0.3333333333333333 0.25 0.0 0.16666666666666666 0.0 0.0 0.0 0.25 222.48181936111115 0 99.41072833333334 0.9230769230769231 0.0 0.07692307692307693 0.6666666666666666 0.08333333333333333 0.0 0.16666666666666666 0.0 0.08333333333333333 0.0 0.0 0.7714285714285715 0.22857142857142856 0.0 0.0 0.0 shenyanping 4Сʱ_mousemovements
62.5 0 1014.554626 0 0 0 0 0 0 1014.554626 0 0 0 0 62.5 0 0.0 0.5 0.0 0.0 0.0 0.0 0.5 0.0 107.7054626 0 0 1.0 0.0 0.0 0.5 0.0 0.5 0.0 0.0 0.0 0.0 0.0 0.5714285714285714 0.42857142857142855 0.0 0.0 0.0 shenyanping 4Сʱ_mousemovements
0 0 0 2599.159912 0 0 0 0 0 0 0 2599.159912 0 0 0 0 0.0 0.0 0.0 1.0 0.0 0.0 0.0 0.0 1299.579956 0 0 1.0 0.0 0.0 0.0 0.0 0.0 1.0 0.0 0.0 0.0 0.0 1.0 0.0 0.0 0.0 0.0 shenyanping 4Сʱ_mousemovements
0 0 0 0 0 0 0 0 0 0 0 0 0 0 0 0 0 0 0 0 0 0 0 0 0 0 0 0 0 0 0 0 0 0 0 0 0 0 0 0 0 0 0 shenyanping 4Сʱ_mousemovements
167.52148925 241.423691 0 0 0 0 534.763672 0 0 534.763672 0 205.55623450000002 0 0 167.400711 166.498234 0.0 0.16666666666666666 0.0 0.3333333333333333 0.0 0.0 0.16666666666666666 0.3333333333333333 17.874455173913045 0 207.03217020000002 0.8214285714285714 0.0 0.17857142857142858 0.6666666666666666 0.16666666666666666 0.0 0.0 0.0 0.0 0.16666666666666666 0.0 0.6666666666666666 0.20833333333333334 0.08333333333333333 0.041666666666666664 0.0 shenyanping 4Сʱ_mousemovements
138.9862454 194.799973 0 1082.705078 471.4209595 0 0 665.656067 484.153778 101.31854375 336.4258575 376.56461399999995 192.1733285 0 173.08675920000002 343.01425166666667 0.05 0.2 0.1 0.15 0.1 0.0 0.25 0.15 54.68310593442624 9.852217 180.58611544444443 0.8591549295774648 0.014084507042253521 0.1267605633802817 0.75 0.05 0.0 0.05 0.1 0.0 0.0 0.05 0.6833333333333333 0.16666666666666666 0.03333333333333333 0.08333333333333333 0.03333333333333333 shenyanping 4Сʱ_mousemovements
