241.22306316666666 0 831.622925 0 0 0 0 0 0 129.032257 831.622925 780.257385 0 0 109.398678 159.62569050000002 0.0 0.14285714285714285 0.14285714285714285 0.14285714285714285 0.0 0.0 0.2857142857142857 0.2857142857142857 108.52196685714286 0 0 1.0 0.0 0.0 0.8571428571428571 0.0 0.14285714285714285 0.0 0.0 0.0 0.0 0.0 0.7058823529411765 0.23529411764705882 0.0 0.058823529411764705 0.0 shenyanping 7Сʱ_mousemovements
0 0 0 0 899.2332155 0 0 0 0 1141.200806 0 0 0 657.265625 0 0 0.0 0.5 0.0 0.0 0.0 0.5 0.0 0.0 449.61660775 0 0 1.0 0.0 0.0 0.0 0.0 0.0 0.0 1.0 0.0 0.0 0.0 0.0 0.6666666666666666 0.0 0.3333333333333333 0.0 shenyanping 7Сʱ_mousemovements
32.0 0 0 959.859192 0 0 0 0 0 0 0 959.859192 0 0 0 32.0 0.0 0.0 0.0 0.5 0.0 0.0 0.0 0.5 247.964798 0 0 1.0 0.0 0.0 0.5 0.0 0.0 0.5 0.0 0.0 0.0 0.0 0.3333333333333333 0.3333333333333333 0.3333333333333333 0.0 0.0 shenyanping 7Сʱ_mousemovements
0 0 0 0 0 0 0 0 0 0 0 0 0 0 0 0 0 0 0 0 0 0 0 0 0 0 0 0 0 0 0 0 0 0 0 0 0 0 0 0 0 0 0 shenyanping 7Сʱ_mousemovements
0 0 0 0 0 0 0 0 0 0 0 0 0 0 0 0 0 0 0 0 0 0 0 0 0 0 0 0 0 0 0 0 0 0 0 0 0 0 0 0 0 0 0 shenyanping 7Сʱ_mousemovements
0 0 0 0 0 0 0 0 0 0 0 0 0 0 0 0 0 0 0 0 0 0 0 0 0 0 0 0 0 0 0 0 0 0 0 0 0 0 0 0 0 0 0 shenyanping 7Сʱ_mousemovements
229.07500166666668 0 0 0 0 0 0 0 0 24.472136 0 0 0 0 0 331.3764345 0.0 0.3333333333333333 0.0 0.0 0.0 0.0 0.0 0.6666666666666666 55.229405750000005 0 24.472136 0.9230769230769231 0.0 0.07692307692307693 1.0 0.0 0.0 0.0 0.0 0.0 0.0 0.0 0.6666666666666666 0.16666666666666666 0.16666666666666666 0.0 0.0 shenyanping 7Сʱ_mousemovements
587.677666 381.93485499999997 0 866.5496316666668 699.90094 0 0 2138.300781 0 391.58609 689.9000336 0 0 649.7617035 1463.357849 0 0.0 0.18181818181818182 0.45454545454545453 0.0 0.0 0.18181818181818182 0.18181818181818182 0.0 289.54032624999996 0 351.782318 0.9655172413793104 0.0 0.034482758620689655 0.18181818181818182 0.2727272727272727 0.0 0.2727272727272727 0.18181818181818182 0.0 0.0 0.09090909090909091 0.5416666666666666 0.16666666666666666 0.08333333333333333 0.16666666666666666 0.041666666666666664 shenyanping 7Сʱ_mousemovements
172.81736 1634.0271 0 0 0 0 0 0 220.63472 0 0 0 0 1634.0271 0 125.0 0.3333333333333333 0.0 0.0 0.0 0.0 0.3333333333333333 0.0 0.3333333333333333 329.9436366666667 0 0 1.0 0.0 0.0 0.6666666666666666 0.3333333333333333 0.0 0.0 0.0 0.0 0.0 0.0 0.4 0.4 0.2 0.0 0.0 shenyanping 7Сʱ_mousemovements
67.32925354545455 712.2423188 320.36199 0 2666.1056215 1036.7633974999999 0 0 249.105652 251.3464205 903.2670393333333 84.991982 83.97126066666668 95.038105 1256.9874786666667 243.08548733333336 0.041666666666666664 0.08333333333333333 0.125 0.041666666666666664 0.125 0.08333333333333333 0.25 0.25 158.5855501111111 8.0 142.07816118181816 0.8571428571428571 0.011904761904761904 0.13095238095238096 0.4583333333333333 0.20833333333333334 0.16666666666666666 0.0 0.08333333333333333 0.08333333333333333 0.0 0.0 0.5974025974025974 0.24675324675324675 0.09090909090909091 0.025974025974025976 0.03896103896103896 shenyanping 7Сʱ_mousemovements
164.16075329411768 177.31966774999998 274.680885 323.39555866666666 493.556656 1430.406128 0 813.841614 320.0958544 74.166213 157.181006 176.9724224 224.87949350000002 29.813602 393.5608286 650.7990455 0.16666666666666666 0.16666666666666666 0.06666666666666667 0.16666666666666666 0.06666666666666667 0.06666666666666667 0.16666666666666666 0.13333333333333333 70.11746687912087 0 187.02314909999998 0.900990099009901 0.0 0.09900990099009901 0.5666666666666667 0.13333333333333333 0.06666666666666667 0.1 0.06666666666666667 0.03333333333333333 0.0 0.03333333333333333 0.6555555555555556 0.18888888888888888 0.05555555555555555 0.06666666666666667 0.03333333333333333 shenyanping 7Сʱ_mousemovements
157.013455 291.5210025 409.78803999999997 778.0000203333334 0 0 791.9727475 0 272.55598725000004 457.376648 294.473527 112.945686 110.3349426 0 564.8177211428572 687.5 0.18181818181818182 0.09090909090909091 0.09090909090909091 0.045454545454545456 0.22727272727272727 0.0 0.3181818181818182 0.045454545454545456 84.52389461643837 20.514385 189.890006 0.8795180722891566 0.012048192771084338 0.10843373493975904 0.4090909090909091 0.2727272727272727 0.09090909090909091 0.13636363636363635 0.0 0.0 0.09090909090909091 0.0 0.5333333333333333 0.22666666666666666 0.12 0.08 0.04 shenyanping 7Сʱ_mousemovements
184.18419654545457 263.1877646666667 825.282104 1041.57867425 438.69061250000004 544.1227875 0 642.620117 439.99599200000006 288.5488586666666 250.08595300000002 631.023427 9.9438235 285.4944103333333 249.86963 842.1153333999998 0.125 0.125 0.08333333333333333 0.125 0.08333333333333333 0.125 0.125 0.20833333333333334 114.54778301369862 0 256.68062675000004 0.9012345679012346 0.0 0.09876543209876543 0.4583333333333333 0.125 0.041666666666666664 0.16666666666666666 0.08333333333333333 0.08333333333333333 0.0 0.041666666666666664 0.5362318840579711 0.2608695652173913 0.10144927536231885 0.057971014492753624 0.043478260869565216 shenyanping 7Сʱ_mousemovements
12.809584 0 0 0 0 0 0 0 0 0 12.809584 0 0 0 0 0 0.0 0.0 1.0 0.0 0.0 0.0 0.0 0.0 0.0 12.809584 0 0.8571428571428571 0.14285714285714285 0.0 1.0 0.0 0.0 0.0 0.0 0.0 0.0 0.0 0.75 0.0 0.0 0.25 0.0 shenyanping 7Сʱ_mousemovements
101.75451189999998 455.8895324 383.44318775000005 0 5925.8125 389.811798 1699.9973145 611.950684 0 269.9169005 229.020117 843.3568077500001 181.6268425 0 1693.2974168 198.07319833333335 0.0 0.16666666666666666 0.125 0.16666666666666666 0.08333333333333333 0.0 0.20833333333333334 0.25 184.83044990410966 0 208.21403750000002 0.9012345679012346 0.0 0.09876543209876543 0.4166666666666667 0.20833333333333334 0.16666666666666666 0.0 0.041666666666666664 0.041666666666666664 0.08333333333333333 0.041666666666666664 0.6578947368421053 0.18421052631578946 0.09210526315789473 0.06578947368421052 0.0 shenyanping 7Сʱ_mousemovements
318.597906375 163.20185600000002 336.77317 479.0283965 821.930725 2893.780945 1322.080811 983.39325 747.7231959999999 89.441803 338.75885 436.12120450000003 79.826118 140.70208933333333 1374.1453085 985.450104 0.2 0.05 0.1 0.1 0.05 0.15 0.2 0.15 171.49391041176466 0 160.28106000000002 0.85 0.0 0.15 0.4 0.15 0.1 0.1 0.05 0.1 0.05 0.05 0.6575342465753424 0.136986301369863 0.0958904109589041 0.1095890410958904 0.0 shenyanping 7Сʱ_mousemovements
179.07747510000004 163.301041 415.813568 385.362366 810.5624695 693.417114 0 0 385.362366 61.038574 359.61823350000003 8.222172 322.580658 136.647354 399.6466508 0 0.0625 0.0625 0.375 0.0625 0.0625 0.0625 0.3125 0.0 101.92520329787234 14.2155 83.62607466666667 0.9038461538461539 0.038461538461538464 0.057692307692307696 0.625 0.0625 0.0625 0.0625 0.125 0.0625 0.0 0.0 0.5833333333333334 0.16666666666666666 0.14583333333333334 0.0625 0.041666666666666664 shenyanping 7Сʱ_mousemovements
227.14874742857143 503.0549113333334 2102.322998 0 2088.105469 538.768982 0 0 121.427803 69.94110500000001 174.350342 377.45301300000006 228.172897 2102.322998 0 1286.649007 0.07692307692307693 0.23076923076923078 0.07692307692307693 0.23076923076923078 0.07692307692307693 0.07692307692307693 0.0 0.23076923076923078 186.1518957857143 10.023792 0 0.9767441860465116 0.023255813953488372 0.0 0.5384615384615384 0.23076923076923078 0.07692307692307693 0.0 0.07692307692307693 0.07692307692307693 0.0 0.0 0.5 0.39473684210526316 0.02631578947368421 0.05263157894736842 0.02631578947368421 shenyanping 7Сʱ_mousemovements
339.2753342 703.736877 831.2072754999999 0 0 0 0 0 0 652.442078 683.992004 0 1261.466675 194.108627 456.30272399999996 302.67371 0.0 0.1111111111111111 0.1111111111111111 0.0 0.1111111111111111 0.1111111111111111 0.3333333333333333 0.2222222222222222 238.31324880000003 0 0 1.0 0.0 0.0 0.5555555555555556 0.2222222222222222 0.2222222222222222 0.0 0.0 0.0 0.0 0.0 0.5 0.3333333333333333 0.1111111111111111 0.05555555555555555 0.0 shenyanping 7Сʱ_mousemovements
418.37801722222224 307.96313499999997 636.007543 0 0 0 2336.15332 1581.945923 534.3039688 530.0683605 65.111473 500.4321595 0 0 1374.3109435 111.36771199999998 0.2 0.24 0.04 0.16 0.0 0.0 0.16 0.2 217.183452796875 8.0 32.5557365 0.9552238805970149 0.014925373134328358 0.029850746268656716 0.72 0.08 0.12 0.0 0.0 0.0 0.04 0.04 0.5 0.24193548387096775 0.1774193548387097 0.08064516129032258 0.0 shenyanping 7Сʱ_mousemovements
90.5892142 260.0342865 410.467957 483.0462955 0 568.415344 0 0 0 0 489.44165050000004 174.66790400000002 234.987915 28.799007 119.96397133333335 483.0462955 0.0 0.0 0.18181818181818182 0.18181818181818182 0.09090909090909091 0.09090909090909091 0.2727272727272727 0.18181818181818182 40.65408017073172 0 417.05774966666667 0.9318181818181818 0.0 0.06818181818181818 0.45454545454545453 0.18181818181818182 0.09090909090909091 0.18181818181818182 0.0 0.09090909090909091 0.0 0.0 0.6857142857142857 0.11428571428571428 0.11428571428571428 0.05714285714285714 0.02857142857142857 shenyanping 7Сʱ_mousemovements
260.45726669230766 469.899414 339.79593400000005 1747.5617674999999 0 775.18927 1001.223328 0 375.18899400000004 2040.59729 333.242325 821.414551 84.06321200000001 413.832783 183.85226350000002 475.934906 0.14285714285714285 0.09523809523809523 0.14285714285714285 0.047619047619047616 0.14285714285714285 0.19047619047619047 0.19047619047619047 0.047619047619047616 235.50001628571425 0 127.883566 0.9545454545454546 0.0 0.045454545454545456 0.6190476190476191 0.047619047619047616 0.14285714285714285 0.09523809523809523 0.0 0.047619047619047616 0.047619047619047616 0.0 0.4594594594594595 0.2702702702702703 0.10810810810810811 0.10810810810810811 0.05405405405405406 shenyanping 7Сʱ_mousemovements
308.94846099999995 1050.242096 0 0 0 1391.671387 0 0 181.82338 647.04657 0 139.754242 0 1391.671387 605.267761 1453.437622 0.16666666666666666 0.16666666666666666 0.0 0.16666666666666666 0.0 0.16666666666666666 0.16666666666666666 0.16666666666666666 259.94123305882346 0 0 1.0 0.0 0.0 0.5 0.3333333333333333 0.0 0.0 0.0 0.16666666666666666 0.0 0.0 0.6428571428571429 0.21428571428571427 0.14285714285714285 0.0 0.0 shenyanping 7Сʱ_mousemovements
0 0 0 0 0 0 0 0 0 0 0 0 0 0 0 0 0 0 0 0 0 0 0 0 0 0 0 0 0 0 0 0 0 0 0 0 0 0 0 0 0 0 0 shenyanping 7Сʱ_mousemovements
0 0 0 0 0 0 0 0 0 0 0 0 0 0 0 0 0 0 0 0 0 0 0 0 0 0 0 0 0 0 0 0 0 0 0 0 0 0 0 0 0 0 0 shenyanping 7Сʱ_mousemovements
0 0 0 0 0 0 0 0 0 0 0 0 0 0 0 0 0 0 0 0 0 0 0 0 0 0 0 0 0 0 0 0 0 0 0 0 0 0 0 0 0 0 0 shenyanping 7Сʱ_mousemovements
0 0 0 0 0 0 0 0 0 0 0 0 0 0 0 0 0 0 0 0 0 0 0 0 0.0 0 0 1.0 0.0 0.0 0 0 0 0 0 0 0 0 1.0 0.0 0.0 0.0 0.0 shenyanping 7Сʱ_mousemovements
0 0 0 0 0 0 0 0 0 0 0 0 0 0 0 0 0 0 0 0 0 0 0 0 0 0 0 0 0 0 0 0 0 0 0 0 0 0 0 0 0 0 0 shenyanping 7Сʱ_mousemovements
0 0 0 0 0 0 0 0 0 0 0 0 0 0 0 0 0 0 0 0 0 0 0 0 0 0 0 0 0 0 0 0 0 0 0 0 0 0 0 0 0 0 0 shenyanping 7Сʱ_mousemovements
0 0 0 0 0 0 0 0 0 0 0 0 0 0 0 0 0 0 0 0 0 0 0 0 0 0 0 0 0 0 0 0 0 0 0 0 0 0 0 0 0 0 0 shenyanping 7Сʱ_mousemovements
0 0 0 0 0 0 0 0 0 0 0 0 0 0 0 0 0 0 0 0 0 0 0 0 0 0 0 0 0 0 0 0 0 0 0 0 0 0 0 0 0 0 0 shenyanping 7Сʱ_mousemovements
0 0 0 0 0 0 2371.694946 0 0 0 2322.356201 0 0 0 2421.033691 0 0.0 0.0 0.5 0.0 0.0 0.0 0.5 0.0 1185.847473 0 0 1.0 0.0 0.0 0.0 0.0 0.0 0.0 0.0 0.0 1.0 0.0 0.3333333333333333 0.6666666666666666 0.0 0.0 0.0 shenyanping 7Сʱ_mousemovements
323.18703466666665 0 0 0 0 0 0 0 83.11219 0 761.448914 0 0 0 125.0 0 0.3333333333333333 0.0 0.3333333333333333 0.0 0.0 0.0 0.3333333333333333 0.0 161.59351733333332 0 0 1.0 0.0 0.0 1.0 0.0 0.0 0.0 0.0 0.0 0.0 0.0 0.6 0.4 0.0 0.0 0.0 shenyanping 7Сʱ_mousemovements
143.434235 0 0 0 0 0 0 1227.115601 0 0 1227.115601 0 0 0 143.434235 0 0.0 0.0 0.5 0.0 0.0 0.0 0.5 0.0 342.637459 0 0 1.0 0.0 0.0 0.5 0.0 0.0 0.0 0.0 0.0 0.0 0.5 0.3333333333333333 0.0 0.0 0.6666666666666666 0.0 shenyanping 7Сʱ_mousemovements
174.652054 0 870.571106 0 0 0 0 0 0 870.571106 0 0 0 0 0 174.652054 0.0 0.5 0.0 0.0 0.0 0.0 0.0 0.5 261.30579 0 0 1.0 0.0 0.0 0.5 0.0 0.5 0.0 0.0 0.0 0.0 0.0 0.3333333333333333 0.6666666666666666 0.0 0.0 0.0 shenyanping 7Сʱ_mousemovements
0 0 0 0 0 0 0 0 0 0 0 0 0 0 0 0 0 0 0 0 0 0 0 0 0 0 0 0 0 0 0 0 0 0 0 0 0 0 0 0 0 0 0 shenyanping 7Сʱ_mousemovements
0 0 0 0 0 0 0 0 0 0 0 0 0 0 0 0 0 0 0 0 0 0 0 0 0 0 0 0 0 0 0 0 0 0 0 0 0 0 0 0 0 0 0 shenyanping 7Сʱ_mousemovements
0 0 0 0 0 0 0 0 0 0 0 0 0 0 0 0 0 0 0 0 0 0 0 0 0 0 0 0 0 0 0 0 0 0 0 0 0 0 0 0 0 0 0 shenyanping 7Сʱ_mousemovements
296.111511 742.23761 0 366.879219 0 924.62384 0 0 924.62384 241.854813 296.111511 742.23761 0 0 491.903625 0 0.2 0.2 0.2 0.2 0.0 0.0 0.2 0.0 269.6731399 0 0 1.0 0.0 0.0 0.2 0.2 0.0 0.4 0.0 0.2 0.0 0.0 0.4 0.2 0.2 0.0 0.2 shenyanping 7Сʱ_mousemovements
51.3217545 0 0 0 0 0 0 0 75.370781 0 0 0 0 0 0 27.272728 0.5 0.0 0.0 0.0 0.0 0.0 0.0 0.5 17.1072515 0 0 1.0 0.0 0.0 1.0 0.0 0.0 0.0 0.0 0.0 0.0 0.0 0.8 0.2 0.0 0.0 0.0 shenyanping 7Сʱ_mousemovements
483.870972 286.367645 0 1036.153687 0 0 0 0 0 0 0 0 602.130768 0 0 0 0.0 0.0 0.0 0.0 1.0 0.0 0.0 0.0 301.065384 0 0 1.0 0.0 0.0 0.3333333333333333 0.3333333333333333 0.0 0.3333333333333333 0.0 0.0 0.0 0.0 0.5 0.5 0.0 0.0 0.0 shenyanping 7Сʱ_mousemovements
0 0 0 0 0 0 0 0 0 0 0 0 0 0 0 0 0 0 0 0 0 0 0 0 0 0 0 0 0 0 0 0 0 0 0 0 0 0 0 0 0 0 0 shenyanping 7Сʱ_mousemovements
0 0 0 0 0 0 0 0 0 0 0 0 0 0 0 0 0 0 0 0 0 0 0 0 0 0 0 0 0 0 0 0 0 0 0 0 0 0 0 0 0 0 0 shenyanping 7Сʱ_mousemovements
399.25360099999995 0 0 196.93573 519.058289 1245.59729 0 0 519.058289 0 703.908203 0 312.697357 0 607.082703 0 0.16666666666666666 0.0 0.3333333333333333 0.0 0.3333333333333333 0.0 0.16666666666666666 0.0 211.60117014285714 196.93573 0 0.9333333333333333 0.06666666666666667 0.0 0.5 0.0 0.0 0.16666666666666666 0.16666666666666666 0.16666666666666666 0.0 0.0 0.46153846153846156 0.3076923076923077 0.15384615384615385 0.0 0.07692307692307693 shenyanping 7Сʱ_mousemovements
0 0 0 0 0 0 0 0 0 0 0 0 0 0 0 0 0 0 0 0 0 0 0 0 0 0 0 0 0 0 0 0 0 0 0 0 0 0 0 0 0 0 0 shenyanping 7Сʱ_mousemovements
0 0 0 0 0 0 0 0 0 0 0 0 0 0 0 0 0 0 0 0 0 0 0 0 0 0 0 0 0 0 0 0 0 0 0 0 0 0 0 0 0 0 0 shenyanping 7Сʱ_mousemovements
0 0 0 0 0 0 0 0 0 0 0 0 0 0 0 0 0 0 0 0 0 0 0 0 0 0 0 0 0 0 0 0 0 0 0 0 0 0 0 0 0 0 0 shenyanping 7Сʱ_mousemovements
0 0 0 0 0 0 0 0 0 0 0 0 0 0 0 0 0 0 0 0 0 0 0 0 0.0 0 0 1.0 0.0 0.0 0 0 0 0 0 0 0 0 1.0 0.0 0.0 0.0 0.0 shenyanping 7Сʱ_mousemovements
0 0 0 0 0 0 0 0 0 0 0 0 0 0 0 0 0 0 0 0 0 0 0 0 0 0 0 0 0 0 0 0 0 0 0 0 0 0 0 0 0 0 0 shenyanping 7Сʱ_mousemovements
0 0 0 0 0 0 0 0 0 0 0 0 0 0 0 0 0 0 0 0 0 0 0 0 0 0 0 0 0 0 0 0 0 0 0 0 0 0 0 0 0 0 0 shenyanping 7Сʱ_mousemovements
0 0 0 0 0 0 0 0 0 0 0 0 0 0 0 0 0 0 0 0 0 0 0 0 0 0 0 0 0 0 0 0 0 0 0 0 0 0 0 0 0 0 0 shenyanping 7Сʱ_mousemovements
502.488470125 195.230606 0 0 2584.738525 0 0 0 589.131073 0 2584.738525 195.230606 0 0 328.85893999999996 545.98193375 0.2 0.0 0.1 0.1 0.0 0.0 0.2 0.4 271.99507568 0 0 1.0 0.0 0.0 0.8 0.1 0.0 0.0 0.1 0.0 0.0 0.0 0.7142857142857143 0.14285714285714285 0.047619047619047616 0.047619047619047616 0.047619047619047616 shenyanping 7Сʱ_mousemovements
471.940186 486.257355 0 714.04425 0 0 3248.914795 0 471.940186 0 3248.914795 0 0 486.257355 714.04425 0 0.25 0.0 0.25 0.0 0.0 0.25 0.25 0.0 615.14457325 0 0 1.0 0.0 0.0 0.25 0.25 0.0 0.25 0.0 0.0 0.25 0.0 0.14285714285714285 0.5714285714285714 0.14285714285714285 0.14285714285714285 0.0 shenyanping 7Сʱ_mousemovements
138.154495 287.451813 0 0 0 0 0 0 0 0 0 0 287.451813 138.154495 0 0 0.0 0.0 0.0 0.0 0.5 0.5 0.0 0.0 70.93438466666667 0 0 1.0 0.0 0.0 0.5 0.5 0.0 0.0 0.0 0.0 0.0 0.0 0.25 0.5 0.25 0.0 0.0 shenyanping 7Сʱ_mousemovements
191.593231 0 0 0 0 1793.497192 0 0 191.593231 0 0 0 1793.497192 0 0 0 0.5 0.0 0.0 0.0 0.5 0.0 0.0 0.0 496.27260575 0 0 1.0 0.0 0.0 0.5 0.0 0.0 0.0 0.0 0.5 0.0 0.0 0.5 0.5 0.0 0.0 0.0 shenyanping 7Сʱ_mousemovements
330.82462633333336 408.2908935 0 0 0 0 0 0 736.421204 0 459.440796 357.140991 0 0 23.4433 232.609375 0.2 0.0 0.2 0.2 0.0 0.0 0.2 0.2 111.60077287499999 0 23.4433 0.9411764705882353 0.0 0.058823529411764705 0.6 0.4 0.0 0.0 0.0 0.0 0.0 0.0 0.625 0.3125 0.0625 0.0 0.0 shenyanping 7Сʱ_mousemovements
360.073486 0 0 0 0 0 0 0 360.073486 0 0 0 0 0 0 0 1.0 0.0 0.0 0.0 0.0 0.0 0.0 0.0 180.036743 0 0 1.0 0.0 0.0 1.0 0.0 0.0 0.0 0.0 0.0 0.0 0.0 1.0 0.0 0.0 0.0 0.0 shenyanping 7Сʱ_mousemovements
408.6639558 0 936.919006 0 0 0 385.055206 0 334.699783 0 765.067017 0 664.3132935 0 189.787979 412.412842 0.2857142857142857 0.0 0.14285714285714285 0.0 0.2857142857142857 0.0 0.14285714285714285 0.14285714285714285 186.2649240625 0 385.055206 0.9411764705882353 0.0 0.058823529411764705 0.7142857142857143 0.0 0.14285714285714285 0.0 0.0 0.0 0.14285714285714285 0.0 0.7333333333333333 0.2 0.06666666666666667 0.0 0.0 shenyanping 7Сʱ_mousemovements
0 0 0 0 0 0 0 0 0 0 0 0 0 0 0 0 0 0 0 0 0 0 0 0 0 0 0 0 0 0 0 0 0 0 0 0 0 0 0 0 0 0 0 shenyanping 7Сʱ_mousemovements
186.1017 0 922.074402 0 0 0 0 0 0 186.1017 0 922.074402 0 0 0 0 0.0 0.6666666666666666 0.0 0.3333333333333333 0.0 0.0 0.0 0.0 215.71296700000002 0 0 1.0 0.0 0.0 0.6666666666666666 0.0 0.3333333333333333 0.0 0.0 0.0 0.0 0.0 0.4 0.6 0.0 0.0 0.0 shenyanping 7Сʱ_mousemovements
0 0 0 0 0 0 0 0 0 0 0 0 0 0 0 0 0 0 0 0 0 0 0 0 0.0 0 0 1.0 0.0 0.0 0 0 0 0 0 0 0 0 0.8 0.2 0.0 0.0 0.0 shenyanping 7Сʱ_mousemovements
0 0 0 0 0 0 0 0 0 0 0 0 0 0 0 0 0 0 0 0 0 0 0 0 0 0 0 0 0 0 0 0 0 0 0 0 0 0 0 0 0 0 0 shenyanping 7Сʱ_mousemovements
0 0 0 0 0 0 0 0 0 0 0 0 0 0 0 0 0 0 0 0 0 0 0 0 0 0 0 0 0 0 0 0 0 0 0 0 0 0 0 0 0 0 0 shenyanping 7Сʱ_mousemovements
376.5959231428572 1000.596313 0 0 0 0 0 0 392.04303 1823.853394 338.94647175 0 32.542732 0 0 0 0.125 0.125 0.5 0.0 0.25 0.0 0.0 0.0 149.4311440833333 0 25.2101585 0.9230769230769231 0.0 0.07692307692307693 0.875 0.125 0.0 0.0 0.0 0.0 0.0 0.0 0.8095238095238095 0.14285714285714285 0.0 0.047619047619047616 0.0 shenyanping 7Сʱ_mousemovements
8.417508 0 0 1597.51799 0 0 0 0 0 8.417508 2792.347656 0 0 0 0 402.688324 0.0 0.3333333333333333 0.3333333333333333 0.0 0.0 0.0 0.0 0.3333333333333333 355.0039977777778 0 8.417508 0.9 0.0 0.1 0.3333333333333333 0.0 0.0 0.6666666666666666 0.0 0.0 0.0 0.0 0.3333333333333333 0.2222222222222222 0.2222222222222222 0.2222222222222222 0.0 shenyanping 7Сʱ_mousemovements
186.67066649999998 0 180.910736 0 813.062134 0 2112.0534665 0 173.66675566666666 0 1842.915771 167.115288 869.377686 838.79049675 95.04252400000001 392.5386335 0.2 0.0 0.06666666666666667 0.13333333333333333 0.06666666666666667 0.26666666666666666 0.13333333333333333 0.13333333333333333 190.5992402 180.910736 46.484129 0.9302325581395349 0.023255813953488372 0.046511627906976744 0.6666666666666666 0.0 0.06666666666666667 0.0 0.13333333333333333 0.0 0.13333333333333333 0.0 0.4473684210526316 0.42105263157894735 0.05263157894736842 0.07894736842105263 0.0 shenyanping 7Сʱ_mousemovements
0.0 0 0 0 0 0 0 0 0 0 0 0 0 0 0.0 0 0.0 0.0 0.0 0.0 0.0 0.0 1.0 0.0 0.0 0 0 1.0 0.0 0.0 1.0 0.0 0.0 0.0 0.0 0.0 0.0 0.0 1.0 0.0 0.0 0.0 0.0 shenyanping 7Сʱ_mousemovements
189.17289350000001 427.430054 0 0 0 0 0 0 273.628235 0 0 0 0 427.430054 0 104.717552 0.3333333333333333 0.0 0.0 0.0 0.0 0.3333333333333333 0.0 0.3333333333333333 115.11083442857144 0 0 1.0 0.0 0.0 0.6666666666666666 0.3333333333333333 0.0 0.0 0.0 0.0 0.0 0.0 0.6 0.4 0.0 0.0 0.0 shenyanping 7Сʱ_mousemovements
0 0 0 0 0 0 0 0 0 0 0 0 0 0 0 0 0 0 0 0 0 0 0 0 0 0 0 0 0 0 0 0 0 0 0 0 0 0 0 0 0 0 0 shenyanping 7Сʱ_mousemovements
0 0 0 0 0 0 0 0 0 0 0 0 0 0 0 0 0 0 0 0 0 0 0 0 0 0 0 0 0 0 0 0 0 0 0 0 0 0 0 0 0 0 0 shenyanping 7Сʱ_mousemovements
0 0 809.020508 0 0 0 0 0 0 0 0 0 0 0 0 809.020508 0.0 0.0 0.0 0.0 0.0 0.0 0.0 1.0 404.510254 0 0 1.0 0.0 0.0 0.0 0.0 1.0 0.0 0.0 0.0 0.0 0.0 0.0 1.0 0.0 0.0 0.0 shenyanping 7Сʱ_mousemovements
64.516129 0 787.805115 0 0 0 903.736542 0 0 582.386902 0 0 64.516129 1006.4456485000001 0 0 0.0 0.25 0.0 0.0 0.25 0.5 0.0 0.0 177.3196218666667 0 0 1.0 0.0 0.0 0.25 0.0 0.25 0.0 0.0 0.0 0.5 0.0 0.5 0.3 0.1 0.0 0.1 shenyanping 7Сʱ_mousemovements
211.26017133333335 0 0 0 0 0 0 0 45.568478 31.25 0 0 556.962036 0 0 0 0.3333333333333333 0.3333333333333333 0.0 0.0 0.3333333333333333 0.0 0.0 0.0 105.63008566666667 0 0 1.0 0.0 0.0 1.0 0.0 0.0 0.0 0.0 0.0 0.0 0.0 0.6 0.2 0.0 0.2 0.0 shenyanping 7Сʱ_mousemovements
0 0 0 0 0 0 0 0 0 0 0 0 0 0 0 0 0 0 0 0 0 0 0 0 0 0 0 0 0 0 0 0 0 0 0 0 0 0 0 0 0 0 0 shenyanping 7Сʱ_mousemovements
0 0 0 0 0 0 0 0 0 0 0 0 0 0 0 0 0 0 0 0 0 0 0 0 0 0 0 0 0 0 0 0 0 0 0 0 0 0 0 0 0 0 0 shenyanping 7Сʱ_mousemovements
0 0 0 0 0 0 0 0 0 0 0 0 0 0 0 0 0 0 0 0 0 0 0 0 0 0 0 0 0 0 0 0 0 0 0 0 0 0 0 0 0 0 0 shenyanping 7Сʱ_mousemovements
0 0 0 0 0 0 0 0 0 0 0 0 0 0 0 0 0 0 0 0 0 0 0 0 0 0 0 0 0 0 0 0 0 0 0 0 0 0 0 0 0 0 0 shenyanping 7Сʱ_mousemovements
0 0 0 0 0 0 0 0 0 0 0 0 0 0 0 0 0 0 0 0 0 0 0 0 0 0 0 0 0 0 0 0 0 0 0 0 0 0 0 0 0 0 0 shenyanping 7Сʱ_mousemovements
0 0 0 0 0 0 0 0 0 0 0 0 0 0 0 0 0 0 0 0 0 0 0 0 0 0 0 0 0 0 0 0 0 0 0 0 0 0 0 0 0 0 0 shenyanping 7Сʱ_mousemovements
168.905426 438.939453 451.29538 22.767952 0 755.74762 0 0 451.29538 0 22.767952 438.939453 0 0 168.905426 755.74762 0.2 0.0 0.2 0.2 0.0 0.0 0.2 0.2 120.99252526666666 22.767952 0 0.9375 0.0625 0.0 0.2 0.2 0.2 0.2 0.0 0.2 0.0 0.0 0.5 0.3333333333333333 0.08333333333333333 0.08333333333333333 0.0 shenyanping 7Сʱ_mousemovements
102.58299877777777 139.448166 320.487488 272.695282 0 2010.54126 0 0 139.448166 528.483215 320.487488 58.430967599999995 21.276596 1041.349644 272.695282 9.174312 0.07692307692307693 0.07692307692307693 0.07692307692307693 0.38461538461538464 0.07692307692307693 0.15384615384615385 0.07692307692307693 0.07692307692307693 106.05387196875 272.695282 0 0.9696969696969697 0.030303030303030304 0.0 0.6923076923076923 0.07692307692307693 0.07692307692307693 0.07692307692307693 0.0 0.07692307692307693 0.0 0.0 0.5 0.3076923076923077 0.07692307692307693 0.038461538461538464 0.07692307692307693 shenyanping 7Сʱ_mousemovements
0 0 0 0 0 0 0 0 0 0 0 0 0 0 0 0 0 0 0 0 0 0 0 0 0 0 0 0 0 0 0 0 0 0 0 0 0 0 0 0 0 0 0 shenyanping 7Сʱ_mousemovements
21.276596 0 0 0 0 4999.83252 0 0 0 4999.83252 0 0 0 0 0 21.276596 0.0 0.5 0.0 0.0 0.0 0.0 0.0 0.5 627.6386395 0 0 1.0 0.0 0.0 0.5 0.0 0.0 0.0 0.0 0.5 0.0 0.0 0.6666666666666666 0.3333333333333333 0.0 0.0 0.0 shenyanping 7Сʱ_mousemovements
0 0 0 0 0 0 0 0 0 0 0 0 0 0 0 0 0 0 0 0 0 0 0 0 0 0 0 0 0 0 0 0 0 0 0 0 0 0 0 0 0 0 0 shenyanping 7Сʱ_mousemovements
0 0 0 0 0 0 0 0 0 0 0 0 0 0 0 0 0 0 0 0 0 0 0 0 0.0 0 0 1.0 0.0 0.0 0 0 0 0 0 0 0 0 1.0 0.0 0.0 0.0 0.0 shenyanping 7Сʱ_mousemovements
0 0 0 0 0 0 0 0 0 0 0 0 0 0 0 0 0 0 0 0 0 0 0 0 0 0 0 0 0 0 0 0 0 0 0 0 0 0 0 0 0 0 0 shenyanping 7Сʱ_mousemovements
0 0 0 0 0 0 0 0 0 0 0 0 0 0 0 0 0 0 0 0 0 0 0 0 0 0 0 0 0 0 0 0 0 0 0 0 0 0 0 0 0 0 0 shenyanping 7Сʱ_mousemovements
0 0 0 0 0 0 0 0 0 0 0 0 0 0 0 0 0 0 0 0 0 0 0 0 0 0 0 0 0 0 0 0 0 0 0 0 0 0 0 0 0 0 0 shenyanping 7Сʱ_mousemovements
306.881195 0 0 0 0 0 0 0 0 0 0 0 0 0 0 306.881195 0.0 0.0 0.0 0.0 0.0 0.0 0.0 1.0 76.72029875 0 0 1.0 0.0 0.0 1.0 0.0 0.0 0.0 0.0 0.0 0.0 0.0 0.6666666666666666 0.0 0.3333333333333333 0.0 0.0 shenyanping 7Сʱ_mousemovements
114.565098 0 0 0 0 0 0 0 0 0 0 0 0 0 157.699524 71.430672 0.0 0.0 0.0 0.0 0.0 0.0 0.5 0.5 38.188366 0 0 1.0 0.0 0.0 1.0 0.0 0.0 0.0 0.0 0.0 0.0 0.0 0.5 0.25 0.25 0.0 0.0 shenyanping 7Сʱ_mousemovements
0 0 0 0 0 0 0 0 0 0 0 0 0 0 0 0 0 0 0 0 0 0 0 0 0 0 0 0 0 0 0 0 0 0 0 0 0 0 0 0 0 0 0 shenyanping 7Сʱ_mousemovements
48.105598 0 0 0 0 0 3272.874817 1362.733887 0 1362.733887 0 0 0 5593.865723 951.883911 48.105598 0.0 0.25 0.0 0.0 0.0 0.25 0.25 0.25 659.0402934166667 0 48.105598 0.9230769230769231 0.0 0.07692307692307693 0.25 0.0 0.0 0.0 0.0 0.0 0.5 0.25 0.6666666666666666 0.08333333333333333 0.16666666666666666 0.08333333333333333 0.0 shenyanping 7Сʱ_mousemovements
0 0 0 0 0 0 0 0 0 0 0 0 0 0 0 0 0 0 0 0 0 0 0 0 0 0 0 0 0 0 0 0 0 0 0 0 0 0 0 0 0 0 0 shenyanping 7Сʱ_mousemovements
269.413513 0 0 0 0 0 0 0 269.413513 0 0 0 0 0 0 0 1.0 0.0 0.0 0.0 0.0 0.0 0.0 0.0 134.7067565 0 0 1.0 0.0 0.0 1.0 0.0 0.0 0.0 0.0 0.0 0.0 0.0 1.0 0.0 0.0 0.0 0.0 shenyanping 7Сʱ_mousemovements
312.5 394.66597 0 0 0 0 0 0 0 211.22728 486.385315 0 0 0 0 312.5 0.0 0.25 0.5 0.0 0.0 0.0 0.0 0.25 106.89270785714287 0 0 1.0 0.0 0.0 0.25 0.75 0.0 0.0 0.0 0.0 0.0 0.0 0.5 0.3333333333333333 0.16666666666666666 0.0 0.0 shenyanping 7Сʱ_mousemovements
0 0 0 0 0 0 0 0 0 0 0 0 0 0 0 0 0 0 0 0 0 0 0 0 0 0 0 0 0 0 0 0 0 0 0 0 0 0 0 0 0 0 0 shenyanping 7Сʱ_mousemovements
410.0720926666666 673.11734 0 0 0 0 0 0 335.270538 447.47287 0 0 0 1036.849121 309.385559 0 0.2 0.4 0.0 0.0 0.0 0.2 0.2 0.0 257.6450958 0 0 1.0 0.0 0.0 0.6 0.4 0.0 0.0 0.0 0.0 0.0 0.0 0.4444444444444444 0.3333333333333333 0.1111111111111111 0.1111111111111111 0.0 shenyanping 7Сʱ_mousemovements
88.67758583333331 2038.789185 216.3006055 0 728.515747 0 0 0 728.515747 0 217.04769899999997 18.046488 106.38298 0 591.7190627499999 78.054794 0.1 0.0 0.2 0.1 0.1 0.0 0.4 0.1 136.721831625 79.36143200000001 291.924835 0.8888888888888888 0.07407407407407407 0.037037037037037035 0.6 0.1 0.2 0.0 0.1 0.0 0.0 0.0 0.625 0.125 0.125 0.125 0.0 shenyanping 7Сʱ_mousemovements
84.4006195 0 200.49034899999998 0 0 0 0 0 0 0 268.825806 0 0 87.240952 132.154892 81.560287 0.0 0.0 0.25 0.0 0.0 0.25 0.25 0.25 4.531127055555555 132.154892 178.033379 0.8571428571428571 0.047619047619047616 0.09523809523809523 0.5 0.0 0.5 0.0 0.0 0.0 0.0 0.0 0.3333333333333333 0.4444444444444444 0.05555555555555555 0.1111111111111111 0.05555555555555555 shenyanping 7Сʱ_mousemovements
30.581710333333334 308.37303175 0 0 0 0 0 0 0 0 64.62048833333334 0 807.060303 108.054771 0 108.205948 0.0 0.0 0.42857142857142855 0.0 0.14285714285714285 0.2857142857142857 0.0 0.14285714285714285 51.12826331818182 6.554 64.62048833333334 0.8461538461538461 0.038461538461538464 0.11538461538461539 0.42857142857142855 0.5714285714285714 0.0 0.0 0.0 0.0 0.0 0.0 0.4117647058823529 0.23529411764705882 0.11764705882352941 0.23529411764705882 0.0 shenyanping 7Сʱ_mousemovements
33.525192 194.897644 1083.483521 0 0 0 0 0 0 0 558.5043565000001 0 0 0 194.897644 0 0.0 0.0 0.6666666666666666 0.0 0.0 0.0 0.3333333333333333 0.0 142.0423516666667 0 33.525192 0.9 0.0 0.1 0.3333333333333333 0.3333333333333333 0.3333333333333333 0.0 0.0 0.0 0.0 0.0 0.5555555555555556 0.2222222222222222 0.1111111111111111 0.1111111111111111 0.0 shenyanping 7Сʱ_mousemovements
0 0 0 0 0 0 0 0 0 0 0 0 0 0 0 0 0 0 0 0 0 0 0 0 0.0 0 0 1.0 0.0 0.0 0 0 0 0 0 0 0 0 1.0 0.0 0.0 0.0 0.0 shenyanping 7Сʱ_mousemovements
88.424662 0 148.793182 0 0 0 0 0 15.590016 0 0 0 0 0 121.7254535 0 0.2 0.0 0.0 0.0 0.0 0.0 0.8 0.0 38.65321769230769 0 0 1.0 0.0 0.0 0.8 0.0 0.2 0.0 0.0 0.0 0.0 0.0 0.5 0.1 0.2 0.2 0.0 shenyanping 7Сʱ_mousemovements
67.86471175 445.232178 126.413025 0 0 0 678.638245 0 0 176.583984 126.413025 0 0 445.232178 347.3191225 39.437431499999995 0.0 0.14285714285714285 0.14285714285714285 0.0 0.0 0.14285714285714285 0.2857142857142857 0.2857142857142857 66.43711271428572 126.413025 0.149903 0.9130434782608695 0.043478260869565216 0.043478260869565216 0.5714285714285714 0.14285714285714285 0.14285714285714285 0.0 0.0 0.0 0.14285714285714285 0.0 0.5 0.375 0.0625 0.0 0.0625 shenyanping 7Сʱ_mousemovements
66.4284095 595.48901375 380.9532165 0 0 0 0 0 225.806458 74.4253195 74.27395250000001 246.24509333333336 443.148132 0 625.2067413333333 39.293653 0.0625 0.25 0.125 0.1875 0.0625 0.0 0.1875 0.125 67.11017351020408 17.9132095 241.960831 0.9245283018867925 0.03773584905660377 0.03773584905660377 0.625 0.25 0.125 0.0 0.0 0.0 0.0 0.0 0.46808510638297873 0.3191489361702128 0.0851063829787234 0.06382978723404255 0.06382978723404255 shenyanping 7Сʱ_mousemovements
194.15652100000003 324.30138025 0 0 0 483.924072 0 0 483.924072 538.697205 353.941854 0 0 170.39669450000002 37.70831033333334 265.3388673333333 0.07692307692307693 0.07692307692307693 0.23076923076923078 0.0 0.0 0.15384615384615385 0.23076923076923078 0.23076923076923078 89.81192651428573 25.759113499999998 139.446106 0.9210526315789473 0.05263157894736842 0.02631578947368421 0.6153846153846154 0.3076923076923077 0.0 0.0 0.0 0.07692307692307693 0.0 0.0 0.5 0.3 0.16666666666666666 0.03333333333333333 0.0 shenyanping 7Сʱ_mousemovements
0 0 0 0 0 0 0 0 0 0 0 0 0 0 0 0 0 0 0 0 0 0 0 0 0 0 0 0 0 0 0 0 0 0 0 0 0 0 0 0 0 0 0 shenyanping 7Сʱ_mousemovements
210.6725966666667 0 322.349548 0 0 0 0 0 344.151855 0 261.409058 0 322.349548 0 26.456877 0 0.25 0.0 0.25 0.0 0.25 0.0 0.25 0.0 84.35549645454547 26.456877 0 0.9166666666666666 0.08333333333333333 0.0 0.75 0.0 0.25 0.0 0.0 0.0 0.0 0.0 0.5 0.3 0.0 0.2 0.0 shenyanping 7Сʱ_mousemovements
69.71296966666667 206.539413 314.749969 294.921509 0 0 0 801.3153685 314.749969 9.777425666666666 872.739746 174.60318 65.406189 0 410.45063766666664 148.936172 0.09090909090909091 0.2727272727272727 0.09090909090909091 0.09090909090909091 0.09090909090909091 0.0 0.2727272727272727 0.09090909090909091 76.14744424242424 4.49172 157.635173 0.8918918918918919 0.05405405405405406 0.05405405405405406 0.5454545454545454 0.09090909090909091 0.09090909090909091 0.09090909090909091 0.0 0.0 0.0 0.18181818181818182 0.36363636363636365 0.42424242424242425 0.06060606060606061 0.0 0.15151515151515152 shenyanping 7Сʱ_mousemovements
0 0 0 0 0 0 0 0 0 0 0 0 0 0 0 0 0 0 0 0 0 0 0 0 0 0 0 0 0 0 0 0 0 0 0 0 0 0 0 0 0 0 0 shenyanping 7Сʱ_mousemovements
0 0 0 0 0 0 0 0 0 0 0 0 0 0 0 0 0 0 0 0 0 0 0 0 0 0 0 0 0 0 0 0 0 0 0 0 0 0 0 0 0 0 0 shenyanping 7Сʱ_mousemovements
0 0 0 0 0 0 0 0 0 0 0 0 0 0 0 0 0 0 0 0 0 0 0 0 0 0 0 0 0 0 0 0 0 0 0 0 0 0 0 0 0 0 0 shenyanping 7Сʱ_mousemovements
0 0 0 0 0 0 0 0 0 0 0 0 0 0 0 0 0 0 0 0 0 0 0 0 0 0 0 0 0 0 0 0 0 0 0 0 0 0 0 0 0 0 0 shenyanping 7Сʱ_mousemovements
0 0 0 0 0 0 0 0 0 0 0 0 0 0 0 0 0 0 0 0 0 0 0 0 0 0 0 0 0 0 0 0 0 0 0 0 0 0 0 0 0 0 0 shenyanping 7Сʱ_mousemovements
0 0 0 0 0 0 0 0 0 0 0 0 0 0 0 0 0 0 0 0 0 0 0 0 0 0 0 0 0 0 0 0 0 0 0 0 0 0 0 0 0 0 0 shenyanping 7Сʱ_mousemovements
0 0 0 0 0 0 0 0 0 0 0 0 0 0 0 0 0 0 0 0 0 0 0 0 0 0 0 0 0 0 0 0 0 0 0 0 0 0 0 0 0 0 0 shenyanping 7Сʱ_mousemovements
0 0 0 0 0 0 0 0 0 0 0 0 0 0 0 0 0 0 0 0 0 0 0 0 0 0 0 0 0 0 0 0 0 0 0 0 0 0 0 0 0 0 0 shenyanping 7Сʱ_mousemovements
0 0 0 0 0 0 0 0 0 0 0 0 0 0 0 0 0 0 0 0 0 0 0 0 0 0 0 0 0 0 0 0 0 0 0 0 0 0 0 0 0 0 0 shenyanping 7Сʱ_mousemovements
0 0 0 0 0 0 0 0 0 0 0 0 0 0 0 0 0 0 0 0 0 0 0 0 0 0 0 0 0 0 0 0 0 0 0 0 0 0 0 0 0 0 0 shenyanping 7Сʱ_mousemovements
0 0 0 0 0 0 0 0 0 0 0 0 0 0 0 0 0 0 0 0 0 0 0 0 0 0 0 0 0 0 0 0 0 0 0 0 0 0 0 0 0 0 0 shenyanping 7Сʱ_mousemovements
