163.41112516666666 505.706085 658.080811 0 0 0 0 0 0 462.3737335 505.706085 195.590042 129.051941 0 64.516129 0 0.0 0.25 0.125 0.25 0.25 0.0 0.125 0.0 105.84998763157895 0 133.103882 0.95 0.0 0.05 0.75 0.125 0.125 0.0 0.0 0.0 0.0 0.0 0.5333333333333333 0.3333333333333333 0.06666666666666667 0.06666666666666667 0.0 shenyanping 6Сʱ_mousemovements
0 204.420898 0 0 0 0 0 0 0 0 0 0 0 0 204.420898 0 0.0 0.0 0.0 0.0 0.0 0.0 1.0 0.0 0.0 0 204.420898 0.9 0.0 0.1 0.0 1.0 0.0 0.0 0.0 0.0 0.0 0.0 0.7777777777777778 0.1111111111111111 0.0 0.0 0.1111111111111111 shenyanping 6Сʱ_mousemovements
186.6519735 0 384.499359 0 0 0 0 0 0 0 327.4929045 0 0 0 0 102.817497 0.0 0.0 0.6666666666666666 0.0 0.0 0.0 0.0 0.3333333333333333 94.72541325 0 0 1.0 0.0 0.0 0.6666666666666666 0.0 0.3333333333333333 0.0 0.0 0.0 0.0 0.0 0.5714285714285714 0.2857142857142857 0.14285714285714285 0.0 0.0 shenyanping 6Сʱ_mousemovements
22.845795999999996 635.468018 375.318024 1507.17627 0 79.658104 0 0 0 1507.17627 79.658104 635.468018 0 0 25.641026 139.40479533333334 0.0 0.14285714285714285 0.14285714285714285 0.14285714285714285 0.0 0.0 0.14285714285714285 0.42857142857142855 89.1896448275862 79.658104 0 0.9666666666666667 0.03333333333333333 0.0 0.42857142857142855 0.14285714285714285 0.14285714285714285 0.14285714285714285 0.0 0.14285714285714285 0.0 0.0 0.5 0.2727272727272727 0.13636363636363635 0.0 0.09090909090909091 shenyanping 6Сʱ_mousemovements
0 0 0 0 0 0 0 0 0 0 0 0 0 0 0 0 0 0 0 0 0 0 0 0 0 0 0 0 0 0 0 0 0 0 0 0 0 0 0 0 0 0 0 shenyanping 6Сʱ_mousemovements
41.269839499999996 0 0 0 0 0 0 0 0 0 0 0 0 0 66.666664 15.873015 0.0 0.0 0.0 0.0 0.0 0.0 0.5 0.5 10.317459874999999 0 0 1.0 0.0 0.0 1.0 0.0 0.0 0.0 0.0 0.0 0.0 0.0 0.8333333333333334 0.16666666666666666 0.0 0.0 0.0 shenyanping 6Сʱ_mousemovements
0 0 0 0 0 0 0 0 0 0 0 0 0 0 0 0 0 0 0 0 0 0 0 0 0 0 0 0 0 0 0 0 0 0 0 0 0 0 0 0 0 0 0 shenyanping 6Сʱ_mousemovements
0 0 0 0 0 0 0 0 0 0 0 0 0 0 0 0 0 0 0 0 0 0 0 0 0.0 0 0 1.0 0.0 0.0 0 0 0 0 0 0 0 0 1.0 0.0 0.0 0.0 0.0 shenyanping 6Сʱ_mousemovements
0 0 0 0 0 0 0 0 0 0 0 0 0 0 0 0 0 0 0 0 0 0 0 0 0 0 0 0 0 0 0 0 0 0 0 0 0 0 0 0 0 0 0 shenyanping 6Сʱ_mousemovements
0 0 0 0 0 0 0 0 0 0 0 0 0 0 0 0 0 0 0 0 0 0 0 0 0 0 0 0 0 0 0 0 0 0 0 0 0 0 0 0 0 0 0 shenyanping 6Сʱ_mousemovements
0 0 0 0 0 0 0 0 0 0 0 0 0 0 0 0 0 0 0 0 0 0 0 0 0 0 0 0 0 0 0 0 0 0 0 0 0 0 0 0 0 0 0 shenyanping 6Сʱ_mousemovements
0 1836.164673 0 0 0 0 0 0 0 0 0 0 0 0 0 1836.164673 0.0 0.0 0.0 0.0 0.0 0.0 0.0 1.0 918.0823365 0 0 1.0 0.0 0.0 0.0 1.0 0.0 0.0 0.0 0.0 0.0 0.0 1.0 0.0 0.0 0.0 0.0 shenyanping 6Сʱ_mousemovements
0 0 0 0 0 0 0 0 0 0 0 0 0 0 0 0 0 0 0 0 0 0 0 0 0 0 0 0 0 0 0 0 0 0 0 0 0 0 0 0 0 0 0 shenyanping 6Сʱ_mousemovements
0 0 0 0 0 0 0 0 0 0 0 0 0 0 0 0 0 0 0 0 0 0 0 0 0 0 0 0 0 0 0 0 0 0 0 0 0 0 0 0 0 0 0 shenyanping 6Сʱ_mousemovements
1171.537354 0 0 0 0 0 0 0 0 0 0 0 0 0 0 1171.537354 0.0 0.0 0.0 0.0 0.0 0.0 0.0 1.0 585.768677 0 0 1.0 0.0 0.0 1.0 0.0 0.0 0.0 0.0 0.0 0.0 0.0 1.0 0.0 0.0 0.0 0.0 shenyanping 6Сʱ_mousemovements
0 0 0 0 0 0 0 0 0 0 0 0 0 0 0 0 0 0 0 0 0 0 0 0 0 0 0 0 0 0 0 0 0 0 0 0 0 0 0 0 0 0 0 shenyanping 6Сʱ_mousemovements
167.839845 0 0 0 0 0 0 0 0 0 0 0 0 0 0 167.839845 0.0 0.0 0.0 0.0 0.0 0.0 0.0 1.0 83.9199225 0 0 1.0 0.0 0.0 1.0 0.0 0.0 0.0 0.0 0.0 0.0 0.0 0.75 0.25 0.0 0.0 0.0 shenyanping 6Сʱ_mousemovements
1738.234619 0 0 0 0 0 0 0 0 0 0 0 0 0 0 1738.234619 0.0 0.0 0.0 0.0 0.0 0.0 0.0 1.0 869.1173095 0 0 1.0 0.0 0.0 1.0 0.0 0.0 0.0 0.0 0.0 0.0 0.0 1.0 0.0 0.0 0.0 0.0 shenyanping 6Сʱ_mousemovements
0 0 0 0 0 0 0 0 0 0 0 0 0 0 0 0 0 0 0 0 0 0 0 0 0 0 0 0 0 0 0 0 0 0 0 0 0 0 0 0 0 0 0 shenyanping 6Сʱ_mousemovements
0 0 0 0 0 0 0 0 0 0 0 0 0 0 0 0 0 0 0 0 0 0 0 0 0 0 0 0 0 0 0 0 0 0 0 0 0 0 0 0 0 0 0 shenyanping 6Сʱ_mousemovements
182.6151885 0 0 0 0 0 0 0 0 0 0 0 0 0 0 182.6151885 0.0 0.0 0.0 0.0 0.0 0.0 0.0 1.0 45.653797125 0 0 1.0 0.0 0.0 1.0 0.0 0.0 0.0 0.0 0.0 0.0 0.0 1.0 0.0 0.0 0.0 0.0 shenyanping 6Сʱ_mousemovements
0 0 0 0 0 0 0 0 0 0 0 0 0 0 0 0 0 0 0 0 0 0 0 0 0 0 0 0 0 0 0 0 0 0 0 0 0 0 0 0 0 0 0 shenyanping 6Сʱ_mousemovements
0 0 0 0 0 0 0 0 0 0 0 0 0 0 0 0 0 0 0 0 0 0 0 0 0 0 0 0 0 0 0 0 0 0 0 0 0 0 0 0 0 0 0 shenyanping 6Сʱ_mousemovements
0 0 0 0 0 0 0 0 0 0 0 0 0 0 0 0 0 0 0 0 0 0 0 0 0.0 0 0 1.0 0.0 0.0 0 0 0 0 0 0 0 0 0.6666666666666666 0.0 0.0 0.3333333333333333 0.0 shenyanping 6Сʱ_mousemovements
0 0 0 0 0 0 0 0 0 0 0 0 0 0 0 0 0 0 0 0 0 0 0 0 0 0 0 0 0 0 0 0 0 0 0 0 0 0 0 0 0 0 0 shenyanping 6Сʱ_mousemovements
0 0 0 0 0 0 0 0 0 0 0 0 0 0 0 0 0 0 0 0 0 0 0 0 0 0 0 0 0 0 0 0 0 0 0 0 0 0 0 0 0 0 0 shenyanping 6Сʱ_mousemovements
99.94667816666664 0 719.2784425 0 0 0 0 0 92.082298 70.669365 488.620373 0 0 283.769905 75.633553 255.071182 0.125 0.125 0.25 0.0 0.0 0.25 0.125 0.125 82.22114030434781 71.517174 75.633553 0.92 0.04 0.04 0.75 0.0 0.25 0.0 0.0 0.0 0.0 0.0 0.6521739130434783 0.17391304347826086 0.13043478260869565 0.0 0.043478260869565216 shenyanping 6Сʱ_mousemovements
0 0 0 0 0 0 0 0 0 0 0 0 0 0 0 0 0 0 0 0 0 0 0 0 0 0 0 0 0 0 0 0 0 0 0 0 0 0 0 0 0 0 0 shenyanping 6Сʱ_mousemovements
0 0 0 0 0 0 0 0 0 0 0 0 0 0 0 0 0 0 0 0 0 0 0 0 0 0 0 0 0 0 0 0 0 0 0 0 0 0 0 0 0 0 0 shenyanping 6Сʱ_mousemovements
0 0 0 0 0 0 0 0 0 0 0 0 0 0 0 0 0 0 0 0 0 0 0 0 0 0 0 0 0 0 0 0 0 0 0 0 0 0 0 0 0 0 0 shenyanping 6Сʱ_mousemovements
0 0 0 0 0 0 0 0 0 0 0 0 0 0 0 0 0 0 0 0 0 0 0 0 0 0 0 0 0 0 0 0 0 0 0 0 0 0 0 0 0 0 0 shenyanping 6Сʱ_mousemovements
0 0 0 0 0 0 0 0 0 0 0 0 0 0 0 0 0 0 0 0 0 0 0 0 0 0 0 0 0 0 0 0 0 0 0 0 0 0 0 0 0 0 0 shenyanping 6Сʱ_mousemovements
329.227127 0 942.731262 1146.372803 0 0 0 0 0 0 840.696949 301.101074 316.83284000000003 0 611.164585 839.48114 0.0 0.0 0.25 0.125 0.25 0.0 0.25 0.125 190.87243808333332 0 97.032448 0.96 0.0 0.04 0.625 0.0 0.25 0.125 0.0 0.0 0.0 0.0 0.5454545454545454 0.36363636363636365 0.045454545454545456 0.0 0.045454545454545456 shenyanping 6Сʱ_mousemovements
231.21666733333333 0 707.731567 475.3245925 0 0 0 0 0 707.731567 0 333.383301 696.532715 0 273.8582535 66.666664 0.0 0.16666666666666666 0.0 0.16666666666666666 0.16666666666666666 0.0 0.3333333333333333 0.16666666666666666 139.86095226666666 0 254.11647 0.9375 0.0 0.0625 0.5 0.0 0.16666666666666666 0.3333333333333333 0.0 0.0 0.0 0.0 0.45454545454545453 0.2727272727272727 0.2727272727272727 0.0 0.0 shenyanping 6Сʱ_mousemovements
28.4737525 1107.970581 352.3137705 0 0 416.387451 0 0 615.404541 89.223 0 1107.970581 0 28.4737525 0 416.387451 0.16666666666666666 0.16666666666666666 0.0 0.16666666666666666 0.0 0.3333333333333333 0.0 0.16666666666666666 137.294379875 89.223 0 0.9411764705882353 0.058823529411764705 0.0 0.3333333333333333 0.16666666666666666 0.3333333333333333 0.0 0.0 0.16666666666666666 0.0 0.0 0.46153846153846156 0.15384615384615385 0.38461538461538464 0.0 0.0 shenyanping 6Сʱ_mousemovements
0 0 0 0 0 0 0 0 0 0 0 0 0 0 0 0 0 0 0 0 0 0 0 0 0 0 0 0 0 0 0 0 0 0 0 0 0 0 0 0 0 0 0 shenyanping 6Сʱ_mousemovements
0 0 0 0 0 0 0 0 0 0 0 0 0 0 0 0 0 0 0 0 0 0 0 0 0 0 0 0 0 0 0 0 0 0 0 0 0 0 0 0 0 0 0 shenyanping 6Сʱ_mousemovements
0 0 0 0 0 0 0 0 0 0 0 0 0 0 0 0 0 0 0 0 0 0 0 0 0 0 0 0 0 0 0 0 0 0 0 0 0 0 0 0 0 0 0 shenyanping 6Сʱ_mousemovements
0 0 0 0 0 0 0 0 0 0 0 0 0 0 0 0 0 0 0 0 0 0 0 0 0 0 0 0 0 0 0 0 0 0 0 0 0 0 0 0 0 0 0 shenyanping 6Сʱ_mousemovements
0 0 0 0 0 0 0 0 0 0 0 0 0 0 0 0 0 0 0 0 0 0 0 0 0 0 0 0 0 0 0 0 0 0 0 0 0 0 0 0 0 0 0 shenyanping 6Сʱ_mousemovements
0 0 0 0 0 0 0 0 0 0 0 0 0 0 0 0 0 0 0 0 0 0 0 0 0 0 0 0 0 0 0 0 0 0 0 0 0 0 0 0 0 0 0 shenyanping 6Сʱ_mousemovements
0 0 0 0 0 0 0 0 0 0 0 0 0 0 0 0 0 0 0 0 0 0 0 0 0 0 0 0 0 0 0 0 0 0 0 0 0 0 0 0 0 0 0 shenyanping 6Сʱ_mousemovements
0 0 0 0 0 0 0 0 0 0 0 0 0 0 0 0 0 0 0 0 0 0 0 0 0 0 0 0 0 0 0 0 0 0 0 0 0 0 0 0 0 0 0 shenyanping 6Сʱ_mousemovements
0 0 0 0 0 0 0 0 0 0 0 0 0 0 0 0 0 0 0 0 0 0 0 0 0 0 0 0 0 0 0 0 0 0 0 0 0 0 0 0 0 0 0 shenyanping 6Сʱ_mousemovements
0 0 0 0 0 0 0 0 0 0 0 0 0 0 0 0 0 0 0 0 0 0 0 0 0 0 0 0 0 0 0 0 0 0 0 0 0 0 0 0 0 0 0 shenyanping 6Сʱ_mousemovements
0 0 0 0 0 0 0 0 0 0 0 0 0 0 0 0 0 0 0 0 0 0 0 0 0 0 0 0 0 0 0 0 0 0 0 0 0 0 0 0 0 0 0 shenyanping 6Сʱ_mousemovements
0 0 0 0 0 0 0 0 0 0 0 0 0 0 0 0 0 0 0 0 0 0 0 0 0 0 0 0 0 0 0 0 0 0 0 0 0 0 0 0 0 0 0 shenyanping 6Сʱ_mousemovements
0 0 0 0 0 0 0 0 0 0 0 0 0 0 0 0 0 0 0 0 0 0 0 0 0 0 0 0 0 0 0 0 0 0 0 0 0 0 0 0 0 0 0 shenyanping 6Сʱ_mousemovements
0 0 0 0 0 0 0 0 0 0 0 0 0 0 0 0 0 0 0 0 0 0 0 0 0 0 0 0 0 0 0 0 0 0 0 0 0 0 0 0 0 0 0 shenyanping 6Сʱ_mousemovements
932.918823 0 0 0 0 0 0 0 0 0 0 932.918823 0 0 0 0 0.0 0.0 0.0 1.0 0.0 0.0 0.0 0.0 466.4594115 0 0 1.0 0.0 0.0 1.0 0.0 0.0 0.0 0.0 0.0 0.0 0.0 1.0 0.0 0.0 0.0 0.0 shenyanping 6Сʱ_mousemovements
0 0 0 0 0 0 0 0 0 0 0 0 0 0 0 0 0 0 0 0 0 0 0 0 0 0 0 0 0 0 0 0 0 0 0 0 0 0 0 0 0 0 0 shenyanping 6Сʱ_mousemovements
488.53881333333334 0 0 0 0 0 0 0 0 0 0 0 0 225.588364 620.014038 0 0.0 0.0 0.0 0.0 0.0 0.3333333333333333 0.6666666666666666 0.0 244.26940666666667 0 0 1.0 0.0 0.0 1.0 0.0 0.0 0.0 0.0 0.0 0.0 0.0 0.6 0.4 0.0 0.0 0.0 shenyanping 6Сʱ_mousemovements
0 0 0 0 0 0 0 0 0 0 0 0 0 0 0 0 0 0 0 0 0 0 0 0 0 0 0 0 0 0 0 0 0 0 0 0 0 0 0 0 0 0 0 shenyanping 6Сʱ_mousemovements
0 0 0 0 0 0 0 0 0 0 0 0 0 0 0 0 0 0 0 0 0 0 0 0 0 0 0 0 0 0 0 0 0 0 0 0 0 0 0 0 0 0 0 shenyanping 6Сʱ_mousemovements
365.9256095 0 488.130585 0 1838.9003599999999 0 0 0 0 92.726646 0 2926.140137 0 0 563.627579 751.660583 0.0 0.2 0.0 0.2 0.0 0.0 0.4 0.2 306.11140774999996 0 0 1.0 0.0 0.0 0.4 0.0 0.2 0.0 0.4 0.0 0.0 0.0 0.5 0.3333333333333333 0.16666666666666666 0.0 0.0 shenyanping 6Сʱ_mousemovements
0 0 0 0 0 0 0 0 0 0 0 0 0 0 0 0 0 0 0 0 0 0 0 0 0 0 0 0 0 0 0 0 0 0 0 0 0 0 0 0 0 0 0 shenyanping 6Сʱ_mousemovements
0 0 0 0 0 0 0 0 0 0 0 0 0 0 0 0 0 0 0 0 0 0 0 0 0 0 0 0 0 0 0 0 0 0 0 0 0 0 0 0 0 0 0 shenyanping 6Сʱ_mousemovements
71.370266 684.001404 0 4172.850586 0 0 0 0 0 92.215992 4172.850586 358.09898749999996 0 0 68.852509 0 0.0 0.3333333333333333 0.16666666666666666 0.3333333333333333 0.0 0.0 0.16666666666666666 0.0 365.00974878571424 32.196571 0 0.9333333333333333 0.06666666666666667 0.0 0.6666666666666666 0.16666666666666666 0.0 0.16666666666666666 0.0 0.0 0.0 0.0 0.6428571428571429 0.2857142857142857 0.0 0.0 0.07142857142857142 shenyanping 6Сʱ_mousemovements
241.5803295 0 0 0 810.937805 0 0 0 0 810.937805 0 387.839294 0 0 95.321365 0 0.0 0.3333333333333333 0.0 0.3333333333333333 0.0 0.0 0.3333333333333333 0.0 43.093254888888886 0 453.129585 0.8181818181818182 0.0 0.18181818181818182 0.6666666666666666 0.0 0.0 0.0 0.3333333333333333 0.0 0.0 0.0 0.7 0.1 0.2 0.0 0.0 shenyanping 6Сʱ_mousemovements
0 0 0 0 0 0 0 0 0 0 0 0 0 0 0 0 0 0 0 0 0 0 0 0 0 0 0 0 0 0 0 0 0 0 0 0 0 0 0 0 0 0 0 shenyanping 6Сʱ_mousemovements
181.543502875 576.7655793333333 0 1109.026245 0 0 0 0 65.5924 367.66132866666663 0 0 0 617.144694 84.338276 0 0.08333333333333333 0.5 0.0 0.0 0.0 0.25 0.16666666666666666 0.0 137.43314846666667 60.022209 108.654343 0.9375 0.03125 0.03125 0.6666666666666666 0.25 0.0 0.08333333333333333 0.0 0.0 0.0 0.0 0.5 0.3333333333333333 0.1 0.06666666666666667 0.0 shenyanping 6Сʱ_mousemovements
54.7121015 730.1345825000001 0 139.391113 0 0 0 0 95.138489 0 139.391113 0 811.12793 649.141235 0 14.285714 0.2 0.0 0.2 0.0 0.2 0.2 0.0 0.2 111.10054671428573 76.8384135 0 0.875 0.125 0.0 0.4 0.4 0.0 0.2 0.0 0.0 0.0 0.0 0.75 0.0 0.16666666666666666 0.08333333333333333 0.0 shenyanping 6Сʱ_mousemovements
0 0 0 0 0 0 0 0 0 0 0 0 0 0 0 0 0 0 0 0 0 0 0 0 0 0 0 0 0 0 0 0 0 0 0 0 0 0 0 0 0 0 0 shenyanping 6Сʱ_mousemovements
0 0 0 0 0 0 0 0 0 0 0 0 0 0 0 0 0 0 0 0 0 0 0 0 0 0 0 0 0 0 0 0 0 0 0 0 0 0 0 0 0 0 0 shenyanping 6Сʱ_mousemovements
245.083645 0 305.929626 0 0 0 0 0 0 33.506462 0 0 0 0 305.929626 456.660828 0.0 0.3333333333333333 0.0 0.0 0.0 0.0 0.3333333333333333 0.3333333333333333 84.73227266666666 0 33.506462 0.9 0.0 0.1 0.6666666666666666 0.0 0.3333333333333333 0.0 0.0 0.0 0.0 0.0 0.375 0.0 0.25 0.25 0.125 shenyanping 6Сʱ_mousemovements
13.333333 276.800171 269.2210695 0 0 0 0 0 0 140.77094499999998 276.800171 0 0 0 270.233582 0 0.0 0.5 0.25 0.0 0.0 0.0 0.25 0.0 34.0630455 0 141.7834575 0.8888888888888888 0.0 0.1111111111111111 0.25 0.25 0.5 0.0 0.0 0.0 0.0 0.0 0.5625 0.1875 0.0625 0.0 0.1875 shenyanping 6Сʱ_mousemovements
96.17960866666665 0 0 616.9866985 401.713776 0 0 2001.286743 0 229.6853145 99.819344 153.958893 76.92308 2001.286743 1134.154053 0 0.0 0.2857142857142857 0.14285714285714285 0.14285714285714285 0.14285714285714285 0.14285714285714285 0.14285714285714285 0.0 198.31771289473681 99.819344 57.656853 0.9047619047619048 0.047619047619047616 0.047619047619047616 0.42857142857142855 0.0 0.0 0.2857142857142857 0.14285714285714285 0.0 0.0 0.14285714285714285 0.6111111111111112 0.3333333333333333 0.0 0.05555555555555555 0.0 shenyanping 6Сʱ_mousemovements
256.0285136666667 482.153244 335.683105 108.387764 0 0 0 0 0 0 357.56475066666667 309.299164 215.094681 243.691696 0 335.683105 0.0 0.0 0.42857142857142855 0.14285714285714285 0.14285714285714285 0.14285714285714285 0.0 0.14285714285714285 94.00341518181818 108.387764 0 0.9565217391304348 0.043478260869565216 0.0 0.42857142857142855 0.2857142857142857 0.14285714285714285 0.14285714285714285 0.0 0.0 0.0 0.0 0.5 0.2777777777777778 0.05555555555555555 0.1111111111111111 0.05555555555555555 shenyanping 6Сʱ_mousemovements
119.79324066666665 0 698.612976 0 0 0 0 0 0 0 311.543823 0 0 0 698.612976 23.9179495 0.0 0.0 0.25 0.0 0.0 0.0 0.25 0.5 91.83243627272726 0 23.9179495 0.8461538461538461 0.0 0.15384615384615385 0.75 0.0 0.25 0.0 0.0 0.0 0.0 0.0 0.5833333333333334 0.3333333333333333 0.08333333333333333 0.0 0.0 shenyanping 6Сʱ_mousemovements
107.89080933333334 312.7481385 721.6266175 0 0 0 0 0 263.158264 107.601341 287.415619 0 1180.094971 228.26701866666667 64.341039 0 0.1 0.1 0.1 0.0 0.1 0.3 0.3 0.0 104.44770930769229 0 0.453926 0.9629629629629629 0.0 0.037037037037037035 0.6 0.2 0.2 0.0 0.0 0.0 0.0 0.0 0.3333333333333333 0.25 0.16666666666666666 0.20833333333333334 0.041666666666666664 shenyanping 6Сʱ_mousemovements
236.22956827777782 270.08756 369.248413 0 2694.025879 0 0 0 318.011932 390.7088976666667 568.450287 784.8371532499999 143.47669733333333 168.519878 286.2617645 97.858223 0.08695652173913043 0.13043478260869565 0.08695652173913043 0.17391304347826086 0.13043478260869565 0.21739130434782608 0.08695652173913043 0.08695652173913043 124.77473307936509 66.21525425 0 0.9402985074626866 0.05970149253731343 0.0 0.782608695652174 0.13043478260869565 0.043478260869565216 0.0 0.043478260869565216 0.0 0.0 0.0 0.45161290322580644 0.3709677419354839 0.08064516129032258 0.04838709677419355 0.04838709677419355 shenyanping 6Сʱ_mousemovements
0 0 0 0 0 0 0 0 0 0 0 0 0 0 0 0 0 0 0 0 0 0 0 0 0 0 0 0 0 0 0 0 0 0 0 0 0 0 0 0 0 0 0 shenyanping 6Сʱ_mousemovements
0 0 0 0 0 0 0 0 0 0 0 0 0 0 0 0 0 0 0 0 0 0 0 0 0 0 0 0 0 0 0 0 0 0 0 0 0 0 0 0 0 0 0 shenyanping 6Сʱ_mousemovements
0 0 0 0 0 0 0 0 0 0 0 0 0 0 0 0 0 0 0 0 0 0 0 0 0 0 0 0 0 0 0 0 0 0 0 0 0 0 0 0 0 0 0 shenyanping 6Сʱ_mousemovements
153.48518249999998 698.0407 0 1018.092346 448.761688 4091.530273 0 0 378.8256985 157.815765 0 1797.0559893333336 0 858.07567 118.798538 124.862129 0.2 0.1 0.0 0.3 0.0 0.2 0.1 0.1 183.870466575 0 182.3256948 0.8888888888888888 0.0 0.1111111111111111 0.4 0.3 0.0 0.1 0.1 0.1 0.0 0.0 0.6744186046511628 0.16279069767441862 0.06976744186046512 0.046511627906976744 0.046511627906976744 shenyanping 6Сʱ_mousemovements
0 0 0 0 0 0 0 0 0 0 0 0 0 0 0 0 0 0 0 0 0 0 0 0 0 0 0 0 0 0 0 0 0 0 0 0 0 0 0 0 0 0 0 shenyanping 6Сʱ_mousemovements
0 0 0 0 0 0 0 0 0 0 0 0 0 0 0 0 0 0 0 0 0 0 0 0 0 0 0 0 0 0 0 0 0 0 0 0 0 0 0 0 0 0 0 shenyanping 6Сʱ_mousemovements
0 0 0 0 0 0 0 0 0 0 0 0 0 0 0 0 0 0 0 0 0 0 0 0 0 0 0 0 0 0 0 0 0 0 0 0 0 0 0 0 0 0 0 shenyanping 6Сʱ_mousemovements
0 0 0 0 0 0 0 0 0 0 0 0 0 0 0 0 0 0 0 0 0 0 0 0 0 0 0 0 0 0 0 0 0 0 0 0 0 0 0 0 0 0 0 shenyanping 6Сʱ_mousemovements
0 0 0 0 0 0 0 0 0 0 0 0 0 0 0 0 0 0 0 0 0 0 0 0 0 0 0 0 0 0 0 0 0 0 0 0 0 0 0 0 0 0 0 shenyanping 6Сʱ_mousemovements
105.07860085714286 649.8049619999999 0 1044.8846436666668 1066.267639 512.061218 2727.55542 3733.565186 770.478624 1380.46188 0 0 989.1991983333332 495.25487499999997 207.3618782 3733.565186 0.2777777777777778 0.1111111111111111 0.0 0.0 0.16666666666666666 0.1111111111111111 0.2777777777777778 0.05555555555555555 293.9246335714285 6.410256 233.27037525 0.9074074074074074 0.018518518518518517 0.07407407407407407 0.3888888888888889 0.1111111111111111 0.0 0.16666666666666666 0.16666666666666666 0.05555555555555555 0.05555555555555555 0.05555555555555555 0.68 0.22 0.1 0.0 0.0 shenyanping 6Сʱ_mousemovements
86.03621953333332 157.369202 400.511108 1013.6435036666667 260.749084 0 0 2541.147461 286.49674949999996 0 0 632.1630992 261.9040575 131.489044 3.022632 330.47808925000004 0.09090909090909091 0.0 0.0 0.22727272727272727 0.18181818181818182 0.09090909090909091 0.045454545454545456 0.36363636363636365 101.61042964285714 157.369202 140.383794 0.9459459459459459 0.013513513513513514 0.04054054054054054 0.6818181818181818 0.045454545454545456 0.045454545454545456 0.13636363636363635 0.045454545454545456 0.0 0.0 0.045454545454545456 0.609375 0.234375 0.078125 0.03125 0.046875 shenyanping 6Сʱ_mousemovements
193.5916315454545 140.846542 685.019119 0 896.7778552499999 1411.1050415 0 0 492.552734 196.799133 628.0260793333333 515.50880325 207.406815 0 884.852112 436.47869325 0.045454545454545456 0.045454545454545456 0.2727272727272727 0.36363636363636365 0.045454545454545456 0.0 0.045454545454545456 0.18181818181818182 147.7718342777778 140.846542 159.83346475000002 0.935064935064935 0.012987012987012988 0.05194805194805195 0.5 0.045454545454545456 0.18181818181818182 0.0 0.18181818181818182 0.09090909090909091 0.0 0.0 0.5616438356164384 0.3013698630136986 0.0547945205479452 0.0684931506849315 0.0136986301369863 shenyanping 6Сʱ_mousemovements
144.39739500000002 629.183395 0 0 1103.4077835 902.391235 0 0 880.2953389999999 894.3725585 202.206192 419.63861449999996 72.351402 38.21656 695.228561 209.24469399999998 0.17647058823529413 0.11764705882352941 0.058823529411764705 0.11764705882352941 0.058823529411764705 0.058823529411764705 0.11764705882352941 0.29411764705882354 99.22555469620254 38.21656 70.66386399999999 0.9634146341463414 0.012195121951219513 0.024390243902439025 0.5882352941176471 0.11764705882352941 0.0 0.0 0.23529411764705882 0.058823529411764705 0.0 0.0 0.6623376623376623 0.22077922077922077 0.05194805194805195 0.05194805194805195 0.012987012987012988 shenyanping 6Сʱ_mousemovements
110.22127 347.86907199999996 255.980949 1072.7647299999999 0 1006.8752036666666 637.633484 0 415.2911332 75.30616766666667 0 507.1276412857143 659.128708 0 199.2873355 392.5691391666667 0.18518518518518517 0.1111111111111111 0.0 0.25925925925925924 0.07407407407407407 0.0 0.14814814814814814 0.2222222222222222 80.51994352747252 854.6243834999999 128.6525623 0.883495145631068 0.019417475728155338 0.0970873786407767 0.5185185185185185 0.14814814814814814 0.07407407407407407 0.1111111111111111 0.0 0.1111111111111111 0.037037037037037035 0.0 0.6938775510204082 0.17346938775510204 0.08163265306122448 0.030612244897959183 0.02040816326530612 shenyanping 6Сʱ_mousemovements
86.4059102 542.1746216666667 532.6843645 1023.6000976666668 442.73996 2600.786499 1654.072388 1797.667358 464.2716776666666 1155.838257 1396.74713325 444.596282 8.0 1351.2955325 899.5395615 867.078003 0.16666666666666666 0.05555555555555555 0.2222222222222222 0.2222222222222222 0.05555555555555555 0.1111111111111111 0.1111111111111111 0.05555555555555555 261.4000412105263 8.0 95.74319825 0.9193548387096774 0.016129032258064516 0.06451612903225806 0.2777777777777778 0.16666666666666666 0.1111111111111111 0.16666666666666666 0.05555555555555555 0.1111111111111111 0.05555555555555555 0.05555555555555555 0.5094339622641509 0.2830188679245283 0.09433962264150944 0.07547169811320754 0.03773584905660377 shenyanping 6Сʱ_mousemovements
682.302765 522.569153 254.572906 0 0 0 1810.69873 1786.130249 1853.735962 254.572906 1810.69873 388.1462365 99.182625 1154.349701 0 0 0.125 0.125 0.125 0.25 0.125 0.25 0.0 0.0 214.01903725000003 0 254.572906 0.9696969696969697 0.0 0.030303030303030304 0.5 0.125 0.125 0.0 0.0 0.0 0.125 0.125 0.6896551724137931 0.20689655172413793 0.034482758620689655 0.034482758620689655 0.034482758620689655 shenyanping 6Сʱ_mousemovements
223.17217330000003 747.6885070000001 1198.503357 0 0 2032.3014524999999 0 0 104.38929 0 747.6885070000001 98.815956 256.756096 0 864.3020528333332 972.6222495000001 0.058823529411764705 0.0 0.11764705882352941 0.11764705882352941 0.11764705882352941 0.0 0.35294117647058826 0.23529411764705882 279.421002775 0 105.18580599999999 0.9523809523809523 0.0 0.047619047619047616 0.5882352941176471 0.11764705882352941 0.17647058823529413 0.0 0.0 0.11764705882352941 0.0 0.0 0.48717948717948717 0.3076923076923077 0.1282051282051282 0.07692307692307693 0.0 shenyanping 6Сʱ_mousemovements
325.5915452 254.535263 309.362732 1148.197205 0 0 1867.1271975 0 865.7456894999999 0 96.018196 1240.37085 0 0 1098.1184186666667 206.632665 0.18181818181818182 0.0 0.09090909090909091 0.18181818181818182 0.0 0.0 0.2727272727272727 0.2727272727272727 209.68985468571432 0 220.839903 0.8974358974358975 0.0 0.10256410256410256 0.45454545454545453 0.09090909090909091 0.09090909090909091 0.18181818181818182 0.0 0.0 0.18181818181818182 0.0 0.5405405405405406 0.24324324324324326 0.10810810810810811 0.05405405405405406 0.05405405405405406 shenyanping 6Сʱ_mousemovements
223.39969841666667 534.782801 290.713684 400.56988549999994 485.530609 0 1735.999664 0 393.9747213333333 518.7029113333333 1894.019714 227.1103138 154.882801 305.2404936666667 285.949646 80.73377599999999 0.14285714285714285 0.14285714285714285 0.09523809523809523 0.23809523809523808 0.09523809523809523 0.14285714285714285 0.047619047619047616 0.09523809523809523 94.30926345121951 0 200.146071625 0.9111111111111111 0.0 0.08888888888888889 0.5714285714285714 0.14285714285714285 0.047619047619047616 0.09523809523809523 0.047619047619047616 0.0 0.09523809523809523 0.0 0.6470588235294118 0.17647058823529413 0.07058823529411765 0.07058823529411765 0.03529411764705882 shenyanping 6Сʱ_mousemovements
226.08871816666667 0 0 0 613.362274 0 0 2769.487061 531.104797 0 396.763428 695.619751 1393.8344395 87.143379 35.000721 422.679535 0.1111111111111111 0.0 0.2222222222222222 0.1111111111111111 0.2222222222222222 0.1111111111111111 0.1111111111111111 0.1111111111111111 83.66631738709677 0 55.14408 0.9538461538461539 0.0 0.046153846153846156 0.6666666666666666 0.0 0.0 0.0 0.2222222222222222 0.0 0.0 0.1111111111111111 0.6557377049180327 0.14754098360655737 0.11475409836065574 0.06557377049180328 0.01639344262295082 shenyanping 6Сʱ_mousemovements
135.171273 349.88056174999997 166.2210005 394.9843905 1091.364502 0 2427.439453 563.445801 0 0 1028.98282525 294.2240675 414.908997 0 190.487939 413.66757199999995 0.0 0.0 0.25 0.125 0.0625 0.0 0.4375 0.125 112.8145133392857 0 192.48528059999998 0.9180327868852459 0.0 0.08196721311475409 0.3125 0.25 0.125 0.125 0.0625 0.0 0.0625 0.0625 0.6 0.18 0.02 0.14 0.06 shenyanping 6Сʱ_mousemovements
87.56301069999999 252.00928500000003 0 663.8042296666667 812.8785705 0 0 698.661377 698.661377 0 139.9101775 499.9342088 0 526.562622 87.74324 210.7039816 0.05 0.0 0.1 0.25 0.0 0.05 0.05 0.5 78.59228314925375 0.0 155.63591383333335 0.9054054054054054 0.013513513513513514 0.08108108108108109 0.5 0.2 0.0 0.15 0.1 0.0 0.0 0.05 0.45454545454545453 0.2727272727272727 0.15151515151515152 0.07575757575757576 0.045454545454545456 shenyanping 6Сʱ_mousemovements
91.97225259999999 146.051636 0 0 1146.248413 0 0 575.485474 575.485474 83.929554 141.635193 646.1500245 0 75.183481 0 0 0.125 0.25 0.125 0.25 0.0 0.25 0.0 0.0 40.35733292105263 0 198.51703375 0.9047619047619048 0.0 0.09523809523809523 0.625 0.125 0.0 0.0 0.125 0.0 0.0 0.125 0.6578947368421053 0.23684210526315788 0.05263157894736842 0.02631578947368421 0.02631578947368421 shenyanping 6Сʱ_mousemovements
0 0 0 0 0 0 0 0 0 0 0 0 0 0 0 0 0 0 0 0 0 0 0 0 0 0 0 0 0 0 0 0 0 0 0 0 0 0 0 0 0 0 0 shenyanping 6Сʱ_mousemovements
0 0 0 0 0 0 0 0 0 0 0 0 0 0 0 0 0 0 0 0 0 0 0 0 0 0 0 0 0 0 0 0 0 0 0 0 0 0 0 0 0 0 0 shenyanping 6Сʱ_mousemovements
0 0 0 0 0 0 0 0 0 0 0 0 0 0 0 0 0 0 0 0 0 0 0 0 0 0 0 0 0 0 0 0 0 0 0 0 0 0 0 0 0 0 0 shenyanping 6Сʱ_mousemovements
0 0 0 0 0 0 0 0 0 0 0 0 0 0 0 0 0 0 0 0 0 0 0 0 0 0 0 0 0 0 0 0 0 0 0 0 0 0 0 0 0 0 0 shenyanping 6Сʱ_mousemovements
0 0 0 0 0 0 0 0 0 0 0 0 0 0 0 0 0 0 0 0 0 0 0 0 0 0 0 0 0 0 0 0 0 0 0 0 0 0 0 0 0 0 0 shenyanping 6Сʱ_mousemovements
0 0 0 0 0 0 0 0 0 0 0 0 0 0 0 0 0 0 0 0 0 0 0 0 0 0 0 0 0 0 0 0 0 0 0 0 0 0 0 0 0 0 0 shenyanping 6Сʱ_mousemovements
48.944179999999996 2139.412842 0 0 0 0 0 0 125.0 12.658228 2139.412842 0 0 0 0 9.174312 0.25 0.25 0.25 0.0 0.0 0.0 0.0 0.25 379.511845 9.174312 0 0.8571428571428571 0.14285714285714285 0.0 0.75 0.25 0.0 0.0 0.0 0.0 0.0 0.0 1.0 0.0 0.0 0.0 0.0 shenyanping 6Сʱ_mousemovements
0 0 0 0 0 0 0 0 0 0 0 0 0 0 0 0 0 0 0 0 0 0 0 0 0.0 0 0 1.0 0.0 0.0 0 0 0 0 0 0 0 0 1.0 0.0 0.0 0.0 0.0 shenyanping 6Сʱ_mousemovements
0 0 0 0 0 0 0 0 0 0 0 0 0 0 0 0 0 0 0 0 0 0 0 0 0 0 0 0 0 0 0 0 0 0 0 0 0 0 0 0 0 0 0 shenyanping 6Сʱ_mousemovements
0 0 0 0 0 0 0 0 0 0 0 0 0 0 0 0 0 0 0 0 0 0 0 0 0 0 0 0 0 0 0 0 0 0 0 0 0 0 0 0 0 0 0 shenyanping 6Сʱ_mousemovements
0 0 0 0 0 0 0 0 0 0 0 0 0 0 0 0 0 0 0 0 0 0 0 0 0 0 0 0 0 0 0 0 0 0 0 0 0 0 0 0 0 0 0 shenyanping 6Сʱ_mousemovements
0 0 0 0 0 0 0 0 0 0 0 0 0 0 0 0 0 0 0 0 0 0 0 0 0 0 0 0 0 0 0 0 0 0 0 0 0 0 0 0 0 0 0 shenyanping 6Сʱ_mousemovements
0 0 0 0 0 0 0 0 0 0 0 0 0 0 0 0 0 0 0 0 0 0 0 0 0 0 0 0 0 0 0 0 0 0 0 0 0 0 0 0 0 0 0 shenyanping 6Сʱ_mousemovements
0 0 0 0 0 0 0 0 0 0 0 0 0 0 0 0 0 0 0 0 0 0 0 0 0 0 0 0 0 0 0 0 0 0 0 0 0 0 0 0 0 0 0 shenyanping 6Сʱ_mousemovements
239.22560633333333 511.08350633333333 821.5042726666667 0 0 0 0 0 843.282166 493.40741 418.073822 0 309.73305266666665 0 445.0161435 1141.445313 0.1111111111111111 0.1111111111111111 0.1111111111111111 0.0 0.3333333333333333 0.0 0.2222222222222222 0.1111111111111111 146.7195559259259 0 377.006073 0.9310344827586207 0.0 0.06896551724137931 0.3333333333333333 0.3333333333333333 0.3333333333333333 0.0 0.0 0.0 0.0 0.0 0.7142857142857143 0.17857142857142858 0.07142857142857142 0.03571428571428571 0.0 shenyanping 6Сʱ_mousemovements
121.21212077777776 463.43922399999997 0 0 0 0 744.209595 0 744.209595 776.29895 108.96186250000001 229.2393245 79.731795 0 79.59884166666667 166.826096 0.08333333333333333 0.08333333333333333 0.16666666666666666 0.16666666666666666 0.16666666666666666 0.0 0.25 0.08333333333333333 30.13118157377049 0 307.99835133333335 0.953125 0.0 0.046875 0.75 0.16666666666666666 0.0 0.0 0.0 0.0 0.08333333333333333 0.0 0.5901639344262295 0.29508196721311475 0.04918032786885246 0.04918032786885246 0.01639344262295082 shenyanping 6Сʱ_mousemovements
121.79316987499999 312.633611 316.627441 1353.895142 2532.02417 0 0 0 583.9135336666667 212.892471 1323.751213 150.2580035 45.679653 463.312347 239.79659249999997 167.876602 0.21428571428571427 0.07142857142857142 0.14285714285714285 0.14285714285714285 0.14285714285714285 0.07142857142857142 0.14285714285714285 0.07142857142857142 117.5042595625 0 237.294243 0.96 0.0 0.04 0.5714285714285714 0.21428571428571427 0.07142857142857142 0.07142857142857142 0.07142857142857142 0.0 0.0 0.0 0.6444444444444445 0.26666666666666666 0.022222222222222223 0.022222222222222223 0.044444444444444446 shenyanping 6Сʱ_mousemovements
236.26746914285718 473.80945599999995 428.906982 420.309906 1082.6403500000001 4742.105957 1744.053589 0 464.77464 170.47389866666666 720.2374534999999 326.2151945 698.3907673333333 273.399963 0 1253.9941688000001 0.2 0.12 0.24 0.08 0.12 0.04 0.0 0.2 194.6642328421053 5.047619 273.011427 0.8941176470588236 0.03529411764705882 0.07058823529411765 0.56 0.16 0.04 0.04 0.08 0.04 0.08 0.0 0.7 0.1875 0.05 0.025 0.0375 shenyanping 6Сʱ_mousemovements
168.64199933333336 534.1385546666667 404.537262 334.303162 377.96817 948.077698 2391.31543 0 150.43723666666668 709.6044618 0 243.623123 339.1732785 425.3029864 0 287.8080018 0.14285714285714285 0.23809523809523808 0.0 0.047619047619047616 0.09523809523809523 0.23809523809523808 0.0 0.23809523809523808 133.7915524918033 8.0 79.3934845 0.9242424242424242 0.015151515151515152 0.06060606060606061 0.5714285714285714 0.14285714285714285 0.09523809523809523 0.047619047619047616 0.047619047619047616 0.047619047619047616 0.047619047619047616 0.0 0.5 0.25806451612903225 0.12903225806451613 0.03225806451612903 0.08064516129032258 shenyanping 6Сʱ_mousemovements
202.4693661 1094.153931 691.6908265 612.4350890000001 390.296967 895.047974 0 636.412354 492.76196300000004 32.154672500000004 669.484741 0 40.880415250000006 810.6827775000002 74.137299 593.2212983333333 0.1111111111111111 0.1111111111111111 0.1111111111111111 0.0 0.2222222222222222 0.2222222222222222 0.05555555555555555 0.16666666666666666 116.81565575806452 0 81.2572122 0.9253731343283582 0.0 0.07462686567164178 0.5555555555555556 0.05555555555555555 0.1111111111111111 0.1111111111111111 0.05555555555555555 0.05555555555555555 0.0 0.05555555555555555 0.5932203389830508 0.288135593220339 0.06779661016949153 0.03389830508474576 0.01694915254237288 shenyanping 6Сʱ_mousemovements
139.09779188888893 0 600.456375 487.7907255 483.70285 507.277954 0 1443.055786 402.73522375 0 2066.670898 707.9969785000001 358.45585600000004 250.16301733333333 124.914963 184.8576505 0.23529411764705882 0.0 0.058823529411764705 0.11764705882352941 0.11764705882352941 0.17647058823529413 0.17647058823529413 0.11764705882352941 75.67183231578946 0 172.71193866666667 0.8941176470588236 0.0 0.10588235294117647 0.5294117647058824 0.0 0.11764705882352941 0.11764705882352941 0.058823529411764705 0.058823529411764705 0.0 0.11764705882352941 0.5375 0.275 0.05 0.0625 0.075 shenyanping 6Сʱ_mousemovements
120.94318518181817 380.263824 1024.847534 0 1574.459473 632.385651 0 1767.566162 78.086542 126.73495999999999 0 0 0 942.8845259999999 191.43303533333332 0 0.11764705882352941 0.17647058823529413 0.0 0.0 0.0 0.35294117647058826 0.35294117647058826 0.0 94.85841283333333 0 216.32561700000002 0.9295774647887324 0.0 0.07042253521126761 0.6470588235294118 0.058823529411764705 0.058823529411764705 0.0 0.058823529411764705 0.11764705882352941 0.0 0.058823529411764705 0.5384615384615384 0.26153846153846155 0.07692307692307693 0.07692307692307693 0.046153846153846156 shenyanping 6Сʱ_mousemovements
204.78751 1128.031128 457.79626499999995 934.590546 2027.0484623333332 0 0 544.8857115 1113.806946 594.8496768571429 483.593461 617.8877355 40.680599 937.719578 426.02199575 399.815491 0.125 0.2916666666666667 0.08333333333333333 0.08333333333333333 0.041666666666666664 0.16666666666666666 0.16666666666666666 0.041666666666666664 156.9773861609195 424.788757 169.10800011111112 0.8969072164948454 0.010309278350515464 0.09278350515463918 0.5 0.08333333333333333 0.08333333333333333 0.125 0.125 0.0 0.0 0.08333333333333333 0.6436781609195402 0.27586206896551724 0.04597701149425287 0.022988505747126436 0.011494252873563218 shenyanping 6Сʱ_mousemovements
173.23693849999998 250.6400755 883.4302525 412.867371 615.519287 645.346695 1687.517212 0 370.937323 956.5559235 0 12.974437 722.1905365 247.5141616666667 119.21093133333335 456.847656 0.22727272727272727 0.09090909090909091 0.0 0.045454545454545456 0.18181818181818182 0.2727272727272727 0.13636363636363635 0.045454545454545456 90.84607866233766 12.974437 196.0977971 0.875 0.011363636363636364 0.11363636363636363 0.5454545454545454 0.09090909090909091 0.09090909090909091 0.045454545454545456 0.09090909090909091 0.09090909090909091 0.045454545454545456 0.0 0.6707317073170732 0.13414634146341464 0.07317073170731707 0.0975609756097561 0.024390243902439025 shenyanping 6Сʱ_mousemovements
100.3309395 352.58453399999996 1819.791504 716.2705028333334 0 904.313263 1421.4144286666667 547.8037875 725.5212455000001 793.828873 1194.0245766666667 1031.297404 65.367722 99.305443 524.7249909999999 470.549349 0.2857142857142857 0.09523809523809523 0.14285714285714285 0.14285714285714285 0.047619047619047616 0.047619047619047616 0.14285714285714285 0.09523809523809523 172.4404428787879 473.418701 382.4677851111112 0.868421052631579 0.013157894736842105 0.11842105263157894 0.19047619047619047 0.09523809523809523 0.047619047619047616 0.2857142857142857 0.0 0.14285714285714285 0.14285714285714285 0.09523809523809523 0.5147058823529411 0.25 0.08823529411764706 0.1323529411764706 0.014705882352941176 shenyanping 6Сʱ_mousemovements
62.39223790000001 445.997406 366.85065699999996 0 547.1354494 0 1106.127441 0 278.066662 488.9997583333334 614.740845 228.30514699999998 414.377657 198.18180299999997 278.5999215 36.178942 0.1 0.15 0.05 0.1 0.2 0.15 0.1 0.15 50.02581601282051 0 234.4736438888889 0.896551724137931 0.0 0.10344827586206896 0.5 0.05 0.15 0.0 0.25 0.0 0.05 0.0 0.6388888888888888 0.16666666666666666 0.06944444444444445 0.1111111111111111 0.013888888888888888 shenyanping 6Сʱ_mousemovements
