149.5051566470588 445.80768750000004 706.4863993333333 664.0922852000001 502.1358846666667 1060.703247 1291.9353636666667 970.2642515 527.787812 690.0053977500002 185.34049225 427.63514742857143 486.96024744444446 267.0976149090909 190.3544244 310.2181283 0.17142857142857143 0.17142857142857143 0.05714285714285714 0.1 0.12857142857142856 0.15714285714285714 0.07142857142857142 0.14285714285714285 122.73197410599077 12.30464775 152.04694709999998 0.9004149377593361 0.016597510373443983 0.08298755186721991 0.4857142857142857 0.14285714285714285 0.17142857142857143 0.07142857142857142 0.04285714285714286 0.014285714285714285 0.04285714285714286 0.02857142857142857 0.5927601809954751 0.21266968325791855 0.1085972850678733 0.06334841628959276 0.02262443438914027 maoyu 5Сʱ_mousemovements
0 0 0 0 0 0 0 0 0 0 0 0 0 0 0 0 0 0 0 0 0 0 0 0 0 0 0 0 0 0 0 0 0 0 0 0 0 0 0 0 0 0 0 maoyu 5Сʱ_mousemovements
0 0 0 0 0 0 0 0 0 0 0 0 0 0 0 0 0 0 0 0 0 0 0 0 0 0 0 0 0 0 0 0 0 0 0 0 0 0 0 0 0 0 0 maoyu 5Сʱ_mousemovements
106.14193845714287 401.6747864 974.5988973333333 722.7840114999999 964.134705 942.7859495 647.829956 1086.9660334999999 604.7366675000001 192.98756649999999 671.3021974999999 445.038096 670.0755615 420.2977803333333 236.68523938461541 133.11019979999998 0.0784313725490196 0.23529411764705882 0.0784313725490196 0.058823529411764705 0.0392156862745098 0.058823529411764705 0.2549019607843137 0.19607843137254902 96.05445523239439 81.90137575 449.2092435 0.9466666666666667 0.02666666666666667 0.02666666666666667 0.6862745098039216 0.09803921568627451 0.058823529411764705 0.0392156862745098 0.0196078431372549 0.0392156862745098 0.0196078431372549 0.0392156862745098 0.6439393939393939 0.21212121212121213 0.06818181818181818 0.03787878787878788 0.03787878787878788 maoyu 5Сʱ_mousemovements
183.69441314285717 486.897624 697.1648560000001 922.7457476666667 820.849472 0 0 0 432.372223 395.8275165 1127.894409 0 40.8589745 761.5046326000001 122.05774509999999 94.04307399999999 0.07894736842105263 0.10526315789473684 0.07894736842105263 0.0 0.05263157894736842 0.13157894736842105 0.2631578947368421 0.2894736842105263 114.72800915841584 169.166382 217.23567733333334 0.9619047619047619 0.009523809523809525 0.02857142857142857 0.7368421052631579 0.07894736842105263 0.05263157894736842 0.07894736842105263 0.05263157894736842 0.0 0.0 0.0 0.550561797752809 0.25842696629213485 0.11235955056179775 0.06741573033707865 0.011235955056179775 maoyu 5Сʱ_mousemovements
0 0 0 0 0 0 0 0 0 0 0 0 0 0 0 0 0 0 0 0 0 0 0 0 0 0 0 0 0 0 0 0 0 0 0 0 0 0 0 0 0 0 0 maoyu 5Сʱ_mousemovements
167.31329430769225 284.45484899999997 704.589111 757.0503845 504.212708 1313.261597 485.476135 483.76178 334.28158175 300.912448 393.0069936666667 714.7108344999999 0 132.475975 419.78453566666667 50.48077 0.17391304347826086 0.17391304347826086 0.13043478260869565 0.08695652173913043 0.0 0.08695652173913043 0.2608695652173913 0.08695652173913043 112.55045346969698 78.929008 131.64513399999998 0.9295774647887324 0.014084507042253521 0.056338028169014086 0.5652173913043478 0.13043478260869565 0.043478260869565216 0.08695652173913043 0.043478260869565216 0.043478260869565216 0.043478260869565216 0.043478260869565216 0.65 0.23333333333333334 0.06666666666666667 0.016666666666666666 0.03333333333333333 maoyu 5Сʱ_mousemovements
292.46068954545456 325.801422 399.407928 1962.469971 610.431763 458.697174 0 0 1290.57959 918.0021363333334 393.75941450000005 54.193867 0 334.523519 21.276596 231.42190283333335 0.058823529411764705 0.17647058823529413 0.11764705882352941 0.058823529411764705 0.0 0.17647058823529413 0.058823529411764705 0.35294117647058826 122.0086010576923 21.276596 311.3178046666667 0.9285714285714286 0.017857142857142856 0.05357142857142857 0.6470588235294118 0.11764705882352941 0.058823529411764705 0.058823529411764705 0.058823529411764705 0.058823529411764705 0.0 0.0 0.66 0.24 0.04 0.04 0.02 maoyu 5Сʱ_mousemovements
0 0 0 0 0 0 0 0 0 0 0 0 0 0 0 0 0 0 0 0 0 0 0 0 0.0 0.0 0 0.875 0.125 0.0 0 0 0 0 0 0 0 0 1.0 0.0 0.0 0.0 0.0 maoyu 5Сʱ_mousemovements
175.9738463 471.18990583333334 288.777374 519.996704 981.737732 1311.344482 0 1199.942993 67.841957 730.378418 536.7014105999999 0 223.7002865 180.3284025 554.2929132 37.700977 0.045454545454545456 0.045454545454545456 0.22727272727272727 0.0 0.09090909090909091 0.09090909090909091 0.45454545454545453 0.045454545454545456 122.1073363064516 37.700977 323.1512981428572 0.8857142857142857 0.014285714285714285 0.1 0.45454545454545453 0.2727272727272727 0.045454545454545456 0.045454545454545456 0.09090909090909091 0.045454545454545456 0.0 0.045454545454545456 0.6119402985074627 0.208955223880597 0.11940298507462686 0.04477611940298507 0.014925373134328358 maoyu 5Сʱ_mousemovements
140.3364023076923 195.99982925 0 1491.803101 0 484.938751 666.726746 0 1491.803101 152.389099 390.05492542857144 15.044826 85.78122033333334 253.182407 66.05350200000001 0 0.047619047619047616 0.047619047619047616 0.3333333333333333 0.047619047619047616 0.14285714285714285 0.14285714285714285 0.23809523809523808 0.0 91.79574583050848 58.72908 48.21455066666667 0.9076923076923077 0.046153846153846156 0.046153846153846156 0.6190476190476191 0.19047619047619047 0.0 0.047619047619047616 0.0 0.09523809523809523 0.047619047619047616 0.0 0.5666666666666667 0.2833333333333333 0.06666666666666667 0.03333333333333333 0.05 maoyu 5Сʱ_mousemovements
221.83301043749998 738.5638326666667 394.42537239999996 1340.3237075000002 520.261047 1200.4391886666665 0 0 798.64099125 938.1846343999999 321.2647954285714 35.880989 450.56457550000005 739.4909974 161.49254800000003 741.1294250000001 0.125 0.15625 0.21875 0.03125 0.0625 0.15625 0.1875 0.0625 185.8221397777778 3.78571425 358.8806318333333 0.8901098901098901 0.04395604395604396 0.06593406593406594 0.5 0.09375 0.15625 0.125 0.03125 0.09375 0.0 0.0 0.620253164556962 0.16455696202531644 0.1518987341772152 0.012658227848101266 0.05063291139240506 maoyu 5Сʱ_mousemovements
227.34400242857143 238.08161899999996 386.8680725 1499.7232055 949.4611815 1079.052368 0 0 660.362846 158.014749 379.102112 916.6691283333333 199.481262 364.730774 1393.3200069999998 605.749471 0.10526315789473684 0.15789473684210525 0.15789473684210525 0.15789473684210525 0.05263157894736842 0.10526315789473684 0.10526315789473684 0.15789473684210525 135.93340306153846 0 475.84873960000004 0.9285714285714286 0.0 0.07142857142857142 0.3684210526315789 0.15789473684210525 0.10526315789473684 0.10526315789473684 0.10526315789473684 0.15789473684210525 0.0 0.0 0.6551724137931034 0.10344827586206896 0.15517241379310345 0.05172413793103448 0.034482758620689655 maoyu 5Сʱ_mousemovements
230.38329227777774 506.19935616666663 1376.2399496666667 420.543945 806.6539306666667 3401.062256 691.416077 0 920.0010054285714 664.1458663750001 459.27173625 414.44629699999996 606.467346 340.4950715 243.94837950000004 239.231864 0.21212121212121213 0.24242424242424243 0.12121212121212122 0.06060606060606061 0.06060606060606061 0.06060606060606061 0.12121212121212122 0.12121212121212122 148.46918591919191 0 354.7349911 0.908256880733945 0.0 0.09174311926605505 0.5454545454545454 0.18181818181818182 0.09090909090909091 0.030303030303030304 0.09090909090909091 0.030303030303030304 0.030303030303030304 0.0 0.7272727272727273 0.1717171717171717 0.04040404040404041 0.020202020202020204 0.04040404040404041 maoyu 5Сʱ_mousemovements
0 0 0 0 0 0 0 0 0 0 0 0 0 0 0 0 0 0 0 0 0 0 0 0 0 0 0 0 0 0 0 0 0 0 0 0 0 0 0 0 0 0 0 maoyu 5Сʱ_mousemovements
0 0 0 0 0 0 0 0 0 0 0 0 0 0 0 0 0 0 0 0 0 0 0 0 0 0 0 0 0 0 0 0 0 0 0 0 0 0 0 0 0 0 0 maoyu 5Сʱ_mousemovements
0 0 0 0 0 0 0 0 0 0 0 0 0 0 0 0 0 0 0 0 0 0 0 0 0 0 0 0 0 0 0 0 0 0 0 0 0 0 0 0 0 0 0 maoyu 5Сʱ_mousemovements
0 0 0 0 0 0 0 0 0 0 0 0 0 0 0 0 0 0 0 0 0 0 0 0 0 0 0 0 0 0 0 0 0 0 0 0 0 0 0 0 0 0 0 maoyu 5Сʱ_mousemovements
0 0 0 0 0 0 0 0 0 0 0 0 0 0 0 0 0 0 0 0 0 0 0 0 0 0 0 0 0 0 0 0 0 0 0 0 0 0 0 0 0 0 0 maoyu 5Сʱ_mousemovements
0 0 0 0 0 0 0 0 0 0 0 0 0 0 0 0 0 0 0 0 0 0 0 0 0 0 0 0 0 0 0 0 0 0 0 0 0 0 0 0 0 0 0 maoyu 5Сʱ_mousemovements
0 0 0 0 0 0 0 0 0 0 0 0 0 0 0 0 0 0 0 0 0 0 0 0 0 0 0 0 0 0 0 0 0 0 0 0 0 0 0 0 0 0 0 maoyu 5Сʱ_mousemovements
0 0 0 0 0 0 0 0 0 0 0 0 0 0 0 0 0 0 0 0 0 0 0 0 0 0 0 0 0 0 0 0 0 0 0 0 0 0 0 0 0 0 0 maoyu 5Сʱ_mousemovements
0 0 0 0 0 0 0 0 0 0 0 0 0 0 0 0 0 0 0 0 0 0 0 0 0 0 0 0 0 0 0 0 0 0 0 0 0 0 0 0 0 0 0 maoyu 5Сʱ_mousemovements
0 0 0 0 0 0 0 0 0 0 0 0 0 0 0 0 0 0 0 0 0 0 0 0 0 0 0 0 0 0 0 0 0 0 0 0 0 0 0 0 0 0 0 maoyu 5Сʱ_mousemovements
94.16538249999999 261.797211 0 559.8365376666667 1442.2886146666667 2178.1627504999997 0 0 0 2413.693359 0 606.7939759999999 1224.6099545000002 272.980595 181.035202 1278.5305609999998 0.0 0.07692307692307693 0.0 0.15384615384615385 0.15384615384615385 0.15384615384615385 0.23076923076923078 0.23076923076923078 179.40017925925926 0 218.92500316666667 0.9 0.0 0.1 0.3076923076923077 0.07692307692307693 0.0 0.23076923076923078 0.23076923076923078 0.15384615384615385 0.0 0.0 0.6981132075471698 0.09433962264150944 0.1320754716981132 0.07547169811320754 0.0 maoyu 5Сʱ_mousemovements
381.8341383333334 0 0 0 0 0 0 0 188.455246 0 0 0 0 896.78418 0 60.262989 0.3333333333333333 0.0 0.0 0.0 0.0 0.3333333333333333 0.0 0.3333333333333333 83.47995584615386 0 60.262989 0.9285714285714286 0.0 0.07142857142857142 1.0 0.0 0.0 0.0 0.0 0.0 0.0 0.0 0.9090909090909091 0.09090909090909091 0.0 0.0 0.0 maoyu 5Сʱ_mousemovements
205.676086 859.8831686666666 364.59021 0 0 3936.613281 0 0 3936.613281 285.133148 0 0 908.753479 379.669464 1291.226563 0 0.16666666666666666 0.3333333333333333 0.0 0.0 0.16666666666666666 0.16666666666666666 0.16666666666666666 0.0 325.81313935 0 285.133148 0.9090909090909091 0.0 0.09090909090909091 0.16666666666666666 0.5 0.16666666666666666 0.0 0.0 0.16666666666666666 0.0 0.0 0.8333333333333334 0.1111111111111111 0.0 0.05555555555555555 0.0 maoyu 5Сʱ_mousemovements
0 0 0 0 0 0 0 0 0 0 0 0 0 0 0 0 0 0 0 0 0 0 0 0 0 0 0 0 0 0 0 0 0 0 0 0 0 0 0 0 0 0 0 maoyu 5Сʱ_mousemovements
151.947909 0 0 568.4224849999999 832.5287785 2562.553467 0 0 1536.9481505 299.9124473333333 619.382874 0 1045.674683 0 181.608521 0 0.25 0.375 0.125 0.0 0.125 0.0 0.125 0.0 182.2674560769231 43.5464895 331.417628 0.8387096774193549 0.06451612903225806 0.0967741935483871 0.375 0.0 0.0 0.25 0.25 0.125 0.0 0.0 0.6666666666666666 0.18518518518518517 0.07407407407407407 0.07407407407407407 0.0 maoyu 5Сʱ_mousemovements
445.88911800000005 0 0 773.876411 560.751831 1315.503174 0 1034.575073 818.947479 0 0 560.751831 0 619.1754530000001 1315.503174 521.8746925 0.25 0.0 0.0 0.125 0.0 0.25 0.125 0.25 167.66996152 9.174312 797.663452 0.8928571428571429 0.03571428571428571 0.07142857142857142 0.375 0.0 0.0 0.25 0.125 0.125 0.0 0.125 0.75 0.125 0.041666666666666664 0.08333333333333333 0.0 maoyu 5Сʱ_mousemovements
