249.0633365625 374.12338671428563 1358.8216956666668 1843.015999857143 3196.256836 0 0 0 780.735416125 583.1317734285715 415.891083 915.5654496666666 644.3917998333333 1197.015028 1720.9154356666666 888.805819 0.22857142857142856 0.2 0.02857142857142857 0.08571428571428572 0.17142857142857143 0.11428571428571428 0.08571428571428572 0.08571428571428572 339.36682364367823 0 89.8108386 0.9456521739130435 0.0 0.05434782608695652 0.45714285714285713 0.2 0.08571428571428572 0.2 0.05714285714285714 0.0 0.0 0.0 0.375 0.4 0.1375 0.05 0.0375 maoyu 2Сʱ_mousemovements
100.76565858333333 637.952515 933.1245007142855 630.304592 3326.844971 0 0 0 818.60142 785.810461 292.1184995 336.702723 1204.3019166 41.0151415 153.412206 156.63583533333332 0.12 0.16 0.08 0.12 0.2 0.08 0.12 0.12 156.65380256626509 235.23932433333334 103.8183352 0.9120879120879121 0.03296703296703297 0.054945054945054944 0.48 0.04 0.28 0.16 0.04 0.0 0.0 0.0 0.4625 0.3375 0.0875 0.075 0.0375 maoyu 2Сʱ_mousemovements
147.87083038461537 479.3069875 866.639823875 1270.5683517500001 2951.544922 2301.749565 497.658752 0 0 1120.2039655555554 1118.153026 0 378.90395533333333 1300.3364866666668 442.13522511111114 174.33741266666667 0.0 0.21951219512195122 0.12195121951219512 0.0 0.21951219512195122 0.14634146341463414 0.21951219512195122 0.07317073170731707 259.95682829729736 364.4721802 101.34510857142857 0.9024390243902439 0.04065040650406504 0.056910569105691054 0.3170731707317073 0.24390243902439024 0.1951219512195122 0.0975609756097561 0.024390243902439025 0.0975609756097561 0.024390243902439025 0.0 0.44554455445544555 0.33663366336633666 0.1188118811881188 0.0891089108910891 0.009900990099009901 maoyu 2Сʱ_mousemovements
0 0 0 0 0 0 0 0 0 0 0 0 0 0 0 0 0 0 0 0 0 0 0 0 0 0 0 0 0 0 0 0 0 0 0 0 0 0 0 0 0 0 0 maoyu 2Сʱ_mousemovements
164.51972575000002 989.9988913333333 645.0192616666667 848.873779 2277.9378663333337 1317.568237 0 3919.230225 0 1325.960294 1365.728871666667 0 652.510132 2559.5408939999998 118.750585 301.827148 0.0 0.375 0.1875 0.0 0.0625 0.125 0.1875 0.0625 387.95223610638294 0 82.95470166666667 0.94 0.0 0.06 0.25 0.1875 0.1875 0.0625 0.1875 0.0625 0.0 0.0625 0.40476190476190477 0.35714285714285715 0.21428571428571427 0.023809523809523808 0.0 maoyu 2Сʱ_mousemovements
399.9769579 674.3847948181818 1819.5624491666667 2719.0502625 3161.684407666666 3819.5953369999997 0 0 4353.098633 1101.3348903571427 2041.1706746666666 157.567734 0 1588.9070728571428 940.344177 0 0.027777777777777776 0.3888888888888889 0.08333333333333333 0.05555555555555555 0.0 0.3888888888888889 0.05555555555555555 0.0 573.812409586207 0 82.82846599999999 0.9456521739130435 0.0 0.05434782608695652 0.2777777777777778 0.3055555555555556 0.16666666666666666 0.1111111111111111 0.08333333333333333 0.05555555555555555 0.0 0.0 0.43373493975903615 0.37349397590361444 0.08433734939759036 0.07228915662650602 0.03614457831325301 maoyu 2Сʱ_mousemovements
150.66183139999998 633.221794625 2053.602661 1082.4005435 1559.5685425 1805.583862 3025.580811 0 32.809277 756.743174 0 0 787.6481932500001 1112.1927438333332 1106.6872819999999 199.8006055 0.037037037037037035 0.3333333333333333 0.0 0.0 0.14814814814814814 0.2222222222222222 0.18518518518518517 0.07407407407407407 289.4652357792208 61.861073 49.920094399999996 0.927710843373494 0.012048192771084338 0.060240963855421686 0.37037037037037035 0.2962962962962963 0.07407407407407407 0.07407407407407407 0.07407407407407407 0.07407407407407407 0.037037037037037035 0.0 0.4246575342465753 0.3972602739726027 0.0410958904109589 0.1232876712328767 0.0136986301369863 maoyu 2Сʱ_mousemovements
310.78389350000003 762.2037872 1617.4115685714282 2334.687581333333 2735.087402 2850.886963 0 0 1515.8284503333332 1594.814889 1205.5638235000001 1476.7384029999998 366.37006633333334 2154.031697666667 432.24114225000005 0 0.11538461538461539 0.2692307692307692 0.15384615384615385 0.07692307692307693 0.11538461538461539 0.11538461538461539 0.15384615384615385 0.0 471.62527352173913 0 78.31588733333332 0.9583333333333334 0.0 0.041666666666666664 0.15384615384615385 0.38461538461538464 0.2692307692307692 0.11538461538461539 0.038461538461538464 0.038461538461538464 0.0 0.0 0.40625 0.40625 0.078125 0.078125 0.03125 maoyu 2Сʱ_mousemovements
126.037843625 665.0471411764706 833.5206300000001 1573.3621588888886 2692.184375 2692.3204750000004 3884.310547 0 562.8099666 1202.5031495999997 772.7118336666667 203.97646450000002 645.16447425 552.2624586666666 1553.6329084285715 841.55005 0.07142857142857142 0.14285714285714285 0.17142857142857143 0.02857142857142857 0.11428571428571428 0.21428571428571427 0.2 0.05714285714285714 269.1151798828829 153.595814 217.32862155555554 0.925 0.0375 0.0375 0.34285714285714286 0.24285714285714285 0.15714285714285714 0.12857142857142856 0.07142857142857142 0.04285714285714286 0.014285714285714285 0.0 0.42081447963800905 0.4072398190045249 0.1085972850678733 0.027149321266968326 0.03619909502262444 maoyu 2Сʱ_mousemovements
63.1267586 567.0596427 1299.4562665555557 1100.2001345 2123.8929445000003 2117.423248 3693.645996 0 466.08031200000005 991.0992760000001 1384.0995466 705.4237852 409.93129259999995 510.6796057777777 980.8563345454545 82.38480700000001 0.05454545454545454 0.18181818181818182 0.09090909090909091 0.09090909090909091 0.09090909090909091 0.16363636363636364 0.2 0.12727272727272726 208.18580133152176 70.879179 184.69220983333332 0.9435897435897436 0.02564102564102564 0.03076923076923077 0.45454545454545453 0.18181818181818182 0.16363636363636364 0.07272727272727272 0.07272727272727272 0.03636363636363636 0.01818181818181818 0.0 0.4632768361581921 0.384180790960452 0.12429378531073447 0.022598870056497175 0.005649717514124294 maoyu 2Сʱ_mousemovements
115.46155971428573 1151.811523 310.913615 291.322975 3241.248169 0 0 0 59.829185499999994 135.707233 258.20453633333335 1151.811523 0 1225.5626164999999 1294.1482545 149.88063 0.13333333333333333 0.13333333333333333 0.2 0.06666666666666667 0.0 0.26666666666666666 0.13333333333333333 0.06666666666666667 148.34792676271186 137.8699455 132.80828628571427 0.8676470588235294 0.029411764705882353 0.10294117647058823 0.4666666666666667 0.06666666666666667 0.2 0.13333333333333333 0.13333333333333333 0.0 0.0 0.0 0.44642857142857145 0.32142857142857145 0.14285714285714285 0.03571428571428571 0.05357142857142857 maoyu 2Сʱ_mousemovements
143.8314455 0 0 0 0 394.782684 0 0 0 284.462891 394.782684 0 3.2 0 0 0 0.0 0.3333333333333333 0.3333333333333333 0.0 0.3333333333333333 0.0 0.0 0.0 23.705240916666668 0 198.991342 0.8571428571428571 0.0 0.14285714285714285 0.6666666666666666 0.0 0.0 0.0 0.0 0.3333333333333333 0.0 0.0 0.45454545454545453 0.45454545454545453 0.0 0.09090909090909091 0.0 maoyu 2Сʱ_mousemovements
112.08284574999999 570.309086 1106.8025814999999 0 0 0 1166.331909 0 0 758.563934 0 0 167.9628753333333 1039.880371 635.9965873333333 0 0.0 0.2222222222222222 0.0 0.0 0.3333333333333333 0.1111111111111111 0.3333333333333333 0.0 186.90277065384615 0 54.707295 0.9285714285714286 0.0 0.07142857142857142 0.4444444444444444 0.2222222222222222 0.2222222222222222 0.0 0.0 0.0 0.1111111111111111 0.0 0.4583333333333333 0.375 0.041666666666666664 0.041666666666666664 0.08333333333333333 maoyu 2Сʱ_mousemovements
80.43637120000001 352.457428 777.7751920000001 301.97998 0 0 0 0 0 777.7751920000001 0 0 97.73308500000002 310.873718 92.853569 200.638216 0.0 0.2 0.0 0.0 0.3 0.2 0.1 0.2 90.30011464516127 0 82.661761 0.9393939393939394 0.0 0.06060606060606061 0.5 0.2 0.2 0.1 0.0 0.0 0.0 0.0 0.4583333333333333 0.375 0.041666666666666664 0.041666666666666664 0.08333333333333333 maoyu 2Сʱ_mousemovements
137.41753533333335 512.2482426666667 283.1410905 295.0018155 2876.6173095 3157.102783 0 2312.647461 321.419434 934.3919905714286 216.606677 322.649689 0 662.0399466666665 735.3848868333334 0 0.034482758620689655 0.2413793103448276 0.1724137931034483 0.034482758620689655 0.0 0.3103448275862069 0.20689655172413793 0.0 212.56138397647058 139.838806 107.73970975 0.9444444444444444 0.011111111111111112 0.044444444444444446 0.41379310344827586 0.3103448275862069 0.06896551724137931 0.06896551724137931 0.06896551724137931 0.034482758620689655 0.0 0.034482758620689655 0.48 0.3466666666666667 0.09333333333333334 0.06666666666666667 0.013333333333333334 maoyu 2Сʱ_mousemovements
151.74404415384618 477.86166399999996 966.1666883636365 1302.127479625 1278.786814 2413.211873333333 3268.317383 0 450.4617 1532.934764875 999.2927092222222 91.239586 809.1190671666667 1120.9796703333334 578.3109051538461 391.5178935 0.020833333333333332 0.16666666666666666 0.1875 0.020833333333333332 0.125 0.125 0.2708333333333333 0.08333333333333333 277.47598698657714 180.809393 56.622845857142856 0.93125 0.025 0.04375 0.2708333333333333 0.16666666666666666 0.22916666666666666 0.16666666666666666 0.08333333333333333 0.0625 0.020833333333333332 0.0 0.4295774647887324 0.3732394366197183 0.09154929577464789 0.09154929577464789 0.014084507042253521 maoyu 2Сʱ_mousemovements
64.32321273999999 682.0755679166666 1286.001704 1197.1063844545456 1949.5643834285713 2375.6234680000002 0 1271.184326 500.3875134285714 451.12346199999996 900.4524249999998 166.38159983333333 562.8247515999999 666.7889562 932.1182074090909 223.688599 0.07368421052631578 0.2 0.15789473684210525 0.06315789473684211 0.10526315789473684 0.15789473684210525 0.23157894736842105 0.010526315789473684 220.62168778136208 46.68142990909091 145.42645783333333 0.9425675675675675 0.037162162162162164 0.02027027027027027 0.5263157894736842 0.12631578947368421 0.09473684210526316 0.11578947368421053 0.07368421052631578 0.05263157894736842 0.0 0.010526315789473684 0.4175824175824176 0.42124542124542125 0.08791208791208792 0.04395604395604396 0.029304029304029304 maoyu 2Сʱ_mousemovements
168.66992283333335 406.72830525 754.5142925 1903.204264 2447.3103736666667 3526.0799559999996 3814.4914550000003 4233.369629 0 1588.8552095000002 1561.12274925 1146.6884103333332 232.510319 1476.4457751666669 1124.4412003333334 2097.634521 0.0 0.1935483870967742 0.12903225806451613 0.0967741935483871 0.06451612903225806 0.1935483870967742 0.2903225806451613 0.03225806451612903 475.9422278395063 327.7426516666667 244.8879376 0.9101123595505618 0.033707865168539325 0.056179775280898875 0.1935483870967742 0.25806451612903225 0.1935483870967742 0.0967741935483871 0.0967741935483871 0.06451612903225806 0.06451612903225806 0.03225806451612903 0.43902439024390244 0.4024390243902439 0.12195121951219512 0.024390243902439025 0.012195121951219513 maoyu 2Сʱ_mousemovements
0 0 0 0 0 0 0 0 0 0 0 0 0 0 0 0 0 0 0 0 0 0 0 0 0.0 0 0 1.0 0.0 0.0 0 0 0 0 0 0 0 0 1.0 0.0 0.0 0.0 0.0 maoyu 2Сʱ_mousemovements
0 0 0 0 0 0 0 0 0 0 0 0 0 0 0 0 0 0 0 0 0 0 0 0 0 0 0 0 0 0 0 0 0 0 0 0 0 0 0 0 0 0 0 maoyu 2Сʱ_mousemovements
0 0 0 0 2193.812256 0 0 0 0 2193.812256 0 0 0 0 0 0 0.0 1.0 0.0 0.0 0.0 0.0 0.0 0.0 1096.906128 0 0 1.0 0.0 0.0 0.0 0.0 0.0 0.0 1.0 0.0 0.0 0.0 0.0 1.0 0.0 0.0 0.0 maoyu 2Сʱ_mousemovements
66.8403785 713.0169545 1249.37983675 2427.46685775 176.380692 2975.547363 0 0 1320.997437 1342.5334063333332 586.6919627142858 1069.5892370000001 2056.713073666667 308.8887586666667 768.3296052 1348.758064 0.03125 0.09375 0.21875 0.0625 0.09375 0.28125 0.15625 0.0625 267.31962669696964 39.44230425 153.836604 0.9339622641509434 0.03773584905660377 0.02830188679245283 0.3125 0.375 0.125 0.125 0.03125 0.03125 0.0 0.0 0.4431818181818182 0.3977272727272727 0.07954545454545454 0.045454545454545456 0.03409090909090909 maoyu 2Сʱ_mousemovements
99.7116877368421 366.20927966666665 686.29262725 919.5040528 2555.117792666667 2558.3746582 1257.432007 0 1234.303856 570.2679280000001 2004.4173715714285 1528.935501 772.9600125 159.8389474 768.6229993333335 523.778614 0.0851063829787234 0.23404255319148937 0.14893617021276595 0.0425531914893617 0.0851063829787234 0.10638297872340426 0.2553191489361702 0.0425531914893617 252.3009192611465 439.5900446666667 95.688049 0.8920454545454546 0.017045454545454544 0.09090909090909091 0.40425531914893614 0.06382978723404255 0.1702127659574468 0.10638297872340426 0.1276595744680851 0.10638297872340426 0.02127659574468085 0.0 0.40789473684210525 0.375 0.09210526315789473 0.05263157894736842 0.07236842105263158 maoyu 2Сʱ_mousemovements
130.51119739999996 628.8279437272727 1398.9420379 2252.403503428571 0 3641.243233857143 0 0 375.997793 473.79451775 1976.698059 718.6174451249999 320.7184865 524.124916142857 2359.522450285714 672.5338436666666 0.03636363636363636 0.14545454545454545 0.12727272727272726 0.14545454545454545 0.10909090909090909 0.12727272727272726 0.2545454545454545 0.05454545454545454 354.9324886055556 59.81470825 92.16744100000001 0.9424083769633508 0.020942408376963352 0.03664921465968586 0.36363636363636365 0.2 0.18181818181818182 0.12727272727272726 0.0 0.12727272727272726 0.0 0.0 0.38235294117647056 0.43529411764705883 0.11764705882352941 0.03529411764705882 0.029411764705882353 maoyu 2Сʱ_mousemovements
60.136443500000006 573.1909501333334 1020.0784048333334 1537.1774424285716 2850.6443360000003 2000.523804 676.081848 0 317.3303477142858 974.8429050000001 853.3757389999998 588.4095725714286 168.48111063636364 414.852858875 1061.4822851578947 331.539675 0.0875 0.1125 0.1 0.0875 0.1375 0.1 0.2375 0.1375 188.57898464478757 23.133091999999998 144.93672523076924 0.9217081850533808 0.03202846975088968 0.046263345195729534 0.49382716049382713 0.18518518518518517 0.14814814814814814 0.08641975308641975 0.06172839506172839 0.012345679012345678 0.012345679012345678 0.0 0.38846153846153847 0.39615384615384613 0.12692307692307692 0.06153846153846154 0.026923076923076925 maoyu 2Сʱ_mousemovements
43.313942250000004 432.3003948333333 1179.97509775 0 684.359375 0 0 0 0 756.20459 0 670.9724365999999 452.90772025 127.614883 0 454.9335923333333 0.0 0.13333333333333333 0.0 0.3333333333333333 0.26666666666666666 0.06666666666666667 0.0 0.2 144.71027583333333 16.691341 113.42388933333332 0.9310344827586207 0.017241379310344827 0.05172413793103448 0.26666666666666666 0.4 0.26666666666666666 0.0 0.06666666666666667 0.0 0.0 0.0 0.4897959183673469 0.30612244897959184 0.14285714285714285 0.04081632653061224 0.02040816326530612 maoyu 2Сʱ_mousemovements
77.50801033333333 146.4362033333333 1753.565267 617.254272 1506.3403015 2152.762085 0 0 617.254272 1310.9535828 0 3.121884 1133.95158025 133.62645750000001 530.5770530000001 0 0.058823529411764705 0.29411764705882354 0.0 0.058823529411764705 0.23529411764705882 0.11764705882352941 0.23529411764705882 0.0 290.234766875 0 42.310677 0.9230769230769231 0.0 0.07692307692307693 0.35294117647058826 0.17647058823529413 0.17647058823529413 0.058823529411764705 0.11764705882352941 0.11764705882352941 0.0 0.0 0.425531914893617 0.2127659574468085 0.2765957446808511 0.0425531914893617 0.0425531914893617 maoyu 2Сʱ_mousemovements
252.285764 849.8217292857142 492.99175419999995 1556.5833042857141 1910.3023804 3772.210938 0 0 1268.695282 2181.401611 904.759497 1224.40143575 1211.861121 493.217865 1935.6008760000002 1232.0978470000002 0.07407407407407407 0.037037037037037035 0.18518518518518517 0.14814814814814814 0.14814814814814814 0.1111111111111111 0.14814814814814814 0.14814814814814814 462.38667138805977 596.690094 241.20030075 0.9178082191780822 0.0273972602739726 0.0547945205479452 0.07407407407407407 0.25925925925925924 0.18518518518518517 0.25925925925925924 0.18518518518518517 0.037037037037037035 0.0 0.0 0.34375 0.421875 0.1875 0.015625 0.03125 maoyu 2Сʱ_mousemovements
121.48525464000002 630.2276507857142 964.3653925454546 1240.5994163333335 2110.0655923333334 1880.7026163333333 971.366394 967.2015074999999 596.6317434444444 959.1762755 503.2541084444444 99.372925 652.0024945714285 825.5961821764706 322.71340299999997 613.7655712 0.13846153846153847 0.18461538461538463 0.13846153846153847 0.015384615384615385 0.1076923076923077 0.26153846153846155 0.07692307692307693 0.07692307692307693 187.48534585648144 35.7773592 205.71434134999998 0.8962655601659751 0.02074688796680498 0.08298755186721991 0.38461538461538464 0.2153846153846154 0.16923076923076924 0.09230769230769231 0.046153846153846156 0.046153846153846156 0.015384615384615385 0.03076923076923077 0.39819004524886875 0.36199095022624433 0.12669683257918551 0.08144796380090498 0.03167420814479638 maoyu 2Сʱ_mousemovements
66.2377946 408.8845013333333 1382.6416420000003 1896.439697142857 3265.127767 3410.811157 0 0 4.8 2307.836018666667 3145.420898 0 1208.8896383333333 2133.846050125 758.9802748333335 272.802979 0.043478260869565216 0.13043478260869565 0.043478260869565216 0.0 0.13043478260869565 0.34782608695652173 0.2608695652173913 0.043478260869565216 557.599077111111 225.757904 60.837784 0.9264705882352942 0.014705882352941176 0.058823529411764705 0.21739130434782608 0.13043478260869565 0.13043478260869565 0.30434782608695654 0.13043478260869565 0.08695652173913043 0.0 0.0 0.3898305084745763 0.4915254237288136 0.01694915254237288 0.06779661016949153 0.03389830508474576 maoyu 2Сʱ_mousemovements
