129.3007350909091 448.531667 472.63273133333337 1507.17627 0 79.658104 0 0 0 810.6412456666667 310.08749950000004 342.21603400000004 129.051941 0 98.19268433333333 130.25797075 0.0 0.15789473684210525 0.21052631578947367 0.15789473684210525 0.10526315789473684 0.0 0.15789473684210525 0.21052631578947367 82.39158109230767 79.658104 168.76238999999998 0.9558823529411765 0.014705882352941176 0.029411764705882353 0.5789473684210527 0.15789473684210525 0.15789473684210525 0.05263157894736842 0.0 0.05263157894736842 0.0 0.0 0.5660377358490566 0.2641509433962264 0.09433962264150944 0.018867924528301886 0.05660377358490566 shenyanping 6Сʱ_mousemovements
41.269839499999996 0 0 0 0 0 0 0 0 0 0 0 0 0 66.666664 15.873015 0.0 0.0 0.0 0.0 0.0 0.0 0.5 0.5 8.2539679 0 0 1.0 0.0 0.0 1.0 0.0 0.0 0.0 0.0 0.0 0.0 0.0 0.8571428571428571 0.14285714285714285 0.0 0.0 0.0 shenyanping 6Сʱ_mousemovements
0 1836.164673 0 0 0 0 0 0 0 0 0 0 0 0 0 1836.164673 0.0 0.0 0.0 0.0 0.0 0.0 0.0 1.0 918.0823365 0 0 1.0 0.0 0.0 0.0 1.0 0.0 0.0 0.0 0.0 0.0 0.0 1.0 0.0 0.0 0.0 0.0 shenyanping 6Сʱ_mousemovements
1171.537354 0 0 0 0 0 0 0 0 0 0 0 0 0 0 1171.537354 0.0 0.0 0.0 0.0 0.0 0.0 0.0 1.0 585.768677 0 0 1.0 0.0 0.0 1.0 0.0 0.0 0.0 0.0 0.0 0.0 0.0 1.0 0.0 0.0 0.0 0.0 shenyanping 6Сʱ_mousemovements
560.4385385 0 0 0 0 0 0 0 0 0 0 0 0 0 0 560.4385385 0.0 0.0 0.0 0.0 0.0 0.0 0.0 1.0 280.21926925 0 0 1.0 0.0 0.0 1.0 0.0 0.0 0.0 0.0 0.0 0.0 0.0 0.8 0.2 0.0 0.0 0.0 shenyanping 6Сʱ_mousemovements
182.6151885 0 0 0 0 0 0 0 0 0 0 0 0 0 0 182.6151885 0.0 0.0 0.0 0.0 0.0 0.0 0.0 1.0 30.435864749999997 0 0 1.0 0.0 0.0 1.0 0.0 0.0 0.0 0.0 0.0 0.0 0.0 0.8571428571428571 0.0 0.0 0.14285714285714285 0.0 shenyanping 6Сʱ_mousemovements
99.94667816666664 0 719.2784425 0 0 0 0 0 92.082298 70.669365 488.620373 0 0 283.769905 75.633553 255.071182 0.125 0.125 0.25 0.0 0.0 0.25 0.125 0.125 82.22114030434781 71.517174 75.633553 0.92 0.04 0.04 0.75 0.0 0.25 0.0 0.0 0.0 0.0 0.0 0.6521739130434783 0.17391304347826086 0.13043478260869565 0.0 0.043478260869565216 shenyanping 6Сʱ_mousemovements
0 0 0 0 0 0 0 0 0 0 0 0 0 0 0 0 0 0 0 0 0 0 0 0 0 0 0 0 0 0 0 0 0 0 0 0 0 0 0 0 0 0 0 shenyanping 6Сʱ_mousemovements
239.67331419999996 1107.970581 659.5643264 699.0073293333334 0 416.387451 0 0 615.404541 398.4772835 840.696949 580.8183186666666 443.399465 28.4737525 442.51141924999996 440.845085 0.05 0.1 0.1 0.15 0.15 0.1 0.2 0.15 161.37387047272728 89.223 175.574459 0.9482758620689655 0.017241379310344827 0.034482758620689655 0.5 0.05 0.25 0.15 0.0 0.05 0.0 0.0 0.5 0.2826086956521739 0.1956521739130435 0.0 0.021739130434782608 shenyanping 6Сʱ_mousemovements
0 0 0 0 0 0 0 0 0 0 0 0 0 0 0 0 0 0 0 0 0 0 0 0 0 0 0 0 0 0 0 0 0 0 0 0 0 0 0 0 0 0 0 shenyanping 6Сʱ_mousemovements
0 0 0 0 0 0 0 0 0 0 0 0 0 0 0 0 0 0 0 0 0 0 0 0 0 0 0 0 0 0 0 0 0 0 0 0 0 0 0 0 0 0 0 shenyanping 6Сʱ_mousemovements
0 0 0 0 0 0 0 0 0 0 0 0 0 0 0 0 0 0 0 0 0 0 0 0 0 0 0 0 0 0 0 0 0 0 0 0 0 0 0 0 0 0 0 shenyanping 6Сʱ_mousemovements
599.63381575 0 0 0 0 0 0 0 0 0 0 932.918823 0 225.588364 620.014038 0 0.0 0.0 0.0 0.25 0.0 0.25 0.5 0.0 299.816907875 0 0 1.0 0.0 0.0 1.0 0.0 0.0 0.0 0.0 0.0 0.0 0.0 0.6666666666666666 0.3333333333333333 0.0 0.0 0.0 shenyanping 6Сʱ_mousemovements
365.9256095 0 488.130585 0 1838.9003599999999 0 0 0 0 92.726646 0 2926.140137 0 0 563.627579 751.660583 0.0 0.2 0.0 0.2 0.0 0.0 0.4 0.2 306.11140774999996 0 0 1.0 0.0 0.0 0.4 0.0 0.2 0.0 0.4 0.0 0.0 0.0 0.5 0.3333333333333333 0.16666666666666666 0.0 0.0 shenyanping 6Сʱ_mousemovements
128.10695383333334 684.001404 0 4172.850586 810.937805 0 0 0 0 331.7899296666667 4172.850586 368.01242299999996 0 0 82.086937 0 0.0 0.3333333333333333 0.1111111111111111 0.3333333333333333 0.0 0.0 0.2222222222222222 0.0 239.0424250869565 32.196571 453.129585 0.8846153846153846 0.038461538461538464 0.07692307692307693 0.6666666666666666 0.1111111111111111 0.0 0.1111111111111111 0.1111111111111111 0.0 0.0 0.0 0.6666666666666666 0.20833333333333334 0.08333333333333333 0.0 0.041666666666666664 shenyanping 6Сʱ_mousemovements
156.1772226 638.1131806000001 0 624.208679 0 0 0 0 80.3654445 367.66132866666663 139.391113 0 811.12793 625.14382925 84.338276 14.285714 0.11764705882352941 0.35294117647058826 0.058823529411764705 0.0 0.058823529411764705 0.23529411764705882 0.11764705882352941 0.058823529411764705 129.05459336363634 71.23301199999999 108.654343 0.9166666666666666 0.0625 0.020833333333333332 0.5882352941176471 0.29411764705882354 0.0 0.11764705882352941 0.0 0.0 0.0 0.0 0.5714285714285714 0.23809523809523808 0.11904761904761904 0.07142857142857142 0.0 shenyanping 6Сʱ_mousemovements
173.3472211111111 413.7022196666667 295.01371750000004 447.45372033333337 401.713776 0 0 2001.286743 0 154.88379619999998 289.86275340000003 231.6290285 146.0088805 1122.4892195 570.1057536666666 396.1719665 0.0 0.23809523809523808 0.23809523809523808 0.09523809523809523 0.09523809523809523 0.09523809523809523 0.14285714285714285 0.09523809523809523 108.23804334848482 104.103554 93.6825575 0.9166666666666666 0.027777777777777776 0.05555555555555555 0.42857142857142855 0.14285714285714285 0.19047619047619047 0.14285714285714285 0.047619047619047616 0.0 0.0 0.047619047619047616 0.5333333333333333 0.23333333333333334 0.06666666666666667 0.08333333333333333 0.08333333333333333 shenyanping 6Сʱ_mousemovements
194.77247433333338 287.1517914 627.778656 0 2694.025879 0 0 0 299.727376 319.9320085 433.965004 784.8371532499999 402.63126574999995 190.92505575 244.0266036666667 60.88808625 0.08108108108108109 0.10810810810810811 0.10810810810810811 0.10810810810810811 0.10810810810810811 0.21621621621621623 0.16216216216216217 0.10810810810810811 115.86605424999998 66.21525425 16.096608333333332 0.9345794392523364 0.037383177570093455 0.028037383177570093 0.7297297297297297 0.13513513513513514 0.10810810810810811 0.0 0.02702702702702703 0.0 0.0 0.0 0.4387755102040816 0.336734693877551 0.10204081632653061 0.08163265306122448 0.04081632653061224 shenyanping 6Сʱ_mousemovements
153.48518249999998 698.0407 0 1018.092346 448.761688 4091.530273 0 0 378.8256985 157.815765 0 1797.0559893333336 0 858.07567 118.798538 124.862129 0.2 0.1 0.0 0.3 0.0 0.2 0.1 0.1 183.870466575 0 182.3256948 0.8888888888888888 0.0 0.1111111111111111 0.4 0.3 0.0 0.1 0.1 0.1 0.0 0.0 0.6744186046511628 0.16279069767441862 0.06976744186046512 0.046511627906976744 0.046511627906976744 shenyanping 6Сʱ_mousemovements
0 0 0 0 0 0 0 0 0 0 0 0 0 0 0 0 0 0 0 0 0 0 0 0 0 0 0 0 0 0 0 0 0 0 0 0 0 0 0 0 0 0 0 shenyanping 6Сʱ_mousemovements
130.22268362790695 476.03207633333324 628.1175168 1029.264073666667 955.0245463333334 1059.165634 2727.55542 3137.3563235 687.1659427272726 949.2936020000001 567.1946668571429 541.6108767333334 477.2191157777778 258.3408796 368.3490285555556 509.41823016666655 0.13924050632911392 0.06329113924050633 0.08860759493670886 0.189873417721519 0.11392405063291139 0.06329113924050633 0.11392405063291139 0.22784810126582278 148.1238074407407 85.71064 164.22265153846155 0.9407665505226481 0.013937282229965157 0.04529616724738676 0.5443037974683544 0.0759493670886076 0.06329113924050633 0.0759493670886076 0.1518987341772152 0.05063291139240506 0.012658227848101266 0.02531645569620253 0.625 0.24621212121212122 0.06818181818181818 0.041666666666666664 0.01893939393939394 shenyanping 6Сʱ_mousemovements
210.1836401212121 503.59463199999993 678.4267004999999 1048.1824138333334 442.73996 1755.257359142857 1367.468200666667 1791.8988035 542.7395951 327.2659332 1270.4377538571428 420.1468668 323.1587055 1252.8226167500002 648.5033984999999 646.6347123636364 0.14285714285714285 0.07142857142857142 0.1 0.21428571428571427 0.08571428571428572 0.05714285714285714 0.17142857142857143 0.15714285714285714 182.96621142272727 572.4162556666666 125.55546670588237 0.9166666666666666 0.0125 0.07083333333333333 0.4714285714285714 0.14285714285714285 0.11428571428571428 0.08571428571428572 0.014285714285714285 0.1 0.04285714285714286 0.02857142857142857 0.6118721461187214 0.228310502283105 0.0867579908675799 0.0502283105022831 0.0228310502283105 shenyanping 6Сʱ_mousemovements
226.46938503571423 407.300739125 233.12960425 647.9171603333333 700.90491475 0 1926.7386352 1666.4664309999998 574.0867233333333 518.7029113333333 977.057309 490.03611549999994 702.4686955999999 250.716215 412.39343299999996 253.92252825 0.10526315789473684 0.05263157894736842 0.15789473684210525 0.17543859649122806 0.08771929824561403 0.07017543859649122 0.21052631578947367 0.14035087719298245 113.09544230638298 0 180.6193414 0.9215686274509803 0.0 0.0784313725490196 0.49122807017543857 0.14035087719298245 0.07017543859649122 0.10526315789473684 0.07017543859649122 0.0 0.08771929824561403 0.03508771929824561 0.6223175965665236 0.18025751072961374 0.07725321888412018 0.0815450643776824 0.03862660944206009 shenyanping 6Сʱ_mousemovements
89.03275799999999 230.81775520000002 0 663.8042296666667 924.0018513333334 0 0 637.0734255 637.0734255 83.929554 140.48518266666667 541.7101561428572 0 225.6431946666667 87.74324 210.7039816 0.07142857142857142 0.07142857142857142 0.10714285714285714 0.25 0.0 0.10714285714285714 0.03571428571428571 0.35714285714285715 64.75487259047621 0.0 172.7883618 0.9051724137931034 0.008620689655172414 0.08620689655172414 0.5357142857142857 0.17857142857142858 0.0 0.10714285714285714 0.10714285714285714 0.0 0.0 0.07142857142857142 0.5288461538461539 0.25961538461538464 0.11538461538461539 0.057692307692307696 0.038461538461538464 shenyanping 6Сʱ_mousemovements
0 0 0 0 0 0 0 0 0 0 0 0 0 0 0 0 0 0 0 0 0 0 0 0 0 0 0 0 0 0 0 0 0 0 0 0 0 0 0 0 0 0 0 shenyanping 6Сʱ_mousemovements
48.944179999999996 2139.412842 0 0 0 0 0 0 125.0 12.658228 2139.412842 0 0 0 0 9.174312 0.25 0.25 0.25 0.0 0.0 0.0 0.0 0.25 284.63388375 9.174312 0 0.8888888888888888 0.1111111111111111 0.0 0.75 0.25 0.0 0.0 0.0 0.0 0.0 0.0 1.0 0.0 0.0 0.0 0.0 shenyanping 6Сʱ_mousemovements
0 0 0 0 0 0 0 0 0 0 0 0 0 0 0 0 0 0 0 0 0 0 0 0 0 0 0 0 0 0 0 0 0 0 0 0 0 0 0 0 0 0 0 shenyanping 6Сʱ_mousemovements
179.1375245 441.10563533333334 642.0094482000001 887.102524 1565.76829 4742.105957 1410.7722576666665 0 566.3105562 332.33675450000004 691.3567903636364 235.2375075 327.5194356 368.356155 229.77457099999998 968.2648568750001 0.16666666666666666 0.1 0.18333333333333332 0.1 0.16666666666666666 0.03333333333333333 0.11666666666666667 0.13333333333333333 123.7458313254717 5.047619 291.5895575384615 0.9298245614035088 0.013157894736842105 0.05701754385964912 0.5666666666666667 0.2 0.08333333333333333 0.03333333333333333 0.05 0.016666666666666666 0.05 0.0 0.6588785046728972 0.2336448598130841 0.04672897196261682 0.03271028037383177 0.028037383177570093 shenyanping 6Сʱ_mousemovements
157.87268611904764 615.3666838 631.1737801428571 506.95095820000006 706.606865 723.0349856 2391.31543 1322.522522 291.26814681818183 399.2536534 1135.21346 553.2056933333333 194.84749125 654.280125 159.74803999999997 358.84192050000007 0.1506849315068493 0.136986301369863 0.0410958904109589 0.0410958904109589 0.1095890410958904 0.2465753424657534 0.136986301369863 0.136986301369863 103.45498061132074 8.0 146.0824144347826 0.916955017301038 0.0034602076124567475 0.07958477508650519 0.5753424657534246 0.0684931506849315 0.0958904109589041 0.0684931506849315 0.0547945205479452 0.0684931506849315 0.0136986301369863 0.0547945205479452 0.5413533834586466 0.2706766917293233 0.07894736842105263 0.05263157894736842 0.05639097744360902 shenyanping 6Сʱ_mousemovements
146.35630313157895 558.3584115714286 700.34956375 751.4262025999999 1004.7861207999998 800.7266358 1411.5775878 546.3447495 631.5855156250001 652.2654718571429 860.6669161666667 599.9065517500001 465.23210950000004 423.5581524285714 349.42463275 272.32838157142857 0.1839080459770115 0.16091954022988506 0.06896551724137931 0.09195402298850575 0.11494252873563218 0.16091954022988506 0.13793103448275862 0.08045977011494253 116.67293354545451 303.7272983333333 244.20061710810813 0.8850574712643678 0.008620689655172414 0.10632183908045977 0.4367816091954023 0.08045977011494253 0.09195402298850575 0.11494252873563218 0.11494252873563218 0.05747126436781609 0.05747126436781609 0.04597701149425287 0.6213592233009708 0.20711974110032363 0.06796116504854369 0.08737864077669903 0.016181229773462782 shenyanping 6Сʱ_mousemovements
