164.98747983333334 722.05542 755.903503 0 0 3468.24585 0 0 0 552.973694 2112.0746765 0 0 160.362396 199.7288418 0 0.0 0.1111111111111111 0.2222222222222222 0.0 0.0 0.1111111111111111 0.5555555555555556 0.0 237.44518607999998 0 0 1.0 0.0 0.0 0.6666666666666666 0.1111111111111111 0.1111111111111111 0.0 0.0 0.1111111111111111 0.0 0.0 0.42857142857142855 0.23809523809523808 0.23809523809523808 0.09523809523809523 0.0 shenyanping 8Сʱ_mousemovements
0 0 0 0 0 0 0 0 0 0 0 0 0 0 0 0 0 0 0 0 0 0 0 0 0 0 0 0 0 0 0 0 0 0 0 0 0 0 0 0 0 0 0 shenyanping 8Сʱ_mousemovements
247.08016933333332 1555.6890947499999 0 0 0 0 0 0 287.846954 1046.799561 286.868469 0 0 478.401398 2348.77771 166.525085 0.14285714285714285 0.14285714285714285 0.14285714285714285 0.0 0.0 0.14285714285714285 0.2857142857142857 0.14285714285714285 435.24980543749996 0 0 1.0 0.0 0.0 0.42857142857142855 0.5714285714285714 0.0 0.0 0.0 0.0 0.0 0.0 0.6428571428571429 0.35714285714285715 0.0 0.0 0.0 shenyanping 8Сʱ_mousemovements
0 0 0 0 0 0 0 0 0 0 0 0 0 0 0 0 0 0 0 0 0 0 0 0 0 0 0 0 0 0 0 0 0 0 0 0 0 0 0 0 0 0 0 shenyanping 8Сʱ_mousemovements
160.0338546 0 0 0 849.2513119999999 2000.799072 0 0 849.2513119999999 132.557343 0 0 832.0820183333332 0 21.276596 150.888351 0.25 0.125 0.0 0.0 0.375 0.0 0.125 0.125 224.97354845 0 0 1.0 0.0 0.0 0.625 0.0 0.0 0.0 0.25 0.125 0.0 0.0 0.7058823529411765 0.11764705882352941 0.058823529411764705 0.11764705882352941 0.0 shenyanping 8Сʱ_mousemovements
96.26959616666669 404.37393199999997 0 0 740.827209 1847.115356 0 0 519.12648 0 0 1179.2187345 0 314.16568 0 52.690379400000005 0.2 0.0 0.0 0.2 0.0 0.1 0.0 0.5 153.20342729166666 297.425751 0 0.96 0.04 0.0 0.6 0.2 0.0 0.0 0.1 0.1 0.0 0.0 0.6363636363636364 0.18181818181818182 0.09090909090909091 0.09090909090909091 0.0 shenyanping 8Сʱ_mousemovements
0 0 0 0 0 0 0 0 0 0 0 0 0 0 0 0 0 0 0 0 0 0 0 0 0.0 0 0 1.0 0.0 0.0 0 0 0 0 0 0 0 0 0.5 0.5 0.0 0.0 0.0 shenyanping 8Сʱ_mousemovements
0 0 0 0 0 0 0 0 0 0 0 0 0 0 0 0 0 0 0 0 0 0 0 0 0 0 0 0 0 0 0 0 0 0 0 0 0 0 0 0 0 0 0 shenyanping 8Сʱ_mousemovements
0 0 0 0 0 0 0 0 0 0 0 0 0 0 0 0 0 0 0 0 0 0 0 0 0 0 0 0 0 0 0 0 0 0 0 0 0 0 0 0 0 0 0 shenyanping 8Сʱ_mousemovements
142.393982 0 0 0 0 0 0 0 0 142.393982 0 0 0 0 0 0 0.0 1.0 0.0 0.0 0.0 0.0 0.0 0.0 71.196991 0 0 1.0 0.0 0.0 1.0 0.0 0.0 0.0 0.0 0.0 0.0 0.0 1.0 0.0 0.0 0.0 0.0 shenyanping 8Сʱ_mousemovements
142.4131202 315.008957 531.647888 483.292267 0 637.459229 0 0 282.29203 169.78235725000002 622.154938 0 461.300751 0 0 264.225525 0.18181818181818182 0.36363636363636365 0.18181818181818182 0.0 0.09090909090909091 0.0 0.0 0.18181818181818182 68.58893293023256 0 264.225525 0.9555555555555556 0.0 0.044444444444444446 0.45454545454545453 0.18181818181818182 0.09090909090909091 0.18181818181818182 0.0 0.09090909090909091 0.0 0.0 0.5 0.29411764705882354 0.08823529411764706 0.058823529411764705 0.058823529411764705 shenyanping 8Сʱ_mousemovements
222.007988 781.223389 0 0 0 0 0 994.39502 337.632996 0 781.223389 0 994.39502 106.38298 0 0 0.25 0.0 0.25 0.0 0.25 0.25 0.0 0.0 100.89247204545454 0 0 1.0 0.0 0.0 0.5 0.25 0.0 0.0 0.0 0.0 0.0 0.25 0.6666666666666666 0.16666666666666666 0.05555555555555555 0.05555555555555555 0.05555555555555555 shenyanping 8Сʱ_mousemovements
120.45994257142857 387.24868 198.982727 0 0 0 0 0 193.33873 149.6922075 330.75096633333334 38.788109 589.721985 0 137.960373 63.829788 0.08333333333333333 0.16666666666666666 0.25 0.08333333333333333 0.08333333333333333 0.0 0.25 0.08333333333333333 94.53366429629631 38.788109 0 0.9642857142857143 0.03571428571428571 0.0 0.5833333333333334 0.3333333333333333 0.08333333333333333 0.0 0.0 0.0 0.0 0.0 0.4583333333333333 0.375 0.08333333333333333 0.08333333333333333 0.0 shenyanping 8Сʱ_mousemovements
221.46752899999993 650.804626 530.7961425 447.06047049999995 0 0 1828.2351075 3219.020264 489.62152100000003 98.47611239999999 1241.6509635555556 376.453186 256.368347 78.91829100000001 397.32859550000006 831.431335 0.07142857142857142 0.17857142857142858 0.32142857142857145 0.03571428571428571 0.07142857142857142 0.07142857142857142 0.21428571428571427 0.03571428571428571 193.63510140963857 0 167.43964580000002 0.9431818181818182 0.0 0.056818181818181816 0.6785714285714286 0.03571428571428571 0.07142857142857142 0.07142857142857142 0.0 0.0 0.07142857142857142 0.07142857142857142 0.6842105263157895 0.21052631578947367 0.039473684210526314 0.02631578947368421 0.039473684210526314 shenyanping 8Сʱ_mousemovements
387.5818931 815.6209153333334 814.4170533333332 578.9104513333333 1012.226624 0 2600.120117 609.890564 0 749.5768330000001 802.042835 590.369797 984.074951 0 447.1651398 654.6572285 0.0 0.2727272727272727 0.18181818181818182 0.09090909090909091 0.045454545454545456 0.0 0.22727272727272727 0.18181818181818182 221.73517772307696 96.3187025 119.477539 0.9558823529411765 0.029411764705882353 0.014705882352941176 0.45454545454545453 0.13636363636363635 0.13636363636363635 0.13636363636363635 0.045454545454545456 0.0 0.045454545454545456 0.045454545454545456 0.5 0.3103448275862069 0.10344827586206896 0.06896551724137931 0.017241379310344827 shenyanping 8Сʱ_mousemovements
158.2948312 320.7674965 237.60975449999998 718.5370993333332 447.628937 839.803101 0 0 141.4484385 91.67988333333335 233.48676050000003 410.32374474999995 62.5 190.46735214285715 196.14568009090908 348.6298583333333 0.037037037037037035 0.1111111111111111 0.18518518518518517 0.14814814814814814 0.018518518518518517 0.12962962962962962 0.2037037037037037 0.16666666666666666 65.03215463793101 144.01994066666668 160.29364333333336 0.9354838709677419 0.03225806451612903 0.03225806451612903 0.6481481481481481 0.18518518518518517 0.07407407407407407 0.05555555555555555 0.018518518518518517 0.018518518518518517 0.0 0.0 0.5370370370370371 0.2222222222222222 0.11728395061728394 0.06790123456790123 0.05555555555555555 shenyanping 8Сʱ_mousemovements
412.3299153333333 940.801941 0 0 0 2057.855469 2523.739746 0 1029.2062633333335 547.105957 2057.855469 814.9516905 0 453.621216 0 220.271835 0.3333333333333333 0.1111111111111111 0.1111111111111111 0.2222222222222222 0.0 0.1111111111111111 0.0 0.1111111111111111 347.6685499130435 0 0 1.0 0.0 0.0 0.6666666666666666 0.1111111111111111 0.0 0.0 0.0 0.1111111111111111 0.1111111111111111 0.0 0.6190476190476191 0.38095238095238093 0.0 0.0 0.0 shenyanping 8Сʱ_mousemovements
322.580658 0 805.4407655 0 0 0 0 423.059662 0 0 792.047974 620.9466095 0 0 0 322.580658 0.0 0.0 0.25 0.5 0.0 0.0 0.0 0.25 175.7692899090909 423.059662 0 0.9166666666666666 0.08333333333333333 0.0 0.25 0.0 0.5 0.0 0.0 0.0 0.0 0.25 0.7 0.3 0.0 0.0 0.0 shenyanping 8Сʱ_mousemovements
241.3691804090909 307.2703904 805.1581345000001 1437.2437135 0 0 0 0 139.5273895 896.5343933333334 528.88522525 281.4477195 688.8648335 306.02902720000003 170.8445753 535.6358062 0.06060606060606061 0.09090909090909091 0.12121212121212122 0.06060606060606061 0.06060606060606061 0.15151515151515152 0.30303030303030304 0.15151515151515152 162.0386004675325 16.646652 138.22723133333332 0.927710843373494 0.03614457831325301 0.03614457831325301 0.6666666666666666 0.15151515151515152 0.12121212121212122 0.06060606060606061 0.0 0.0 0.0 0.0 0.5405405405405406 0.2972972972972973 0.06756756756756757 0.05405405405405406 0.04054054054054054 shenyanping 8Сʱ_mousemovements
168.1956587142857 524.4749943125 496.12058799999994 396.620931 1609.023987 0 1192.250763 0 726.6563962857143 323.1008029999999 600.1045814545455 265.7871372222222 122.91437815384617 260.4910358000001 414.63144009999996 233.28824620000006 0.09722222222222222 0.09722222222222222 0.1527777777777778 0.125 0.18055555555555555 0.06944444444444445 0.1388888888888889 0.1388888888888889 93.84095202953583 12.738853 133.38575 0.8977272727272727 0.003787878787878788 0.09848484848484848 0.5833333333333334 0.2222222222222222 0.09722222222222222 0.041666666666666664 0.027777777777777776 0.0 0.027777777777777776 0.0 0.6382113821138211 0.21544715447154472 0.06910569105691057 0.044715447154471545 0.032520325203252036 shenyanping 8Сʱ_mousemovements
258.8882494545455 511.8859194444445 1528.0839843333333 298.386749 282.210541 0 0 0 683.3846542 407.95274324999997 197.93630600000003 286.22816100000006 812.58299075 764.3476420000001 198.79043375 130.10078625 0.1388888888888889 0.1111111111111111 0.1111111111111111 0.19444444444444445 0.1111111111111111 0.1111111111111111 0.1111111111111111 0.1111111111111111 126.01296933333332 0 164.43604555555555 0.925 0.0 0.075 0.6111111111111112 0.25 0.08333333333333333 0.027777777777777776 0.027777777777777776 0.0 0.0 0.0 0.6176470588235294 0.19607843137254902 0.0784313725490196 0.0784313725490196 0.029411764705882353 shenyanping 8Сʱ_mousemovements
202.89005209523805 442.687485 730.4815609999998 1591.707275 0 594.901367 538.028748 0 82.21597050000001 128.6909635 227.9256763333333 618.177904 767.7963663333334 564.16066925 379.66761599999995 279.51303040000005 0.12903225806451613 0.06451612903225806 0.1935483870967742 0.12903225806451613 0.0967741935483871 0.12903225806451613 0.0967741935483871 0.16129032258064516 98.60953895238094 107.331543 176.963021 0.9375 0.008928571428571428 0.05357142857142857 0.6774193548387096 0.06451612903225806 0.16129032258064516 0.03225806451612903 0.0 0.03225806451612903 0.03225806451612903 0.0 0.59375 0.25 0.07291666666666667 0.041666666666666664 0.041666666666666664 shenyanping 8Сʱ_mousemovements
102.04515279411761 745.9371395999999 397.3838104 656.858307 1731.739044 387.272766 0 0 274.822385 107.81096475 277.15715854545454 415.9235631428572 39.919579250000005 255.70053124999998 756.0543965 62.293933999999986 0.06 0.08 0.22 0.14 0.08 0.08 0.16 0.18 86.16843145341615 23.35034475 80.0728366923077 0.9044943820224719 0.02247191011235955 0.07303370786516854 0.68 0.1 0.1 0.06 0.04 0.02 0.0 0.0 0.620253164556962 0.20253164556962025 0.11392405063291139 0.04430379746835443 0.0189873417721519 shenyanping 8Сʱ_mousemovements
217.15833116666667 523.02887 0 231.119019 426.22702 0 0 0 0 0 481.1087343333333 0 194.897572 0 238.0862735 87.015501 0.0 0.0 0.3333333333333333 0.0 0.2222222222222222 0.0 0.2222222222222222 0.2222222222222222 97.92199465217391 0 231.119019 0.9583333333333334 0.0 0.041666666666666664 0.6666666666666666 0.1111111111111111 0.0 0.1111111111111111 0.1111111111111111 0.0 0.0 0.0 0.65 0.3 0.0 0.0 0.05 shenyanping 8Сʱ_mousemovements
236.3222839473684 494.62776075 235.491165 1191.314209 0 1117.799194 0 560.049622 214.394554 344.387865 564.077826 180.72090633333335 85.939896 728.3186875 426.22120824999996 129.128836 0.06451612903225806 0.22580645161290322 0.16129032258064516 0.0967741935483871 0.03225806451612903 0.12903225806451613 0.12903225806451613 0.16129032258064516 108.28822070833333 80.194633 268.9839625 0.9504950495049505 0.009900990099009901 0.039603960396039604 0.6129032258064516 0.25806451612903225 0.03225806451612903 0.03225806451612903 0.0 0.03225806451612903 0.0 0.03225806451612903 0.6091954022988506 0.25287356321839083 0.09195402298850575 0.034482758620689655 0.011494252873563218 shenyanping 8Сʱ_mousemovements
114.58128850000003 0 0 0 0 0 0 0 215.753906 0 0 105.89585925 7.092198 0 167.10462383333333 46.060833 0.0625 0.0 0.0 0.25 0.0625 0.0 0.375 0.25 30.713459163265313 12.953273 75.60864275 0.8909090909090909 0.03636363636363636 0.07272727272727272 1.0 0.0 0.0 0.0 0.0 0.0 0.0 0.0 0.6538461538461539 0.19230769230769232 0.057692307692307696 0.057692307692307696 0.038461538461538464 shenyanping 8Сʱ_mousemovements
171.46389316666668 710.5451153333333 839.435196 0 473.738708 0 0 811.438416 0 811.438416 820.286438 0 667.123642 315.1862565 215.45879100000002 120.5861605 0.0 0.07692307692307693 0.23076923076923078 0.0 0.15384615384615385 0.15384615384615385 0.23076923076923078 0.15384615384615385 125.21564363157894 8.0 452.7572543333333 0.9047619047619048 0.023809523809523808 0.07142857142857142 0.46153846153846156 0.23076923076923078 0.15384615384615385 0.0 0.07692307692307693 0.0 0.0 0.07692307692307693 0.75 0.16666666666666666 0.05555555555555555 0.0 0.027777777777777776 shenyanping 8Сʱ_mousemovements
171.40568232258067 361.3340312857143 590.222839 1006.753925 0 1360.78125 0 1003.729431 297.394139 133.14102357142855 88.54694733333334 647.0987090000001 208.17765799999998 639.6086025 215.0679814 179.336343 0.16279069767441862 0.16279069767441862 0.06976744186046512 0.09302325581395349 0.046511627906976744 0.13953488372093023 0.11627906976744186 0.20930232558139536 92.22572804615385 69.725329 61.26351079999999 0.9090909090909091 0.02097902097902098 0.06993006993006994 0.7209302325581395 0.16279069767441862 0.023255813953488372 0.046511627906976744 0.0 0.023255813953488372 0.0 0.023255813953488372 0.5714285714285714 0.2556390977443609 0.10526315789473684 0.05263157894736842 0.015037593984962405 shenyanping 8Сʱ_mousemovements
186.32420136363635 103.145866 412.695374 0 2029.093994 1188.796021 1135.224243 0 0 107.71657575 1107.8158415 0 292.364574 1135.224243 454.0965776 140.793724 0.0 0.25 0.125 0.0 0.125 0.0625 0.3125 0.125 155.549229 0 74.355637 0.9777777777777777 0.0 0.022222222222222223 0.6875 0.0625 0.0625 0.0 0.0625 0.0625 0.0625 0.0 0.6111111111111112 0.25 0.08333333333333333 0.05555555555555555 0.0 shenyanping 8Сʱ_mousemovements
234.58900704761905 784.48508825 574.7032836000001 678.270081 1718.188843 648.601318 996.6039125 0 266.426571 212.78679659999997 729.121643 335.528933 306.01440925 1304.7670696666667 607.2744734 481.8770018 0.08571428571428572 0.2857142857142857 0.05714285714285714 0.08571428571428572 0.11428571428571428 0.08571428571428572 0.14285714285714285 0.14285714285714285 144.11980118269236 59.679328999999996 137.8476036 0.9122807017543859 0.043859649122807015 0.043859649122807015 0.6 0.11428571428571428 0.14285714285714285 0.02857142857142857 0.02857142857142857 0.02857142857142857 0.05714285714285714 0.0 0.5754716981132075 0.2358490566037736 0.10377358490566038 0.05660377358490566 0.02830188679245283 shenyanping 8Сʱ_mousemovements
