129.5577462 513.6692506666667 677.26709 0 1509.246216 0 0 918.436279 19.771236 353.32923733333337 976.0323689999999 291.06910424999995 136.2824475 195.6983905 0 105.440651 0.0625 0.1875 0.1875 0.25 0.125 0.125 0.0 0.0625 100.38668880434781 269.432281 263.57870825 0.9019607843137255 0.0196078431372549 0.0784313725490196 0.625 0.1875 0.0625 0.0 0.0625 0.0 0.0 0.0625 0.5869565217391305 0.32608695652173914 0.043478260869565216 0.021739130434782608 0.021739130434782608 shenyanping 9Сʱ_mousemovements
0 0 0 0 0 0 0 0 0 0 0 0 0 0 0 0 0 0 0 0 0 0 0 0 0 0 0 0 0 0 0 0 0 0 0 0 0 0 0 0 0 0 0 shenyanping 9Сʱ_mousemovements
0 0 0 0 0 0 0 0 0 0 0 0 0 0 0 0 0 0 0 0 0 0 0 0 0 0 0 0 0 0 0 0 0 0 0 0 0 0 0 0 0 0 0 shenyanping 9Сʱ_mousemovements
0 0 0 0 0 0 0 0 0 0 0 0 0 0 0 0 0 0 0 0 0 0 0 0 0 0 0 0 0 0 0 0 0 0 0 0 0 0 0 0 0 0 0 shenyanping 9Сʱ_mousemovements
307.6703645 1556.023438 0 0 7352.86084 0 0 0 0 0 0 0 260.278137 955.543015 7352.86084 0 0.0 0.0 0.0 0.0 0.25 0.5 0.25 0.0 952.4225006999999 0 0 1.0 0.0 0.0 0.5 0.25 0.0 0.0 0.25 0.0 0.0 0.0 0.75 0.0 0.0 0.0 0.25 shenyanping 9Сʱ_mousemovements
106.80685041935483 904.395019625 523.4541429999999 1300.575859 1216.0457966666665 1267.7241316666666 625.549815 0 827.2336553333333 505.1574983333333 573.580155 670.4940499999999 273.7711342222222 454.6897674 227.62925260000003 387.9332082 0.1016949152542373 0.15254237288135594 0.1016949152542373 0.15254237288135594 0.15254237288135594 0.0847457627118644 0.0847457627118644 0.1694915254237288 118.76291355721392 190.82165824999998 241.52834876470592 0.9054054054054054 0.018018018018018018 0.07657657657657657 0.5254237288135594 0.13559322033898305 0.11864406779661017 0.06779661016949153 0.05084745762711865 0.05084745762711865 0.05084745762711865 0.0 0.585 0.255 0.085 0.04 0.035 shenyanping 9Сʱ_mousemovements
163.3574115405405 310.9561695555556 685.875999625 778.2533771666666 652.8331985 868.025391 2127.800293 1038.7545863333332 449.1416014444444 652.126417 262.67279725000003 257.87611016666665 654.587516 238.70735171428572 382.24018177777776 302.1156859090909 0.13043478260869565 0.15942028985507245 0.057971014492753624 0.17391304347826086 0.08695652173913043 0.10144927536231885 0.13043478260869565 0.15942028985507245 88.98502120851066 167.66189690000002 223.24701291304348 0.8768656716417911 0.03731343283582089 0.08582089552238806 0.5362318840579711 0.13043478260869565 0.11594202898550725 0.08695652173913043 0.057971014492753624 0.014492753623188406 0.014492753623188406 0.043478260869565216 0.6475409836065574 0.20491803278688525 0.08196721311475409 0.02459016393442623 0.040983606557377046 shenyanping 9Сʱ_mousemovements
239.5744807777778 394.10910416666667 687.537384 1600.3163104285716 2073.1718140000003 3072.8388675 2162.2342835 1458.606964 457.1496321666666 1093.4650862727271 985.2563935714286 846.8474946 853.16864 1896.3392050000002 667.9583611666667 1136.2697952 0.13333333333333333 0.24444444444444444 0.15555555555555556 0.1111111111111111 0.022222222222222223 0.08888888888888889 0.13333333333333333 0.1111111111111111 281.9219099785715 53.95727075 362.06450775 0.8974358974358975 0.02564102564102564 0.07692307692307693 0.4 0.13333333333333333 0.044444444444444446 0.15555555555555556 0.044444444444444446 0.044444444444444446 0.08888888888888889 0.08888888888888889 0.6068965517241379 0.2896551724137931 0.041379310344827586 0.020689655172413793 0.041379310344827586 shenyanping 9Сʱ_mousemovements
196.81369053333336 330.617014 1019.7329665999999 617.736898 3231.500244 401.3432235 3668.502014 804.183258 144.54734 777.2800189999999 1029.4841615999999 743.0222474 77.13885099999999 456.98161919999995 1629.9689787500001 563.482047125 0.15789473684210525 0.07894736842105263 0.13157894736842105 0.13157894736842105 0.05263157894736842 0.13157894736842105 0.10526315789473684 0.21052631578947367 187.80239327642278 99.4751775 202.720864 0.9044117647058824 0.014705882352941176 0.08088235294117647 0.39473684210526316 0.21052631578947367 0.13157894736842105 0.07894736842105263 0.02631578947368421 0.05263157894736842 0.05263157894736842 0.05263157894736842 0.5877192982456141 0.23684210526315788 0.08771929824561403 0.05263157894736842 0.03508771929824561 shenyanping 9Сʱ_mousemovements
0 0 362.580688 1172.376953 0 0 0 0 0 0 0 1172.376953 0 0 362.580688 0 0.0 0.0 0.0 0.5 0.0 0.0 0.5 0.0 234.4753906 362.580688 0 0.8333333333333334 0.16666666666666666 0.0 0.0 0.0 0.5 0.5 0.0 0.0 0.0 0.0 0.2 0.6 0.0 0.2 0.0 shenyanping 9Сʱ_mousemovements
141.27465411764703 456.283432 942.5011800000001 600.063629 1103.6057333333333 0 1463.6036376 2203.187744 0 634.2786084999999 1063.389257 488.89412025 660.32503025 625.2424926666667 157.92524066666667 972.3840329999998 0.0 0.17647058823529413 0.14705882352941177 0.11764705882352941 0.11764705882352941 0.08823529411764706 0.17647058823529413 0.17647058823529413 196.1441141346154 196.751404 254.476912 0.9285714285714286 0.008928571428571428 0.0625 0.5 0.058823529411764705 0.08823529411764706 0.058823529411764705 0.08823529411764706 0.0 0.14705882352941177 0.058823529411764705 0.5643564356435643 0.25742574257425743 0.10891089108910891 0.039603960396039604 0.0297029702970297 shenyanping 9Сʱ_mousemovements
195.6413663333333 324.572754 0 2127.571411 454.88678749999997 1230.2238708 900.9217733333334 0 995.0508115 681.1074829999999 167.65042633333334 915.380554 1103.7988985000002 929.2664336666667 38.5381775 546.3559305 0.08 0.16 0.12 0.04 0.16 0.12 0.08 0.24 200.24073585897438 129.11145266666668 171.2396165 0.9176470588235294 0.03529411764705882 0.047058823529411764 0.48 0.04 0.0 0.08 0.08 0.2 0.12 0.0 0.4857142857142857 0.35714285714285715 0.1 0.05714285714285714 0.0 shenyanping 9Сʱ_mousemovements
279.026709 669.4933428888888 515.998114 585.8417055 920.7823183333331 2448.411072 2002.6800133333334 2265.8792725000003 300.46868516666666 824.9675627272728 1104.2261763333333 1716.918218 462.764869 1225.3683766666666 585.4209048571429 676.7066922222222 0.12244897959183673 0.22448979591836735 0.061224489795918366 0.061224489795918366 0.08163265306122448 0.12244897959183673 0.14285714285714285 0.1836734693877551 220.0616951646342 22.70611666666667 257.4228427 0.9265536723163842 0.01694915254237288 0.05649717514124294 0.42857142857142855 0.1836734693877551 0.10204081632653061 0.04081632653061224 0.061224489795918366 0.08163265306122448 0.061224489795918366 0.04081632653061224 0.5914634146341463 0.24390243902439024 0.08536585365853659 0.036585365853658534 0.042682926829268296 shenyanping 9Сʱ_mousemovements
325.8984455416667 395.104721 824.3347732 1079.0629676666667 1250.3911745 1942.4699705 1798.7770993333334 2192.2973543333337 814.0944450000002 911.0660599166666 961.9257719999999 1118.9236653333335 886.224144875 952.9554290000001 456.8835917142857 658.5608284545456 0.171875 0.1875 0.078125 0.09375 0.125 0.0625 0.109375 0.171875 261.66101630810823 51.177038333333336 299.58231885714287 0.9158415841584159 0.01485148514851485 0.06930693069306931 0.375 0.203125 0.078125 0.046875 0.125 0.03125 0.046875 0.09375 0.5865921787709497 0.26256983240223464 0.08379888268156424 0.0335195530726257 0.0335195530726257 shenyanping 9Сʱ_mousemovements
147.67639027659573 805.92984 601.12211225 953.0783692499999 904.3264772 1960.9058433333332 1337.1002505 1439.711487 358.39135558333345 262.20551912499997 1226.8517200000001 422.20379214285714 622.046936142857 391.73686957142854 539.8732534444445 213.7852676 0.15584415584415584 0.2077922077922078 0.09090909090909091 0.09090909090909091 0.18181818181818182 0.09090909090909091 0.11688311688311688 0.06493506493506493 173.7237591127451 211.11639200000002 125.98461588888891 0.9400921658986175 0.018433179723502304 0.041474654377880185 0.6103896103896104 0.05194805194805195 0.1038961038961039 0.05194805194805195 0.06493506493506493 0.03896103896103896 0.05194805194805195 0.025974025974025976 0.4975609756097561 0.3024390243902439 0.1024390243902439 0.07804878048780488 0.01951219512195122 shenyanping 9Сʱ_mousemovements
172.16595775 406.39858225 599.6591185 843.0323257499999 1477.873413 1249.470703 673.283997 993.194153 1121.9246113333331 745.20100025 833.239075 356.402832 413.02396633333336 315.009473 265.26743700000003 408.0670775 0.1111111111111111 0.14814814814814814 0.07407407407407407 0.037037037037037035 0.1111111111111111 0.2222222222222222 0.2222222222222222 0.07407407407407407 181.19045596825399 227.65984325 263.44803866666666 0.863013698630137 0.0547945205479452 0.0821917808219178 0.4444444444444444 0.14814814814814814 0.07407407407407407 0.14814814814814814 0.037037037037037035 0.07407407407407407 0.037037037037037035 0.037037037037037035 0.49206349206349204 0.30158730158730157 0.06349206349206349 0.09523809523809523 0.047619047619047616 shenyanping 9Сʱ_mousemovements
215.96498505882352 268.2522264285714 881.5476138 1191.0125854 1291.501648 1382.1204225000001 1198.4998429999998 1957.706604 910.4613098 789.047086 1460.9487711666668 861.4025817142857 985.9160325 934.7063193333333 392.00334449999997 868.1275778571427 0.09433962264150944 0.16981132075471697 0.11320754716981132 0.1320754716981132 0.07547169811320754 0.05660377358490566 0.22641509433962265 0.1320754716981132 240.48510190184058 275.063385 321.7015924285714 0.9157303370786517 0.0056179775280898875 0.07865168539325842 0.32075471698113206 0.1320754716981132 0.09433962264150944 0.09433962264150944 0.07547169811320754 0.03773584905660377 0.1320754716981132 0.11320754716981132 0.5512820512820513 0.26282051282051283 0.07051282051282051 0.0641025641025641 0.05128205128205128 shenyanping 9Сʱ_mousemovements
360.2306027777778 730.9441986666667 0 1055.27063 0 1808.7191160000002 936.132263 0 93.8614235 1487.7662810000002 733.268298 936.132263 0 0 314.012192 285.2499085 0.125 0.25 0.1875 0.0625 0.0 0.0 0.125 0.25 218.79907714893616 0 190.04813000000001 0.9215686274509803 0.0 0.0784313725490196 0.5625 0.1875 0.0 0.0625 0.0 0.125 0.0625 0.0 0.6888888888888889 0.17777777777777778 0.08888888888888889 0.022222222222222223 0.022222222222222223 shenyanping 9Сʱ_mousemovements
118.32360940625001 439.0010904166667 904.2637350000001 316.33128116666666 2637.101074 714.1306765 1618.799805 0 482.7309773333333 459.37591182352946 480.8273789166667 703.5035183333334 185.69846100000004 344.4930624285715 221.77891033333333 271.1182873333333 0.047619047619047616 0.2698412698412698 0.19047619047619047 0.047619047619047616 0.047619047619047616 0.1111111111111111 0.19047619047619047 0.09523809523809523 111.58223684831462 121.47626316666667 205.01817906666668 0.8682926829268293 0.05853658536585366 0.07317073170731707 0.5079365079365079 0.19047619047619047 0.1111111111111111 0.09523809523809523 0.015873015873015872 0.06349206349206349 0.015873015873015872 0.0 0.6022099447513812 0.24861878453038674 0.06629834254143646 0.049723756906077346 0.03314917127071823 shenyanping 9Сʱ_mousemovements
193.31383943396224 573.4368698000001 516.3624649999999 845.658043 0 2865.392334 2270.7042439999996 662.209915 352.2786171666666 609.5650924444444 1160.685606625 939.5609282000001 593.2367852 490.0263894285714 216.32792288235288 149.93183185714287 0.075 0.225 0.1 0.0625 0.0625 0.0875 0.2125 0.175 178.08429322748816 63.19950022222224 78.39574821428572 0.9017094017094017 0.038461538461538464 0.05982905982905983 0.6625 0.125 0.05 0.05 0.0 0.0125 0.075 0.025 0.4898989898989899 0.31313131313131315 0.10101010101010101 0.0707070707070707 0.025252525252525252 shenyanping 9Сʱ_mousemovements
233.537662 612.59321975 322.1258188333333 575.5931023333334 1495.935156 1454.4559479999998 832.85031125 1903.2844116 581.1735382857142 846.762363 694.4167851428572 510.89242824999997 646.0422659000001 791.194579 240.1292680588235 364.066679 0.08536585365853659 0.23170731707317074 0.08536585365853659 0.0975609756097561 0.12195121951219512 0.08536585365853659 0.2073170731707317 0.08536585365853659 199.5881708564815 121.11712 261.0159817142857 0.907563025210084 0.03361344537815126 0.058823529411764705 0.5 0.0975609756097561 0.07317073170731707 0.10975609756097561 0.06097560975609756 0.04878048780487805 0.04878048780487805 0.06097560975609756 0.5504587155963303 0.27522935779816515 0.09174311926605505 0.05045871559633028 0.03211009174311927 shenyanping 9Сʱ_mousemovements
501.82970433333327 189.5276375 0 571.3621825 1231.094727 0 920.273743 0 0 111.090797 0 0 1061.348145 600.3146896666667 749.5270694999999 353.1000365 0.0 0.1111111111111111 0.0 0.0 0.1111111111111111 0.3333333333333333 0.2222222222222222 0.2222222222222222 208.9342313478261 0 373.149902 0.9583333333333334 0.0 0.041666666666666664 0.3333333333333333 0.2222222222222222 0.0 0.2222222222222222 0.1111111111111111 0.0 0.1111111111111111 0.0 0.47619047619047616 0.19047619047619047 0.14285714285714285 0.09523809523809523 0.09523809523809523 shenyanping 9Сʱ_mousemovements
201.3811174 509.121979 579.091858 0 5479.561523 0 1775.369507 2489.282715 239.642105 695.6439074 430.1158295 0 585.400696 1775.369507 5479.561523 0 0.09090909090909091 0.45454545454545453 0.18181818181818182 0.0 0.09090909090909091 0.09090909090909091 0.09090909090909091 0.0 477.6317318076923 0 0 1.0 0.0 0.0 0.45454545454545453 0.09090909090909091 0.18181818181818182 0.0 0.09090909090909091 0.0 0.09090909090909091 0.09090909090909091 0.5238095238095238 0.2857142857142857 0.14285714285714285 0.047619047619047616 0.0 shenyanping 9Сʱ_mousemovements
181.04557896000003 572.2573672727272 463.4922283333333 1666.5274046666666 495.61292275000005 1317.9129436666667 1262.965698 3178.725342 531.2735343333334 755.2921267999999 811.9564963749999 320.9062378 1632.6842956666667 292.14507587500003 468.3253084999999 180.47562599999998 0.058823529411764705 0.09803921568627451 0.1568627450980392 0.09803921568627451 0.058823529411764705 0.1568627450980392 0.23529411764705882 0.13725490196078433 194.71642200000002 45.14503214285715 196.815867 0.9115646258503401 0.047619047619047616 0.04081632653061224 0.49019607843137253 0.21568627450980393 0.058823529411764705 0.058823529411764705 0.0784313725490196 0.058823529411764705 0.0196078431372549 0.0196078431372549 0.4112903225806452 0.3790322580645161 0.08870967741935484 0.056451612903225805 0.06451612903225806 shenyanping 9Сʱ_mousemovements
167.4712254864865 409.3353743636364 138.319901 1367.6698760000002 848.633011 732.734192 0 0 148.94847633333333 204.301071 413.101526 267.9920099166667 414.253395 206.66814600000004 258.58958859999996 309.4988590769231 0.05555555555555555 0.018518518518518517 0.2037037037037037 0.2222222222222222 0.037037037037037035 0.12962962962962962 0.09259259259259259 0.24074074074074073 88.81017292715231 37.91395583333334 112.61735623809524 0.848314606741573 0.033707865168539325 0.11797752808988764 0.6851851851851852 0.2037037037037037 0.018518518518518517 0.037037037037037035 0.037037037037037035 0.018518518518518517 0.0 0.0 0.6392405063291139 0.13924050632911392 0.12025316455696203 0.06962025316455696 0.03164556962025317 shenyanping 9Сʱ_mousemovements
174.18131290909093 423.315921 786.3720397142855 774.8256633333334 437.530518 2370.871338 1503.8640135 944.98342875 840.0064980000001 495.5948081428572 360.6673464444445 759.5739835 283.416809 217.7268776666667 174.89222093749999 437.10221482352944 0.0821917808219178 0.0958904109589041 0.1232876712328767 0.0821917808219178 0.1232876712328767 0.0410958904109589 0.2191780821917808 0.2328767123287671 136.22692039024386 34.37095757142857 131.5401985 0.9151785714285714 0.03125 0.05357142857142857 0.6027397260273972 0.1506849315068493 0.0958904109589041 0.0410958904109589 0.0136986301369863 0.0136986301369863 0.0273972602739726 0.0547945205479452 0.5123152709359606 0.26108374384236455 0.11822660098522167 0.07389162561576355 0.034482758620689655 shenyanping 9Сʱ_mousemovements
162.51257561904765 632.5056030666666 277.644348 344.721954 1324.9751036000002 1775.1249186666666 1949.5256104000005 3018.3428345 703.3134781 780.4222452352942 1091.1916937777778 261.0546243333333 303.7450533333334 334.8029592857143 299.670928 645.5635622222221 0.13333333333333333 0.22666666666666666 0.12 0.08 0.04 0.09333333333333334 0.18666666666666668 0.12 159.88150642857153 10.649272333333334 210.25451954545454 0.9097472924187726 0.010830324909747292 0.07942238267148015 0.56 0.2 0.02666666666666667 0.013333333333333334 0.06666666666666667 0.04 0.06666666666666667 0.02666666666666667 0.6126482213438735 0.21739130434782608 0.09090909090909091 0.04743083003952569 0.03162055335968379 shenyanping 9Сʱ_mousemovements
203.4643237419355 420.6096906363636 730.7516097500001 0 1532.1971230000001 1151.0752027500002 1273.4629923333334 0 335.546260875 556.5853942727273 289.72245587500004 502.945465 871.7049149999999 647.181983125 394.79017980000003 223.81663500000002 0.14285714285714285 0.19642857142857142 0.14285714285714285 0.017857142857142856 0.10714285714285714 0.14285714285714285 0.17857142857142858 0.07142857142857142 150.44893147560975 130.0563694 141.31651090909088 0.9111111111111111 0.027777777777777776 0.06111111111111111 0.5535714285714286 0.19642857142857142 0.07142857142857142 0.0 0.05357142857142857 0.07142857142857142 0.05357142857142857 0.0 0.5806451612903226 0.23225806451612904 0.12258064516129032 0.025806451612903226 0.03870967741935484 shenyanping 9Сʱ_mousemovements
135.90069557746477 455.79450956000005 611.1091499999999 600.0234252 1109.5043536666667 0 654.817017 0 468.2365477777778 266.01644137500006 300.5838263 455.27049200000005 272.2812075 145.90062336842104 260.38676553571435 575.2365495 0.075 0.13333333333333333 0.08333333333333333 0.11666666666666667 0.08333333333333333 0.15833333333333333 0.23333333333333334 0.11666666666666667 120.97586362289557 41.44411389473684 109.54514055555556 0.8892215568862275 0.05688622754491018 0.05389221556886228 0.5916666666666667 0.20833333333333334 0.1 0.041666666666666664 0.05 0.0 0.008333333333333333 0.0 0.4805194805194805 0.24675324675324675 0.11688311688311688 0.1038961038961039 0.05194805194805195 shenyanping 9Сʱ_mousemovements
229.9186730909091 502.00252027777776 934.1325757999999 583.8041687499999 1560.0315501666666 1722.713556 1602.1377714999999 2703.842773 268.9155724285714 701.0219965789473 619.8115221428571 603.4382538333332 355.0466862222222 373.6547868571428 1183.4736823636365 518.3470219444445 0.13592233009708737 0.18446601941747573 0.06796116504854369 0.17475728155339806 0.08737864077669903 0.06796116504854369 0.10679611650485436 0.17475728155339806 199.70316131365306 255.642502 265.10695169999997 0.9186440677966101 0.013559322033898305 0.06779661016949153 0.5339805825242718 0.17475728155339806 0.0970873786407767 0.038834951456310676 0.05825242718446602 0.04854368932038835 0.038834951456310676 0.009708737864077669 0.5253623188405797 0.3079710144927536 0.09420289855072464 0.036231884057971016 0.036231884057971016 shenyanping 9Сʱ_mousemovements
