122.15353311111113 282.62986500000005 334.95302833333335 973.520935 3565.184814 0 0 0 30.089651 219.40621175 1411.9919826666667 328.0090105 176.9188615 58.19450366666666 194.39223633333333 91.71889325000001 0.038461538461538464 0.15384615384615385 0.11538461538461539 0.23076923076923078 0.07692307692307693 0.11538461538461539 0.11538461538461539 0.15384615384615385 93.76724065822785 26.867107500000003 161.26739971428574 0.8977272727272727 0.022727272727272728 0.07954545454545454 0.6923076923076923 0.11538461538461539 0.11538461538461539 0.038461538461538464 0.038461538461538464 0.0 0.0 0.0 0.4857142857142857 0.2857142857142857 0.1 0.1 0.02857142857142857 shenyanping 4Сʱ_mousemovements
131.57408095 309.70221485714285 351.33489000000003 253.006226 1212.73938 0 2394.4460445 0 92.75491833333335 387.7309485 439.01814871428576 0 84.78831899999999 780.261536 574.610985 65.39829733333333 0.08823529411764706 0.35294117647058826 0.20588235294117646 0.0 0.08823529411764706 0.029411764705882353 0.14705882352941177 0.08823529411764706 81.17666874637682 4.5454545 74.71402433333334 0.9078947368421053 0.013157894736842105 0.07894736842105263 0.5882352941176471 0.20588235294117646 0.08823529411764706 0.029411764705882353 0.029411764705882353 0.0 0.058823529411764705 0.0 0.5285714285714286 0.29285714285714287 0.11428571428571428 0.03571428571428571 0.02857142857142857 shenyanping 4Сʱ_mousemovements
176.3001434 403.8145904 386.4422455 756.878906 0 0 0 0 215.9897155 228.813324 515.3412373333333 211.571228 310.894142 0 136.647354 520.9712525 0.15384615384615385 0.07692307692307693 0.23076923076923078 0.15384615384615385 0.15384615384615385 0.0 0.07692307692307693 0.15384615384615385 104.67688347368421 0 150.87183133333335 0.926829268292683 0.0 0.07317073170731707 0.38461538461538464 0.38461538461538464 0.15384615384615385 0.07692307692307693 0.0 0.0 0.0 0.0 0.5555555555555556 0.16666666666666666 0.16666666666666666 0.0 0.1111111111111111 shenyanping 4Сʱ_mousemovements
228.74561790909092 440.47753150000005 962.1446535 599.026718 1909.2306519999997 1297.982483 1227.474243 0 594.49292 450.50017487499997 0 1269.9031269999998 906.7100829999999 649.7765810000001 230.01475533333334 645.339326 0.041666666666666664 0.3333333333333333 0.0 0.125 0.08333333333333333 0.125 0.125 0.16666666666666666 207.08824229230768 9.174312 196.55563974999998 0.8783783783783784 0.013513513513513514 0.10810810810810811 0.4583333333333333 0.16666666666666666 0.08333333333333333 0.08333333333333333 0.08333333333333333 0.08333333333333333 0.041666666666666664 0.0 0.6666666666666666 0.18840579710144928 0.08695652173913043 0.028985507246376812 0.028985507246376812 shenyanping 4Сʱ_mousemovements
0 0 0 0 0 0 0 0 0 0 0 0 0 0 0 0 0 0 0 0 0 0 0 0 0 0 0 0 0 0 0 0 0 0 0 0 0 0 0 0 0 0 0 shenyanping 4Сʱ_mousemovements
226.32950348000003 349.5855056 449.80850250000003 1124.2175903333334 954.1439272 1770.5187914999997 1513.9070312 1484.0629275000001 936.7769683999999 301.29569449999997 874.807866 628.487076 520.783973 874.0220355 690.5748784545453 655.2977135555556 0.09803921568627451 0.1568627450980392 0.13725490196078433 0.0392156862745098 0.09803921568627451 0.0784313725490196 0.21568627450980393 0.17647058823529413 171.33148605521473 43.668508 429.34663950000004 0.9055555555555556 0.016666666666666666 0.07777777777777778 0.49019607843137253 0.09803921568627451 0.0392156862745098 0.058823529411764705 0.09803921568627451 0.0784313725490196 0.09803921568627451 0.0392156862745098 0.6011904761904762 0.23214285714285715 0.09523809523809523 0.047619047619047616 0.023809523809523808 shenyanping 4Сʱ_mousemovements
0 0 0 0 0 0 0 0 0 0 0 0 0 0 0 0 0 0 0 0 0 0 0 0 0 0 0 0 0 0 0 0 0 0 0 0 0 0 0 0 0 0 0 shenyanping 4Сʱ_mousemovements
0 0 0 0 0 0 0 0 0 0 0 0 0 0 0 0 0 0 0 0 0 0 0 0 0 0 0 0 0 0 0 0 0 0 0 0 0 0 0 0 0 0 0 shenyanping 4Сʱ_mousemovements
276.91369725 0 0 909.1391295 0 422.69519 0 0 343.878235 1092.032837 726.245422 90.953247 40.129215 527.694641 0 0 0.14285714285714285 0.14285714285714285 0.14285714285714285 0.14285714285714285 0.14285714285714285 0.2857142857142857 0.0 0.0 186.0349021111111 0 0 1.0 0.0 0.0 0.5714285714285714 0.0 0.0 0.2857142857142857 0.0 0.14285714285714285 0.0 0.0 0.6666666666666666 0.13333333333333333 0.13333333333333333 0.06666666666666667 0.0 shenyanping 4Сʱ_mousemovements
247.51467680000002 531.410187 834.480286 1264.439209 1755.808594 0 0 0 180.3375245 1908.652222 789.8743285 0 77.116669 885.001315 419.182257 0 0.18181818181818182 0.09090909090909091 0.18181818181818182 0.0 0.09090909090909091 0.2727272727272727 0.18181818181818182 0.0 218.65368563636363 0 67.99647666666667 0.9166666666666666 0.0 0.08333333333333333 0.45454545454545453 0.18181818181818182 0.09090909090909091 0.18181818181818182 0.09090909090909091 0.0 0.0 0.0 0.625 0.1875 0.09375 0.0625 0.03125 shenyanping 4Сʱ_mousemovements
186.5164597222222 586.0184647777777 844.1947647777778 674.2426741111111 614.64151 2732.9940185 2555.4004665 2298.54126 500.48338507692307 606.2586132857143 704.4004373636362 509.62503720000007 905.7040041666666 712.79063425 1093.1249572857143 188.61540630769227 0.18055555555555555 0.09722222222222222 0.1527777777777778 0.06944444444444445 0.16666666666666666 0.05555555555555555 0.09722222222222222 0.18055555555555555 178.45905702702703 0 218.8416335833333 0.9024390243902439 0.0 0.0975609756097561 0.5 0.125 0.125 0.125 0.027777777777777776 0.027777777777777776 0.05555555555555555 0.013888888888888888 0.6260869565217392 0.21739130434782608 0.06956521739130435 0.04782608695652174 0.0391304347826087 shenyanping 4Сʱ_mousemovements
205.7728478125 49.094225 835.9164226666667 727.0824990000001 2161.550049 0 0 0 412.91160775 227.31915850000001 179.374023 161.292019 929.241089 397.783235 722.9027896 260.8329315 0.16 0.16 0.04 0.08 0.04 0.16 0.2 0.16 153.05662251562498 49.094225 115.76284600000001 0.927536231884058 0.028985507246376812 0.043478260869565216 0.64 0.08 0.12 0.12 0.04 0.0 0.0 0.0 0.5967741935483871 0.25806451612903225 0.04838709677419355 0.04838709677419355 0.04838709677419355 shenyanping 4Сʱ_mousemovements
205.84246506060606 448.30359644444434 481.8668825 997.9811782 1255.5407278571427 1444.4630176666667 1392.7019957500002 4712.896118 644.4992470999999 1044.8774062941177 1460.5466943333333 342.76073475 350.475387875 514.6730476666667 582.4124574285714 307.23447550000003 0.1388888888888889 0.2361111111111111 0.08333333333333333 0.05555555555555555 0.1111111111111111 0.125 0.19444444444444445 0.05555555555555555 243.88896695287963 86.99775849999999 277.2878260714286 0.8967136150234741 0.03755868544600939 0.06572769953051644 0.4583333333333333 0.125 0.08333333333333333 0.06944444444444445 0.09722222222222222 0.08333333333333333 0.05555555555555555 0.027777777777777776 0.6373626373626373 0.1978021978021978 0.11538461538461539 0.03296703296703297 0.016483516483516484 shenyanping 4Сʱ_mousemovements
71.59077083333334 399.47433716666666 476.52465825 0 1099.207642 2092.0625 0 911.276245 1617.3840945000002 188.21260750000002 126.550232 457.0674745 1077.8809709999998 521.1973800000001 158.40186183333333 222.489487 0.07692307692307693 0.3076923076923077 0.07692307692307693 0.07692307692307693 0.11538461538461539 0.07692307692307693 0.23076923076923078 0.038461538461538464 141.16600332 89.09495366666665 83.6512805 0.8928571428571429 0.03571428571428571 0.07142857142857142 0.46153846153846156 0.23076923076923078 0.15384615384615385 0.0 0.038461538461538464 0.07692307692307693 0.0 0.038461538461538464 0.5540540540540541 0.28378378378378377 0.12162162162162163 0.02702702702702703 0.013513513513513514 shenyanping 4Сʱ_mousemovements
311.9209985625 527.4777808571428 472.5318418 1087.6726099999998 1066.205933 3076.878418 1948.4890745 1642.2853189999998 1050.19394875 495.035516625 1825.3403624999999 923.359507 526.0241268333333 816.1517878571428 747.1453032 72.45698033333333 0.19047619047619047 0.19047619047619047 0.047619047619047616 0.07142857142857142 0.14285714285714285 0.16666666666666666 0.11904761904761904 0.07142857142857142 281.45934752777777 128.38651475 138.74882200000002 0.9230769230769231 0.03418803418803419 0.042735042735042736 0.38095238095238093 0.16666666666666666 0.11904761904761904 0.14285714285714285 0.047619047619047616 0.023809523809523808 0.047619047619047616 0.07142857142857142 0.625 0.19230769230769232 0.07692307692307693 0.0673076923076923 0.038461538461538464 shenyanping 4Сʱ_mousemovements
356.90504899999996 349.71070899999995 964.212925 0 2454.655762 0 1157.365601 0 1469.836243 1485.9940185 147.154739 608.1629946666667 0 619.711403 278.89785266666667 250.4623306 0.1 0.1 0.05 0.15 0.0 0.2 0.15 0.25 279.0764148409091 147.154739 24.638077 0.9565217391304348 0.021739130434782608 0.021739130434782608 0.6 0.1 0.2 0.0 0.05 0.0 0.05 0.0 0.6486486486486487 0.24324324324324326 0.05405405405405406 0.02702702702702703 0.02702702702702703 shenyanping 4Сʱ_mousemovements
0 0 0 0 0 0 0 0 0 0 0 0 0 0 0 0 0 0 0 0 0 0 0 0 0 0 0 0 0 0 0 0 0 0 0 0 0 0 0 0 0 0 0 shenyanping 4Сʱ_mousemovements
284.8796273125 530.42911725 440.919117 722.4736836666667 0 1259.3434243333334 0 0 291.3455735 647.6195321666668 626.2799273333334 661.006714 642.0073622500001 424.8940476000001 232.57483200000004 430.90492766666665 0.06666666666666667 0.2 0.1 0.03333333333333333 0.13333333333333333 0.16666666666666666 0.2 0.1 173.62480343749996 19.447021 119.87175049999999 0.9411764705882353 0.011764705882352941 0.047058823529411764 0.5333333333333333 0.13333333333333333 0.13333333333333333 0.1 0.0 0.1 0.0 0.0 0.5131578947368421 0.2631578947368421 0.11842105263157894 0.06578947368421052 0.039473684210526314 shenyanping 4Сʱ_mousemovements
285.6970646 675.989943090909 505.71512188888886 674.0373995 2011.5589295 2003.2998655 3254.765625 0 632.701942375 820.8478088571428 667.2066395555555 74.75052133333334 288.2240938571429 517.3484954 792.1509289090908 336.2200216666667 0.125 0.109375 0.140625 0.046875 0.109375 0.15625 0.171875 0.140625 189.94191366853937 24.3682745 210.8958363 0.9368421052631579 0.010526315789473684 0.05263157894736842 0.546875 0.171875 0.140625 0.0625 0.03125 0.03125 0.015625 0.0 0.6235955056179775 0.21348314606741572 0.09550561797752809 0.028089887640449437 0.03932584269662921 shenyanping 4Сʱ_mousemovements
319.5360992 507.53671299999996 747.5943602 719.9353945 955.7230426666666 0 0 1221.42569 291.18076325 826.8546478000001 185.94371 1021.547485 1173.3320615 395.2608185 707.1026552000001 412.042023 0.16 0.2 0.04 0.04 0.08 0.16 0.2 0.12 212.693115 146.904114 308.46941 0.9285714285714286 0.014285714285714285 0.05714285714285714 0.4 0.12 0.2 0.08 0.12 0.0 0.0 0.08 0.5862068965517241 0.3103448275862069 0.10344827586206896 0.0 0.0 shenyanping 4Сʱ_mousemovements
0 0 0 0 0 0 0 0 0 0 0 0 0 0 0 0 0 0 0 0 0 0 0 0 0 0 0 0 0 0 0 0 0 0 0 0 0 0 0 0 0 0 0 shenyanping 4Сʱ_mousemovements
439.0672025 0 1106.887675 574.974365 549.540588 1983.09729 1654.9746095 0 0 1305.2438628 1511.893677 0 109.2416955 1696.273438 566.1137083333333 399.8877905 0.0 0.3125 0.0625 0.0 0.125 0.0625 0.1875 0.25 301.15368424999997 0 0 1.0 0.0 0.0 0.5 0.0 0.1875 0.0625 0.0625 0.0625 0.125 0.0 0.525 0.325 0.075 0.025 0.05 shenyanping 4Сʱ_mousemovements
202.9079875909091 504.9848817999999 721.2380676666667 376.859009 1977.983887 1560.624512 0 4553.153809 932.3984040000001 416.72815533333323 1238.57573425 98.94467549999999 281.315071 402.252533 306.8867984 188.16902925 0.14705882352941177 0.2647058823529412 0.11764705882352941 0.058823529411764705 0.058823529411764705 0.08823529411764706 0.14705882352941177 0.11764705882352941 198.10674484883722 6.4617070000000005 142.78302125000002 0.9347826086956522 0.021739130434782608 0.043478260869565216 0.6470588235294118 0.14705882352941177 0.08823529411764706 0.029411764705882353 0.029411764705882353 0.029411764705882353 0.0 0.029411764705882353 0.6071428571428571 0.27380952380952384 0.047619047619047616 0.03571428571428571 0.03571428571428571 shenyanping 4Сʱ_mousemovements
166.9908357999999 440.86756363157906 538.9593434666666 1065.8510992727272 813.4823782857142 458.725372 1825.266565 995.9408492499999 449.7862165714286 684.1422580624998 824.511184125 375.2232796153846 232.52498692307697 544.6412311111111 487.207411375 359.69092122727267 0.0625 0.14285714285714285 0.14285714285714285 0.11607142857142858 0.11607142857142858 0.08035714285714286 0.14285714285714285 0.19642857142857142 133.04661776764706 36.748046 274.082467368421 0.8900523560209425 0.010471204188481676 0.09947643979057591 0.44642857142857145 0.16964285714285715 0.13392857142857142 0.09821428571428571 0.0625 0.008928571428571428 0.044642857142857144 0.03571428571428571 0.5646067415730337 0.21629213483146068 0.12359550561797752 0.05056179775280899 0.0449438202247191 shenyanping 4Сʱ_mousemovements
108.9848714545455 294.84744025 535.4762922857143 648.4568381666667 1122.9997203333332 897.51123025 1738.4278199999997 792.8899535 234.97791016666665 270.3976385 342.63376675 240.914339 480.76204909999996 161.33207625 570.6567242352942 612.8506471578947 0.06382978723404255 0.1276595744680851 0.1276595744680851 0.14893617021276595 0.10638297872340426 0.0425531914893617 0.18085106382978725 0.20212765957446807 86.50249472886296 8.248975428571429 214.16795241860467 0.8727735368956743 0.017811704834605598 0.10941475826972011 0.46808510638297873 0.2127659574468085 0.07446808510638298 0.06382978723404255 0.06382978723404255 0.0425531914893617 0.05319148936170213 0.02127659574468085 0.6081081081081081 0.20540540540540542 0.10540540540540541 0.03783783783783784 0.043243243243243246 shenyanping 4Сʱ_mousemovements
124.55901217142855 314.08232533333336 776.8154016666666 438.793747 832.4788332 511.8197175 2438.292969 1130.3192339999998 333.72301636363636 269.99853 918.8789123999999 381.5449835833333 310.11981199999997 530.3914604000001 301.464092 201.79025181249997 0.15492957746478872 0.04225352112676056 0.07042253521126761 0.16901408450704225 0.15492957746478872 0.14084507042253522 0.04225352112676056 0.22535211267605634 89.17469998734177 267.72985575 165.26264061538456 0.8876404494382022 0.0149812734082397 0.09737827715355805 0.49295774647887325 0.2112676056338028 0.08450704225352113 0.056338028169014086 0.07042253521126761 0.028169014084507043 0.014084507042253521 0.04225352112676056 0.6153846153846154 0.16194331983805668 0.10931174089068826 0.06882591093117409 0.044534412955465584 shenyanping 4Сʱ_mousemovements
306.69471662499996 261.0985616666667 727.44043 408.874695 497.97879 422.917297 3827.256104 1307.1985475000001 1188.8476166 1228.5780590000002 366.2142636666667 210.9686386 386.12078925000003 60.150391 295.5825334 50.711533 0.18518518518518517 0.1111111111111111 0.1111111111111111 0.18518518518518517 0.14814814814814814 0.037037037037037035 0.18518518518518517 0.037037037037037035 183.88366097260277 74.9506495 223.88457366666663 0.9012345679012346 0.024691358024691357 0.07407407407407407 0.5925925925925926 0.1111111111111111 0.07407407407407407 0.037037037037037035 0.037037037037037035 0.037037037037037035 0.037037037037037035 0.07407407407407407 0.704225352112676 0.09859154929577464 0.09859154929577464 0.056338028169014086 0.04225352112676056 shenyanping 4Сʱ_mousemovements
224.5010753 374.13002575 673.2713196000001 1492.8371990000003 1035.7056398 814.595825 0 0 1024.4396033333335 1335.8088075 313.040863 512.53806375 806.258785 418.4874216666667 263.7719128333333 486.8658525 0.21428571428571427 0.07142857142857142 0.03571428571428571 0.14285714285714285 0.07142857142857142 0.10714285714285714 0.21428571428571427 0.14285714285714285 209.09984093506492 86.39448633333335 174.23598057142857 0.8850574712643678 0.034482758620689655 0.08045977011494253 0.35714285714285715 0.14285714285714285 0.17857142857142858 0.10714285714285714 0.17857142857142858 0.03571428571428571 0.0 0.0 0.6097560975609756 0.18292682926829268 0.12195121951219512 0.06097560975609756 0.024390243902439025 shenyanping 4Сʱ_mousemovements
305.9339991333334 339.5521953333334 659.3422545 1005.156799 1641.931519 3422.480957 0 0 540.9963303333333 1175.2770124285712 0 239.1070405 469.05661 641.377543 107.226972 163.44009 0.23076923076923078 0.2692307692307692 0.0 0.07692307692307693 0.038461538461538464 0.11538461538461539 0.11538461538461539 0.15384615384615385 214.59327828571426 0 99.41072833333334 0.958904109589041 0.0 0.0410958904109589 0.5769230769230769 0.11538461538461539 0.15384615384615385 0.07692307692307693 0.038461538461538464 0.038461538461538464 0.0 0.0 0.59375 0.34375 0.046875 0.0 0.015625 shenyanping 4Сʱ_mousemovements
144.99366515789475 218.111832 0 1840.932495 471.4209595 0 534.763672 665.656067 484.153778 188.0075694 336.4258575 689.9943705000001 192.1733285 0 172.1390845 272.4078446 0.037037037037037035 0.18518518518518517 0.07407407407407407 0.2222222222222222 0.07407407407407407 0.0 0.2222222222222222 0.18518518518518517 73.79002143023254 9.852217 190.031135 0.8514851485148515 0.009900990099009901 0.13861386138613863 0.7037037037037037 0.07407407407407407 0.0 0.07407407407407407 0.07407407407407407 0.0 0.037037037037037035 0.037037037037037035 0.6823529411764706 0.17647058823529413 0.047058823529411764 0.07058823529411765 0.023529411764705882 shenyanping 4Сʱ_mousemovements
