161.39756144444445 272.377258 0 898.6965329999999 0 1141.314789 937.432861 1118.89851375 456.59679133333333 434.24863325 0 757.5977294 1208.6301575 1052.783203 86.943736 745.526562 0.15 0.2 0.0 0.25 0.1 0.05 0.15 0.1 60.52863127710843 8.0 544.9865390769231 0.8556701030927835 0.010309278350515464 0.13402061855670103 0.45 0.05 0.0 0.15 0.0 0.1 0.05 0.2 0.7126436781609196 0.12643678160919541 0.09195402298850575 0.022988505747126436 0.04597701149425287 shenyanping 10Сʱ_mousemovements
18.181818 0 0 0 0 0 0 0 18.181818 0 0 0 0 0 0 0 1.0 0.0 0.0 0.0 0.0 0.0 0.0 0.0 3.6363636 0 0 1.0 0.0 0.0 1.0 0.0 0.0 0.0 0.0 0.0 0.0 0.0 1.0 0.0 0.0 0.0 0.0 shenyanping 10Сʱ_mousemovements
26.223436 0 2116.605469 0 0 0 0 0 0 26.223436 0 0 0 0 2116.605469 0 0.0 0.5 0.0 0.0 0.0 0.0 0.5 0.0 264.575683625 0 26.223436 0.8888888888888888 0.0 0.1111111111111111 0.5 0.0 0.5 0.0 0.0 0.0 0.0 0.0 0.625 0.25 0.0 0.125 0.0 shenyanping 10Сʱ_mousemovements
0 0 0 0 0 0 0 0 0 0 0 0 0 0 0 0 0 0 0 0 0 0 0 0 0 0 0 0 0 0 0 0 0 0 0 0 0 0 0 0 0 0 0 shenyanping 10Сʱ_mousemovements
271.505249 0 416.102829 0 1131.432983 0 1930.80188 0 0 0 409.75407244444443 112.36061566666667 1930.80188 0 653.822632 0 0.0 0.0 0.6428571428571429 0.21428571428571427 0.07142857142857142 0.0 0.07142857142857142 0.0 183.5970280833333 0 0 1.0 0.0 0.0 0.7142857142857143 0.0 0.14285714285714285 0.0 0.07142857142857142 0.0 0.07142857142857142 0.0 0.5333333333333333 0.23333333333333334 0.16666666666666666 0.03333333333333333 0.03333333333333333 shenyanping 10Сʱ_mousemovements
76.436982 0 0 0 0 0 0 0 0 0 76.436982 0 0 0 0 0 0.0 0.0 1.0 0.0 0.0 0.0 0.0 0.0 21.839137714285716 0 0 1.0 0.0 0.0 1.0 0.0 0.0 0.0 0.0 0.0 0.0 0.0 0.4 0.3 0.3 0.0 0.0 shenyanping 10Сʱ_mousemovements
77.24012268749999 143.352859 0 0 0 0 0 0 0 40.3225805 89.32418758333331 75.55313666666667 0 0 0 0 0.0 0.11764705882352941 0.7058823529411765 0.17647058823529413 0.0 0.0 0.0 0.0 24.628478964285712 0 0 1.0 0.0 0.0 0.9411764705882353 0.058823529411764705 0.0 0.0 0.0 0.0 0.0 0.0 0.7111111111111111 0.17777777777777778 0.044444444444444446 0.044444444444444446 0.022222222222222223 shenyanping 10Сʱ_mousemovements
0 0 0 0 0 0 0 0 0 0 0 0 0 0 0 0 0 0 0 0 0 0 0 0 0 0 0 0 0 0 0 0 0 0 0 0 0 0 0 0 0 0 0 shenyanping 10Сʱ_mousemovements
0 0 0 0 0 0 0 0 0 0 0 0 0 0 0 0 0 0 0 0 0 0 0 0 0 0 0 0 0 0 0 0 0 0 0 0 0 0 0 0 0 0 0 shenyanping 10Сʱ_mousemovements
271.94670666666667 299.953949 0 1928.2882085 0 1060.854126 0 1165.070679 0 0 907.2291947499999 1715.1497195000002 0 29.24338 109.835693 0 0.0 0.0 0.5 0.25 0.0 0.125 0.125 0.0 236.86544696551724 0 164.5986645 0.9354838709677419 0.0 0.06451612903225806 0.375 0.125 0.0 0.25 0.0 0.125 0.0 0.125 0.56 0.2 0.2 0.04 0.0 shenyanping 10Сʱ_mousemovements
647.173462 336.17395 0 1128.276855 564.538696 0 1235.7401735 1449.987854 0 783.230062 990.3378905 1254.396301 0 1128.276855 727.357056 0 0.0 0.3333333333333333 0.2222222222222222 0.2222222222222222 0.0 0.1111111111111111 0.1111111111111111 0.0 217.73225670588238 0 430.6319173333333 0.918918918918919 0.0 0.08108108108108109 0.2222222222222222 0.1111111111111111 0.0 0.1111111111111111 0.1111111111111111 0.0 0.2222222222222222 0.2222222222222222 0.6764705882352942 0.23529411764705882 0.058823529411764705 0.0 0.029411764705882353 shenyanping 10Сʱ_mousemovements
265.15997379166663 303.974363 466.1013335 879.199509 738.8983663333333 1229.3579711666669 675.640442 0 840.7407264999999 715.975492 703.47151175 655.697815 237.77357124999997 541.0288662222223 216.55146266666665 210.1429731111111 0.08888888888888889 0.13333333333333333 0.08888888888888889 0.06666666666666667 0.08888888888888889 0.2 0.13333333333333333 0.2 113.68056428289474 94.534637 254.7977848125 0.8994082840236687 0.005917159763313609 0.09467455621301775 0.5333333333333333 0.15555555555555556 0.044444444444444446 0.044444444444444446 0.06666666666666667 0.13333333333333333 0.022222222222222223 0.0 0.60625 0.1875 0.0875 0.075 0.04375 shenyanping 10Сʱ_mousemovements
370.6470335 562.087471 0 0 0 0 0 0 1251.190552 0 0 0 422.209686 130.941895 0 395.10060599999997 0.16666666666666666 0.0 0.0 0.0 0.16666666666666666 0.16666666666666666 0.0 0.5 104.86761152631578 0.0 332.386444 0.8260869565217391 0.043478260869565216 0.13043478260869565 0.3333333333333333 0.6666666666666666 0.0 0.0 0.0 0.0 0.0 0.0 0.8095238095238095 0.09523809523809523 0.047619047619047616 0.0 0.047619047619047616 shenyanping 10Сʱ_mousemovements
224.94765857692306 362.6665824285714 481.24763766666666 593.5544331666666 842.1112672500001 0 1233.27618425 772.599731 291.3670936 330.90341363636367 336.1807170000001 348.4961455 481.8318226666667 413.32144855555555 656.6596492727272 512.296369 0.08196721311475409 0.18032786885245902 0.11475409836065574 0.09836065573770492 0.09836065573770492 0.14754098360655737 0.18032786885245902 0.09836065573770492 98.43323199444445 157.7157905 370.69793985714284 0.8695652173913043 0.028985507246376812 0.10144927536231885 0.4262295081967213 0.22950819672131148 0.09836065573770492 0.09836065573770492 0.06557377049180328 0.0 0.06557377049180328 0.01639344262295082 0.5614973262032086 0.2192513368983957 0.0962566844919786 0.0748663101604278 0.0481283422459893 shenyanping 10Сʱ_mousemovements
217.39043940909096 497.1774563333334 1003.3410299999998 732.5253296666666 993.1517562500001 1283.023804 2565.2763670000004 1644.551361 449.526413 276.7920024 813.13637175 1339.216629 441.1836998 643.6553680000001 640.5399184 754.1679992857142 0.14583333333333334 0.10416666666666667 0.08333333333333333 0.125 0.10416666666666667 0.1875 0.10416666666666667 0.14583333333333334 162.09802919879522 142.1485145 291.5087638235294 0.8877005347593583 0.0213903743315508 0.09090909090909091 0.4489795918367347 0.1836734693877551 0.08163265306122448 0.061224489795918366 0.08163265306122448 0.02040816326530612 0.04081632653061224 0.08163265306122448 0.6227544910179641 0.17964071856287425 0.11377245508982035 0.0718562874251497 0.011976047904191617 shenyanping 10Сʱ_mousemovements
124.31776058620693 361.47509377777783 524.4457770000001 705.2436755000001 552.4405825 653.499939 0 3282.2124025000003 396.0991745 254.79484728571427 868.0614597777778 451.6175268888889 389.754242 357.51024859999995 290.7181522666667 264.63499287499997 0.06896551724137931 0.1206896551724138 0.15517241379310345 0.15517241379310345 0.017241379310344827 0.08620689655172414 0.25862068965517243 0.13793103448275862 84.09095826696831 98.23909966666666 295.41830287500005 0.9094650205761317 0.024691358024691357 0.06584362139917696 0.5 0.15517241379310345 0.1724137931034483 0.06896551724137931 0.034482758620689655 0.034482758620689655 0.0 0.034482758620689655 0.5694444444444444 0.2824074074074074 0.09259259259259259 0.032407407407407406 0.023148148148148147 shenyanping 10Сʱ_mousemovements
215.64970244444444 304.8692095 0 1299.7913816666667 0 0 0 0 0 504.0478236666667 332.6980183333333 26.313316 1065.9336243333335 106.83267766666665 0 395.110138 0.0 0.21428571428571427 0.21428571428571427 0.07142857142857142 0.21428571428571427 0.21428571428571427 0.0 0.07142857142857142 120.74736694 0 137.530513 0.9433962264150944 0.0 0.05660377358490566 0.6428571428571429 0.14285714285714285 0.0 0.21428571428571427 0.0 0.0 0.0 0.0 0.5625 0.3333333333333333 0.08333333333333333 0.0 0.020833333333333332 shenyanping 10Сʱ_mousemovements
83.62161549999999 0 0 0 0 0 0 0 0 83.62161549999999 0 0 0 0 0 0 0.0 1.0 0.0 0.0 0.0 0.0 0.0 0.0 20.905403874999998 0 0 1.0 0.0 0.0 1.0 0.0 0.0 0.0 0.0 0.0 0.0 0.0 0.5 0.3333333333333333 0.0 0.0 0.16666666666666666 shenyanping 10Сʱ_mousemovements
270.29062136363643 606.73925 519.3911439999999 3957.5476685 2947.468506 0 1087.029419 1584.679565 2731.591420666666 0 750.8059893333334 740.1047879999999 438.687973 53.082714 558.27912725 867.1055145714284 0.1111111111111111 0.0 0.1111111111111111 0.18518518518518517 0.07407407407407407 0.1111111111111111 0.14814814814814814 0.25925925925925924 219.9734973043479 0 295.4212379090909 0.8932038834951457 0.0 0.10679611650485436 0.4074074074074074 0.2962962962962963 0.07407407407407407 0.07407407407407407 0.037037037037037035 0.0 0.07407407407407407 0.037037037037037035 0.625 0.1875 0.07291666666666667 0.08333333333333333 0.03125 shenyanping 10Сʱ_mousemovements
143.350849125 314.169678 648.2632522499999 0 0 0 1527.9071655 0 254.585682 384.003723 360.323049 1019.7344075 0 279.789429 200.0 169.04615766666666 0.125 0.125 0.1875 0.25 0.0 0.0625 0.0625 0.1875 100.35151071153845 348.549927 309.5308341666667 0.8813559322033898 0.01694915254237288 0.1016949152542373 0.5 0.125 0.25 0.0 0.0 0.0 0.125 0.0 0.5471698113207547 0.24528301886792453 0.07547169811320754 0.09433962264150944 0.03773584905660377 shenyanping 10Сʱ_mousemovements
127.29204699999998 178.29944625 519.1018066666667 695.70697025 1399.9408564999999 813.3592020000001 312.662262 1418.2679849999997 123.78394025000001 556.3508885 626.50801475 365.077423 169.458481 908.1486108000001 615.3235870000001 79.718285 0.13333333333333333 0.13333333333333333 0.26666666666666666 0.03333333333333333 0.06666666666666667 0.16666666666666666 0.16666666666666666 0.03333333333333333 170.1407419142857 377.80543550000004 111.44270075 0.8333333333333334 0.11904761904761904 0.047619047619047616 0.3333333333333333 0.13333333333333333 0.1 0.13333333333333333 0.06666666666666667 0.1 0.03333333333333333 0.1 0.5974025974025974 0.16883116883116883 0.16883116883116883 0.06493506493506493 0.0 shenyanping 10Сʱ_mousemovements
303.26034355555555 257.09478 404.56527675 0 1172.3310343333333 851.6245425 1297.3500365 1558.25102225 360.91443766666674 448.789272 1497.62854 842.564804 581.6781615 954.08192725 896.56172925 790.338989 0.21428571428571427 0.17857142857142858 0.03571428571428571 0.14285714285714285 0.07142857142857142 0.14285714285714285 0.14285714285714285 0.07142857142857142 159.46278639393938 393.19696 294.90153236363636 0.8918918918918919 0.009009009009009009 0.0990990990990991 0.32142857142857145 0.14285714285714285 0.14285714285714285 0.0 0.10714285714285714 0.07142857142857142 0.07142857142857142 0.14285714285714285 0.5420560747663551 0.2336448598130841 0.09345794392523364 0.07476635514018691 0.056074766355140186 shenyanping 10Сʱ_mousemovements
186.15107634782606 400.3055679 422.24227579999996 661.3384810000001 1137.3085694 1290.4728132857142 0 1899.3033856666668 477.32819750000004 414.65476850000005 799.8270240909092 388.4453306 365.51913759999997 1027.370296375 364.27940411111115 541.860242375 0.07142857142857142 0.10714285714285714 0.19642857142857142 0.08928571428571429 0.08928571428571429 0.14285714285714285 0.16071428571428573 0.14285714285714285 157.36135690243898 313.64924871428565 266.37292672222225 0.8677248677248677 0.037037037037037035 0.09523809523809523 0.4107142857142857 0.17857142857142858 0.08928571428571429 0.05357142857142857 0.08928571428571429 0.125 0.0 0.05357142857142857 0.5536723163841808 0.24858757062146894 0.11299435028248588 0.05084745762711865 0.03389830508474576 shenyanping 10Сʱ_mousemovements
135.12015307692306 290.0245394 619.4397838333333 1064.4020845 499.549255 412.92820233333333 926.57989125 2010.0125488 1003.9328003333331 493.66911442857145 358.910597375 1138.3240151999998 358.83710299999996 294.66504033333337 479.02525030000004 240.27121549999998 0.1111111111111111 0.12962962962962962 0.14814814814814814 0.09259259259259259 0.14814814814814814 0.1111111111111111 0.18518518518518517 0.07407407407407407 138.14441828961748 74.374107375 319.598560375 0.9195979899497487 0.04020100502512563 0.04020100502512563 0.48148148148148145 0.09259259259259259 0.1111111111111111 0.07407407407407407 0.018518518518518517 0.05555555555555555 0.07407407407407407 0.09259259259259259 0.5085714285714286 0.2742857142857143 0.06857142857142857 0.08571428571428572 0.06285714285714286 shenyanping 10Сʱ_mousemovements
146.85124515625 273.29727018181825 555.73186025 0 2265.84629825 643.70997625 0 762.674805 75.3167595 544.5996597894735 493.7780388571428 397.108124 282.89764533333334 296.74993233333333 464.42915215384613 197.61116057142857 0.06666666666666667 0.31666666666666665 0.11666666666666667 0.016666666666666666 0.05 0.1 0.21666666666666667 0.11666666666666667 129.78904777777777 43.66484783333333 190.5771222727273 0.9095744680851063 0.031914893617021274 0.05851063829787234 0.5333333333333333 0.18333333333333332 0.13333333333333333 0.0 0.06666666666666667 0.06666666666666667 0.0 0.016666666666666666 0.55625 0.225 0.0625 0.10625 0.05 shenyanping 10Сʱ_mousemovements
473.179047 0 0 0 0 0 0 0 473.179047 0 0 0 0 0 0 0 1.0 0.0 0.0 0.0 0.0 0.0 0.0 0.0 236.5895235 0 0 1.0 0.0 0.0 1.0 0.0 0.0 0.0 0.0 0.0 0.0 0.0 1.0 0.0 0.0 0.0 0.0 shenyanping 10Сʱ_mousemovements
0 0 0 0 0 0 0 0 0 0 0 0 0 0 0 0 0 0 0 0 0 0 0 0 0 0 0 0 0 0 0 0 0 0 0 0 0 0 0 0 0 0 0 shenyanping 10Сʱ_mousemovements
0 0 0 0 0 0 0 0 0 0 0 0 0 0 0 0 0 0 0 0 0 0 0 0 0.0 0 0 1.0 0.0 0.0 0 0 0 0 0 0 0 0 1.0 0.0 0.0 0.0 0.0 shenyanping 10Сʱ_mousemovements
0 0 0 0 0 0 0 0 0 0 0 0 0 0 0 0 0 0 0 0 0 0 0 0 0 0 0 0 0 0 0 0 0 0 0 0 0 0 0 0 0 0 0 shenyanping 10Сʱ_mousemovements
236.28727500000002 0 0 0 0 0 0 0 0 0 74.158272 484.01236 150.691193 0 0 0 0.0 0.0 0.3333333333333333 0.3333333333333333 0.3333333333333333 0.0 0.0 0.0 48.401236 0 112.4247325 0.8333333333333334 0.0 0.16666666666666666 1.0 0.0 0.0 0.0 0.0 0.0 0.0 0.0 0.6666666666666666 0.25 0.0 0.08333333333333333 0.0 shenyanping 10Сʱ_mousemovements
