0 0 0 0 0 0 1235.865723 0 0 0 0 0 0 1235.865723 0 0 0.0 0.0 0.0 0.0 0.0 1.0 0.0 0.0 617.9328615 0 0 1.0 0.0 0.0 0.0 0.0 0.0 0.0 0.0 0.0 1.0 0.0 0.0 0.0 1.0 0.0 0.0 shenyanping 5Сʱ_mousemovements
421.8604066 474.7412415 496.0659485 0 0 0 0 0 0 121.7948685 772.6578979999999 626.035217 0 437.5094656666667 0 323.447266 0.0 0.2222222222222222 0.2222222222222222 0.1111111111111111 0.0 0.3333333333333333 0.0 0.1111111111111111 183.36404575 0 383.635498 0.9523809523809523 0.0 0.047619047619047616 0.5555555555555556 0.2222222222222222 0.2222222222222222 0.0 0.0 0.0 0.0 0.0 0.5882352941176471 0.23529411764705882 0.17647058823529413 0.0 0.0 shenyanping 5Сʱ_mousemovements
138.35200884615386 505.7378275 449.65350049999995 1258.982788 967.014954 2035.0964965 584.4226622 2097.363037 225.942673 778.4357785714286 758.1770611666667 674.0396066666667 345.00962360000005 254.02615166666666 288.04354366666666 545.7032573333333 0.02702702702702703 0.1891891891891892 0.16216216216216217 0.08108108108108109 0.13513513513513514 0.16216216216216217 0.08108108108108109 0.16216216216216217 172.53335472727275 244.53615280000002 322.8113533 0.8543689320388349 0.04854368932038835 0.0970873786407767 0.35135135135135137 0.10810810810810811 0.2702702702702703 0.02702702702702703 0.02702702702702703 0.05405405405405406 0.13513513513513514 0.02702702702702703 0.5333333333333333 0.23333333333333334 0.1 0.03333333333333333 0.1 shenyanping 5Сʱ_mousemovements
275.82862560000007 742.66366975 565.710144 445.241608 793.0919795 1313.746643 0 1377.166321 1206.900757 556.9598968 547.1313148333334 553.1150328 117.679082 501.996742 630.8271194 594.971817 0.034482758620689655 0.1724137931034483 0.20689655172413793 0.1724137931034483 0.06896551724137931 0.06896551724137931 0.1724137931034483 0.10344827586206896 167.8911352619048 631.7999980000001 55.0526585 0.9230769230769231 0.03296703296703297 0.04395604395604396 0.5172413793103449 0.13793103448275862 0.10344827586206896 0.034482758620689655 0.06896551724137931 0.06896551724137931 0.0 0.06896551724137931 0.6829268292682927 0.15853658536585366 0.10975609756097561 0.04878048780487805 0.0 shenyanping 5Сʱ_mousemovements
296.414093 0 0 0 0 0 0 0 0 0 296.414093 0 0 0 0 0 0.0 0.0 1.0 0.0 0.0 0.0 0.0 0.0 148.2070465 0 0 1.0 0.0 0.0 1.0 0.0 0.0 0.0 0.0 0.0 0.0 0.0 1.0 0.0 0.0 0.0 0.0 shenyanping 5Сʱ_mousemovements
181.68239470588233 559.9299533333334 791.8983053333335 174.954239 854.914327 506.692383 659.351929 636.3864745 300.30676766666664 157.82995375000002 809.9684662000001 258.412081 460.8367093333333 150.8883935 429.2834962 384.32409885714287 0.08823529411764706 0.11764705882352941 0.14705882352941177 0.058823529411764705 0.17647058823529413 0.058823529411764705 0.14705882352941177 0.20588235294117646 98.03893489380533 150.5113565 291.4408301111111 0.9112903225806451 0.016129032258064516 0.07258064516129033 0.5 0.17647058823529413 0.08823529411764706 0.029411764705882353 0.08823529411764706 0.029411764705882353 0.029411764705882353 0.058823529411764705 0.5904761904761905 0.29523809523809524 0.047619047619047616 0.06666666666666667 0.0 shenyanping 5Сʱ_mousemovements
488.8339005 681.356689 1325.204346 772.948059 392.853775 514.6847379999999 0 0 0 0 703.767354 0 394.201935 0 0 668.13699725 0.0 0.0 0.3333333333333333 0.0 0.2222222222222222 0.0 0.0 0.4444444444444444 110.50520279411765 0 453.7692565 0.8947368421052632 0.0 0.10526315789473684 0.2222222222222222 0.1111111111111111 0.1111111111111111 0.1111111111111111 0.2222222222222222 0.2222222222222222 0.0 0.0 0.7741935483870968 0.0967741935483871 0.03225806451612903 0.03225806451612903 0.06451612903225806 shenyanping 5Сʱ_mousemovements
112.77413963636364 696.335856 298.653198 554.251294 1080.4297993333332 1351.6140136666666 1457.2144163333332 0 0 588.5573222500001 727.8006352857144 917.1303303333334 417.548855 886.3992613333334 169.60520666666667 695.858215 0.0 0.13793103448275862 0.2413793103448276 0.10344827586206896 0.06896551724137931 0.20689655172413793 0.20689655172413793 0.034482758620689655 153.0493180888889 430.89072533333336 250.00805466666665 0.8571428571428571 0.02857142857142857 0.11428571428571428 0.3793103448275862 0.10344827586206896 0.034482758620689655 0.1724137931034483 0.10344827586206896 0.10344827586206896 0.10344827586206896 0.0 0.63 0.17 0.08 0.06 0.06 shenyanping 5Сʱ_mousemovements
153.3372022142857 449.26963424999997 752.6280191428572 439.284393 506.9378256666667 1485.2957458333337 0 0 510.87120225 1506.9375976 218.179391 648.595825 220.93042314285714 644.298892 602.0106049999999 67.135264 0.22857142857142856 0.14285714285714285 0.05714285714285714 0.02857142857142857 0.2 0.14285714285714285 0.11428571428571428 0.08571428571428572 168.28913989010985 509.09271428571435 241.2214234 0.883495145631068 0.06796116504854369 0.04854368932038835 0.4 0.11428571428571428 0.2 0.02857142857142857 0.08571428571428572 0.17142857142857143 0.0 0.0 0.6195652173913043 0.1956521739130435 0.09782608695652174 0.05434782608695652 0.03260869565217391 shenyanping 5Сʱ_mousemovements
155.32475229999997 462.68771187499993 664.0271654000001 537.9683534999999 473.222412 930.5216063333334 2021.7991943333334 2049.507706 650.697752 906.0754434285712 316.6987852 934.6678125 473.9708503999999 1129.2461846666667 217.4560353 611.41165175 0.08 0.14 0.1 0.04 0.1 0.18 0.2 0.16 167.30530695121953 160.05488860000003 250.58182406666666 0.8913043478260869 0.02717391304347826 0.08152173913043478 0.4 0.16 0.1 0.04 0.04 0.12 0.06 0.08 0.5365853658536586 0.2926829268292683 0.07317073170731707 0.054878048780487805 0.042682926829268296 shenyanping 5Сʱ_mousemovements
130.40067599999998 394.832062 463.57276175 932.871506 2060.835124 2197.509064 339.659698 0 162.54637366666665 353.2584943333333 3842.654053 1507.2453385000001 572.059937 598.1828155 845.1553450000001 88.07827825 0.14285714285714285 0.14285714285714285 0.047619047619047616 0.19047619047619047 0.047619047619047616 0.09523809523809523 0.14285714285714285 0.19047619047619047 196.4643554084507 0 425.25709859999995 0.9342105263157895 0.0 0.06578947368421052 0.38095238095238093 0.047619047619047616 0.19047619047619047 0.09523809523809523 0.14285714285714285 0.09523809523809523 0.047619047619047616 0.0 0.6176470588235294 0.17647058823529413 0.10294117647058823 0.07352941176470588 0.029411764705882353 shenyanping 5Сʱ_mousemovements
124.074218 715.476074 0 0 647.555542 0 0 1497.32373 86.84726 354.59293349999996 61.788586 0 1497.32373 500.75338750000003 0 0 0.14285714285714285 0.2857142857142857 0.14285714285714285 0.0 0.14285714285714285 0.2857142857142857 0.0 0.0 98.32456396875001 0 70.08872366666667 0.9142857142857143 0.0 0.08571428571428572 0.5714285714285714 0.14285714285714285 0.0 0.0 0.14285714285714285 0.0 0.0 0.14285714285714285 0.5454545454545454 0.2727272727272727 0.09090909090909091 0.09090909090909091 0.0 shenyanping 5Сʱ_mousemovements
419.14169549999997 1045.816772 0 0 0 0 0 0 803.7377826666667 752.3808345 643.464355 0 0 287.904093 356.6389125 217.262558 0.25 0.16666666666666666 0.08333333333333333 0.0 0.0 0.16666666666666666 0.16666666666666666 0.16666666666666666 201.09630658064518 0 49.064995 0.96875 0.0 0.03125 0.8333333333333334 0.16666666666666666 0.0 0.0 0.0 0.0 0.0 0.0 0.64 0.32 0.0 0.04 0.0 shenyanping 5Сʱ_mousemovements
410.33521119999995 79.510544 0 0 1691.44458 456.79630299999997 4424.259277 0 389.988007 1691.44458 1827.1707353333334 492.43512 112.0 239.636551 376.7332995 0 0.1 0.1 0.3 0.1 0.1 0.1 0.2 0.0 237.31824538235296 331.0343833333333 98.55957 0.8947368421052632 0.07894736842105263 0.02631578947368421 0.5 0.1 0.0 0.0 0.1 0.2 0.1 0.0 0.7272727272727273 0.15151515151515152 0.06060606060606061 0.030303030303030304 0.030303030303030304 shenyanping 5Сʱ_mousemovements
193.04597707407405 543.2529381111111 455.90128755555565 689.6584728333332 518.120972 1708.1254476666666 1755.390869 0 472.36394299999995 745.1979094999999 494.91120150000006 537.00734 457.8071854285714 374.69322783333337 109.30079966666665 213.16958616666668 0.14285714285714285 0.17857142857142858 0.07142857142857142 0.10714285714285714 0.125 0.21428571428571427 0.05357142857142857 0.10714285714285714 165.5988519166667 71.40195671428572 278.884012 0.9230769230769231 0.04487179487179487 0.03205128205128205 0.48214285714285715 0.16071428571428573 0.16071428571428573 0.10714285714285714 0.017857142857142856 0.05357142857142857 0.017857142857142856 0.0 0.47794117647058826 0.29411764705882354 0.11029411764705882 0.09558823529411764 0.022058823529411766 shenyanping 5Сʱ_mousemovements
97.34540280000002 0 721.62794 0 0 0 959.475159 0 239.657444 0 0 831.279419 495.8666115 917.020569 184.56179500000002 22.614304 0.2222222222222222 0.0 0.0 0.1111111111111111 0.2222222222222222 0.1111111111111111 0.2222222222222222 0.1111111111111111 73.16024628571427 0 262.61934325 0.8974358974358975 0.0 0.10256410256410256 0.5555555555555556 0.0 0.3333333333333333 0.0 0.0 0.0 0.1111111111111111 0.0 0.4857142857142857 0.2571428571428571 0.11428571428571428 0.14285714285714285 0.0 shenyanping 5Сʱ_mousemovements
243.4402635333333 440.7932420000001 659.8553657499999 898.76309175 433.97240200000005 1503.3463339999998 2084.0237429999997 1356.9993895 932.4149346666667 649.5142186999999 1033.3827454 407.20144175 158.814298 703.206497375 375.445557076923 364.00711654545455 0.05263157894736842 0.17543859649122806 0.08771929824561403 0.07017543859649122 0.05263157894736842 0.14035087719298245 0.22807017543859648 0.19298245614035087 174.50928187974685 49.81892 234.94115884615383 0.8777777777777778 0.05 0.07222222222222222 0.5263157894736842 0.08771929824561403 0.14035087719298245 0.07017543859649122 0.05263157894736842 0.05263157894736842 0.03508771929824561 0.03508771929824561 0.5732484076433121 0.25477707006369427 0.09554140127388536 0.050955414012738856 0.025477707006369428 shenyanping 5Сʱ_mousemovements
126.3507579767442 326.71888588888885 504.9296174 512.325226 1126.334668 1706.65686775 1147.547485 468.0895385 144.01341766666667 272.1326439 575.37423 384.831208 198.11704853846155 422.73997825 103.80307599999999 579.5363290555555 0.041666666666666664 0.1388888888888889 0.08333333333333333 0.125 0.18055555555555555 0.1111111111111111 0.06944444444444445 0.25 115.2314244212963 206.181305 98.52078935294121 0.9191489361702128 0.00851063829787234 0.07234042553191489 0.5972222222222222 0.125 0.06944444444444445 0.041666666666666664 0.06944444444444445 0.05555555555555555 0.013888888888888888 0.027777777777777776 0.5544554455445545 0.2376237623762376 0.12871287128712872 0.0594059405940594 0.019801980198019802 shenyanping 5Сʱ_mousemovements
187.5000759090909 495.8032656666667 411.1013368 0 1720.6652835 332.70816 2018.0300899999997 1247.4341435000001 0 214.10094633333333 1337.3414130000003 802.639435 432.00613860000004 158.919128 332.40627433333333 1565.0294186666663 0.0 0.23076923076923078 0.11538461538461539 0.07692307692307693 0.19230769230769232 0.038461538461538464 0.23076923076923078 0.11538461538461539 161.8022204534884 68.681014 255.62150128571426 0.8958333333333334 0.03125 0.07291666666666667 0.4230769230769231 0.11538461538461539 0.19230769230769232 0.0 0.07692307692307693 0.038461538461538464 0.07692307692307693 0.07692307692307693 0.5813953488372093 0.3023255813953488 0.06976744186046512 0.023255813953488372 0.023255813953488372 shenyanping 5Сʱ_mousemovements
0 0 0 0 0 0 0 0 0 0 0 0 0 0 0 0 0 0 0 0 0 0 0 0 0 0 0 0 0 0 0 0 0 0 0 0 0 0 0 0 0 0 0 shenyanping 5Сʱ_mousemovements
265.26136745454545 1237.8244273333332 774.339233 1752.87561 1791.596802 3261.7927245 2362.628418 0 710.23407 905.5537493333333 1781.428619333333 685.2047780000001 0 501.20024250000006 122.41935724999999 510.38758249999995 0.029411764705882353 0.17647058823529413 0.17647058823529413 0.08823529411764706 0.0 0.17647058823529413 0.11764705882352941 0.23529411764705882 304.9712374404762 0 212.53455375 0.9545454545454546 0.0 0.045454545454545456 0.6470588235294118 0.17647058823529413 0.029411764705882353 0.029411764705882353 0.029411764705882353 0.058823529411764705 0.029411764705882353 0.0 0.5949367088607594 0.26582278481012656 0.02531645569620253 0.08860759493670886 0.02531645569620253 shenyanping 5Сʱ_mousemovements
177.70295337037038 699.9091916 1555.5248565 1393.982422 0 2097.50058 275.550232 560.2268215 334.86583666666667 335.73085371428573 918.340662 1004.5031857999999 359.43685949999997 390.7659415 716.5932025000001 328.0736005714286 0.21428571428571427 0.16666666666666666 0.09523809523809523 0.11904761904761904 0.047619047619047616 0.09523809523809523 0.09523809523809523 0.16666666666666666 176.87906929914527 219.26553333333334 75.982437 0.9590163934426229 0.02459016393442623 0.01639344262295082 0.6428571428571429 0.11904761904761904 0.09523809523809523 0.023809523809523808 0.0 0.047619047619047616 0.023809523809523808 0.047619047619047616 0.5377358490566038 0.27358490566037735 0.10377358490566038 0.04716981132075472 0.03773584905660377 shenyanping 5Сʱ_mousemovements
219.909463 0 0 1277.31543 0 0 0 0 423.506073 66.404503 506.752228 0 77.877853 90.99086199999999 333.3587875 449.8578313333334 0.16666666666666666 0.08333333333333333 0.08333333333333333 0.0 0.08333333333333333 0.16666666666666666 0.16666666666666666 0.25 142.1661355 0 0 1.0 0.0 0.0 0.9166666666666666 0.0 0.0 0.08333333333333333 0.0 0.0 0.0 0.0 0.6666666666666666 0.19047619047619047 0.047619047619047616 0.09523809523809523 0.0 shenyanping 5Сʱ_mousemovements
0 0 0 0 0 0 0 0 0 0 0 0 0 0 0 0 0 0 0 0 0 0 0 0 0 0 0 0 0 0 0 0 0 0 0 0 0 0 0 0 0 0 0 shenyanping 5Сʱ_mousemovements
212.060482 218.264709 0 1250.972656 801.9279785 0 757.049438 0 1250.972656 218.264709 0 820.4519345 0 212.060482 720.001526 0 0.14285714285714285 0.14285714285714285 0.0 0.2857142857142857 0.0 0.2857142857142857 0.14285714285714285 0.0 149.0431625909091 0 487.6570735 0.9166666666666666 0.0 0.08333333333333333 0.2857142857142857 0.14285714285714285 0.0 0.14285714285714285 0.2857142857142857 0.0 0.14285714285714285 0.0 0.6521739130434783 0.17391304347826086 0.08695652173913043 0.08695652173913043 0.0 shenyanping 5Сʱ_mousemovements
271.63752124999996 688.7574342 847.2948305 0 321.451874 1919.5851364999999 1719.215698 0 271.92916866666667 998.703869 733.1651435 1545.04810325 0 455.818619 438.51476779999996 439.2091776666667 0.1111111111111111 0.14814814814814814 0.2222222222222222 0.14814814814814814 0.0 0.07407407407407407 0.18518518518518517 0.1111111111111111 213.99184212500003 0 163.39045983333332 0.9361702127659575 0.0 0.06382978723404255 0.4444444444444444 0.18518518518518517 0.14814814814814814 0.0 0.037037037037037035 0.14814814814814814 0.037037037037037035 0.0 0.6746987951807228 0.2289156626506024 0.07228915662650602 0.012048192771084338 0.012048192771084338 shenyanping 5Сʱ_mousemovements
133.92245567567562 415.0254438333333 545.4401143333333 476.3802795 556.860168 401.967163 2317.1649173333335 693.247253 144.73827533333332 276.6352230909091 323.4325887142857 747.7743256 294.0418625 234.87848850000003 156.21443749999997 1047.2654425 0.05555555555555555 0.2037037037037037 0.12962962962962962 0.09259259259259259 0.037037037037037035 0.2222222222222222 0.18518518518518517 0.07407407407407407 80.10359558947368 116.25008928571428 173.63333160000002 0.8962264150943396 0.0330188679245283 0.07075471698113207 0.6851851851851852 0.1111111111111111 0.05555555555555555 0.037037037037037035 0.018518518518518517 0.018518518518518517 0.05555555555555555 0.018518518518518517 0.6276595744680851 0.20212765957446807 0.11170212765957446 0.02127659574468085 0.03723404255319149 shenyanping 5Сʱ_mousemovements
106.48013454545459 325.495945 520.83856225 503.92807000000005 522.152954 841.290527 551.076477 0 67.799858 257.39228585714284 249.9480081428571 510.7911958000001 134.8212045 138.18879700000002 179.5796163846154 258.3311001666667 0.04 0.14 0.14 0.1 0.16 0.04 0.26 0.12 61.63749113333335 134.58988483333334 109.78797061538461 0.8875739644970414 0.03550295857988166 0.07692307692307693 0.66 0.12 0.08 0.08 0.02 0.02 0.02 0.0 0.5771812080536913 0.30201342281879195 0.03355704697986577 0.040268456375838924 0.04697986577181208 shenyanping 5Сʱ_mousemovements
100.47518497777779 413.55192084615396 325.53881333333334 507.07564328571436 0 0 0 0 217.59202439999999 153.51574084615385 543.4186774 131.79595566666669 215.95780116666666 203.73723746666667 213.73125223529414 179.12628166666664 0.06666666666666667 0.17333333333333334 0.13333333333333333 0.04 0.08 0.2 0.22666666666666666 0.08 80.74596459487177 140.2088751818182 62.315728909090915 0.8986175115207373 0.05069124423963134 0.05069124423963134 0.6 0.17333333333333334 0.04 0.18666666666666668 0.0 0.0 0.0 0.0 0.44387755102040816 0.2755102040816326 0.14285714285714285 0.08673469387755102 0.05102040816326531 shenyanping 5Сʱ_mousemovements
43.486833499999996 0 0 0 0 0 0 0 0 96.043991 0 0 43.364555 24.775939 35.9802885 0 0.0 0.16666666666666666 0.0 0.0 0.16666666666666666 0.3333333333333333 0.3333333333333333 0.0 7.287515631578947 26.414213 96.043991 0.9047619047619048 0.047619047619047616 0.047619047619047616 1.0 0.0 0.0 0.0 0.0 0.0 0.0 0.0 0.4444444444444444 0.2777777777777778 0.1111111111111111 0.16666666666666666 0.0 shenyanping 5Сʱ_mousemovements
