155.0206353 254.605774 425.860321 994.7191465000001 1266.3708393333334 1557.520874 1202.422974 0 727.2493946666667 310.5561095 1478.0955425 388.27698525000005 8.72093 446.31847175 1370.267822 294.024109 0.15789473684210525 0.10526315789473684 0.10526315789473684 0.21052631578947367 0.10526315789473684 0.21052631578947367 0.05263157894736842 0.05263157894736842 216.29993517391304 17.44186 270.642743 0.92 0.02 0.06 0.5263157894736842 0.05263157894736842 0.05263157894736842 0.10526315789473684 0.15789473684210525 0.05263157894736842 0.05263157894736842 0.0 0.5813953488372093 0.2558139534883721 0.11627906976744186 0.046511627906976744 0.0 renqiuchen 3Сʱ_mousemovements
0 0 0 0 0 0 0 0 0 0 0 0 0 0 0 0 0 0 0 0 0 0 0 0 0 0 0 0 0 0 0 0 0 0 0 0 0 0 0 0 0 0 0 renqiuchen 3Сʱ_mousemovements
0 0 0 0 0 0 0 0 0 0 0 0 0 0 0 0 0 0 0 0 0 0 0 0 0 0 0 0 0 0 0 0 0 0 0 0 0 0 0 0 0 0 0 renqiuchen 3Сʱ_mousemovements
143.57088781818183 1137.0103353333332 671.5466156666666 1330.8375446666666 0 0 1118.8726805000001 2521.038086 317.0953065 929.80059625 1435.625488 1345.008896 564.6244976666666 605.9565913333333 104.47484333333334 817.0864255 0.08695652173913043 0.17391304347826086 0.043478260869565216 0.08695652173913043 0.13043478260869565 0.2608695652173913 0.13043478260869565 0.08695652173913043 237.108421625 0 116.26154319999998 0.927536231884058 0.0 0.07246376811594203 0.4782608695652174 0.13043478260869565 0.13043478260869565 0.13043478260869565 0.0 0.0 0.08695652173913043 0.043478260869565216 0.5538461538461539 0.2923076923076923 0.12307692307692308 0.015384615384615385 0.015384615384615385 renqiuchen 3Сʱ_mousemovements
194.53082820000006 703.1042450000001 876.3820647499999 1019.3814799999998 1354.6395771666666 1359.4068602 1548.8753659999998 3537.860107 275.4955288461539 972.6272113333333 1500.5335217777779 703.67803 648.1412844285713 550.773875 519.2236691538462 441.21731750000004 0.18055555555555555 0.08333333333333333 0.125 0.1388888888888889 0.09722222222222222 0.08333333333333333 0.18055555555555555 0.1111111111111111 206.83045749065428 0 181.82608171428575 0.9106382978723404 0.0 0.08936170212765958 0.4861111111111111 0.1388888888888889 0.05555555555555555 0.125 0.08333333333333333 0.06944444444444445 0.027777777777777776 0.013888888888888888 0.5560538116591929 0.2914798206278027 0.08520179372197309 0.03587443946188341 0.03139013452914798 renqiuchen 3Сʱ_mousemovements
290.8277808095238 565.4133425 1340.535645 378.9273273333333 0 1278.44519 1157.88623 0 168.75468933333335 366.4317245 565.5461576666667 585.2297421999999 306.8567376 703.2786864999999 425.33897400000006 453.79105599999997 0.09090909090909091 0.12121212121212122 0.09090909090909091 0.15151515151515152 0.15151515151515152 0.06060606060606061 0.12121212121212122 0.21212121212121213 168.975397375 0 179.0961418 0.9411764705882353 0.0 0.058823529411764705 0.6363636363636364 0.18181818181818182 0.030303030303030304 0.09090909090909091 0.0 0.030303030303030304 0.030303030303030304 0.0 0.6103896103896104 0.22077922077922077 0.06493506493506493 0.05194805194805195 0.05194805194805195 renqiuchen 3Сʱ_mousemovements
188.4328232631579 418.482184375 612.83698 599.62834 971.88169125 1179.979304 1590.235229 2225.204102 765.7675917777777 694.3478782857144 276.906227 640.8202755555557 270.5445976666667 488.1558321818182 546.87112425 487.47643274999996 0.17647058823529413 0.13725490196078433 0.0784313725490196 0.17647058823529413 0.058823529411764705 0.21568627450980393 0.0784313725490196 0.0784313725490196 174.29443519594597 258.488899 175.56898866666668 0.896969696969697 0.012121212121212121 0.09090909090909091 0.37254901960784315 0.1568627450980392 0.058823529411764705 0.17647058823529413 0.0784313725490196 0.11764705882352941 0.0196078431372549 0.0196078431372549 0.43356643356643354 0.34265734265734266 0.11888111888111888 0.06293706293706294 0.04195804195804196 renqiuchen 3Сʱ_mousemovements
30.770718499999997 483.192871 0 0 1106.629395 2056.930176 0 1376.287231 0 1106.629395 483.192871 0 30.770718499999997 1376.287231 0 2056.930176 0.0 0.16666666666666666 0.16666666666666666 0.0 0.3333333333333333 0.16666666666666666 0.0 0.16666666666666666 334.86931153333336 0 30.770718499999997 0.8823529411764706 0.0 0.11764705882352941 0.3333333333333333 0.16666666666666666 0.0 0.0 0.16666666666666666 0.16666666666666666 0.0 0.16666666666666666 0.3333333333333333 0.5833333333333334 0.08333333333333333 0.0 0.0 renqiuchen 3Сʱ_mousemovements
205.7676899374999 943.248884 641.3892416666666 0 0 2086.881897 757.952026 0 85.6219704 187.208581 935.7348146 806.287225 255.24431919999998 533.0397846666667 208.300216 538.3466358333334 0.1111111111111111 0.1111111111111111 0.1111111111111111 0.13333333333333333 0.1111111111111111 0.13333333333333333 0.15555555555555556 0.13333333333333333 181.8288631 0 14.005623333333332 0.9734513274336283 0.0 0.02654867256637168 0.7111111111111111 0.15555555555555556 0.06666666666666667 0.0 0.0 0.044444444444444446 0.022222222222222223 0.0 0.5894736842105263 0.22105263157894736 0.09473684210526316 0.031578947368421054 0.06315789473684211 renqiuchen 3Сʱ_mousemovements
245.09357766666665 1004.3949230000002 608.6955463333334 466.149017 987.901733 0 0 1181.063477 1181.063477 459.3000766666667 1760.384033 545.134575 957.490051 315.8582535 194.852743 466.149017 0.06666666666666667 0.2 0.06666666666666667 0.26666666666666666 0.06666666666666667 0.13333333333333333 0.13333333333333333 0.06666666666666667 164.20324028888888 483.571289 214.44599980000004 0.8823529411764706 0.0196078431372549 0.09803921568627451 0.4 0.2 0.2 0.06666666666666667 0.06666666666666667 0.0 0.0 0.06666666666666667 0.6041666666666666 0.20833333333333334 0.14583333333333334 0.041666666666666664 0.0 renqiuchen 3Сʱ_mousemovements
174.2821899285714 394.75830333333334 679.4808822000001 512.1420083333334 0 0 1107.384033 0 394.2972214 91.671582625 265.89702 321.5529221538462 248.83561725 256.78035700000004 473.718811 654.6982364999999 0.11627906976744186 0.18604651162790697 0.11627906976744186 0.3023255813953488 0.09302325581395349 0.046511627906976744 0.046511627906976744 0.09302325581395349 99.46084270312501 0 111.73554820000001 0.9624060150375939 0.0 0.03759398496240601 0.6511627906976745 0.13953488372093023 0.11627906976744186 0.06976744186046512 0.0 0.0 0.023255813953488372 0.0 0.5470085470085471 0.2222222222222222 0.1111111111111111 0.07692307692307693 0.042735042735042736 renqiuchen 3Сʱ_mousemovements
201.04108170588233 309.8331835 312.02253733333333 381.591705 628.6491699999999 1047.9487913333335 1110.1399536666668 504.741638 468.3132095 341.36403399999995 381.47047624999993 607.0601232500001 197.86508149999997 619.6464042499999 374.65980199999996 38.46154 0.18181818181818182 0.18181818181818182 0.12121212121212122 0.12121212121212122 0.06060606060606061 0.12121212121212122 0.18181818181818182 0.030303030303030304 116.70359973 0 255.8402242222222 0.9174311926605505 0.0 0.08256880733944955 0.5151515151515151 0.06060606060606061 0.09090909090909091 0.06060606060606061 0.06060606060606061 0.09090909090909091 0.09090909090909091 0.030303030303030304 0.5625 0.17708333333333334 0.15625 0.10416666666666667 0.0 renqiuchen 3Сʱ_mousemovements
0 0 0 0 0 0 0 0 0 0 0 0 0 0 0 0 0 0 0 0 0 0 0 0 0 0 0 0 0 0 0 0 0 0 0 0 0 0 0 0 0 0 0 renqiuchen 3Сʱ_mousemovements
291.10458766666665 257.0346717142857 841.3784592 1328.82044975 1031.958842 2001.4425760000001 1727.4119466666664 624.858398 1129.5788465714284 621.8187812857142 1190.9870096666666 496.757797 600.26512575 735.8771876874999 363.1083948888889 711.9297546 0.11475409836065574 0.11475409836065574 0.09836065573770492 0.04918032786885246 0.13114754098360656 0.26229508196721313 0.14754098360655737 0.08196721311475409 202.42942678645838 38.627419 269.7340909 0.9014084507042254 0.004694835680751174 0.09389671361502347 0.4426229508196721 0.11475409836065574 0.16393442622950818 0.06557377049180328 0.04918032786885246 0.09836065573770492 0.04918032786885246 0.01639344262295082 0.635 0.24 0.085 0.03 0.01 renqiuchen 3Сʱ_mousemovements
372.59396890909085 357.234711 1052.464478 2422.3021544999997 0 0 0 675.885071 442.14415 713.4259340000001 1033.6892898 210.135897 675.885071 583.982727 0 0 0.1875 0.25 0.3125 0.125 0.0625 0.0625 0.0 0.0 233.2364271627907 63.037083 234.129694 0.8958333333333334 0.020833333333333332 0.08333333333333333 0.6875 0.0625 0.0625 0.125 0.0 0.0 0.0 0.0625 0.5952380952380952 0.2619047619047619 0.11904761904761904 0.023809523809523808 0.0 renqiuchen 3Сʱ_mousemovements
0 0 0 0 0 0 0 0 0 0 0 0 0 0 0 0 0 0 0 0 0 0 0 0 0 0 0 0 0 0 0 0 0 0 0 0 0 0 0 0 0 0 0 renqiuchen 3Сʱ_mousemovements
199.2470395 0 462.850952 1043.345825 0 0 0 0 0 612.2826765000001 462.850952 0 0 0 217.274551 0 0.0 0.5 0.25 0.0 0.0 0.0 0.25 0.0 158.724238 0 0 1.0 0.0 0.0 0.5 0.0 0.25 0.25 0.0 0.0 0.0 0.0 0.3 0.4 0.2 0.0 0.1 renqiuchen 3Сʱ_mousemovements
0 0 0 0 0 0 0 0 0 0 0 0 0 0 0 0 0 0 0 0 0 0 0 0 0 0 0 0 0 0 0 0 0 0 0 0 0 0 0 0 0 0 0 renqiuchen 3Сʱ_mousemovements
