165.055744 0 578.008423 0 0 0 0 0 153.664175 0 0 578.008423 0 0 0 187.838882 0.5 0.0 0.0 0.25 0.0 0.0 0.0 0.25 39.618846576923076 0 43.085644 0.9629629629629629 0.0 0.037037037037037035 0.75 0.0 0.25 0.0 0.0 0.0 0.0 0.0 0.5909090909090909 0.22727272727272727 0.13636363636363635 0.045454545454545456 0.0 liyajie 2Сʱ_mousemovements
117.35400805555557 0 496.840027 0 0 645.170532 0 0 168.02838500000004 184.661957 0 645.170532 132.12926712499998 30.727272 129.862839 0 0.35 0.05 0.0 0.05 0.4 0.1 0.05 0.0 70.74745008695653 0 0 1.0 0.0 0.0 0.9 0.0 0.05 0.0 0.0 0.05 0.0 0.0 0.5454545454545454 0.2727272727272727 0.11363636363636363 0.045454545454545456 0.022727272727272728 liyajie 2Сʱ_mousemovements
62.7921964 357.044586 0 0 0 0 0 0 101.812912 15.873015 0 0 87.4992295 357.044586 0 21.276596 0.16666666666666666 0.16666666666666666 0.0 0.0 0.3333333333333333 0.16666666666666666 0.0 0.16666666666666666 37.278087111111105 0 0 1.0 0.0 0.0 0.8333333333333334 0.16666666666666666 0.0 0.0 0.0 0.0 0.0 0.0 0.6428571428571429 0.21428571428571427 0.14285714285714285 0.0 0.0 liyajie 2Сʱ_mousemovements
146.43464645454543 0 0 0 0 0 0 0 123.369644 91.296423 441.79126 92.398804 0 0 250.0 0 0.2727272727272727 0.45454545454545453 0.09090909090909091 0.09090909090909091 0.0 0.0 0.09090909090909091 0.0 57.52789682142856 0 0 1.0 0.0 0.0 1.0 0.0 0.0 0.0 0.0 0.0 0.0 0.0 0.6956521739130435 0.13043478260869565 0.043478260869565216 0.08695652173913043 0.043478260869565216 liyajie 2Сʱ_mousemovements
326.751648 0 0 0 0 0 0 0 0 0 326.751648 0 0 0 0 0 0.0 0.0 1.0 0.0 0.0 0.0 0.0 0.0 163.375824 0 0 1.0 0.0 0.0 1.0 0.0 0.0 0.0 0.0 0.0 0.0 0.0 0.0 1.0 0.0 0.0 0.0 liyajie 2Сʱ_mousemovements
84.60355213333332 0 1069.204956 0 0 0 0 0 0 0 323.9726925 42.0319988 35.30219757142857 163.83252 0 1069.204956 0.0 0.0 0.125 0.3125 0.4375 0.0625 0.0 0.0625 44.89943415686275 48.387096 0 0.9807692307692307 0.019230769230769232 0.0 0.9375 0.0 0.0625 0.0 0.0 0.0 0.0 0.0 0.7555555555555555 0.15555555555555556 0.044444444444444446 0.044444444444444446 0.0 liyajie 2Сʱ_mousemovements
49.655718923076925 0 0 0 0 0 0 0 0 0 0 300.432007 23.9444553 25.641026 0 80.00676 0.0 0.0 0.0 0.07692307692307693 0.7692307692307693 0.07692307692307693 0.0 0.07692307692307693 11.527220464285715 0 0 1.0 0.0 0.0 1.0 0.0 0.0 0.0 0.0 0.0 0.0 0.0 0.7021276595744681 0.1276595744680851 0.06382978723404255 0.10638297872340426 0.0 liyajie 2Сʱ_mousemovements
0 0 0 0 0 0 0 0 0 0 0 0 0 0 0 0 0 0 0 0 0 0 0 0 0 0 0 0 0 0 0 0 0 0 0 0 0 0 0 0 0 0 0 liyajie 2Сʱ_mousemovements
51.75142099999999 0 0 0 0 0 586.749512 0 0 0 0 0 51.75142099999999 0 586.749512 0 0.0 0.0 0.0 0.0 0.75 0.0 0.25 0.0 74.2003775 0 0 1.0 0.0 0.0 0.75 0.0 0.0 0.0 0.0 0.0 0.25 0.0 0.2857142857142857 0.42857142857142855 0.14285714285714285 0.0 0.14285714285714285 liyajie 2Сʱ_mousemovements
48.645077 0 0 0 0 0 0 0 0 0 0 0 48.645077 0 0 0 0.0 0.0 0.0 0.0 1.0 0.0 0.0 0.0 12.16126925 0 0 1.0 0.0 0.0 1.0 0.0 0.0 0.0 0.0 0.0 0.0 0.0 0.8 0.0 0.2 0.0 0.0 liyajie 2Сʱ_mousemovements
116.622063 0 0 0 0 0 0 0 0 0 0 116.622063 0 0 0 0 0.0 0.0 0.0 1.0 0.0 0.0 0.0 0.0 29.15551575 0 0 1.0 0.0 0.0 1.0 0.0 0.0 0.0 0.0 0.0 0.0 0.0 1.0 0.0 0.0 0.0 0.0 liyajie 2Сʱ_mousemovements
268.8659666666667 0 288.994324 0 461.807251 0 0 1096.327881 461.807251 1096.327881 426.805267 0 189.8963165 288.994324 0 0 0.16666666666666666 0.16666666666666666 0.16666666666666666 0.0 0.3333333333333333 0.16666666666666666 0.0 0.0 219.1920105 0 461.807251 0.9090909090909091 0.0 0.09090909090909091 0.5 0.0 0.16666666666666666 0.0 0.16666666666666666 0.0 0.0 0.16666666666666666 0.375 0.25 0.0 0.375 0.0 liyajie 2Сʱ_mousemovements
105.82709985714288 183.4080406666667 244.77142699999996 217.38089 0 0 0 381.751801 187.341248 185.838193 186.010178 67.340065 122.47969879999998 142.64894616666666 192.592945 187.313705 0.043478260869565216 0.17391304347826086 0.043478260869565216 0.043478260869565216 0.21739130434782608 0.2608695652173913 0.17391304347826086 0.043478260869565216 64.464677125 0 0 1.0 0.0 0.0 0.6086956521739131 0.13043478260869565 0.17391304347826086 0.043478260869565216 0.0 0.0 0.0 0.043478260869565216 0.48936170212765956 0.2978723404255319 0.0851063829787234 0.10638297872340426 0.02127659574468085 liyajie 2Сʱ_mousemovements
32.5598524736842 211.134262 0 0 0 0 0 0 0 0 0 0 8.064516 51.5706361 18.634466500000002 43.444522166666665 0.0 0.0 0.0 0.0 0.1 0.5 0.1 0.3 15.366138129629629 0 0 1.0 0.0 0.0 0.95 0.05 0.0 0.0 0.0 0.0 0.0 0.0 0.6458333333333334 0.1875 0.125 0.041666666666666664 0.0 liyajie 2Сʱ_mousemovements
28.7580461 0 0 0 0 0 0 0 0 0 0 0 32.258064 26.997913833333328 31.111638 0 0.0 0.0 0.0 0.0 0.1 0.6 0.3 0.0 5.135365375 0 0 1.0 0.0 0.0 1.0 0.0 0.0 0.0 0.0 0.0 0.0 0.0 0.7115384615384616 0.21153846153846154 0.038461538461538464 0.019230769230769232 0.019230769230769232 liyajie 2Сʱ_mousemovements
0 0 0 0 0 0 0 0 0 0 0 0 0 0 0 0 0 0 0 0 0 0 0 0 0 0 0 0 0 0 0 0 0 0 0 0 0 0 0 0 0 0 0 liyajie 2Сʱ_mousemovements
0 0 0 0 0 0 0 0 0 0 0 0 0 0 0 0 0 0 0 0 0 0 0 0 0 0 0 0 0 0 0 0 0 0 0 0 0 0 0 0 0 0 0 liyajie 2Сʱ_mousemovements
0 0 0 0 0 0 0 0 0 0 0 0 0 0 0 0 0 0 0 0 0 0 0 0 0 0 0 0 0 0 0 0 0 0 0 0 0 0 0 0 0 0 0 liyajie 2Сʱ_mousemovements
0 0 0 0 0 0 0 0 0 0 0 0 0 0 0 0 0 0 0 0 0 0 0 0 0 0 0 0 0 0 0 0 0 0 0 0 0 0 0 0 0 0 0 liyajie 2Сʱ_mousemovements
0 0 0 0 0 0 0 0 0 0 0 0 0 0 0 0 0 0 0 0 0 0 0 0 0 0 0 0 0 0 0 0 0 0 0 0 0 0 0 0 0 0 0 liyajie 2Сʱ_mousemovements
164.7845898888889 314.457092 554.9414445 402.30575550000003 131.189026 0 1610.1643980000001 0 209.1629383333333 192.58018733333333 131.189026 314.457092 206.927254 645.562515 1332.0003815 199.056156 0.17647058823529413 0.17647058823529413 0.058823529411764705 0.058823529411764705 0.11764705882352941 0.17647058823529413 0.11764705882352941 0.11764705882352941 158.10303569230766 32.258064 173.05083340000002 0.8666666666666667 0.022222222222222223 0.1111111111111111 0.5294117647058824 0.058823529411764705 0.11764705882352941 0.11764705882352941 0.058823529411764705 0.0 0.11764705882352941 0.0 0.5121951219512195 0.2926829268292683 0.04878048780487805 0.0975609756097561 0.04878048780487805 liyajie 2Сʱ_mousemovements
70.11622775000002 223.48711633333335 730.600418 767.634521 309.032074 0 0 0 236.64505050000002 549.3067625 343.75 168.21466750000002 74.138728125 173.18758780000002 117.9987521 0.0 0.06451612903225806 0.06451612903225806 0.03225806451612903 0.06451612903225806 0.25806451612903225 0.16129032258064516 0.3225806451612903 0.03225806451612903 43.62199279347825 58.311031 204.8959695 0.9484536082474226 0.010309278350515464 0.041237113402061855 0.7741935483870968 0.0967741935483871 0.06451612903225806 0.03225806451612903 0.03225806451612903 0.0 0.0 0.0 0.6404494382022472 0.20224719101123595 0.06741573033707865 0.06741573033707865 0.02247191011235955 liyajie 2Сʱ_mousemovements
48.5655476 0 0 0 0 0 0 0 0 0 0 0 42.998638 0 52.27682066666667 0 0.0 0.0 0.0 0.0 0.4 0.0 0.6 0.0 13.49042988888889 0 0 1.0 0.0 0.0 1.0 0.0 0.0 0.0 0.0 0.0 0.0 0.0 0.6428571428571429 0.21428571428571427 0.14285714285714285 0.0 0.0 liyajie 2Сʱ_mousemovements
88.6124518235294 0 354.805634 602.169861 708.84758 594.255005 0 0 56.0 63.829788 423.228653 342.4940646666667 149.58639725 0 213.25461499999997 161.2782575 0.045454545454545456 0.045454545454545456 0.09090909090909091 0.13636363636363635 0.36363636363636365 0.0 0.13636363636363635 0.18181818181818182 85.23496657777778 18.796992 602.169861 0.9375 0.041666666666666664 0.020833333333333332 0.7727272727272727 0.0 0.045454545454545456 0.045454545454545456 0.09090909090909091 0.045454545454545456 0.0 0.0 0.4888888888888889 0.24444444444444444 0.13333333333333333 0.044444444444444446 0.08888888888888889 liyajie 2Сʱ_mousemovements
58.901059086956536 90.513268 335.7115175 808.2254335 0 0 0 0 86.97181916666666 42.3108085 0 129.57018566666667 206.08546075 559.2418825 20.632238333333333 140.99572075 0.21428571428571427 0.21428571428571427 0.0 0.10714285714285714 0.14285714285714285 0.07142857142857142 0.10714285714285714 0.14285714285714285 39.05858788607595 10.638298 636.844788 0.9753086419753086 0.012345679012345678 0.012345679012345678 0.8214285714285714 0.03571428571428571 0.07142857142857142 0.07142857142857142 0.0 0.0 0.0 0.0 0.5675675675675675 0.32432432432432434 0.06756756756756757 0.02702702702702703 0.013513513513513514 liyajie 2Сʱ_mousemovements
157.20898496153842 0 0 0 0 0 0 0 88.0 66.666664 1788.847168 0 170.1562332 83.803566 52.97150809090909 104.44140933333335 0.038461538461538464 0.038461538461538464 0.038461538461538464 0.0 0.19230769230769232 0.038461538461538464 0.4230769230769231 0.23076923076923078 55.99224121917807 0 0 1.0 0.0 0.0 1.0 0.0 0.0 0.0 0.0 0.0 0.0 0.0 0.6865671641791045 0.208955223880597 0.07462686567164178 0.0 0.029850746268656716 liyajie 2Сʱ_mousemovements
59.50854255 0 0 0 909.413818 0 0 0 0 65.325974 0 634.8613735 32.258064 35.257591 47.61198772727273 0 0.0 0.047619047619047616 0.0 0.09523809523809523 0.09523809523809523 0.23809523809523808 0.5238095238095238 0.0 17.043104196969697 0 487.369896 0.9705882352941176 0.0 0.029411764705882353 0.9523809523809523 0.0 0.0 0.0 0.047619047619047616 0.0 0.0 0.0 0.6557377049180327 0.19672131147540983 0.11475409836065574 0.0 0.03278688524590164 liyajie 2Сʱ_mousemovements
91.90372060000001 432.98414920000005 314.281097 507.103546 622.762634 0 972.031738 0 211.73817075 37.6602565 861.354492 429.97731 417.7642975 103.0613405 267.66124399999995 314.281097 0.21052631578947367 0.10526315789473684 0.05263157894736842 0.15789473684210525 0.10526315789473684 0.10526315789473684 0.21052631578947367 0.05263157894736842 68.34954280701754 568.886169 258.8317145 0.9193548387096774 0.016129032258064516 0.06451612903225806 0.5263157894736842 0.2631578947368421 0.05263157894736842 0.05263157894736842 0.05263157894736842 0.0 0.05263157894736842 0.0 0.6271186440677966 0.13559322033898305 0.0847457627118644 0.1016949152542373 0.05084745762711865 liyajie 2Сʱ_mousemovements
0 0 0 0 0 0 0 0 0 0 0 0 0 0 0 0 0 0 0 0 0 0 0 0 0 0 0 0 0 0 0 0 0 0 0 0 0 0 0 0 0 0 0 liyajie 2Сʱ_mousemovements
100.917435 0 0 0 843.911743 0 0 0 0 0 0 0 0 100.917435 843.911743 0 0.0 0.0 0.0 0.0 0.0 0.5 0.5 0.0 12.614679375 0 843.911743 0.8888888888888888 0.0 0.1111111111111111 0.5 0.0 0.0 0.0 0.5 0.0 0.0 0.0 0.8571428571428571 0.0 0.14285714285714285 0.0 0.0 liyajie 2Сʱ_mousemovements
0 0 0 0 0 0 0 0 0 0 0 0 0 0 0 0 0 0 0 0 0 0 0 0 0 0 0 0 0 0 0 0 0 0 0 0 0 0 0 0 0 0 0 liyajie 2Сʱ_mousemovements
45.3080055 0 314.8172 0 0 0 0 0 0 0 0 0 45.3080055 0 0 314.8172 0.0 0.0 0.0 0.0 0.6666666666666666 0.0 0.0 0.3333333333333333 6.970462384615384 0 314.8172 0.9285714285714286 0.0 0.07142857142857142 0.6666666666666666 0.0 0.3333333333333333 0.0 0.0 0.0 0.0 0.0 0.8333333333333334 0.08333333333333333 0.0 0.0 0.08333333333333333 liyajie 2Сʱ_mousemovements
0 0 0 0 0 0 0 0 0 0 0 0 0 0 0 0 0 0 0 0 0 0 0 0 0 0 0 0 0 0 0 0 0 0 0 0 0 0 0 0 0 0 0 liyajie 2Сʱ_mousemovements
210.5859395 0 0 613.032959 684.823425 0 0 0 0 496.448425 613.032959 145.37674 0 89.407478 684.823425 111.111115 0.0 0.16666666666666666 0.16666666666666666 0.16666666666666666 0.0 0.16666666666666666 0.16666666666666666 0.16666666666666666 76.59877457894737 0 684.823425 0.95 0.0 0.05 0.6666666666666666 0.0 0.0 0.16666666666666666 0.16666666666666666 0.0 0.0 0.0 0.5294117647058824 0.17647058823529413 0.23529411764705882 0.0 0.058823529411764705 liyajie 2Сʱ_mousemovements
124.61056590000001 270.758759 314.922058 489.103119 431.098297 789.529785 0 0 452.7261046666667 226.608582 717.230774 403.2523195 74.98284366666667 83.24454 261.856941 312.442596 0.17647058823529413 0.11764705882352941 0.058823529411764705 0.11764705882352941 0.17647058823529413 0.17647058823529413 0.11764705882352941 0.058823529411764705 58.610755086956516 0 389.97495719999995 0.9019607843137255 0.0 0.09803921568627451 0.5882352941176471 0.058823529411764705 0.11764705882352941 0.058823529411764705 0.058823529411764705 0.11764705882352941 0.0 0.0 0.6 0.15555555555555556 0.06666666666666667 0.15555555555555556 0.022222222222222223 liyajie 2Сʱ_mousemovements
51.484278200000006 0 0 0 0 0 0 0 0 0 0 0 18.5319765 64.516129 43.1834696 98.67267600000001 0.0 0.0 0.0 0.0 0.2 0.1 0.5 0.2 15.142434764705884 0 0 1.0 0.0 0.0 1.0 0.0 0.0 0.0 0.0 0.0 0.0 0.0 0.84 0.08 0.04 0.04 0.0 liyajie 2Сʱ_mousemovements
79.21877826666666 0 0 0 0 0 0 0 0 465.667023 0 0 51.97340585714286 26.1667412 27.522936 200.444168 0.0 0.06666666666666667 0.0 0.0 0.4666666666666667 0.3333333333333333 0.06666666666666667 0.06666666666666667 28.292420809523804 0 0 1.0 0.0 0.0 1.0 0.0 0.0 0.0 0.0 0.0 0.0 0.0 0.7777777777777778 0.1388888888888889 0.05555555555555555 0.027777777777777776 0.0 liyajie 2Сʱ_mousemovements
43.144135266666666 220.993668 0 0 0 0 374.489746 0 0 0 0 220.993668 52.258388 34.5092905 34.73953279999999 178.79386399999999 0.0 0.0 0.0 0.058823529411764705 0.11764705882352941 0.35294117647058826 0.29411764705882354 0.17647058823529413 20.433035500000003 0 220.993668 0.9803921568627451 0.0 0.0196078431372549 0.8823529411764706 0.058823529411764705 0.0 0.0 0.0 0.0 0.058823529411764705 0.0 0.5952380952380952 0.30952380952380953 0.07142857142857142 0.0 0.023809523809523808 liyajie 2Сʱ_mousemovements
96.59164891666666 376.7756425 0 0 0 0 0 0 366.8312875 0 260.2816045 130.807266 67.073608 0 21.73913 36.363636 0.14285714285714285 0.0 0.14285714285714285 0.07142857142857142 0.5 0.0 0.07142857142857142 0.07142857142857142 46.21808571794872 110.145729 0 0.975 0.025 0.0 0.8571428571428571 0.14285714285714285 0.0 0.0 0.0 0.0 0.0 0.0 0.71875 0.15625 0.0 0.09375 0.03125 liyajie 2Сʱ_mousemovements
141.50103028571428 145.6847168 0 0 0 688.822205 0 0 0 142.71510325 136.150294 0 0 353.42159033333337 175.5020295 28.368793 0.0 0.4 0.3 0.0 0.0 0.15 0.1 0.05 35.10512725925926 119.6003285 136.44517825 0.8181818181818182 0.12121212121212122 0.06060606060606061 0.7 0.25 0.0 0.0 0.0 0.05 0.0 0.0 0.59375 0.28125 0.015625 0.046875 0.0625 liyajie 2Сʱ_mousemovements
0 0 0 0 0 0 0 0 0 0 0 0 0 0 0 0 0 0 0 0 0 0 0 0 0 0 0 0 0 0 0 0 0 0 0 0 0 0 0 0 0 0 0 liyajie 2Сʱ_mousemovements
0 0 0 0 0 0 0 0 0 0 0 0 0 0 0 0 0 0 0 0 0 0 0 0 0 0 0 0 0 0 0 0 0 0 0 0 0 0 0 0 0 0 0 liyajie 2Сʱ_mousemovements
0 0 0 0 0 0 0 0 0 0 0 0 0 0 0 0 0 0 0 0 0 0 0 0 0 0 0 0 0 0 0 0 0 0 0 0 0 0 0 0 0 0 0 liyajie 2Сʱ_mousemovements
0 0 0 0 0 0 0 0 0 0 0 0 0 0 0 0 0 0 0 0 0 0 0 0 0 0 0 0 0 0 0 0 0 0 0 0 0 0 0 0 0 0 0 liyajie 2Сʱ_mousemovements
0 0 0 0 0 0 0 0 0 0 0 0 0 0 0 0 0 0 0 0 0 0 0 0 0 0 0 0 0 0 0 0 0 0 0 0 0 0 0 0 0 0 0 liyajie 2Сʱ_mousemovements
61.22827100000001 86.80275 0 0 0 0 0 0 0 0 133.558945 0 72.55689050000001 61.62997066666666 25.316455 0 0.0 0.0 0.09090909090909091 0.0 0.18181818181818182 0.5454545454545454 0.18181818181818182 0.0 30.395020000000006 0 0 1.0 0.0 0.0 0.9090909090909091 0.09090909090909091 0.0 0.0 0.0 0.0 0.0 0.0 0.6842105263157895 0.15789473684210525 0.05263157894736842 0.05263157894736842 0.05263157894736842 liyajie 2Сʱ_mousemovements
63.18337913333334 0 0 0 0 0 0 0 0 15.873015 0 36.062279 87.73623500000001 56.5641972 61.629653 103.26709 0.0 0.06666666666666667 0.0 0.06666666666666667 0.2 0.3333333333333333 0.26666666666666666 0.06666666666666667 26.326407972222224 0 0 1.0 0.0 0.0 1.0 0.0 0.0 0.0 0.0 0.0 0.0 0.0 0.5172413793103449 0.2413793103448276 0.13793103448275862 0.034482758620689655 0.06896551724137931 liyajie 2Сʱ_mousemovements
105.99894116666667 0 0 0 0 0 0 0 0 189.550293 0 0 0 182.597961 65.96134825 0 0.0 0.16666666666666666 0.0 0.0 0.0 0.16666666666666666 0.6666666666666666 0.0 25.43974588 0 0 1.0 0.0 0.0 1.0 0.0 0.0 0.0 0.0 0.0 0.0 0.0 0.47368421052631576 0.3684210526315789 0.10526315789473684 0.0 0.05263157894736842 liyajie 2Сʱ_mousemovements
78.24062508333334 0 425.755737 0 483.454712 0 0 0 116.78318000000002 0 0 0 262.50584166666664 284.52390299999996 0 23.9812966 0.23076923076923078 0.0 0.0 0.0 0.23076923076923078 0.15384615384615385 0.0 0.38461538461538464 29.151004473684214 18.5748055 140.64203379999998 0.8444444444444444 0.044444444444444446 0.1111111111111111 0.8571428571428571 0.0 0.07142857142857142 0.0 0.07142857142857142 0.0 0.0 0.0 0.6341463414634146 0.2682926829268293 0.04878048780487805 0.0 0.04878048780487805 liyajie 2Сʱ_mousemovements
61.216906300000005 180.299667 376.447632 0 779.9464109999999 1096.177124 0 0 81.2935945 0 1186.7473755 0 66.666664 145.993345 178.86752275 278.3736495 0.125 0.0 0.125 0.0 0.0625 0.3125 0.25 0.125 98.51962213513512 25.641026 311.35522466666663 0.9024390243902439 0.024390243902439025 0.07317073170731707 0.625 0.0625 0.0625 0.0 0.1875 0.0625 0.0 0.0 0.5384615384615384 0.10256410256410256 0.28205128205128205 0.0 0.07692307692307693 liyajie 2Сʱ_mousemovements
0 0 0 0 0 0 0 0 0 0 0 0 0 0 0 0 0 0 0 0 0 0 0 0 0 0 0 0 0 0 0 0 0 0 0 0 0 0 0 0 0 0 0 liyajie 2Сʱ_mousemovements
45.576039300000005 423.532928 861.625229 0 599.351685 0 897.850281 0 897.850281 649.6580280000001 0 113.12851433333333 71.83498446153847 302.015936 12.638298 227.895496 0.04 0.08 0.0 0.12 0.52 0.08 0.08 0.08 65.89602827536233 0 4.3400935 0.971830985915493 0.0 0.028169014084507043 0.8 0.04 0.08 0.0 0.04 0.0 0.04 0.0 0.5373134328358209 0.3283582089552239 0.07462686567164178 0.05970149253731343 0.0 liyajie 2Сʱ_mousemovements
65.9466895 386.474548 235.626984 440.939941 441.221985 419.329742 972.866028 0 0 0 707.0440065 0 214.73091300000002 149.4703465 233.36195924999998 108.100498 0.0 0.0 0.16666666666666666 0.0 0.16666666666666666 0.16666666666666666 0.3333333333333333 0.16666666666666666 28.829214951219512 225.93014150000002 414.57031725 0.8723404255319149 0.0425531914893617 0.0851063829787234 0.5 0.08333333333333333 0.08333333333333333 0.08333333333333333 0.08333333333333333 0.08333333333333333 0.08333333333333333 0.0 0.6190476190476191 0.14285714285714285 0.09523809523809523 0.11904761904761904 0.023809523809523808 liyajie 2Сʱ_mousemovements
94.1039812142857 287.88352199999997 272.187317 438.12828566666667 943.4460755 394.3080443333333 694.61084 0 383.140579 38.46154 633.1421665 657.0334164999999 373.941406 298.652252 150.231993875 199.3516102222222 0.14285714285714285 0.03571428571428571 0.07142857142857142 0.07142857142857142 0.03571428571428571 0.03571428571428571 0.2857142857142857 0.32142857142857145 58.214023917808234 113.68745050000001 417.8738095 0.8795180722891566 0.024096385542168676 0.0963855421686747 0.5 0.14285714285714285 0.03571428571428571 0.10714285714285714 0.07142857142857142 0.10714285714285714 0.03571428571428571 0.0 0.5641025641025641 0.2564102564102564 0.038461538461538464 0.038461538461538464 0.10256410256410256 liyajie 2Сʱ_mousemovements
195.7982867 218.85444274999998 384.0706116 689.6041663333334 607.6982320000001 670.558411 0 587.7631835 283.9434015 93.2393125 356.3198243333333 394.62776399999996 438.89151633333336 48.387096 195.26451674999998 626.6511180000001 0.07142857142857142 0.07142857142857142 0.10714285714285714 0.25 0.10714285714285714 0.03571428571428571 0.14285714285714285 0.21428571428571427 95.4527643382353 70.59836033333333 344.4693284545455 0.8292682926829268 0.036585365853658534 0.13414634146341464 0.35714285714285715 0.14285714285714285 0.17857142857142858 0.10714285714285714 0.10714285714285714 0.03571428571428571 0.0 0.07142857142857142 0.64 0.18666666666666668 0.06666666666666667 0.08 0.02666666666666667 liyajie 2Сʱ_mousemovements
104.87932207692309 594.709961 467.5932465 534.9269613333333 586.3438415 848.110535 0 0 67.319317 597.304871 197.5824538 309.60639879999997 106.38298 0 660.7225546666667 342.60989900000004 0.18181818181818182 0.045454545454545456 0.22727272727272727 0.22727272727272727 0.045454545454545456 0.0 0.13636363636363635 0.13636363636363635 92.89020317543857 11.126297 200.31876133333336 0.8769230769230769 0.03076923076923077 0.09230769230769231 0.5909090909090909 0.045454545454545456 0.09090909090909091 0.13636363636363635 0.09090909090909091 0.045454545454545456 0.0 0.0 0.6 0.16666666666666666 0.08333333333333333 0.11666666666666667 0.03333333333333333 liyajie 2Сʱ_mousemovements
78.15756869230769 188.27867116666664 476.19833366666666 375.766922 492.68191499999995 0 0 0 236.58719324999998 217.1894375 328.92007966666665 226.841543 196.1355954 292.62867466666665 137.17371599999998 150.55887 0.14814814814814814 0.07407407407407407 0.1111111111111111 0.07407407407407407 0.18518518518518517 0.1111111111111111 0.2222222222222222 0.07407407407407407 40.186063000000004 9.649848333333333 194.34319121428575 0.8172043010752689 0.03225806451612903 0.15053763440860216 0.48148148148148145 0.2222222222222222 0.1111111111111111 0.07407407407407407 0.1111111111111111 0.0 0.0 0.0 0.5517241379310345 0.19540229885057472 0.10344827586206896 0.10344827586206896 0.04597701149425287 liyajie 2Сʱ_mousemovements
164.55405500000003 156.143127 0 0 408.633705 0 0 0 102.07126650000001 373.14716699999997 572.059021 52.23234 129.032257 190.627411 27.295285999999997 36.0 0.14285714285714285 0.2857142857142857 0.07142857142857142 0.14285714285714285 0.07142857142857142 0.07142857142857142 0.14285714285714285 0.07142857142857142 56.39192626829268 0 157.14538833333333 0.9318181818181818 0.0 0.06818181818181818 0.7857142857142857 0.07142857142857142 0.0 0.0 0.14285714285714285 0.0 0.0 0.0 0.7027027027027027 0.13513513513513514 0.08108108108108109 0.05405405405405406 0.02702702702702703 liyajie 2Сʱ_mousemovements
62.93742857894736 228.15326220000003 0 416.63031 765.2323604999999 0 646.926117 1147.504883 845.82251 292.1876506666667 375.014839 235.683413 172.070862 436.5615752 39.2999925 35.210189 0.03225806451612903 0.0967741935483871 0.16129032258064516 0.0967741935483871 0.03225806451612903 0.16129032258064516 0.1935483870967742 0.22580645161290322 49.74011727472529 27.690862666666664 281.359628 0.883495145631068 0.02912621359223301 0.08737864077669903 0.6129032258064516 0.16129032258064516 0.0 0.06451612903225806 0.06451612903225806 0.0 0.06451612903225806 0.03225806451612903 0.6597938144329897 0.20618556701030927 0.041237113402061855 0.041237113402061855 0.05154639175257732 liyajie 2Сʱ_mousemovements
62.5 0 0 0 531.025085 0 0 0 0 0 0 531.025085 0 0 0 62.5 0.0 0.0 0.0 0.5 0.0 0.0 0.0 0.5 31.25 0 531.025085 0.6666666666666666 0.0 0.3333333333333333 0.5 0.0 0.0 0.0 0.5 0.0 0.0 0.0 0.5 0.0 0.0 0.0 0.5 liyajie 2Сʱ_mousemovements
106.37446545 226.2502215 257.162277 0 328.735504 623.646118 841.151489 970.016113 572.2309685 232.99849125 0 501.15462475000004 70.6360375 82.019684 132.7085452222222 482.28637100000003 0.06896551724137931 0.13793103448275862 0.0 0.13793103448275862 0.20689655172413793 0.06896551724137931 0.3103448275862069 0.06896551724137931 40.98698008108108 94.34530133333334 390.20080144444444 0.8604651162790697 0.03488372093023256 0.10465116279069768 0.6896551724137931 0.06896551724137931 0.06896551724137931 0.0 0.034482758620689655 0.034482758620689655 0.034482758620689655 0.06896551724137931 0.7341772151898734 0.08860759493670886 0.0379746835443038 0.06329113924050633 0.0759493670886076 liyajie 2Сʱ_mousemovements
96.83107552380955 128.4563065 262.0768483333333 0 499.771637 311.036514 0 1217.8062745000002 96.39648799999999 131.74448766666666 577.6079255000001 499.771637 213.4060745 251.824978 21.858441625 307.90253075000004 0.06451612903225806 0.1935483870967742 0.12903225806451613 0.03225806451612903 0.06451612903225806 0.12903225806451613 0.25806451612903225 0.12903225806451613 58.057292683544304 50.4069395 461.4747695 0.9080459770114943 0.04597701149425287 0.04597701149425287 0.6774193548387096 0.06451612903225806 0.0967741935483871 0.0 0.03225806451612903 0.06451612903225806 0.0 0.06451612903225806 0.6172839506172839 0.2345679012345679 0.037037037037037035 0.037037037037037035 0.07407407407407407 liyajie 2Сʱ_mousemovements
81.332269 0 0 0 0 0 0 0 223.259155 64.516129 0 0 0 0 42.553192 66.9436575 0.1111111111111111 0.1111111111111111 0.0 0.0 0.0 0.0 0.1111111111111111 0.6666666666666666 24.399680699999998 0 0 1.0 0.0 0.0 1.0 0.0 0.0 0.0 0.0 0.0 0.0 0.0 0.8636363636363636 0.09090909090909091 0.0 0.0 0.045454545454545456 liyajie 2Сʱ_mousemovements
0 0 0 0 0 0 0 0 0 0 0 0 0 0 0 0 0 0 0 0 0 0 0 0 0 0 0 0 0 0 0 0 0 0 0 0 0 0 0 0 0 0 0 liyajie 2Сʱ_mousemovements
0 0 0 0 0 0 0 0 0 0 0 0 0 0 0 0 0 0 0 0 0 0 0 0 0 0 0 0 0 0 0 0 0 0 0 0 0 0 0 0 0 0 0 liyajie 2Сʱ_mousemovements
30.487865166666666 0 0 0 0 0 0 0 0 0 0 0 32.19903633333333 40.2580645 5.813953 0 0.0 0.0 0.0 0.0 0.5 0.3333333333333333 0.16666666666666666 0.0 6.097573033333333 0 0 1.0 0.0 0.0 1.0 0.0 0.0 0.0 0.0 0.0 0.0 0.0 0.6666666666666666 0.2222222222222222 0.1111111111111111 0.0 0.0 liyajie 2Сʱ_mousemovements
49.98099192307692 0 394.1874493333333 355.7900165 0 348.22332775 0 0 257.42251225 357.198151 524.800049 186.723145 92.93834 264.141589 83.03724657142857 0 0.18181818181818182 0.045454545454545456 0.045454545454545456 0.045454545454545456 0.22727272727272727 0.13636363636363635 0.3181818181818182 0.0 41.407085377358484 128.08527233333334 271.591449 0.8688524590163934 0.04918032786885246 0.08196721311475409 0.5909090909090909 0.0 0.13636363636363635 0.09090909090909091 0.0 0.18181818181818182 0.0 0.0 0.62 0.22 0.1 0.04 0.02 liyajie 2Сʱ_mousemovements
49.68576188888889 151.874115 180.536743 408.144409 364.2466925 0 0 0 166.20542899999998 136.109696 0 0 131.494913 139.47743325 61.140925 772.771484 0.125 0.125 0.0 0.0 0.25 0.25 0.1875 0.0625 29.160682054545454 220.283661 200.10301966666665 0.9166666666666666 0.03333333333333333 0.05 0.5625 0.0625 0.0625 0.0625 0.25 0.0 0.0 0.0 0.6666666666666666 0.17647058823529413 0.0784313725490196 0.058823529411764705 0.0196078431372549 liyajie 2Сʱ_mousemovements
55.90581285 216.732895 0 356.704346 0 0 1149.742432 0 339.401367 107.73183533333334 31.794466 227.04883949999999 94.13230333333333 90.05685174999999 253.15776639999999 73.78568659999999 0.037037037037037035 0.1111111111111111 0.037037037037037035 0.07407407407407407 0.2222222222222222 0.14814814814814814 0.18518518518518517 0.18518518518518517 32.37725255696202 22.3677035 110.56891509999998 0.8681318681318682 0.02197802197802198 0.10989010989010989 0.7407407407407407 0.18518518518518517 0.0 0.037037037037037035 0.0 0.0 0.037037037037037035 0.0 0.5862068965517241 0.16091954022988506 0.14942528735632185 0.05747126436781609 0.04597701149425287 liyajie 2Сʱ_mousemovements
40.56580192857143 0 402.84699499999994 311.40315250000003 0 0 0 0 0 416.636612 236.5810315 35.686459 36.651086 178.808076 38.373185 0.0 0.0 0.10526315789473684 0.10526315789473684 0.05263157894736842 0.10526315789473684 0.21052631578947367 0.3684210526315789 0.05263157894736842 32.71828408571429 24.43405733333333 17.8432295 0.9333333333333333 0.04 0.02666666666666667 0.7368421052631579 0.0 0.15789473684210525 0.10526315789473684 0.0 0.0 0.0 0.0 0.578125 0.21875 0.140625 0.03125 0.03125 liyajie 2Сʱ_mousemovements
25.038420125000002 0 0 0 0 0 0 0 0 0 0 0 10.638298 26.595745 31.45981875 0 0.0 0.0 0.0 0.0 0.25 0.25 0.5 0.0 4.451274688888889 0 0.0 0.9782608695652174 0.0 0.021739130434782608 1.0 0.0 0.0 0.0 0.0 0.0 0.0 0.0 0.7428571428571429 0.17142857142857143 0.02857142857142857 0.05714285714285714 0.0 liyajie 2Сʱ_mousemovements
57.302961159999995 0 543.3296509999999 478.640892 0 678.144592 0 0 18.348623 62.485633750000005 581.377686 301.822502 58.201538000000006 29.79065633333333 293.247834 37.510890833333335 0.03225806451612903 0.12903225806451613 0.03225806451612903 0.06451612903225806 0.16129032258064516 0.0967741935483871 0.2903225806451613 0.1935483870967742 42.54120711764707 45.241544714285716 191.323985 0.8854166666666666 0.07291666666666667 0.041666666666666664 0.8064516129032258 0.0 0.0967741935483871 0.06451612903225806 0.0 0.03225806451612903 0.0 0.0 0.6352941176470588 0.2235294117647059 0.07058823529411765 0.047058823529411764 0.023529411764705882 liyajie 2Сʱ_mousemovements
59.57047440000001 0 390.96995549999997 0 341.633514 0 475.627563 0 346.209564 341.633514 0 403.11349466666667 78.2051275 51.97521233333333 26.678225499999996 61.27753633333333 0.041666666666666664 0.041666666666666664 0.0 0.125 0.08333333333333333 0.125 0.3333333333333333 0.25 27.59686146236559 63.54111866666667 16.739502 0.9489795918367347 0.030612244897959183 0.02040816326530612 0.8333333333333334 0.0 0.08333333333333333 0.0 0.041666666666666664 0.0 0.041666666666666664 0.0 0.6704545454545454 0.25 0.045454545454545456 0.022727272727272728 0.011363636363636364 liyajie 2Сʱ_mousemovements
43.52733959999999 0 0 0 0 0 0 0 0 0 0 96.547157 149.743704 49.20443114285714 22.046191000000004 29.179022285714286 0.0 0.0 0.0 0.06666666666666667 0.06666666666666667 0.23333333333333334 0.4 0.23333333333333334 15.36259044705882 0 0 1.0 0.0 0.0 1.0 0.0 0.0 0.0 0.0 0.0 0.0 0.0 0.65 0.2375 0.05 0.025 0.0375 liyajie 2Сʱ_mousemovements
48.12186979310345 66.001732 0 1004.571716 720.3576355 0 0 0 66.001732 395.987686 1004.571716 77.656853 31.64596922222222 93.42043207692308 77.88965499999999 0 0.030303030303030304 0.06060606060606061 0.030303030303030304 0.030303030303030304 0.2727272727272727 0.3939393939393939 0.18181818181818182 0.0 42.821110321839086 90.6931725 0 0.9775280898876404 0.02247191011235955 0.0 0.8787878787878788 0.030303030303030304 0.0 0.030303030303030304 0.06060606060606061 0.0 0.0 0.0 0.573170731707317 0.25609756097560976 0.10975609756097561 0.036585365853658534 0.024390243902439025 liyajie 2Сʱ_mousemovements
22.744005000000005 0 0 0 0 0 0 0 0 0 0 0 23.829952333333335 27.560389599999997 12.544802666666664 0 0.0 0.0 0.0 0.0 0.42857142857142855 0.35714285714285715 0.21428571428571427 0.0 6.9220884782608705 0 0 1.0 0.0 0.0 1.0 0.0 0.0 0.0 0.0 0.0 0.0 0.0 0.7837837837837838 0.1891891891891892 0.02702702702702703 0.0 0.0 liyajie 2Сʱ_mousemovements
46.655726692307695 0 0 0 0 0 0 0 139.313705 0 0 0 33.798031875 58.51663033333333 21.276596 0 0.07692307692307693 0.0 0.0 0.0 0.6153846153846154 0.23076923076923078 0.07692307692307693 0.0 13.478321044444444 0 0.0 0.9782608695652174 0.0 0.021739130434782608 1.0 0.0 0.0 0.0 0.0 0.0 0.0 0.0 0.7428571428571429 0.22857142857142856 0.02857142857142857 0.0 0.0 liyajie 2Сʱ_mousemovements
106.17886128571429 0 0 394.251617 1023.459961 0 0 781.345642 0 79.313705 0 595.386833 168.59814433333335 258.558929 63.261437 781.345642 0.0 0.1 0.0 0.2 0.3 0.1 0.2 0.1 59.01053051428571 0 438.4703405 0.9459459459459459 0.0 0.05405405405405406 0.7 0.0 0.0 0.1 0.1 0.0 0.0 0.1 0.5 0.23529411764705882 0.17647058823529413 0.029411764705882353 0.058823529411764705 liyajie 2Сʱ_mousemovements
94.02279807692307 311.38764000000003 240.477844 0 0 0 1018.303955 0 564.19397 1018.303955 0 184.7735785 102.73414225 76.73596 0 126.984123 0.058823529411764705 0.058823529411764705 0.0 0.11764705882352941 0.23529411764705882 0.47058823529411764 0.0 0.058823529411764705 37.24195533928572 0 1018.303955 0.9824561403508771 0.0 0.017543859649122806 0.7647058823529411 0.11764705882352941 0.058823529411764705 0.0 0.0 0.0 0.058823529411764705 0.0 0.6938775510204082 0.20408163265306123 0.08163265306122448 0.02040816326530612 0.0 liyajie 2Сʱ_mousemovements
55.987684 0 0 0 0 0 0 0 0 51.282051 0 139.126312 58.09129133333334 20.950719 39.1865075 0 0.0 0.05555555555555555 0.0 0.05555555555555555 0.6666666666666666 0.1111111111111111 0.1111111111111111 0.0 19.76035905882353 0 0 1.0 0.0 0.0 1.0 0.0 0.0 0.0 0.0 0.0 0.0 0.0 0.7222222222222222 0.19444444444444445 0.08333333333333333 0.0 0.0 liyajie 2Сʱ_mousemovements
60.07231284615386 0 0 360.277679 0 0 0 0 360.277679 42.553192 0 72.4899765 56.053371125 0 0 0 0.07142857142857142 0.07142857142857142 0.0 0.2857142857142857 0.5714285714285714 0.0 0.0 0.0 16.615746106382982 0 360.277679 0.9791666666666666 0.0 0.020833333333333332 0.9285714285714286 0.0 0.0 0.07142857142857142 0.0 0.0 0.0 0.0 0.5581395348837209 0.27906976744186046 0.046511627906976744 0.046511627906976744 0.06976744186046512 liyajie 2Сʱ_mousemovements
0 0 0 0 0 0 0 0 0 0 0 0 0 0 0 0 0 0 0 0 0 0 0 0 0 0 0 0 0 0 0 0 0 0 0 0 0 0 0 0 0 0 0 liyajie 2Сʱ_mousemovements
0 0 0 0 0 0 0 0 0 0 0 0 0 0 0 0 0 0 0 0 0 0 0 0 0 0 0 0 0 0 0 0 0 0 0 0 0 0 0 0 0 0 0 liyajie 2Сʱ_mousemovements
0 0 0 0 0 0 0 0 0 0 0 0 0 0 0 0 0 0 0 0 0 0 0 0 0 0 0 0 0 0 0 0 0 0 0 0 0 0 0 0 0 0 0 liyajie 2Сʱ_mousemovements
0 0 0 0 0 0 0 0 0 0 0 0 0 0 0 0 0 0 0 0 0 0 0 0 0 0 0 0 0 0 0 0 0 0 0 0 0 0 0 0 0 0 0 liyajie 2Сʱ_mousemovements
29.333334 0 0 0 457.280914 0 458.002838 0 0 0 458.002838 0 0 243.307124 0 0 0.0 0.0 0.3333333333333333 0.0 0.0 0.6666666666666666 0.0 0.0 188.9234172 0.0 0 0.8333333333333334 0.16666666666666666 0.0 0.3333333333333333 0.0 0.0 0.0 0.3333333333333333 0.0 0.3333333333333333 0.0 0.4 0.4 0.0 0.0 0.2 liyajie 2Сʱ_mousemovements
67.0646902222222 0 0 513.8424733333334 0 0 521.885132 494.633759 98.66350650000001 0 0 342.2562715 197.952221 66.279239125 48.4627195 292.8805886 0.08695652173913043 0.0 0.0 0.08695652173913043 0.17391304347826086 0.34782608695652173 0.08695652173913043 0.21739130434782608 57.94369484210526 0 231.2100645 0.9661016949152542 0.0 0.03389830508474576 0.782608695652174 0.0 0.0 0.13043478260869565 0.0 0.0 0.043478260869565216 0.043478260869565216 0.6153846153846154 0.17307692307692307 0.15384615384615385 0.038461538461538464 0.019230769230769232 liyajie 2Сʱ_mousemovements
36.003721000000006 440.0439605 0 350.7659 0 0 0 0 215.347244 0 0 0 120.46806600000001 22.983011 9.174312 440.0439605 0.07142857142857142 0.0 0.0 0.0 0.21428571428571427 0.5 0.07142857142857142 0.14285714285714285 40.67236880000001 0.0 0 0.975609756097561 0.024390243902439025 0.0 0.7857142857142857 0.14285714285714285 0.0 0.07142857142857142 0.0 0.0 0.0 0.0 0.6 0.2571428571428571 0.11428571428571428 0.02857142857142857 0.0 liyajie 2Сʱ_mousemovements
0 0 0 0 0 0 0 0 0 0 0 0 0 0 0 0 0 0 0 0 0 0 0 0 0 0 0 0 0 0 0 0 0 0 0 0 0 0 0 0 0 0 0 liyajie 2Сʱ_mousemovements
0 0 0 0 0 0 0 0 0 0 0 0 0 0 0 0 0 0 0 0 0 0 0 0 0 0 0 0 0 0 0 0 0 0 0 0 0 0 0 0 0 0 0 liyajie 2Сʱ_mousemovements
76.78454380000001 0 0 0 0 0 0 0 0 106.5673105 0 0 63.5080645 43.771969 0 0 0.0 0.4 0.0 0.0 0.4 0.2 0.0 0.0 27.42305135714286 0 0 1.0 0.0 0.0 1.0 0.0 0.0 0.0 0.0 0.0 0.0 0.0 0.6363636363636364 0.09090909090909091 0.09090909090909091 0.09090909090909091 0.09090909090909091 liyajie 2Сʱ_mousemovements
40.67009411111111 0 0 0 0 0 0 0 0 0 0 0 25.552080333333333 43.885971500000004 35.25 65.5513315 0.0 0.0 0.0 0.0 0.3333333333333333 0.2222222222222222 0.2222222222222222 0.2222222222222222 11.43846396875 0 0 1.0 0.0 0.0 1.0 0.0 0.0 0.0 0.0 0.0 0.0 0.0 0.6206896551724138 0.3103448275862069 0.06896551724137931 0.0 0.0 liyajie 2Сʱ_mousemovements
41.89572575 226.578629 0 0 0 0 0 0 226.578629 0 0 0 40.18984975 52.184572333333335 13.303687333333334 0 0.058823529411764705 0.0 0.0 0.0 0.23529411764705882 0.5294117647058824 0.17647058823529413 0.0 14.262374723404255 0 226.578629 0.9791666666666666 0.0 0.020833333333333332 0.9411764705882353 0.058823529411764705 0.0 0.0 0.0 0.0 0.0 0.0 0.725 0.1 0.05 0.05 0.075 liyajie 2Сʱ_mousemovements
40.317429874999995 210.083267 0 651.648422 0 516.146179 0 0 41.3981955 277.14372625 0 277.936943 10.8984435 25.8333455 133.70495283333332 0 0.1 0.2 0.0 0.1 0.1 0.2 0.3 0.0 39.03436214545455 2.6666666666666665 129.9288125 0.8870967741935484 0.04838709677419355 0.06451612903225806 0.8 0.05 0.0 0.1 0.0 0.05 0.0 0.0 0.5490196078431373 0.13725490196078433 0.11764705882352941 0.058823529411764705 0.13725490196078433 liyajie 2Сʱ_mousemovements
52.14467895833334 0 0 906.4266665 0 0 0 0 0 487.67917 0 0 100.43348259999999 137.10220520000001 21.972227875 40.0 0.0 0.07692307692307693 0.0 0.0 0.19230769230769232 0.38461538461538464 0.3076923076923077 0.038461538461538464 43.890009397058826 39.3864985 1.031992 0.9577464788732394 0.028169014084507043 0.014084507042253521 0.9230769230769231 0.0 0.0 0.07692307692307693 0.0 0.0 0.0 0.0 0.5757575757575758 0.24242424242424243 0.06060606060606061 0.030303030303030304 0.09090909090909091 liyajie 2Сʱ_mousemovements
38.51555642857142 0 0 0 0 0 0 0 27.616236 92.23452 0 0 40.38584899999999 24.0700605 0 0 0.07142857142857142 0.07142857142857142 0.0 0.0 0.5714285714285714 0.2857142857142857 0.0 0.0 6.908555499999999 36.17256033333333 2.369668 0.9393939393939394 0.045454545454545456 0.015151515151515152 1.0 0.0 0.0 0.0 0.0 0.0 0.0 0.0 0.7321428571428571 0.10714285714285714 0.03571428571428571 0.03571428571428571 0.08928571428571429 liyajie 2Сʱ_mousemovements
42.389841857142855 175.778854 0 630.49943575 0 0 0 0 364.668427 270.7587355 0 0 245.3643976666667 385.3292323333333 63.26187216666667 28.349090500000003 0.05263157894736842 0.10526315789473684 0.0 0.0 0.15789473684210525 0.15789473684210525 0.3157894736842105 0.21052631578947367 22.699721269230768 14.285714 376.5926025 0.9397590361445783 0.012048192771084338 0.04819277108433735 0.7368421052631579 0.05263157894736842 0.0 0.21052631578947367 0.0 0.0 0.0 0.0 0.5443037974683544 0.16455696202531644 0.13924050632911392 0.0759493670886076 0.0759493670886076 liyajie 2Сʱ_mousemovements
58.4782536875 186.132233 0 0 0 0 0 0 136.472626 112.0 0 186.132233 0 67.2392885 22.107916000000003 43.558123 0.058823529411764705 0.11764705882352941 0.0 0.058823529411764705 0.0 0.23529411764705882 0.23529411764705882 0.29411764705882354 21.57277484615384 0 0 1.0 0.0 0.0 0.9411764705882353 0.058823529411764705 0.0 0.0 0.0 0.0 0.0 0.0 0.6222222222222222 0.15555555555555556 0.13333333333333333 0.06666666666666667 0.022222222222222223 liyajie 2Сʱ_mousemovements
43.526170666666665 0 0 0 0 0 0 0 0 0 0 0 56.933122499999996 63.0070915 10.638298 0 0.0 0.0 0.0 0.0 0.3333333333333333 0.3333333333333333 0.3333333333333333 0.0 7.68108894117647 0 0 1.0 0.0 0.0 1.0 0.0 0.0 0.0 0.0 0.0 0.0 0.0 0.896551724137931 0.06896551724137931 0.034482758620689655 0.0 0.0 liyajie 2Сʱ_mousemovements
42.94183846666667 0 0 0 0 0 0 0 0 0 0 0 48.14042783333333 47.77156366666666 22.885209333333332 0 0.0 0.0 0.0 0.0 0.4 0.4 0.2 0.0 16.950725710526314 0 0 1.0 0.0 0.0 1.0 0.0 0.0 0.0 0.0 0.0 0.0 0.0 0.6333333333333333 0.36666666666666664 0.0 0.0 0.0 liyajie 2Сʱ_mousemovements
38.770188000000005 0 0 282.080261 0 403.0348815 0 0 179.785823 0 0 36.970562 179.80086500000002 0 72.94921785714287 46.085832 0.11764705882352941 0.0 0.0 0.058823529411764705 0.17647058823529413 0.0 0.4117647058823529 0.23529411764705882 25.26797162745098 0 171.1330515 0.9622641509433962 0.0 0.03773584905660377 0.8235294117647058 0.0 0.0 0.058823529411764705 0.0 0.11764705882352941 0.0 0.0 0.5333333333333333 0.26666666666666666 0.08888888888888889 0.06666666666666667 0.044444444444444446 liyajie 2Сʱ_mousemovements
49.8189353 0 0 0 0 0 0 0 0 0 0 0 75.85249333333333 21.950196333333334 45.149316 69.333336 0.0 0.0 0.0 0.0 0.3 0.3 0.3 0.1 16.07062429032258 0 0 1.0 0.0 0.0 1.0 0.0 0.0 0.0 0.0 0.0 0.0 0.0 0.76 0.16 0.04 0.04 0.0 liyajie 2Сʱ_mousemovements
66.74071488888889 258.403679 0 816.422546 0 0 0 0 0 415.211273 0 258.403679 10.69549325 25.477707 172.80225133333332 0 0.0 0.16666666666666666 0.0 0.16666666666666666 0.3333333333333333 0.08333333333333333 0.25 0.0 50.89200889473684 0 0 1.0 0.0 0.0 0.75 0.16666666666666666 0.0 0.08333333333333333 0.0 0.0 0.0 0.0 0.5625 0.25 0.125 0.0625 0.0 liyajie 2Сʱ_mousemovements
60.72891552380954 264.88793549999997 0 301.577728 0 0 1117.677856 482.10025 444.1690825 76.897487 0 51.899708 176.6382528888889 56.659023499999996 143.640045 31.25 0.07692307692307693 0.11538461538461539 0.0 0.038461538461538464 0.34615384615384615 0.23076923076923078 0.15384615384615385 0.038461538461538464 34.57401610588236 68.17923449999999 210.42969766666667 0.9444444444444444 0.022222222222222223 0.03333333333333333 0.8076923076923077 0.07692307692307693 0.0 0.038461538461538464 0.0 0.0 0.038461538461538464 0.038461538461538464 0.5949367088607594 0.24050632911392406 0.11392405063291139 0.02531645569620253 0.02531645569620253 liyajie 2Сʱ_mousemovements
32.06947655555556 237.72723899999997 735.2680359999999 0 0 291.181885 0 927.512756 0 14.285714 236.548401 32.73194 64.5706450909091 22.447834 379.0860963333334 454.75115674999995 0.0 0.038461538461538464 0.15384615384615385 0.07692307692307693 0.4230769230769231 0.038461538461538464 0.11538461538461539 0.15384615384615385 53.92787656250001 564.0419885 135.462967 0.9552238805970149 0.029850746268656716 0.014925373134328358 0.6923076923076923 0.11538461538461539 0.11538461538461539 0.0 0.0 0.038461538461538464 0.0 0.038461538461538464 0.5573770491803278 0.29508196721311475 0.06557377049180328 0.08196721311475409 0.0 liyajie 2Сʱ_mousemovements
26.232817416666666 0 0 0 0 624.806824 0 0 739.55127 46.199402 0 27.978165 82.2640095 0 0 30.855514666666664 0.07142857142857142 0.07142857142857142 0.0 0.07142857142857142 0.5714285714285714 0.0 0.0 0.21428571428571427 15.558214476190479 0 194.74664833333335 0.9545454545454546 0.0 0.045454545454545456 0.8571428571428571 0.0 0.0 0.0 0.0 0.14285714285714285 0.0 0.0 0.6964285714285714 0.16071428571428573 0.07142857142857142 0.07142857142857142 0.0 liyajie 2Сʱ_mousemovements
61.572806090909104 199.7361755 339.358948 0 220.077469 1067.5334676666666 0 0 1095.525818 0 236.9846243333333 221.847809 346.34256275000007 69.20297260000001 32.353214333333334 36.29966116666666 0.06896551724137931 0.0 0.10344827586206896 0.034482758620689655 0.13793103448275862 0.3448275862068966 0.10344827586206896 0.20689655172413793 55.66551590697676 0 242.95884566666666 0.9662921348314607 0.0 0.033707865168539325 0.7586206896551724 0.06896551724137931 0.034482758620689655 0.0 0.034482758620689655 0.10344827586206896 0.0 0.0 0.5421686746987951 0.1927710843373494 0.1686746987951807 0.060240963855421686 0.03614457831325301 liyajie 2Сʱ_mousemovements
32.0 0 0 0 0 0 0 0 0 0 0 0 0 32.0 0 0 0.0 0.0 0.0 0.0 0.0 1.0 0.0 0.0 16.0 0 0 1.0 0.0 0.0 1.0 0.0 0.0 0.0 0.0 0.0 0.0 0.0 1.0 0.0 0.0 0.0 0.0 liyajie 2Сʱ_mousemovements
47.619898538461534 226.992218 521.404663 543.016541 0 0 0 0 0 0 0 521.404663 113.59379200000001 0 69.24058550000001 98.32416822222221 0.0 0.0 0.0 0.0625 0.125 0.0 0.25 0.5625 36.04664345283019 0 0 1.0 0.0 0.0 0.8125 0.0625 0.0625 0.0625 0.0 0.0 0.0 0.0 0.7083333333333334 0.14583333333333334 0.08333333333333333 0.0625 0.0 liyajie 2Сʱ_mousemovements
64.59803869565216 184.03138233333334 0 0 0 0 0 0 64.102562 0 0 251.15870399999997 74.37800062500001 0 36.37885866666667 59.567326 0.038461538461538464 0.0 0.0 0.11538461538461539 0.3076923076923077 0.0 0.34615384615384615 0.19230769230769232 27.171320493333333 0 0 1.0 0.0 0.0 0.8846153846153846 0.11538461538461539 0.0 0.0 0.0 0.0 0.0 0.0 0.5671641791044776 0.208955223880597 0.14925373134328357 0.04477611940298507 0.029850746268656716 liyajie 2Сʱ_mousemovements
35.45330104761905 282.60905449999996 1080.253906 0 0 651.232178 0 0 313.39151 1080.253906 651.232178 0 16.394366166666668 96.43304983333331 20.3939725 39.634255833333334 0.04 0.04 0.04 0.0 0.24 0.24 0.16 0.24 49.05199217741936 0 0 1.0 0.0 0.0 0.84 0.08 0.04 0.0 0.0 0.04 0.0 0.0 0.5892857142857143 0.10714285714285714 0.16071428571428573 0.08928571428571429 0.05357142857142857 liyajie 2Сʱ_mousemovements
59.612543125 0 0 0 781.191406 0 800.7254636666667 0 0 89.77888066666667 0 781.191406 202.3442348 85.106384 0 756.4562679999999 0.0 0.25 0.0 0.08333333333333333 0.4166666666666667 0.08333333333333333 0.0 0.16666666666666666 52.59007433333333 19.251818 628.7640176666667 0.868421052631579 0.05263157894736842 0.07894736842105263 0.6666666666666666 0.0 0.0 0.0 0.08333333333333333 0.0 0.25 0.0 0.5882352941176471 0.20588235294117646 0.11764705882352941 0.058823529411764705 0.029411764705882353 liyajie 2Сʱ_mousemovements
97.02386008333336 335.721588 770.170166 0 628.685547 0 847.97052 760.352478 117.723869 84.623322 335.721588 792.8310546666667 0 109.040043 196.38111300000003 122.98001766666668 0.058823529411764705 0.058823529411764705 0.058823529411764705 0.17647058823529413 0.0 0.23529411764705882 0.23529411764705882 0.17647058823529413 50.5614611372549 42.311661 368.785756 0.8793103448275862 0.034482758620689655 0.08620689655172414 0.7058823529411765 0.058823529411764705 0.058823529411764705 0.0 0.058823529411764705 0.0 0.058823529411764705 0.058823529411764705 0.5576923076923077 0.25 0.09615384615384616 0.038461538461538464 0.057692307692307696 liyajie 2Сʱ_mousemovements
57.26749507142858 308.1596905 422.56784100000004 355.533859 477.45813 0 0 854.617004 62.9938525 387.798927 186.999664 477.45813 423.5532685 69.0265824 64.44883085714285 548.459114 0.09090909090909091 0.09090909090909091 0.045454545454545456 0.045454545454545456 0.09090909090909091 0.22727272727272727 0.3181818181818182 0.09090909090909091 43.43669137037037 109.628864 580.5012613333333 0.9152542372881356 0.03389830508474576 0.05084745762711865 0.6363636363636364 0.09090909090909091 0.09090909090909091 0.09090909090909091 0.045454545454545456 0.0 0.0 0.045454545454545456 0.5535714285714286 0.21428571428571427 0.05357142857142857 0.08928571428571429 0.08928571428571429 liyajie 2Сʱ_mousemovements
181.2899259333333 267.6501832 0 466.2256165 718.763 678.5568695 608.19364925 686.620636 429.303358 75.82325 316.9213485 545.862091 311.418466 42.344233 223.08774549999998 410.02908114285714 0.12903225806451613 0.03225806451612903 0.06451612903225806 0.16129032258064516 0.1935483870967742 0.06451612903225806 0.12903225806451613 0.22580645161290322 78.25124146753247 79.67552549999999 468.72470020000003 0.8651685393258427 0.02247191011235955 0.11235955056179775 0.4838709677419355 0.16129032258064516 0.0 0.06451612903225806 0.03225806451612903 0.06451612903225806 0.12903225806451613 0.06451612903225806 0.6428571428571429 0.09523809523809523 0.13095238095238096 0.05952380952380952 0.07142857142857142 liyajie 2Сʱ_mousemovements
100.0255964736842 457.131531 525.528687 0 0 0 0 0 42.64919 58.974357499999996 215.590851 278.167187 41.040504 892.489014 66.079872 131.780889 0.19047619047619047 0.09523809523809523 0.047619047619047616 0.09523809523809523 0.23809523809523808 0.047619047619047616 0.047619047619047616 0.23809523809523808 48.05244251666667 0 0 1.0 0.0 0.0 0.9047619047619048 0.047619047619047616 0.047619047619047616 0.0 0.0 0.0 0.0 0.0 0.5370370370370371 0.18518518518518517 0.18518518518518517 0.037037037037037035 0.05555555555555555 liyajie 2Сʱ_mousemovements
37.629266375 0 0 0 0 0 0 0 138.522278 7.530356666666667 48.387096 28.368793 31.582447000000002 0 0 0 0.125 0.375 0.125 0.125 0.25 0.0 0.0 0.0 9.122246393939394 0 0 1.0 0.0 0.0 1.0 0.0 0.0 0.0 0.0 0.0 0.0 0.0 0.6666666666666666 0.2222222222222222 0.07407407407407407 0.037037037037037035 0.0 liyajie 2Сʱ_mousemovements
89.86963661538461 162.25553100000002 300.96023533333334 606.77948 515.1716613333333 308.58931 784.280457 0 290.2518808 141.69172625000002 326.739868 170.9884256 328.456213 311.3046543333333 147.344467 267.88537199999996 0.2 0.16 0.04 0.2 0.12 0.12 0.08 0.08 82.87954564516127 8.879432666666666 392.1402285 0.9253731343283582 0.04477611940298507 0.029850746268656716 0.52 0.08 0.12 0.04 0.12 0.08 0.04 0.0 0.6451612903225806 0.12903225806451613 0.08064516129032258 0.0967741935483871 0.04838709677419355 liyajie 2Сʱ_mousemovements
84.76742218749999 234.49391574999999 0 640.496155 0 795.004517 521.171631 797.7185304 0 115.1540645 321.81070149999994 118.826641 0 320.0084504 307.032838 402.0894145 0.0 0.07142857142857142 0.35714285714285715 0.07142857142857142 0.0 0.17857142857142858 0.25 0.07142857142857142 54.40576767948718 53.708032333333335 612.2702166666667 0.8666666666666667 0.06666666666666667 0.06666666666666667 0.5714285714285714 0.14285714285714285 0.0 0.03571428571428571 0.0 0.03571428571428571 0.03571428571428571 0.17857142857142858 0.6219512195121951 0.14634146341463414 0.15853658536585366 0.04878048780487805 0.024390243902439025 liyajie 2Сʱ_mousemovements
55.7813355625 234.80871199999999 547.923645 370.202006 793.00412 1330.191406 516.6167806666667 0 135.880348 0 516.6167806666667 493.9128345 321.158081 147.17281433333332 172.1079137 370.26750949999996 0.06666666666666667 0.0 0.1 0.06666666666666667 0.03333333333333333 0.2 0.3333333333333333 0.2 52.734493871794875 840.729309 333.58844855555554 0.8863636363636364 0.011363636363636364 0.10227272727272728 0.5333333333333333 0.13333333333333333 0.03333333333333333 0.1 0.06666666666666667 0.03333333333333333 0.1 0.0 0.5875 0.1625 0.175 0.0375 0.0375 liyajie 2Сʱ_mousemovements
