207.281555 0 0 0 0 0 0 0 0 0 0 0 0 207.281555 0 0 0.0 0.0 0.0 0.0 0.0 1.0 0.0 0.0 51.82038875 0 0 1.0 0.0 0.0 1.0 0.0 0.0 0.0 0.0 0.0 0.0 0.0 1.0 0.0 0.0 0.0 0.0 liyajie 4Сʱ_mousemovements
118.71546933333332 647.305786 0 0 0 800.051392 0 0 0 0 0 800.051392 0 0 118.71546933333332 647.305786 0.0 0.0 0.0 0.2 0.0 0.0 0.6 0.2 54.02614817647059 0 295.01968899999997 0.85 0.0 0.15 0.6 0.2 0.0 0.0 0.0 0.2 0.0 0.0 0.5263157894736842 0.2631578947368421 0.15789473684210525 0.05263157894736842 0.0 liyajie 4Сʱ_mousemovements
142.0975602 260.266693 0 0 1203.240967 0 4049.934326 0 0 181.927414 1203.240967 97.079346 237.770798 260.266693 101.265823 2071.189373 0.0 0.125 0.125 0.125 0.125 0.125 0.125 0.25 311.19648935 0 0 1.0 0.0 0.0 0.625 0.125 0.0 0.0 0.125 0.0 0.125 0.0 0.5 0.2777777777777778 0.16666666666666666 0.05555555555555555 0.0 liyajie 4Сʱ_mousemovements
145.029823875 1456.3766176666668 0 495.3780976666667 520.914429 681.1629335 0 0 221.071732 403.836719 1440.2171786666668 0 112.20935166666665 608.0141295 362.01304650000003 61.153763 0.058823529411764705 0.29411764705882354 0.17647058823529413 0.0 0.17647058823529413 0.11764705882352941 0.11764705882352941 0.058823529411764705 157.99909238297874 0 245.46428183333333 0.8867924528301887 0.0 0.11320754716981132 0.47058823529411764 0.17647058823529413 0.0 0.17647058823529413 0.058823529411764705 0.11764705882352941 0.0 0.0 0.5333333333333333 0.3333333333333333 0.022222222222222223 0.1111111111111111 0.0 liyajie 4Сʱ_mousemovements
164.80496309999998 199.0434035 0 0 1070.733765 0 0 0 0 356.6279375 499.771057 0 69.1192855 84.53725 85.009225 0 0.0 0.46153846153846156 0.07692307692307693 0.0 0.15384615384615385 0.15384615384615385 0.15384615384615385 0.0 90.93917991176471 0 24.938086 0.9714285714285714 0.0 0.02857142857142857 0.7692307692307693 0.15384615384615385 0.0 0.0 0.07692307692307693 0.0 0.0 0.0 0.5517241379310345 0.2413793103448276 0.13793103448275862 0.034482758620689655 0.034482758620689655 liyajie 4Сʱ_mousemovements
0 0 0 0 0 0 0 0 0 0 0 0 0 0 0 0 0 0 0 0 0 0 0 0 0 0 0 0 0 0 0 0 0 0 0 0 0 0 0 0 0 0 0 liyajie 4Сʱ_mousemovements
0 0 0 0 0 0 0 0 0 0 0 0 0 0 0 0 0 0 0 0 0 0 0 0 0 0 0 0 0 0 0 0 0 0 0 0 0 0 0 0 0 0 0 liyajie 4Сʱ_mousemovements
0 0 0 0 0 0 0 0 0 0 0 0 0 0 0 0 0 0 0 0 0 0 0 0 0 0 0 0 0 0 0 0 0 0 0 0 0 0 0 0 0 0 0 liyajie 4Сʱ_mousemovements
135.49395475 0 0 0 0 678.666809 0 0 0 179.57341 0 0 52.325581 0 381.50505799999996 225.733521 0.0 0.2 0.0 0.0 0.2 0.0 0.4 0.2 49.270529 0.0 678.666809 0.8461538461538461 0.07692307692307693 0.07692307692307693 0.8 0.0 0.0 0.0 0.0 0.2 0.0 0.0 0.75 0.08333333333333333 0.08333333333333333 0.08333333333333333 0.0 liyajie 4Сʱ_mousemovements
221.22090386666667 852.9954652 0 359.54731749999996 0 0 1415.878906 1258.015015 536.4452727999999 74.52627566666666 1258.015015 110.135918 41.74054666666667 517.93244025 643.6245592857142 0 0.20833333333333334 0.125 0.041666666666666664 0.041666666666666664 0.125 0.16666666666666666 0.2916666666666667 0.0 148.74296180000002 29.038774666666665 491.146352 0.8955223880597015 0.04477611940298507 0.05970149253731343 0.625 0.20833333333333334 0.0 0.08333333333333333 0.0 0.0 0.041666666666666664 0.041666666666666664 0.6949152542372882 0.1694915254237288 0.06779661016949153 0.05084745762711865 0.01694915254237288 liyajie 4Сʱ_mousemovements
120.695045 0 0 0 1913.664429 0 0 0 0 1017.1797369999999 0 0 0 0 0 0 0.0 1.0 0.0 0.0 0.0 0.0 0.0 0.0 339.05991233333333 0 0 1.0 0.0 0.0 0.5 0.0 0.0 0.0 0.5 0.0 0.0 0.0 0.5 0.5 0.0 0.0 0.0 liyajie 4Сʱ_mousemovements
269.681927 1024.939819 0 0 0 0 0 0 0 35.714287 503.649567 0 0 0 0 1024.939819 0.0 0.3333333333333333 0.3333333333333333 0.0 0.0 0.0 0.0 0.3333333333333333 195.537959125 0 0 1.0 0.0 0.0 0.6666666666666666 0.3333333333333333 0.0 0.0 0.0 0.0 0.0 0.0 0.8333333333333334 0.0 0.0 0.0 0.16666666666666666 liyajie 4Сʱ_mousemovements
23.97751 0 0 0 0 0 810.346619 0 23.97751 810.346619 0 0 0 0 0 0 0.5 0.5 0.0 0.0 0.0 0.0 0.0 0.0 67.52888491666667 0 23.97751 0.9230769230769231 0.0 0.07692307692307693 0.5 0.0 0.0 0.0 0.0 0.0 0.5 0.0 0.5 0.25 0.16666666666666666 0.0 0.08333333333333333 liyajie 4Сʱ_mousemovements
91.810722 0 0 1677.231079 0 0 0 0 0 0 0 0 0 0 884.5209004999999 0 0.0 0.0 0.0 0.0 0.0 0.0 1.0 0.0 196.5602001111111 0 0 1.0 0.0 0.0 0.5 0.0 0.0 0.5 0.0 0.0 0.0 0.0 0.7142857142857143 0.2857142857142857 0.0 0.0 0.0 liyajie 4Сʱ_mousemovements
138.36616699999996 261.21743 326.196198 0 0 0 2122.0 0 0 0 228.139365 0 15.873015 210.634716 639.5934325000001 104.107773 0.0 0.0 0.35 0.0 0.05 0.2 0.2 0.2 84.846754 0 0 1.0 0.0 0.0 0.7 0.2 0.05 0.0 0.0 0.0 0.05 0.0 0.5689655172413793 0.1896551724137931 0.13793103448275862 0.08620689655172414 0.017241379310344827 liyajie 4Сʱ_mousemovements
90.97150985714286 1122.14856 0 0 0 0 0 0 0 0 740.4402620000001 0 0 0 63.829788 42.8477634 0.0 0.0 0.25 0.0 0.0 0.0 0.125 0.625 67.65188957692308 0 0 1.0 0.0 0.0 0.875 0.125 0.0 0.0 0.0 0.0 0.0 0.0 0.6363636363636364 0.22727272727272727 0.13636363636363635 0.0 0.0 liyajie 4Сʱ_mousemovements
276.82191755555556 0 571.712219 0 0 965.8624880000001 787.760132 0 611.827515 281.02904266666667 1096.817688 57.856743 330.180786 484.564453 564.57324225 270.362161 0.06666666666666667 0.2 0.13333333333333333 0.06666666666666667 0.06666666666666667 0.06666666666666667 0.26666666666666666 0.13333333333333333 138.730270975 12.820513 351.627588 0.8695652173913043 0.021739130434782608 0.10869565217391304 0.6 0.0 0.13333333333333333 0.0 0.0 0.2 0.06666666666666667 0.0 0.6428571428571429 0.21428571428571427 0.047619047619047616 0.047619047619047616 0.047619047619047616 liyajie 4Сʱ_mousemovements
137.57297366666668 0 289.9631195 551.9328459999999 786.6320803333333 0 0 0 108.804029 9.174312 0 688.32353975 106.38298 158.238297 342.2968234 173.59129166666665 0.21052631578947367 0.05263157894736842 0.0 0.21052631578947367 0.05263157894736842 0.05263157894736842 0.2631578947368421 0.15789473684210525 87.71011954761903 6.940170999999999 497.4795805 0.8571428571428571 0.061224489795918366 0.08163265306122448 0.631578947368421 0.0 0.10526315789473684 0.10526315789473684 0.15789473684210525 0.0 0.0 0.0 0.6190476190476191 0.09523809523809523 0.14285714285714285 0.047619047619047616 0.09523809523809523 liyajie 4Сʱ_mousemovements
271.6020213 340.33518225 764.7294005 0 0 0 553.391113 0 223.939117 564.147156 438.981003 417.520294 165.752576 160.817383 429.94281 290.15284733333334 0.058823529411764705 0.11764705882352941 0.11764705882352941 0.058823529411764705 0.11764705882352941 0.058823529411764705 0.29411764705882354 0.17647058823529413 115.76240574999999 12.658228 263.50169375 0.8979591836734694 0.02040816326530612 0.08163265306122448 0.5882352941176471 0.23529411764705882 0.11764705882352941 0.0 0.0 0.0 0.058823529411764705 0.0 0.5777777777777777 0.28888888888888886 0.044444444444444446 0.0 0.08888888888888889 liyajie 4Сʱ_mousemovements
142.23484200000001 0 0 0 0 990.57489 0 0 352.176849 0 0 990.57489 108.249413 93.322693 64.102562 0 0.16666666666666666 0.0 0.0 0.16666666666666666 0.16666666666666666 0.3333333333333333 0.16666666666666666 0.0 59.264517500000004 0 990.57489 0.9230769230769231 0.0 0.07692307692307693 0.8333333333333334 0.0 0.0 0.0 0.0 0.16666666666666666 0.0 0.0 0.7272727272727273 0.18181818181818182 0.09090909090909091 0.0 0.0 liyajie 4Сʱ_mousemovements
140.364568 178.490158 953.9277443333334 809.217896 0 0 0 0 0 403.0637205 1881.565918 0 0 68.284271 378.65184024999996 0 0.0 0.25 0.125 0.0 0.0 0.125 0.5 0.0 119.05270780645161 0 144.98776225 0.8857142857142857 0.0 0.11428571428571428 0.375 0.125 0.375 0.125 0.0 0.0 0.0 0.0 0.5454545454545454 0.30303030303030304 0.09090909090909091 0.06060606060606061 0.0 liyajie 4Сʱ_mousemovements
74.8772286 344.976563 340.324219 0 900.8893125 1072.24353 0 0 454.9976275 924.721313 1072.24353 0 185.329843 197.4974975 233.571365 27.522936 0.2 0.1 0.1 0.0 0.2 0.2 0.1 0.1 132.8565347727273 26.603029499999998 319.219752 0.8148148148148148 0.07407407407407407 0.1111111111111111 0.5 0.1 0.1 0.0 0.2 0.1 0.0 0.0 0.4444444444444444 0.18518518518518517 0.3333333333333333 0.0 0.037037037037037035 liyajie 4Сʱ_mousemovements
188.50471481818184 261.7543795 1285.227539 446.60903925 884.8642986666667 0 0 1436.017944 22.437902 469.84104320000006 339.228882 0 71.96029733333334 743.401306 353.54957700000006 673.9139255 0.045454545454545456 0.22727272727272727 0.045454545454545456 0.0 0.13636363636363635 0.22727272727272727 0.22727272727272727 0.09090909090909091 95.41914650769229 5.376344 322.39435881818184 0.8333333333333334 0.02564102564102564 0.14102564102564102 0.5 0.09090909090909091 0.045454545454545456 0.18181818181818182 0.13636363636363635 0.0 0.0 0.045454545454545456 0.6619718309859155 0.11267605633802817 0.14084507042253522 0.08450704225352113 0.0 liyajie 4Сʱ_mousemovements
0 0 0 649.208374 0 0 0 0 649.208374 0 0 0 0 0 0 0 1.0 0.0 0.0 0.0 0.0 0.0 0.0 0.0 129.84167480000002 0 0.0 0.8333333333333334 0.0 0.16666666666666666 0.0 0.0 0.0 1.0 0.0 0.0 0.0 0.0 0.8 0.0 0.2 0.0 0.0 liyajie 4Сʱ_mousemovements
524.3454273333333 0 1568.4692385 1129.926392 0 385.102386 0 702.4150999999999 1446.343445 682.607193 0 0 1073.283173 632.441833 15.044826 577.879456 0.2222222222222222 0.2222222222222222 0.0 0.0 0.2222222222222222 0.1111111111111111 0.1111111111111111 0.1111111111111111 380.5098171052632 5.0149420000000005 192.551193 0.7916666666666666 0.125 0.08333333333333333 0.3333333333333333 0.0 0.2222222222222222 0.1111111111111111 0.0 0.1111111111111111 0.0 0.2222222222222222 0.6666666666666666 0.14285714285714285 0.0 0.14285714285714285 0.047619047619047616 liyajie 4Сʱ_mousemovements
71.9602278888889 496.55062899999996 892.5382448 449.351196 0 0 0 0 0 11.786600499999999 151.284515 564.7009280000001 41.1461505 0 232.198011 810.968921 0.0 0.11764705882352941 0.058823529411764705 0.17647058823529413 0.23529411764705882 0.0 0.11764705882352941 0.29411764705882354 121.2493160232558 12.872675666666666 325.11177825 0.86 0.06 0.08 0.5294117647058824 0.11764705882352941 0.29411764705882354 0.058823529411764705 0.0 0.0 0.0 0.0 0.5333333333333333 0.15555555555555556 0.17777777777777778 0.022222222222222223 0.1111111111111111 liyajie 4Сʱ_mousemovements
0 0 0 2209.236572 0 0 0 0 0 0 2209.236572 0 0 0 0 0 0.0 0.0 1.0 0.0 0.0 0.0 0.0 0.0 1104.618286 0 0 1.0 0.0 0.0 0.0 0.0 0.0 1.0 0.0 0.0 0.0 0.0 1.0 0.0 0.0 0.0 0.0 liyajie 4Сʱ_mousemovements
124.95612200000001 0 0 0 0 0 1778.907349 1316.673462 1316.673462 0 0 0.0 953.291016 202.75462333333334 140.769654 45.6568525 0.08333333333333333 0.0 0.0 0.08333333333333333 0.16666666666666666 0.25 0.25 0.16666666666666666 130.10590415625 27.0392075 127.674683 0.9142857142857143 0.05714285714285714 0.02857142857142857 0.8333333333333334 0.0 0.0 0.0 0.0 0.0 0.08333333333333333 0.08333333333333333 0.6666666666666666 0.24242424242424243 0.06060606060606061 0.0 0.030303030303030304 liyajie 4Сʱ_mousemovements
0 0 0 0 0 0 0 0 0 0 0 0 0 0 0 0 0 0 0 0 0 0 0 0 0 0 0 0 0 0 0 0 0 0 0 0 0 0 0 0 0 0 0 liyajie 4Сʱ_mousemovements
165.16631833333332 0 0 0 0 0 0 0 0 0 0 197.151932 149.17351150000002 0 0 0 0.0 0.0 0.0 0.3333333333333333 0.6666666666666666 0.0 0.0 0.0 82.58315916666666 0 0 1.0 0.0 0.0 1.0 0.0 0.0 0.0 0.0 0.0 0.0 0.0 0.4 0.6 0.0 0.0 0.0 liyajie 4Сʱ_mousemovements
127.19748480000001 0 0 0 2887.274902 0 551.320374 0 0 0 251.926682 0 2887.274902 344.632271 21.276596 112.419989 0.0 0.0 0.14285714285714285 0.0 0.14285714285714285 0.2857142857142857 0.14285714285714285 0.2857142857142857 213.97325215789473 9.090909 0 0.95 0.05 0.0 0.7142857142857143 0.0 0.0 0.0 0.14285714285714285 0.0 0.14285714285714285 0.0 0.8888888888888888 0.0 0.05555555555555555 0.05555555555555555 0.0 liyajie 4Сʱ_mousemovements
121.7595345 167.640274 938.505676 1247.1356504999999 588.462646 0 0 0 95.054024 730.1697896666668 175.46888233333334 519.146545 148.244587 0 308.1202125 938.505676 0.07142857142857142 0.21428571428571427 0.21428571428571427 0.07142857142857142 0.21428571428571427 0.0 0.14285714285714285 0.07142857142857142 132.5704667 0 27.777779 0.975609756097561 0.0 0.024390243902439025 0.5714285714285714 0.14285714285714285 0.07142857142857142 0.14285714285714285 0.07142857142857142 0.0 0.0 0.0 0.5277777777777778 0.3055555555555556 0.05555555555555555 0.08333333333333333 0.027777777777777776 liyajie 4Сʱ_mousemovements
157.27191055555554 472.0247528 427.64200439999996 664.6427915 0 0 1317.999268 0 679.9033569999999 190.20910133333334 505.683502 63.623642 386.1839828 264.6884916 266.666656 500.585571 0.22727272727272727 0.13636363636363635 0.045454545454545456 0.045454545454545456 0.22727272727272727 0.22727272727272727 0.045454545454545456 0.045454545454545456 80.64246833333334 37.13097 648.3638661666666 0.8769230769230769 0.03076923076923077 0.09230769230769231 0.4090909090909091 0.22727272727272727 0.22727272727272727 0.09090909090909091 0.0 0.0 0.045454545454545456 0.0 0.576271186440678 0.22033898305084745 0.11864406779661017 0.0847457627118644 0.0 liyajie 4Сʱ_mousemovements
225.27998435714287 489.887421 901.2456766666668 0 759.3301186666667 1646.477585 584.38092 0 831.9001159999999 437.73048249999994 38.46154 161.387741 1112.0416806 520.12799225 534.3570422 0 0.11538461538461539 0.23076923076923078 0.038461538461538464 0.07692307692307693 0.19230769230769232 0.15384615384615385 0.19230769230769232 0.0 203.214692703125 11.441963333333334 275.5759625 0.8311688311688312 0.03896103896103896 0.12987012987012986 0.5384615384615384 0.038461538461538464 0.11538461538461539 0.0 0.11538461538461539 0.15384615384615385 0.038461538461538464 0.0 0.527027027027027 0.24324324324324326 0.12162162162162163 0.06756756756756757 0.04054054054054054 liyajie 4Сʱ_mousemovements
139.99351487500002 272.8430683333333 301.081482 811.4162295 651.21553775 1234.9171445000002 0 1338.843018 708.3457233333334 243.639539 1852.108398 0 844.485229 373.69669350000004 276.0519335 486.39301274999997 0.14285714285714285 0.2857142857142857 0.047619047619047616 0.0 0.047619047619047616 0.19047619047619047 0.09523809523809523 0.19047619047619047 74.09408929411765 2.673797 811.473071875 0.8360655737704918 0.03278688524590164 0.13114754098360656 0.38095238095238093 0.14285714285714285 0.047619047619047616 0.09523809523809523 0.19047619047619047 0.09523809523809523 0.0 0.047619047619047616 0.5263157894736842 0.17543859649122806 0.17543859649122806 0.07017543859649122 0.05263157894736842 liyajie 4Сʱ_mousemovements
124.1371476923077 486.470367 0 927.773651 566.665344 0 0 0 881.02063 345.655558 85.380829 334.175507 68.22369133333332 341.70010549999995 199.107255 16.129032 0.058823529411764705 0.17647058823529413 0.058823529411764705 0.058823529411764705 0.17647058823529413 0.23529411764705882 0.17647058823529413 0.058823529411764705 43.88245201960785 16.129032 567.082962 0.9107142857142857 0.017857142857142856 0.07142857142857142 0.7647058823529411 0.058823529411764705 0.0 0.11764705882352941 0.058823529411764705 0.0 0.0 0.0 0.6538461538461539 0.19230769230769232 0.057692307692307696 0.07692307692307693 0.019230769230769232 liyajie 4Сʱ_mousemovements
0 0 0 0 0 0 0 0 0 0 0 0 0 0 0 0 0 0 0 0 0 0 0 0 0 0 0 0 0 0 0 0 0 0 0 0 0 0 0 0 0 0 0 liyajie 4Сʱ_mousemovements
596.7608092 0 0 0 0 0 0 0 0 813.0160675000001 452.590637 0 0 0 0 0 0.0 0.4 0.6 0.0 0.0 0.0 0.0 0.0 298.3804046 0 0 1.0 0.0 0.0 1.0 0.0 0.0 0.0 0.0 0.0 0.0 0.0 0.8888888888888888 0.1111111111111111 0.0 0.0 0.0 liyajie 4Сʱ_mousemovements
446.078308 0 0 0 0 0 0 0 0 0 0 0 0 0 0 446.078308 0.0 0.0 0.0 0.0 0.0 0.0 0.0 1.0 148.69276933333333 0 0 1.0 0.0 0.0 1.0 0.0 0.0 0.0 0.0 0.0 0.0 0.0 1.0 0.0 0.0 0.0 0.0 liyajie 4Сʱ_mousemovements
289.6064472857143 497.270416 0 0 0 0 0 0 378.106216 77.989616 497.270416 0 0 399.837463 129.9361535 533.333313 0.25 0.125 0.125 0.0 0.0 0.125 0.25 0.125 93.50057581481481 0 0 1.0 0.0 0.0 0.875 0.125 0.0 0.0 0.0 0.0 0.0 0.0 0.8095238095238095 0.14285714285714285 0.0 0.047619047619047616 0.0 liyajie 4Сʱ_mousemovements
60.764797 0 0 0 0 0 0 0 0 0 0 0 44.334976 77.194618 0 0 0.0 0.0 0.0 0.0 0.5 0.5 0.0 0.0 30.3823985 0 0 1.0 0.0 0.0 1.0 0.0 0.0 0.0 0.0 0.0 0.0 0.0 0.6666666666666666 0.3333333333333333 0.0 0.0 0.0 liyajie 4Сʱ_mousemovements
89.22498484615386 0 1104.226074 922.117188 712.776062 0 643.44368 0 269.3099873333333 0 664.743754 0 0.0 264.88624200000004 218.373223 92.9230805 0.16666666666666666 0.0 0.16666666666666666 0.0 0.05555555555555555 0.2777777777777778 0.2222222222222222 0.1111111111111111 50.282522615384615 0 642.81007775 0.9285714285714286 0.0 0.07142857142857142 0.7222222222222222 0.0 0.05555555555555555 0.05555555555555555 0.05555555555555555 0.0 0.1111111111111111 0.0 0.7111111111111111 0.1111111111111111 0.022222222222222223 0.08888888888888889 0.06666666666666667 liyajie 4Сʱ_mousemovements
152.5328866 232.551315 535.9231566666667 2365.87207 0 0 0 0 0 266.51885466666664 2365.87207 93.75941650000001 0 0 342.2334696666667 589.209412 0.0 0.3 0.1 0.2 0.0 0.0 0.3 0.1 153.39934083999998 57.6568545 509.280029 0.8620689655172413 0.06896551724137931 0.06896551724137931 0.5 0.1 0.3 0.1 0.0 0.0 0.0 0.0 0.7307692307692307 0.11538461538461539 0.038461538461538464 0.07692307692307693 0.038461538461538464 liyajie 4Сʱ_mousemovements
161.493748625 489.952728 683.1497575 562.036514 0 0 1381.479126 0 305.68161 460.843597 1022.3542785 0 0 478.534622 440.2505735 152.56186300000002 0.0625 0.0625 0.125 0.0 0.0 0.125 0.375 0.25 79.88327618965516 0 397.8039803333333 0.90625 0.0 0.09375 0.5 0.0625 0.25 0.125 0.0 0.0 0.0625 0.0 0.6491228070175439 0.14035087719298245 0.10526315789473684 0.017543859649122806 0.08771929824561403 liyajie 4Сʱ_mousemovements
59.80140600000001 439.26592999999997 407.32884950000005 1435.778931 0 476.168701 0 0 0 371.5862756666667 629.465454 0 458.779449 509.084839 338.00572 0 0.0 0.25 0.08333333333333333 0.0 0.08333333333333333 0.08333333333333333 0.5 0.0 57.53514871794871 0 362.6864687142857 0.8478260869565217 0.0 0.15217391304347827 0.38461538461538464 0.3076923076923077 0.15384615384615385 0.07692307692307693 0.0 0.07692307692307693 0.0 0.0 0.6666666666666666 0.23076923076923078 0.02564102564102564 0.05128205128205128 0.02564102564102564 liyajie 4Сʱ_mousemovements
303.836304 0 240.217621 0 0 0 0 0 0 0 0 0 0 0 272.02696249999997 0 0.0 0.0 0.0 0.0 0.0 0.0 1.0 0.0 50.639384 0 240.217621 0.8571428571428571 0.0 0.14285714285714285 0.5 0.0 0.5 0.0 0.0 0.0 0.0 0.0 0.5 0.3333333333333333 0.16666666666666666 0.0 0.0 liyajie 4Сʱ_mousemovements
196.43832899999998 0 0 0 1058.955933 975.7884525 1449.737183 0 0 80.905899 85.409256 975.7048343333332 228.7022015 0 339.91787725 658.854706 0.0 0.07692307692307693 0.07692307692307693 0.23076923076923078 0.15384615384615385 0.0 0.3076923076923077 0.15384615384615385 63.337250525 0 615.7874935000001 0.8695652173913043 0.0 0.13043478260869565 0.6923076923076923 0.0 0.0 0.0 0.07692307692307693 0.15384615384615385 0.07692307692307693 0.0 0.6136363636363636 0.2727272727272727 0.11363636363636363 0.0 0.0 liyajie 4Сʱ_mousemovements
142.02008066666667 383.7334975 774.10437 659.169617 406.480316 0 0 0 243.296036 406.480316 716.6369935 174.568581 76.92308 0 0 524.170959 0.125 0.125 0.25 0.25 0.125 0.0 0.0 0.125 66.32059888461539 0 436.315323 0.896551724137931 0.0 0.10344827586206896 0.375 0.25 0.125 0.125 0.125 0.0 0.0 0.0 0.64 0.2 0.12 0.04 0.0 liyajie 4Сʱ_mousemovements
0 0 0 0 0 0 0 0 0 0 0 0 0 0 0 0 0 0 0 0 0 0 0 0 0.0 0 0 1.0 0.0 0.0 0 0 0 0 0 0 0 0 1.0 0.0 0.0 0.0 0.0 liyajie 4Сʱ_mousemovements
232.565689 0 0 0 0 0 0 0 0 0 0 0 232.565689 0 0 0 0.0 0.0 0.0 0.0 1.0 0.0 0.0 0.0 16.61183492857143 0 0 1.0 0.0 0.0 1.0 0.0 0.0 0.0 0.0 0.0 0.0 0.0 0.6 0.2 0.0 0.0 0.2 liyajie 4Сʱ_mousemovements
180.86382236363636 0 441.3990886666667 0 1080.109741 931.5405425 0 0 406.558136 969.708435 792.3465575 0 227.22738133333334 254.6230086 421.6976398 547.8630755 0.05263157894736842 0.05263157894736842 0.10526315789473684 0.0 0.15789473684210525 0.2631578947368421 0.2631578947368421 0.10526315789473684 79.97717206896552 0.0 497.32789185714284 0.8787878787878788 0.015151515151515152 0.10606060606060606 0.5789473684210527 0.0 0.15789473684210525 0.0 0.05263157894736842 0.21052631578947367 0.0 0.0 0.576271186440678 0.1864406779661017 0.15254237288135594 0.05084745762711865 0.03389830508474576 liyajie 4Сʱ_mousemovements
89.97160484615385 468.312897 869.585388 743.544403 1521.968384 643.1041415 856.030884 0 0 461.1176096666666 0 377.7833341666667 99.92475914285716 959.621399 166.43670528571428 235.42518840000002 0.0 0.08823529411764706 0.0 0.17647058823529413 0.20588235294117646 0.029411764705882353 0.20588235294117646 0.29411764705882354 65.86207687755102 13.369105999999999 288.390913 0.8828828828828829 0.04504504504504504 0.07207207207207207 0.7647058823529411 0.029411764705882353 0.029411764705882353 0.058823529411764705 0.029411764705882353 0.058823529411764705 0.029411764705882353 0.0 0.6320754716981132 0.25471698113207547 0.04716981132075472 0.05660377358490566 0.009433962264150943 liyajie 4Сʱ_mousemovements
116.33820557142859 460.059158 483.83265700000004 963.765564 1476.670898 0 0 0 52.770203 952.6383260000001 621.425964 0 278.9888456666667 0 393.81148725 81.01473200000001 0.07142857142857142 0.21428571428571427 0.07142857142857142 0.0 0.21428571428571427 0.0 0.2857142857142857 0.14285714285714285 82.55303906060607 10.638298 674.2929016 0.8461538461538461 0.02564102564102564 0.1282051282051282 0.5 0.14285714285714285 0.14285714285714285 0.14285714285714285 0.07142857142857142 0.0 0.0 0.0 0.5555555555555556 0.25 0.08333333333333333 0.08333333333333333 0.027777777777777776 liyajie 4Сʱ_mousemovements
186.723854 528.453918 706.540914 475.677704 620.796082 918.900452 0 0 0 426.93925125 0 1439.30542 170.929283 621.4752045 384.7175393333334 0 0.0 0.3333333333333333 0.0 0.08333333333333333 0.16666666666666666 0.16666666666666666 0.25 0.0 83.10198210526316 0 454.69144966666664 0.8636363636363636 0.0 0.13636363636363635 0.3333333333333333 0.08333333333333333 0.25 0.16666666666666666 0.08333333333333333 0.08333333333333333 0.0 0.0 0.6 0.2 0.125 0.075 0.0 liyajie 4Сʱ_mousemovements
109.64526262500002 2245.757813 1763.8325505 0 0 0 0 864.690613 0 823.710999 2703.954102 264.218689 31.25 864.690613 63.4949446 2245.757813 0.0 0.08333333333333333 0.08333333333333333 0.16666666666666666 0.08333333333333333 0.08333333333333333 0.4166666666666667 0.08333333333333333 148.46502957777776 10.638298 823.710999 0.9574468085106383 0.02127659574468085 0.02127659574468085 0.6666666666666666 0.08333333333333333 0.16666666666666666 0.0 0.0 0.0 0.0 0.08333333333333333 0.717948717948718 0.1794871794871795 0.07692307692307693 0.0 0.02564102564102564 liyajie 4Сʱ_mousemovements
0 0 0 0 0 0 0 0 0 0 0 0 0 0 0 0 0 0 0 0 0 0 0 0 0 0 0 0 0 0 0 0 0 0 0 0 0 0 0 0 0 0 0 liyajie 4Сʱ_mousemovements
161.148548 0 0 0 396.132782 0 0 0 0 0 211.882248 0 110.414848 0 396.132782 0 0.0 0.0 0.3333333333333333 0.0 0.3333333333333333 0.0 0.3333333333333333 0.0 89.80373475 0 0 1.0 0.0 0.0 0.6666666666666666 0.0 0.0 0.0 0.3333333333333333 0.0 0.0 0.0 0.6 0.2 0.0 0.2 0.0 liyajie 4Сʱ_mousemovements
371.04067233333336 0 0 0 0 0 0 0 0 0 0 540.4319765 32.258064 0 0 0 0.0 0.0 0.0 0.6666666666666666 0.3333333333333333 0.0 0.0 0.0 123.68022411111113 0 0 1.0 0.0 0.0 1.0 0.0 0.0 0.0 0.0 0.0 0.0 0.0 1.0 0.0 0.0 0.0 0.0 liyajie 4Сʱ_mousemovements
0 0 0 0 0 0 0 0 0 0 0 0 0 0 0 0 0 0 0 0 0 0 0 0 0 0 0 0 0 0 0 0 0 0 0 0 0 0 0 0 0 0 0 liyajie 4Сʱ_mousemovements
0 0 0 0 0 0 0 0 0 0 0 0 0 0 0 0 0 0 0 0 0 0 0 0 0 0 0 0 0 0 0 0 0 0 0 0 0 0 0 0 0 0 0 liyajie 4Сʱ_mousemovements
0 0 0 0 0 0 0 0 0 0 0 0 0 0 0 0 0 0 0 0 0 0 0 0 0 0 0 0 0 0 0 0 0 0 0 0 0 0 0 0 0 0 0 liyajie 4Сʱ_mousemovements
339.07974566666667 0 0 0 0 0 0 0 424.763528 0 0 0 0 0 15.873015 62.5 0.7777777777777778 0.0 0.0 0.0 0.0 0.0 0.1111111111111111 0.1111111111111111 95.36617846875 0 0 1.0 0.0 0.0 1.0 0.0 0.0 0.0 0.0 0.0 0.0 0.0 0.6785714285714286 0.17857142857142858 0.10714285714285714 0.03571428571428571 0.0 liyajie 4Сʱ_mousemovements
61.9556164 387.786415 361.788177 890.407532 0 0 0 0 146.309219 759.8355715 0 0 70.18870233333332 36.711975 212.1440885 0 0.1111111111111111 0.2222222222222222 0.0 0.0 0.3333333333333333 0.1111111111111111 0.2222222222222222 0.0 83.10409388 56.8175275 146.309219 0.8928571428571429 0.07142857142857142 0.03571428571428571 0.5555555555555556 0.2222222222222222 0.1111111111111111 0.1111111111111111 0.0 0.0 0.0 0.0 0.64 0.16 0.08 0.12 0.0 liyajie 4Сʱ_mousemovements
193.13717871428568 266.12561 267.009277 298.368591 0 648.98999 0 0 942.634033 47.619049 298.368591 0 47.904258999999996 343.0523983333333 86.074059 166.396137 0.09090909090909091 0.09090909090909091 0.09090909090909091 0.0 0.18181818181818182 0.2727272727272727 0.09090909090909091 0.18181818181818182 63.670047999999994 47.619049 334.024442 0.875 0.03125 0.09375 0.6363636363636364 0.09090909090909091 0.09090909090909091 0.09090909090909091 0.0 0.09090909090909091 0.0 0.0 0.6428571428571429 0.14285714285714285 0.07142857142857142 0.10714285714285714 0.03571428571428571 liyajie 4Сʱ_mousemovements
105.86129257142859 480.0795285 0 711.036255 850.356995 2390.638061666667 538.704712 1782.874634 209.870544 2253.9222210000003 985.770386 0 293.17880249999996 692.6727246666668 275.7626125 10.638298 0.0625 0.1875 0.125 0.0 0.25 0.1875 0.125 0.0625 321.24955609374996 66.02066366666666 569.506775 0.8205128205128205 0.07692307692307693 0.10256410256410256 0.4375 0.125 0.0 0.0625 0.0625 0.1875 0.0625 0.0625 0.5428571428571428 0.14285714285714285 0.22857142857142856 0.02857142857142857 0.05714285714285714 liyajie 4Сʱ_mousemovements
270.776279 0 471.222656 0 0 0 946.895325 0 248.4528895 0 0 720.70459 0 506.41822449999995 0 0 0.4 0.0 0.0 0.2 0.0 0.4 0.0 0.0 148.69645453333334 0 0 1.0 0.0 0.0 0.6 0.0 0.2 0.0 0.0 0.0 0.2 0.0 0.5833333333333334 0.25 0.08333333333333333 0.08333333333333333 0.0 liyajie 4Сʱ_mousemovements
386.89475933333335 851.494202 1966.584839 0 816.113342 0 0 0 0 816.113342 0 470.766602 599.2292098571428 312.5 0 851.494202 0.0 0.08333333333333333 0.0 0.16666666666666666 0.5833333333333334 0.08333333333333333 0.0 0.08333333333333333 190.91308712121207 0 816.113342 0.9705882352941176 0.0 0.029411764705882353 0.75 0.08333333333333333 0.08333333333333333 0.0 0.08333333333333333 0.0 0.0 0.0 0.6 0.16666666666666666 0.2 0.03333333333333333 0.0 liyajie 4Сʱ_mousemovements
0 0 0 0 0 0 0 0 0 0 0 0 0 0 0 0 0 0 0 0 0 0 0 0 0 0 0 0 0 0 0 0 0 0 0 0 0 0 0 0 0 0 0 liyajie 4Сʱ_mousemovements
0 0 0 0 0 0 0 0 0 0 0 0 0 0 0 0 0 0 0 0 0 0 0 0 0 0 0 0 0 0 0 0 0 0 0 0 0 0 0 0 0 0 0 liyajie 4Сʱ_mousemovements
124.87829819999999 366.066742 589.4038395 1151.046021 0 2278.678711 973.165283 678.391479 298.549591 678.391479 1322.3727265 1151.046021 0 0 353.97355171428575 0 0.08333333333333333 0.08333333333333333 0.16666666666666666 0.08333333333333333 0.0 0.0 0.5833333333333334 0.0 187.47154786666667 21.276596 401.2810935 0.8571428571428571 0.02857142857142857 0.11428571428571428 0.4166666666666667 0.08333333333333333 0.16666666666666666 0.08333333333333333 0.0 0.08333333333333333 0.08333333333333333 0.08333333333333333 0.59375 0.15625 0.1875 0.0625 0.0 liyajie 4Сʱ_mousemovements
0 0 0 0 0 0 0 0 0 0 0 0 0 0 0 0 0 0 0 0 0 0 0 0 0 0 0 0 0 0 0 0 0 0 0 0 0 0 0 0 0 0 0 liyajie 4Сʱ_mousemovements
0 0 0 0 0 0 0 0 0 0 0 0 0 0 0 0 0 0 0 0 0 0 0 0 0 0 0 0 0 0 0 0 0 0 0 0 0 0 0 0 0 0 0 liyajie 4Сʱ_mousemovements
0 0 0 0 0 0 0 0 0 0 0 0 0 0 0 0 0 0 0 0 0 0 0 0 0 0 0 0 0 0 0 0 0 0 0 0 0 0 0 0 0 0 0 liyajie 4Сʱ_mousemovements
0 0 0 0 0 0 0 0 0 0 0 0 0 0 0 0 0 0 0 0 0 0 0 0 0 0 0 0 0 0 0 0 0 0 0 0 0 0 0 0 0 0 0 liyajie 4Сʱ_mousemovements
32.5300815 472.687744 0 0 0 0 934.125549 0 0 0 0 0 56.01408 141.18268283333333 0.0 0 0.0 0.0 0.0 0.0 0.1875 0.75 0.0625 0.0 45.42035204878049 0 0 1.0 0.0 0.0 0.875 0.0625 0.0 0.0 0.0 0.0 0.0625 0.0 0.525 0.35 0.05 0.075 0.0 liyajie 4Сʱ_mousemovements
380.54564466666665 0 0 0 0 0 0 0 440.558655 675.024475 0 0 0 0 26.053804 0 0.3333333333333333 0.3333333333333333 0.0 0.0 0.0 0.0 0.3333333333333333 0.0 39.84225464285714 0 26.053804 0.9655172413793104 0.0 0.034482758620689655 1.0 0.0 0.0 0.0 0.0 0.0 0.0 0.0 0.5769230769230769 0.15384615384615385 0.11538461538461539 0.11538461538461539 0.038461538461538464 liyajie 4Сʱ_mousemovements
0 0 0 0 0 0 0 0 0 0 0 0 0 0 0 0 0 0 0 0 0 0 0 0 0 0 0 0 0 0 0 0 0 0 0 0 0 0 0 0 0 0 0 liyajie 4Сʱ_mousemovements
97.51396618181819 828.3329469999999 0 585.209351 0 0 0 0 1078.128174 28.3121235 596.9066775 297.94043 253.51364974999998 187.5 0 228.62679239999997 0.0625 0.125 0.125 0.0625 0.25 0.0625 0.0 0.3125 69.11904828333333 5.893300249999999 400.2393345 0.9090909090909091 0.06060606060606061 0.030303030303030304 0.6875 0.25 0.0 0.0625 0.0 0.0 0.0 0.0 0.625 0.1875 0.109375 0.0625 0.015625 liyajie 4Сʱ_mousemovements
98.02303280000001 69.932999 0 0 698.2309266666667 0 0 0 24.0 507.493935 134.8628385 116.49559 0 375.0290375 191.3536764 12.820513 0.07142857142857142 0.14285714285714285 0.14285714285714285 0.07142857142857142 0.0 0.14285714285714285 0.35714285714285715 0.07142857142857142 80.3402156 97.66255266666667 39.960903 0.8974358974358975 0.07692307692307693 0.02564102564102564 0.7142857142857143 0.07142857142857142 0.0 0.0 0.21428571428571427 0.0 0.0 0.0 0.5555555555555556 0.2222222222222222 0.1388888888888889 0.027777777777777776 0.05555555555555555 liyajie 4Сʱ_mousemovements
64.3466425 0 0 0 0 0 0 0 0 0 0 115.872772 0 0 12.820513 0 0.0 0.0 0.0 0.5 0.0 0.0 0.5 0.0 5.849694772727273 0 0 1.0 0.0 0.0 1.0 0.0 0.0 0.0 0.0 0.0 0.0 0.0 0.5555555555555556 0.2222222222222222 0.05555555555555555 0.1111111111111111 0.05555555555555555 liyajie 4Сʱ_mousemovements
35.313709 0 0 0 0 0 0 0 0 35.313709 0 0 0 0 0 0 0.0 1.0 0.0 0.0 0.0 0.0 0.0 0.0 7.0627418 0 0 1.0 0.0 0.0 1.0 0.0 0.0 0.0 0.0 0.0 0.0 0.0 1.0 0.0 0.0 0.0 0.0 liyajie 4Сʱ_mousemovements
121.947395 0 0 517.243958 544.31366 0 0 0 0 0 0 0 333.1305275 517.243958 0 0 0.0 0.0 0.0 0.0 0.6666666666666666 0.3333333333333333 0.0 0.0 147.938126625 0 0 1.0 0.0 0.0 0.3333333333333333 0.0 0.0 0.3333333333333333 0.3333333333333333 0.0 0.0 0.0 0.3333333333333333 0.16666666666666666 0.16666666666666666 0.3333333333333333 0.0 liyajie 4Сʱ_mousemovements
86.12759975 684.563171 1013.136841 0 438.683716 0 0 0 438.683716 0 0 684.563171 33.426186 437.633433 11.320755 0 0.14285714285714285 0.0 0.0 0.14285714285714285 0.14285714285714285 0.42857142857142855 0.14285714285714285 0.0 92.31316618181819 0 225.0022355 0.9166666666666666 0.0 0.08333333333333333 0.5714285714285714 0.14285714285714285 0.14285714285714285 0.0 0.14285714285714285 0.0 0.0 0.0 0.5909090909090909 0.36363636363636365 0.0 0.045454545454545456 0.0 liyajie 4Сʱ_mousemovements
75.81443671428569 476.643112 605.62561 0 0 1716.762207 2957.091064 0 704.1789676666667 10.638298 605.62561 0 74.72435200000001 1616.4897 326.11862349999996 0.0 0.25 0.08333333333333333 0.08333333333333333 0.0 0.16666666666666666 0.16666666666666666 0.16666666666666666 0.08333333333333333 171.7199967878788 10.638298 217.213594 0.8461538461538461 0.02564102564102564 0.1282051282051282 0.5833333333333334 0.16666666666666666 0.08333333333333333 0.0 0.0 0.08333333333333333 0.08333333333333333 0.0 0.6 0.14285714285714285 0.17142857142857143 0.02857142857142857 0.05714285714285714 liyajie 4Сʱ_mousemovements
159.2692 487.8709485 917.033447 623.2850646666666 559.332092 960.2887875 0 0 608.209269 858.52066 295.92234775 178.290164 211.56288500000002 1088.2156573333334 279.349056 100.31647600000001 0.11538461538461539 0.07692307692307693 0.15384615384615385 0.11538461538461539 0.2692307692307692 0.11538461538461539 0.07692307692307693 0.07692307692307693 118.23107769736843 10.752688 176.8832648 0.8735632183908046 0.011494252873563218 0.11494252873563218 0.5 0.15384615384615385 0.07692307692307693 0.11538461538461539 0.07692307692307693 0.07692307692307693 0.0 0.0 0.5822784810126582 0.17721518987341772 0.10126582278481013 0.06329113924050633 0.0759493670886076 liyajie 4Сʱ_mousemovements
226.032913 371.16513050000003 2686.078125 0 0 2519.655762 0 0 2686.078125 0 372.71567766666664 0 0 0 1307.4469299999998 207.043869 0.14285714285714285 0.0 0.42857142857142855 0.0 0.0 0.0 0.2857142857142857 0.14285714285714285 414.1351804375 0 0 1.0 0.0 0.0 0.42857142857142855 0.2857142857142857 0.14285714285714285 0.0 0.0 0.14285714285714285 0.0 0.0 0.5714285714285714 0.21428571428571427 0.21428571428571427 0.0 0.0 liyajie 4Сʱ_mousemovements
0 0 0 0 0 0 0 0 0 0 0 0 0 0 0 0 0 0 0 0 0 0 0 0 0 0 0 0 0 0 0 0 0 0 0 0 0 0 0 0 0 0 0 liyajie 4Сʱ_mousemovements
0 0 0 0 0 0 0 0 0 0 0 0 0 0 0 0 0 0 0 0 0 0 0 0 0 0 0 0 0 0 0 0 0 0 0 0 0 0 0 0 0 0 0 liyajie 4Сʱ_mousemovements
0 0 0 0 0 0 0 0 0 0 0 0 0 0 0 0 0 0 0 0 0 0 0 0 0 0 0 0 0 0 0 0 0 0 0 0 0 0 0 0 0 0 0 liyajie 4Сʱ_mousemovements
0 0 0 0 0 0 0 0 0 0 0 0 0 0 0 0 0 0 0 0 0 0 0 0 0 0 0 0 0 0 0 0 0 0 0 0 0 0 0 0 0 0 0 liyajie 4Сʱ_mousemovements
71.6200915 0 0 0 0 0 0 880.902771 0 47.0194045 0 880.902771 15.873015 0 176.568542 0 0.0 0.4 0.0 0.2 0.2 0.0 0.2 0.0 9.62207785 0 324.98052666666666 0.8695652173913043 0.0 0.13043478260869565 0.8 0.0 0.0 0.0 0.0 0.0 0.0 0.2 0.7142857142857143 0.14285714285714285 0.0 0.09523809523809523 0.047619047619047616 liyajie 4Сʱ_mousemovements
0 0 0 0 0 0 0 0 0 0 0 0 0 0 0 0 0 0 0 0 0 0 0 0 0 0 0 0 0 0 0 0 0 0 0 0 0 0 0 0 0 0 0 liyajie 4Сʱ_mousemovements
0 0 0 0 0 0 0 0 0 0 0 0 0 0 0 0 0 0 0 0 0 0 0 0 0 0 0 0 0 0 0 0 0 0 0 0 0 0 0 0 0 0 0 liyajie 4Сʱ_mousemovements
0 0 0 0 0 0 0 0 0 0 0 0 0 0 0 0 0 0 0 0 0 0 0 0 0 0 0 0 0 0 0 0 0 0 0 0 0 0 0 0 0 0 0 liyajie 4Сʱ_mousemovements
0 0 0 0 0 0 0 0 0 0 0 0 0 0 0 0 0 0 0 0 0 0 0 0 0 0 0 0 0 0 0 0 0 0 0 0 0 0 0 0 0 0 0 liyajie 4Сʱ_mousemovements
0 0 0 0 0 0 0 0 0 0 0 0 0 0 0 0 0 0 0 0 0 0 0 0 0 0 0 0 0 0 0 0 0 0 0 0 0 0 0 0 0 0 0 liyajie 4Сʱ_mousemovements
0 0 0 0 0 0 0 0 0 0 0 0 0 0 0 0 0 0 0 0 0 0 0 0 0 0 0 0 0 0 0 0 0 0 0 0 0 0 0 0 0 0 0 liyajie 4Сʱ_mousemovements
0 0 0 0 0 0 0 0 0 0 0 0 0 0 0 0 0 0 0 0 0 0 0 0 0 0 0 0 0 0 0 0 0 0 0 0 0 0 0 0 0 0 0 liyajie 4Сʱ_mousemovements
0 0 0 0 0 0 0 0 0 0 0 0 0 0 0 0 0 0 0 0 0 0 0 0 0 0 0 0 0 0 0 0 0 0 0 0 0 0 0 0 0 0 0 liyajie 4Сʱ_mousemovements
0 0 0 0 0 0 0 0 0 0 0 0 0 0 0 0 0 0 0 0 0 0 0 0 0 0 0 0 0 0 0 0 0 0 0 0 0 0 0 0 0 0 0 liyajie 4Сʱ_mousemovements
0 0 0 0 0 0 0 0 0 0 0 0 0 0 0 0 0 0 0 0 0 0 0 0 0 0 0 0 0 0 0 0 0 0 0 0 0 0 0 0 0 0 0 liyajie 4Сʱ_mousemovements
0 0 0 0 0 0 0 0 0 0 0 0 0 0 0 0 0 0 0 0 0 0 0 0 0 0 0 0 0 0 0 0 0 0 0 0 0 0 0 0 0 0 0 liyajie 4Сʱ_mousemovements
0 0 0 0 0 0 0 0 0 0 0 0 0 0 0 0 0 0 0 0 0 0 0 0 0 0 0 0 0 0 0 0 0 0 0 0 0 0 0 0 0 0 0 liyajie 4Сʱ_mousemovements
0 0 0 0 0 0 0 0 0 0 0 0 0 0 0 0 0 0 0 0 0 0 0 0 0 0 0 0 0 0 0 0 0 0 0 0 0 0 0 0 0 0 0 liyajie 4Сʱ_mousemovements
0 0 0 0 0 0 0 0 0 0 0 0 0 0 0 0 0 0 0 0 0 0 0 0 0 0 0 0 0 0 0 0 0 0 0 0 0 0 0 0 0 0 0 liyajie 4Сʱ_mousemovements
0 0 0 0 0 0 0 0 0 0 0 0 0 0 0 0 0 0 0 0 0 0 0 0 0 0 0 0 0 0 0 0 0 0 0 0 0 0 0 0 0 0 0 liyajie 4Сʱ_mousemovements
0 0 0 0 0 0 0 0 0 0 0 0 0 0 0 0 0 0 0 0 0 0 0 0 0 0 0 0 0 0 0 0 0 0 0 0 0 0 0 0 0 0 0 liyajie 4Сʱ_mousemovements
0 0 0 0 0 0 0 0 0 0 0 0 0 0 0 0 0 0 0 0 0 0 0 0 0 0 0 0 0 0 0 0 0 0 0 0 0 0 0 0 0 0 0 liyajie 4Сʱ_mousemovements
0 0 0 0 0 0 0 0 0 0 0 0 0 0 0 0 0 0 0 0 0 0 0 0 0 0 0 0 0 0 0 0 0 0 0 0 0 0 0 0 0 0 0 liyajie 4Сʱ_mousemovements
78.474109 257.195953 0 0 0 0 883.768005 0 108.478386 114.285713 883.768005 0 0 0 257.195953 12.658228 0.2 0.2 0.2 0.0 0.0 0.0 0.2 0.2 26.53440471428571 12.658228 496.1231955 0.8235294117647058 0.058823529411764705 0.11764705882352941 0.6 0.2 0.0 0.0 0.0 0.0 0.2 0.0 0.3125 0.25 0.125 0.25 0.0625 liyajie 4Сʱ_mousemovements
70.1638925 0 1717.91394 0 1997.442139 0 1089.662842 1512.072632 0 610.4081575 1997.442139 0 1512.072632 0 0 863.544126 0.0 0.3333333333333333 0.16666666666666666 0.0 0.16666666666666666 0.0 0.0 0.3333333333333333 496.0188481538462 9.174312 0 0.9285714285714286 0.07142857142857142 0.0 0.3333333333333333 0.0 0.16666666666666666 0.0 0.16666666666666666 0.0 0.16666666666666666 0.16666666666666666 0.6666666666666666 0.08333333333333333 0.25 0.0 0.0 liyajie 4Сʱ_mousemovements
99.87651316666667 280.629883 0 586.21405 0 2555.14209 0 1077.3659055 152.050461 2026.0078735 0 0 287.90040775 355.10866550000003 0.0 110.091743 0.09090909090909091 0.18181818181818182 0.0 0.0 0.36363636363636365 0.18181818181818182 0.09090909090909091 0.09090909090909091 97.79689259615384 0 363.5128326666667 0.9454545454545454 0.0 0.05454545454545454 0.5454545454545454 0.09090909090909091 0.0 0.09090909090909091 0.0 0.09090909090909091 0.0 0.18181818181818182 0.5306122448979592 0.20408163265306123 0.1836734693877551 0.04081632653061224 0.04081632653061224 liyajie 4Сʱ_mousemovements
91.086418 0 1933.403687 0 480.570068 0 0 0 0 0 0 0 0 835.0200576666666 0 0 0.0 0.0 0.0 0.0 0.0 1.0 0.0 0.0 219.45215954545455 0 91.086418 0.9166666666666666 0.0 0.08333333333333333 0.3333333333333333 0.0 0.3333333333333333 0.0 0.3333333333333333 0.0 0.0 0.0 0.6 0.3 0.0 0.0 0.1 liyajie 4Сʱ_mousemovements
141.556351 0 0 0 0 0 1144.838989 0 0 643.19767 0 0 0 0 0 0 0.0 1.0 0.0 0.0 0.0 0.0 0.0 0.0 286.20974725 0 141.556351 0.8 0.0 0.2 0.5 0.0 0.0 0.0 0.0 0.0 0.5 0.0 0.6 0.2 0.2 0.0 0.0 liyajie 4Сʱ_mousemovements
0 0 0 0 0 0 0 0 0 0 0 0 0 0 0 0 0 0 0 0 0 0 0 0 0 0 0 0 0 0 0 0 0 0 0 0 0 0 0 0 0 0 0 liyajie 4Сʱ_mousemovements
0 0 0 0 0 0 0 0 0 0 0 0 0 0 0 0 0 0 0 0 0 0 0 0 0 0 0 0 0 0 0 0 0 0 0 0 0 0 0 0 0 0 0 liyajie 4Сʱ_mousemovements
0 0 0 0 0 0 0 0 0 0 0 0 0 0 0 0 0 0 0 0 0 0 0 0 0 0 0 0 0 0 0 0 0 0 0 0 0 0 0 0 0 0 0 liyajie 4Сʱ_mousemovements
0 0 0 0 0 0 0 0 0 0 0 0 0 0 0 0 0 0 0 0 0 0 0 0 0 0 0 0 0 0 0 0 0 0 0 0 0 0 0 0 0 0 0 liyajie 4Сʱ_mousemovements
0 0 0 0 0 0 0 0 0 0 0 0 0 0 0 0 0 0 0 0 0 0 0 0 0 0 0 0 0 0 0 0 0 0 0 0 0 0 0 0 0 0 0 liyajie 4Сʱ_mousemovements
0 0 0 0 0 0 0 0 0 0 0 0 0 0 0 0 0 0 0 0 0 0 0 0 0 0 0 0 0 0 0 0 0 0 0 0 0 0 0 0 0 0 0 liyajie 4Сʱ_mousemovements
