101.19233447058824 399.18991850000003 0 0 0 0 0 0 74.61487966666667 301.60330700000003 91.81871 97.443306 0 175.87209099999998 59.37987979999999 100.17259200000001 0.15789473684210525 0.15789473684210525 0.05263157894736842 0.05263157894736842 0.0 0.21052631578947367 0.2631578947368421 0.10526315789473684 39.83980781132075 101.78492725000001 0 0.9298245614035088 0.07017543859649122 0.0 0.8947368421052632 0.10526315789473684 0.0 0.0 0.0 0.0 0.0 0.0 0.54 0.34 0.06 0.0 0.06 liyajie 5Сʱ_mousemovements
156.7189677368421 164.301483 288.172363 315.657562 0 0 0 0 83.67966966666667 249.046051 0 137.98272066666667 215.490854875 176.0010755 0 151.1659166 0.13636363636363635 0.045454545454545456 0.0 0.13636363636363635 0.36363636363636365 0.09090909090909091 0.0 0.22727272727272727 65.71564552631578 0 0 1.0 0.0 0.0 0.8636363636363636 0.045454545454545456 0.045454545454545456 0.045454545454545456 0.0 0.0 0.0 0.0 0.32653061224489793 0.4489795918367347 0.08163265306122448 0.061224489795918366 0.08163265306122448 liyajie 5Сʱ_mousemovements
206.18155491304344 438.9546355 0 0 0 0 0 0 188.08032366666666 0 436.85553 408.056763 237.9832922307692 0 0 159.59271014285716 0.12 0.0 0.04 0.04 0.52 0.0 0.0 0.28 104.07564877777779 0 0 1.0 0.0 0.0 0.92 0.08 0.0 0.0 0.0 0.0 0.0 0.0 0.5714285714285714 0.2857142857142857 0.061224489795918366 0.02040816326530612 0.061224489795918366 liyajie 5Сʱ_mousemovements
102.93965687500001 0 0 0 0 0 0 0 175.66024 0 0 655.228455 49.26812115384617 0 0 0 0.125 0.0 0.0 0.0625 0.8125 0.0 0.0 0.0 37.4326025 0 0 1.0 0.0 0.0 1.0 0.0 0.0 0.0 0.0 0.0 0.0 0.0 0.6976744186046512 0.13953488372093023 0.046511627906976744 0.06976744186046512 0.046511627906976744 liyajie 5Сʱ_mousemovements
413.99030059999996 947.115845 269.582062 0 0 0 928.459473 0 362.665833 680.8717194999999 0 0 597.3644496666667 44.0 0 800.8610535 0.1111111111111111 0.2222222222222222 0.0 0.0 0.3333333333333333 0.1111111111111111 0.0 0.2222222222222222 166.52337832258064 0 0 1.0 0.0 0.0 0.5555555555555556 0.2222222222222222 0.1111111111111111 0.0 0.0 0.0 0.1111111111111111 0.0 0.5925925925925926 0.25925925925925924 0.07407407407407407 0.07407407407407407 0.0 liyajie 5Сʱ_mousemovements
172.13966366666668 115.99839800000001 760.8620913333334 0 0 0 700.1798705 826.196472 507.92753600000003 171.16912333333335 345.63157133333334 613.594101 700.4565735 443.038727 326.460162 47.50938225 0.1 0.15 0.15 0.1 0.1 0.05 0.15 0.2 82.96649903125001 48.299783999999995 700.1798705 0.9411764705882353 0.029411764705882353 0.029411764705882353 0.6 0.1 0.15 0.0 0.0 0.0 0.1 0.05 0.639344262295082 0.14754098360655737 0.13114754098360656 0.0 0.08196721311475409 liyajie 5Сʱ_mousemovements
162.48533857142857 0 0 0 0 0 0 0 65.72345575 0 0 0 0 0 0 291.5011823333333 0.5714285714285714 0.0 0.0 0.0 0.0 0.0 0.0 0.42857142857142855 81.24266928571429 0 0 1.0 0.0 0.0 1.0 0.0 0.0 0.0 0.0 0.0 0.0 0.0 0.75 0.0 0.125 0.125 0.0 liyajie 5Сʱ_mousemovements
182.83645411999998 324.65115349999996 0 0 0 0 0 0 566.9358824999999 0 0 69.268684 107.2476628 46.32324 324.65115349999996 405.02156049999996 0.07407407407407407 0.0 0.0 0.037037037037037035 0.5555555555555556 0.1111111111111111 0.07407407407407407 0.14814814814814814 75.65527043478261 0 0 1.0 0.0 0.0 0.9259259259259259 0.07407407407407407 0.0 0.0 0.0 0.0 0.0 0.0 0.5967741935483871 0.2903225806451613 0.04838709677419355 0.06451612903225806 0.0 liyajie 5Сʱ_mousemovements
220.0926097333333 458.28062450000004 380.740906 0 0 0 903.265503 0 314.406408 0 0 0 233.068853125 96.57373050000001 380.740906 424.05967759999993 0.15789473684210525 0.0 0.0 0.0 0.42105263157894735 0.10526315789473684 0.05263157894736842 0.2631578947368421 113.5658491111111 195.746797 0 0.9574468085106383 0.0425531914893617 0.0 0.7894736842105263 0.10526315789473684 0.05263157894736842 0.0 0.0 0.0 0.05263157894736842 0.0 0.42857142857142855 0.3333333333333333 0.11904761904761904 0.07142857142857142 0.047619047619047616 liyajie 5Сʱ_mousemovements
25.5870774 0 0 0 0 1942.716797 2479.853271 0 0 0 0 0 1942.716797 0 434.631443 0 0.0 0.0 0.0 0.0 0.14285714285714285 0.0 0.8571428571428571 0.0 137.8941046969697 0 0 1.0 0.0 0.0 0.7142857142857143 0.0 0.0 0.0 0.0 0.14285714285714285 0.14285714285714285 0.0 0.7 0.2 0.0 0.06666666666666667 0.03333333333333333 liyajie 5Сʱ_mousemovements
71.084901 0 610.535767 456.084686 0 544.307739 0 0 0 59.6965385 384.29626499999995 0 0 0 456.084686 275.5987515 0.0 0.2857142857142857 0.2857142857142857 0.0 0.0 0.0 0.14285714285714285 0.2857142857142857 49.147779423076926 610.535767 6.889764 0.9285714285714286 0.03571428571428571 0.03571428571428571 0.5714285714285714 0.0 0.14285714285714285 0.14285714285714285 0.0 0.14285714285714285 0.0 0.0 0.5454545454545454 0.2727272727272727 0.045454545454545456 0.13636363636363635 0.0 liyajie 5Сʱ_mousemovements
173.61935420000003 0 816.225525 0 0 899.44397 0 0 0 194.0094755 0 0 816.225525 0 899.44397 160.02594 0.0 0.2857142857142857 0.0 0.0 0.14285714285714285 0.0 0.14285714285714285 0.42857142857142855 63.06817030434782 0 377.732783 0.8846153846153846 0.0 0.11538461538461539 0.7142857142857143 0.0 0.14285714285714285 0.0 0.0 0.14285714285714285 0.0 0.0 0.64 0.32 0.04 0.0 0.0 liyajie 5Сʱ_mousemovements
175.87503550000002 650.27356 0 609.723755 0 1011.089539 0 389.734406 650.27356 389.734406 0 0 765.1931155 223.31366 200.0 460.5676946666667 0.1111111111111111 0.1111111111111111 0.0 0.0 0.2222222222222222 0.1111111111111111 0.1111111111111111 0.3333333333333333 197.8966057368421 12.820513 294.867203 0.8260869565217391 0.08695652173913043 0.08695652173913043 0.4444444444444444 0.1111111111111111 0.0 0.1111111111111111 0.0 0.2222222222222222 0.0 0.1111111111111111 0.38095238095238093 0.2857142857142857 0.23809523809523808 0.047619047619047616 0.047619047619047616 liyajie 5Сʱ_mousemovements
0 0 0 0 0 0 0 0 0 0 0 0 0 0 0 0 0 0 0 0 0 0 0 0 0 0 0 0 0 0 0 0 0 0 0 0 0 0 0 0 0 0 0 liyajie 5Сʱ_mousemovements
0 0 0 0 0 0 0 0 0 0 0 0 0 0 0 0 0 0 0 0 0 0 0 0 0 0 0 0 0 0 0 0 0 0 0 0 0 0 0 0 0 0 0 liyajie 5Сʱ_mousemovements
0 0 0 0 0 0 0 0 0 0 0 0 0 0 0 0 0 0 0 0 0 0 0 0 0 0 0 0 0 0 0 0 0 0 0 0 0 0 0 0 0 0 0 liyajie 5Сʱ_mousemovements
223.476634875 0 390.736786 1218.754761 0 0 0 0 0 0 1218.754761 390.736786 195.63920599999997 359.117978 0 61.7707635 0.0 0.0 0.1 0.1 0.3 0.3 0.0 0.2 164.89070469999996 5.319149 88.852234 0.8695652173913043 0.08695652173913043 0.043478260869565216 0.8 0.0 0.1 0.1 0.0 0.0 0.0 0.0 0.7272727272727273 0.13636363636363635 0.09090909090909091 0.045454545454545456 0.0 liyajie 5Сʱ_mousemovements
0 1711.980225 0 596.823792 0 730.835022 0 0 1711.980225 0 596.823792 0 0 0 730.835022 0 0.3333333333333333 0.0 0.3333333333333333 0.0 0.0 0.0 0.3333333333333333 0.0 329.8291452857143 0 730.835022 0.875 0.0 0.125 0.0 0.3333333333333333 0.0 0.3333333333333333 0.0 0.3333333333333333 0.0 0.0 0.42857142857142855 0.14285714285714285 0.2857142857142857 0.14285714285714285 0.0 liyajie 5Сʱ_mousemovements
102.697829 0 537.567627 0 0 587.545654 1562.6154175 626.221985 0 941.5836586666666 0 0 428.66543866666666 0 275.19407 626.221985 0.0 0.3333333333333333 0.0 0.0 0.3333333333333333 0.0 0.2222222222222222 0.1111111111111111 203.72413304347828 12.820513 196.293948 0.8518518518518519 0.037037037037037035 0.1111111111111111 0.4444444444444444 0.0 0.1111111111111111 0.0 0.0 0.1111111111111111 0.2222222222222222 0.1111111111111111 0.6818181818181818 0.09090909090909091 0.13636363636363635 0.045454545454545456 0.045454545454545456 liyajie 5Сʱ_mousemovements
103.613551 370.71586099999996 315.748566 873.1287080000001 681.468506 0 0 0 158.720957 296.079254 286.2113673333333 40.816326 211.59696200000002 995.678528 410.22781240000006 148.676058375 0.13793103448275862 0.1724137931034483 0.10344827586206896 0.034482758620689655 0.06896551724137931 0.034482758620689655 0.1724137931034483 0.27586206896551724 79.38182928409093 56.769902333333334 172.74660766666668 0.9361702127659575 0.031914893617021274 0.031914893617021274 0.6896551724137931 0.10344827586206896 0.034482758620689655 0.13793103448275862 0.034482758620689655 0.0 0.0 0.0 0.5444444444444444 0.2777777777777778 0.05555555555555555 0.07777777777777778 0.044444444444444446 liyajie 5Сʱ_mousemovements
162.75810355555555 0 0 638.482605 0 587.576599 830.745911 0 122.13995724999998 378.5523755 168.697128 830.745911 58.510639 289.763592 0 638.482605 0.3333333333333333 0.16666666666666666 0.08333333333333333 0.08333333333333333 0.08333333333333333 0.16666666666666666 0.0 0.08333333333333333 110.05087646874998 0 0.0 0.9411764705882353 0.0 0.058823529411764705 0.75 0.0 0.0 0.08333333333333333 0.0 0.08333333333333333 0.08333333333333333 0.0 0.5862068965517241 0.1724137931034483 0.13793103448275862 0.06896551724137931 0.034482758620689655 liyajie 5Сʱ_mousemovements
124.98803669230772 272.6152666 874.1412760000002 402.616913 0 0 0 0 15.044826 164.904964 283.38317116666667 0 0 76.912376 670.1401615000001 56.0 0.045454545454545456 0.4090909090909091 0.2727272727272727 0.0 0.0 0.045454545454545456 0.18181818181818182 0.045454545454545456 104.48056584210528 57.569298 0 0.9827586206896551 0.017241379310344827 0.0 0.5909090909090909 0.22727272727272727 0.13636363636363635 0.045454545454545456 0.0 0.0 0.0 0.0 0.41509433962264153 0.2641509433962264 0.20754716981132076 0.018867924528301886 0.09433962264150944 liyajie 5Сʱ_mousemovements
611.568909 0 0 0 0 0 0 0 611.568909 0 0 0 0 0 0 0 1.0 0.0 0.0 0.0 0.0 0.0 0.0 0.0 305.7844545 0 0 1.0 0.0 0.0 1.0 0.0 0.0 0.0 0.0 0.0 0.0 0.0 1.0 0.0 0.0 0.0 0.0 liyajie 5Сʱ_mousemovements
127.41196049999999 445.182663 528.3039705 0 359.570099 383.351776 0 0 239.205124 119.27098960000001 383.351776 0 0 477.1251605 200.290817 159.07786 0.0625 0.3125 0.0625 0.0 0.0 0.25 0.0625 0.25 61.9432320909091 561.070694 116.371147 0.9361702127659575 0.0425531914893617 0.02127659574468085 0.625 0.125 0.125 0.0 0.0625 0.0625 0.0 0.0 0.55 0.3 0.075 0.025 0.05 liyajie 5Сʱ_mousemovements
213.29556283333332 220.46714766666665 0 0 635.265869 0 0 0 0 224.319303 252.8730465 0 0 0 635.265869 89.512909 0.0 0.6 0.2 0.0 0.0 0.0 0.1 0.1 83.59489862068965 152.188629 0 0.9666666666666667 0.03333333333333333 0.0 0.6 0.3 0.0 0.0 0.1 0.0 0.0 0.0 0.5714285714285714 0.17857142857142858 0.14285714285714285 0.07142857142857142 0.03571428571428571 liyajie 5Сʱ_mousemovements
269.986784125 170.21801 833.5904336666666 0 577.3883106666666 0 1369.19165 0 278.564007 597.4478084285714 170.21801 0 0 430.62134349999997 650.1370545 0 0.11764705882352941 0.4117647058823529 0.11764705882352941 0.0 0.0 0.23529411764705882 0.11764705882352941 0.0 213.22258357894734 0 0 1.0 0.0 0.0 0.47058823529411764 0.11764705882352941 0.17647058823529413 0.0 0.17647058823529413 0.0 0.058823529411764705 0.0 0.4117647058823529 0.20588235294117646 0.08823529411764706 0.17647058823529413 0.11764705882352941 liyajie 5Сʱ_mousemovements
330.3838875 0 0 0 1096.8793335 0 0 0 397.766899 331.811208 1021.056132 303.684296 0 106.38298 0 116.697224 0.16666666666666666 0.25 0.25 0.08333333333333333 0.0 0.08333333333333333 0.0 0.16666666666666666 168.33827590624998 0 110.772713 0.9696969696969697 0.0 0.030303030303030304 0.8333333333333334 0.0 0.0 0.0 0.16666666666666666 0.0 0.0 0.0 0.5357142857142857 0.32142857142857145 0.03571428571428571 0.10714285714285714 0.0 liyajie 5Сʱ_mousemovements
0 0 0 0 0 0 0 0 0 0 0 0 0 0 0 0 0 0 0 0 0 0 0 0 0 0 0 0 0 0 0 0 0 0 0 0 0 0 0 0 0 0 0 liyajie 5Сʱ_mousemovements
0 0 0 0 0 0 0 0 0 0 0 0 0 0 0 0 0 0 0 0 0 0 0 0 0 0 0 0 0 0 0 0 0 0 0 0 0 0 0 0 0 0 0 liyajie 5Сʱ_mousemovements
0 0 0 0 0 0 0 0 0 0 0 0 0 0 0 0 0 0 0 0 0 0 0 0 0 0 0 0 0 0 0 0 0 0 0 0 0 0 0 0 0 0 0 liyajie 5Сʱ_mousemovements
59.548798999999995 842.805969 755.8813475000001 0 1751.561157 765.7513426666666 0 0 0 21.276596 403.056915 0 1290.812805 190.441208 459.4255416 245.79732225 0.0 0.06666666666666667 0.13333333333333333 0.0 0.13333333333333333 0.06666666666666667 0.3333333333333333 0.26666666666666666 156.8063769722222 107.1195045 510.25283049999996 0.9 0.05 0.05 0.5333333333333333 0.06666666666666667 0.13333333333333333 0.0 0.06666666666666667 0.2 0.0 0.0 0.6764705882352942 0.17647058823529413 0.029411764705882353 0.058823529411764705 0.058823529411764705 liyajie 5Сʱ_mousemovements
12.779683 0 0 0 0 0 1014.234741 0 0 1014.234741 0 0 12.820513 0 12.738853 0 0.0 0.3333333333333333 0.0 0.0 0.3333333333333333 0.0 0.3333333333333333 0.0 171.17587566666666 12.738853 0 0.8571428571428571 0.14285714285714285 0.0 0.6666666666666666 0.0 0.0 0.0 0.0 0.0 0.3333333333333333 0.0 0.6666666666666666 0.16666666666666666 0.0 0.16666666666666666 0.0 liyajie 5Сʱ_mousemovements
260.03871524999994 563.374695 579.9387103333333 575.2701565 1067.1183165 630.801453 0 0 0 569.993538 308.6002246666667 366.866768 410.777191 119.53331266666665 659.59235875 497.9947205 0.0 0.19047619047619047 0.14285714285714285 0.09523809523809523 0.047619047619047616 0.14285714285714285 0.19047619047619047 0.19047619047619047 155.09990112962964 22.809896 235.25731275 0.9152542372881356 0.01694915254237288 0.06779661016949153 0.5714285714285714 0.047619047619047616 0.14285714285714285 0.09523809523809523 0.09523809523809523 0.047619047619047616 0.0 0.0 0.6481481481481481 0.18518518518518517 0.09259259259259259 0.037037037037037035 0.037037037037037035 liyajie 5Сʱ_mousemovements
215.9058022222222 645.8521860000001 520.069397 0 0 0 0 0 93.919441 737.9857119999999 0 399.99015799999995 15.873015 342.0927126666667 338.10826975 371.880041 0.058823529411764705 0.23529411764705882 0.0 0.11764705882352941 0.058823529411764705 0.17647058823529413 0.23529411764705882 0.11764705882352941 147.6037851162791 0 318.6120795 0.9555555555555556 0.0 0.044444444444444446 0.5294117647058824 0.4117647058823529 0.058823529411764705 0.0 0.0 0.0 0.0 0.0 0.5 0.3 0.15 0.05 0.0 liyajie 5Сʱ_mousemovements
195.43604304761908 623.8001405 0 940.7948915 0 1662.435425 0 0 423.807503 453.4326986666667 321.462896 0 198.6881666666667 378.2616736666667 374.2297142 246.6743725 0.07692307692307693 0.11538461538461539 0.11538461538461539 0.0 0.11538461538461539 0.23076923076923078 0.19230769230769232 0.15384615384615385 124.99319884615383 9.174312 190.512539 0.9285714285714286 0.014285714285714285 0.05714285714285714 0.8076923076923077 0.07692307692307693 0.0 0.07692307692307693 0.0 0.038461538461538464 0.0 0.0 0.625 0.203125 0.09375 0.0625 0.015625 liyajie 5Сʱ_mousemovements
176.07665233333333 248.878113 511.146698 894.226501 0 477.171692 0 0 0 0 150.3100125 288.60322260000004 187.5 0 188.8129143333333 609.268997 0.0 0.0 0.15384615384615385 0.38461538461538464 0.07692307692307693 0.0 0.23076923076923078 0.15384615384615385 118.50192525806453 42.553192 0 0.96875 0.03125 0.0 0.6923076923076923 0.07692307692307693 0.07692307692307693 0.07692307692307693 0.0 0.07692307692307693 0.0 0.0 0.6428571428571429 0.14285714285714285 0.17857142857142858 0.03571428571428571 0.0 liyajie 5Сʱ_mousemovements
166.6885847272727 530.1634025 1119.9769593333333 668.3898352499999 455.485733 0 906.1755370000001 1230.099854 464.392365 437.2899322 844.2451526666667 0 0 491.2571695 372.52053333333333 489.719946 0.03225806451612903 0.3225806451612903 0.1935483870967742 0.0 0.0 0.12903225806451613 0.1935483870967742 0.12903225806451613 204.5593428405797 0 486.79990225 0.9452054794520548 0.0 0.0547945205479452 0.3548387096774194 0.25806451612903225 0.0967741935483871 0.12903225806451613 0.06451612903225806 0.0 0.06451612903225806 0.03225806451612903 0.5373134328358209 0.208955223880597 0.1791044776119403 0.04477611940298507 0.029850746268656716 liyajie 5Сʱ_mousemovements
0 0 0 0 0 0 0 0 0 0 0 0 0 0 0 0 0 0 0 0 0 0 0 0 0 0 0 0 0 0 0 0 0 0 0 0 0 0 0 0 0 0 0 liyajie 5Сʱ_mousemovements
0 0 0 0 0 0 0 0 0 0 0 0 0 0 0 0 0 0 0 0 0 0 0 0 0 0 0 0 0 0 0 0 0 0 0 0 0 0 0 0 0 0 0 liyajie 5Сʱ_mousemovements
78.571426 93.520988 0 0 0 0 0 0 0 0 93.520988 0 0 0 78.571426 0 0.0 0.0 0.5 0.0 0.0 0.0 0.5 0.0 4.910714125 93.520988 0.0 0.8888888888888888 0.05555555555555555 0.05555555555555555 0.5 0.5 0.0 0.0 0.0 0.0 0.0 0.0 0.8125 0.1875 0.0 0.0 0.0 liyajie 5Сʱ_mousemovements
0 0 0 0 0 0 0 0 0 0 0 0 0 0 0 0 0 0 0 0 0 0 0 0 0.0 0 0 1.0 0.0 0.0 0 0 0 0 0 0 0 0 0 0 0 0 0 liyajie 5Сʱ_mousemovements
44.45434279999999 347.6104736666666 0 0 0 0 2251.693604 0 0 1007.8169456666666 0 0 64.516129 138.6613233333333 6.4229015 0 0.0 0.3333333333333333 0.0 0.0 0.1111111111111111 0.3333333333333333 0.2222222222222222 0.0 136.88160643478258 183.156143 2.207505 0.8846153846153846 0.07692307692307693 0.038461538461538464 0.5555555555555556 0.3333333333333333 0.0 0.0 0.0 0.0 0.1111111111111111 0.0 0.5416666666666666 0.2916666666666667 0.041666666666666664 0.125 0.0 liyajie 5Сʱ_mousemovements
0 0 0 0 0 0 0 0 0 0 0 0 0 0 0 0 0 0 0 0 0 0 0 0 0 0 0 0 0 0 0 0 0 0 0 0 0 0 0 0 0 0 0 liyajie 5Сʱ_mousemovements
0 0 0 0 0 0 0 0 0 0 0 0 0 0 0 0 0 0 0 0 0 0 0 0 0 0 0 0 0 0 0 0 0 0 0 0 0 0 0 0 0 0 0 liyajie 5Сʱ_mousemovements
0 0 0 0 0 0 0 0 0 0 0 0 0 0 0 0 0 0 0 0 0 0 0 0 0 0 0 0 0 0 0 0 0 0 0 0 0 0 0 0 0 0 0 liyajie 5Сʱ_mousemovements
0 0 0 0 0 0 0 0 0 0 0 0 0 0 0 0 0 0 0 0 0 0 0 0 0 0 0 0 0 0 0 0 0 0 0 0 0 0 0 0 0 0 0 liyajie 5Сʱ_mousemovements
189.40764124999998 0 0 951.215027 1020.789124 0 0 894.750183 156.790283 273.8740845 0 0 0 473.921148 986.0020755 0 0.14285714285714285 0.2857142857142857 0.0 0.0 0.0 0.2857142857142857 0.2857142857142857 0.0 125.98491468421052 0 410.22383999999994 0.8636363636363636 0.0 0.13636363636363635 0.5714285714285714 0.0 0.0 0.14285714285714285 0.14285714285714285 0.0 0.0 0.14285714285714285 0.5454545454545454 0.18181818181818182 0.18181818181818182 0.09090909090909091 0.0 liyajie 5Сʱ_mousemovements
219.1894101818182 285.642192 625.349976 511.888672 2772.158203 757.694153 798.045776 0 625.349976 1147.5780743333332 205.941132 558.6747333333334 0 302.2634125 185.88783057142857 438.67784900000004 0.05263157894736842 0.15789473684210525 0.05263157894736842 0.15789473684210525 0.0 0.10526315789473684 0.3684210526315789 0.10526315789473684 131.34309980392155 0 406.92975559999996 0.9107142857142857 0.0 0.08928571428571429 0.5789473684210527 0.15789473684210525 0.05263157894736842 0.05263157894736842 0.05263157894736842 0.05263157894736842 0.05263157894736842 0.0 0.625 0.1875 0.08333333333333333 0.08333333333333333 0.020833333333333332 liyajie 5Сʱ_mousemovements
322.598511 0 0 0 716.73999 650.5002745 0 0 322.598511 0 594.88385 706.116699 0 0 716.73999 0 0.25 0.0 0.25 0.25 0.0 0.0 0.25 0.0 102.871521 0 655.8119200000001 0.8333333333333334 0.0 0.16666666666666666 0.25 0.0 0.0 0.0 0.25 0.5 0.0 0.0 0.6 0.0 0.2 0.1 0.1 liyajie 5Сʱ_mousemovements
0 0 0 0 0 0 0 0 0 0 0 0 0 0 0 0 0 0 0 0 0 0 0 0 0 0 0 0 0 0 0 0 0 0 0 0 0 0 0 0 0 0 0 liyajie 5Сʱ_mousemovements
191.0847744444444 108.520805 0 0 1029.8187255 0 0 0 709.3001556666667 70.2604025 260.54306 217.244385 0 0 324.69702166666667 83.810722 0.25 0.16666666666666666 0.08333333333333333 0.08333333333333333 0.0 0.0 0.25 0.16666666666666666 107.98286917142856 108.520805 0.0 0.9210526315789473 0.02631578947368421 0.05263157894736842 0.75 0.08333333333333333 0.0 0.0 0.16666666666666666 0.0 0.0 0.0 0.5882352941176471 0.2647058823529412 0.029411764705882353 0.08823529411764706 0.029411764705882353 liyajie 5Сʱ_mousemovements
0 0 0 0 0 0 0 0 0 0 0 0 0 0 0 0 0 0 0 0 0 0 0 0 0 0 0 0 0 0 0 0 0 0 0 0 0 0 0 0 0 0 0 liyajie 5Сʱ_mousemovements
296.568542 0 0 0 0 0 0 0 0 0 0 0 0 296.568542 0 0 0.0 0.0 0.0 0.0 0.0 1.0 0.0 0.0 74.1421355 0 0 1.0 0.0 0.0 1.0 0.0 0.0 0.0 0.0 0.0 0.0 0.0 0.6666666666666666 0.0 0.3333333333333333 0.0 0.0 liyajie 5Сʱ_mousemovements
92.05559224000001 0 145.660782 785.5357566666668 0 0 0 1116.26416 1125.592896 342.13545916666675 385.901459 0 58.52573941666666 147.94851666666668 172.78006928571426 0 0.03333333333333333 0.2 0.03333333333333333 0.0 0.4 0.1 0.23333333333333334 0.0 63.76516300000001 495.38684850000004 19.23077 0.9625 0.025 0.0125 0.8333333333333334 0.0 0.03333333333333333 0.1 0.0 0.0 0.0 0.03333333333333333 0.5753424657534246 0.3013698630136986 0.0684931506849315 0.0273972602739726 0.0273972602739726 liyajie 5Сʱ_mousemovements
160.02027211111113 326.06103900000005 498.47113 0 0 892.683289 2475.6312255 0 237.549744 1290.8620656666667 442.287567 0 452.5836025 441.864193 154.338392 227.526627 0.058823529411764705 0.17647058823529413 0.058823529411764705 0.0 0.11764705882352941 0.4117647058823529 0.11764705882352941 0.058823529411764705 160.66980756862745 0.0 446.3416445 0.9272727272727272 0.03636363636363636 0.03636363636363636 0.5294117647058824 0.23529411764705882 0.058823529411764705 0.0 0.0 0.058823529411764705 0.11764705882352941 0.0 0.5531914893617021 0.2553191489361702 0.0851063829787234 0.06382978723404255 0.0425531914893617 liyajie 5Сʱ_mousemovements
283.96505020000006 296.072845 0 0 0 972.1050110000001 464.639832 0 190.846146 306.222687 443.35569633333336 8.673255 296.072845 1731.655762 238.7301725 300.893768 0.07142857142857142 0.07142857142857142 0.21428571428571427 0.07142857142857142 0.07142857142857142 0.07142857142857142 0.14285714285714285 0.2857142857142857 141.85927281818184 12.707952333333333 206.27333525 0.825 0.075 0.1 0.7142857142857143 0.07142857142857142 0.0 0.0 0.0 0.14285714285714285 0.07142857142857142 0.0 0.4594594594594595 0.32432432432432434 0.16216216216216217 0.05405405405405406 0.0 liyajie 5Сʱ_mousemovements
97.51673433333333 457.30722049999997 721.5915225 0 0 808.38446 0 0 305.2602365 640.944092 0 808.38446 319.138794 0 411.872165 256.0 0.25 0.125 0.0 0.125 0.125 0.0 0.25 0.125 82.68573 18.275101499999998 589.4891153333333 0.8 0.08 0.12 0.375 0.25 0.25 0.0 0.0 0.125 0.0 0.0 0.6521739130434783 0.13043478260869565 0.13043478260869565 0.08695652173913043 0.0 liyajie 5Сʱ_mousemovements
211.1340084 675.649231 484.1712035 0 818.1655275 1493.108765 0 0 201.976196 520.124695 822.5016073333333 0 283.197296 271.426239 484.1712035 754.4908899999999 0.08333333333333333 0.08333333333333333 0.25 0.0 0.16666666666666666 0.08333333333333333 0.16666666666666666 0.16666666666666666 166.554108625 7.9365075 579.57312 0.8888888888888888 0.05555555555555555 0.05555555555555555 0.4166666666666667 0.16666666666666666 0.16666666666666666 0.0 0.16666666666666666 0.08333333333333333 0.0 0.0 0.5757575757575758 0.24242424242424243 0.12121212121212122 0.06060606060606061 0.0 liyajie 5Сʱ_mousemovements
117.81105252941177 0 0 0 0 690.702271 0 1100.4835815 335.346954 606.740723 75.252274 0 72.6336985 441.85722599999997 273.01606266666664 267.71347 0.05 0.05 0.05 0.0 0.4 0.25 0.15 0.05 58.10801051785716 0 410.1021845 0.9333333333333333 0.0 0.06666666666666667 0.85 0.0 0.0 0.0 0.0 0.05 0.0 0.1 0.5283018867924528 0.32075471698113206 0.07547169811320754 0.07547169811320754 0.0 liyajie 5Сʱ_mousemovements
137.72205599999998 693.2931823333333 257.7680435 1720.742798 0 1033.513306 0 3001.940674 380.2319486666667 681.2305605 0 0 550.4753366666667 2361.341736 0 75.16957475 0.21428571428571427 0.14285714285714285 0.0 0.0 0.21428571428571427 0.14285714285714285 0.0 0.2857142857142857 200.6266899069768 0 183.665694 0.9347826086956522 0.0 0.06521739130434782 0.42857142857142855 0.21428571428571427 0.14285714285714285 0.07142857142857142 0.0 0.07142857142857142 0.0 0.07142857142857142 0.475 0.3 0.2 0.0 0.025 liyajie 5Сʱ_mousemovements
191.67895499999997 0 0 0 0 0 0 0 316.113525 0 0 0 67.244385 0 0 0 0.5 0.0 0.0 0.0 0.5 0.0 0.0 0.0 95.83947749999999 0 0 1.0 0.0 0.0 1.0 0.0 0.0 0.0 0.0 0.0 0.0 0.0 0.6666666666666666 0.0 0.0 0.3333333333333333 0.0 liyajie 5Сʱ_mousemovements
64.37903475 0 0 0 0 0 572.035095 823.343628 293.5399605 823.343628 77.881012 0 0 0 21.276596 143.313705 0.3333333333333333 0.16666666666666666 0.16666666666666666 0.0 0.0 0.0 0.16666666666666666 0.16666666666666666 153.8692428 38.067478 0 0.7692307692307693 0.23076923076923078 0.0 0.6666666666666666 0.0 0.0 0.0 0.0 0.0 0.16666666666666666 0.16666666666666666 0.45454545454545453 0.36363636363636365 0.0 0.09090909090909091 0.09090909090909091 liyajie 5Сʱ_mousemovements
115.44005900000002 322.250641 0 0 0 900.955872 0 0 0 169.23148350000002 69.48597 0 900.955872 167.05973649999999 129.4208813333333 0 0.0 0.2222222222222222 0.1111111111111111 0.0 0.1111111111111111 0.2222222222222222 0.3333333333333333 0.0 38.198627894736845 134.85237466666666 900.955872 0.8260869565217391 0.13043478260869565 0.043478260869565216 0.7777777777777778 0.1111111111111111 0.0 0.0 0.0 0.1111111111111111 0.0 0.0 0.6666666666666666 0.2222222222222222 0.05555555555555555 0.05555555555555555 0.0 liyajie 5Сʱ_mousemovements
122.36522220000002 529.110413 0 0 0 0 0 0 0 0 0 0 80.896591 338.410645 208.28503166666667 96.774193 0.0 0.0 0.0 0.0 0.16666666666666666 0.16666666666666666 0.5 0.16666666666666666 95.07804366666666 0 0 1.0 0.0 0.0 0.8333333333333334 0.16666666666666666 0.0 0.0 0.0 0.0 0.0 0.0 0.6363636363636364 0.36363636363636365 0.0 0.0 0.0 liyajie 5Сʱ_mousemovements
391.766853 447.204224 783.430344 0 0 0 0 1636.250854 0 886.3195495 752.6685564999999 0 592.4645303333334 276.890114 0 0 0.0 0.2222222222222222 0.2222222222222222 0.0 0.3333333333333333 0.2222222222222222 0.0 0.0 239.12647505 447.204224 189.708153 0.8695652173913043 0.043478260869565216 0.08695652173913043 0.5555555555555556 0.1111111111111111 0.2222222222222222 0.0 0.0 0.0 0.0 0.1111111111111111 0.631578947368421 0.10526315789473684 0.2631578947368421 0.0 0.0 liyajie 5Сʱ_mousemovements
80.9723712 0 0 0 0 0 1728.957397 0 0 0 0 0 0 985.4464415 40.731592500000005 0 0.0 0.0 0.0 0.0 0.0 0.3333333333333333 0.6666666666666666 0.0 133.3637033125 0 0 1.0 0.0 0.0 0.8333333333333334 0.0 0.0 0.0 0.0 0.0 0.16666666666666666 0.0 0.5833333333333334 0.25 0.08333333333333333 0.08333333333333333 0.0 liyajie 5Сʱ_mousemovements
261.8656114444445 417.47222874999994 144.343323 429.5515135 0 0 786.588928 2066.101654 374.9042456666666 431.36688225 481.875793 248.43563333333336 229.990356 1944.4082335 238.1248435 425.49951166666665 0.15789473684210525 0.21052631578947367 0.05263157894736842 0.15789473684210525 0.05263157894736842 0.10526315789473684 0.10526315789473684 0.15789473684210525 166.01641796078434 222.6329955 518.4073485 0.9272727272727272 0.03636363636363636 0.03636363636363636 0.47368421052631576 0.21052631578947367 0.05263157894736842 0.10526315789473684 0.0 0.0 0.05263157894736842 0.10526315789473684 0.62 0.2 0.06 0.02 0.1 liyajie 5Сʱ_mousemovements
231.10775470588237 0 462.466934 0 615.509644 0 0 0 92.628792 183.45267233333334 715.1243365 0 373.174718 284.34343466666667 142.10897816666667 285.41576649999996 0.05 0.15 0.1 0.0 0.15 0.15 0.3 0.1 109.23520584090907 0.0 331.4631425 0.9361702127659575 0.02127659574468085 0.0425531914893617 0.85 0.0 0.1 0.0 0.05 0.0 0.0 0.0 0.675 0.175 0.075 0.05 0.025 liyajie 5Сʱ_mousemovements
272.254255125 471.810913 1655.4818114999998 2209.750488 0 0 0 0 859.3643593333333 0 1456.374939 0 329.261505 0 586.46682725 158.79940266666665 0.23076923076923078 0.0 0.15384615384615385 0.0 0.07692307692307693 0.0 0.3076923076923077 0.23076923076923078 216.05924945 0 0.0 0.975609756097561 0.0 0.024390243902439025 0.6153846153846154 0.15384615384615385 0.15384615384615385 0.07692307692307693 0.0 0.0 0.0 0.0 0.5 0.2631578947368421 0.13157894736842105 0.02631578947368421 0.07894736842105263 liyajie 5Сʱ_mousemovements
162.91517879999998 0 2356.63501 0 0 0 0 0 0 0.0 112.982857 0 0 0 764.5570117499999 0 0.0 0.16666666666666666 0.16666666666666666 0.0 0.0 0.0 0.6666666666666666 0.0 166.90583705263157 0 0 1.0 0.0 0.0 0.8333333333333334 0.0 0.16666666666666666 0.0 0.0 0.0 0.0 0.0 0.6428571428571429 0.21428571428571427 0.14285714285714285 0.0 0.0 liyajie 5Сʱ_mousemovements
0 0 0 0 0 0 0 0 0 0 0 0 0 0 0 0 0 0 0 0 0 0 0 0 0 0 0 0 0 0 0 0 0 0 0 0 0 0 0 0 0 0 0 liyajie 5Сʱ_mousemovements
0 0 0 0 0 0 0 0 0 0 0 0 0 0 0 0 0 0 0 0 0 0 0 0 0 0 0 0 0 0 0 0 0 0 0 0 0 0 0 0 0 0 0 liyajie 5Сʱ_mousemovements
0 0 0 0 0 0 0 0 0 0 0 0 0 0 0 0 0 0 0 0 0 0 0 0 0 0 0 0 0 0 0 0 0 0 0 0 0 0 0 0 0 0 0 liyajie 5Сʱ_mousemovements
0 0 0 0 0 0 0 0 0 0 0 0 0 0 0 0 0 0 0 0 0 0 0 0 0 0 0 0 0 0 0 0 0 0 0 0 0 0 0 0 0 0 0 liyajie 5Сʱ_mousemovements
0 0 0 0 0 0 0 0 0 0 0 0 0 0 0 0 0 0 0 0 0 0 0 0 0 0 0 0 0 0 0 0 0 0 0 0 0 0 0 0 0 0 0 liyajie 5Сʱ_mousemovements
57.62287311764705 0 0 0 0 0 0 0 0 0 302.088928 0 37.69869475 46.522694 48.3870965 0 0.0 0.0 0.058823529411764705 0.0 0.47058823529411764 0.35294117647058826 0.11764705882352941 0.0 16.058833491803277 0 0 1.0 0.0 0.0 1.0 0.0 0.0 0.0 0.0 0.0 0.0 0.0 0.6363636363636364 0.2727272727272727 0.01818181818181818 0.03636363636363636 0.03636363636363636 liyajie 5Сʱ_mousemovements
120.87491296 858.174085 0 0 520.670776 0 0 0 1311.943115 0 302.010563 0 50.48652333333333 394.026818 187.51846342857144 156.25 0.034482758620689655 0.0 0.06896551724137931 0.0 0.41379310344827586 0.1724137931034483 0.2413793103448276 0.06896551724137931 98.42021909836066 56.716245 0 0.9682539682539683 0.031746031746031744 0.0 0.8620689655172413 0.10344827586206896 0.0 0.0 0.034482758620689655 0.0 0.0 0.0 0.6491228070175439 0.24561403508771928 0.05263157894736842 0.017543859649122806 0.03508771929824561 liyajie 5Сʱ_mousemovements
108.56168699999999 413.6825293333333 428.839508 0 0 2653.2038373333335 0 1416.4266965000002 161.365799 555.1442513333334 53.92536 3248.2422945 72.4059998 699.895935 435.450898 346.3265634 0.037037037037037035 0.2222222222222222 0.07407407407407407 0.07407407407407407 0.18518518518518517 0.07407407407407407 0.14814814814814814 0.18518518518518517 248.5271295166666 64.707831 80.6828995 0.9090909090909091 0.06060606060606061 0.030303030303030304 0.5555555555555556 0.2222222222222222 0.037037037037037035 0.0 0.0 0.1111111111111111 0.0 0.07407407407407407 0.5964912280701754 0.21052631578947367 0.14035087719298245 0.03508771929824561 0.017543859649122806 liyajie 5Сʱ_mousemovements
77.13394741666667 265.5413665 562.615112 0 0 1044.335327 1015.209229 0 107.428804 0 265.5413665 0 352.2480772 0 234.18545699999999 146.656477 0.17647058823529413 0.0 0.11764705882352941 0.0 0.29411764705882354 0.0 0.29411764705882354 0.11764705882352941 39.68281256363636 84.9912285 575.4375406666667 0.9166666666666666 0.03333333333333333 0.05 0.7058823529411765 0.11764705882352941 0.058823529411764705 0.0 0.0 0.058823529411764705 0.058823529411764705 0.0 0.7142857142857143 0.125 0.125 0.017857142857142856 0.017857142857142856 liyajie 5Сʱ_mousemovements
198.996748625 792.613464 853.4258117500001 594.527924 383.367188 0 0 0 0 426.84191899999996 383.367188 0 954.974365 383.46868133333334 415.2344662857143 166.666672 0.0 0.125 0.0625 0.0 0.125 0.1875 0.4375 0.0625 117.99665553658535 21.505377 418.55758033333336 0.8541666666666666 0.020833333333333332 0.125 0.5 0.0625 0.25 0.125 0.0625 0.0 0.0 0.0 0.65 0.225 0.1 0.025 0.0 liyajie 5Сʱ_mousemovements
242.51201599999996 0 612.990112 378.447052 0 0 2501.4873660000003 0 3880.694092 12.820513 612.990112 430.316841 71.448408 214.8645515 629.95105 1122.28064 0.09090909090909091 0.09090909090909091 0.09090909090909091 0.18181818181818182 0.18181818181818182 0.18181818181818182 0.09090909090909091 0.09090909090909091 291.88288544 12.820513 127.36778633333334 0.8620689655172413 0.034482758620689655 0.10344827586206896 0.6363636363636364 0.0 0.09090909090909091 0.09090909090909091 0.0 0.0 0.18181818181818182 0.0 0.5925925925925926 0.1111111111111111 0.2222222222222222 0.0 0.07407407407407407 liyajie 5Сʱ_mousemovements
174.5838565 0 367.02005 814.819946 710.150452 0 1534.202148 1420.620117 546.74986 391.3443005 358.4376755 167.240143 254.33732650000002 1534.202148 0 13.2556565 0.17647058823529413 0.35294117647058826 0.11764705882352941 0.058823529411764705 0.11764705882352941 0.058823529411764705 0.0 0.11764705882352941 91.8470704827586 40.2433775 767.101074 0.9354838709677419 0.03225806451612903 0.03225806451612903 0.7058823529411765 0.0 0.058823529411764705 0.058823529411764705 0.058823529411764705 0.0 0.058823529411764705 0.058823529411764705 0.6 0.2545454545454545 0.09090909090909091 0.03636363636363636 0.01818181818181818 liyajie 5Сʱ_mousemovements
139.63607194117648 0 853.4570823333333 601.532654 1117.731964 0 613.64386 0 361.473404 251.2511994 165.0269945 355.899597 448.5576376666667 901.5735573333333 195.5495086 0 0.125 0.20833333333333334 0.16666666666666666 0.041666666666666664 0.125 0.125 0.20833333333333334 0.0 100.58077838461539 62.879743500000004 398.88883575 0.8904109589041096 0.0547945205479452 0.0547945205479452 0.7083333333333334 0.0 0.125 0.041666666666666664 0.08333333333333333 0.0 0.041666666666666664 0.0 0.5652173913043478 0.21739130434782608 0.11594202898550725 0.043478260869565216 0.057971014492753624 liyajie 5Сʱ_mousemovements
225.06075691666663 486.6118523333333 479.151215 542.655029 0 0 3012.621582 0 515.4552156666667 378.745163 158.74627933333332 448.6425555 335.0086946666667 1559.9676435000001 82.51846499999999 227.614243 0.16666666666666666 0.1111111111111111 0.16666666666666666 0.1111111111111111 0.16666666666666666 0.1111111111111111 0.1111111111111111 0.05555555555555555 133.03008840350876 23.207466 271.3275145 0.9193548387096774 0.04838709677419355 0.03225806451612903 0.6666666666666666 0.16666666666666666 0.05555555555555555 0.05555555555555555 0.0 0.0 0.05555555555555555 0.0 0.6037735849056604 0.22641509433962265 0.11320754716981132 0.03773584905660377 0.018867924528301886 liyajie 5Сʱ_mousemovements
157.2889664 652.43793475 254.602097 0 1060.530273 0 1849.4872435 538.156433 680.9327543333333 0 2592.4856565 483.27923599999997 257.80437233333333 0 911.85877975 16.129032 0.1875 0.0 0.125 0.125 0.1875 0.0 0.25 0.125 159.1471776666667 16.129032 622.0139695 0.8275862068965517 0.034482758620689655 0.13793103448275862 0.3125 0.25 0.0625 0.0 0.0625 0.0 0.25 0.0625 0.6363636363636364 0.09090909090909091 0.12727272727272726 0.09090909090909091 0.05454545454545454 liyajie 5Сʱ_mousemovements
224.0866931538461 189.62908950000002 423.591705 901.437164 1213.080322 0 638.616272 0 683.596073 178.06209075 988.6342416666666 0 0 311.1341912 0 123.08436060000001 0.19047619047619047 0.19047619047619047 0.14285714285714285 0.0 0.0 0.23809523809523808 0.0 0.23809523809523808 158.65924008333332 132.9973525 233.99663666666666 0.9056603773584906 0.03773584905660377 0.05660377358490566 0.6190476190476191 0.09523809523809523 0.047619047619047616 0.09523809523809523 0.09523809523809523 0.0 0.047619047619047616 0.0 0.5625 0.25 0.10416666666666667 0.0625 0.020833333333333332 liyajie 5Сʱ_mousemovements
256.18356 307.356224 1053.19743375 577.000427 0 817.638458 679.1807249999999 0 585.8464660000001 319.62668333333335 577.000427 353.7955015 674.5812866 156.006775 365.8300428333334 736.104523 0.125 0.125 0.041666666666666664 0.08333333333333333 0.20833333333333334 0.041666666666666664 0.25 0.125 200.32158875471697 3.584229333333333 652.71051 0.9137931034482759 0.05172413793103448 0.034482758620689655 0.375 0.25 0.16666666666666666 0.041666666666666664 0.0 0.08333333333333333 0.08333333333333333 0.0 0.5471698113207547 0.18867924528301888 0.1509433962264151 0.07547169811320754 0.03773584905660377 liyajie 5Сʱ_mousemovements
49.363798333333335 0 0 0 0 0 610.320984 0 0 0 0 0 13.791356666666667 268.26072700000003 60.347523 0 0.0 0.0 0.0 0.0 0.42857142857142855 0.42857142857142855 0.14285714285714285 0.0 30.216792466666668 0 0.0 0.967741935483871 0.0 0.03225806451612903 0.8571428571428571 0.0 0.0 0.0 0.0 0.0 0.14285714285714285 0.0 0.782608695652174 0.17391304347826086 0.0 0.043478260869565216 0.0 liyajie 5Сʱ_mousemovements
152.77282733333334 391.7695006666667 559.130402 688.3174133333333 703.133789 648.432129 0 0 281.29728075 759.972992 369.5793725 529.8165843333333 151.840553 207.3894005 213.023932375 231.727067 0.11428571428571428 0.05714285714285714 0.05714285714285714 0.08571428571428572 0.05714285714285714 0.17142857142857143 0.22857142857142856 0.22857142857142856 96.06564781395349 8.064516 300.3323941666667 0.9148936170212766 0.02127659574468085 0.06382978723404255 0.6857142857142857 0.08571428571428572 0.05714285714285714 0.08571428571428572 0.05714285714285714 0.02857142857142857 0.0 0.0 0.5842696629213483 0.21348314606741572 0.07865168539325842 0.06741573033707865 0.056179775280898875 liyajie 5Сʱ_mousemovements
144.50137690909094 1036.602417 465.383575 715.8209126666667 857.988647 861.6118775 0 0 337.134384 622.1870116666666 0 857.988647 465.383575 275.160022 315.42571649999996 561.921322 0.10526315789473684 0.15789473684210525 0.0 0.05263157894736842 0.05263157894736842 0.42105263157894735 0.10526315789473684 0.10526315789473684 104.53434245614035 21.276596 303.19426100000004 0.8769230769230769 0.03076923076923077 0.09230769230769231 0.5789473684210527 0.05263157894736842 0.05263157894736842 0.15789473684210525 0.05263157894736842 0.10526315789473684 0.0 0.0 0.6229508196721312 0.18032786885245902 0.09836065573770492 0.08196721311475409 0.01639344262295082 liyajie 5Сʱ_mousemovements
126.13039350000001 0 430.6575775 0 923.046936 0 918.895203 0 39.79389125 743.9525755 0 0 0 719.7894595 0 296.45694 0.4444444444444444 0.2222222222222222 0.0 0.0 0.0 0.2222222222222222 0.0 0.1111111111111111 150.43650673913046 0.0 0 0.9583333333333334 0.041666666666666664 0.0 0.6 0.0 0.2 0.0 0.1 0.0 0.1 0.0 0.42857142857142855 0.23809523809523808 0.09523809523809523 0.19047619047619047 0.047619047619047616 liyajie 5Сʱ_mousemovements
77.06110675 978.005798 532.232178 466.188385 0 0 0 0 111.111115 19.4694635 0 722.0970915 0 0 0.0 199.734198 0.09090909090909091 0.18181818181818182 0.0 0.18181818181818182 0.0 0.0 0.09090909090909091 0.45454545454545453 37.97726482142857 0 233.0941925 0.9655172413793104 0.0 0.034482758620689655 0.7272727272727273 0.09090909090909091 0.09090909090909091 0.09090909090909091 0.0 0.0 0.0 0.0 0.6470588235294118 0.11764705882352941 0.0784313725490196 0.09803921568627451 0.058823529411764705 liyajie 5Сʱ_mousemovements
200.9624778 275.164093 0 2186.555908 979.427856 0 0 0 399.377808 489.5495146666667 0 0 0 1129.5993764999998 50.182224 268.552917 0.125 0.375 0.0 0.0 0.0 0.25 0.125 0.125 258.57517776470587 0 50.182224 0.9444444444444444 0.0 0.05555555555555555 0.625 0.125 0.0 0.125 0.125 0.0 0.0 0.0 0.7333333333333333 0.0 0.26666666666666666 0.0 0.0 liyajie 5Сʱ_mousemovements
194.63857769999998 0 346.359344 0 0 1430.633911 0 0 146.221405 41.827662 99.475616 221.114746 153.026077 346.359344 689.9397379999999 301.853653 0.08333333333333333 0.16666666666666666 0.08333333333333333 0.08333333333333333 0.08333333333333333 0.08333333333333333 0.25 0.16666666666666666 75.05362738235294 0 167.3651001428571 0.8292682926829268 0.0 0.17073170731707318 0.8333333333333334 0.0 0.08333333333333333 0.0 0.0 0.08333333333333333 0.0 0.0 0.625 0.2 0.05 0.075 0.05 liyajie 5Сʱ_mousemovements
140.41109157894738 294.940802 452.246246 951.6931153333334 440.41715500000004 2438.319824 0 0 1522.410156 267.69180675 401.8315965 21.276596 38.46154 720.4571508333333 194.24771220000002 138.948555 0.03125 0.25 0.0625 0.03125 0.03125 0.1875 0.3125 0.09375 129.83381133333336 31.182901 204.00170899999998 0.9176470588235294 0.023529411764705882 0.058823529411764705 0.59375 0.15625 0.03125 0.09375 0.09375 0.03125 0.0 0.0 0.5974025974025974 0.22077922077922077 0.1038961038961039 0.05194805194805195 0.025974025974025976 liyajie 5Сʱ_mousemovements
143.18840636363637 0 0 0 0 0 0 0 60.427218 309.029633 0 0 182.73228966666667 106.1104592 105.7915802 251.964859 0.13636363636363635 0.045454545454545456 0.0 0.0 0.2727272727272727 0.22727272727272727 0.22727272727272727 0.09090909090909091 68.48141173913044 0 0 1.0 0.0 0.0 1.0 0.0 0.0 0.0 0.0 0.0 0.0 0.0 0.7142857142857143 0.14285714285714285 0.09523809523809523 0.047619047619047616 0.0 liyajie 5Сʱ_mousemovements
0 384.348541 0 0 0 0 0 0 0 0 0 0 0 0 384.348541 0 0.0 0.0 0.0 0.0 0.0 0.0 1.0 0.0 0.0 384.348541 0 0.75 0.25 0.0 0.0 1.0 0.0 0.0 0.0 0.0 0.0 0.0 0.6666666666666666 0.3333333333333333 0.0 0.0 0.0 liyajie 5Сʱ_mousemovements
136.472626 0 0 0 760.649475 0 0 0 0 0 0 0 448.5610505 0 0 0 0.0 0.0 0.0 0.0 1.0 0.0 0.0 0.0 15.16362511111111 0 760.649475 0.9 0.0 0.1 0.5 0.0 0.0 0.0 0.5 0.0 0.0 0.0 0.6666666666666666 0.0 0.3333333333333333 0.0 0.0 liyajie 5Сʱ_mousemovements
451.397684 0 0 998.062439 0 1267.450439 5846.979004 0 100.874153 0 91.648712 0 2486.6822916666665 0 1132.756439 0 0.14285714285714285 0.0 0.14285714285714285 0.0 0.42857142857142855 0.0 0.2857142857142857 0.0 215.47670827777776 5846.979004 96.26143250000001 0.8571428571428571 0.047619047619047616 0.09523809523809523 0.5714285714285714 0.0 0.0 0.14285714285714285 0.0 0.14285714285714285 0.14285714285714285 0.0 0.6 0.3 0.05 0.05 0.0 liyajie 5Сʱ_mousemovements
0 0 0 0 0 0 0 0 0 0 0 0 0 0 0 0 0 0 0 0 0 0 0 0 0.0 0 0 1.0 0.0 0.0 0 0 0 0 0 0 0 0 1.0 0.0 0.0 0.0 0.0 liyajie 5Сʱ_mousemovements
0 0 0 0 0 0 0 0 0 0 0 0 0 0 0 0 0 0 0 0 0 0 0 0 0 0 0 0 0 0 0 0 0 0 0 0 0 0 0 0 0 0 0 liyajie 5Сʱ_mousemovements
210.83513066666669 220.511368 0 0 0 995.2144775 0 0 202.072983 377.8970945 0 0 0 393.342072 856.8947715 136.98410666666666 0.1111111111111111 0.2222222222222222 0.0 0.0 0.0 0.1111111111111111 0.2222222222222222 0.3333333333333333 146.19584615789472 16.129032 227.36699933333333 0.8260869565217391 0.043478260869565216 0.13043478260869565 0.6666666666666666 0.1111111111111111 0.0 0.0 0.0 0.2222222222222222 0.0 0.0 0.5238095238095238 0.3333333333333333 0.09523809523809523 0.047619047619047616 0.0 liyajie 5Сʱ_mousemovements
127.41416174999999 0 0 0 0 0 1080.412964 0 0 0 0 125.2804185 550.84478 0 237.819214 0 0.0 0.0 0.0 0.4 0.4 0.0 0.2 0.0 69.1334613478261 0.0 0 0.9583333333333334 0.041666666666666664 0.0 0.8 0.0 0.0 0.0 0.0 0.0 0.2 0.0 0.6 0.15 0.2 0.05 0.0 liyajie 5Сʱ_mousemovements
468.75 0 0 0 0 0 0 0 0 0 0 0 0 0 0 468.75 0.0 0.0 0.0 0.0 0.0 0.0 0.0 1.0 234.375 0 0 1.0 0.0 0.0 1.0 0.0 0.0 0.0 0.0 0.0 0.0 0.0 1.0 0.0 0.0 0.0 0.0 liyajie 5Сʱ_mousemovements
0 0 0 0 0 0 0 0 0 0 0 0 0 0 0 0 0 0 0 0 0 0 0 0 0 0 0 0 0 0 0 0 0 0 0 0 0 0 0 0 0 0 0 liyajie 5Сʱ_mousemovements
119.50840178571431 235.5725555 334.8851475 0 963.527649 392.316071 733.1451414999999 266.702332 329.2661096 239.640771 116.0 0 361.5246233333333 193.45450708333337 104.85158100000001 63.23018199999999 0.13157894736842105 0.18421052631578946 0.02631578947368421 0.0 0.15789473684210525 0.3157894736842105 0.10526315789473684 0.07894736842105263 95.70495954651163 12.658228 98.743297 0.9555555555555556 0.011111111111111112 0.03333333333333333 0.7368421052631579 0.05263157894736842 0.05263157894736842 0.0 0.05263157894736842 0.02631578947368421 0.05263157894736842 0.02631578947368421 0.6511627906976745 0.22093023255813954 0.06976744186046512 0.03488372093023256 0.023255813953488372 liyajie 5Сʱ_mousemovements
148.73134292307697 266.285522 0 586.116394 708.024353 0 0 0 243.083885 415.1862565 0 481.13089 51.70241899999999 61.046513 51.3432128 396.9821245 0.125 0.125 0.0 0.125 0.125 0.0625 0.3125 0.125 37.927465172413804 0 647.0703735 0.9666666666666667 0.0 0.03333333333333333 0.8125 0.0625 0.0 0.0625 0.0625 0.0 0.0 0.0 0.5892857142857143 0.25 0.08928571428571429 0.05357142857142857 0.017857142857142856 liyajie 5Сʱ_mousemovements
184.797607 395.25714100000005 273.127472 0 0 0 0 0 262.202148 273.127472 0 0 528.312134 184.797607 0 0 0.25 0.25 0.0 0.0 0.25 0.25 0.0 0.0 97.5311889 0 273.127472 0.9090909090909091 0.0 0.09090909090909091 0.25 0.5 0.25 0.0 0.0 0.0 0.0 0.0 0.5 0.2 0.1 0.2 0.0 liyajie 5Сʱ_mousemovements
0 0 0 0 0 0 0 0 0 0 0 0 0 0 0 0 0 0 0 0 0 0 0 0 0 0 0 0 0 0 0 0 0 0 0 0 0 0 0 0 0 0 0 liyajie 5Сʱ_mousemovements
0 0 0 0 0 0 0 0 0 0 0 0 0 0 0 0 0 0 0 0 0 0 0 0 0 0 0 0 0 0 0 0 0 0 0 0 0 0 0 0 0 0 0 liyajie 5Сʱ_mousemovements
137.5775418888889 0 0 0 0 1214.319336 0 0 201.481506 0 0 158.27609999999999 81.35583524999998 78.817734 765.121216 0 0.1 0.0 0.0 0.2 0.4 0.1 0.2 0.0 90.83397085185186 0 0.0 0.9642857142857143 0.0 0.03571428571428571 0.9 0.0 0.0 0.0 0.0 0.1 0.0 0.0 0.5925925925925926 0.25925925925925924 0.14814814814814814 0.0 0.0 liyajie 5Сʱ_mousemovements
140.24254316666665 0 0 830.0374755 0 542.597961 974.957367 0 498.890884 0 1067.869995 969.036194 72.014258 0 306.82039333333336 447.432626 0.18181818181818182 0.0 0.09090909090909091 0.09090909090909091 0.18181818181818182 0.0 0.2727272727272727 0.18181818181818182 95.13723800000001 9.564509333333334 767.1689043333334 0.8235294117647058 0.08823529411764706 0.08823529411764706 0.5454545454545454 0.0 0.0 0.18181818181818182 0.0 0.09090909090909091 0.18181818181818182 0.0 0.6428571428571429 0.17857142857142858 0.07142857142857142 0.07142857142857142 0.03571428571428571 liyajie 5Сʱ_mousemovements
0 0 0 0 0 0 0 0 0 0 0 0 0 0 0 0 0 0 0 0 0 0 0 0 0 0 0 0 0 0 0 0 0 0 0 0 0 0 0 0 0 0 0 liyajie 5Сʱ_mousemovements
0 0 0 0 0 0 0 0 0 0 0 0 0 0 0 0 0 0 0 0 0 0 0 0 0 0 0 0 0 0 0 0 0 0 0 0 0 0 0 0 0 0 0 liyajie 5Сʱ_mousemovements
0 0 0 0 0 0 0 0 0 0 0 0 0 0 0 0 0 0 0 0 0 0 0 0 0.0 0 0 1.0 0.0 0.0 0 0 0 0 0 0 0 0 1.0 0.0 0.0 0.0 0.0 liyajie 5Сʱ_mousemovements
0 0 0 0 0 0 0 0 0 0 0 0 0 0 0 0 0 0 0 0 0 0 0 0 0 0 0 0 0 0 0 0 0 0 0 0 0 0 0 0 0 0 0 liyajie 5Сʱ_mousemovements
0 0 0 0 0 0 0 0 0 0 0 0 0 0 0 0 0 0 0 0 0 0 0 0 0 0 0 0 0 0 0 0 0 0 0 0 0 0 0 0 0 0 0 liyajie 5Сʱ_mousemovements
0 0 0 0 0 0 0 0 0 0 0 0 0 0 0 0 0 0 0 0 0 0 0 0 0 0 0 0 0 0 0 0 0 0 0 0 0 0 0 0 0 0 0 liyajie 5Сʱ_mousemovements
0 0 0 0 0 0 0 0 0 0 0 0 0 0 0 0 0 0 0 0 0 0 0 0 0 0 0 0 0 0 0 0 0 0 0 0 0 0 0 0 0 0 0 liyajie 5Сʱ_mousemovements
0 0 0 0 0 0 0 0 0 0 0 0 0 0 0 0 0 0 0 0 0 0 0 0 0 0 0 0 0 0 0 0 0 0 0 0 0 0 0 0 0 0 0 liyajie 5Сʱ_mousemovements
