414.07880939999995 485.220421 0 505.032318 798.8628235 0 0 1263.381714 833.962616 799.893494 591.265925 22.447834 505.032318 170.547348 1263.381714 203.948853 0.18181818181818182 0.09090909090909091 0.2727272727272727 0.09090909090909091 0.09090909090909091 0.09090909090909091 0.09090909090909091 0.09090909090909091 150.0685649230769 88.036064 776.3732506666666 0.8387096774193549 0.06451612903225806 0.0967741935483871 0.45454545454545453 0.18181818181818182 0.0 0.09090909090909091 0.18181818181818182 0.0 0.0 0.09090909090909091 0.6071428571428571 0.10714285714285714 0.17857142857142858 0.07142857142857142 0.03571428571428571 liyajie 9Сʱ_mousemovements
0 0 0 0 0 0 0 1886.050293 0 0 0 0 1886.050293 0 0 0 0.0 0.0 0.0 0.0 1.0 0.0 0.0 0.0 471.51257325 0.0 0 0.8 0.2 0.0 0.0 0.0 0.0 0.0 0.0 0.0 0.0 1.0 0.5 0.25 0.25 0.0 0.0 liyajie 9Сʱ_mousemovements
0 0 0 0 1807.327759 0 0 0 1807.327759 0 0 0 0 0 0 0 1.0 0.0 0.0 0.0 0.0 0.0 0.0 0.0 903.6638795 0 0 1.0 0.0 0.0 0.0 0.0 0.0 0.0 1.0 0.0 0.0 0.0 0.0 1.0 0.0 0.0 0.0 liyajie 9Сʱ_mousemovements
0 0 0 0 0 0 0 0 0 0 0 0 0 0 0 0 0 0 0 0 0 0 0 0 0 0 0 0 0 0 0 0 0 0 0 0 0 0 0 0 0 0 0 liyajie 9Сʱ_mousemovements
0 0 0 0 0 0 0 0 0 0 0 0 0 0 0 0 0 0 0 0 0 0 0 0 0 0 0 0 0 0 0 0 0 0 0 0 0 0 0 0 0 0 0 liyajie 9Сʱ_mousemovements
0 0 0 0 0 0 0 0 0 0 0 0 0 0 0 0 0 0 0 0 0 0 0 0 0 0 0 0 0 0 0 0 0 0 0 0 0 0 0 0 0 0 0 liyajie 9Сʱ_mousemovements
0 0 0 0 0 0 0 0 0 0 0 0 0 0 0 0 0 0 0 0 0 0 0 0 0 0 0 0 0 0 0 0 0 0 0 0 0 0 0 0 0 0 0 liyajie 9Сʱ_mousemovements
0 0 0 0 0 0 0 0 0 0 0 0 0 0 0 0 0 0 0 0 0 0 0 0 0 0 0 0 0 0 0 0 0 0 0 0 0 0 0 0 0 0 0 liyajie 9Сʱ_mousemovements
0 0 0 0 0 0 0 0 0 0 0 0 0 0 0 0 0 0 0 0 0 0 0 0 0 0 0 0 0 0 0 0 0 0 0 0 0 0 0 0 0 0 0 liyajie 9Сʱ_mousemovements
0 0 0 0 0 0 0 0 0 0 0 0 0 0 0 0 0 0 0 0 0 0 0 0 0 0 0 0 0 0 0 0 0 0 0 0 0 0 0 0 0 0 0 liyajie 9Сʱ_mousemovements
0 0 0 0 0 0 0 0 0 0 0 0 0 0 0 0 0 0 0 0 0 0 0 0 0 0 0 0 0 0 0 0 0 0 0 0 0 0 0 0 0 0 0 liyajie 9Сʱ_mousemovements
0 0 0 0 0 0 0 0 0 0 0 0 0 0 0 0 0 0 0 0 0 0 0 0 0 0 0 0 0 0 0 0 0 0 0 0 0 0 0 0 0 0 0 liyajie 9Сʱ_mousemovements
0 0 0 0 0 0 0 0 0 0 0 0 0 0 0 0 0 0 0 0 0 0 0 0 0 0 0 0 0 0 0 0 0 0 0 0 0 0 0 0 0 0 0 liyajie 9Сʱ_mousemovements
0 0 0 0 0 0 0 0 0 0 0 0 0 0 0 0 0 0 0 0 0 0 0 0 0 0 0 0 0 0 0 0 0 0 0 0 0 0 0 0 0 0 0 liyajie 9Сʱ_mousemovements
0 0 0 0 0 0 0 0 0 0 0 0 0 0 0 0 0 0 0 0 0 0 0 0 0 0 0 0 0 0 0 0 0 0 0 0 0 0 0 0 0 0 0 liyajie 9Сʱ_mousemovements
0 0 0 0 0 0 0 0 0 0 0 0 0 0 0 0 0 0 0 0 0 0 0 0 0 0 0 0 0 0 0 0 0 0 0 0 0 0 0 0 0 0 0 liyajie 9Сʱ_mousemovements
0 0 0 0 0 0 0 0 0 0 0 0 0 0 0 0 0 0 0 0 0 0 0 0 0 0 0 0 0 0 0 0 0 0 0 0 0 0 0 0 0 0 0 liyajie 9Сʱ_mousemovements
0 0 0 0 0 0 0 0 0 0 0 0 0 0 0 0 0 0 0 0 0 0 0 0 0 0 0 0 0 0 0 0 0 0 0 0 0 0 0 0 0 0 0 liyajie 9Сʱ_mousemovements
0 0 0 0 0 0 0 0 0 0 0 0 0 0 0 0 0 0 0 0 0 0 0 0 0 0 0 0 0 0 0 0 0 0 0 0 0 0 0 0 0 0 0 liyajie 9Сʱ_mousemovements
0 0 0 0 0 0 0 0 0 0 0 0 0 0 0 0 0 0 0 0 0 0 0 0 0 0 0 0 0 0 0 0 0 0 0 0 0 0 0 0 0 0 0 liyajie 9Сʱ_mousemovements
0 0 0 0 0 0 0 0 0 0 0 0 0 0 0 0 0 0 0 0 0 0 0 0 0 0 0 0 0 0 0 0 0 0 0 0 0 0 0 0 0 0 0 liyajie 9Сʱ_mousemovements
0 0 0 0 0 0 0 0 0 0 0 0 0 0 0 0 0 0 0 0 0 0 0 0 0 0 0 0 0 0 0 0 0 0 0 0 0 0 0 0 0 0 0 liyajie 9Сʱ_mousemovements
0 0 0 0 0 0 0 0 0 0 0 0 0 0 0 0 0 0 0 0 0 0 0 0 0 0 0 0 0 0 0 0 0 0 0 0 0 0 0 0 0 0 0 liyajie 9Сʱ_mousemovements
0 0 0 0 0 0 0 0 0 0 0 0 0 0 0 0 0 0 0 0 0 0 0 0 0 0 0 0 0 0 0 0 0 0 0 0 0 0 0 0 0 0 0 liyajie 9Сʱ_mousemovements
0 0 0 0 0 0 0 0 0 0 0 0 0 0 0 0 0 0 0 0 0 0 0 0 0 0 0 0 0 0 0 0 0 0 0 0 0 0 0 0 0 0 0 liyajie 9Сʱ_mousemovements
0 0 0 0 0 0 0 0 0 0 0 0 0 0 0 0 0 0 0 0 0 0 0 0 0 0 0 0 0 0 0 0 0 0 0 0 0 0 0 0 0 0 0 liyajie 9Сʱ_mousemovements
0 0 0 0 0 0 0 0 0 0 0 0 0 0 0 0 0 0 0 0 0 0 0 0 0 0 0 0 0 0 0 0 0 0 0 0 0 0 0 0 0 0 0 liyajie 9Сʱ_mousemovements
0 0 0 0 0 0 0 0 0 0 0 0 0 0 0 0 0 0 0 0 0 0 0 0 0 0 0 0 0 0 0 0 0 0 0 0 0 0 0 0 0 0 0 liyajie 9Сʱ_mousemovements
0 0 0 0 0 0 0 0 0 0 0 0 0 0 0 0 0 0 0 0 0 0 0 0 0 0 0 0 0 0 0 0 0 0 0 0 0 0 0 0 0 0 0 liyajie 9Сʱ_mousemovements
0 0 0 0 0 0 0 0 0 0 0 0 0 0 0 0 0 0 0 0 0 0 0 0 0 0 0 0 0 0 0 0 0 0 0 0 0 0 0 0 0 0 0 liyajie 9Сʱ_mousemovements
0 0 0 0 0 0 0 0 0 0 0 0 0 0 0 0 0 0 0 0 0 0 0 0 0 0 0 0 0 0 0 0 0 0 0 0 0 0 0 0 0 0 0 liyajie 9Сʱ_mousemovements
0 0 0 0 0 0 0 0 0 0 0 0 0 0 0 0 0 0 0 0 0 0 0 0 0 0 0 0 0 0 0 0 0 0 0 0 0 0 0 0 0 0 0 liyajie 9Сʱ_mousemovements
0 0 0 0 0 0 0 0 0 0 0 0 0 0 0 0 0 0 0 0 0 0 0 0 0 0 0 0 0 0 0 0 0 0 0 0 0 0 0 0 0 0 0 liyajie 9Сʱ_mousemovements
0 0 0 0 0 0 0 0 0 0 0 0 0 0 0 0 0 0 0 0 0 0 0 0 0 0 0 0 0 0 0 0 0 0 0 0 0 0 0 0 0 0 0 liyajie 9Сʱ_mousemovements
0 0 0 0 0 0 0 0 0 0 0 0 0 0 0 0 0 0 0 0 0 0 0 0 0 0 0 0 0 0 0 0 0 0 0 0 0 0 0 0 0 0 0 liyajie 9Сʱ_mousemovements
0 0 0 0 0 0 0 0 0 0 0 0 0 0 0 0 0 0 0 0 0 0 0 0 0 0 0 0 0 0 0 0 0 0 0 0 0 0 0 0 0 0 0 liyajie 9Сʱ_mousemovements
0 0 0 0 0 0 0 0 0 0 0 0 0 0 0 0 0 0 0 0 0 0 0 0 0 0 0 0 0 0 0 0 0 0 0 0 0 0 0 0 0 0 0 liyajie 9Сʱ_mousemovements
109.589043 0 0 0 0 0 0 0 0 0 0 0 0 0 0 0 0 0 0 0 0 0 0 0 21.9178086 0 0 1.0 0.0 0.0 1.0 0.0 0.0 0.0 0.0 0.0 0.0 0.0 0.3333333333333333 0.6666666666666666 0.0 0.0 0.0 liyajie 9Сʱ_mousemovements
168.53717963636362 600.164246 698.185913 1342.125244 448.691132 904.0941973333333 0 1212.424561 875.8390505 758.4913175 600.164246 893.759399 54.627419 267.69116083333336 122.090649 550.0606502500001 0.10526315789473684 0.10526315789473684 0.05263157894736842 0.05263157894736842 0.05263157894736842 0.3157894736842105 0.10526315789473684 0.21052631578947367 115.84029034042553 6.4102565 852.6171262500001 0.8867924528301887 0.03773584905660377 0.07547169811320754 0.5789473684210527 0.05263157894736842 0.05263157894736842 0.05263157894736842 0.05263157894736842 0.15789473684210525 0.0 0.05263157894736842 0.6923076923076923 0.11538461538461539 0.1346153846153846 0.038461538461538464 0.019230769230769232 liyajie 9Сʱ_mousemovements
129.7364655882353 359.931244 0 462.87974033333336 974.4486695 630.2828979999999 0 0 0 637.51887525 187.614243 663.888733 192.23569466666666 185.76267757142858 217.6674778 199.1479555 0.0 0.16 0.04 0.04 0.12 0.28 0.2 0.16 48.87772359999999 12.820513 374.5158119999999 0.9042553191489362 0.010638297872340425 0.0851063829787234 0.68 0.04 0.0 0.12 0.08 0.08 0.0 0.0 0.5697674418604651 0.22093023255813954 0.09302325581395349 0.08139534883720931 0.03488372093023256 liyajie 9Сʱ_mousemovements
131.071307 466.48992924999993 430.894475 1089.2680055 974.938171 903.4858806666667 0 0 157.3671702 777.73320775 1100.140259 0 291.7154325 429.01875259999997 14.4747725 190.5447175 0.1388888888888889 0.1111111111111111 0.027777777777777776 0.0 0.1111111111111111 0.2777777777777778 0.1111111111111111 0.2222222222222222 82.32301120253163 19.1019715 387.0775223571428 0.797979797979798 0.06060606060606061 0.1414141414141414 0.6388888888888888 0.1111111111111111 0.08333333333333333 0.05555555555555555 0.027777777777777776 0.08333333333333333 0.0 0.0 0.6354166666666666 0.21875 0.07291666666666667 0.041666666666666664 0.03125 liyajie 9Сʱ_mousemovements
0 0 0 0 0 0 0 0 0 0 0 0 0 0 0 0 0 0 0 0 0 0 0 0 0 0 0 0 0 0 0 0 0 0 0 0 0 0 0 0 0 0 0 liyajie 9Сʱ_mousemovements
157.2836580384615 358.6272997142857 379.017746 836.3910825 276.011871 2120.722412 568.309326 1877.752686 532.0597399999999 915.559103 210.92744 43.771969 363.2023335 191.71015466666665 334.22712788888884 222.32660471428576 0.09302325581395349 0.09302325581395349 0.11627906976744186 0.023255813953488372 0.09302325581395349 0.20930232558139536 0.20930232558139536 0.16279069767441862 149.20841272093023 52.25558662500001 230.24124400000002 0.86 0.08 0.06 0.6046511627906976 0.16279069767441862 0.09302325581395349 0.046511627906976744 0.023255813953488372 0.023255813953488372 0.023255813953488372 0.023255813953488372 0.59375 0.22916666666666666 0.09375 0.07291666666666667 0.010416666666666666 liyajie 9Сʱ_mousemovements
115.12328666666667 254.365387 0 0 1631.918213 0 0 0 188.013779 12.820513 144.535568 0 0 0 254.365387 1631.918213 0.2 0.2 0.2 0.0 0.0 0.0 0.2 0.2 94.86899509090908 0.0 144.535568 0.9166666666666666 0.041666666666666664 0.041666666666666664 0.6 0.2 0.0 0.0 0.2 0.0 0.0 0.0 0.6086956521739131 0.2608695652173913 0.13043478260869565 0.0 0.0 liyajie 9Сʱ_mousemovements
87.17320771428571 319.297852 715.021301 0 662.621033 0 0 0 204.193527 0 0 236.140533 96.774193 715.021301 209.58617759999998 7.092198 0.1 0.0 0.0 0.1 0.1 0.1 0.5 0.1 35.6020093076923 9.9563555 449.380783 0.9069767441860465 0.046511627906976744 0.046511627906976744 0.7 0.1 0.1 0.0 0.1 0.0 0.0 0.0 0.7297297297297297 0.1891891891891892 0.05405405405405406 0.02702702702702703 0.0 liyajie 9Сʱ_mousemovements
0 0 0 0 0 0 0 0 0 0 0 0 0 0 0 0 0 0 0 0 0 0 0 0 0 0 0 0 0 0 0 0 0 0 0 0 0 0 0 0 0 0 0 liyajie 9Сʱ_mousemovements
0 0 0 0 0 0 0 0 0 0 0 0 0 0 0 0 0 0 0 0 0 0 0 0 0 0 0 0 0 0 0 0 0 0 0 0 0 0 0 0 0 0 0 liyajie 9Сʱ_mousemovements
0 0 0 0 0 0 0 0 0 0 0 0 0 0 0 0 0 0 0 0 0 0 0 0 0 0 0 0 0 0 0 0 0 0 0 0 0 0 0 0 0 0 0 liyajie 9Сʱ_mousemovements
146.897263 0 442.986298 2144.839233 0 980.0628509999999 1053.056763 0 2449.533691 775.677151 0 1258.177612 0 1299.7319945 0 442.986298 0.1111111111111111 0.4444444444444444 0.0 0.1111111111111111 0.0 0.2222222222222222 0.0 0.1111111111111111 242.16546187096776 0.0 586.435219 0.8611111111111112 0.027777777777777776 0.1111111111111111 0.1111111111111111 0.0 0.1111111111111111 0.2222222222222222 0.0 0.4444444444444444 0.1111111111111111 0.0 0.6363636363636364 0.09090909090909091 0.12121212121212122 0.09090909090909091 0.06060606060606061 liyajie 9Сʱ_mousemovements
161.74617107142856 1031.8966295 0 839.8237305 497.404259 1007.010864 0 0 445.66045399999996 125.0 2757.440674 604.067749 86.85333449999999 418.98740699999996 344.57893 308.7858843333333 0.08695652173913043 0.043478260869565216 0.043478260869565216 0.08695652173913043 0.17391304347826086 0.21739130434782608 0.21739130434782608 0.13043478260869565 167.311011893617 52.01570375 667.2731273333333 0.8703703703703703 0.07407407407407407 0.05555555555555555 0.6086956521739131 0.17391304347826086 0.0 0.08695652173913043 0.08695652173913043 0.043478260869565216 0.0 0.0 0.6521739130434783 0.1956521739130435 0.06521739130434782 0.021739130434782608 0.06521739130434782 liyajie 9Сʱ_mousemovements
93.34278541666667 0 0 281.177246 560.1272585 0 0 0 0 403.8473895 0 0 160.0317026666667 264.914153 53.6020848 85.501209 0.0 0.13333333333333333 0.0 0.0 0.2 0.2 0.3333333333333333 0.13333333333333333 46.289545666666676 10.638298 566.745972 0.9545454545454546 0.022727272727272728 0.022727272727272728 0.8 0.0 0.0 0.06666666666666667 0.13333333333333333 0.0 0.0 0.0 0.5641025641025641 0.15384615384615385 0.1794871794871795 0.07692307692307693 0.02564102564102564 liyajie 9Сʱ_mousemovements
80.59357583333333 0 0 0 0 0 0 0 22.148748 0 0 0 21.276596 88.74417399999999 125.0 0 0.08333333333333333 0.0 0.0 0.0 0.08333333333333333 0.75 0.08333333333333333 0.0 21.980066136363636 0 0 1.0 0.0 0.0 1.0 0.0 0.0 0.0 0.0 0.0 0.0 0.0 0.6388888888888888 0.2777777777777778 0.05555555555555555 0.027777777777777776 0.0 liyajie 9Сʱ_mousemovements
228.57639907692308 0 0 0 0 0 1073.273773 1001.612305 239.767797 474.61054249999995 0 171.470947 217.0877685 577.1245392 10.638298 0 0.1875 0.25 0.0 0.0625 0.125 0.3125 0.0625 0.0 120.40102288095237 6.576402333333334 347.6936236666666 0.875 0.0625 0.0625 0.8125 0.0 0.0 0.0 0.0 0.0 0.125 0.0625 0.717948717948718 0.15384615384615385 0.05128205128205128 0.05128205128205128 0.02564102564102564 liyajie 9Сʱ_mousemovements
191.88313412500003 644.153687 0 0 603.226257 2202.115967 0 1086.005127 844.615692 979.6720276666666 208.75499 0 41.980087 0 294.6907635 12.820513 0.16666666666666666 0.25 0.08333333333333333 0.0 0.08333333333333333 0.0 0.3333333333333333 0.08333333333333333 141.57132805405408 12.820513 163.92129200000002 0.8604651162790697 0.023255813953488372 0.11627906976744186 0.6666666666666666 0.08333333333333333 0.0 0.0 0.08333333333333333 0.08333333333333333 0.0 0.08333333333333333 0.65 0.25 0.05 0.025 0.025 liyajie 9Сʱ_mousemovements
0 0 453.1539535 2052.273682 0 0 0 1661.744507 2052.273682 721.871094 0 0 1661.744507 184.436813 0 0 0.25 0.25 0.0 0.0 0.25 0.25 0.0 0.0 247.60121260000003 0 453.1539535 0.8823529411764706 0.0 0.11764705882352941 0.0 0.0 0.5 0.25 0.0 0.0 0.0 0.25 0.6428571428571429 0.21428571428571427 0.14285714285714285 0.0 0.0 liyajie 9Сʱ_mousemovements
147.93473814285716 0 0 429.632446 654.562317 0 0 0 261.337551 0 0 312.310303 74.723427 261.77594350000004 337.9194565 10.638298 0.2222222222222222 0.0 0.0 0.1111111111111111 0.1111111111111111 0.2222222222222222 0.2222222222222222 0.1111111111111111 40.79382185714286 10.638298 483.43631 0.9032258064516129 0.03225806451612903 0.06451612903225806 0.7777777777777778 0.0 0.0 0.1111111111111111 0.1111111111111111 0.0 0.0 0.0 0.7 0.16666666666666666 0.03333333333333333 0.06666666666666667 0.03333333333333333 liyajie 9Сʱ_mousemovements
0 0 0 0 0 0 0 0 0 0 0 0 0 0 0 0 0 0 0 0 0 0 0 0 0 0 0 0 0 0 0 0 0 0 0 0 0 0 0 0 0 0 0 liyajie 9Сʱ_mousemovements
421.435333 0 1083.576904 0 0 0 0 797.117981 1083.576904 797.117981 421.435333 0 0 0 0 0 0.3333333333333333 0.3333333333333333 0.3333333333333333 0.0 0.0 0.0 0.0 0.0 100.33414913333333 0 398.5589905 0.8823529411764706 0.0 0.11764705882352941 0.3333333333333333 0.0 0.3333333333333333 0.0 0.0 0.0 0.0 0.3333333333333333 0.75 0.125 0.0625 0.0 0.0625 liyajie 9Сʱ_mousemovements
1648.6588135000002 0 0 0 0 0 0 0 0 0 0 0 0 0 1648.6588135000002 0 0.0 0.0 0.0 0.0 0.0 0.0 1.0 0.0 659.0513915 1979.214844 0 0.6666666666666666 0.3333333333333333 0.0 1.0 0.0 0.0 0.0 0.0 0.0 0.0 0.0 1.0 0.0 0.0 0.0 0.0 liyajie 9Сʱ_mousemovements
3511.805176 464.692047 0 415.0383 0 622.487061 0 0 1963.421738 0 464.692047 0 0 622.487061 0 0 0.5 0.0 0.25 0.0 0.0 0.25 0.0 0.0 305.88440176923075 0.0 518.7626805 0.8125 0.0625 0.125 0.25 0.25 0.0 0.25 0.0 0.25 0.0 0.0 0.5714285714285714 0.14285714285714285 0.0 0.14285714285714285 0.14285714285714285 liyajie 9Сʱ_mousemovements
188.46506220000003 427.59817499999997 0 0 0 0 0 0 0 383.40160374999994 0 0 0 352.73408233333333 35.47089833333333 20.812807499999998 0.0 0.3333333333333333 0.0 0.0 0.0 0.25 0.25 0.16666666666666666 88.12409587096774 8.0 0 0.96875 0.03125 0.0 0.8333333333333334 0.16666666666666666 0.0 0.0 0.0 0.0 0.0 0.0 0.5666666666666667 0.2 0.16666666666666666 0.03333333333333333 0.03333333333333333 liyajie 9Сʱ_mousemovements
257.645104 237.12551100000002 619.821716 1410.164429 739.353088 0 1313.275391 0 1313.275391 739.353088 0 308.283813 41.3892695 269.8629036666667 447.1538245 788.0658189999999 0.07142857142857142 0.07142857142857142 0.0 0.07142857142857142 0.14285714285714285 0.21428571428571427 0.2857142857142857 0.14285714285714285 137.89263497142855 454.990464 106.7032155 0.8333333333333334 0.07142857142857142 0.09523809523809523 0.5714285714285714 0.14285714285714285 0.07142857142857142 0.07142857142857142 0.07142857142857142 0.0 0.07142857142857142 0.0 0.6666666666666666 0.1794871794871795 0.07692307692307693 0.07692307692307693 0.0 liyajie 9Сʱ_mousemovements
214.18813642857143 424.36349480000007 462.66167200000007 599.8515216666667 551.4891763333334 0 0 0 682.057007 240.44506249999998 467.37435919999996 330.50332366666663 248.13234433333332 311.08388763636367 355.7526385714286 425.60961299999997 0.024390243902439025 0.14634146341463414 0.12195121951219512 0.07317073170731707 0.07317073170731707 0.2682926829268293 0.17073170731707318 0.12195121951219512 141.13170033333333 10.638298 135.69279020000002 0.9411764705882353 0.00980392156862745 0.049019607843137254 0.5121951219512195 0.12195121951219512 0.21951219512195122 0.07317073170731707 0.07317073170731707 0.0 0.0 0.0 0.494949494949495 0.2222222222222222 0.18181818181818182 0.08080808080808081 0.020202020202020204 liyajie 9Сʱ_mousemovements
121.64921647368419 330.40140283333335 637.5052693333333 0 0 0 0 0 322.95990725 499.79875949999996 412.911621 301.9868596666667 130.06336781818183 198.85079933333336 115.06752750000001 169.2827455 0.14285714285714285 0.07142857142857142 0.03571428571428571 0.10714285714285714 0.39285714285714285 0.10714285714285714 0.07142857142857142 0.07142857142857142 73.23468907142856 54.545456 0.0 0.9438202247191011 0.011235955056179775 0.0449438202247191 0.6785714285714286 0.21428571428571427 0.10714285714285714 0.0 0.0 0.0 0.0 0.0 0.6708860759493671 0.17721518987341772 0.08860759493670886 0.05063291139240506 0.012658227848101266 liyajie 9Сʱ_mousemovements
74.0350281 0 432.510849 707.878845 0 0 0 0 211.39851249999998 88.148157 204.799789 0 527.92511 337.096588 59.661927 42.553192 0.3076923076923077 0.15384615384615385 0.07692307692307693 0.0 0.07692307692307693 0.07692307692307693 0.23076923076923078 0.07692307692307693 31.52110630555556 133.515564 522.4877165 0.9230769230769231 0.02564102564102564 0.05128205128205128 0.7692307692307693 0.0 0.15384615384615385 0.07692307692307693 0.0 0.0 0.0 0.0 0.6285714285714286 0.17142857142857143 0.14285714285714285 0.02857142857142857 0.02857142857142857 liyajie 9Сʱ_mousemovements
200.16420724999998 0 907.877869 541.503784 0 0 0 0 125.64577566666667 540.32577525 0 0 16.129032 541.503784 620.210022 242.489914 0.2727272727272727 0.36363636363636365 0.0 0.0 0.09090909090909091 0.09090909090909091 0.09090909090909091 0.09090909090909091 99.76744506060606 0 166.56187325000002 0.8918918918918919 0.0 0.10810810810810811 0.7272727272727273 0.0 0.18181818181818182 0.09090909090909091 0.0 0.0 0.0 0.0 0.6666666666666666 0.15151515151515152 0.12121212121212122 0.06060606060606061 0.0 liyajie 9Сʱ_mousemovements
128.4531665 0 0 0 0 0 0 0 107.970161 0 0 0 0 148.936172 0 0 0.5 0.0 0.0 0.0 0.0 0.5 0.0 0.0 36.70090471428572 0 0 1.0 0.0 0.0 1.0 0.0 0.0 0.0 0.0 0.0 0.0 0.0 0.6 0.2 0.0 0.2 0.0 liyajie 9Сʱ_mousemovements
106.6513429 0 0 0 0 762.2256165000001 0 0 117.90930674999998 406.925476 0 0 650.061859 143.9267792 62.5 45.0041094 0.36363636363636365 0.045454545454545456 0.0 0.0 0.09090909090909091 0.22727272727272727 0.045454545454545456 0.22727272727272727 33.85756917460318 0 762.2256165000001 0.9692307692307692 0.0 0.03076923076923077 0.9090909090909091 0.0 0.0 0.0 0.0 0.09090909090909091 0.0 0.0 0.5166666666666667 0.2833333333333333 0.11666666666666667 0.03333333333333333 0.05 liyajie 9Сʱ_mousemovements
112.88865966666667 0 0 0 0 0 0 1045.425659 0 294.280914 1045.425659 0 203.90155 128.205124 12.651672 0 0.0 0.16666666666666666 0.16666666666666666 0.0 0.16666666666666666 0.16666666666666666 0.3333333333333333 0.0 113.1636182 12.651672 0 0.8823529411764706 0.11764705882352941 0.0 0.8571428571428571 0.0 0.0 0.0 0.0 0.0 0.0 0.14285714285714285 0.625 0.0625 0.125 0.1875 0.0 liyajie 9Сʱ_mousemovements
146.788986 0 432.186829 0 750.682739 0 0 1077.125244 432.186829 0 1077.125244 0 146.788986 0 750.682739 0 0.25 0.0 0.25 0.0 0.25 0.0 0.25 0.0 150.42398737500002 0.0 0 0.9411764705882353 0.058823529411764705 0.0 0.25 0.0 0.25 0.0 0.25 0.0 0.0 0.25 0.5625 0.125 0.0625 0.25 0.0 liyajie 9Сʱ_mousemovements
146.4276305 349.00663375000005 307.82176225 672.936076 1066.755249 816.001404 0 1284.3991085 543.790141 864.619995 266.49939 347.21171549999997 543.8229580000001 259.402939 161.82703025 695.7842610000001 0.13043478260869565 0.08695652173913043 0.043478260869565216 0.08695652173913043 0.17391304347826086 0.17391304347826086 0.17391304347826086 0.13043478260869565 146.31626274137932 63.8183624 243.94377916666667 0.8405797101449275 0.07246376811594203 0.08695652173913043 0.34782608695652173 0.17391304347826086 0.17391304347826086 0.13043478260869565 0.043478260869565216 0.043478260869565216 0.0 0.08695652173913043 0.578125 0.140625 0.1875 0.09375 0.0 liyajie 9Сʱ_mousemovements
148.04521684615383 505.065704 334.353638 2089.985779 0 1015.7928465 0 0 0 353.993622 1805.016805 0 84.70934533333333 153.07987759999997 302.041359 326.27583833333335 0.0 0.05263157894736842 0.15789473684210525 0.0 0.15789473684210525 0.2631578947368421 0.21052631578947367 0.15789473684210525 162.69487825 10.638298 451.58786775 0.8979591836734694 0.02040816326530612 0.08163265306122448 0.6842105263157895 0.05263157894736842 0.05263157894736842 0.10526315789473684 0.0 0.10526315789473684 0.0 0.0 0.6304347826086957 0.17391304347826086 0.10869565217391304 0.08695652173913043 0.0 liyajie 9Сʱ_mousemovements
71.3038594 0 0 0 839.494873 1086.753174 0 0 0 0 839.494873 0 73.25680875 63.492062 0 1086.753174 0.0 0.0 0.14285714285714285 0.0 0.5714285714285714 0.14285714285714285 0.0 0.14285714285714285 112.62536594736842 0 142.885391 0.95 0.0 0.05 0.7142857142857143 0.0 0.0 0.0 0.14285714285714285 0.14285714285714285 0.0 0.0 0.6666666666666666 0.1111111111111111 0.16666666666666666 0.0 0.05555555555555555 liyajie 9Сʱ_mousemovements
82.83740866666666 683.17511 318.5215455 1701.307617 0 3579.689941 0 0 3579.689941 0 253.537537 1701.307617 683.17511 299.94437400000004 16.064515999999998 0 0.125 0.0 0.125 0.125 0.125 0.25 0.25 0.0 270.11673452173915 0 212.347697 0.8846153846153846 0.0 0.11538461538461539 0.375 0.125 0.25 0.125 0.0 0.125 0.0 0.0 0.6666666666666666 0.19047619047619047 0.09523809523809523 0.0 0.047619047619047616 liyajie 9Сʱ_mousemovements
73.78483883333334 649.431213 798.502258 704.639343 0 0 380.087311 0 391.3667043333333 0 798.502258 184.535492 0 250.53302133333332 62.5 4.132231 0.3 0.0 0.1 0.1 0.0 0.3 0.1 0.1 47.19373309090909 0 283.59519320000004 0.868421052631579 0.0 0.13157894736842105 0.6 0.1 0.1 0.1 0.0 0.0 0.1 0.0 0.5277777777777778 0.2777777777777778 0.08333333333333333 0.08333333333333333 0.027777777777777776 liyajie 9Сʱ_mousemovements
115.27812944444446 811.378479 819.788055 573.320801 2480.604248 695.994934 0 0 665.8689016666667 210.198593 0 338.961136 553.4583636666666 387.7306416666667 12.820513 784.7548989999999 0.17647058823529413 0.058823529411764705 0.0 0.11764705882352941 0.17647058823529413 0.17647058823529413 0.058823529411764705 0.23529411764705882 125.79994849122806 6.4102565 335.5434236 0.890625 0.03125 0.078125 0.5294117647058824 0.17647058823529413 0.11764705882352941 0.058823529411764705 0.058823529411764705 0.058823529411764705 0.0 0.0 0.6 0.2833333333333333 0.05 0.05 0.016666666666666666 liyajie 9Сʱ_mousemovements
68.780716 436.231049 0 0 0 0 1035.158569 0 118.039833 0 0 0 1035.158569 0 0 148.32852 0.16666666666666666 0.0 0.0 0.0 0.16666666666666666 0.0 0.0 0.6666666666666666 107.2520008125 0 15.2402345 0.8888888888888888 0.0 0.1111111111111111 0.6666666666666666 0.16666666666666666 0.0 0.0 0.0 0.0 0.16666666666666666 0.0 0.7647058823529411 0.17647058823529413 0.058823529411764705 0.0 0.0 liyajie 9Сʱ_mousemovements
158.0350518888889 390.7644064285714 592.883484 539.713562 0 1010.9974365 265.311493 0 0 266.5366338 263.6387558571429 465.007935 392.3066386666667 615.50415 248.39550400000002 316.7059715 0.0 0.16129032258064516 0.22580645161290322 0.06451612903225806 0.0967741935483871 0.03225806451612903 0.22580645161290322 0.1935483870967742 115.12554914473682 14.128109333333335 106.81038428571428 0.8837209302325582 0.03488372093023256 0.08139534883720931 0.5806451612903226 0.22580645161290322 0.03225806451612903 0.06451612903225806 0.0 0.06451612903225806 0.03225806451612903 0.0 0.5975609756097561 0.2073170731707317 0.08536585365853659 0.06097560975609756 0.04878048780487805 liyajie 9Сʱ_mousemovements
126.1374234117647 356.4224778333333 1095.328369 1038.676168 0 0 0 0 256.60715500000003 176.7821624 240.46209399999998 237.3428425 145.29689 616.680179 190.42474299999998 594.623905 0.07407407407407407 0.18518518518518517 0.2222222222222222 0.07407407407407407 0.037037037037037035 0.18518518518518517 0.14814814814814814 0.07407407407407407 91.86437180303031 36.6300375 294.7399155 0.868421052631579 0.02631578947368421 0.10526315789473684 0.6296296296296297 0.2222222222222222 0.037037037037037035 0.1111111111111111 0.0 0.0 0.0 0.0 0.4931506849315068 0.3287671232876712 0.1232876712328767 0.0273972602739726 0.0273972602739726 liyajie 9Сʱ_mousemovements
94.31540366666667 614.128906 462.054596 329.371796 906.04844675 0 1465.7474364999998 1018.758484 412.632767 1126.4463194999998 1121.1362305 319.6063385 0 926.9143373333333 218.83346025 272.15180300000003 0.11764705882352941 0.11764705882352941 0.11764705882352941 0.11764705882352941 0.0 0.17647058823529413 0.23529411764705882 0.11764705882352941 142.7673465319149 4.273504333333333 572.8563283333334 0.8392857142857143 0.05357142857142857 0.10714285714285714 0.35294117647058826 0.11764705882352941 0.058823529411764705 0.058823529411764705 0.23529411764705882 0.0 0.11764705882352941 0.058823529411764705 0.6078431372549019 0.1568627450980392 0.1568627450980392 0.058823529411764705 0.0196078431372549 liyajie 9Сʱ_mousemovements
453.649316 385.263123 247.855988 601.727539 817.912537 0 1131.444336 0 947.325806 0 0 709.8200380000001 385.263123 0 25.641026 555.2326889999999 0.1111111111111111 0.0 0.0 0.2222222222222222 0.1111111111111111 0.0 0.1111111111111111 0.4444444444444444 146.75533804166665 25.641026 362.75791200000003 0.8275862068965517 0.034482758620689655 0.13793103448275862 0.4444444444444444 0.1111111111111111 0.1111111111111111 0.1111111111111111 0.1111111111111111 0.0 0.1111111111111111 0.0 0.6153846153846154 0.15384615384615385 0.07692307692307693 0.11538461538461539 0.038461538461538464 liyajie 9Сʱ_mousemovements
44.870421 439.45565799999997 526.2620949999999 919.5663246666667 0 1430.9936217499999 0 0 780.3032426666667 194.15821233333335 1044.8715413333332 184.797607 15.873015 175.6561415 1149.9029234999998 0.0 0.16666666666666666 0.16666666666666666 0.16666666666666666 0.05555555555555555 0.05555555555555555 0.1111111111111111 0.2222222222222222 0.05555555555555555 140.5160322857143 7.9365075 538.554373875 0.8305084745762712 0.03389830508474576 0.13559322033898305 0.3333333333333333 0.1111111111111111 0.16666666666666666 0.16666666666666666 0.0 0.2222222222222222 0.0 0.0 0.559322033898305 0.3050847457627119 0.03389830508474576 0.0847457627118644 0.01694915254237288 liyajie 9Сʱ_mousemovements
154.88255727272733 688.11738575 537.886612 633.8189695 0 0 795.473999 748.492188 225.05916100000002 641.548238 584.623291 1013.120285 249.090904 418.431173 143.125228 211.0130695 0.14285714285714285 0.14285714285714285 0.047619047619047616 0.09523809523809523 0.14285714285714285 0.14285714285714285 0.09523809523809523 0.19047619047619047 75.19266718181818 69.556648 561.390248 0.8333333333333334 0.06060606060606061 0.10606060606060606 0.5238095238095238 0.19047619047619047 0.09523809523809523 0.09523809523809523 0.0 0.0 0.047619047619047616 0.047619047619047616 0.65 0.18333333333333332 0.08333333333333333 0.06666666666666667 0.016666666666666666 liyajie 9Сʱ_mousemovements
29.341112000000003 270.010651 0 0 0 0 1924.003296 0 0 0 0 0 1924.003296 0 42.553192 143.0698415 0.0 0.0 0.0 0.0 0.25 0.0 0.25 0.5 85.50245600000001 16.129032 270.010651 0.92 0.04 0.04 0.5 0.25 0.0 0.0 0.0 0.0 0.25 0.0 0.7777777777777778 0.1111111111111111 0.1111111111111111 0.0 0.0 liyajie 9Сʱ_mousemovements
233.342484 0 0 645.144867 818.258728 900.777405 2495.769043 0 632.56134 818.258728 567.0599445 0 657.728394 0 0 2495.769043 0.16666666666666666 0.16666666666666666 0.3333333333333333 0.0 0.16666666666666666 0.0 0.0 0.16666666666666666 99.83076172 0 648.5336702000001 0.8333333333333334 0.0 0.16666666666666666 0.16666666666666666 0.0 0.0 0.3333333333333333 0.16666666666666666 0.16666666666666666 0.16666666666666666 0.0 0.6071428571428571 0.21428571428571427 0.14285714285714285 0.03571428571428571 0.0 liyajie 9Сʱ_mousemovements
141.018212 372.236664 342.842072 0 0 810.8428954999999 0 717.63385 717.63385 85.106384 909.297974 0 342.842072 0 233.0729755 365.814998 0.1111111111111111 0.1111111111111111 0.1111111111111111 0.0 0.1111111111111111 0.0 0.2222222222222222 0.3333333333333333 74.79118500000001 12.820513 527.4567529999999 0.8 0.04 0.16 0.4444444444444444 0.1111111111111111 0.1111111111111111 0.0 0.0 0.2222222222222222 0.0 0.1111111111111111 0.6956521739130435 0.08695652173913043 0.08695652173913043 0.08695652173913043 0.043478260869565216 liyajie 9Сʱ_mousemovements
0 0 0 0 0 0 0 0 0 0 0 0 0 0 0 0 0 0 0 0 0 0 0 0 0 0 0 0 0 0 0 0 0 0 0 0 0 0 0 0 0 0 0 liyajie 9Сʱ_mousemovements
0 0 0 0 0 0 0 0 0 0 0 0 0 0 0 0 0 0 0 0 0 0 0 0 0 0 0 0 0 0 0 0 0 0 0 0 0 0 0 0 0 0 0 liyajie 9Сʱ_mousemovements
70.54060525 0 443.628784 4180.354492 702.3349 1114.015137 0 0 334.44625099999996 1114.015137 0 4180.354492 0 0 15.873015 74.468086 0.5 0.125 0.0 0.125 0.0 0.0 0.125 0.125 245.49028463636367 69.231445 1114.015137 0.8461538461538461 0.11538461538461539 0.038461538461538464 0.5 0.0 0.125 0.125 0.125 0.125 0.0 0.0 0.7727272727272727 0.09090909090909091 0.045454545454545456 0.09090909090909091 0.0 liyajie 9Сʱ_mousemovements
144.38640333333333 262.519325 859.781677 2842.213623 0 0 1141.8323975 0 286.842346 1415.014648 0 1189.024292 913.46486825 171.5817923333333 229.83120466666665 445.18999475000004 0.058823529411764705 0.058823529411764705 0.0 0.058823529411764705 0.23529411764705882 0.17647058823529413 0.17647058823529413 0.23529411764705882 285.95074362500003 30.824529 286.842346 0.8888888888888888 0.08333333333333333 0.027777777777777776 0.5294117647058824 0.11764705882352941 0.17647058823529413 0.058823529411764705 0.0 0.0 0.11764705882352941 0.0 0.5151515151515151 0.30303030303030304 0.12121212121212122 0.06060606060606061 0.0 liyajie 9Сʱ_mousemovements
132.51500344444443 417.7843048000001 480.161041 862.3968261999999 1038.8708040000001 1014.493469 0 0 712.7202032499999 65.22113 628.432888 529.9375303333333 350.9664535 528.3033397777776 173.38503371428573 186.577289 0.11764705882352941 0.029411764705882353 0.11764705882352941 0.08823529411764706 0.058823529411764705 0.2647058823529412 0.20588235294117646 0.11764705882352941 123.37207417333336 55.336761 539.043034888889 0.8333333333333334 0.06666666666666667 0.1 0.5294117647058824 0.14705882352941177 0.029411764705882353 0.14705882352941177 0.11764705882352941 0.029411764705882353 0.0 0.0 0.6235294117647059 0.18823529411764706 0.09411764705882353 0.058823529411764705 0.03529411764705882 liyajie 9Сʱ_mousemovements
143.61493033333335 464.6943585 1011.665894 392.19623299999995 1176.1038815 0 998.8332215 0 723.0304639999999 1011.665894 711.615356 895.1664734999999 532.5878145 117.952152 674.628499 14.855514333333334 0.125 0.0625 0.0625 0.125 0.125 0.125 0.1875 0.1875 216.71970950000002 15.6743715 299.34649633333333 0.8292682926829268 0.0975609756097561 0.07317073170731707 0.375 0.125 0.0625 0.1875 0.125 0.0 0.125 0.0 0.5789473684210527 0.21052631578947367 0.13157894736842105 0.05263157894736842 0.02631578947368421 liyajie 9Сʱ_mousemovements
0 0 1187.079712 0 2192.217773 0 0 0 0 1187.079712 0 0 0 0 2192.217773 0 0.0 0.5 0.0 0.0 0.0 0.0 0.5 0.0 422.412185625 0.0 0 0.8888888888888888 0.1111111111111111 0.0 0.0 0.0 0.5 0.0 0.5 0.0 0.0 0.0 0.5555555555555556 0.4444444444444444 0.0 0.0 0.0 liyajie 9Сʱ_mousemovements
135.77979547058825 446.18359399999997 543.0686493333334 755.1816407499999 2095.032349 1182.28833 0 0 167.457108 852.3267972 437.91915016666667 0 446.6086031666666 578.1763855 437.94719525000005 115.7020168 0.034482758620689655 0.1724137931034483 0.20689655172413793 0.0 0.20689655172413793 0.06896551724137931 0.13793103448275862 0.1724137931034483 170.6748955915493 13.383665 215.64486660000003 0.9102564102564102 0.02564102564102564 0.0641025641025641 0.5862068965517241 0.06896551724137931 0.10344827586206896 0.13793103448275862 0.06896551724137931 0.034482758620689655 0.0 0.0 0.5555555555555556 0.2638888888888889 0.1111111111111111 0.041666666666666664 0.027777777777777776 liyajie 9Сʱ_mousemovements
229.32779154999997 525.559326 453.7684936666667 886.479126 799.5792338333334 0 0 0 196.79303233333334 1278.6778766666666 362.96423866666663 662.896912 258.25528 351.741933 201.1763245 324.392868 0.0967741935483871 0.0967741935483871 0.0967741935483871 0.03225806451612903 0.03225806451612903 0.25806451612903225 0.25806451612903225 0.12903225806451613 95.8796062183908 64.102562 250.1164576 0.8446601941747572 0.009708737864077669 0.14563106796116504 0.6451612903225806 0.03225806451612903 0.0967741935483871 0.03225806451612903 0.1935483870967742 0.0 0.0 0.0 0.5544554455445545 0.21782178217821782 0.12871287128712872 0.06930693069306931 0.0297029702970297 liyajie 9Сʱ_mousemovements
185.83498725000004 588.4179075 356.07312 573.8370970000001 843.146057 0 3308.370361 0 512.699239 510.850586 599.6095885 0 181.332916 1981.4788509999998 0 91.490699 0.2727272727272727 0.09090909090909091 0.18181818181818182 0.0 0.09090909090909091 0.18181818181818182 0.0 0.18181818181818182 205.35943928125 0 501.9687195 0.9411764705882353 0.0 0.058823529411764705 0.36363636363636365 0.18181818181818182 0.09090909090909091 0.18181818181818182 0.09090909090909091 0.0 0.09090909090909091 0.0 0.5151515151515151 0.2727272727272727 0.09090909090909091 0.09090909090909091 0.030303030303030304 liyajie 9Сʱ_mousemovements
0 0 0 0 0 0 0 0 0 0 0 0 0 0 0 0 0 0 0 0 0 0 0 0 0 0 0 0 0 0 0 0 0 0 0 0 0 0 0 0 0 0 0 liyajie 9Сʱ_mousemovements
212.3457503636364 383.23357775 534.9099275 735.30011 1263.9002073333334 1178.048706 0 0 717.1443865 217.0842144 355.430603 548.6268652499999 0 758.5578674000001 211.861921 464.58573900000005 0.16666666666666666 0.20833333333333334 0.041666666666666664 0.16666666666666666 0.0 0.20833333333333334 0.08333333333333333 0.125 139.0745096969697 8.349109 415.74887300000006 0.868421052631579 0.039473684210526314 0.09210526315789473 0.4583333333333333 0.16666666666666666 0.08333333333333333 0.125 0.125 0.041666666666666664 0.0 0.0 0.5205479452054794 0.2876712328767123 0.1232876712328767 0.0547945205479452 0.0136986301369863 liyajie 9Сʱ_mousemovements
149.00620800000002 0 342.547363 0 846.706238 0 0 0 86.368935 320.348526 0 0 0 846.706238 62.5 0 0.2 0.4 0.0 0.0 0.0 0.2 0.2 0.0 53.905202583333335 0 342.547363 0.96 0.0 0.04 0.6 0.0 0.2 0.0 0.2 0.0 0.0 0.0 0.4090909090909091 0.2727272727272727 0.18181818181818182 0.13636363636363635 0.0 liyajie 9Сʱ_mousemovements
0 0 0 0 0 0 0 0 0 0 0 0 0 0 0 0 0 0 0 0 0 0 0 0 0 0 0 0 0 0 0 0 0 0 0 0 0 0 0 0 0 0 0 liyajie 9Сʱ_mousemovements
0 0 0 0 0 0 0 0 0 0 0 0 0 0 0 0 0 0 0 0 0 0 0 0 0 0 0 0 0 0 0 0 0 0 0 0 0 0 0 0 0 0 0 liyajie 9Сʱ_mousemovements
0 0 0 0 0 0 0 0 0 0 0 0 0 0 0 0 0 0 0 0 0 0 0 0 0 0 0 0 0 0 0 0 0 0 0 0 0 0 0 0 0 0 0 liyajie 9Сʱ_mousemovements
0 0 487.196289 0 651.400513 0 0 0 487.196289 0 0 0 651.400513 0 0 0 0.5 0.0 0.0 0.0 0.5 0.0 0.0 0.0 0.0 0 569.298401 0.7777777777777778 0.0 0.2222222222222222 0.0 0.0 0.5 0.0 0.5 0.0 0.0 0.0 0.7142857142857143 0.0 0.14285714285714285 0.14285714285714285 0.0 liyajie 9Сʱ_mousemovements
135.714279 0 0 0 0 0 0 0 0 0 0 0 0 135.714279 0 0 0.0 0.0 0.0 0.0 0.0 1.0 0.0 0.0 22.6190465 0.0 0 0.8571428571428571 0.14285714285714285 0.0 1.0 0.0 0.0 0.0 0.0 0.0 0.0 0.0 1.0 0.0 0.0 0.0 0.0 liyajie 9Сʱ_mousemovements
154.47332810526316 354.341263 558.1311158 881.343038 999.572266 0 515.23999 0 409.7329551666667 297.61840720000004 425.996562 470.391261 239.02353933333333 414.3893402 124.349406 265.151312 0.1935483870967742 0.16129032258064516 0.0967741935483871 0.0967741935483871 0.0967741935483871 0.16129032258064516 0.0967741935483871 0.0967741935483871 80.02596427380952 149.446854 413.50498400000004 0.8936170212765957 0.010638297872340425 0.09574468085106383 0.6129032258064516 0.06451612903225806 0.16129032258064516 0.0967741935483871 0.03225806451612903 0.0 0.03225806451612903 0.0 0.5666666666666667 0.23333333333333334 0.13333333333333333 0.044444444444444446 0.022222222222222223 liyajie 9Сʱ_mousemovements
35.3391265 359.196594 688.283081 0 1675.8946529999998 0 0 0 1236.9952999999998 688.283081 0 0 0 0 35.3391265 0 0.5 0.16666666666666666 0.0 0.0 0.0 0.0 0.3333333333333333 0.0 232.9727132 0 325.11884533333335 0.8333333333333334 0.0 0.16666666666666666 0.3333333333333333 0.16666666666666666 0.16666666666666666 0.0 0.3333333333333333 0.0 0.0 0.0 0.6470588235294118 0.17647058823529413 0.058823529411764705 0.058823529411764705 0.058823529411764705 liyajie 9Сʱ_mousemovements
322.67450699999995 0 1132.344849 0 0 0 0 0 0 1132.344849 0 0 0 0 512.015686 0 0.0 0.5 0.0 0.0 0.0 0.0 0.5 0.0 548.1201783333333 133.333328 0 0.75 0.25 0.0 0.6666666666666666 0.0 0.3333333333333333 0.0 0.0 0.0 0.0 0.0 0.6666666666666666 0.3333333333333333 0.0 0.0 0.0 liyajie 9Сʱ_mousemovements
0 0 0 0 0 0 0 0 0 0 0 0 0 0 0 0 0 0 0 0 0 0 0 0 0 0 0 0 0 0 0 0 0 0 0 0 0 0 0 0 0 0 0 liyajie 9Сʱ_mousemovements
0 0 0 0 0 0 0 0 0 0 0 0 0 0 0 0 0 0 0 0 0 0 0 0 0 0 0 0 0 0 0 0 0 0 0 0 0 0 0 0 0 0 0 liyajie 9Сʱ_mousemovements
714.91217 0 0 0 0 0 0 0 0 0 0 0 714.91217 0 0 0 0.0 0.0 0.0 0.0 1.0 0.0 0.0 0.0 357.456085 0 0 1.0 0.0 0.0 1.0 0.0 0.0 0.0 0.0 0.0 0.0 0.0 1.0 0.0 0.0 0.0 0.0 liyajie 9Сʱ_mousemovements
85.04487175 0 0 0 0 0 0 670.199036 254.991989 23.442924 0 0 0 670.199036 45.871559 15.873015 0.2 0.2 0.0 0.0 0.0 0.2 0.2 0.2 14.3971165 23.442924 670.199036 0.9166666666666666 0.041666666666666664 0.041666666666666664 0.8 0.0 0.0 0.0 0.0 0.0 0.0 0.2 0.7894736842105263 0.21052631578947367 0.0 0.0 0.0 liyajie 9Сʱ_mousemovements
109.3279288 0 990.4563905 572.674581 711.8512776666666 0 738.968811 994.953552 385.85895750000003 762.2111205 492.713196 0 157.681015 780.8889579999999 337.06565424999997 78.12962350000001 0.2 0.1 0.05 0.0 0.15 0.2 0.2 0.1 135.68973418367347 7.331608333333333 398.1800416 0.8596491228070176 0.05263157894736842 0.08771929824561403 0.5 0.0 0.1 0.15 0.15 0.0 0.05 0.05 0.5384615384615384 0.1346153846153846 0.1346153846153846 0.15384615384615385 0.038461538461538464 liyajie 9Сʱ_mousemovements
58.28318911111111 0 0 0 0 0 0 0 0 0 0 0 0 54.057234 59.286347250000006 71.174377 0.0 0.0 0.0 0.0 0.0 0.4444444444444444 0.4444444444444444 0.1111111111111111 12.48925480952381 0 0 1.0 0.0 0.0 1.0 0.0 0.0 0.0 0.0 0.0 0.0 0.0 0.6285714285714286 0.2 0.05714285714285714 0.02857142857142857 0.08571428571428572 liyajie 9Сʱ_mousemovements
132.62746573333334 477.093658 0 589.6338296666667 0 0 936.863464 0 477.093658 936.863464 0 621.807556 90.20965333333334 299.892723 160.2205505 170.9039775 0.05 0.05 0.0 0.05 0.15 0.2 0.2 0.3 58.6815780877193 0 304.5701076666666 0.9047619047619048 0.0 0.09523809523809523 0.75 0.05 0.0 0.15 0.0 0.0 0.05 0.0 0.6071428571428571 0.14285714285714285 0.10714285714285714 0.125 0.017857142857142856 liyajie 9Сʱ_mousemovements
111.49755742857144 0 493.139801 630.2501525 740.878204 0 893.031494 589.41626 0 399.44441075 250.540169 502.439575 0 164.03073015384618 41.80824533333334 440.034238 0.0 0.14285714285714285 0.07142857142857142 0.03571428571428571 0.0 0.4642857142857143 0.10714285714285714 0.17857142857142858 75.92070115789473 7.6923078 250.17162939999997 0.8837209302325582 0.05813953488372093 0.05813953488372093 0.75 0.0 0.03571428571428571 0.07142857142857142 0.07142857142857142 0.0 0.03571428571428571 0.03571428571428571 0.6625 0.1375 0.1 0.075 0.025 liyajie 9Сʱ_mousemovements
0 0 0 0 963.97522 0 0 0 0 963.97522 0 0 0 0 0 0 0.0 1.0 0.0 0.0 0.0 0.0 0.0 0.0 240.993805 0 0 1.0 0.0 0.0 0.0 0.0 0.0 0.0 1.0 0.0 0.0 0.0 0.5 0.0 0.5 0.0 0.0 liyajie 9Сʱ_mousemovements
0 0 0 0 0 0 0 0 0 0 0 0 0 0 0 0 0 0 0 0 0 0 0 0 0.0 0 0 1.0 0.0 0.0 0 0 0 0 0 0 0 0 1.0 0.0 0.0 0.0 0.0 liyajie 9Сʱ_mousemovements
0 0 0 0 0 0 890.426636 0 0 0 0 0 890.426636 0 0 0 0.0 0.0 0.0 0.0 1.0 0.0 0.0 0.0 296.80887866666666 0 0 1.0 0.0 0.0 0.0 0.0 0.0 0.0 0.0 0.0 1.0 0.0 0.5 0.0 0.0 0.5 0.0 liyajie 9Сʱ_mousemovements
161.49571355555554 171.36738566666668 427.821014 614.495789 0 1681.3396 0 0 939.2663575 135.7131195 182.69729266666664 67.567566 189.223975 132.70642066666667 261.24151880000005 221.412845 0.08333333333333333 0.08333333333333333 0.125 0.041666666666666664 0.125 0.125 0.20833333333333334 0.20833333333333334 65.66420160294118 338.6858876666667 110.57633866666667 0.8831168831168831 0.03896103896103896 0.07792207792207792 0.75 0.125 0.041666666666666664 0.041666666666666664 0.0 0.041666666666666664 0.0 0.0 0.5675675675675675 0.21621621621621623 0.13513513513513514 0.05405405405405406 0.02702702702702703 liyajie 9Сʱ_mousemovements
148.88995081818183 392.433624 855.1949615000001 265.620056 748.755524 300.786591 0 0 905.64502 446.70947249999995 434.9170075 0 185.0296432 1224.279297 106.87519074999999 295.81460066666665 0.05555555555555555 0.1111111111111111 0.1111111111111111 0.0 0.2777777777777778 0.05555555555555555 0.2222222222222222 0.16666666666666666 120.3310905 360.947571 300.786591 0.9583333333333334 0.020833333333333332 0.020833333333333332 0.5789473684210527 0.10526315789473684 0.10526315789473684 0.05263157894736842 0.10526315789473684 0.05263157894736842 0.0 0.0 0.5238095238095238 0.21428571428571427 0.21428571428571427 0.047619047619047616 0.0 liyajie 9Сʱ_mousemovements
