66.177574 0 0 0 0 0 0 0 66.177574 0 0 0 0 0 0 0 1.0 0.0 0.0 0.0 0.0 0.0 0.0 0.0 0.0 0 66.177574 0.8 0.0 0.2 1.0 0.0 0.0 0.0 0.0 0.0 0.0 0.0 0.75 0.25 0.0 0.0 0.0 chenyu 7Сʱ_mousemovements
86.938142 432.62939966666676 377.202774 313.903412 0 553.345215 0 0 283.4022295 0 553.345215 0 155.18133899999998 20.875805 278.4270786000001 510.709534 0.16666666666666666 0.0 0.08333333333333333 0.0 0.16666666666666666 0.08333333333333333 0.4166666666666667 0.08333333333333333 55.12575830769231 0 240.86570200000006 0.8863636363636364 0.0 0.11363636363636363 0.4166666666666667 0.25 0.16666666666666666 0.08333333333333333 0.0 0.08333333333333333 0.0 0.0 0.5365853658536586 0.2682926829268293 0.14634146341463414 0.0 0.04878048780487805 chenyu 7Сʱ_mousemovements
148.75209514285714 505.15837849999997 0 596.445801 0 2000.720581 782.752258 0 0 486.134346 404.71382525 11.313708 1069.2619245 0 230.1795043333333 0 0.0 0.16666666666666666 0.3333333333333333 0.08333333333333333 0.16666666666666666 0.0 0.25 0.0 95.86913854545455 9.656854 238.78885179999997 0.8627450980392157 0.0392156862745098 0.09803921568627451 0.5833333333333334 0.16666666666666666 0.0 0.08333333333333333 0.0 0.08333333333333333 0.08333333333333333 0.0 0.6304347826086957 0.1956521739130435 0.10869565217391304 0.043478260869565216 0.021739130434782608 chenyu 7Сʱ_mousemovements
195.35804524999998 250.87431333333333 615.7219849999999 740.1092985 0 0 0 0 304.4759976666667 594.636719 55.370436999999995 0 354.838837 220.53920250000002 312.44197024999994 396.7994155 0.13043478260869565 0.043478260869565216 0.08695652173913043 0.0 0.043478260869565216 0.2608695652173913 0.34782608695652173 0.08695652173913043 88.13752542028986 0 101.7049954 0.9324324324324325 0.0 0.06756756756756757 0.6956521739130435 0.13043478260869565 0.08695652173913043 0.08695652173913043 0.0 0.0 0.0 0.0 0.5882352941176471 0.22058823529411764 0.11764705882352941 0.04411764705882353 0.029411764705882353 chenyu 7Сʱ_mousemovements
167.37427766666667 0 0 0 0 0 0 0 0 0 0 0 166.453354 202.964279 0 132.7052 0.0 0.0 0.0 0.0 0.3333333333333333 0.3333333333333333 0.0 0.3333333333333333 41.84356941666667 0 0 1.0 0.0 0.0 1.0 0.0 0.0 0.0 0.0 0.0 0.0 0.0 0.5555555555555556 0.3333333333333333 0.0 0.0 0.1111111111111111 chenyu 7Сʱ_mousemovements
239.18646 144.596039 0 430.851837 587.534973 460.606964 1561.533569 0 430.851837 587.534973 0 1561.533569 0 0 97.157092 341.90866475 0.1111111111111111 0.1111111111111111 0.0 0.1111111111111111 0.0 0.0 0.2222222222222222 0.4444444444444444 101.283395 0 199.87929674999998 0.8918918918918919 0.0 0.10810810810810811 0.4444444444444444 0.1111111111111111 0.0 0.1111111111111111 0.1111111111111111 0.1111111111111111 0.1111111111111111 0.0 0.6666666666666666 0.18181818181818182 0.06060606060606061 0.030303030303030304 0.06060606060606061 chenyu 7Сʱ_mousemovements
130.64082962499998 268.646118 375.0986175 0 0 502.871613 0 0 160.95491 58.8795175 298.395527 144.40814966666667 120.64869166666665 607.4737245 120.86477199999999 69.170227 0.05263157894736842 0.10526315789473684 0.10526315789473684 0.15789473684210525 0.15789473684210525 0.10526315789473684 0.2631578947368421 0.05263157894736842 63.71649038297874 596.30835 20.984842 0.9591836734693877 0.02040816326530612 0.02040816326530612 0.8 0.05 0.1 0.0 0.0 0.05 0.0 0.0 0.4444444444444444 0.28888888888888886 0.1111111111111111 0.1111111111111111 0.044444444444444446 chenyu 7Сʱ_mousemovements
129.84477780952383 740.0393369999999 232.752945 0 0 1045.251709 0 0 99.780685 64.516129 535.347717 704.5998636666667 349.18271849999996 109.50733575 64.76466914285714 123.2039168 0.038461538461538464 0.038461538461538464 0.038461538461538464 0.11538461538461539 0.15384615384615385 0.15384615384615385 0.2692307692307692 0.19230769230769232 93.22932803333335 0 123.816925 0.9836065573770492 0.0 0.01639344262295082 0.8076923076923077 0.07692307692307693 0.07692307692307693 0.0 0.0 0.038461538461538464 0.0 0.0 0.49122807017543857 0.22807017543859648 0.14035087719298245 0.14035087719298245 0.0 chenyu 7Сʱ_mousemovements
0 0 0 0 0 0 0 0 0 0 0 0 0 0 0 0 0 0 0 0 0 0 0 0 0.0 0 0 1.0 0.0 0.0 0 0 0 0 0 0 0 0 0.5 0.0 0.5 0.0 0.0 chenyu 7Сʱ_mousemovements
0 0 0 0 0 0 0 0 0 0 0 0 0 0 0 0 0 0 0 0 0 0 0 0 0 0 0 0 0 0 0 0 0 0 0 0 0 0 0 0 0 0 0 chenyu 7Сʱ_mousemovements
207.34882886666665 714.1124204 302.88791649999996 1262.815552 0 1681.08313 0 0 365.020294 656.1690279999999 803.6366680000001 868.4111325 175.485817 301.2632926 132.1909365 340.78939 0.041666666666666664 0.125 0.125 0.08333333333333333 0.08333333333333333 0.20833333333333334 0.16666666666666666 0.16666666666666666 140.2669832205882 10.4872185 167.8349385 0.918918918918919 0.02702702702702703 0.05405405405405406 0.625 0.20833333333333334 0.08333333333333333 0.041666666666666664 0.0 0.041666666666666664 0.0 0.0 0.45714285714285713 0.44285714285714284 0.07142857142857142 0.014285714285714285 0.014285714285714285 chenyu 7Сʱ_mousemovements
110.91651991304343 323.5275845 740.418701 403.987122 0 0 0 0 0 210.261292 0 403.987122 264.42392725 91.51612850000001 94.59426457142861 232.6489732 0.0 0.037037037037037035 0.0 0.037037037037037035 0.14814814814814814 0.07407407407407407 0.5185185185185185 0.18518518518518517 60.593135815384606 0 403.987122 0.9848484848484849 0.0 0.015151515151515152 0.8518518518518519 0.07407407407407407 0.037037037037037035 0.037037037037037035 0.0 0.0 0.0 0.0 0.5161290322580645 0.27419354838709675 0.0967741935483871 0.04838709677419355 0.06451612903225806 chenyu 7Сʱ_mousemovements
92.86256150000001 183.66345233333334 265.56604749999997 555.686646 2525.25415 0 0 0 352.01923375 169.407425 0 1445.8597105000001 0 65.067276 75.2685347142857 76.26314666666666 0.17391304347826086 0.043478260869565216 0.0 0.08695652173913043 0.0 0.13043478260869565 0.30434782608695654 0.2608695652173913 87.04197341379312 0 150.1074435 0.9354838709677419 0.0 0.06451612903225806 0.6956521739130435 0.13043478260869565 0.08695652173913043 0.043478260869565216 0.043478260869565216 0.0 0.0 0.0 0.5172413793103449 0.29310344827586204 0.10344827586206896 0.06896551724137931 0.017241379310344827 chenyu 7Сʱ_mousemovements
77.51110742857142 236.369751 744.445618 0 1063.5932005 545.041809 0 0 17.857143 236.301208 291.07167999999996 526.837646 61.780128 918.359253 402.45136099999996 64.54030900000001 0.08333333333333333 0.08333333333333333 0.16666666666666666 0.08333333333333333 0.08333333333333333 0.16666666666666666 0.16666666666666666 0.16666666666666666 69.93030358139535 0 237.72365539999996 0.8958333333333334 0.0 0.10416666666666667 0.5833333333333334 0.08333333333333333 0.08333333333333333 0.0 0.16666666666666666 0.08333333333333333 0.0 0.0 0.5 0.32608695652173914 0.08695652173913043 0.043478260869565216 0.043478260869565216 chenyu 7Сʱ_mousemovements
188.44209779999997 198.189194 458.344757 474.68858350000005 1332.763245 1266.501221 1115.4286805 0 1006.4343875 474.68858350000005 433.03734833333334 114.474365 232.1062073333333 325.6053014444444 559.090883 610.7486116666666 0.07692307692307693 0.07692307692307693 0.11538461538461539 0.038461538461538464 0.11538461538461539 0.34615384615384615 0.11538461538461539 0.11538461538461539 119.48679569512194 1446.429932 66.942498 0.9425287356321839 0.011494252873563218 0.04597701149425287 0.5769230769230769 0.038461538461538464 0.11538461538461539 0.07692307692307693 0.07692307692307693 0.038461538461538464 0.07692307692307693 0.0 0.5238095238095238 0.2619047619047619 0.10714285714285714 0.08333333333333333 0.023809523809523808 chenyu 7Сʱ_mousemovements
108.34068627272727 418.81230925 339.224874 1058.5984193333334 574.100769 618.751831 1923.130859 1595.269775 264.9919895 331.2524123333333 1000.004547 571.7200989999999 988.0864905000001 535.1136227500001 181.8202318571429 0 0.08 0.12 0.08 0.2 0.08 0.16 0.28 0.0 122.24444633333336 0 311.6532911666667 0.9310344827586207 0.0 0.06896551724137931 0.44 0.16 0.12 0.12 0.04 0.04 0.04 0.04 0.5176470588235295 0.24705882352941178 0.11764705882352941 0.058823529411764705 0.058823529411764705 chenyu 7Сʱ_mousemovements
107.08355199999997 490.188334 0 811.806091 2099.491699 1383.13855 879.931305 843.203369 1144.6378175 106.906245 372.3407654999999 827.50473 70.921989 68.71100866666667 129.88821961538463 414.5366405714286 0.05405405405405406 0.08108108108108109 0.16216216216216217 0.05405405405405406 0.02702702702702703 0.08108108108108109 0.35135135135135137 0.1891891891891892 95.08138553535356 0 279.0499441428571 0.9339622641509434 0.0 0.0660377358490566 0.7567567567567568 0.08108108108108109 0.0 0.02702702702702703 0.02702702702702703 0.02702702702702703 0.05405405405405406 0.02702702702702703 0.5 0.30392156862745096 0.14705882352941177 0.0392156862745098 0.00980392156862745 chenyu 7Сʱ_mousemovements
163.13905815 428.1779861666667 284.227875 399.715637 557.299072 735.143311 869.75708 0 434.4900665 589.0771944 320.624969 180.0203325 133.40757842857144 91.3920605 346.08783175 157.55189125 0.12903225806451613 0.16129032258064516 0.03225806451612903 0.06451612903225806 0.22580645161290322 0.12903225806451613 0.12903225806451613 0.12903225806451613 89.17226952325582 338.888885 134.0575982 0.9347826086956522 0.010869565217391304 0.05434782608695652 0.6451612903225806 0.1935483870967742 0.03225806451612903 0.03225806451612903 0.03225806451612903 0.03225806451612903 0.03225806451612903 0.0 0.5842696629213483 0.23595505617977527 0.0898876404494382 0.07865168539325842 0.011235955056179775 chenyu 7Сʱ_mousemovements
101.83799207142859 214.86764000000002 1176.296509 807.120483 536.0210115 0 1977.002686 515.18219 137.448789 1176.296509 1175.8864290000001 344.3340706666667 158.77174359999998 515.18219 87.620414 193.37983633333332 0.13043478260869565 0.043478260869565216 0.08695652173913043 0.13043478260869565 0.21739130434782608 0.043478260869565216 0.08695652173913043 0.2608695652173913 64.18367860377359 0 90.50097422222223 0.9217391304347826 0.0 0.0782608695652174 0.6086956521739131 0.13043478260869565 0.043478260869565216 0.043478260869565216 0.08695652173913043 0.0 0.043478260869565216 0.043478260869565216 0.5045045045045045 0.2882882882882883 0.10810810810810811 0.08108108108108109 0.018018018018018018 chenyu 7Сʱ_mousemovements
100.8143589 163.652527 510.873047 923.8539350000001 214.929565 564.837769 538.049744 0 0 548.9147946666666 846.2554015 538.049744 300.75604925 103.5431615 261.0579565 177.27412339999998 0.0 0.15789473684210525 0.10526315789473684 0.05263157894736842 0.21052631578947367 0.10526315789473684 0.10526315789473684 0.2631578947368421 82.5581230147059 214.929565 108.37750637500001 0.8831168831168831 0.012987012987012988 0.1038961038961039 0.5263157894736842 0.05263157894736842 0.05263157894736842 0.21052631578947367 0.05263157894736842 0.05263157894736842 0.05263157894736842 0.0 0.352112676056338 0.39436619718309857 0.14084507042253522 0.07042253521126761 0.04225352112676056 chenyu 7Сʱ_mousemovements
116.3424915 656.995117 0 292.711884 1552.8916015 0 1122.670288 1677.904419 281.1374435 1355.7702485 0 889.7939719999999 122.675709 589.0263765 171.31195825 217.5604025 0.09090909090909091 0.09090909090909091 0.0 0.09090909090909091 0.09090909090909091 0.09090909090909091 0.36363636363636365 0.18181818181818182 122.38281295 1122.670288 50.38114200000001 0.9090909090909091 0.015151515151515152 0.07575757575757576 0.7272727272727273 0.045454545454545456 0.0 0.045454545454545456 0.09090909090909091 0.0 0.045454545454545456 0.045454545454545456 0.47619047619047616 0.25396825396825395 0.19047619047619047 0.06349206349206349 0.015873015873015872 chenyu 7Сʱ_mousemovements
132.222257 637.899414 397.65156816666666 810.912628 0 1024.141602 0 412.94046 176.1948355 149.37509459999998 831.020508 504.2887725 362.14765149999994 144.0117601428571 246.874735 238.92294380000004 0.12121212121212122 0.15151515151515152 0.06060606060606061 0.06060606060606061 0.18181818181818182 0.21212121212121213 0.06060606060606061 0.15151515151515152 75.3034719032258 0 248.5478635 0.9207920792079208 0.0 0.07920792079207921 0.6666666666666666 0.030303030303030304 0.18181818181818182 0.06060606060606061 0.0 0.030303030303030304 0.0 0.030303030303030304 0.5789473684210527 0.25263157894736843 0.10526315789473684 0.031578947368421054 0.031578947368421054 chenyu 7Сʱ_mousemovements
117.81863052380952 476.078934 705.842285 453.037689 477.06782499999997 626.99176 583.806519 0 154.911621 326.43656200000004 398.82577 201.15718099999998 206.1626162 317.013331 151.42572444444443 258.776909 0.06896551724137931 0.10344827586206896 0.10344827586206896 0.06896551724137931 0.1724137931034483 0.10344827586206896 0.3103448275862069 0.06896551724137931 70.43595229577463 0 291.5350665 0.922077922077922 0.0 0.07792207792207792 0.7241379310344828 0.06896551724137931 0.034482758620689655 0.034482758620689655 0.06896551724137931 0.034482758620689655 0.034482758620689655 0.0 0.4782608695652174 0.37681159420289856 0.07246376811594203 0.014492753623188406 0.057971014492753624 chenyu 7Сʱ_mousemovements
142.805864375 733.7130533333334 296.3127745 0 0 805.589294 0 0 607.901611 405.094082 198.12236 481.36607349999997 152.07905599999998 200.52215066666668 440.3960225 376.340027 0.07142857142857142 0.14285714285714285 0.07142857142857142 0.14285714285714285 0.14285714285714285 0.21428571428571427 0.14285714285714285 0.07142857142857142 124.73165631578946 0 1.997978 0.9743589743589743 0.0 0.02564102564102564 0.5714285714285714 0.21428571428571427 0.14285714285714285 0.0 0.0 0.07142857142857142 0.0 0.0 0.5862068965517241 0.3448275862068966 0.0 0.06896551724137931 0.0 chenyu 7Сʱ_mousemovements
139.48696013333333 330.47594449999997 0 297.410767 418.6947706666667 0 991.623657 0 991.623657 233.81176800000003 284.3807795 0 480.916656 217.92426125 106.28383422222223 320.39935533333335 0.045454545454545456 0.09090909090909091 0.09090909090909091 0.0 0.045454545454545456 0.18181818181818182 0.4090909090909091 0.13636363636363635 74.61394153571429 211.0745205 348.92263 0.9333333333333333 0.03333333333333333 0.03333333333333333 0.6818181818181818 0.09090909090909091 0.0 0.045454545454545456 0.13636363636363635 0.0 0.045454545454545456 0.0 0.5272727272727272 0.3090909090909091 0.05454545454545454 0.05454545454545454 0.05454545454545454 chenyu 7Сʱ_mousemovements
103.5549336 275.593414 195.516449 767.9700775 1184.815552 0 0 0 144.2839255 275.888336 1238.879883 218.252701 48.023567 148.3360555 613.684372 161.52749466666666 0.125 0.0625 0.0625 0.0625 0.125 0.25 0.125 0.1875 65.79504931034482 12.974437 148.46101449999998 0.9206349206349206 0.015873015873015872 0.06349206349206349 0.625 0.0625 0.125 0.125 0.0625 0.0 0.0 0.0 0.5517241379310345 0.29310344827586204 0.08620689655172414 0.034482758620689655 0.034482758620689655 chenyu 7Сʱ_mousemovements
154.74740531249998 315.6627505 0 1287.559896 0 1230.903076 0 2011.2447815 385.7658615 1116.3428345 0 1505.7123616666668 161.290329 159.98986566666667 275.67845730000005 434.65244566666667 0.08333333333333333 0.08333333333333333 0.0 0.125 0.041666666666666664 0.125 0.4166666666666667 0.125 182.06037461290322 0 311.871029 0.9538461538461539 0.0 0.046153846153846156 0.6666666666666666 0.08333333333333333 0.0 0.125 0.0 0.041666666666666664 0.0 0.08333333333333333 0.5333333333333333 0.31666666666666665 0.05 0.06666666666666667 0.03333333333333333 chenyu 7Сʱ_mousemovements
200.01928589473684 802.249237 0 1570.316925 909.929993 0 0 1384.958008 411.649971 1360.1173555 150.430883 0 1023.3752850000001 149.82566936363637 243.73398225 1302.846191 0.08 0.08 0.08 0.0 0.12 0.44 0.16 0.04 142.51077088 0 50.69298033333334 0.9615384615384616 0.0 0.038461538461538464 0.76 0.08 0.0 0.08 0.04 0.0 0.0 0.04 0.47297297297297297 0.3108108108108108 0.14864864864864866 0.04054054054054054 0.02702702702702703 chenyu 7Сʱ_mousemovements
128.2430551 223.678043 0 518.0530600000001 0 641.786072 1696.51962275 0 198.391922 1485.9419556666664 71.522552 0 1086.275276 331.61396783333333 260.26223999999996 0 0.05 0.15 0.05 0.0 0.1 0.3 0.35 0.0 160.42268906666666 0 362.14967866666666 0.9523809523809523 0.0 0.047619047619047616 0.5 0.1 0.0 0.15 0.0 0.05 0.2 0.0 0.5 0.2777777777777778 0.09259259259259259 0.07407407407407407 0.05555555555555555 chenyu 7Сʱ_mousemovements
198.65958207142856 174.09896849999998 0 421.02994799999993 0 646.895325 0 0 442.354675 386.35257466666667 362.273346 646.895325 120.83519733333333 269.959614 138.0934545 173.99939325 0.045454545454545456 0.13636363636363635 0.045454545454545456 0.045454545454545456 0.2727272727272727 0.18181818181818182 0.09090909090909091 0.18181818181818182 60.475959828125 317.18161 299.99303825 0.927536231884058 0.014492753623188406 0.057971014492753624 0.6363636363636364 0.18181818181818182 0.0 0.13636363636363635 0.0 0.045454545454545456 0.0 0.0 0.5245901639344263 0.3114754098360656 0.08196721311475409 0.04918032786885246 0.03278688524590164 chenyu 7Сʱ_mousemovements
130.521192 391.875229 0 1383.0687766666667 0 0 0 0 2776.761963 594.376587 0 435.286957 97.8920635 305.15332 508.578705 0 0.125 0.125 0.0 0.125 0.25 0.125 0.25 0.0 156.44830933333333 6.410256 312.330414 0.9090909090909091 0.030303030303030304 0.06060606060606061 0.375 0.25 0.0 0.375 0.0 0.0 0.0 0.0 0.5862068965517241 0.2413793103448276 0.10344827586206896 0.06896551724137931 0.0 chenyu 7Сʱ_mousemovements
233.37196218181816 144.2321585 1249.526408 0 1752.554932 0 0 0 635.7421875 0 1003.398743 431.88110866666665 102.444931 483.84408 415.1912175 84.178749 0.11764705882352941 0.0 0.11764705882352941 0.17647058823529413 0.058823529411764705 0.23529411764705882 0.23529411764705882 0.058823529411764705 161.3645148 0 144.2321585 0.9615384615384616 0.0 0.038461538461538464 0.6470588235294118 0.11764705882352941 0.17647058823529413 0.0 0.058823529411764705 0.0 0.0 0.0 0.6086956521739131 0.2826086956521739 0.08695652173913043 0.021739130434782608 0.0 chenyu 7Сʱ_mousemovements
236.95529630000001 362.790283 457.67363725 662.062561 0 0 0 0 405.213562 259.52644333333336 392.666901 0 0 300.255722 376.947189 322.12743375 0.125 0.1875 0.0625 0.0 0.0 0.25 0.125 0.25 80.8382054909091 0 194.7497635 0.9322033898305084 0.0 0.06779661016949153 0.625 0.0625 0.25 0.0625 0.0 0.0 0.0 0.0 0.5 0.17307692307692307 0.19230769230769232 0.09615384615384616 0.038461538461538464 chenyu 7Сʱ_mousemovements
233.88006575000003 483.762604 0 0 0 0 499.648468 0 665.31189 302.213318 0 0 0 373.5084023333334 157.321762 0 0.14285714285714285 0.14285714285714285 0.0 0.0 0.0 0.42857142857142855 0.2857142857142857 0.0 150.1683711875 0 0 1.0 0.0 0.0 0.5714285714285714 0.2857142857142857 0.0 0.0 0.0 0.0 0.14285714285714285 0.0 0.3333333333333333 0.4 0.13333333333333333 0.06666666666666667 0.06666666666666667 chenyu 7Сʱ_mousemovements
99.2815824 386.331848 0 0 400.424255 0 621.645691 0 0 74.723427 0 621.645691 0 189.515472 77.389671 393.37805149999997 0.0 0.125 0.0 0.125 0.0 0.125 0.375 0.25 58.32563704545455 0 621.645691 0.9565217391304348 0.0 0.043478260869565216 0.625 0.125 0.0 0.0 0.125 0.0 0.125 0.0 0.47368421052631576 0.2631578947368421 0.0 0.21052631578947367 0.05263157894736842 chenyu 7Сʱ_mousemovements
200.0212758095238 467.06896966666665 2099.089844 606.407959 1445.714111 1628.776672 0 0 101.42041 981.7770745 810.9757845 108.466129 594.7021560000001 150.82953899999998 311.2440795833333 144.232971 0.034482758620689655 0.13793103448275862 0.13793103448275862 0.06896551724137931 0.06896551724137931 0.10344827586206896 0.41379310344827586 0.034482758620689655 160.79152547368423 606.407959 91.927532 0.9620253164556962 0.012658227848101266 0.02531645569620253 0.7241379310344828 0.10344827586206896 0.034482758620689655 0.034482758620689655 0.034482758620689655 0.06896551724137931 0.0 0.0 0.7 0.18571428571428572 0.07142857142857142 0.02857142857142857 0.014285714285714285 chenyu 7Сʱ_mousemovements
96.70290816666669 352.10782866666665 650.953827 954.219055 342.053192 0 859.292908 766.90802 658.3371276666667 297.9375 722.018204 35.51915 104.54663 122.31472866666667 438.97551350000003 49.20067066666667 0.14285714285714285 0.047619047619047616 0.09523809523809523 0.047619047619047616 0.19047619047619047 0.14285714285714285 0.19047619047619047 0.14285714285714285 75.68627757534246 0 152.67349166666665 0.9240506329113924 0.0 0.0759493670886076 0.5714285714285714 0.14285714285714285 0.09523809523809523 0.047619047619047616 0.047619047619047616 0.0 0.047619047619047616 0.047619047619047616 0.6133333333333333 0.24 0.06666666666666667 0.04 0.04 chenyu 7Сʱ_mousemovements
165.80068464999997 425.86759212499993 574.974933 482.602753 0 0 0 0 0 291.0896362857143 469.43809783333336 111.116417 93.463994 302.59935375 354.46333955555554 105.9335515 0.0 0.20588235294117646 0.17647058823529413 0.08823529411764706 0.08823529411764706 0.11764705882352941 0.2647058823529412 0.058823529411764705 97.7332461789474 103.47937 98.89915585714286 0.9223300970873787 0.009708737864077669 0.06796116504854369 0.5882352941176471 0.23529411764705882 0.14705882352941177 0.029411764705882353 0.0 0.0 0.0 0.0 0.44329896907216493 0.26804123711340205 0.17525773195876287 0.07216494845360824 0.041237113402061855 chenyu 7Сʱ_mousemovements
150.99754509523814 631.3505723333333 0 395.711975 759.324097 625.2327270000001 0 0 0 305.18680066666667 985.6370443333334 284.949995 281.886505 190.25493625 328.83596350000005 277.26423733333337 0.0 0.08333333333333333 0.08333333333333333 0.1111111111111111 0.05555555555555555 0.2222222222222222 0.2777777777777778 0.16666666666666666 119.74144495652172 12.974437 170.14028349999998 0.9292929292929293 0.010101010101010102 0.06060606060606061 0.5833333333333334 0.25 0.0 0.08333333333333333 0.027777777777777776 0.05555555555555555 0.0 0.0 0.4631578947368421 0.3684210526315789 0.06315789473684211 0.08421052631578947 0.021052631578947368 chenyu 7Сʱ_mousemovements
49.34822866666667 0 0 0 0 513.453186 0 0 0 21.947395 0 513.453186 52.482903 0 0 73.614388 0.0 0.25 0.0 0.25 0.25 0.0 0.0 0.25 6.2025248333333325 73.614388 513.453186 0.8571428571428571 0.07142857142857142 0.07142857142857142 0.75 0.0 0.0 0.0 0.0 0.25 0.0 0.0 0.6666666666666666 0.16666666666666666 0.08333333333333333 0.0 0.08333333333333333 chenyu 7Сʱ_mousemovements
242.18383025 272.6204833333333 0 0 0 0 0 0 420.614288 0 0 0 242.051941 162.305756 173.958557 125.0 0.2857142857142857 0.0 0.0 0.0 0.2857142857142857 0.14285714285714285 0.14285714285714285 0.14285714285714285 95.73546105882352 0 159.093933 0.9444444444444444 0.0 0.05555555555555555 0.5714285714285714 0.42857142857142855 0.0 0.0 0.0 0.0 0.0 0.0 0.375 0.375 0.0625 0.125 0.0625 chenyu 7Сʱ_mousemovements
0 0 0 0 0 0 0 0 0 0 0 0 0 0 0 0 0 0 0 0 0 0 0 0 0 0 0 0 0 0 0 0 0 0 0 0 0 0 0 0 0 0 0 chenyu 7Сʱ_mousemovements
167.40117585714285 404.22021500000005 487.9902466 0 0 0 712.4931335 0 371.0352825 404.22021500000005 379.44512533333335 0 303.03819250000004 239.66787699999998 647.016144 64.9396095 0.125 0.125 0.1875 0.0 0.125 0.125 0.1875 0.125 112.58335240000001 0 259.645101 0.9375 0.0 0.0625 0.4375 0.125 0.3125 0.0 0.0 0.0 0.125 0.0 0.4772727272727273 0.22727272727272727 0.11363636363636363 0.09090909090909091 0.09090909090909091 chenyu 7Сʱ_mousemovements
138.59213823076922 129.051208 0 2288.141357 0 0 0 0 1208.5962825 0 130.442261 346.977997 122.857265 96.32234783333332 166.87630733333333 0 0.13333333333333333 0.0 0.06666666666666667 0.06666666666666667 0.13333333333333333 0.4 0.2 0.0 107.62734615789475 0 64.525604 0.95 0.0 0.05 0.8666666666666667 0.06666666666666667 0.0 0.06666666666666667 0.0 0.0 0.0 0.0 0.6052631578947368 0.21052631578947367 0.10526315789473684 0.02631578947368421 0.05263157894736842 chenyu 7Сʱ_mousemovements
140.86999944444446 380.549652 0 0 886.817749 0 0 0 87.424271 110.57097999999999 141.797485 361.0114086666667 344.4635315 0 156.4361955 0 0.09090909090909091 0.18181818181818182 0.09090909090909091 0.2727272727272727 0.18181818181818182 0.0 0.18181818181818182 0.0 60.75202160526316 0 113.31028749999999 0.95 0.0 0.05 0.8181818181818182 0.09090909090909091 0.0 0.0 0.09090909090909091 0.0 0.0 0.0 0.55 0.3 0.15 0.0 0.0 chenyu 7Сʱ_mousemovements
84.5602356 346.03042300000004 598.7562867500001 599.4127805 864.492432 0 1091.2036333333333 910.0162655 54.306366 325.4755984 532.5946854 425.296967 258.07347633333336 340.48014816666665 577.19064225 115.32033733333333 0.03125 0.15625 0.15625 0.03125 0.09375 0.1875 0.25 0.09375 105.78486235714287 221.55975833333332 151.8946434 0.8828828828828829 0.02702702702702703 0.09009009009009009 0.46875 0.15625 0.125 0.0625 0.03125 0.0 0.09375 0.0625 0.5045871559633027 0.26605504587155965 0.10091743119266056 0.10091743119266056 0.027522935779816515 chenyu 7Сʱ_mousemovements
140.020116 310.43332933333335 0 367.293091 0 1855.748413 0 792.925598 0 367.293091 299.196686 1855.748413 196.848961 411.3069126666667 229.93186966666667 43.8777215 0.0 0.07692307692307693 0.07692307692307693 0.07692307692307693 0.15384615384615385 0.23076923076923078 0.23076923076923078 0.15384615384615385 98.31090897222221 0 462.73839300000003 0.9230769230769231 0.0 0.07692307692307693 0.5384615384615384 0.23076923076923078 0.0 0.07692307692307693 0.0 0.07692307692307693 0.0 0.07692307692307693 0.5789473684210527 0.2631578947368421 0.10526315789473684 0.0 0.05263157894736842 chenyu 7Сʱ_mousemovements
0 0 0 0 0 0 0 0 0 0 0 0 0 0 0 0 0 0 0 0 0 0 0 0 0 0 0 0 0 0 0 0 0 0 0 0 0 0 0 0 0 0 0 chenyu 7Сʱ_mousemovements
0 0 0 0 0 0 0 0 0 0 0 0 0 0 0 0 0 0 0 0 0 0 0 0 0 0 0 0 0 0 0 0 0 0 0 0 0 0 0 0 0 0 0 chenyu 7Сʱ_mousemovements
0 0 0 0 0 0 0 0 0 0 0 0 0 0 0 0 0 0 0 0 0 0 0 0 0 0 0 0 0 0 0 0 0 0 0 0 0 0 0 0 0 0 0 chenyu 7Сʱ_mousemovements
185.24256885714286 185.55260449999997 1333.455933 438.35379 0 754.783264 1185.949219 0 228.901863 0 1185.949219 754.783264 0 162.62827739999997 542.16695025 0 0.15384615384615385 0.0 0.07692307692307693 0.07692307692307693 0.0 0.38461538461538464 0.3076923076923077 0.0 112.18114797619049 0 222.91239399999998 0.9333333333333333 0.0 0.06666666666666667 0.5384615384615384 0.15384615384615385 0.07692307692307693 0.07692307692307693 0.0 0.07692307692307693 0.07692307692307693 0.0 0.38461538461538464 0.358974358974359 0.1282051282051282 0.07692307692307693 0.05128205128205128 chenyu 7Сʱ_mousemovements
154.78105234999998 0 375.49505600000003 0 1230.880371 925.116821 0 0 619.7186583333333 157.07552066666668 243.907089 534.894241 100.28365699999999 117.700294 231.55765966666664 77.151699 0.12 0.12 0.04 0.08 0.12 0.04 0.36 0.12 60.845229347222215 0 285.32098485714283 0.9113924050632911 0.0 0.08860759493670886 0.8 0.0 0.12 0.0 0.04 0.04 0.0 0.0 0.5616438356164384 0.273972602739726 0.0684931506849315 0.0684931506849315 0.0273972602739726 chenyu 7Сʱ_mousemovements
74.947578 0 0 353.979919 0 1211.9185794999999 0 0 0 0 0 453.3299255 74.947578 0 0 1871.157227 0.0 0.0 0.0 0.5 0.25 0.0 0.0 0.25 98.48195931578947 0 327.2024763333333 0.8636363636363636 0.0 0.13636363636363635 0.25 0.0 0.0 0.25 0.0 0.5 0.0 0.0 0.75 0.15 0.0 0.0 0.1 chenyu 7Сʱ_mousemovements
141.90493666666666 462.35421233333335 505.944748 0 0 641.860901 0 955.489014 0 387.6539842 641.860901 0 345.287445 405.90329119999996 297.52917766666667 671.3805315000001 0.0 0.29411764705882354 0.058823529411764705 0.0 0.058823529411764705 0.29411764705882354 0.17647058823529413 0.11764705882352941 126.50856054347827 326.375732 261.1284505 0.9019607843137255 0.0196078431372549 0.0784313725490196 0.35294117647058826 0.35294117647058826 0.11764705882352941 0.0 0.0 0.058823529411764705 0.0 0.11764705882352941 0.4772727272727273 0.25 0.22727272727272727 0.022727272727272728 0.022727272727272728 chenyu 7Сʱ_mousemovements
265.3374318888889 120.29308700000001 325.315674 728.981064 950.7537235 760.004333 0 0 159.17295333333334 535.0718075 723.603587 760.004333 0 169.286644 1366.471802 209.18380280000002 0.16666666666666666 0.1111111111111111 0.16666666666666666 0.05555555555555555 0.0 0.16666666666666666 0.05555555555555555 0.2777777777777778 110.5534446111111 0 238.14038466666662 0.9 0.0 0.1 0.5 0.1111111111111111 0.1111111111111111 0.1111111111111111 0.1111111111111111 0.05555555555555555 0.0 0.0 0.43636363636363634 0.23636363636363636 0.16363636363636364 0.09090909090909091 0.07272727272727272 chenyu 7Сʱ_mousemovements
349.75804899999997 0 490.872589 0 0 0 0 0 0 739.046814 0 106.868355 242.698364 0 569.675171 372.730621 0.0 0.2 0.0 0.2 0.2 0.0 0.2 0.2 120.10375757142857 0 174.7833595 0.875 0.0 0.125 0.6 0.0 0.4 0.0 0.0 0.0 0.0 0.0 0.5714285714285714 0.21428571428571427 0.14285714285714285 0.0 0.07142857142857142 chenyu 7Сʱ_mousemovements
262.8797424 245.63262175 441.99692266666665 1083.628662 567.0194600000001 0 445.52594 750.80658 750.80658 216.55999733333337 343.33076475 445.52594 548.655098 101.969482 618.236074 233.305862 0.05555555555555555 0.16666666666666666 0.2222222222222222 0.05555555555555555 0.2222222222222222 0.05555555555555555 0.16666666666666666 0.05555555555555555 56.48790406000001 661.755595 399.18250585714287 0.8333333333333334 0.05 0.11666666666666667 0.2777777777777778 0.2222222222222222 0.16666666666666666 0.05555555555555555 0.16666666666666666 0.0 0.05555555555555555 0.05555555555555555 0.6296296296296297 0.2222222222222222 0.07407407407407407 0.05555555555555555 0.018518518518518517 chenyu 7Сʱ_mousemovements
127.14588622222225 393.51606749999996 289.999969 698.0933075 938.2433879999999 1373.2934415 4458.055664 0 0 1026.2166542857142 1090.255737 817.3701553333334 396.2013626666667 122.063529 240.3914651111111 107.4766045 0.0 0.2413793103448276 0.034482758620689655 0.10344827586206896 0.10344827586206896 0.13793103448275862 0.3103448275862069 0.06896551724137931 167.98931674698795 0 167.62081840000002 0.9431818181818182 0.0 0.056818181818181816 0.6206896551724138 0.06896551724137931 0.034482758620689655 0.06896551724137931 0.10344827586206896 0.06896551724137931 0.034482758620689655 0.0 0.5432098765432098 0.20987654320987653 0.18518518518518517 0.012345679012345678 0.04938271604938271 chenyu 7Сʱ_mousemovements
117.38668573333332 320.51036475 577.964793 876.457886 1283.394928 1685.787598 594.754395 0 272.3363115 140.399704 938.631124 1203.577057 876.457886 159.79609375 298.665021625 114.57393533333334 0.07407407407407407 0.037037037037037035 0.1111111111111111 0.07407407407407407 0.037037037037037035 0.14814814814814814 0.2962962962962963 0.2222222222222222 131.66692032394369 0 288.043629 0.9466666666666667 0.0 0.05333333333333334 0.5555555555555556 0.14814814814814814 0.1111111111111111 0.037037037037037035 0.07407407407407407 0.037037037037037035 0.037037037037037035 0.0 0.5217391304347826 0.2028985507246377 0.18840579710144928 0.057971014492753624 0.028985507246376812 chenyu 7Сʱ_mousemovements
120.11591066666665 0 0 332.21521 250.838287 1423.459595 0 746.488403 465.97538749999995 0 0 291.5267485 1423.459595 0 87.44268 0 0.2857142857142857 0.0 0.0 0.2857142857142857 0.14285714285714285 0.0 0.2857142857142857 0.0 56.37184906666666 0 355.54843875 0.8823529411764706 0.0 0.11764705882352941 0.42857142857142855 0.0 0.0 0.14285714285714285 0.14285714285714285 0.14285714285714285 0.0 0.14285714285714285 0.6666666666666666 0.23333333333333334 0.03333333333333333 0.03333333333333333 0.03333333333333333 chenyu 7Сʱ_mousemovements
0 500.849976 0 0 0 0 0 0 0 0 0 0 0 0 500.849976 0 0.0 0.0 0.0 0.0 0.0 0.0 1.0 0.0 250.424988 0 0 1.0 0.0 0.0 0.0 1.0 0.0 0.0 0.0 0.0 0.0 0.0 0.0 0.5 0.5 0.0 0.0 chenyu 7Сʱ_mousemovements
123.32465549999999 241.443176 258.767426 0 1498.136108 0 0 0 0 0 1498.136108 0 241.443176 230.520279 0 137.448229 0.0 0.0 0.2 0.0 0.2 0.2 0.0 0.4 91.83081152631578 0 166.73686733333332 0.8636363636363636 0.0 0.13636363636363635 0.4 0.2 0.2 0.0 0.2 0.0 0.0 0.0 0.6666666666666666 0.23809523809523808 0.0 0.047619047619047616 0.047619047619047616 chenyu 7Сʱ_mousemovements
180.66366318181818 403.190887 381.952026 1716.582764 0 922.2554625 0 0 0 402.67178366666667 593.5291215 403.190887 89.4182206 192.10033433333334 1716.582764 795.297546 0.0 0.1875 0.125 0.0625 0.3125 0.1875 0.0625 0.0625 122.76874583333334 0 588.624786 0.9545454545454546 0.0 0.045454545454545456 0.6875 0.0625 0.0625 0.0625 0.0 0.125 0.0 0.0 0.6190476190476191 0.19047619047619047 0.11904761904761904 0.047619047619047616 0.023809523809523808 chenyu 7Сʱ_mousemovements
131.159727 0 289.010132 681.634888 0 1235.8479459999999 0 953.893433 53.19149 220.98817200000005 0 953.893433 97.493034 1427.1394655 0 299.051849 0.1111111111111111 0.3333333333333333 0.0 0.1111111111111111 0.1111111111111111 0.2222222222222222 0.0 0.1111111111111111 91.15068902777779 0 327.8896896 0.8780487804878049 0.0 0.12195121951219512 0.4444444444444444 0.0 0.1111111111111111 0.1111111111111111 0.0 0.2222222222222222 0.0 0.1111111111111111 0.631578947368421 0.18421052631578946 0.13157894736842105 0.02631578947368421 0.02631578947368421 chenyu 7Сʱ_mousemovements
628.5906905 1416.145264 0 0 0 0 0 370.033875 0 0 370.033875 260.145355 41.062256 0 1695.2766725000001 238.74707 0.0 0.0 0.16666666666666666 0.16666666666666666 0.16666666666666666 0.0 0.3333333333333333 0.16666666666666666 176.79298954545453 0 137.03204366666668 0.88 0.0 0.12 0.6666666666666666 0.16666666666666666 0.0 0.0 0.0 0.0 0.0 0.16666666666666666 0.6521739130434783 0.34782608695652173 0.0 0.0 0.0 chenyu 7Сʱ_mousemovements
176.08408670000003 324.30741366666666 0 570.2271726666667 913.2574465 468.347473 0 0 0 406.438156 266.19129975 815.1599425 62.5 959.146423 221.64445116666664 293.27748866666667 0.0 0.10526315789473684 0.21052631578947367 0.10526315789473684 0.05263157894736842 0.05263157894736842 0.3157894736842105 0.15789473684210525 83.4469701 0 288.748131 0.9090909090909091 0.0 0.09090909090909091 0.5263157894736842 0.15789473684210525 0.0 0.15789473684210525 0.10526315789473684 0.05263157894736842 0.0 0.0 0.5161290322580645 0.25806451612903225 0.11290322580645161 0.04838709677419355 0.06451612903225806 chenyu 7Сʱ_mousemovements
122.574888 277.65696966666667 452.525208 771.5394793333334 0 0 1551.9854735 685.39566 261.651736 577.7070845000001 0 734.2874366 337.545013 1244.055542 84.86999899999999 494.9613086666666 0.16666666666666666 0.1111111111111111 0.0 0.2777777777777778 0.05555555555555555 0.05555555555555555 0.16666666666666666 0.16666666666666666 133.29855979245283 0 373.6154738 0.9137931034482759 0.0 0.08620689655172414 0.3888888888888889 0.16666666666666666 0.05555555555555555 0.16666666666666666 0.0 0.0 0.1111111111111111 0.1111111111111111 0.45098039215686275 0.37254901960784315 0.09803921568627451 0.058823529411764705 0.0196078431372549 chenyu 7Сʱ_mousemovements
115.24233806666668 154.766815 711.608215 488.41682449999996 1321.432022 0 706.702393 0 244.641113 99.8744395 1498.1943356666668 23.763506 275.518205 73.114769 302.72341800000004 273.48112016666664 0.08333333333333333 0.08333333333333333 0.125 0.041666666666666664 0.125 0.041666666666666664 0.25 0.25 104.33311361538462 0 178.286421125 0.9069767441860465 0.0 0.09302325581395349 0.625 0.041666666666666664 0.041666666666666664 0.08333333333333333 0.16666666666666666 0.0 0.041666666666666664 0.0 0.6075949367088608 0.22784810126582278 0.0759493670886076 0.06329113924050633 0.02531645569620253 chenyu 7Сʱ_mousemovements
135.39868188235295 377.5049576666667 420.67675399999996 350.072296 0 0 1653.39209 0 226.55429600000002 388.44340875 468.350891 232.07405475000002 141.34407925 674.0497825 163.31327833333333 145.22997083333334 0.10344827586206896 0.13793103448275862 0.034482758620689655 0.13793103448275862 0.13793103448275862 0.13793103448275862 0.10344827586206896 0.20689655172413793 72.39118310000002 11.313708 191.8287281111111 0.9 0.01 0.09 0.5862068965517241 0.20689655172413793 0.13793103448275862 0.034482758620689655 0.0 0.0 0.034482758620689655 0.0 0.5698924731182796 0.26881720430107525 0.08602150537634409 0.03225806451612903 0.043010752688172046 chenyu 7Сʱ_mousemovements
119.4912105 455.861781 757.352173 837.889587 0 0 0 1043.421753 440.533112 154.87155633333333 872.602661 687.926025 0 1043.421753 701.419983 0 0.1111111111111111 0.3333333333333333 0.2222222222222222 0.1111111111111111 0.0 0.1111111111111111 0.1111111111111111 0.0 173.6940897826087 701.419983 193.368408 0.8846153846153846 0.038461538461538464 0.07692307692307693 0.2222222222222222 0.3333333333333333 0.1111111111111111 0.2222222222222222 0.0 0.0 0.0 0.1111111111111111 0.56 0.32 0.08 0.04 0.0 chenyu 7Сʱ_mousemovements
127.02088716666668 297.185364 456.179398 0 0 0 0 0 166.8131165 0 65.174576 248.95415500000001 267.8270966 0 87.793456 107.45443066666667 0.13333333333333333 0.0 0.06666666666666667 0.13333333333333333 0.3333333333333333 0.0 0.13333333333333333 0.2 79.81749429411764 0 20.0 0.9714285714285714 0.0 0.02857142857142857 0.8 0.06666666666666667 0.13333333333333333 0.0 0.0 0.0 0.0 0.0 0.5517241379310345 0.2413793103448276 0.13793103448275862 0.06896551724137931 0.0 chenyu 7Сʱ_mousemovements
114.215692875 0 311.334442 0 582.045288 1589.038696 1773.037476 1123.470215 98.360992 972.1777575 1589.038696 0 581.391962 92.024269 270.337891 227.1500746 0.07692307692307693 0.15384615384615385 0.07692307692307693 0.0 0.15384615384615385 0.07692307692307693 0.07692307692307693 0.38461538461538464 142.4123147142857 0 311.334442 0.9767441860465116 0.0 0.023255813953488372 0.6153846153846154 0.0 0.07692307692307693 0.0 0.07692307692307693 0.07692307692307693 0.07692307692307693 0.07692307692307693 0.38461538461538464 0.28205128205128205 0.1794871794871795 0.1282051282051282 0.02564102564102564 chenyu 7Сʱ_mousemovements
16.366917 332.195648 399.743683 0 0 0 0 0 0 0 0 0 399.743683 16.366917 332.195648 0 0.0 0.0 0.0 0.0 0.3333333333333333 0.3333333333333333 0.3333333333333333 0.0 19.540920470588237 0 208.0553 0.8947368421052632 0.0 0.10526315789473684 0.3333333333333333 0.3333333333333333 0.3333333333333333 0.0 0.0 0.0 0.0 0.0 0.6666666666666666 0.1111111111111111 0.1111111111111111 0.05555555555555555 0.05555555555555555 chenyu 7Сʱ_mousemovements
109.69139088888886 700.8669205 726.6009525 307.756256 718.8842165000001 0 2043.567688 1311.712524 287.0020295 907.3677866666667 764.474823 743.650696 0 687.0039506666667 576.5695467142857 240.85275133333334 0.09523809523809523 0.14285714285714285 0.09523809523809523 0.047619047619047616 0.0 0.14285714285714285 0.3333333333333333 0.14285714285714285 145.3774630138889 0 274.441051 0.9113924050632911 0.0 0.08860759493670886 0.42857142857142855 0.19047619047619047 0.09523809523809523 0.047619047619047616 0.09523809523809523 0.0 0.09523809523809523 0.047619047619047616 0.547945205479452 0.1506849315068493 0.1780821917808219 0.0547945205479452 0.0684931506849315 chenyu 7Сʱ_mousemovements
141.03612438095234 746.7129608000001 362.1913755 729.3006897500001 0 0 0 0 399.2043455 281.558095 523.8167520000001 0 398.11287649999997 142.5801415 408.53640128571413 214.53660200000002 0.0625 0.34375 0.09375 0.0 0.0625 0.125 0.21875 0.09375 110.88246141573033 0 93.67397199999998 0.9468085106382979 0.0 0.05319148936170213 0.65625 0.15625 0.0625 0.125 0.0 0.0 0.0 0.0 0.5056179775280899 0.2247191011235955 0.1797752808988764 0.056179775280898875 0.033707865168539325 chenyu 7Сʱ_mousemovements
143.8178241818182 325.973999 589.117065 0 424.127014 0 0 470.116608 191.6408385 212.12537088888888 245.1179125 204.9056245 348.90565999999995 103.7926065 99.2704252 30.21541 0.07692307692307693 0.34615384615384615 0.07692307692307693 0.07692307692307693 0.11538461538461539 0.07692307692307693 0.19230769230769232 0.038461538461538464 46.08422245454546 6.7765565 180.8724258 0.9263157894736842 0.021052631578947368 0.05263157894736842 0.8461538461538461 0.038461538461538464 0.038461538461538464 0.0 0.038461538461538464 0.0 0.0 0.038461538461538464 0.6333333333333333 0.18888888888888888 0.1 0.05555555555555555 0.022222222222222223 chenyu 7Сʱ_mousemovements
107.12904586363635 236.38000475 1006.433411 370.3944395 1072.279053 1698.176147 419.231232 931.6434325 640.703491 447.57251 965.9159850000001 0 720.4252625 98.16508599999999 79.26386021428571 274.0752198 0.058823529411764705 0.029411764705882353 0.11764705882352941 0.0 0.058823529411764705 0.17647058823529413 0.4117647058823529 0.14705882352941177 92.79652719101124 0 307.2772825 0.9368421052631579 0.0 0.06315789473684211 0.6470588235294118 0.11764705882352941 0.029411764705882353 0.058823529411764705 0.029411764705882353 0.029411764705882353 0.029411764705882353 0.058823529411764705 0.5444444444444444 0.25555555555555554 0.07777777777777778 0.07777777777777778 0.044444444444444446 chenyu 7Сʱ_mousemovements
191.10091 0 322.601074 0 0 0 0 0 0 0 322.601074 0 0 303.327209 78.874611 0 0.0 0.0 0.3333333333333333 0.0 0.0 0.3333333333333333 0.3333333333333333 0.0 34.74562 0 322.601074 0.9166666666666666 0.0 0.08333333333333333 0.6666666666666666 0.0 0.3333333333333333 0.0 0.0 0.0 0.0 0.0 0.6363636363636364 0.09090909090909091 0.09090909090909091 0.09090909090909091 0.09090909090909091 chenyu 7Сʱ_mousemovements
0 0 0 0 0 0 0 0 0 0 0 0 0 0 0 0 0 0 0 0 0 0 0 0 0 0 0 0 0 0 0 0 0 0 0 0 0 0 0 0 0 0 0 chenyu 7Сʱ_mousemovements
76.22217063636364 676.6666869999999 156.184082 1091.69367975 703.8000486666666 980.725708 0 0 198.80035875000002 383.03301899999997 607.6850734999999 113.091469 525.1273906666667 1047.306877 410.11972799999995 101.702396 0.18181818181818182 0.18181818181818182 0.09090909090909091 0.045454545454545456 0.13636363636363635 0.13636363636363635 0.13636363636363635 0.09090909090909091 120.711969421875 0 297.3279804285714 0.9014084507042254 0.0 0.09859154929577464 0.5 0.09090909090909091 0.045454545454545456 0.18181818181818182 0.13636363636363635 0.045454545454545456 0.0 0.0 0.582089552238806 0.19402985074626866 0.13432835820895522 0.07462686567164178 0.014925373134328358 chenyu 7Сʱ_mousemovements
0 0 0 0 0 0 0 794.674988 0 947.462769 0 641.887207 0 0 0 0 0.0 0.5 0.0 0.5 0.0 0.0 0.0 0.0 0.0 0 794.674988 0.8333333333333334 0.0 0.16666666666666666 0.0 0.0 0.0 0.0 0.0 0.0 0.0 1.0 0.5 0.3 0.0 0.1 0.1 chenyu 7Сʱ_mousemovements
0 0 0 0 2866.528076 0 0 0 0 0 2866.528076 0 0 0 0 0 0.0 0.0 1.0 0.0 0.0 0.0 0.0 0.0 955.5093586666667 0 0 1.0 0.0 0.0 0.0 0.0 0.0 0.0 1.0 0.0 0.0 0.0 0.3333333333333333 0.6666666666666666 0.0 0.0 0.0 chenyu 7Сʱ_mousemovements
109.283448 607.39267725 1244.5396115 0 0 3150.122803 0 0 1239.6875053333333 134.77394099999998 1244.5396115 878.381287 38.726719 0 219.196481 12.608155 0.15789473684210525 0.10526315789473684 0.10526315789473684 0.05263157894736842 0.05263157894736842 0.0 0.47368421052631576 0.05263157894736842 138.972826296875 0 97.1826456 0.927536231884058 0.0 0.07246376811594203 0.631578947368421 0.21052631578947367 0.10526315789473684 0.0 0.0 0.05263157894736842 0.0 0.0 0.640625 0.171875 0.140625 0.046875 0.0 chenyu 7Сʱ_mousemovements
118.57754999999997 340.0933481111111 436.441803 645.2440286666666 404.794586 0 0 1523.583862 142.520287 622.679891 696.1725768 291.9290516666667 98.160622 164.334262 116.82011333333332 236.82415099999997 0.058823529411764705 0.08823529411764706 0.14705882352941177 0.08823529411764706 0.029411764705882353 0.11764705882352941 0.35294117647058826 0.11764705882352941 75.11254279411766 0 278.9837935714285 0.9357798165137615 0.0 0.06422018348623854 0.5588235294117647 0.2647058823529412 0.029411764705882353 0.08823529411764706 0.029411764705882353 0.0 0.0 0.029411764705882353 0.5192307692307693 0.2403846153846154 0.16346153846153846 0.04807692307692308 0.028846153846153848 chenyu 7Сʱ_mousemovements
108.29724490909092 251.646149 0 0 0 0 0 0 0 0 0 0 108.701393 136.4844698 108.63201683333334 0 0.0 0.0 0.0 0.0 0.08333333333333333 0.4166666666666667 0.5 0.0 36.072896075 0 0 1.0 0.0 0.0 0.9166666666666666 0.08333333333333333 0.0 0.0 0.0 0.0 0.0 0.0 0.71875 0.0625 0.125 0.03125 0.0625 chenyu 7Сʱ_mousemovements
140.77626042857142 0 0 0 0 0 0 0 338.388336 0 0 0 87.7366945 274.081543 47.379031999999995 102.732491 0.14285714285714285 0.0 0.0 0.0 0.2857142857142857 0.14285714285714285 0.2857142857142857 0.14285714285714285 54.746323499999995 0 0 1.0 0.0 0.0 1.0 0.0 0.0 0.0 0.0 0.0 0.0 0.0 0.9090909090909091 0.0 0.0 0.09090909090909091 0.0 chenyu 7Сʱ_mousemovements
198.2040102857143 476.5660062 406.35040266666664 246.434723 1307.9698485 0 0 660.941101 745.9369913333334 483.870972 803.518236 513.4813535000001 275.6487006666667 177.44431479999997 79.24430579999999 0 0.11538461538461539 0.038461538461538464 0.15384615384615385 0.07692307692307693 0.23076923076923078 0.19230769230769232 0.19230769230769232 0.0 110.39151071249998 0 178.12200783333333 0.9302325581395349 0.0 0.06976744186046512 0.5384615384615384 0.19230769230769232 0.11538461538461539 0.038461538461538464 0.07692307692307693 0.0 0.0 0.038461538461538464 0.4936708860759494 0.22784810126582278 0.16455696202531644 0.06329113924050633 0.05063291139240506 chenyu 7Сʱ_mousemovements
121.59451949999999 0 186.497162 0 0 873.606506 1307.997925 0 0 0 0 873.606506 0 569.0058949999999 109.36476766666668 104.044952 0.0 0.0 0.0 0.09090909090909091 0.0 0.2727272727272727 0.5454545454545454 0.09090909090909091 128.4945288076923 0 0 1.0 0.0 0.0 0.7272727272727273 0.0 0.09090909090909091 0.0 0.0 0.09090909090909091 0.09090909090909091 0.0 0.38095238095238093 0.2857142857142857 0.19047619047619047 0.047619047619047616 0.09523809523809523 chenyu 7Сʱ_mousemovements
205.3589864 0 0 0 1024.220825 0 0 0 0 1024.220825 97.178932 0 0 81.9676035 733.422729 32.258064 0.0 0.16666666666666666 0.16666666666666666 0.0 0.0 0.3333333333333333 0.16666666666666666 0.16666666666666666 155.52411584615385 29.202251 0 0.9285714285714286 0.07142857142857142 0.0 0.8333333333333334 0.0 0.0 0.0 0.16666666666666666 0.0 0.0 0.0 0.8333333333333334 0.16666666666666666 0.0 0.0 0.0 chenyu 7Сʱ_mousemovements
0 0 0 0 0 0 0 0 0 0 0 0 0 0 0 0 0 0 0 0 0 0 0 0 0 0 0 0 0 0 0 0 0 0 0 0 0 0 0 0 0 0 0 chenyu 7Сʱ_mousemovements
0 0 0 0 0 0 0 0 0 0 0 0 0 0 0 0 0 0 0 0 0 0 0 0 0 0 0 0 0 0 0 0 0 0 0 0 0 0 0 0 0 0 0 chenyu 7Сʱ_mousemovements
0 276.964661 0 0 0 0 1592.809326 0 0 1592.809326 0 0 276.964661 0 0 0 0.0 0.5 0.0 0.0 0.5 0.0 0.0 0.0 267.1105695714286 0 0 1.0 0.0 0.0 0.0 0.5 0.0 0.0 0.0 0.0 0.5 0.0 0.7142857142857143 0.0 0.2857142857142857 0.0 0.0 chenyu 7Сʱ_mousemovements
136.75570392307694 338.96914166666664 1012.670654 729.9096374999999 730.231934 0 572.844482 0 388.177338 572.844482 278.8575595 384.6826405 428.945755 906.039581 261.2930175 81.00756557142857 0.047619047619047616 0.047619047619047616 0.09523809523809523 0.09523809523809523 0.09523809523809523 0.09523809523809523 0.19047619047619047 0.3333333333333333 71.19520541428571 9.065472 394.39201749999995 0.9333333333333333 0.013333333333333334 0.05333333333333334 0.6190476190476191 0.14285714285714285 0.047619047619047616 0.09523809523809523 0.047619047619047616 0.0 0.047619047619047616 0.0 0.5151515151515151 0.2727272727272727 0.09090909090909091 0.10606060606060606 0.015151515151515152 chenyu 7Сʱ_mousemovements
77.96322933333335 407.721466 0 845.832092 0 0 0 0 33.988224 0 0 282.530487 845.832092 84.87091 68.365854 112.87990014285715 0.043478260869565216 0.0 0.0 0.043478260869565216 0.043478260869565216 0.13043478260869565 0.43478260869565216 0.30434782608695654 44.63739296874999 0 33.988224 0.9846153846153847 0.0 0.015384615384615385 0.9130434782608695 0.043478260869565216 0.0 0.043478260869565216 0.0 0.0 0.0 0.0 0.6379310344827587 0.20689655172413793 0.06896551724137931 0.08620689655172414 0.0 chenyu 7Сʱ_mousemovements
146.3924880769231 551.352837 380.562042 536.4345496666666 784.1424153333334 1100.329712 0 0 219.13152350000001 277.05031199999996 1100.329712 337.031555 71.4248125 650.4117633333334 312.1813398571429 571.168945 0.08695652173913043 0.21739130434782608 0.043478260869565216 0.08695652173913043 0.08695652173913043 0.13043478260869565 0.30434782608695654 0.043478260869565216 117.66977444615385 0 159.9790658 0.9285714285714286 0.0 0.07142857142857142 0.5652173913043478 0.08695652173913043 0.043478260869565216 0.13043478260869565 0.13043478260869565 0.043478260869565216 0.0 0.0 0.546875 0.140625 0.203125 0.0625 0.046875 chenyu 7Сʱ_mousemovements
143.7739431904762 115.32959 493.545887 1134.6329346666664 0 2106.553223 0 0 0 508.3678707499999 1062.933466 26.666666 186.138012 181.50729350000003 349.268698 268.68540666666667 0.0 0.26666666666666666 0.06666666666666667 0.03333333333333333 0.13333333333333333 0.26666666666666666 0.13333333333333333 0.1 116.45504533333335 11.804545666666664 133.5967545 0.9032258064516129 0.03225806451612903 0.06451612903225806 0.7 0.03333333333333333 0.13333333333333333 0.1 0.0 0.03333333333333333 0.0 0.0 0.5542168674698795 0.30120481927710846 0.07228915662650602 0.060240963855421686 0.012048192771084338 chenyu 7Сʱ_mousemovements
82.45384030000001 345.24801133333335 252.283829 0 434.027252 0 1341.8388673333332 866.3376465000001 64.3023595 312.15500442857143 646.993164 332.65139750000003 110.101524 370.82873120000005 392.51364149999995 107.40358280000001 0.06666666666666667 0.23333333333333334 0.06666666666666667 0.06666666666666667 0.03333333333333333 0.16666666666666666 0.2 0.16666666666666666 73.2008660412371 12.749052500000001 222.5935227777778 0.8981481481481481 0.018518518518518517 0.08333333333333333 0.6666666666666666 0.1 0.03333333333333333 0.0 0.03333333333333333 0.0 0.1 0.06666666666666667 0.6796116504854369 0.18446601941747573 0.0970873786407767 0.038834951456310676 0.0 chenyu 7Сʱ_mousemovements
111.06736885714285 0 283.826416 1875.366211 0 0 0 0 0 58.875351 948.877249 0 173.80684399999998 143.3805632857143 77.4646262 168.27307199999998 0.0 0.13043478260869565 0.08695652173913043 0.0 0.13043478260869565 0.30434782608695654 0.21739130434782608 0.13043478260869565 50.35448876 0 119.17011933333333 0.9259259259259259 0.0 0.07407407407407407 0.9130434782608695 0.0 0.043478260869565216 0.043478260869565216 0.0 0.0 0.0 0.0 0.631578947368421 0.2894736842105263 0.05263157894736842 0.013157894736842105 0.013157894736842105 chenyu 7Сʱ_mousemovements
119.25554938095237 553.5699005 597.7734273333334 662.9427489999999 0 0 0 0 289.25903833333336 186.7115862 569.03479 461.940844 403.7164305 189.81202599999997 187.43515563636365 330.373846 0.10344827586206896 0.1724137931034483 0.034482758620689655 0.06896551724137931 0.06896551724137931 0.10344827586206896 0.3793103448275862 0.06896551724137931 83.00325384615384 0 229.85026675 0.9512195121951219 0.0 0.04878048780487805 0.7241379310344828 0.06896551724137931 0.10344827586206896 0.10344827586206896 0.0 0.0 0.0 0.0 0.5324675324675324 0.23376623376623376 0.12987012987012986 0.05194805194805195 0.05194805194805195 chenyu 7Сʱ_mousemovements
144.38295436842105 1285.0335693333334 442.86646275 840.1773476666666 0 564.078125 0 0 52.1728105 1048.1048990000002 539.881027 0 242.5894964285714 147.78564916666667 267.5107872 29.6607425 0.06666666666666667 0.2 0.06666666666666667 0.0 0.23333333333333334 0.2 0.16666666666666666 0.06666666666666667 109.36646915957444 0 117.40047589999999 0.9038461538461539 0.0 0.09615384615384616 0.6333333333333333 0.1 0.13333333333333333 0.1 0.0 0.03333333333333333 0.0 0.0 0.5714285714285714 0.19387755102040816 0.1326530612244898 0.07142857142857142 0.030612244897959183 chenyu 7Сʱ_mousemovements
173.18640064285714 201.70163733333334 384.948395 864.6162105 0 479.482239 582.16925 0 294.72034075 180.26281 106.566139 85.29026 292.8548932857143 419.86096833333335 461.991272 234.24167133333333 0.18181818181818182 0.09090909090909091 0.045454545454545456 0.045454545454545456 0.3181818181818182 0.13636363636363635 0.045454545454545456 0.13636363636363635 51.05052430985915 0 258.09596 0.8765432098765432 0.0 0.12345679012345678 0.6363636363636364 0.13636363636363635 0.045454545454545456 0.09090909090909091 0.0 0.045454545454545456 0.045454545454545456 0.0 0.6486486486486487 0.1891891891891892 0.08108108108108109 0.06756756756756757 0.013513513513513514 chenyu 7Сʱ_mousemovements
159.31879859999998 889.478495 0 561.432312 891.2244875 0 0 0 356.07051824999996 363.27329249999997 622.980225 0 654.202461 863.3484800000001 0 0 0.36363636363636365 0.18181818181818182 0.09090909090909091 0.0 0.18181818181818182 0.18181818181818182 0.0 0.0 135.9622134054054 0 389.1544345 0.9487179487179487 0.0 0.05128205128205128 0.45454545454545453 0.2727272727272727 0.0 0.09090909090909091 0.18181818181818182 0.0 0.0 0.0 0.5675675675675675 0.1891891891891892 0.1891891891891892 0.05405405405405406 0.0 chenyu 7Сʱ_mousemovements
203.779036 0 946.60990925 0 765.9994810000001 1081.5856935000002 950.044373 7449.847168 600.099728 1913.7650286666667 400.426277 0 297.8149122 553.437994 376.42109566666664 209.3380125 0.08333333333333333 0.25 0.08333333333333333 0.0 0.20833333333333334 0.16666666666666666 0.125 0.08333333333333333 267.50026165151513 710.256409 123.04478433333334 0.9428571428571428 0.014285714285714285 0.04285714285714286 0.5833333333333334 0.0 0.16666666666666666 0.0 0.08333333333333333 0.08333333333333333 0.041666666666666664 0.041666666666666664 0.515625 0.3125 0.109375 0.046875 0.015625 chenyu 7Сʱ_mousemovements
144.62543788888888 192.0945815 733.2239075 0 0 578.805908 0 889.795593 0 108.9254225 927.753357 395.30064400000003 107.97705699999999 578.805908 129.9023705 334.562012 0.0 0.13333333333333333 0.13333333333333333 0.13333333333333333 0.2 0.06666666666666667 0.26666666666666666 0.06666666666666667 83.9449470212766 0 225.1516366666667 0.94 0.0 0.06 0.6 0.13333333333333333 0.13333333333333333 0.0 0.0 0.06666666666666667 0.0 0.06666666666666667 0.6190476190476191 0.21428571428571427 0.047619047619047616 0.09523809523809523 0.023809523809523808 chenyu 7Сʱ_mousemovements
69.427059 258.28787733333337 399.374969 0 0 0 1627.175415 0 264.600616 0 0 0 203.15976700000002 18.9022425 509.33350175 35.359802 0.07142857142857142 0.0 0.0 0.0 0.35714285714285715 0.14285714285714285 0.2857142857142857 0.14285714285714285 66.15050813333333 0 149.828227 0.9375 0.0 0.0625 0.6428571428571429 0.21428571428571427 0.07142857142857142 0.0 0.0 0.0 0.07142857142857142 0.0 0.45 0.25 0.2 0.1 0.0 chenyu 7Сʱ_mousemovements
188.92068214285717 0 0 146.344528 0 0 0 0 372.398987 196.000675 178.432968 0 100.0 141.98533266666666 0 0 0.125 0.25 0.125 0.0 0.125 0.375 0.0 0.0 77.30470015789474 0 0 1.0 0.0 0.0 0.875 0.0 0.0 0.125 0.0 0.0 0.0 0.0 0.46153846153846156 0.38461538461538464 0.15384615384615385 0.0 0.0 chenyu 7Сʱ_mousemovements
318.951416 0 0 0 0 0 0 0 0 318.951416 0 0 0 0 0 0 0.0 1.0 0.0 0.0 0.0 0.0 0.0 0.0 45.564488 0 0 1.0 0.0 0.0 1.0 0.0 0.0 0.0 0.0 0.0 0.0 0.0 0.8 0.0 0.2 0.0 0.0 chenyu 7Сʱ_mousemovements
116.00541466666667 2484.353516 520.527771 411.630646 0 0 687.338379 0 108.020622 2484.353516 0 0 119.751892 171.984177 237.68500740000005 687.338379 0.23076923076923078 0.07692307692307693 0.0 0.0 0.07692307692307693 0.15384615384615385 0.38461538461538464 0.07692307692307693 152.95438017241378 687.338379 24.88364 0.9354838709677419 0.03225806451612903 0.03225806451612903 0.6923076923076923 0.07692307692307693 0.07692307692307693 0.07692307692307693 0.0 0.0 0.07692307692307693 0.0 0.56 0.08 0.04 0.24 0.08 chenyu 7Сʱ_mousemovements
192.1612227333333 445.90072019999997 355.167511 1084.133179 0 1181.151489 2029.984009 0 409.58883666666674 541.3521917142857 0 822.279663 165.8906805 387.7779082 165.333328 0 0.125 0.2916666666666667 0.0 0.08333333333333333 0.25 0.20833333333333334 0.041666666666666664 0.0 125.9208202089552 190.2298056666667 188.74343975 0.9054054054054054 0.04054054054054054 0.05405405405405406 0.625 0.20833333333333334 0.041666666666666664 0.041666666666666664 0.0 0.041666666666666664 0.041666666666666664 0.0 0.6142857142857143 0.24285714285714285 0.05714285714285714 0.08571428571428572 0.0 chenyu 7Сʱ_mousemovements
130.99406118181818 532.1941225 645.063792 503.608673 1057.724121 543.32429 917.916565 536.487122 289.7447265 324.545349 533.0694756666667 779.070557 399.33779200000004 425.57430275 437.66008533333337 203.9305903333333 0.17391304347826086 0.043478260869565216 0.13043478260869565 0.043478260869565216 0.17391304347826086 0.17391304347826086 0.13043478260869565 0.13043478260869565 110.30090226562501 10.752688 252.02665149999996 0.8767123287671232 0.0136986301369863 0.1095890410958904 0.4782608695652174 0.08695652173913043 0.13043478260869565 0.043478260869565216 0.043478260869565216 0.13043478260869565 0.043478260869565216 0.043478260869565216 0.578125 0.25 0.046875 0.109375 0.015625 chenyu 7Сʱ_mousemovements
202.10414657142857 0 1370.483643 0 647.996643 925.3657834999999 0 2852.488037 216.4217875 0 2000.993469 60.061954 0 0 894.0595703333333 239.8394345 0.16666666666666666 0.0 0.16666666666666666 0.08333333333333333 0.0 0.0 0.25 0.3333333333333333 190.2197470263158 0 181.6157058 0.8837209302325582 0.0 0.11627906976744186 0.5833333333333334 0.0 0.08333333333333333 0.0 0.08333333333333333 0.16666666666666666 0.0 0.08333333333333333 0.6585365853658537 0.17073170731707318 0.12195121951219512 0.04878048780487805 0.0 chenyu 7Сʱ_mousemovements
27.8714565 0 768.234253 502.1095176666667 0 0 1081.394287 0 21.74563 493.213593 290.392853 722.722107 1081.394287 0 3.546099 284.80944999999997 0.1111111111111111 0.1111111111111111 0.1111111111111111 0.1111111111111111 0.1111111111111111 0.0 0.1111111111111111 0.3333333333333333 68.88178405714287 290.392853 191.546906 0.875 0.025 0.1 0.4444444444444444 0.0 0.1111111111111111 0.3333333333333333 0.0 0.0 0.1111111111111111 0.0 0.6052631578947368 0.21052631578947367 0.15789473684210525 0.02631578947368421 0.0 chenyu 7Сʱ_mousemovements
0 0 0 0 0 0 0 0 0 0 0 0 0 0 0 0 0 0 0 0 0 0 0 0 0 0 0 0 0 0 0 0 0 0 0 0 0 0 0 0 0 0 0 chenyu 7Сʱ_mousemovements
111.6404845 690.285461 0 0 1597.485474 874.275818 0 0 357.0514246666666 690.285461 200.67134766666666 0 0 1597.485474 0 31.410459000000003 0.2727272727272727 0.09090909090909091 0.2727272727272727 0.0 0.0 0.09090909090909091 0.0 0.2727272727272727 84.19081328888889 7.092198 64.87295825 0.9 0.02 0.08 0.7272727272727273 0.09090909090909091 0.0 0.0 0.09090909090909091 0.09090909090909091 0.0 0.0 0.5 0.3125 0.08333333333333333 0.08333333333333333 0.020833333333333332 chenyu 7Сʱ_mousemovements
121.56334700000001 346.18676766666664 0 328.97323600000004 0 0 0 0 0 316.337219 259.504082 357.444702 121.3299065 0 325.245148 300.50177 0.0 0.125 0.25 0.125 0.25 0.0 0.125 0.125 92.3412660952381 0 122.030228 0.9545454545454546 0.0 0.045454545454545456 0.375 0.375 0.0 0.25 0.0 0.0 0.0 0.0 0.47619047619047616 0.2857142857142857 0.09523809523809523 0.047619047619047616 0.09523809523809523 chenyu 7Сʱ_mousemovements
106.52815904761903 486.48763033333336 0 507.565491 0 726.4240110000001 698.922607 139.118622 406.43283066666663 0 367.5662433333334 698.922607 78.4282204 202.186028875 165.19965933333336 161.4768055 0.10344827586206896 0.0 0.10344827586206896 0.034482758620689655 0.1724137931034483 0.27586206896551724 0.10344827586206896 0.20689655172413793 82.29431274666666 139.118622 61.27229833333333 0.9493670886075949 0.012658227848101266 0.0379746835443038 0.7241379310344828 0.10344827586206896 0.0 0.034482758620689655 0.0 0.06896551724137931 0.034482758620689655 0.034482758620689655 0.49333333333333335 0.30666666666666664 0.10666666666666667 0.06666666666666667 0.02666666666666667 chenyu 7Сʱ_mousemovements
96.69548125000001 425.123352 310.7627715 429.28363033333335 1848.140015 0 1367.590332 0 412.0220715 677.9392393333334 970.6282275 58.782112 53.954919625 363.73114025 156.01234466666668 154.9899025 0.08 0.12 0.08 0.04 0.32 0.16 0.12 0.08 89.23427358666666 5.847953 137.3437855 0.9146341463414634 0.012195121951219513 0.07317073170731707 0.64 0.08 0.08 0.12 0.04 0.0 0.04 0.0 0.6133333333333333 0.2 0.06666666666666667 0.06666666666666667 0.05333333333333334 chenyu 7Сʱ_mousemovements
0 0 0 0 0 0 0 0 0 0 0 0 0 0 0 0 0 0 0 0 0 0 0 0 0 0 0 0 0 0 0 0 0 0 0 0 0 0 0 0 0 0 0 chenyu 7Сʱ_mousemovements
69.15730375 405.83558650000003 958.8413796666667 1148.447021 0 0 0 0 275.074493 0 619.970764 1148.447021 27.2921475 0 280.7422426666667 1086.4841235000001 0.1 0.0 0.1 0.1 0.2 0.0 0.3 0.2 141.76884984375002 0 115.3336706 0.8648648648648649 0.0 0.13513513513513514 0.4 0.2 0.3 0.1 0.0 0.0 0.0 0.0 0.6857142857142857 0.2 0.0 0.08571428571428572 0.02857142857142857 chenyu 7Сʱ_mousemovements
55.077347 0 0 0 1134.618408 0 0 0 0 1134.618408 0 0 0 55.077347 0 0 0.0 0.5 0.0 0.0 0.0 0.5 0.0 0.0 91.51505807692307 0 0 1.0 0.0 0.0 0.5 0.0 0.0 0.0 0.5 0.0 0.0 0.0 0.2727272727272727 0.2727272727272727 0.2727272727272727 0.18181818181818182 0.0 chenyu 7Сʱ_mousemovements
