153.7832533333333 205.502007 958.01628875 505.927612 0 1139.082397 0 0 0 164.3830225 833.3463705 181.15130025 226.335617 745.4120025 424.445313 273.7922325 0.0 0.3 0.2 0.2 0.05 0.1 0.05 0.1 99.02216555223882 61.691032 115.25578822222221 0.8701298701298701 0.012987012987012988 0.11688311688311688 0.6 0.1 0.2 0.05 0.0 0.05 0.0 0.0 0.6901408450704225 0.18309859154929578 0.07042253521126761 0.056338028169014086 0.0 chenyu 3Сʱ_mousemovements
80.0396715 541.997818 345.345322 0 1179.230835 0 0 0 0 304.513161 194.993118 108.41066000000001 0 412.8526885 327.855538 0 0.0 0.15384615384615385 0.07692307692307693 0.23076923076923078 0.0 0.15384615384615385 0.38461538461538464 0.0 75.66303688636363 37.4660875 63.37622966666667 0.8979591836734694 0.04081632653061224 0.061224489795918366 0.6153846153846154 0.15384615384615385 0.15384615384615385 0.0 0.07692307692307693 0.0 0.0 0.0 0.5434782608695652 0.2826086956521739 0.08695652173913043 0.021739130434782608 0.06521739130434782 chenyu 3Сʱ_mousemovements
0 0 0 0 0 0 0 0 0 0 0 0 0 0 0 0 0 0 0 0 0 0 0 0 0 0 0 0 0 0 0 0 0 0 0 0 0 0 0 0 0 0 0 chenyu 3Сʱ_mousemovements
0 0 0 0 0 0 0 0 0 0 0 0 0 0 0 0 0 0 0 0 0 0 0 0 0 0 0 0 0 0 0 0 0 0 0 0 0 0 0 0 0 0 0 chenyu 3Сʱ_mousemovements
0 0 0 0 0 0 0 0 0 0 0 0 0 0 0 0 0 0 0 0 0 0 0 0 0 0 0 0 0 0 0 0 0 0 0 0 0 0 0 0 0 0 0 chenyu 3Сʱ_mousemovements
0 0 0 0 0 0 0 0 0 0 0 0 0 0 0 0 0 0 0 0 0 0 0 0 0 0 0 0 0 0 0 0 0 0 0 0 0 0 0 0 0 0 0 chenyu 3Сʱ_mousemovements
0 0 0 0 0 0 0 0 0 0 0 0 0 0 0 0 0 0 0 0 0 0 0 0 0 0 0 0 0 0 0 0 0 0 0 0 0 0 0 0 0 0 0 chenyu 3Сʱ_mousemovements
0 0 0 0 0 0 0 0 0 0 0 0 0 0 0 0 0 0 0 0 0 0 0 0 0 0 0 0 0 0 0 0 0 0 0 0 0 0 0 0 0 0 0 chenyu 3Сʱ_mousemovements
0 0 0 0 0 0 0 0 0 0 0 0 0 0 0 0 0 0 0 0 0 0 0 0 0 0 0 0 0 0 0 0 0 0 0 0 0 0 0 0 0 0 0 chenyu 3Сʱ_mousemovements
0 0 0 0 0 0 0 0 0 0 0 0 0 0 0 0 0 0 0 0 0 0 0 0 0 0 0 0 0 0 0 0 0 0 0 0 0 0 0 0 0 0 0 chenyu 3Сʱ_mousemovements
0 0 0 0 0 0 0 0 0 0 0 0 0 0 0 0 0 0 0 0 0 0 0 0 0 0 0 0 0 0 0 0 0 0 0 0 0 0 0 0 0 0 0 chenyu 3Сʱ_mousemovements
0 0 0 0 0 0 0 0 0 0 0 0 0 0 0 0 0 0 0 0 0 0 0 0 0 0 0 0 0 0 0 0 0 0 0 0 0 0 0 0 0 0 0 chenyu 3Сʱ_mousemovements
0 0 0 0 0 0 0 0 0 0 0 0 0 0 0 0 0 0 0 0 0 0 0 0 0 0 0 0 0 0 0 0 0 0 0 0 0 0 0 0 0 0 0 chenyu 3Сʱ_mousemovements
120.093137 653.7850875 552.523438 968.630493 0 0 0 0 0 446.46362660000005 431.041901 0 417.2795105 585.623367 67.594177 0 0.0 0.45454545454545453 0.09090909090909091 0.0 0.18181818181818182 0.18181818181818182 0.09090909090909091 0.0 101.70015802777777 968.630493 35.64126133333333 0.9 0.025 0.075 0.45454545454545453 0.36363636363636365 0.09090909090909091 0.09090909090909091 0.0 0.0 0.0 0.0 0.6486486486486487 0.21621621621621623 0.13513513513513514 0.0 0.0 chenyu 3Сʱ_mousemovements
107.4776368 203.986725 0 0 0 0 0 0 0 0 0 0 0 311.448853 104.63035711111111 25.641026 0.0 0.0 0.0 0.0 0.0 0.09090909090909091 0.8181818181818182 0.09090909090909091 49.18319588461539 0 0 1.0 0.0 0.0 0.9090909090909091 0.09090909090909091 0.0 0.0 0.0 0.0 0.0 0.0 0.5217391304347826 0.30434782608695654 0.08695652173913043 0.08695652173913043 0.0 chenyu 3Сʱ_mousemovements
327.1958475 599.963562 0 0 0 0 0 0 0 0 599.963562 0 0 1021.287598 95.83193066666666 0 0.0 0.0 0.2 0.0 0.0 0.2 0.6 0.0 119.2966845 0 0 1.0 0.0 0.0 0.8 0.2 0.0 0.0 0.0 0.0 0.0 0.0 0.6363636363636364 0.2727272727272727 0.09090909090909091 0.0 0.0 chenyu 3Сʱ_mousemovements
0 0 0 0 0 0 0 0 0 0 0 0 0 0 0 0 0 0 0 0 0 0 0 0 0.0 0 0 1.0 0.0 0.0 0 0 0 0 0 0 0 0 1.0 0.0 0.0 0.0 0.0 chenyu 3Сʱ_mousemovements
0 0 0 0 0 0 0 0 0 0 0 0 0 0 0 0 0 0 0 0 0 0 0 0 0 0 0 0 0 0 0 0 0 0 0 0 0 0 0 0 0 0 0 chenyu 3Сʱ_mousemovements
72.21946785714286 342.47799699999996 0 1793.484985 0 0 1718.257813 0 0 955.401154 1793.484985 0 0 44.4180835 66.33562618181818 342.47799699999996 0.0 0.1111111111111111 0.05555555555555555 0.0 0.0 0.1111111111111111 0.6111111111111112 0.1111111111111111 100.14944888461538 0 0 1.0 0.0 0.0 0.7777777777777778 0.1111111111111111 0.0 0.05555555555555555 0.0 0.0 0.05555555555555555 0.0 0.4897959183673469 0.2653061224489796 0.14285714285714285 0.061224489795918366 0.04081632653061224 chenyu 3Сʱ_mousemovements
110.29513343999997 512.288818 0 0 0 0 0 0 0 0 191.704742 0 0 115.74123686666665 134.18438590000002 0 0.0 0.0 0.038461538461538464 0.0 0.0 0.5769230769230769 0.38461538461538464 0.0 53.601100885245884 0 0 1.0 0.0 0.0 0.9615384615384616 0.038461538461538464 0.0 0.0 0.0 0.0 0.0 0.0 0.48148148148148145 0.3888888888888889 0.037037037037037035 0.09259259259259259 0.0 chenyu 3Сʱ_mousemovements
139.71850899999998 0 0 0 0 0 0 0 60.02047 0 0 0 215.11002242857145 138.43071 69.621122 44.738487 0.0625 0.0 0.0 0.0 0.4375 0.125 0.3125 0.0625 46.2867164680851 0 60.02047 0.9791666666666666 0.0 0.020833333333333332 1.0 0.0 0.0 0.0 0.0 0.0 0.0 0.0 0.5238095238095238 0.19047619047619047 0.16666666666666666 0.09523809523809523 0.023809523809523808 chenyu 3Сʱ_mousemovements
95.10541266666667 0 228.499557 0 0 0 0 0 0 0 0 0 0 128.45394875 0 0 0.0 0.0 0.0 0.0 0.0 1.0 0.0 0.0 42.817982916666665 0 0 1.0 0.0 0.0 0.75 0.0 0.25 0.0 0.0 0.0 0.0 0.0 0.3 0.4 0.0 0.2 0.1 chenyu 3Сʱ_mousemovements
124.91263375000001 0 595.8995060000001 452.486755 566.074158 0 554.202209 908.508179 365.74846133333335 219.24804699999996 841.8535465 0 0 387.8607635 0 554.202209 0.2727272727272727 0.2727272727272727 0.18181818181818182 0.0 0.0 0.18181818181818182 0.0 0.09090909090909091 145.04960786666666 0 139.04403933333336 0.9090909090909091 0.0 0.09090909090909091 0.36363636363636365 0.0 0.2727272727272727 0.09090909090909091 0.09090909090909091 0.0 0.09090909090909091 0.09090909090909091 0.45161290322580644 0.1935483870967742 0.0967741935483871 0.22580645161290322 0.03225806451612903 chenyu 3Сʱ_mousemovements
411.3896124166667 544.228882 369.7032013333333 487.90155533333336 0 401.225922 0 0 305.3212965 822.6951153333333 846.359576 352.71282199999996 18.79000866666667 584.9001566666667 0 80.16040400000001 0.1 0.15 0.15 0.1 0.15 0.15 0.0 0.2 99.65465296 22.5352955 116.97185750000001 0.8823529411764706 0.023529411764705882 0.09411764705882353 0.6 0.05 0.15 0.15 0.0 0.05 0.0 0.0 0.5526315789473685 0.21052631578947367 0.18421052631578946 0.039473684210526314 0.013157894736842105 chenyu 3Сʱ_mousemovements
75.080025375 0 538.84640125 0 0 904.222168 525.315247 430.811951 525.315247 616.1806486666667 146.686371 119.28699079999998 69.2681005 25.826336 667.5170595 0 0.06666666666666667 0.2 0.06666666666666667 0.3333333333333333 0.13333333333333333 0.06666666666666667 0.13333333333333333 0.0 73.1604403877551 70.613098 192.18009940000002 0.8909090909090909 0.01818181818181818 0.09090909090909091 0.5333333333333333 0.0 0.26666666666666666 0.0 0.0 0.06666666666666667 0.06666666666666667 0.06666666666666667 0.6521739130434783 0.15217391304347827 0.10869565217391304 0.06521739130434782 0.021739130434782608 chenyu 3Сʱ_mousemovements
128.62739575 174.772202 605.80776175 851.252075 304.350677 1166.989014 0 0 174.772202 0 603.33494725 237.256443 36.37614000000001 604.5111746666666 323.989208 110.127831 0.05 0.0 0.2 0.1 0.25 0.15 0.2 0.05 85.75597622727274 16.958162333333334 107.62212085714285 0.868421052631579 0.039473684210526314 0.09210526315789473 0.6 0.05 0.2 0.05 0.05 0.05 0.0 0.0 0.5571428571428572 0.2571428571428571 0.1 0.02857142857142857 0.05714285714285714 chenyu 3Сʱ_mousemovements
184.32787922222224 998.147827 706.3385925 470.1949666666667 710.1368610000001 485.8870643333333 920.038696 900.483704 920.038696 759.67735275 589.3219300000001 211.296371 57.395142 333.59038780000003 488.0599313333334 194.25799933333334 0.043478260869565216 0.17391304347826086 0.21739130434782608 0.043478260869565216 0.043478260869565216 0.21739130434782608 0.13043478260869565 0.13043478260869565 103.95470704109589 278.889587 377.67147500000004 0.8902439024390244 0.012195121951219513 0.0975609756097561 0.391304347826087 0.043478260869565216 0.08695652173913043 0.13043478260869565 0.13043478260869565 0.13043478260869565 0.043478260869565216 0.043478260869565216 0.5526315789473685 0.2236842105263158 0.11842105263157894 0.07894736842105263 0.02631578947368421 chenyu 3Сʱ_mousemovements
173.37462250000002 210.04827133333333 564.771606 1021.154907 0 690.521642 738.1415404 0 0 88.9423065 408.26086428571426 67.366295 636.9406355 414.8440016666666 739.15374775 837.3504636666667 0.0 0.09090909090909091 0.3181818181818182 0.045454545454545456 0.09090909090909091 0.13636363636363635 0.18181818181818182 0.13636363636363635 87.47294767105264 479.3150635 360.70747700000004 0.8735632183908046 0.04597701149425287 0.08045977011494253 0.2727272727272727 0.13636363636363635 0.045454545454545456 0.045454545454545456 0.0 0.2727272727272727 0.22727272727272727 0.0 0.5641025641025641 0.2692307692307692 0.10256410256410256 0.02564102564102564 0.038461538461538464 chenyu 3Сʱ_mousemovements
341.41470339999995 0 0 0 0 0 0 0 82.233505 133.333328 0 0 454.84452849999997 0 0 581.817627 0.2 0.2 0.0 0.0 0.4 0.0 0.0 0.2 113.80490113333332 0 0 1.0 0.0 0.0 1.0 0.0 0.0 0.0 0.0 0.0 0.0 0.0 0.42857142857142855 0.2857142857142857 0.14285714285714285 0.14285714285714285 0.0 chenyu 3Сʱ_mousemovements
175.925644 191.800064 0 1253.9750595 0 0 1035.191284 0 0 204.26734950000002 2275.341064 0 0 613.495674 0 0 0.0 0.4 0.2 0.0 0.0 0.4 0.0 0.0 249.03271371428573 0 212.20455950000002 0.875 0.0 0.125 0.2 0.2 0.0 0.4 0.0 0.0 0.2 0.0 0.8461538461538461 0.0 0.0 0.07692307692307693 0.07692307692307693 chenyu 3Сʱ_mousemovements
1459.631348 121.021141 702.0109865 1075.636597 0 0 0 1100.34082 0 887.255249 699.1397376666667 1100.34082 0 1075.636597 0 0 0.0 0.16666666666666666 0.5 0.16666666666666666 0.0 0.16666666666666666 0.0 0.0 233.17612594117645 1075.636597 121.021141 0.8947368421052632 0.05263157894736842 0.05263157894736842 0.16666666666666666 0.16666666666666666 0.3333333333333333 0.16666666666666666 0.0 0.0 0.0 0.16666666666666666 0.5882352941176471 0.23529411764705882 0.058823529411764705 0.058823529411764705 0.058823529411764705 chenyu 3Сʱ_mousemovements
114.92503657894737 182.2122425 0 1511.18396 587.157593 0 1124.254639 0 234.70759833333332 0 0 415.42364525 138.45912199999998 162.989136 587.1312626666667 109.40707527272725 0.125 0.0 0.0 0.16666666666666666 0.08333333333333333 0.041666666666666664 0.125 0.4583333333333333 101.25747314545453 0 201.435349 0.9821428571428571 0.0 0.017857142857142856 0.7916666666666666 0.08333333333333333 0.0 0.041666666666666664 0.041666666666666664 0.0 0.041666666666666664 0.0 0.36 0.3 0.22 0.08 0.04 chenyu 3Сʱ_mousemovements
170.115303625 281.9381715 0 0 0 1037.638672 0 0 0 283.431751 185.836792 220.045319 0 345.782043 0 39.700157 0.0 0.36363636363636365 0.09090909090909091 0.09090909090909091 0.0 0.36363636363636365 0.0 0.09090909090909091 70.72421455555556 0 138.78857333333335 0.9230769230769231 0.0 0.07692307692307693 0.7272727272727273 0.18181818181818182 0.0 0.0 0.0 0.09090909090909091 0.0 0.0 0.5882352941176471 0.11764705882352941 0.20588235294117646 0.08823529411764706 0.0 chenyu 3Сʱ_mousemovements
173.6475917692308 244.854889 155.309479 843.7698055 832.384735 0 0 944.0268149999998 534.71225 191.55702 86.923347 425.334137 141.2282766666667 310.65862999999996 993.9706013333333 1047.106689 0.13636363636363635 0.3181818181818182 0.045454545454545456 0.045454545454545456 0.13636363636363635 0.13636363636363635 0.13636363636363635 0.045454545454545456 116.61882017391305 10.638298 196.15892425 0.9324324324324325 0.013513513513513514 0.05405405405405406 0.5909090909090909 0.045454545454545456 0.045454545454545456 0.09090909090909091 0.09090909090909091 0.0 0.0 0.13636363636363635 0.5882352941176471 0.19117647058823528 0.10294117647058823 0.08823529411764706 0.029411764705882353 chenyu 3Сʱ_mousemovements
152.30602725 305.809769 0 730.2416076666667 0 0 0 0 61.61214833333333 313.580933 0 298.038605 513.493187 468.151047 46.347622 234.74766566666665 0.17647058823529413 0.058823529411764705 0.0 0.058823529411764705 0.23529411764705882 0.11764705882352941 0.17647058823529413 0.17647058823529413 79.716491877193 8.0 26.058883666666663 0.9344262295081968 0.01639344262295082 0.04918032786885246 0.7058823529411765 0.11764705882352941 0.0 0.17647058823529413 0.0 0.0 0.0 0.0 0.5740740740740741 0.12962962962962962 0.16666666666666666 0.1111111111111111 0.018518518518518517 chenyu 3Сʱ_mousemovements
0 0 0 0 0 0 0 0 0 0 0 0 0 0 0 0 0 0 0 0 0 0 0 0 0 0 0 0 0 0 0 0 0 0 0 0 0 0 0 0 0 0 0 chenyu 3Сʱ_mousemovements
0 0 0 0 0 0 0 0 0 0 0 0 0 0 0 0 0 0 0 0 0 0 0 0 0 0 0 0 0 0 0 0 0 0 0 0 0 0 0 0 0 0 0 chenyu 3Сʱ_mousemovements
0 0 0 0 0 0 0 0 0 0 0 0 0 0 0 0 0 0 0 0 0 0 0 0 0 0 0 0 0 0 0 0 0 0 0 0 0 0 0 0 0 0 0 chenyu 3Сʱ_mousemovements
144.6408196666667 369.54192520000004 856.744995 591.077698 968.572693 0 664.2554935000001 746.299622 284.206604 310.9735426666667 101.87133 126.963852 604.573484 415.48974883333335 561.658684 80.0853935 0.05 0.15 0.05 0.05 0.2 0.3 0.1 0.1 89.02629853225805 475.401637 173.71189449999997 0.8985507246376812 0.043478260869565216 0.057971014492753624 0.45 0.25 0.05 0.05 0.05 0.0 0.1 0.05 0.5 0.2727272727272727 0.12121212121212122 0.07575757575757576 0.030303030303030304 chenyu 3Сʱ_mousemovements
48.420428777777786 265.400711 0 1197.551758 0 502.765076 609.888977 600.468079 57.096918 468.507996 0 682.8101195 124.6808866666667 379.2029702 31.914894 52.58870566666667 0.11764705882352941 0.058823529411764705 0.0 0.11764705882352941 0.17647058823529413 0.29411764705882354 0.058823529411764705 0.17647058823529413 41.317398852941174 162.400024 205.15392100000003 0.8947368421052632 0.013157894736842105 0.09210526315789473 0.5294117647058824 0.23529411764705882 0.0 0.058823529411764705 0.0 0.058823529411764705 0.058823529411764705 0.058823529411764705 0.4126984126984127 0.38095238095238093 0.14285714285714285 0.031746031746031744 0.031746031746031744 chenyu 3Сʱ_mousemovements
0 13.576285 518.36377 0 425.271484 0 0 0 518.36377 0 0 0 0 425.271484 0 13.576285 0.3333333333333333 0.0 0.0 0.0 0.0 0.3333333333333333 0.0 0.3333333333333333 51.836377000000006 219.42388449999999 0 0.8333333333333334 0.16666666666666666 0.0 0.0 0.3333333333333333 0.3333333333333333 0.0 0.3333333333333333 0.0 0.0 0.0 0.8 0.0 0.1 0.0 0.1 chenyu 3Сʱ_mousemovements
73.45333824999999 382.70462425 0 0 0 0 0 1164.821289 232.41371150000003 181.480568 55.039512 51.366245 171.87129733333336 486.83432266666665 70.99559199999999 110.58333375000001 0.08 0.16 0.16 0.04 0.12 0.12 0.16 0.16 61.24568457352939 0 0 1.0 0.0 0.0 0.8 0.16 0.0 0.0 0.0 0.0 0.0 0.04 0.45161290322580644 0.27419354838709675 0.11290322580645161 0.12903225806451613 0.03225806451612903 chenyu 3Сʱ_mousemovements
71.17937487096775 0 0 1200.740479 0 1084.250732 0 0 99.725189 85.1593417142857 69.09436975 64.144987 227.759538 210.53347875 68.04374800000001 0 0.030303030303030304 0.21212121212121213 0.12121212121212122 0.06060606060606061 0.18181818181818182 0.24242424242424243 0.15151515151515152 0.0 42.719125561904754 0 3.021824 0.9813084112149533 0.0 0.018691588785046728 0.9393939393939394 0.0 0.0 0.030303030303030304 0.0 0.030303030303030304 0.0 0.0 0.5188679245283019 0.25471698113207547 0.1509433962264151 0.05660377358490566 0.018867924528301886 chenyu 3Сʱ_mousemovements
234.2270591 377.2893216666667 834.756775 0 0 0 1777.621948 0 326.09477999999996 372.12762399999997 206.637417 878.7929076666666 566.251831 119.356682 71.196991 185.391006 0.2 0.2 0.13333333333333333 0.2 0.06666666666666667 0.06666666666666667 0.06666666666666667 0.06666666666666667 121.96458102083334 24.0 104.108695 0.9411764705882353 0.0196078431372549 0.0392156862745098 0.6666666666666666 0.2 0.06666666666666667 0.0 0.0 0.0 0.06666666666666667 0.0 0.62 0.24 0.1 0.0 0.04 chenyu 3Сʱ_mousemovements
269.5865253333334 232.715981 0 766.14668675 347.05990633333334 0 1405.941284 1208.200195 655.9252985714286 482.30571 0 1070.339737 733.4868366666666 240.03632399999998 44.995796 148.81574525 0.3333333333333333 0.09523809523809523 0.0 0.09523809523809523 0.14285714285714285 0.09523809523809523 0.047619047619047616 0.19047619047619047 82.93910808791209 73.46151 424.579946625 0.91 0.01 0.08 0.42857142857142855 0.09523809523809523 0.0 0.19047619047619047 0.14285714285714285 0.0 0.09523809523809523 0.047619047619047616 0.6413043478260869 0.2717391304347826 0.043478260869565216 0.03260869565217391 0.010869565217391304 chenyu 3Сʱ_mousemovements
157.49970864285712 691.603851 1356.4986880000001 586.4173380000001 264.145203 0 0 898.655304 742.0590148 795.5454480000001 616.4855845 160.5083068 32.258064 265.28045133333336 157.40324875 785.93042 0.2 0.08 0.16 0.2 0.04 0.12 0.16 0.04 119.30342824675326 261.52801 140.427445 0.8953488372093024 0.03488372093023256 0.06976744186046512 0.56 0.12 0.08 0.12 0.04 0.0 0.0 0.08 0.5375 0.325 0.075 0.0375 0.025 chenyu 3Сʱ_mousemovements
132.9759366 369.13085277777776 241.664139 762.6111043333334 541.359009 418.251495 1516.2434085 0 271.3305918333333 978.4029545000001 0 438.204506875 551.9994624 118.788647 0 271.38292325 0.2222222222222222 0.07407407407407407 0.0 0.2962962962962963 0.18518518518518517 0.07407407407407407 0.0 0.14814814814814814 90.02700243181819 209.9169856 314.510096 0.88 0.05 0.07 0.37037037037037035 0.3333333333333333 0.037037037037037035 0.1111111111111111 0.037037037037037035 0.037037037037037035 0.07407407407407407 0.0 0.5520833333333334 0.23958333333333334 0.125 0.0625 0.020833333333333332 chenyu 3Сʱ_mousemovements
195.56155516666664 458.09227374999995 455.042038 426.485545 640.9663696 888.96500425 687.675232 0 565.285614 680.280151 847.315796 395.88866425 589.2704689999999 290.793114 444.81691374999997 372.27705 0.16 0.04 0.08 0.16 0.2 0.08 0.16 0.12 82.29593983333332 619.5275945714286 396.94090066666666 0.8470588235294118 0.08235294117647059 0.07058823529411765 0.24 0.16 0.08 0.12 0.2 0.16 0.04 0.0 0.5897435897435898 0.19230769230769232 0.08974358974358974 0.07692307692307693 0.05128205128205128 chenyu 3Сʱ_mousemovements
150.86449149999999 635.5209715999999 607.5278726666667 900.225128 543.238281 0 933.19352725 3093.7540285000005 2078.053467 1116.1239453333335 1146.650421 888.6144613333335 330.95666550000004 408.95207214285716 310.3815535 385.520108 0.030303030303030304 0.2727272727272727 0.06060606060606061 0.09090909090909091 0.12121212121212122 0.21212121212121213 0.06060606060606061 0.15151515151515152 205.0102993139535 430.47175999999996 457.084699 0.86 0.08 0.06 0.30303030303030304 0.15151515151515152 0.09090909090909091 0.21212121212121213 0.06060606060606061 0.0 0.12121212121212122 0.06060606060606061 0.6020408163265306 0.22448979591836735 0.07142857142857142 0.08163265306122448 0.02040816326530612 chenyu 3Сʱ_mousemovements
176.90018066666667 322.3926236666667 723.7090149999999 550.3883156666667 895.8934935999999 797.6234924 822.05615225 763.791016 789.0645172 575.1267272 1040.702881 1210.8569945 445.6296124285714 411.45280075 675.9591979999999 77.665565 0.15625 0.15625 0.03125 0.0625 0.21875 0.125 0.21875 0.03125 231.8090407457627 503.73317591666665 136.440018 0.8194444444444444 0.16666666666666666 0.013888888888888888 0.1875 0.09375 0.125 0.09375 0.15625 0.15625 0.125 0.0625 0.5454545454545454 0.15151515151515152 0.10606060606060606 0.15151515151515152 0.045454545454545456 chenyu 3Сʱ_mousemovements
187.42526675000002 530.6914307000001 459.0866001428571 502.85855100000003 1386.370239 801.1533813333333 732.8972475 765.73761 499.838104 698.029358 597.3902108571428 825.4740662 410.53948783333334 295.1720658333333 512.7590507142858 660.1262866666667 0.023809523809523808 0.09523809523809523 0.16666666666666666 0.11904761904761904 0.14285714285714285 0.14285714285714285 0.16666666666666666 0.14285714285714285 238.5182670909091 520.7597471538461 436.65769950000004 0.8148148148148148 0.16049382716049382 0.024691358024691357 0.19047619047619047 0.23809523809523808 0.16666666666666666 0.047619047619047616 0.023809523809523808 0.21428571428571427 0.047619047619047616 0.07142857142857142 0.44155844155844154 0.24675324675324675 0.16883116883116883 0.09090909090909091 0.05194805194805195 chenyu 3Сʱ_mousemovements
186.54133066666668 474.48457333333334 775.3415160000001 763.411194 843.399246 1139.260864 1605.6319275 1990.481445 316.0204476 816.1067535714285 711.1513792000001 2208.508057 309.423706 517.98840325 62.5 551.56402975 0.1724137931034483 0.2413793103448276 0.1724137931034483 0.034482758620689655 0.06896551724137931 0.13793103448275862 0.034482758620689655 0.13793103448275862 155.1909515505618 494.123657 357.3810675555556 0.89 0.02 0.09 0.41379310344827586 0.10344827586206896 0.1724137931034483 0.034482758620689655 0.13793103448275862 0.034482758620689655 0.06896551724137931 0.034482758620689655 0.625 0.21875 0.125 0.010416666666666666 0.020833333333333332 chenyu 3Сʱ_mousemovements
209.306471375 416.9471740000001 906.637034 662.3491313333333 1235.1487735 563.567017 0 0 741.9966355 143.83663 670.2580985 542.3706486666666 418.7365115 0 310.8092575 371.503235 0.2727272727272727 0.09090909090909091 0.18181818181818182 0.13636363636363635 0.09090909090909091 0.0 0.18181818181818182 0.045454545454545456 99.08210698780489 252.4854585 318.9230012222222 0.8817204301075269 0.021505376344086023 0.0967741935483871 0.36363636363636365 0.22727272727272727 0.13636363636363635 0.13636363636363635 0.09090909090909091 0.045454545454545456 0.0 0.0 0.6067415730337079 0.23595505617977527 0.0898876404494382 0.0449438202247191 0.02247191011235955 chenyu 3Сʱ_mousemovements
306.52900400000004 488.732922 0 677.8581083333333 1172.0080873333334 728.934418 0 3125.906494 651.676147 338.383057 583.6560762 1027.72998 60.568207 0 1225.2374803333335 365.4124971666667 0.047619047619047616 0.047619047619047616 0.23809523809523808 0.047619047619047616 0.047619047619047616 0.0 0.2857142857142857 0.2857142857142857 197.25890888235293 0 160.99026185714288 0.9066666666666666 0.0 0.09333333333333334 0.38095238095238093 0.19047619047619047 0.0 0.14285714285714285 0.14285714285714285 0.09523809523809523 0.0 0.047619047619047616 0.5507246376811594 0.2463768115942029 0.13043478260869565 0.057971014492753624 0.014492753623188406 chenyu 3Сʱ_mousemovements
145.35991228571427 195.0793 301.629211 753.140076 0 1048.279663 0 0 47.553486 43.62219566666667 699.0794576666667 139.92379833333334 74.60447300000001 64.9256555 330.35883966666665 193.0696792 0.04 0.12 0.12 0.24 0.08 0.08 0.12 0.2 76.06600081428572 0 26.066351 0.9859154929577465 0.0 0.014084507042253521 0.84 0.04 0.04 0.04 0.0 0.04 0.0 0.0 0.5303030303030303 0.24242424242424243 0.16666666666666666 0.045454545454545456 0.015151515151515152 chenyu 3Сʱ_mousemovements
186.77889888888888 84.434425 714.464172 0 0 0 817.989502 206.364075 114.844471 171.45466833333333 557.253479 0 75.1705615 0 475.14285275 152.043304 0.15384615384615385 0.23076923076923078 0.07692307692307693 0.0 0.15384615384615385 0.0 0.3076923076923077 0.07692307692307693 82.33084474358975 0 97.78643966666668 0.9285714285714286 0.0 0.07142857142857142 0.6923076923076923 0.07692307692307693 0.07692307692307693 0.0 0.0 0.0 0.07692307692307693 0.07692307692307693 0.3333333333333333 0.4166666666666667 0.08333333333333333 0.16666666666666666 0.0 chenyu 3Сʱ_mousemovements
0 0 0 0 0 0 0 0 0 0 0 0 0 0 0 0 0 0 0 0 0 0 0 0 0 0 0 0 0 0 0 0 0 0 0 0 0 0 0 0 0 0 0 chenyu 3Сʱ_mousemovements
0 0 0 0 0 0 0 0 0 0 0 0 0 0 0 0 0 0 0 0 0 0 0 0 0 0 0 0 0 0 0 0 0 0 0 0 0 0 0 0 0 0 0 chenyu 3Сʱ_mousemovements
0 0 0 0 0 0 0 0 0 0 0 0 0 0 0 0 0 0 0 0 0 0 0 0 0 0 0 0 0 0 0 0 0 0 0 0 0 0 0 0 0 0 0 chenyu 3Сʱ_mousemovements
0 0 0 0 0 0 0 0 0 0 0 0 0 0 0 0 0 0 0 0 0 0 0 0 0 0 0 0 0 0 0 0 0 0 0 0 0 0 0 0 0 0 0 chenyu 3Сʱ_mousemovements
0 0 0 0 0 0 0 0 0 0 0 0 0 0 0 0 0 0 0 0 0 0 0 0 0 0 0 0 0 0 0 0 0 0 0 0 0 0 0 0 0 0 0 chenyu 3Сʱ_mousemovements
0 0 0 0 0 0 0 0 0 0 0 0 0 0 0 0 0 0 0 0 0 0 0 0 0 0 0 0 0 0 0 0 0 0 0 0 0 0 0 0 0 0 0 chenyu 3Сʱ_mousemovements
0 0 0 0 0 0 0 0 0 0 0 0 0 0 0 0 0 0 0 0 0 0 0 0 0 0 0 0 0 0 0 0 0 0 0 0 0 0 0 0 0 0 0 chenyu 3Сʱ_mousemovements
0 0 0 0 0 0 0 0 0 0 0 0 0 0 0 0 0 0 0 0 0 0 0 0 0 0 0 0 0 0 0 0 0 0 0 0 0 0 0 0 0 0 0 chenyu 3Сʱ_mousemovements
0 0 0 0 0 0 0 0 0 0 0 0 0 0 0 0 0 0 0 0 0 0 0 0 0 0 0 0 0 0 0 0 0 0 0 0 0 0 0 0 0 0 0 chenyu 3Сʱ_mousemovements
459.998657 0 0 0 0 0 0 0 459.998657 0 0 0 0 0 0 0 1.0 0.0 0.0 0.0 0.0 0.0 0.0 0.0 229.9993285 0 0 1.0 0.0 0.0 1.0 0.0 0.0 0.0 0.0 0.0 0.0 0.0 1.0 0.0 0.0 0.0 0.0 chenyu 3Сʱ_mousemovements
0 0 0 0 0 0 0 0 0 0 0 0 0 0 0 0 0 0 0 0 0 0 0 0 0 0 0 0 0 0 0 0 0 0 0 0 0 0 0 0 0 0 0 chenyu 3Сʱ_mousemovements
0 0 0 0 0 0 0 0 0 0 0 0 0 0 0 0 0 0 0 0 0 0 0 0 0 0 0 0 0 0 0 0 0 0 0 0 0 0 0 0 0 0 0 chenyu 3Сʱ_mousemovements
0 0 0 0 0 0 0 0 0 0 0 0 0 0 0 0 0 0 0 0 0 0 0 0 0 0 0 0 0 0 0 0 0 0 0 0 0 0 0 0 0 0 0 chenyu 3Сʱ_mousemovements
0 0 0 0 0 0 0 0 0 0 0 0 0 0 0 0 0 0 0 0 0 0 0 0 0 0 0 0 0 0 0 0 0 0 0 0 0 0 0 0 0 0 0 chenyu 3Сʱ_mousemovements
0 0 0 0 0 0 0 0 0 0 0 0 0 0 0 0 0 0 0 0 0 0 0 0 0.0 0 0 1.0 0.0 0.0 0 0 0 0 0 0 0 0 1.0 0.0 0.0 0.0 0.0 chenyu 3Сʱ_mousemovements
161.5975425 302.24848433333335 576.087769 717.2574155 340.812653 0 1940.295166 1510.9572145 313.1105394 268.732178 275.668365 1505.3170775 253.248167 76.5893605 720.4049806666667 785.8366245 0.2777777777777778 0.05555555555555555 0.05555555555555555 0.1111111111111111 0.1111111111111111 0.1111111111111111 0.16666666666666666 0.1111111111111111 156.21514951851853 0 153.93322385714285 0.8852459016393442 0.0 0.11475409836065574 0.4444444444444444 0.16666666666666666 0.05555555555555555 0.1111111111111111 0.05555555555555555 0.0 0.05555555555555555 0.1111111111111111 0.5740740740740741 0.24074074074074073 0.14814814814814814 0.037037037037037035 0.0 chenyu 3Сʱ_mousemovements
79.95275918181818 0 0 0 0 0 328.187988 0 328.187988 0 0 117.80379450000001 0 74.71257685714285 60.442362 0 0.08333333333333333 0.0 0.0 0.16666666666666666 0.0 0.5833333333333334 0.16666666666666666 0.0 16.913083673076923 0 328.187988 0.9811320754716981 0.0 0.018867924528301886 0.9166666666666666 0.0 0.0 0.0 0.0 0.0 0.08333333333333333 0.0 0.56 0.2 0.1 0.08 0.06 chenyu 3Сʱ_mousemovements
221.6436253846154 474.41918940000005 646.866821 723.6067350000001 352.344727 1294.524414 1427.263062 2728.878418 211.61999033333336 1037.0649415 2728.878418 483.02017642857146 434.29433566666665 217.37044766666665 437.4052715 313.464523 0.12 0.08 0.04 0.28 0.12 0.12 0.16 0.08 171.19431283561647 0 163.342288 0.948051948051948 0.0 0.05194805194805195 0.52 0.2 0.04 0.08 0.04 0.04 0.04 0.04 0.45714285714285713 0.3 0.14285714285714285 0.08571428571428572 0.014285714285714285 chenyu 3Сʱ_mousemovements
202.78538006666668 426.23724400000003 795.92372125 1299.097168 0 0 0 0 317.3318292 540.7455258333333 0 260.76239 389.064209 236.528107 0 162.5874905 0.22727272727272727 0.2727272727272727 0.0 0.045454545454545456 0.3181818181818182 0.045454545454545456 0.0 0.09090909090909091 140.18847493103448 0 123.05784799999999 0.9666666666666667 0.0 0.03333333333333333 0.6818181818181818 0.09090909090909091 0.18181818181818182 0.045454545454545456 0.0 0.0 0.0 0.0 0.5 0.26 0.08 0.04 0.12 chenyu 3Сʱ_mousemovements
182.2522927 895.7900033333334 0 1166.491699 1408.014526 873.56605 0 0 155.865326 667.9660339999999 0 1408.014526 104.35281900000001 504.6623955 299.8094215 560.058989 0.07142857142857142 0.10714285714285714 0.0 0.03571428571428571 0.21428571428571427 0.14285714285714285 0.21428571428571427 0.21428571428571427 167.40597735937502 0 271.21256266666666 0.9552238805970149 0.0 0.04477611940298507 0.7142857142857143 0.10714285714285714 0.0 0.03571428571428571 0.03571428571428571 0.10714285714285714 0.0 0.0 0.5555555555555556 0.1746031746031746 0.1746031746031746 0.07936507936507936 0.015873015873015872 chenyu 3Сʱ_mousemovements
0 0 0 0 0 0 0 0 0 0 0 0 0 0 0 0 0 0 0 0 0 0 0 0 0.0 0 0 1.0 0.0 0.0 0 0 0 0 0 0 0 0 0 0 0 0 0 chenyu 3Сʱ_mousemovements
0 0 0 0 0 0 0 0 0 0 0 0 0 0 0 0 0 0 0 0 0 0 0 0 0 0 0 0 0 0 0 0 0 0 0 0 0 0 0 0 0 0 0 chenyu 3Сʱ_mousemovements
92.79528566666666 585.1957523333334 0 0 849.684753 0 0 0 110.668495 0 0 637.09552 0 928.7539975 96.061363375 66.666664 0.07692307692307693 0.0 0.0 0.07692307692307693 0.0 0.15384615384615385 0.6153846153846154 0.07692307692307693 92.4933635 0 110.668495 0.972972972972973 0.0 0.02702702702702703 0.6923076923076923 0.23076923076923078 0.0 0.0 0.07692307692307693 0.0 0.0 0.0 0.5483870967741935 0.22580645161290322 0.0967741935483871 0.06451612903225806 0.06451612903225806 chenyu 3Сʱ_mousemovements
160.3355538333333 459.92925675000004 527.60878 1230.718994 446.520813 0 0 0 254.45649420000004 0 662.158188 648.2732546666666 172.1225433333333 135.04052744444442 152.27526414285714 360.38328299999995 0.15625 0.0 0.0625 0.09375 0.09375 0.28125 0.21875 0.09375 102.12124685526315 0 131.802585 0.9382716049382716 0.0 0.06172839506172839 0.75 0.125 0.0625 0.03125 0.03125 0.0 0.0 0.0 0.4861111111111111 0.2361111111111111 0.16666666666666666 0.05555555555555555 0.05555555555555555 chenyu 3Сʱ_mousemovements
192.72296658333326 368.868713 467.5184635 933.367859 0 0 1010.44104 0 0 192.1722205 0 282.6707575 0 218.3792973333333 381.66455966666666 1010.44104 0.0 0.11764705882352941 0.0 0.11764705882352941 0.0 0.35294117647058826 0.35294117647058826 0.058823529411764705 91.19897169230768 12.2706 198.3756025 0.896551724137931 0.034482758620689655 0.06896551724137931 0.7058823529411765 0.058823529411764705 0.11764705882352941 0.058823529411764705 0.0 0.0 0.058823529411764705 0.0 0.5384615384615384 0.25 0.09615384615384616 0.11538461538461539 0.0 chenyu 3Сʱ_mousemovements
141.27926399999998 252.750961 0 757.317322 408.295532 0 0 0 0 365.1787415 877.92627 89.447506 251.0460205 365.1280913333333 83.1960768 0 0.0 0.09090909090909091 0.045454545454545456 0.09090909090909091 0.18181818181818182 0.13636363636363635 0.45454545454545453 0.0 71.44140869491527 9.065472 247.29965199999998 0.9516129032258065 0.016129032258064516 0.03225806451612903 0.8181818181818182 0.045454545454545456 0.0 0.09090909090909091 0.045454545454545456 0.0 0.0 0.0 0.625 0.16071428571428573 0.14285714285714285 0.03571428571428571 0.03571428571428571 chenyu 3Сʱ_mousemovements
148.64295475757578 807.642456 0 721.361862 0 2249.904297 479.814209 0 1528.7733765 0 0 671.9813615 214.0862137 239.58549325 118.33267599999999 119.82726658333335 0.05263157894736842 0.0 0.0 0.05263157894736842 0.2631578947368421 0.10526315789473684 0.21052631578947367 0.3157894736842105 101.13427939784948 0 479.814209 0.9893617021276596 0.0 0.010638297872340425 0.868421052631579 0.02631578947368421 0.0 0.05263157894736842 0.0 0.02631578947368421 0.02631578947368421 0.0 0.6551724137931034 0.14942528735632185 0.12643678160919541 0.034482758620689655 0.034482758620689655 chenyu 3Сʱ_mousemovements
157.08841804347827 239.806091 428.5837706666667 271.165771 467.6881916666666 918.419983 0 0 234.6958845 267.5791958888889 255.56736949999998 176.3016015 344.4968766 280.17931350000003 50.075603 184.10891777777778 0.0625 0.28125 0.0625 0.0625 0.15625 0.0625 0.03125 0.28125 63.05135217171717 0 165.46194244444445 0.9166666666666666 0.0 0.08333333333333333 0.71875 0.03125 0.09375 0.03125 0.09375 0.03125 0.0 0.0 0.5294117647058824 0.22549019607843138 0.16666666666666666 0.049019607843137254 0.029411764705882353 chenyu 3Сʱ_mousemovements
0 0 806.43103 0 0 0 0 0 0 0 0 806.43103 0 0 0 0 0.0 0.0 0.0 1.0 0.0 0.0 0.0 0.0 115.20443285714285 0 0 1.0 0.0 0.0 0.0 0.0 1.0 0.0 0.0 0.0 0.0 0.0 0.3333333333333333 0.16666666666666666 0.3333333333333333 0.16666666666666666 0.0 chenyu 3Сʱ_mousemovements
0 0 0 0 0 0 0 0 0 0 0 0 0 0 0 0 0 0 0 0 0 0 0 0 0 0 0 0 0 0 0 0 0 0 0 0 0 0 0 0 0 0 0 chenyu 3Сʱ_mousemovements
0 0 0 0 0 0 0 0 0 0 0 0 0 0 0 0 0 0 0 0 0 0 0 0 0 0 0 0 0 0 0 0 0 0 0 0 0 0 0 0 0 0 0 chenyu 3Сʱ_mousemovements
0 0 0 0 0 0 0 0 0 0 0 0 0 0 0 0 0 0 0 0 0 0 0 0 0 0 0 0 0 0 0 0 0 0 0 0 0 0 0 0 0 0 0 chenyu 3Сʱ_mousemovements
0 0 0 0 0 0 0 0 0 0 0 0 0 0 0 0 0 0 0 0 0 0 0 0 0 0 0 0 0 0 0 0 0 0 0 0 0 0 0 0 0 0 0 chenyu 3Сʱ_mousemovements
138.3931431818182 204.73432549999998 336.774445 1030.282837 0 340.614197 968.134766 1648.55188 106.64271316666667 454.81369357142864 1030.282837 968.134766 0 340.614197 0 46.7837085 0.3333333333333333 0.3888888888888889 0.05555555555555555 0.05555555555555555 0.0 0.05555555555555555 0.0 0.1111111111111111 103.88808496226416 0 250.027616 0.9464285714285714 0.0 0.05357142857142857 0.6111111111111112 0.1111111111111111 0.05555555555555555 0.05555555555555555 0.0 0.05555555555555555 0.05555555555555555 0.05555555555555555 0.5283018867924528 0.18867924528301888 0.16981132075471697 0.09433962264150944 0.018867924528301886 chenyu 3Сʱ_mousemovements
102.20399705 161.132095 0 487.6310933333334 0 646.5752156666666 0 971.309204 70.760645 458.9375 311.473129 0 77.4654715 286.4457486666667 53.437937500000004 597.3567275 0.14285714285714285 0.10714285714285714 0.07142857142857142 0.0 0.14285714285714285 0.32142857142857145 0.14285714285714285 0.07142857142857142 71.01850587837836 0 220.62845533333336 0.925 0.0 0.075 0.7142857142857143 0.03571428571428571 0.0 0.10714285714285714 0.0 0.10714285714285714 0.0 0.03571428571428571 0.5066666666666667 0.26666666666666666 0.13333333333333333 0.06666666666666667 0.02666666666666667 chenyu 3Сʱ_mousemovements
101.61712200000001 0 866.16160575 0 0 0 0 846.208842 0 473.2958375 1024.547852 1187.131317 0 307.289589 497.70343 317.35222266666665 0.0 0.18181818181818182 0.09090909090909091 0.18181818181818182 0.0 0.18181818181818182 0.09090909090909091 0.2727272727272727 137.24403617073168 0 260.9119846666667 0.9318181818181818 0.0 0.06818181818181818 0.36363636363636365 0.0 0.36363636363636365 0.0 0.0 0.0 0.0 0.2727272727272727 0.5789473684210527 0.18421052631578946 0.13157894736842105 0.07894736842105263 0.02631578947368421 chenyu 3Сʱ_mousemovements
87.26968500000001 305.871231 256.083527 0 0 0 614.399597 0 0 614.399597 204.126495 207.00626633333331 88.27144799999999 129.23074599999998 453.226898 38.839019666666665 0.0 0.07142857142857142 0.07142857142857142 0.21428571428571427 0.14285714285714285 0.21428571428571427 0.07142857142857142 0.21428571428571427 46.29061526470588 453.226898 182.13872166666667 0.8947368421052632 0.02631578947368421 0.07894736842105263 0.6428571428571429 0.21428571428571427 0.07142857142857142 0.0 0.0 0.0 0.07142857142857142 0.0 0.6451612903225806 0.16129032258064516 0.16129032258064516 0.0 0.03225806451612903 chenyu 3Сʱ_mousemovements
113.8478325909091 361.784912 495.74427299999996 988.759827 610.790771 833.257263 0 1906.7194825000001 202.987474 67.734192 764.2506103333335 949.9433476666667 318.59552 763.5951943333333 227.81553157142858 208.08240916666662 0.16666666666666666 0.027777777777777776 0.08333333333333333 0.08333333333333333 0.027777777777777776 0.08333333333333333 0.19444444444444445 0.3333333333333333 124.43574857291668 263.164276 230.08087625000002 0.9504950495049505 0.009900990099009901 0.039603960396039604 0.6111111111111112 0.1111111111111111 0.08333333333333333 0.027777777777777776 0.05555555555555555 0.05555555555555555 0.0 0.05555555555555555 0.4158415841584158 0.33663366336633666 0.15841584158415842 0.0594059405940594 0.0297029702970297 chenyu 3Сʱ_mousemovements
0 460.917084 351.30021166666666 0 0 0 0 0 0 448.346893 460.917084 0 0 250.725525 0 354.828217 0.0 0.25 0.25 0.0 0.0 0.25 0.0 0.25 58.267521499999994 0 349.536209 0.875 0.0 0.125 0.0 0.25 0.75 0.0 0.0 0.0 0.0 0.0 0.5333333333333333 0.2 0.06666666666666667 0.13333333333333333 0.06666666666666667 chenyu 3Сʱ_mousemovements
0 0 1078.001221 361.80542 0 0 0 0 0 282.00766 1078.001221 0 0 0 441.60318 0 0.0 0.3333333333333333 0.3333333333333333 0.0 0.0 0.0 0.3333333333333333 0.0 119.77791344444444 0 361.80542 0.8181818181818182 0.0 0.18181818181818182 0.0 0.0 0.3333333333333333 0.6666666666666666 0.0 0.0 0.0 0.0 0.75 0.125 0.0 0.0 0.125 chenyu 3Сʱ_mousemovements
98.08097975000001 0 438.554825 0 0 0 0 0 166.593491 185.60466 319.363068 0 0 0 557.746582 20.062884 0.16666666666666666 0.16666666666666666 0.16666666666666666 0.0 0.0 0.0 0.16666666666666666 0.3333333333333333 50.17947678571428 283.460447 0 0.875 0.125 0.0 0.6666666666666666 0.0 0.3333333333333333 0.0 0.0 0.0 0.0 0.0 0.7333333333333333 0.2 0.0 0.06666666666666667 0.0 chenyu 3Сʱ_mousemovements
0 0 0 0 0 0 0 0 0 0 0 0 0 0 0 0 0 0 0 0 0 0 0 0 0 0 0 0 0 0 0 0 0 0 0 0 0 0 0 0 0 0 0 chenyu 3Сʱ_mousemovements
0 0 0 0 0 0 0 0 0 0 0 0 0 0 0 0 0 0 0 0 0 0 0 0 0 0 0 0 0 0 0 0 0 0 0 0 0 0 0 0 0 0 0 chenyu 3Сʱ_mousemovements
0 0 0 0 0 0 0 0 0 0 0 0 0 0 0 0 0 0 0 0 0 0 0 0 0 0 0 0 0 0 0 0 0 0 0 0 0 0 0 0 0 0 0 chenyu 3Сʱ_mousemovements
0 0 0 0 0 0 0 0 0 0 0 0 0 0 0 0 0 0 0 0 0 0 0 0 0 0 0 0 0 0 0 0 0 0 0 0 0 0 0 0 0 0 0 chenyu 3Сʱ_mousemovements
0 0 0 0 0 0 0 0 0 0 0 0 0 0 0 0 0 0 0 0 0 0 0 0 0 0 0 0 0 0 0 0 0 0 0 0 0 0 0 0 0 0 0 chenyu 3Сʱ_mousemovements
0 0 0 0 0 0 0 0 0 0 0 0 0 0 0 0 0 0 0 0 0 0 0 0 0 0 0 0 0 0 0 0 0 0 0 0 0 0 0 0 0 0 0 chenyu 3Сʱ_mousemovements
0 0 0 0 0 0 0 0 0 0 0 0 0 0 0 0 0 0 0 0 0 0 0 0 0 0 0 0 0 0 0 0 0 0 0 0 0 0 0 0 0 0 0 chenyu 3Сʱ_mousemovements
0 0 0 0 0 0 0 0 0 0 0 0 0 0 0 0 0 0 0 0 0 0 0 0 0 0 0 0 0 0 0 0 0 0 0 0 0 0 0 0 0 0 0 chenyu 3Сʱ_mousemovements
0 0 0 0 0 0 0 0 0 0 0 0 0 0 0 0 0 0 0 0 0 0 0 0 0 0 0 0 0 0 0 0 0 0 0 0 0 0 0 0 0 0 0 chenyu 3Сʱ_mousemovements
0 0 0 0 0 0 0 0 0 0 0 0 0 0 0 0 0 0 0 0 0 0 0 0 0 0 0 0 0 0 0 0 0 0 0 0 0 0 0 0 0 0 0 chenyu 3Сʱ_mousemovements
196.08177585714287 529.470459 0 455.9847105 1521.171631 2388.633789 1908.425537 0 0 557.566895 91.859818 1686.1676025000002 160.355118 9.065472 293.1389098 1511.456543 0.0 0.07142857142857142 0.07142857142857142 0.2857142857142857 0.07142857142857142 0.07142857142857142 0.35714285714285715 0.07142857142857142 180.22054967307693 9.065472 290.0336875 0.9122807017543859 0.017543859649122806 0.07017543859649122 0.5 0.07142857142857142 0.0 0.14285714285714285 0.07142857142857142 0.07142857142857142 0.14285714285714285 0.0 0.5636363636363636 0.23636363636363636 0.07272727272727272 0.09090909090909091 0.03636363636363636 chenyu 3Сʱ_mousemovements
192.88623765000003 1366.0225835 424.94609049999997 812.0159196666667 1111.2577820000001 789.679749 0 1344.029663 133.9153575 680.5532759999999 777.2153930000001 536.3850618333332 699.7285256666668 213.38893057142855 507.6640658 168.96071999999998 0.06451612903225806 0.12903225806451613 0.06451612903225806 0.1935483870967742 0.0967741935483871 0.22580645161290322 0.16129032258064516 0.06451612903225806 152.8991906190476 0 277.68056479999996 0.9438202247191011 0.0 0.056179775280898875 0.6451612903225806 0.06451612903225806 0.06451612903225806 0.0967741935483871 0.06451612903225806 0.03225806451612903 0.0 0.03225806451612903 0.4823529411764706 0.24705882352941178 0.1411764705882353 0.09411764705882353 0.03529411764705882 chenyu 3Сʱ_mousemovements
105.11991149999999 224.07448599999998 329.98526 0 0 922.612549 0 0 179.85824025 0 425.490209 0 111.47267216666665 135.74167999999997 163.07603616666668 92.800751 0.16666666666666666 0.0 0.125 0.0 0.25 0.16666666666666666 0.25 0.041666666666666664 87.32578181632654 0 0 1.0 0.0 0.0 0.6666666666666666 0.25 0.041666666666666664 0.0 0.0 0.041666666666666664 0.0 0.0 0.34146341463414637 0.2926829268292683 0.21951219512195122 0.0975609756097561 0.04878048780487805 chenyu 3Сʱ_mousemovements
189.194526875 301.984436 417.52500933333334 676.662476 293.540436 1018.134216 677.414612 780.051575 328.58879475 12.820513 301.984436 655.8373260000001 518.6674805 167.365585 419.676224 780.051575 0.2222222222222222 0.05555555555555555 0.05555555555555555 0.1111111111111111 0.1111111111111111 0.1111111111111111 0.2777777777777778 0.05555555555555555 125.59398199999998 12.820513 341.469325 0.9245283018867925 0.018867924528301886 0.05660377358490566 0.4444444444444444 0.05555555555555555 0.16666666666666666 0.05555555555555555 0.05555555555555555 0.05555555555555555 0.1111111111111111 0.05555555555555555 0.4583333333333333 0.20833333333333334 0.20833333333333334 0.041666666666666664 0.08333333333333333 chenyu 3Сʱ_mousemovements
135.57084312499998 478.71740725 415.0915426666667 0 1017.546082 0 1392.941528 0 848.7464140000001 363.9809845 273.988831 0 302.44335950000004 416.30738833333334 211.606842 345.883728 0.11764705882352941 0.23529411764705882 0.058823529411764705 0.0 0.23529411764705882 0.17647058823529413 0.11764705882352941 0.058823529411764705 136.83433502083332 0 43.5752655 0.96 0.0 0.04 0.47058823529411764 0.23529411764705882 0.17647058823529413 0.0 0.058823529411764705 0.0 0.058823529411764705 0.0 0.3877551020408163 0.22448979591836735 0.2857142857142857 0.02040816326530612 0.08163265306122448 chenyu 3Сʱ_mousemovements
96.33563842105262 217.1064265 404.82889300000005 716.6069739999999 772.080017 0 0 0 678.7977293333333 724.668152 0 86.88534566666668 164.77753049999998 88.1688245 183.0924369 127.77767433333334 0.10714285714285714 0.03571428571428571 0.0 0.10714285714285714 0.21428571428571427 0.07142857142857142 0.35714285714285715 0.10714285714285714 90.72055108571429 0 25.269512499999998 0.9722222222222222 0.0 0.027777777777777776 0.6785714285714286 0.07142857142857142 0.10714285714285714 0.10714285714285714 0.03571428571428571 0.0 0.0 0.0 0.42857142857142855 0.2698412698412698 0.19047619047619047 0.06349206349206349 0.047619047619047616 chenyu 3Сʱ_mousemovements
83.70013768965515 929.6594545 201.956512 0 0 942.472839 421.491882 0 421.491882 185.598404 499.7778985 0 0 154.6016495833333 58.32561583333333 329.89351475 0.029411764705882353 0.08823529411764706 0.058823529411764705 0.0 0.0 0.35294117647058826 0.35294117647058826 0.11764705882352941 63.97582494047619 0 239.28742 0.9767441860465116 0.0 0.023255813953488372 0.8529411764705882 0.058823529411764705 0.029411764705882353 0.0 0.0 0.029411764705882353 0.029411764705882353 0.0 0.4675324675324675 0.2987012987012987 0.11688311688311688 0.07792207792207792 0.03896103896103896 chenyu 3Сʱ_mousemovements
321.3687425 562.876587 1123.3848265 424.42709349999996 0 2148.962402 0 0 0 232.363929 890.6721305 1585.802368 629.0322725 420.41806 389.619629 0 0.0 0.35714285714285715 0.2857142857142857 0.07142857142857142 0.14285714285714285 0.07142857142857142 0.07142857142857142 0.0 193.7483014146341 0 217.36620549999998 0.9534883720930233 0.0 0.046511627906976744 0.5714285714285714 0.07142857142857142 0.14285714285714285 0.14285714285714285 0.0 0.07142857142857142 0.0 0.0 0.5641025641025641 0.20512820512820512 0.15384615384615385 0.02564102564102564 0.05128205128205128 chenyu 3Сʱ_mousemovements
94.4579646 878.66817275 281.817833 0 0 1384.946411 2453.361572 558.689819 68.786919 1422.581654 244.9715575 143.649269 91.8857955 575.6868846666666 327.139698 134.647385 0.05263157894736842 0.21052631578947367 0.10526315789473684 0.10526315789473684 0.21052631578947367 0.15789473684210525 0.10526315789473684 0.05263157894736842 143.80524328070175 0 152.87336725000003 0.8769230769230769 0.0 0.12307692307692308 0.5263157894736842 0.21052631578947367 0.10526315789473684 0.0 0.0 0.05263157894736842 0.05263157894736842 0.05263157894736842 0.6610169491525424 0.13559322033898305 0.1694915254237288 0.03389830508474576 0.0 chenyu 3Сʱ_mousemovements
0 0 0 0 0 0 0 0 0 0 0 0 0 0 0 0 0 0 0 0 0 0 0 0 0 0 0 0 0 0 0 0 0 0 0 0 0 0 0 0 0 0 0 chenyu 3Сʱ_mousemovements
0 0 0 0 0 0 0 0 0 0 0 0 0 0 0 0 0 0 0 0 0 0 0 0 0 0 0 0 0 0 0 0 0 0 0 0 0 0 0 0 0 0 0 chenyu 3Сʱ_mousemovements
0 0 0 0 0 0 0 0 0 0 0 0 0 0 0 0 0 0 0 0 0 0 0 0 0 0 0 0 0 0 0 0 0 0 0 0 0 0 0 0 0 0 0 chenyu 3Сʱ_mousemovements
0 0 0 0 0 0 0 0 0 0 0 0 0 0 0 0 0 0 0 0 0 0 0 0 0 0 0 0 0 0 0 0 0 0 0 0 0 0 0 0 0 0 0 chenyu 3Сʱ_mousemovements
