131.33087759999998 453.7048035 603.75058 150.191193 0 849.257772 0 0 578.684265 0 150.191193 345.3493575 192.02507671428572 236.0280075 670.152532 439.96036549999997 0.05555555555555555 0.0 0.05555555555555555 0.1111111111111111 0.3888888888888889 0.1111111111111111 0.16666666666666666 0.1111111111111111 81.9701246 150.191193 268.2123755714286 0.8620689655172413 0.017241379310344827 0.1206896551724138 0.5555555555555556 0.1111111111111111 0.1111111111111111 0.05555555555555555 0.0 0.16666666666666666 0.0 0.0 0.673469387755102 0.14285714285714285 0.08163265306122448 0.08163265306122448 0.02040816326530612 wanghe 3Сʱ_mousemovements
139.0567245 304.6748655 0 0 0 0 0 0 0 0.0 0 379.257019 181.226898 0 187.5 208.796356 0.0 0.16666666666666666 0.0 0.16666666666666666 0.16666666666666666 0.0 0.16666666666666666 0.3333333333333333 34.764181125 0 304.6748655 0.8888888888888888 0.0 0.1111111111111111 0.6666666666666666 0.3333333333333333 0.0 0.0 0.0 0.0 0.0 0.0 0.625 0.0625 0.25 0.0625 0.0 wanghe 3Сʱ_mousemovements
163.8392358888889 0 1455.134277 529.5636295 0 912.4129635 546.437317 0 673.901611 164.49430866666665 718.273438 443.7944243333334 0 218.435684 555.570035 351.1604155 0.06666666666666667 0.2 0.06666666666666667 0.2 0.0 0.06666666666666667 0.26666666666666666 0.13333333333333333 134.84439657894737 0 308.99770824999996 0.9047619047619048 0.0 0.09523809523809523 0.6 0.0 0.06666666666666667 0.13333333333333333 0.0 0.13333333333333333 0.06666666666666667 0.0 0.4722222222222222 0.25 0.16666666666666666 0.08333333333333333 0.027777777777777776 wanghe 3Сʱ_mousemovements
116.49283175 139.833038 400.062149 817.7779235 404.6768098 674.0707396666667 0 0 0 101.68438499999999 206.817917 370.8535716666666 584.6462935 1101.331177 339.56471766666664 368.5742906666667 0.0 0.11764705882352941 0.058823529411764705 0.17647058823529413 0.23529411764705882 0.058823529411764705 0.17647058823529413 0.17647058823529413 26.776609333333333 177.304962 389.3992132307692 0.8313253012048193 0.012048192771084338 0.1566265060240964 0.23529411764705882 0.058823529411764705 0.11764705882352941 0.11764705882352941 0.29411764705882354 0.17647058823529413 0.0 0.0 0.6197183098591549 0.11267605633802817 0.056338028169014086 0.09859154929577464 0.11267605633802817 wanghe 3Сʱ_mousemovements
166.4046706875 417.566742 309.25940090000006 481.1398925 1148.1873474 1164.583862 538.47249625 1589.9555053333333 628.8054831428572 376.7215027272727 677.9983138 194.70848075 336.23484879999995 397.75813850000003 391.27162666666663 427.3199807142857 0.1044776119402985 0.16417910447761194 0.07462686567164178 0.11940298507462686 0.14925373134328357 0.23880597014925373 0.04477611940298507 0.1044776119402985 134.17819992485553 68.60668533333333 233.30112547058823 0.8963730569948186 0.015544041450777202 0.08808290155440414 0.47761194029850745 0.14925373134328357 0.14925373134328357 0.029850746268656716 0.07462686567164178 0.014925373134328358 0.05970149253731343 0.04477611940298507 0.47530864197530864 0.30246913580246915 0.12345679012345678 0.08024691358024691 0.018518518518518517 wanghe 3Сʱ_mousemovements
119.409582 344.1250672 370.7601015 587.47673025 0 1014.216614 676.802124 0 0 363.3938673333334 420.6735023333333 92.991135 664.9610445000001 273.6488558 209.52947350000002 1057.811401 0.0 0.14285714285714285 0.14285714285714285 0.047619047619047616 0.09523809523809523 0.23809523809523808 0.2857142857142857 0.047619047619047616 98.99142168750001 10.638298 185.376428 0.9014084507042254 0.014084507042253521 0.08450704225352113 0.38095238095238093 0.23809523809523808 0.09523809523809523 0.19047619047619047 0.0 0.047619047619047616 0.047619047619047616 0.0 0.5901639344262295 0.14754098360655737 0.09836065573770492 0.08196721311475409 0.08196721311475409 wanghe 3Сʱ_mousemovements
0 0 0 0 0 0 0 0 0 0 0 0 0 0 0 0 0 0 0 0 0 0 0 0 0 0 0 0 0 0 0 0 0 0 0 0 0 0 0 0 0 0 0 wanghe 3Сʱ_mousemovements
114.66449407407409 263.7304 0 0 1037.094279 962.966492 1564.216492 0 1211.027586 698.588496 317.37637325000003 91.88603825000001 253.673768 195.95883166666667 266.97129466666667 275.024592 0.05405405405405406 0.08108108108108109 0.10810810810810811 0.21621621621621623 0.21621621621621623 0.16216216216216217 0.08108108108108109 0.08108108108108109 91.08399901075269 0 411.8190492857143 0.93 0.0 0.07 0.7297297297297297 0.10810810810810811 0.0 0.0 0.08108108108108109 0.02702702702702703 0.05405405405405406 0.0 0.5555555555555556 0.2839506172839506 0.09876543209876543 0.037037037037037035 0.024691358024691357 wanghe 3Сʱ_mousemovements
78.64890100000001 300.510086 320.536804 741.7621863333334 0 0 1430.020508 1747.040039 0 616.3237700000001 330.26996866666667 38.0189695 117.021278 920.6620226666665 225.19788733333334 43.028168 0.0 0.15789473684210525 0.15789473684210525 0.10526315789473684 0.05263157894736842 0.15789473684210525 0.3157894736842105 0.05263157894736842 112.22924434693878 70.674301 387.11510450000003 0.8909090909090909 0.03636363636363636 0.07272727272727272 0.5789473684210527 0.10526315789473684 0.05263157894736842 0.15789473684210525 0.0 0.0 0.05263157894736842 0.05263157894736842 0.5918367346938775 0.22448979591836735 0.12244897959183673 0.04081632653061224 0.02040816326530612 wanghe 3Сʱ_mousemovements
266.41303230769233 323.50196800000003 0 451.505219 933.339539 0 0 0 188.844604 190.038376 713.4128649999999 177.72319800000002 144.0 158.94625100000002 261.6568595 370.71006766666665 0.058823529411764705 0.058823529411764705 0.17647058823529413 0.11764705882352941 0.058823529411764705 0.11764705882352941 0.23529411764705882 0.17647058823529413 129.15535338461535 0 458.159332 0.975 0.0 0.025 0.7647058823529411 0.11764705882352941 0.0 0.058823529411764705 0.058823529411764705 0.0 0.0 0.0 0.625 0.09375 0.125 0.0625 0.09375 wanghe 3Сʱ_mousemovements
234.52491008333334 232.64605125 0 300.689484 727.3547365 2140.213867 0 2026.065308 315.324814 1414.6886595 127.38042200000001 283.36159016666664 21.276596 251.912155 835.4976543333333 448.18059666666664 0.09523809523809523 0.09523809523809523 0.14285714285714285 0.2857142857142857 0.047619047619047616 0.047619047619047616 0.14285714285714285 0.14285714285714285 200.1991245111111 74.106697 169.79575366666668 0.9 0.04 0.06 0.5714285714285714 0.19047619047619047 0.0 0.047619047619047616 0.09523809523809523 0.047619047619047616 0.0 0.047619047619047616 0.5897435897435898 0.2564102564102564 0.05128205128205128 0.07692307692307693 0.02564102564102564 wanghe 3Сʱ_mousemovements
142.44368269642857 540.1876728888889 537.78045675 807.479245 735.0049946666667 661.703186 1478.057129 1440.3541260000002 289.5543244 556.6348289166666 251.52492584615388 305.3822782857143 363.7879256875 424.5337755 282.99144923076926 393.20416857142857 0.05747126436781609 0.13793103448275862 0.14942528735632185 0.08045977011494253 0.1839080459770115 0.16091954022988506 0.14942528735632185 0.08045977011494253 123.282276974026 64.0914234 162.86800794444446 0.9094488188976378 0.01968503937007874 0.07086614173228346 0.6436781609195402 0.10344827586206896 0.04597701149425287 0.11494252873563218 0.034482758620689655 0.011494252873563218 0.011494252873563218 0.034482758620689655 0.45454545454545453 0.3090909090909091 0.14545454545454545 0.06363636363636363 0.02727272727272727 wanghe 3Сʱ_mousemovements
308.00259783333337 1035.3628845 0 1215.354126 815.044637 0 524.729492 738.90155 1178.884521 31.914894 738.90155 0 287.14765320000004 809.1197815 771.2561036666666 1525.41333 0.07142857142857142 0.07142857142857142 0.07142857142857142 0.0 0.35714285714285715 0.14285714285714285 0.21428571428571427 0.07142857142857142 284.2240497096774 15.957447 0 0.9393939393939394 0.06060606060606061 0.0 0.42857142857142855 0.14285714285714285 0.0 0.07142857142857142 0.21428571428571427 0.0 0.07142857142857142 0.07142857142857142 0.5833333333333334 0.16666666666666666 0.125 0.041666666666666664 0.08333333333333333 wanghe 3Сʱ_mousemovements
180.7773176818182 251.11673879999998 667.3098605 437.1052956666667 754.1394043333333 1672.2526552499999 1132.3351236666667 1055.9693605 460.288727 475.18879400000003 425.2830366666667 314.07991000000004 555.8253908181819 757.6258163333333 398.2814926666667 468.84843333333333 0.045454545454545456 0.11363636363636363 0.13636363636363635 0.045454545454545456 0.25 0.13636363636363635 0.13636363636363635 0.13636363636363635 165.02269245454548 170.79655000000002 416.56428712499996 0.8943089430894309 0.04065040650406504 0.06504065040650407 0.5 0.11363636363636363 0.045454545454545456 0.06818181818181818 0.06818181818181818 0.09090909090909091 0.06818181818181818 0.045454545454545456 0.5462962962962963 0.3055555555555556 0.08333333333333333 0.037037037037037035 0.027777777777777776 wanghe 3Сʱ_mousemovements
159.40784782692305 382.20340314285716 681.2167317272729 720.6518372 1257.3281250000002 834.0791624999999 712.3676145 1785.048218 503.7416349999999 500.484896625 696.8699107333333 306.42347062500005 274.7182492666667 487.73511149999996 225.9492656875 187.0427204285714 0.12631578947368421 0.08421052631578947 0.15789473684210525 0.08421052631578947 0.15789473684210525 0.14736842105263157 0.16842105263157894 0.07368421052631578 140.7328758205128 62.3182725 290.5981703157894 0.9034749034749034 0.023166023166023165 0.07335907335907337 0.5473684210526316 0.14736842105263157 0.11578947368421053 0.05263157894736842 0.06315789473684211 0.042105263157894736 0.021052631578947368 0.010526315789473684 0.5065502183406113 0.3056768558951965 0.10480349344978165 0.043668122270742356 0.039301310043668124 wanghe 3Сʱ_mousemovements
98.0342914 417.5608545 574.3780761999999 648.09137 1173.753784 1493.2876993333332 819.7877805 477.687988 567.483032 492.96766683333334 719.2372895 2074.373291 373.149465 361.08123363636366 506.4900816666666 130.5281905 0.027777777777777776 0.16666666666666666 0.1111111111111111 0.027777777777777776 0.1388888888888889 0.3055555555555556 0.16666666666666666 0.05555555555555555 140.5750017307692 0 299.4449068 0.9122807017543859 0.0 0.08771929824561403 0.4166666666666667 0.16666666666666666 0.1388888888888889 0.027777777777777776 0.08333333333333333 0.08333333333333333 0.05555555555555555 0.027777777777777776 0.49523809523809526 0.23809523809523808 0.12380952380952381 0.10476190476190476 0.0380952380952381 wanghe 3Сʱ_mousemovements
129.35528828 315.6124783 518.1843563333333 797.774994 1611.7062375 1231.387817 1372.4957047500002 673.5680848 718.1494602500001 382.96483885714287 903.8713250000001 285.947235 267.17197899999996 566.5998224166666 354.4272280833333 260.1440376666667 0.0784313725490196 0.13725490196078433 0.058823529411764705 0.0196078431372549 0.17647058823529413 0.23529411764705882 0.23529411764705882 0.058823529411764705 125.37954659183673 149.32553259999997 262.52232642857143 0.8855421686746988 0.030120481927710843 0.08433734939759036 0.4807692307692308 0.19230769230769232 0.057692307692307696 0.038461538461538464 0.038461538461538464 0.019230769230769232 0.07692307692307693 0.09615384615384616 0.5103448275862069 0.21379310344827587 0.14482758620689656 0.06206896551724138 0.06896551724137931 wanghe 3Сʱ_mousemovements
270.63600433333335 1018.201904 292.78835300000003 1120.308228 183.638977 0 0 0 0 366.97861175 479.70494099999996 85.260017 437.5706825 202.41770150000002 0 675.747375 0.0 0.2857142857142857 0.14285714285714285 0.07142857142857142 0.2857142857142857 0.14285714285714285 0.0 0.07142857142857142 111.3429233902439 9.174312 256.4052276666667 0.9111111111111111 0.022222222222222223 0.06666666666666667 0.6428571428571429 0.07142857142857142 0.14285714285714285 0.07142857142857142 0.07142857142857142 0.0 0.0 0.0 0.5135135135135135 0.32432432432432434 0.08108108108108109 0.05405405405405406 0.02702702702702703 wanghe 3Сʱ_mousemovements
0 0 0 0 0 0 0 0 0 0 0 0 0 0 0 0 0 0 0 0 0 0 0 0 0 0 0 0 0 0 0 0 0 0 0 0 0 0 0 0 0 0 0 wanghe 3Сʱ_mousemovements
176.74821125 889.9588165 577.4865113333334 885.7820839999999 0 0 0 0 919.269226 308.30582449999997 1222.441162 788.3334924999999 154.7329755 515.635864 572.2084756666667 0 0.08333333333333333 0.16666666666666666 0.08333333333333333 0.16666666666666666 0.16666666666666666 0.08333333333333333 0.25 0.0 176.5186151111111 0 261.02306 0.9473684210526315 0.0 0.05263157894736842 0.3333333333333333 0.16666666666666666 0.25 0.25 0.0 0.0 0.0 0.0 0.45454545454545453 0.3333333333333333 0.12121212121212122 0.09090909090909091 0.0 wanghe 3Сʱ_mousemovements
