249.0633365625 374.12338671428563 1358.8216956666668 1843.015999857143 3196.256836 0 0 0 780.735416125 583.1317734285715 415.891083 915.5654496666666 644.3917998333333 1197.015028 1720.9154356666666 888.805819 0.22857142857142856 0.2 0.02857142857142857 0.08571428571428572 0.17142857142857143 0.11428571428571428 0.08571428571428572 0.08571428571428572 339.36682364367823 0 89.8108386 0.9456521739130435 0.0 0.05434782608695652 0.45714285714285713 0.2 0.08571428571428572 0.2 0.05714285714285714 0.0 0.0 0.0 0.375 0.4 0.1375 0.05 0.0375 maoyu 2Сʱ_mousemovements
0 0 0 0 0 0 0 0 0 0 0 0 0 0 0 0 0 0 0 0 0 0 0 0 0 0 0 0 0 0 0 0 0 0 0 0 0 0 0 0 0 0 0 maoyu 2Сʱ_mousemovements
38.988632 0 241.392685 0 0 0 0 0 0 38.988632 0 0 0 0 241.392685 0 0.0 0.5 0.0 0.0 0.0 0.0 0.5 0.0 31.15347966666667 0 0 1.0 0.0 0.0 0.5 0.0 0.5 0.0 0.0 0.0 0.0 0.0 0.6666666666666666 0.16666666666666666 0.16666666666666666 0.0 0.0 maoyu 2Сʱ_mousemovements
106.38175190909091 637.952515 1048.4131366666666 630.304592 3326.844971 0 0 0 818.60142 1034.7510706666667 292.1184995 336.702723 1204.3019166 41.0151415 109.4219665 156.63583533333332 0.13043478260869565 0.13043478260869565 0.08695652173913043 0.13043478260869565 0.21739130434782608 0.08695652173913043 0.08695652173913043 0.13043478260869565 171.91735535135135 235.23932433333334 103.8183352 0.9024390243902439 0.036585365853658534 0.06097560975609756 0.4782608695652174 0.043478260869565216 0.2608695652173913 0.17391304347826086 0.043478260869565216 0.0 0.0 0.0 0.44594594594594594 0.35135135135135137 0.08108108108108109 0.08108108108108109 0.04054054054054054 maoyu 2Сʱ_mousemovements
248.6751255 566.592683 334.8138885 0 0 0 497.658752 0 0 143.106249 0 0 452.084625 177.9865265 756.7148843333334 0 0.0 0.25 0.0 0.0 0.125 0.25 0.375 0.0 100.06787923333333 0 90.59461300000001 0.8823529411764706 0.0 0.11764705882352941 0.25 0.375 0.25 0.0 0.0 0.0 0.125 0.0 0.5 0.2916666666666667 0.16666666666666666 0.041666666666666664 0.0 maoyu 2Сʱ_mousemovements
129.54277672727272 441.8988322857143 1043.9151356666666 1270.5683517500001 2951.544922 2301.749565 0 0 0 1399.3747417142858 1118.153026 0 369.756371625 1861.51146675 284.8453955 174.33741266666667 0.0 0.21212121212121213 0.15151515151515152 0.0 0.24242424242424243 0.12121212121212122 0.18181818181818182 0.09090909090909091 319.17495758024694 364.4721802 115.67910266666668 0.9101123595505618 0.056179775280898875 0.033707865168539325 0.3333333333333333 0.21212121212121213 0.18181818181818182 0.12121212121212122 0.030303030303030304 0.12121212121212122 0.0 0.0 0.42857142857142855 0.35064935064935066 0.1038961038961039 0.1038961038961039 0.012987012987012988 maoyu 2Сʱ_mousemovements
0 0 0 0 0 0 0 0 0 0 0 0 0 0 0 0 0 0 0 0 0 0 0 0 0 0 0 0 0 0 0 0 0 0 0 0 0 0 0 0 0 0 0 maoyu 2Сʱ_mousemovements
0 0 0 0 0 0 0 0 0 0 0 0 0 0 0 0 0 0 0 0 0 0 0 0 0 0 0 0 0 0 0 0 0 0 0 0 0 0 0 0 0 0 0 maoyu 2Сʱ_mousemovements
164.51972575000002 1199.851563 641.2738265 848.873779 2951.799805 1317.568237 0 3919.230225 0 1387.97892375 848.873779 0 0 2559.5408939999998 118.750585 301.827148 0.0 0.36363636363636365 0.09090909090909091 0.0 0.0 0.18181818181818182 0.2727272727272727 0.09090909090909091 322.4077313513513 0 82.95470166666667 0.925 0.0 0.075 0.36363636363636365 0.09090909090909091 0.18181818181818182 0.09090909090909091 0.09090909090909091 0.09090909090909091 0.0 0.09090909090909091 0.4411764705882353 0.3235294117647059 0.20588235294117646 0.029411764705882353 0.0 maoyu 2Сʱ_mousemovements
0 885.0725555 652.510132 0 1941.0068970000002 0 0 0 0 1201.9230345 1624.156418 0 652.510132 0 0 0 0.0 0.4 0.4 0.0 0.2 0.0 0.0 0.0 630.4669037000001 0 0 1.0 0.0 0.0 0.0 0.4 0.2 0.0 0.4 0.0 0.0 0.0 0.25 0.5 0.25 0.0 0.0 maoyu 2Сʱ_mousemovements
54.553861999999995 339.598582 2016.56545 3521.444336 3789.670166 4276.695313 0 0 4353.098633 1761.2644675 855.303772 157.567734 0 2561.070543 703.660278 0 0.08333333333333333 0.16666666666666666 0.08333333333333333 0.16666666666666666 0.0 0.4166666666666667 0.08333333333333333 0.0 673.9048404242425 0 105.40668899999999 0.9166666666666666 0.0 0.08333333333333333 0.16666666666666666 0.25 0.25 0.08333333333333333 0.16666666666666666 0.08333333333333333 0.0 0.0 0.4 0.37142857142857144 0.05714285714285714 0.11428571428571428 0.05714285714285714 maoyu 2Сʱ_mousemovements
486.33273187500004 799.9296246250001 1622.5594483333334 2451.585571333333 1905.712891 3362.495361 0 0 0 991.3466275 2634.1041259999997 0 0 1048.816256111111 1177.028076 0 0.0 0.5 0.08333333333333333 0.0 0.0 0.375 0.041666666666666664 0.0 512.644812962963 0 48.9611315 0.9642857142857143 0.0 0.03571428571428571 0.3333333333333333 0.3333333333333333 0.125 0.125 0.041666666666666664 0.041666666666666664 0.0 0.0 0.4583333333333333 0.375 0.10416666666666667 0.041666666666666664 0.020833333333333332 maoyu 2Сʱ_mousemovements
169.66811671428573 633.221794625 2053.602661 1612.209717 2777.493408 1843.030029 0 0 32.809277 524.5958959999999 0 0 1049.6055246666667 981.0037535999998 1245.2112599999998 378.324615 0.05 0.3 0.0 0.0 0.15 0.25 0.2 0.05 271.39507173333334 61.861073 61.956068249999994 0.9230769230769231 0.015384615384615385 0.06153846153846154 0.35 0.4 0.1 0.05 0.05 0.05 0.0 0.0 0.4482758620689655 0.3620689655172414 0.034482758620689655 0.13793103448275862 0.017241379310344827 maoyu 2Сʱ_mousemovements
106.31383233333334 0 0 552.59137 341.643677 1768.137695 3025.580811 0 0 1221.03773 0 0 1.776199 1768.137695 552.59137 21.276596 0.0 0.42857142857142855 0.0 0.0 0.14285714285714285 0.14285714285714285 0.14285714285714285 0.14285714285714285 353.2422853529411 0 1.776199 0.9444444444444444 0.0 0.05555555555555555 0.42857142857142855 0.0 0.0 0.14285714285714285 0.14285714285714285 0.14285714285714285 0.14285714285714285 0.0 0.3333333333333333 0.5333333333333333 0.06666666666666667 0.06666666666666667 0.0 maoyu 2Сʱ_mousemovements
332.6102396666667 669.5476552857143 1617.4115685714282 2334.687581333333 2735.087402 2850.886963 0 0 1515.8284503333332 1818.5324950000002 1525.6501463333334 1476.7384029999998 117.47383099999999 2154.031697666667 432.24114225000005 0 0.13636363636363635 0.22727272727272727 0.13636363636363635 0.09090909090909091 0.09090909090909091 0.13636363636363635 0.18181818181818182 0.0 481.3382743114754 0 78.31588733333332 0.953125 0.0 0.046875 0.13636363636363635 0.3181818181818182 0.3181818181818182 0.13636363636363635 0.045454545454545456 0.045454545454545456 0.0 0.0 0.3793103448275862 0.41379310344827586 0.08620689655172414 0.08620689655172414 0.034482758620689655 maoyu 2Сʱ_mousemovements
245.304855 978.4014283333332 0 0 0 0 0 0 0 1035.520874 245.304855 0 864.162537 0 0 0 0.0 0.5 0.25 0.0 0.25 0.0 0.0 0.0 397.56364249999996 0 0 1.0 0.0 0.0 0.25 0.75 0.0 0.0 0.0 0.0 0.0 0.0 0.6666666666666666 0.3333333333333333 0.0 0.0 0.0 maoyu 2Сʱ_mousemovements
123.82620411111111 656.603676875 526.01062 1478.8311765 2681.091919 0 3884.310547 0 0 21.73913 999.1227079999999 0 408.1207655 560.482802 1580.1321334 220.33771 0.0 0.043478260869565216 0.2608695652173913 0.0 0.08695652173913043 0.30434782608695654 0.21739130434782608 0.08695652173913043 266.54807097101457 43.8687275 308.939129 0.9452054794520548 0.0273972602739726 0.0273972602739726 0.391304347826087 0.34782608695652173 0.043478260869565216 0.08695652173913043 0.08695652173913043 0.0 0.043478260869565216 0.0 0.3939393939393939 0.4393939393939394 0.15151515151515152 0.0 0.015151515151515152 maoyu 2Сʱ_mousemovements
127.36482733333334 672.5524427777779 864.271631 1600.3710109999997 2699.5793456666665 2692.3204750000004 0 0 562.8099666 1333.6991517777778 546.3009593333333 203.97646450000002 724.1790438333333 545.06965825 1538.9111167777778 1462.76239 0.10638297872340426 0.19148936170212766 0.1276595744680851 0.0425531914893617 0.1276595744680851 0.1702127659574468 0.19148936170212766 0.0425531914893617 270.27289566666667 184.94641014285713 191.15419085714285 0.9161676646706587 0.041916167664670656 0.041916167664670656 0.3191489361702128 0.19148936170212766 0.2127659574468085 0.14893617021276595 0.06382978723404255 0.06382978723404255 0.0 0.0 0.432258064516129 0.3935483870967742 0.09032258064516129 0.03870967741935484 0.04516129032258064 maoyu 2Сʱ_mousemovements
48.406144043478264 432.9000274285715 1340.2813567142857 1765.503052 2264.2586673333335 3292.724609 0 0 228.0595245 564.3188735 1254.06028525 398.308644 409.93129259999995 637.2229822 966.0387608888889 44.1095555 0.047619047619047616 0.19047619047619047 0.09523809523809523 0.07142857142857142 0.11904761904761904 0.11904761904761904 0.21428571428571427 0.14285714285714285 168.04250046575342 11.5731635 199.02923575 0.948051948051948 0.025974025974025976 0.025974025974025976 0.5476190476190477 0.16666666666666666 0.16666666666666666 0.023809523809523808 0.07142857142857142 0.023809523809523808 0.0 0.0 0.4507042253521127 0.4154929577464789 0.11267605633802817 0.02112676056338028 0.0 maoyu 2Сʱ_mousemovements
232.413826 880.0987449999999 1156.568451 878.4324953333333 1702.795776 942.121887 3693.645996 0 942.121887 2698.220886 1904.256592 1166.096497 0 352.50038525 1047.535416 312.036316 0.07692307692307693 0.15384615384615385 0.07692307692307693 0.15384615384615385 0.0 0.3076923076923077 0.15384615384615385 0.07692307692307693 362.420588868421 308.103241 156.018158 0.926829268292683 0.024390243902439025 0.04878048780487805 0.15384615384615385 0.23076923076923078 0.15384615384615385 0.23076923076923078 0.07692307692307693 0.07692307692307693 0.07692307692307693 0.0 0.5142857142857142 0.2571428571428571 0.17142857142857143 0.02857142857142857 0.02857142857142857 maoyu 2Сʱ_mousemovements
167.12888225 1151.811523 0 291.322975 3241.248169 0 0 0 62.629597 232.233871 101.468803 1151.811523 0 2299.5742035 1294.1482545 149.88063 0.1111111111111111 0.1111111111111111 0.1111111111111111 0.1111111111111111 0.0 0.2222222222222222 0.2222222222222222 0.1111111111111111 257.70465677419355 232.233871 166.09777724999998 0.8611111111111112 0.027777777777777776 0.1111111111111111 0.4444444444444444 0.1111111111111111 0.0 0.2222222222222222 0.2222222222222222 0.0 0.0 0.0 0.4375 0.34375 0.125 0.03125 0.0625 maoyu 2Сʱ_mousemovements
46.57179633333333 0 310.913615 0 0 0 0 0 57.028774 39.180595 336.572403 0 0 151.5510295 0 0 0.16666666666666666 0.16666666666666666 0.3333333333333333 0.0 0.0 0.3333333333333333 0.0 0.0 27.27440425 43.50602 88.42229833333333 0.875 0.03125 0.09375 0.5 0.0 0.5 0.0 0.0 0.0 0.0 0.0 0.4583333333333333 0.2916666666666667 0.16666666666666666 0.041666666666666664 0.041666666666666664 maoyu 2Сʱ_mousemovements
143.8314455 0 0 0 0 0 0 0 0 284.462891 0 0 3.2 0 0 0 0.0 0.5 0.0 0.0 0.5 0.0 0.0 0.0 40.63755585714286 0 3.2 0.875 0.0 0.125 1.0 0.0 0.0 0.0 0.0 0.0 0.0 0.0 0.42857142857142855 0.42857142857142855 0.0 0.14285714285714285 0.0 maoyu 2Сʱ_mousemovements
0 0 0 0 0 394.782684 0 0 0 0 394.782684 0 0 0 0 0 0.0 0.0 1.0 0.0 0.0 0.0 0.0 0.0 0.0 0 394.782684 0.8333333333333334 0.0 0.16666666666666666 0.0 0.0 0.0 0.0 0.0 1.0 0.0 0.0 0.5 0.5 0.0 0.0 0.0 maoyu 2Сʱ_mousemovements
112.08284574999999 1039.880371 1862.809204 0 0 0 1166.331909 0 0 1166.331909 0 0 201.57541249999997 1039.880371 635.9965873333333 0 0.0 0.14285714285714285 0.0 0.0 0.2857142857142857 0.14285714285714285 0.42857142857142855 0.0 237.2987409473684 0 8.676789 0.95 0.0 0.05 0.5714285714285714 0.14285714285714285 0.14285714285714285 0.0 0.0 0.0 0.14285714285714285 0.0 0.47368421052631576 0.3684210526315789 0.05263157894736842 0.0 0.10526315789473684 maoyu 2Сʱ_mousemovements
0 100.737801 350.795959 0 0 0 0 0 0 350.795959 0 0 100.737801 0 0 0 0.0 0.5 0.0 0.0 0.5 0.0 0.0 0.0 50.11370842857143 0 100.737801 0.875 0.0 0.125 0.0 0.5 0.5 0.0 0.0 0.0 0.0 0.0 0.4 0.4 0.0 0.2 0.0 maoyu 2Сʱ_mousemovements
0 0 0 0 0 0 0 0 0 0 0 0 0 0 0 0 0 0 0 0 0 0 0 0 0 0 0 0 0 0 0 0 0 0 0 0 0 0 0 0 0 0 0 maoyu 2Сʱ_mousemovements
80.43637120000001 352.457428 777.7751920000001 301.97998 0 0 0 0 0 777.7751920000001 0 0 97.73308500000002 310.873718 92.853569 200.638216 0.0 0.2 0.0 0.0 0.3 0.2 0.1 0.2 90.30011464516127 0 82.661761 0.9393939393939394 0.0 0.06060606060606061 0.5 0.2 0.2 0.1 0.0 0.0 0.0 0.0 0.4583333333333333 0.375 0.041666666666666664 0.041666666666666664 0.08333333333333333 maoyu 2Сʱ_mousemovements
0 0 0 0 0 0 0 0 0 0 0 0 0 0 0 0 0 0 0 0 0 0 0 0 0.0 0 0 1.0 0.0 0.0 0 0 0 0 0 0 0 0 1.0 0.0 0.0 0.0 0.0 maoyu 2Сʱ_mousemovements
137.41753533333335 512.2482426666667 283.1410905 295.0018155 2876.6173095 3157.102783 0 2312.647461 321.419434 934.3919905714286 216.606677 322.649689 0 662.0399466666665 735.3848868333334 0 0.034482758620689655 0.2413793103448276 0.1724137931034483 0.034482758620689655 0.0 0.3103448275862069 0.20689655172413793 0.0 220.33801997560974 139.838806 107.73970975 0.9425287356321839 0.011494252873563218 0.04597701149425287 0.41379310344827586 0.3103448275862069 0.06896551724137931 0.06896551724137931 0.06896551724137931 0.034482758620689655 0.0 0.034482758620689655 0.47297297297297297 0.35135135135135137 0.0945945945945946 0.06756756756756757 0.013513513513513514 maoyu 2Сʱ_mousemovements
117.4797895 325.79857649999997 0 499.803162 143.636475 0 0 0 0 144.649521 236.72860333333333 0 0 614.05835 172.994913 0 0.0 0.16666666666666666 0.25 0.0 0.0 0.08333333333333333 0.5 0.0 43.83620569230769 143.636475 76.13116966666666 0.9285714285714286 0.017857142857142856 0.05357142857142857 0.5 0.3333333333333333 0.0 0.08333333333333333 0.08333333333333333 0.0 0.0 0.0 0.5208333333333334 0.3541666666666667 0.020833333333333332 0.10416666666666667 0.0 maoyu 2Сʱ_mousemovements
181.11340528571426 629.9247515 966.1666883636365 1416.7452392857142 1657.1702603333335 2413.211873333333 3268.317383 0 450.4617 1995.6965128333334 1380.5747621666667 91.239586 809.1190671666667 1222.3639344 925.7246127142856 391.5178935 0.027777777777777776 0.16666666666666666 0.16666666666666666 0.027777777777777776 0.16666666666666666 0.1388888888888889 0.19444444444444445 0.1111111111111111 402.72617902061853 193.20036566666667 41.991603000000005 0.9326923076923077 0.028846153846153848 0.038461538461538464 0.19444444444444445 0.1111111111111111 0.3055555555555556 0.19444444444444445 0.08333333333333333 0.08333333333333333 0.027777777777777776 0.0 0.3829787234042553 0.3829787234042553 0.1276595744680851 0.0851063829787234 0.02127659574468085 maoyu 2Сʱ_mousemovements
155.92499916666665 651.3700001666666 1343.2727326 1174.0095115000001 1975.458252 241.637604 0 1271.184326 642.6818313333333 1309.3038763333334 588.9217478333334 382.27179 1217.98585125 496.176832 1310.0930445000001 223.688599 0.11538461538461539 0.11538461538461539 0.23076923076923078 0.038461538461538464 0.15384615384615385 0.15384615384615385 0.15384615384615385 0.038461538461538464 220.96809371276598 149.63711800000002 145.42645783333333 0.912621359223301 0.02912621359223301 0.05825242718446602 0.23076923076923078 0.23076923076923078 0.19230769230769232 0.23076923076923078 0.038461538461538464 0.038461538461538464 0.0 0.038461538461538464 0.4065934065934066 0.3626373626373626 0.13186813186813187 0.04395604395604396 0.054945054945054944 maoyu 2Сʱ_mousemovements
51.83206004545454 712.7811356666667 1214.4129182499998 1224.8226319999999 1945.2487386666664 2909.1199340000003 0 0 393.66677500000003 290.2146343125 1108.1395431111112 123.20356179999999 126.05068516666667 728.8297286363636 848.1237991666669 0 0.057971014492753624 0.2318840579710145 0.13043478260869565 0.07246376811594203 0.08695652173913043 0.15942028985507245 0.2608695652173913 0.0 220.44567611891893 8.073046875 0 0.9585492227979274 0.04145077720207254 0.0 0.6376811594202898 0.08695652173913043 0.057971014492753624 0.07246376811594203 0.08695652173913043 0.057971014492753624 0.0 0.0 0.4230769230769231 0.45054945054945056 0.06593406593406594 0.04395604395604396 0.016483516483516484 maoyu 2Сʱ_mousemovements
168.66992283333335 406.72830525 754.5142925 1903.204264 2447.3103736666667 3526.0799559999996 3814.4914550000003 4233.369629 0 1588.8552095000002 1561.12274925 1146.6884103333332 232.510319 1476.4457751666669 1124.4412003333334 2097.634521 0.0 0.1935483870967742 0.12903225806451613 0.0967741935483871 0.06451612903225806 0.1935483870967742 0.2903225806451613 0.03225806451612903 475.9422278395063 327.7426516666667 244.8879376 0.9101123595505618 0.033707865168539325 0.056179775280898875 0.1935483870967742 0.25806451612903225 0.1935483870967742 0.0967741935483871 0.0967741935483871 0.06451612903225806 0.06451612903225806 0.03225806451612903 0.43902439024390244 0.4024390243902439 0.12195121951219512 0.024390243902439025 0.012195121951219513 maoyu 2Сʱ_mousemovements
0 0 0 0 0 0 0 0 0 0 0 0 0 0 0 0 0 0 0 0 0 0 0 0 0 0 0 0 0 0 0 0 0 0 0 0 0 0 0 0 0 0 0 maoyu 2Сʱ_mousemovements
0 0 0 0 0 0 0 0 0 0 0 0 0 0 0 0 0 0 0 0 0 0 0 0 0.0 0 0 1.0 0.0 0.0 0 0 0 0 0 0 0 0 1.0 0.0 0.0 0.0 0.0 maoyu 2Сʱ_mousemovements
0 0 0 0 0 0 0 0 0 0 0 0 0 0 0 0 0 0 0 0 0 0 0 0 0 0 0 0 0 0 0 0 0 0 0 0 0 0 0 0 0 0 0 maoyu 2Сʱ_mousemovements
0 0 0 0 0 0 0 0 0 0 0 0 0 0 0 0 0 0 0 0 0 0 0 0 0 0 0 0 0 0 0 0 0 0 0 0 0 0 0 0 0 0 0 maoyu 2Сʱ_mousemovements
0 0 0 0 0 0 0 0 0 0 0 0 0 0 0 0 0 0 0 0 0 0 0 0 0 0 0 0 0 0 0 0 0 0 0 0 0 0 0 0 0 0 0 maoyu 2Сʱ_mousemovements
0 0 0 0 0 0 0 0 0 0 0 0 0 0 0 0 0 0 0 0 0 0 0 0 0 0 0 0 0 0 0 0 0 0 0 0 0 0 0 0 0 0 0 maoyu 2Сʱ_mousemovements
0 0 0 0 2193.812256 0 0 0 0 2193.812256 0 0 0 0 0 0 0.0 1.0 0.0 0.0 0.0 0.0 0.0 0.0 1096.906128 0 0 1.0 0.0 0.0 0.0 0.0 0.0 0.0 1.0 0.0 0.0 0.0 0.0 1.0 0.0 0.0 0.0 maoyu 2Сʱ_mousemovements
68.348941 804.5639433333334 1414.2000526666668 3013.178833 176.380692 2975.547363 0 0 1320.997437 1201.336548 409.727722 2106.92041 2056.713073666667 363.06435175 1513.036274 1348.758064 0.06666666666666667 0.06666666666666667 0.06666666666666667 0.06666666666666667 0.2 0.26666666666666666 0.13333333333333333 0.13333333333333333 365.6805712653061 37.091529 196.2181855 0.9245283018867925 0.03773584905660377 0.03773584905660377 0.13333333333333333 0.4 0.2 0.13333333333333333 0.06666666666666667 0.06666666666666667 0.0 0.0 0.4666666666666667 0.4 0.06666666666666667 0.022222222222222223 0.044444444444444446 maoyu 2Сʱ_mousemovements
66.463237875 621.4699656666667 754.919189 1841.7548825 0 0 0 0 0 1413.1318354999999 616.1860028333334 32.258064 0 265.5482842 271.8584926666667 0 0.0 0.11764705882352941 0.35294117647058826 0.058823529411764705 0.0 0.29411764705882354 0.17647058823529413 0.0 170.92590101999997 41.793079500000005 69.073441 0.9433962264150944 0.03773584905660377 0.018867924528301886 0.47058823529411764 0.35294117647058826 0.058823529411764705 0.11764705882352941 0.0 0.0 0.0 0.0 0.4186046511627907 0.3953488372093023 0.09302325581395349 0.06976744186046512 0.023255813953488372 maoyu 2Сʱ_mousemovements
75.19381033333333 282.413483 616.80419525 946.85075375 2068.4667815000003 4154.4311525 0 0 1003.2538910000001 1075.618535 2022.6508483333334 109.288971 82.111954 276.137722 1068.5655412 970.553467 0.10526315789473684 0.21052631578947367 0.15789473684210525 0.05263157894736842 0.05263157894736842 0.10526315789473684 0.2631578947368421 0.05263157894736842 306.02969195 0 134.02631150000002 0.8823529411764706 0.0 0.11764705882352941 0.3157894736842105 0.05263157894736842 0.21052631578947367 0.21052631578947367 0.10526315789473684 0.10526315789473684 0.0 0.0 0.4 0.34545454545454546 0.07272727272727272 0.09090909090909091 0.09090909090909091 maoyu 2Сʱ_mousemovements
111.02763115384613 408.107178 755.78105925 810.117249 2798.44329825 1494.3369953333333 1257.432007 0 1465.3538210000002 281.4961525714286 1990.742264 2948.582031 1003.2426986666666 82.30643099999999 554.3783265714286 77.003761 0.07142857142857142 0.25 0.14285714285714285 0.03571428571428571 0.10714285714285714 0.10714285714285714 0.25 0.03571428571428571 219.06662687628867 439.5900446666667 57.34978649999999 0.8981481481481481 0.027777777777777776 0.07407407407407407 0.4642857142857143 0.07142857142857142 0.14285714285714285 0.03571428571428571 0.14285714285714285 0.10714285714285714 0.03571428571428571 0.0 0.41237113402061853 0.3917525773195876 0.10309278350515463 0.030927835051546393 0.061855670103092786 maoyu 2Сʱ_mousemovements
84.75448333333334 838.8921789999999 1196.319275 2570.5426485 0 3547.3190916666667 0 0 720.310913 861.882996 2057.00340275 898.5050182499999 1643.97583 708.981186 2186.4283421666664 1412.285645 0.05 0.05 0.2 0.2 0.05 0.1 0.3 0.05 557.5073357454545 186.424988 49.231013 0.9322033898305084 0.01694915254237288 0.05084745762711865 0.15 0.3 0.2 0.2 0.0 0.15 0.0 0.0 0.4375 0.3958333333333333 0.125 0.020833333333333332 0.020833333333333332 maoyu 2Сʱ_mousemovements
138.58591164705882 376.75086139999996 1534.0238798333337 1828.2179766666668 0 3711.6863405000004 0 0 31.684673 418.35330657142856 1869.6242673333334 538.729872 56.06701780000001 450.1824082 2489.343031375 302.657943 0.02857142857142857 0.2 0.08571428571428572 0.11428571428571428 0.14285714285714285 0.14285714285714285 0.22857142857142856 0.05714285714285714 265.799555864 17.611281666666667 124.36976200000001 0.946969696969697 0.022727272727272728 0.030303030303030304 0.4857142857142857 0.14285714285714285 0.17142857142857143 0.08571428571428572 0.0 0.11428571428571428 0.0 0.0 0.36065573770491804 0.45081967213114754 0.11475409836065574 0.040983606557377046 0.03278688524590164 maoyu 2Сʱ_mousemovements
36.677302833333336 874.8130064000001 1420.3443358 1605.47039825 3082.113362666667 2000.523804 676.081848 0 0 1414.6591075 1331.4481376666665 458.9979463333334 159.684402 465.6966061666667 1490.2601916666667 11.747672333333334 0.0 0.1935483870967742 0.0967741935483871 0.0967741935483871 0.03225806451612903 0.1935483870967742 0.2903225806451613 0.0967741935483871 271.9150297037036 7.441986999999999 288.050174 0.9391304347826087 0.034782608695652174 0.02608695652173913 0.3870967741935484 0.16129032258064516 0.16129032258064516 0.12903225806451613 0.0967741935483871 0.03225806451612903 0.03225806451612903 0.0 0.41284403669724773 0.41284403669724773 0.09174311926605505 0.045871559633027525 0.03669724770642202 maoyu 2Сʱ_mousemovements
70.19036092857142 422.37992199999997 734.1741684285714 1446.1201680000001 2503.440796 0 0 0 317.3303477142858 95.21050000000001 566.5322997999999 685.4682922500001 169.3607815 262.321617 675.5821693 451.461676 0.14285714285714285 0.061224489795918366 0.10204081632653061 0.08163265306122448 0.20408163265306123 0.04081632653061224 0.20408163265306123 0.16326530612244897 128.9743961258278 35.685976 102.0026906 0.9096385542168675 0.030120481927710843 0.060240963855421686 0.56 0.2 0.14 0.06 0.04 0.0 0.0 0.0 0.3708609271523179 0.3841059602649007 0.152317880794702 0.0728476821192053 0.019867549668874173 maoyu 2Сʱ_mousemovements
43.313942250000004 432.3003948333333 1179.97509775 0 684.359375 0 0 0 0 756.20459 0 670.9724365999999 452.90772025 127.614883 0 454.9335923333333 0.0 0.13333333333333333 0.0 0.3333333333333333 0.26666666666666666 0.06666666666666667 0.0 0.2 144.71027583333333 16.691341 113.42388933333332 0.9310344827586207 0.017241379310344827 0.05172413793103448 0.26666666666666666 0.4 0.26666666666666666 0.0 0.06666666666666667 0.0 0.0 0.0 0.4897959183673469 0.30612244897959184 0.14285714285714285 0.04081632653061224 0.02040816326530612 maoyu 2Сʱ_mousemovements
0 0 0 0 0 0 0 0 0 0 0 0 0 0 0 0 0 0 0 0 0 0 0 0 0 0 0 0 0 0 0 0 0 0 0 0 0 0 0 0 0 0 0 maoyu 2Сʱ_mousemovements
77.50801033333333 146.4362033333333 1753.565267 617.254272 1506.3403015 2152.762085 0 0 617.254272 1310.9535828 0 3.121884 1133.95158025 133.62645750000001 530.5770530000001 0 0.058823529411764705 0.29411764705882354 0.0 0.058823529411764705 0.23529411764705882 0.11764705882352941 0.23529411764705882 0.0 290.234766875 0 42.310677 0.9230769230769231 0.0 0.07692307692307693 0.35294117647058826 0.17647058823529413 0.17647058823529413 0.058823529411764705 0.11764705882352941 0.11764705882352941 0.0 0.0 0.425531914893617 0.2127659574468085 0.2765957446808511 0.0425531914893617 0.0425531914893617 maoyu 2Сʱ_mousemovements
0 0 0 0 0 0 0 0 0 0 0 0 0 0 0 0 0 0 0 0 0 0 0 0 0 0 0 0 0 0 0 0 0 0 0 0 0 0 0 0 0 0 0 maoyu 2Сʱ_mousemovements
252.285764 1168.7357485 458.99646774999997 1273.2449136666667 2475.9791666666665 0 0 0 0 2181.401611 1466.76001 1492.9893035 359.41871399999997 493.217865 1183.1697695 1575.5767823333335 0.0 0.07142857142857142 0.07142857142857142 0.14285714285714285 0.14285714285714285 0.21428571428571427 0.14285714285714285 0.21428571428571427 384.161939131579 564.407288 254.38005399999997 0.9047619047619048 0.023809523809523808 0.07142857142857142 0.14285714285714285 0.14285714285714285 0.2857142857142857 0.21428571428571427 0.21428571428571427 0.0 0.0 0.0 0.4 0.4 0.17142857142857143 0.0 0.02857142857142857 maoyu 2Сʱ_mousemovements
0 722.2561216 628.9729 1769.08709725 1061.787201 3772.210938 0 0 1268.695282 0 764.25936875 955.813568 2064.303528 0 2688.0319825 201.661041 0.15384615384615385 0.0 0.3076923076923077 0.15384615384615385 0.15384615384615385 0.0 0.15384615384615385 0.07692307692307693 564.8880446896552 628.9729 201.661041 0.9354838709677419 0.03225806451612903 0.03225806451612903 0.0 0.38461538461538464 0.07692307692307693 0.3076923076923077 0.15384615384615385 0.07692307692307693 0.0 0.0 0.27586206896551724 0.4482758620689655 0.20689655172413793 0.034482758620689655 0.034482758620689655 maoyu 2Сʱ_mousemovements
108.44591772727273 463.0455818333333 356.605957 2524.145508 2110.0655923333334 1880.7026163333333 971.366394 967.2015074999999 177.9193776666667 1039.21539975 423.84358333333336 99.372925 75.7227895 1222.4181853750001 479.4011483333333 499.23053 0.10344827586206896 0.27586206896551724 0.10344827586206896 0.034482758620689655 0.06896551724137931 0.27586206896551724 0.10344827586206896 0.034482758620689655 179.10588885849057 56.973297 217.45803764285714 0.8760330578512396 0.008264462809917356 0.11570247933884298 0.3793103448275862 0.20689655172413793 0.06896551724137931 0.034482758620689655 0.10344827586206896 0.10344827586206896 0.034482758620689655 0.06896551724137931 0.3853211009174312 0.3394495412844037 0.14678899082568808 0.07339449541284404 0.05504587155963303 maoyu 2Сʱ_mousemovements
131.73044792857144 755.6142024999999 1099.4230448888889 983.8901979999998 0 0 0 0 805.9879263333333 799.098027 542.959371 0 882.5143765999999 472.8655126666667 87.681785 642.3993315 0.16666666666666666 0.1111111111111111 0.16666666666666666 0.0 0.1388888888888889 0.25 0.05555555555555555 0.1111111111111111 195.56009532727273 30.47837475 178.31238333333332 0.9166666666666666 0.03333333333333333 0.05 0.3888888888888889 0.2222222222222222 0.25 0.1388888888888889 0.0 0.0 0.0 0.0 0.4107142857142857 0.38392857142857145 0.10714285714285714 0.08928571428571429 0.008928571428571428 maoyu 2Сʱ_mousemovements
45.662005 262.2882085 1425.550903 1939.7216794999997 3265.127767 0 0 0 4.8 2689.9057615 3145.420898 0 1768.58305 2243.8812356666667 1100.8798752500002 272.802979 0.07142857142857142 0.14285714285714285 0.07142857142857142 0.0 0.14285714285714285 0.21428571428571427 0.2857142857142857 0.07142857142857142 609.4232314210527 225.757904 45.662005 0.926829268292683 0.024390243902439025 0.04878048780487805 0.14285714285714285 0.14285714285714285 0.07142857142857142 0.42857142857142855 0.21428571428571427 0.0 0.0 0.0 0.39473684210526316 0.4473684210526316 0.02631578947368421 0.07894736842105263 0.05263157894736842 maoyu 2Сʱ_mousemovements
79.95498766666667 702.077087 1361.1870115 1636.747803 0 3410.811157 0 0 0 1543.696533 0 0 89.502815 2067.8249388 75.181074 0 0.0 0.1111111111111111 0.0 0.0 0.1111111111111111 0.5555555555555556 0.2222222222222222 0.0 478.82636256 0 76.013563 0.9259259259259259 0.0 0.07407407407407407 0.3333333333333333 0.1111111111111111 0.2222222222222222 0.1111111111111111 0.0 0.2222222222222222 0.0 0.0 0.38095238095238093 0.5714285714285714 0.0 0.047619047619047616 0.0 maoyu 2Сʱ_mousemovements
