181.075145625 0 224.827271 0 2492.766357 1772.874878 781.480103 0 0 2132.8206175 337.10965 218.36124666666663 63.829788 426.855961 123.935577 84.128212 0.0 0.16666666666666666 0.16666666666666666 0.25 0.08333333333333333 0.16666666666666666 0.08333333333333333 0.08333333333333333 227.46945506896552 0 123.935577 0.9666666666666667 0.0 0.03333333333333333 0.6666666666666666 0.0 0.08333333333333333 0.0 0.08333333333333333 0.08333333333333333 0.08333333333333333 0.0 0.5652173913043478 0.2608695652173913 0.08695652173913043 0.043478260869565216 0.043478260869565216 niudanyang 8Сʱ_mousemovements
82.8567774 0 402.71487449999995 0 103.901329 0 0 0 95.693932 145.56636 103.901329 0 0 231.06907299999997 54.177052 0 0.125 0.125 0.125 0.0 0.0 0.5 0.125 0.0 24.977267470588234 103.901329 370.486542 0.9444444444444444 0.027777777777777776 0.027777777777777776 0.625 0.0 0.25 0.0 0.125 0.0 0.0 0.0 0.6129032258064516 0.22580645161290322 0.06451612903225806 0.0967741935483871 0.0 niudanyang 8Сʱ_mousemovements
135.4542155714286 160.547806 1824.36499 431.292847 759.133362 0 0 0 0 221.60454399999998 1824.36499 252.236725 431.292847 101.71781150000001 382.771809 0 0.0 0.18181818181818182 0.09090909090909091 0.09090909090909091 0.09090909090909091 0.36363636363636365 0.18181818181818182 0.0 121.27995629411762 0 0.0 0.9444444444444444 0.0 0.05555555555555555 0.6363636363636364 0.09090909090909091 0.09090909090909091 0.09090909090909091 0.09090909090909091 0.0 0.0 0.0 0.6333333333333333 0.16666666666666666 0.06666666666666667 0.1 0.03333333333333333 niudanyang 8Сʱ_mousemovements
277.6764634 541.79364 0 0 1098.451416 1146.542969 0 0 1098.451416 472.9806086666667 0 0 654.8921763333333 88.814133 0 146.080078 0.1111111111111111 0.3333333333333333 0.0 0.0 0.3333333333333333 0.1111111111111111 0.0 0.1111111111111111 261.462538 10.638298 0 0.9473684210526315 0.05263157894736842 0.0 0.5555555555555556 0.2222222222222222 0.0 0.0 0.1111111111111111 0.1111111111111111 0.0 0.0 0.4375 0.3125 0.25 0.0 0.0 niudanyang 8Сʱ_mousemovements
173.936745 340.7011415 288.3129885 0 0 856.6386415 0 0 456.72007375 0 0 224.530365 467.922493 138.5538225 314.323456 262.302521 0.36363636363636365 0.0 0.0 0.09090909090909091 0.18181818181818182 0.18181818181818182 0.09090909090909091 0.09090909090909091 79.96157422727273 0.0 107.56000066666667 0.9166666666666666 0.020833333333333332 0.0625 0.45454545454545453 0.18181818181818182 0.18181818181818182 0.0 0.0 0.18181818181818182 0.0 0.0 0.6923076923076923 0.20512820512820512 0.02564102564102564 0.05128205128205128 0.02564102564102564 niudanyang 8Сʱ_mousemovements
128.1754936 433.778778 405.987701 892.0345454999999 0 0 0 0 0 211.8535745 1023.167236 405.987701 461.292267 86.67149866666666 562.1614835 0 0.0 0.2 0.1 0.1 0.1 0.3 0.2 0.0 108.77917105882354 0 0.0 0.9714285714285714 0.0 0.02857142857142857 0.5 0.2 0.1 0.2 0.0 0.0 0.0 0.0 0.5666666666666667 0.26666666666666666 0.16666666666666666 0.0 0.0 niudanyang 8Сʱ_mousemovements
51.43843842857143 391.2290345 663.9910176666666 0 449.480957 1630.128662 0 0 1630.128662 471.528107 39.305176 390.0732935 162.61419675 391.2290345 0 410.390623 0.07142857142857142 0.07142857142857142 0.14285714285714285 0.14285714285714285 0.2857142857142857 0.14285714285714285 0.0 0.14285714285714285 125.38496981578947 0.0 449.480957 0.95 0.025 0.025 0.5 0.14285714285714285 0.21428571428571427 0.0 0.07142857142857142 0.07142857142857142 0.0 0.0 0.5428571428571428 0.4 0.05714285714285714 0.0 0.0 niudanyang 8Сʱ_mousemovements
220.80069183333333 289.114532 483.140274 0 1113.739044 1409.7734070000001 0 0 1831.9971925 48.387096 1051.235718 289.114532 706.1766964999999 191.75033866666664 89.527996 407.832001 0.15384615384615385 0.07692307692307693 0.07692307692307693 0.07692307692307693 0.15384615384615385 0.23076923076923078 0.15384615384615385 0.07692307692307693 230.83091548484853 0.0 9.803922 0.9428571428571428 0.02857142857142857 0.02857142857142857 0.46153846153846156 0.07692307692307693 0.15384615384615385 0.0 0.15384615384615385 0.15384615384615385 0.0 0.0 0.4 0.3 0.2 0.06666666666666667 0.03333333333333333 niudanyang 8Сʱ_mousemovements
43.09218325 116.9987315 0 46.015766 0 0 0 0 0 149.030899 86.910728 0 83.0224 46.015766 63.9590265 22.22534 0.0 0.2222222222222222 0.1111111111111111 0.0 0.1111111111111111 0.1111111111111111 0.2222222222222222 0.2222222222222222 9.013486263157894 43.012722 71.60959366666667 0.8636363636363636 0.06818181818181818 0.06818181818181818 0.4444444444444444 0.4444444444444444 0.0 0.1111111111111111 0.0 0.0 0.0 0.0 0.6764705882352942 0.23529411764705882 0.029411764705882353 0.029411764705882353 0.029411764705882353 niudanyang 8Сʱ_mousemovements
193.9955314 460.788177 0 507.938782 667.9704285 1414.4115295000001 1179.517517 0 874.8101526666666 491.550857 0 462.3734895 337.2669295 122.413956 534.2627072500001 0 0.16666666666666666 0.3333333333333333 0.0 0.1111111111111111 0.1111111111111111 0.05555555555555555 0.2222222222222222 0.0 125.96510186000003 270.628716 296.8470916666667 0.819672131147541 0.08196721311475409 0.09836065573770492 0.5555555555555556 0.05555555555555555 0.0 0.05555555555555555 0.1111111111111111 0.1111111111111111 0.1111111111111111 0.0 0.6071428571428571 0.23214285714285715 0.05357142857142857 0.05357142857142857 0.05357142857142857 niudanyang 8Сʱ_mousemovements
0 0 0 0 0 0 0 0 0 0 0 0 0 0 0 0 0 0 0 0 0 0 0 0 0 0 0 0 0 0 0 0 0 0 0 0 0 0 0 0 0 0 0 niudanyang 8Сʱ_mousemovements
0 0 0 0 0 0 0 0 0 0 0 0 0 0 0 0 0 0 0 0 0 0 0 0 0 0 0 0 0 0 0 0 0 0 0 0 0 0 0 0 0 0 0 niudanyang 8Сʱ_mousemovements
0 0 0 0 0 0 0 0 0 0 0 0 0 0 0 0 0 0 0 0 0 0 0 0 0 0 0 0 0 0 0 0 0 0 0 0 0 0 0 0 0 0 0 niudanyang 8Сʱ_mousemovements
0 0 0 0 0 0 0 0 0 0 0 0 0 0 0 0 0 0 0 0 0 0 0 0 0 0 0 0 0 0 0 0 0 0 0 0 0 0 0 0 0 0 0 niudanyang 8Сʱ_mousemovements
0 734.024353 0 2430.172607 630.587585 0 0 0 0 617.199249 0 864.237793 2430.172607 0 0 0 0.0 0.5 0.0 0.25 0.25 0.0 0.0 0.0 348.36991523076915 0.0 0 0.9285714285714286 0.07142857142857142 0.0 0.0 0.5 0.0 0.25 0.25 0.0 0.0 0.0 0.6923076923076923 0.15384615384615385 0.07692307692307693 0.07692307692307693 0.0 niudanyang 8Сʱ_mousemovements
73.60775749999999 0 0 0 0 0 0 0 0 0 0 0 0 80.548851 66.666664 0 0.0 0.0 0.0 0.0 0.0 0.5 0.5 0.0 36.803878749999996 0 0 1.0 0.0 0.0 1.0 0.0 0.0 0.0 0.0 0.0 0.0 0.0 0.3333333333333333 0.3333333333333333 0.0 0.3333333333333333 0.0 niudanyang 8Сʱ_mousemovements
0 0 0 0 0 0 0 0 0 0 0 0 0 0 0 0 0 0 0 0 0 0 0 0 0 0 0 0 0 0 0 0 0 0 0 0 0 0 0 0 0 0 0 niudanyang 8Сʱ_mousemovements
297.13313300000004 528.869019 0 0 0 0 0 0 0 517.03772 77.228546 0 0 528.869019 0 0 0.0 0.3333333333333333 0.3333333333333333 0.0 0.0 0.3333333333333333 0.0 0.0 187.1892141666667 0 0 1.0 0.0 0.0 0.6666666666666666 0.3333333333333333 0.0 0.0 0.0 0.0 0.0 0.0 0.25 0.75 0.0 0.0 0.0 niudanyang 8Сʱ_mousemovements
0 0 0 0 0 0 0 0 0 0 0 0 0 0 0 0 0 0 0 0 0 0 0 0 0 0 0 0 0 0 0 0 0 0 0 0 0 0 0 0 0 0 0 niudanyang 8Сʱ_mousemovements
73.22720716666667 0 0 1193.573975 0 1170.451843 0 923.738403 0 756.6092659999999 0 0 147.476089 572.0274064 33.980965 0 0.0 0.36363636363636365 0.0 0.0 0.09090909090909091 0.45454545454545453 0.09090909090909091 0.0 240.93647548 10.638298 33.980965 0.9259259259259259 0.037037037037037035 0.037037037037037035 0.5454545454545454 0.0 0.0 0.09090909090909091 0.0 0.2727272727272727 0.0 0.09090909090909091 0.4782608695652174 0.2608695652173913 0.13043478260869565 0.13043478260869565 0.0 niudanyang 8Сʱ_mousemovements
187.969936 775.772522 260.980011 0 372.62619 0 1839.226318 1801.6085205 0 2044.589111 0 336.669426 1558.62793 137.7853335 292.50287366666663 610.1443682500001 0.0 0.06666666666666667 0.0 0.26666666666666666 0.06666666666666667 0.13333333333333333 0.2 0.26666666666666666 213.58878765000003 0.0 0.0 0.9523809523809523 0.023809523809523808 0.023809523809523808 0.6 0.06666666666666667 0.06666666666666667 0.0 0.06666666666666667 0.0 0.06666666666666667 0.13333333333333333 0.5405405405405406 0.32432432432432434 0.08108108108108109 0.02702702702702703 0.02702702702702703 niudanyang 8Сʱ_mousemovements
70.398089 276.3517455 709.031067 383.331146 1105.233643 607.779846 0 938.466125 1234.849365 87.53348466666667 94.520248 0 606.902832 514.1190183333334 261.9541193333333 0 0.07142857142857142 0.21428571428571427 0.07142857142857142 0.0 0.21428571428571427 0.21428571428571427 0.21428571428571427 0.0 99.92189080000001 0.0 148.9606872 0.8928571428571429 0.017857142857142856 0.08928571428571429 0.35714285714285715 0.14285714285714285 0.14285714285714285 0.14285714285714285 0.07142857142857142 0.07142857142857142 0.0 0.07142857142857142 0.5434782608695652 0.30434782608695654 0.021739130434782608 0.06521739130434782 0.06521739130434782 niudanyang 8Сʱ_mousemovements
88.97546025 0 443.235809 356.812988 550.6743266666667 0 1135.2921549999999 0 766.3336179999999 481.76528575000003 356.812988 443.235809 0 405.287079 738.21167 0 0.16666666666666666 0.3333333333333333 0.08333333333333333 0.08333333333333333 0.0 0.25 0.08333333333333333 0.0 172.88467632352942 0.0 111.923696 0.8947368421052632 0.02631578947368421 0.07894736842105263 0.3333333333333333 0.0 0.08333333333333333 0.08333333333333333 0.25 0.0 0.25 0.0 0.4375 0.21875 0.09375 0.03125 0.21875 niudanyang 8Сʱ_mousemovements
42.190544 0 465.65332 876.4270325 0 0 1046.405396 0 642.523621 1046.405396 1110.330444 0 68.381088 240.82666 0 0 0.16666666666666666 0.16666666666666666 0.16666666666666666 0.0 0.16666666666666666 0.3333333333333333 0.0 0.0 197.0172864117647 0 0 1.0 0.0 0.0 0.3333333333333333 0.0 0.16666666666666666 0.3333333333333333 0.0 0.0 0.16666666666666666 0.0 0.5 0.25 0.16666666666666666 0.08333333333333333 0.0 niudanyang 8Сʱ_mousemovements
72.10368881818181 0 400.4199116666667 634.0083005 0 0 1293.7017824999998 868.968414 553.8778213333334 287.4712681666667 493.14925074999996 0 147.635272 0 380.535492 877.087158 0.15 0.3 0.2 0.0 0.2 0.0 0.1 0.05 155.2283625714286 8.3994014 256.54226775 0.8235294117647058 0.09803921568627451 0.0784313725490196 0.55 0.0 0.15 0.1 0.0 0.0 0.1 0.1 0.6222222222222222 0.15555555555555556 0.15555555555555556 0.06666666666666667 0.0 niudanyang 8Сʱ_mousemovements
118.65411366666666 0 389.213745 0 0 573.604187 0 979.804138 0 481.408966 0 79.239403 9.174312 320.66302099999996 0 0 0.0 0.2222222222222222 0.0 0.1111111111111111 0.1111111111111111 0.5555555555555556 0.0 0.0 97.97675703703705 9.174312 0.0 0.9310344827586207 0.034482758620689655 0.034482758620689655 0.6666666666666666 0.0 0.1111111111111111 0.0 0.0 0.1111111111111111 0.0 0.1111111111111111 0.48 0.04 0.12 0.2 0.16 niudanyang 8Сʱ_mousemovements
73.416435 0 299.973236 792.5874635 1223.928589 4919.17627 0 0 0 4919.17627 363.588501 138.83287 0 1058.150635 350.401123 236.357971 0.0 0.125 0.125 0.125 0.0 0.25 0.25 0.125 368.4808316521739 0 0.0 0.9583333333333334 0.0 0.041666666666666664 0.25 0.0 0.25 0.25 0.125 0.125 0.0 0.0 0.47368421052631576 0.2631578947368421 0.15789473684210525 0.05263157894736842 0.05263157894736842 niudanyang 8Сʱ_mousemovements
148.912428 305.51967625 0 901.7359007499999 542.237854 1940.930664 1165.268311 0 1247.44753 504.135166 702.05452 380.172905 323.821701 208.6497934 14.2656215 0 0.14285714285714285 0.19047619047619047 0.09523809523809523 0.09523809523809523 0.14285714285714285 0.23809523809523808 0.09523809523809523 0.0 162.96713588333333 10.045291 74.18705 0.9090909090909091 0.06060606060606061 0.030303030303030304 0.47619047619047616 0.19047619047619047 0.0 0.19047619047619047 0.047619047619047616 0.047619047619047616 0.047619047619047616 0.0 0.5737704918032787 0.22950819672131148 0.06557377049180328 0.08196721311475409 0.04918032786885246 niudanyang 8Сʱ_mousemovements
51.26377366666667 245.644653 347.222382 0 0 958.108704 0 0 0 423.4733403333333 347.222382 178.327927 21.73913 13.8745955 0 13.09973 0.0 0.3333333333333333 0.1111111111111111 0.1111111111111111 0.1111111111111111 0.2222222222222222 0.0 0.1111111111111111 53.50843817857143 180.161056 0 0.9333333333333333 0.06666666666666667 0.0 0.6666666666666666 0.1111111111111111 0.1111111111111111 0.0 0.0 0.1111111111111111 0.0 0.0 0.5384615384615384 0.3076923076923077 0.038461538461538464 0.11538461538461539 0.0 niudanyang 8Сʱ_mousemovements
206.23885514285715 213.598587 0 0 631.793152 0 0 0 0 284.024948 0 0 273.110766 36.295256 213.598587 615.492432 0.0 0.2222222222222222 0.0 0.0 0.3333333333333333 0.2222222222222222 0.1111111111111111 0.1111111111111111 79.7795165 0.0 55.237263 0.9333333333333333 0.03333333333333333 0.03333333333333333 0.7777777777777778 0.1111111111111111 0.0 0.0 0.1111111111111111 0.0 0.0 0.0 0.5357142857142857 0.21428571428571427 0.10714285714285714 0.07142857142857142 0.07142857142857142 niudanyang 8Сʱ_mousemovements
126.85704483333332 286.15191649999997 756.539978 2833.858643 90.01281 0 0 0 18.130943 756.539978 416.102539 0 0 758.20892925 163.4470385 231.6771395 0.09090909090909091 0.09090909090909091 0.09090909090909091 0.0 0.0 0.36363636363636365 0.18181818181818182 0.18181818181818182 151.8021829375 31.2375358 0.0 0.8421052631578947 0.13157894736842105 0.02631578947368421 0.5454545454545454 0.18181818181818182 0.09090909090909091 0.09090909090909091 0.09090909090909091 0.0 0.0 0.0 0.7058823529411765 0.23529411764705882 0.029411764705882353 0.0 0.029411764705882353 niudanyang 8Сʱ_mousemovements
83.97736887500001 0 0 0 0 921.907898 0 0 0 0 214.870476 0 19.313709 522.835851 124.51813324999999 0 0.0 0.0 0.2 0.0 0.1 0.3 0.4 0.0 27.919133454545456 217.29729849999998 1466.819214 0.88 0.08 0.04 0.8 0.0 0.0 0.0 0.0 0.2 0.0 0.0 0.5454545454545454 0.13636363636363635 0.18181818181818182 0.09090909090909091 0.045454545454545456 niudanyang 8Сʱ_mousemovements
182.550598 702.360046 354.16360499999996 0 0 0 419.0743405 327.688995 0 298.483337 0 334.361023 702.360046 373.966187 349.96831233333336 0 0.0 0.14285714285714285 0.0 0.14285714285714285 0.14285714285714285 0.14285714285714285 0.42857142857142855 0.0 44.959886821428576 0.0 300.0397398 0.8235294117647058 0.029411764705882353 0.14705882352941177 0.14285714285714285 0.14285714285714285 0.2857142857142857 0.0 0.0 0.0 0.2857142857142857 0.14285714285714285 0.6428571428571429 0.17857142857142858 0.03571428571428571 0.07142857142857142 0.07142857142857142 niudanyang 8Сʱ_mousemovements
125.120201 541.5437523333334 494.59622149999996 0 900.562988 0 0 0 0 505.5367636666667 0 125.120201 0 665.9254656666666 0 0 0.0 0.42857142857142855 0.0 0.14285714285714285 0.0 0.42857142857142855 0.0 0.0 186.98007833333335 0 273.865479 0.9473684210526315 0.0 0.05263157894736842 0.14285714285714285 0.42857142857142855 0.2857142857142857 0.0 0.14285714285714285 0.0 0.0 0.0 0.375 0.3125 0.125 0.0625 0.125 niudanyang 8Сʱ_mousemovements
10.638298 0 0 0 1308.687866 0 0 0 1308.687866 0 0 0 10.638298 0 0 0 0.5 0.0 0.0 0.0 0.5 0.0 0.0 0.0 163.58598325 10.638298 0 0.8888888888888888 0.1111111111111111 0.0 0.5 0.0 0.0 0.0 0.5 0.0 0.0 0.0 0.5555555555555556 0.3333333333333333 0.0 0.0 0.1111111111111111 niudanyang 8Сʱ_mousemovements
134.90298980000003 140.492493 849.7084656666667 585.521667 763.052551 800.205566 972.186523 0 0 461.4843905 0 552.9131414999999 443.7472368333334 21.428572 886.1960445 0 0.0 0.15384615384615385 0.0 0.15384615384615385 0.46153846153846156 0.07692307692307693 0.15384615384615385 0.0 132.20682744186044 0.0 400.102783 0.9347826086956522 0.021739130434782608 0.043478260869565216 0.38461538461538464 0.07692307692307693 0.23076923076923078 0.07692307692307693 0.07692307692307693 0.07692307692307693 0.07692307692307693 0.0 0.5641025641025641 0.15384615384615385 0.07692307692307693 0.15384615384615385 0.05128205128205128 niudanyang 8Сʱ_mousemovements
0 0 0 0 0 0 0 755.153442 0 755.153442 0 0 0 0 0 0 0.0 1.0 0.0 0.0 0.0 0.0 0.0 0.0 0.0 0 755.153442 0.8333333333333334 0.0 0.16666666666666666 0.0 0.0 0.0 0.0 0.0 0.0 0.0 1.0 0.75 0.25 0.0 0.0 0.0 niudanyang 8Сʱ_mousemovements
184.76679733333333 161.271851 663.77655 1070.4583587500001 266.106964 0 734.029541 1962.518311 608.675171 1265.0546570000001 341.795013 0 734.029541 615.5013368000001 66.666664 0 0.08333333333333333 0.25 0.08333333333333333 0.0 0.08333333333333333 0.4166666666666667 0.08333333333333333 0.0 338.50260772 53.757283666666666 0 0.8928571428571429 0.10714285714285714 0.0 0.25 0.08333333333333333 0.08333333333333333 0.3333333333333333 0.08333333333333333 0.0 0.08333333333333333 0.08333333333333333 0.5454545454545454 0.18181818181818182 0.13636363636363635 0.09090909090909091 0.045454545454545456 niudanyang 8Сʱ_mousemovements
75.41237314285716 147.430756 330.729309 329.384552 0 0 4840.253906 0 147.430756 39.93471133333333 165.33756766666667 23.633287 64.55833742857143 238.0160895 979.0603777999999 0 0.038461538461538464 0.11538461538461539 0.11538461538461539 0.038461538461538464 0.2692307692307692 0.23076923076923078 0.19230769230769232 0.0 93.74220707894736 23.060473 92.14962775 0.9156626506024096 0.03614457831325301 0.04819277108433735 0.8076923076923077 0.038461538461538464 0.07692307692307693 0.038461538461538464 0.0 0.0 0.038461538461538464 0.0 0.5945945945945946 0.2702702702702703 0.06756756756756757 0.06756756756756757 0.0 niudanyang 8Сʱ_mousemovements
76.77107042857142 391.1863555 666.82916275 0 0 1684.9388125 826.8433224999999 1266.992432 1244.42511 595.285915 503.705688 0 372.48614 305.14391674999996 479.19267675000003 0 0.16666666666666666 0.16666666666666666 0.05555555555555555 0.0 0.16666666666666666 0.2222222222222222 0.2222222222222222 0.0 217.55706049999998 24.0342845 304.4978785 0.88 0.08 0.04 0.3888888888888889 0.1111111111111111 0.2222222222222222 0.0 0.0 0.1111111111111111 0.1111111111111111 0.05555555555555555 0.4318181818181818 0.29545454545454547 0.20454545454545456 0.06818181818181818 0.0 niudanyang 8Сʱ_mousemovements
81.97886700000001 1163.583252 0 282.979156 929.135925 893.690857 0 0 1163.583252 893.690857 0 0 476.1958695 140.70192 282.979156 0 0.16666666666666666 0.16666666666666666 0.0 0.0 0.3333333333333333 0.16666666666666666 0.16666666666666666 0.0 169.31040446666665 0.0 893.690857 0.8333333333333334 0.1111111111111111 0.05555555555555555 0.3333333333333333 0.16666666666666666 0.0 0.16666666666666666 0.16666666666666666 0.16666666666666666 0.0 0.0 0.7142857142857143 0.14285714285714285 0.07142857142857142 0.07142857142857142 0.0 niudanyang 8Сʱ_mousemovements
0 0 0 0 0 0 0 0 0 0 0 0 0 0 0 0 0 0 0 0 0 0 0 0 0 0 0 0 0 0 0 0 0 0 0 0 0 0 0 0 0 0 0 niudanyang 8Сʱ_mousemovements
0 0 0 0 0 0 0 0 0 0 0 0 0 0 0 0 0 0 0 0 0 0 0 0 0 0 0 0 0 0 0 0 0 0 0 0 0 0 0 0 0 0 0 niudanyang 8Сʱ_mousemovements
0 0 0 0 0 0 0 0 0 0 0 0 0 0 0 0 0 0 0 0 0 0 0 0 0 0 0 0 0 0 0 0 0 0 0 0 0 0 0 0 0 0 0 niudanyang 8Сʱ_mousemovements
0 0 0 0 0 0 0 0 0 0 0 0 0 0 0 0 0 0 0 0 0 0 0 0 0 0 0 0 0 0 0 0 0 0 0 0 0 0 0 0 0 0 0 niudanyang 8Сʱ_mousemovements
0 0 0 0 0 0 0 0 0 0 0 0 0 0 0 0 0 0 0 0 0 0 0 0 0 0 0 0 0 0 0 0 0 0 0 0 0 0 0 0 0 0 0 niudanyang 8Сʱ_mousemovements
0 0 0 0 0 0 0 0 0 0 0 0 0 0 0 0 0 0 0 0 0 0 0 0 0 0 0 0 0 0 0 0 0 0 0 0 0 0 0 0 0 0 0 niudanyang 8Сʱ_mousemovements
0 0 0 0 0 0 0 0 0 0 0 0 0 0 0 0 0 0 0 0 0 0 0 0 0 0 0 0 0 0 0 0 0 0 0 0 0 0 0 0 0 0 0 niudanyang 8Сʱ_mousemovements
0 0 0 0 0 0 0 0 0 0 0 0 0 0 0 0 0 0 0 0 0 0 0 0 0 0 0 0 0 0 0 0 0 0 0 0 0 0 0 0 0 0 0 niudanyang 8Сʱ_mousemovements
0 0 0 0 0 0 0 0 0 0 0 0 0 0 0 0 0 0 0 0 0 0 0 0 0 0 0 0 0 0 0 0 0 0 0 0 0 0 0 0 0 0 0 niudanyang 8Сʱ_mousemovements
0 0 0 0 0 0 0 0 0 0 0 0 0 0 0 0 0 0 0 0 0 0 0 0 0 0 0 0 0 0 0 0 0 0 0 0 0 0 0 0 0 0 0 niudanyang 8Сʱ_mousemovements
0 0 0 0 0 0 0 0 0 0 0 0 0 0 0 0 0 0 0 0 0 0 0 0 0 0 0 0 0 0 0 0 0 0 0 0 0 0 0 0 0 0 0 niudanyang 8Сʱ_mousemovements
0 0 0 0 0 0 0 0 0 0 0 0 0 0 0 0 0 0 0 0 0 0 0 0 0 0 0 0 0 0 0 0 0 0 0 0 0 0 0 0 0 0 0 niudanyang 8Сʱ_mousemovements
0 0 0 0 0 0 0 0 0 0 0 0 0 0 0 0 0 0 0 0 0 0 0 0 0 0 0 0 0 0 0 0 0 0 0 0 0 0 0 0 0 0 0 niudanyang 8Сʱ_mousemovements
0 0 0 0 0 0 0 0 0 0 0 0 0 0 0 0 0 0 0 0 0 0 0 0 0 0 0 0 0 0 0 0 0 0 0 0 0 0 0 0 0 0 0 niudanyang 8Сʱ_mousemovements
0 0 0 0 0 0 0 0 0 0 0 0 0 0 0 0 0 0 0 0 0 0 0 0 0 0 0 0 0 0 0 0 0 0 0 0 0 0 0 0 0 0 0 niudanyang 8Сʱ_mousemovements
0 0 0 0 0 0 0 0 0 0 0 0 0 0 0 0 0 0 0 0 0 0 0 0 0 0 0 0 0 0 0 0 0 0 0 0 0 0 0 0 0 0 0 niudanyang 8Сʱ_mousemovements
110.840088 0 0 572.481354 0 0 0 0 0 0 0 588.878235 0 110.840088 556.084473 0 0.0 0.0 0.0 0.3333333333333333 0.0 0.3333333333333333 0.3333333333333333 0.0 209.300466 0 0 1.0 0.0 0.0 0.3333333333333333 0.0 0.0 0.6666666666666666 0.0 0.0 0.0 0.0 0.2 0.4 0.2 0.2 0.0 niudanyang 8Сʱ_mousemovements
0 0 0 0 0 0 0 0 0 0 0 0 0 0 0 0 0 0 0 0 0 0 0 0 0 0 0 0 0 0 0 0 0 0 0 0 0 0 0 0 0 0 0 niudanyang 8Сʱ_mousemovements
0 0 0 0 0 0 0 0 0 0 0 0 0 0 0 0 0 0 0 0 0 0 0 0 0 0 0 0 0 0 0 0 0 0 0 0 0 0 0 0 0 0 0 niudanyang 8Сʱ_mousemovements
0 0 0 0 0 0 0 0 0 0 0 0 0 0 0 0 0 0 0 0 0 0 0 0 0 0 0 0 0 0 0 0 0 0 0 0 0 0 0 0 0 0 0 niudanyang 8Сʱ_mousemovements
0 0 0 0 0 0 0 0 0 0 0 0 0 0 0 0 0 0 0 0 0 0 0 0 0 0 0 0 0 0 0 0 0 0 0 0 0 0 0 0 0 0 0 niudanyang 8Сʱ_mousemovements
0 0 0 0 0 0 0 0 0 0 0 0 0 0 0 0 0 0 0 0 0 0 0 0 0 0 0 0 0 0 0 0 0 0 0 0 0 0 0 0 0 0 0 niudanyang 8Сʱ_mousemovements
155.417969 507.190979 140.069458 0 0 0 0 0 507.190979 151.58084125 0 0 0 0 0 0 0.2 0.8 0.0 0.0 0.0 0.0 0.0 0.0 60.840305375 0 140.069458 0.9411764705882353 0.0 0.058823529411764705 0.6 0.2 0.2 0.0 0.0 0.0 0.0 0.0 0.7142857142857143 0.21428571428571427 0.07142857142857142 0.0 0.0 niudanyang 8Сʱ_mousemovements
0 0 0 0 0 0 0 0 0 0 0 0 0 0 0 0 0 0 0 0 0 0 0 0 0 0 0 0 0 0 0 0 0 0 0 0 0 0 0 0 0 0 0 niudanyang 8Сʱ_mousemovements
324.70999250000006 0 0 1002.580719 0 520.622253 0 0 902.6496786666667 0 234.34864033333335 108.644714 0 172.583176 266.38089 898.479004 0.2727272727272727 0.0 0.2727272727272727 0.09090909090909091 0.0 0.09090909090909091 0.18181818181818182 0.09090909090909091 145.32470479411762 0 60.80788933333334 0.918918918918919 0.0 0.08108108108108109 0.7272727272727273 0.0 0.0 0.18181818181818182 0.0 0.09090909090909091 0.0 0.0 0.5483870967741935 0.22580645161290322 0.1935483870967742 0.03225806451612903 0.0 niudanyang 8Сʱ_mousemovements
0 0 0 0 0 0 0 0 0 0 0 0 0 0 0 0 0 0 0 0 0 0 0 0 0 0 0 0 0 0 0 0 0 0 0 0 0 0 0 0 0 0 0 niudanyang 8Сʱ_mousemovements
0 374.958588 1151.72818 0 0 548.861084 0 0 0 1151.72818 0 0 0 548.861084 374.958588 0 0.0 0.5 0.0 0.0 0.0 0.25 0.25 0.0 322.7276032 0 0 1.0 0.0 0.0 0.0 0.25 0.5 0.0 0.0 0.25 0.0 0.0 0.42857142857142855 0.2857142857142857 0.14285714285714285 0.0 0.14285714285714285 niudanyang 8Сʱ_mousemovements
45.85233466666667 316.32775599999997 0 0 0 0 685.021545 711.228882 0 366.9706955 356.634842 0 0 265.61122266666666 238.745956 0 0.0 0.25 0.25 0.0 0.0 0.375 0.125 0.0 58.68905817073172 0 38.269657 0.9534883720930233 0.0 0.046511627906976744 0.375 0.375 0.0 0.0 0.0 0.0 0.125 0.125 0.7142857142857143 0.2 0.05714285714285714 0.0 0.02857142857142857 niudanyang 8Сʱ_mousemovements
67.49867333333333 376.1153415 0 344.837311 440.491974 0 0 0 220.2464525 226.65624350000002 0 0 344.837311 250.7066425 0 0 0.2857142857142857 0.2857142857142857 0.0 0.0 0.14285714285714285 0.2857142857142857 0.0 0.0 72.75779810526316 12.820513 344.837311 0.9047619047619048 0.047619047619047616 0.047619047619047616 0.42857142857142855 0.2857142857142857 0.0 0.14285714285714285 0.14285714285714285 0.0 0.0 0.0 0.4444444444444444 0.3888888888888889 0.0 0.05555555555555555 0.1111111111111111 niudanyang 8Сʱ_mousemovements
61.879654666666674 449.86398333333335 269.569473 0 350.526642 0 0 0 723.02533 182.3892115 188.187317 41.686989 0 184.11168166666664 0 0 0.08333333333333333 0.16666666666666666 0.16666666666666666 0.08333333333333333 0.0 0.5 0.0 0.0 80.94770283333334 167.8526 7.1258905 0.9090909090909091 0.030303030303030304 0.06060606060606061 0.5 0.25 0.16666666666666666 0.0 0.08333333333333333 0.0 0.0 0.0 0.5172413793103449 0.20689655172413793 0.10344827586206896 0.13793103448275862 0.034482758620689655 niudanyang 8Сʱ_mousemovements
155.16065483333333 198.2678415 640.56189 1095.384155 0 0 0 0 0 446.4597803999999 312.071228 0 234.622604 99.99423399999999 84.464455 0 0.0 0.5 0.1 0.0 0.1 0.2 0.1 0.0 90.08205078787879 0 45.3689905 0.9428571428571428 0.0 0.05714285714285714 0.6 0.2 0.1 0.1 0.0 0.0 0.0 0.0 0.40625 0.34375 0.21875 0.03125 0.0 niudanyang 8Сʱ_mousemovements
0 0 0 0 0 0 0 0 0 0 0 0 0 0 0 0 0 0 0 0 0 0 0 0 0 0 0 0 0 0 0 0 0 0 0 0 0 0 0 0 0 0 0 niudanyang 8Сʱ_mousemovements
0 0 0 0 0 0 0 0 0 0 0 0 0 0 0 0 0 0 0 0 0 0 0 0 0 0 0 0 0 0 0 0 0 0 0 0 0 0 0 0 0 0 0 niudanyang 8Сʱ_mousemovements
142.35240199999998 228.941574 281.591675 1142.8125 835.805176 472.845673 1159.2200619999999 1522.119019 835.805176 700.840637 0 263.29496266666666 807.8290865 102.161217 1121.564438 0 0.08333333333333333 0.08333333333333333 0.0 0.25 0.16666666666666666 0.16666666666666666 0.25 0.0 180.47074228205128 0.0 472.845673 0.9512195121951219 0.024390243902439025 0.024390243902439025 0.25 0.08333333333333333 0.16666666666666666 0.08333333333333333 0.08333333333333333 0.08333333333333333 0.16666666666666666 0.08333333333333333 0.4444444444444444 0.3611111111111111 0.08333333333333333 0.08333333333333333 0.027777777777777776 niudanyang 8Сʱ_mousemovements
0 0 1017.25 305.612946 0 0 0 0 0 1017.25 305.612946 0 0 0 0 0 0.0 0.5 0.5 0.0 0.0 0.0 0.0 0.0 113.02777777777777 0 152.806473 0.8181818181818182 0.0 0.18181818181818182 0.0 0.0 0.5 0.5 0.0 0.0 0.0 0.0 0.625 0.375 0.0 0.0 0.0 niudanyang 8Сʱ_mousemovements
14.472616666666667 3209.936279 218.422592 232.12418350000002 861.636841 780.144104 0 0 0 0 928.568268 0 171.2044065 1611.3579155 76.23892599999999 432.351921 0.0 0.0 0.2 0.0 0.2 0.2 0.2 0.2 225.62735088000002 10.638298 394.060402 0.8928571428571429 0.03571428571428571 0.07142857142857142 0.3 0.1 0.1 0.2 0.2 0.1 0.0 0.0 0.4782608695652174 0.30434782608695654 0.043478260869565216 0.13043478260869565 0.043478260869565216 niudanyang 8Сʱ_mousemovements
43.313709 175.978455 136.266525 1510.986084 0 0 0 873.575012 0 0 1510.986084 175.978455 0 43.313709 504.9207685 0 0.0 0.0 0.2 0.2 0.0 0.2 0.4 0.0 185.98951857142856 0.0 136.266525 0.875 0.0625 0.0625 0.2 0.2 0.2 0.2 0.0 0.0 0.0 0.2 0.5 0.14285714285714285 0.14285714285714285 0.07142857142857142 0.14285714285714285 niudanyang 8Сʱ_mousemovements
83.698162 893.2708130000001 318.904327 0 0 632.445496 0 0 1139.179932 0 0 647.361694 394.601761 164.77131250000002 0 0 0.16666666666666666 0.0 0.0 0.16666666666666666 0.3333333333333333 0.3333333333333333 0.0 0.0 181.5804858125 0.0 0 0.9411764705882353 0.058823529411764705 0.0 0.3333333333333333 0.3333333333333333 0.16666666666666666 0.0 0.0 0.16666666666666666 0.0 0.0 0.5333333333333333 0.2 0.13333333333333333 0.13333333333333333 0.0 niudanyang 8Сʱ_mousemovements
131.677268 575.534119 533.188212 0 0 644.372253 0 0 0 278.92376114285713 0 589.562439 18.348623 404.784973 0 644.372253 0.0 0.6363636363636364 0.0 0.09090909090909091 0.09090909090909091 0.09090909090909091 0.0 0.09090909090909091 113.57890911538463 0 328.2414895 0.9285714285714286 0.0 0.07142857142857142 0.5454545454545454 0.09090909090909091 0.2727272727272727 0.0 0.0 0.09090909090909091 0.0 0.0 0.48 0.32 0.12 0.08 0.0 niudanyang 8Сʱ_mousemovements
180.79144433333332 204.97029500000002 356.916463 562.0092314999999 524.1991270000001 628.1979065 0 0 74.009079 224.73446433333334 1058.255859 703.55954 267.504585 255.26418416666664 61.314587 520.925842 0.05 0.3 0.05 0.1 0.1 0.3 0.05 0.05 127.81530832000004 48.62003066666667 0 0.9433962264150944 0.05660377358490566 0.0 0.45 0.1 0.15 0.1 0.1 0.1 0.0 0.0 0.4791666666666667 0.20833333333333334 0.14583333333333334 0.08333333333333333 0.08333333333333333 niudanyang 8Сʱ_mousemovements
127.79760060000001 282.32859959999996 689.8505859999999 521.598083 1336.5354465 0 0 0 408.11103299999996 80.231041 71.314629 1236.4152073333332 0 321.430542 122.9874245 285.404892 0.2 0.13333333333333333 0.06666666666666667 0.2 0.0 0.13333333333333333 0.13333333333333333 0.13333333333333333 144.4919737948718 0.0 329.938057 0.9069767441860465 0.023255813953488372 0.06976744186046512 0.3333333333333333 0.3333333333333333 0.13333333333333333 0.06666666666666667 0.13333333333333333 0.0 0.0 0.0 0.6470588235294118 0.20588235294117646 0.08823529411764706 0.058823529411764705 0.0 niudanyang 8Сʱ_mousemovements
36.576705375 305.018372 573.9737323333334 636.265686 0 711.919495 896.6195476666667 0 682.75 0 1229.0717164999999 360.7628515 15.225454000000001 191.88909033333334 124.944817 396.149211 0.058823529411764705 0.0 0.11764705882352941 0.11764705882352941 0.11764705882352941 0.35294117647058826 0.058823529411764705 0.17647058823529413 123.3007566590909 17.428717499999998 299.16876933333333 0.8979591836734694 0.04081632653061224 0.061224489795918366 0.47058823529411764 0.058823529411764705 0.17647058823529413 0.058823529411764705 0.0 0.058823529411764705 0.17647058823529413 0.0 0.5952380952380952 0.23809523809523808 0.09523809523809523 0.023809523809523808 0.047619047619047616 niudanyang 8Сʱ_mousemovements
119.69536227272725 0 700.763062 675.273315 1024.6052245 1200.4667355 791.770508 0 96.28196 21.276596 1050.3410334999999 357.6916515 806.3365475 108.1748325 113.6797215 557.3025895000001 0.05555555555555555 0.05555555555555555 0.1111111111111111 0.2222222222222222 0.1111111111111111 0.1111111111111111 0.1111111111111111 0.2222222222222222 163.35289623255812 0 303.475084 0.9347826086956522 0.0 0.06521739130434782 0.6111111111111112 0.0 0.05555555555555555 0.05555555555555555 0.1111111111111111 0.1111111111111111 0.05555555555555555 0.0 0.4883720930232558 0.2558139534883721 0.16279069767441862 0.046511627906976744 0.046511627906976744 niudanyang 8Сʱ_mousemovements
168.89166500000002 173.47492599999998 402.739212 426.815674 557.027283 1439.3921815 0 0 380.415192 305.850446 0 1239.421616 435.332977 222.00561825 168.44788 395.6839843333334 0.0625 0.1875 0.0 0.125 0.0625 0.25 0.125 0.1875 120.10464214000001 0 206.29360599999998 0.9433962264150944 0.0 0.05660377358490566 0.4375 0.125 0.125 0.125 0.0625 0.125 0.0 0.0 0.6170212765957447 0.1276595744680851 0.06382978723404255 0.10638297872340426 0.0851063829787234 niudanyang 8Сʱ_mousemovements
56.264992750000005 217.33903149999998 328.35686499999997 0 699.3630215 654.8694005 676.2315065 0 211.83965033333334 305.82169375 250.142776 201.76988599999999 374.65991575 60.9462735 349.363312 586.0148009999999 0.125 0.16666666666666666 0.041666666666666664 0.08333333333333333 0.16666666666666666 0.25 0.041666666666666664 0.125 61.15787208196721 54.2918185 377.85706557142856 0.8714285714285714 0.02857142857142857 0.1 0.5 0.08333333333333333 0.16666666666666666 0.0 0.08333333333333333 0.08333333333333333 0.08333333333333333 0.0 0.5833333333333334 0.2 0.06666666666666667 0.11666666666666667 0.03333333333333333 niudanyang 8Сʱ_mousemovements
212.30574575000003 431.09658833333333 273.0932615 781.717438 792.6650085 665.248352 0 867.113831 657.0008343333334 275.61487975 223.310028 652.273036 150.7081985 286.163727 0 867.113831 0.15789473684210525 0.21052631578947367 0.05263157894736842 0.21052631578947367 0.10526315789473684 0.21052631578947367 0.0 0.05263157894736842 123.75220194117648 187.662424 766.1810915 0.9272727272727272 0.03636363636363636 0.03636363636363636 0.42105263157894735 0.15789473684210525 0.10526315789473684 0.10526315789473684 0.10526315789473684 0.05263157894736842 0.0 0.05263157894736842 0.4375 0.3541666666666667 0.020833333333333332 0.08333333333333333 0.10416666666666667 niudanyang 8Сʱ_mousemovements
171.69785800000002 154.983475 387.178314 784.582748 363.618866 0 0 0 324.531555 191.24151350000002 0 1084.689941 0 154.983475 387.178314 484.475555 0.14285714285714285 0.2857142857142857 0.0 0.14285714285714285 0.0 0.14285714285714285 0.14285714285714285 0.14285714285714285 114.97801004347826 0 57.949211999999996 0.8846153846153846 0.0 0.11538461538461539 0.2857142857142857 0.14285714285714285 0.14285714285714285 0.2857142857142857 0.14285714285714285 0.0 0.0 0.0 0.5454545454545454 0.18181818181818182 0.09090909090909091 0.13636363636363635 0.045454545454545456 niudanyang 8Сʱ_mousemovements
88.35212424999999 0 164.05329899999998 0 0 619.085917 986.0260925 0 0 92.31154049999999 0 986.0260925 0 88.847122 159.598885 619.085917 0.0 0.18181818181818182 0.0 0.18181818181818182 0.0 0.18181818181818182 0.18181818181818182 0.2727272727272727 112.94259714814815 70.5649565 660.1224975 0.8709677419354839 0.06451612903225806 0.06451612903225806 0.36363636363636365 0.0 0.18181818181818182 0.0 0.0 0.2727272727272727 0.18181818181818182 0.0 0.48 0.16 0.16 0.04 0.16 niudanyang 8Сʱ_mousemovements
199.5523605 0 618.440857 622.508728 0 0 0 0 0 122.998932 0 749.8399355 275.0724525 125.065605 0 363.778442 0.0 0.14285714285714285 0.0 0.2857142857142857 0.2857142857142857 0.14285714285714285 0.0 0.14285714285714285 90.53432116666666 0 244.4220235 0.9230769230769231 0.0 0.07692307692307693 0.5714285714285714 0.0 0.14285714285714285 0.2857142857142857 0.0 0.0 0.0 0.0 0.6086956521739131 0.13043478260869565 0.17391304347826086 0.043478260869565216 0.043478260869565216 niudanyang 8Сʱ_mousemovements
241.84473985714286 0 377.473778 0 0 0 0 0 477.41954566666664 147.855515 81.695679 607.092041 50.5930215 77.77282 0 0 0.3333333333333333 0.1111111111111111 0.1111111111111111 0.1111111111111111 0.2222222222222222 0.1111111111111111 0.0 0.0 109.36524640909091 0.0 41.825314 0.88 0.08 0.04 0.7777777777777778 0.0 0.2222222222222222 0.0 0.0 0.0 0.0 0.0 0.5238095238095238 0.19047619047619047 0.23809523809523808 0.047619047619047616 0.0 niudanyang 8Сʱ_mousemovements
134.02632575 297.17727075 0 0 550.526886 0 0 0 415.257263 0 392.5168035 0 192.60226 109.4820345 211.359039 405.02483 0.1 0.0 0.2 0.0 0.2 0.2 0.1 0.2 72.8716043030303 0 140.36840533333336 0.9166666666666666 0.0 0.08333333333333333 0.4 0.4 0.0 0.0 0.2 0.0 0.0 0.0 0.45454545454545453 0.18181818181818182 0.09090909090909091 0.12121212121212122 0.15151515151515152 niudanyang 8Сʱ_mousemovements
343.62303549999996 868.294586 0 0 0 0 0 0 0 939.526245 0 771.9828389999999 195.0870475 0 0 76.339264 0.0 0.125 0.0 0.375 0.25 0.0 0.0 0.25 179.6717550952381 0 25.220528 0.9545454545454546 0.0 0.045454545454545456 0.75 0.25 0.0 0.0 0.0 0.0 0.0 0.0 0.5882352941176471 0.35294117647058826 0.058823529411764705 0.0 0.0 niudanyang 8Сʱ_mousemovements
237.40217875000002 173.371658 443.116806 1769.751831 496.37735 354.433044 694.067566 0 0 253.664035 297.02251666666666 0 460.7759935 384.66767366666664 1249.1019923333333 522.014587 0.0 0.2631578947368421 0.15789473684210525 0.0 0.21052631578947367 0.15789473684210525 0.15789473684210525 0.05263157894736842 207.05243015000002 76.989172 263.902351 0.8 0.16 0.04 0.42105263157894735 0.05263157894736842 0.21052631578947367 0.10526315789473684 0.10526315789473684 0.05263157894736842 0.05263157894736842 0.0 0.6444444444444445 0.13333333333333333 0.06666666666666667 0.1111111111111111 0.044444444444444446 niudanyang 8Сʱ_mousemovements
163.49319799999998 619.546097 957.380676 528.3079375 0 0 0 0 528.3079375 0 264.735657 149.968689 671.667348 284.29198975 230.103806 0 0.16666666666666666 0.0 0.08333333333333333 0.08333333333333333 0.25 0.3333333333333333 0.08333333333333333 0.0 90.7118690425532 0 295.0680925 0.9591836734693877 0.0 0.04081632653061224 0.5 0.25 0.08333333333333333 0.16666666666666666 0.0 0.0 0.0 0.0 0.625 0.225 0.1 0.025 0.025 niudanyang 8Сʱ_mousemovements
163.53796533333335 0 200.385788 0 0 0 0 0 0 17.44186 200.385788 0 0 236.58601800000002 0 0 0.0 0.25 0.25 0.0 0.0 0.5 0.0 0.0 69.0999684 0 0 1.0 0.0 0.0 0.75 0.0 0.25 0.0 0.0 0.0 0.0 0.0 0.5714285714285714 0.42857142857142855 0.0 0.0 0.0 niudanyang 8Сʱ_mousemovements
0 0 0 0 0 0 0 0 0 0 0 0 0 0 0 0 0 0 0 0 0 0 0 0 0 0 0 0 0 0 0 0 0 0 0 0 0 0 0 0 0 0 0 niudanyang 8Сʱ_mousemovements
0 0 0 0 0 0 0 0 0 0 0 0 0 0 0 0 0 0 0 0 0 0 0 0 0.0 0 0 1.0 0.0 0.0 0 0 0 0 0 0 0 0 1.0 0.0 0.0 0.0 0.0 niudanyang 8Сʱ_mousemovements
392.457825 0 0 0 0 0 0 0 0 392.457825 0 0 0 0 0 0 0.0 1.0 0.0 0.0 0.0 0.0 0.0 0.0 98.11445625 0 0 1.0 0.0 0.0 1.0 0.0 0.0 0.0 0.0 0.0 0.0 0.0 0.6666666666666666 0.0 0.3333333333333333 0.0 0.0 niudanyang 8Сʱ_mousemovements
0 0 0 0 0 0 0 0 0 0 0 0 0 0 0 0 0 0 0 0 0 0 0 0 0 0 0 0 0 0 0 0 0 0 0 0 0 0 0 0 0 0 0 niudanyang 8Сʱ_mousemovements
0 0 0 0 0 0 0 0 0 0 0 0 0 0 0 0 0 0 0 0 0 0 0 0 0 0 0 0 0 0 0 0 0 0 0 0 0 0 0 0 0 0 0 niudanyang 8Сʱ_mousemovements
0 0 0 0 0 0 0 0 0 0 0 0 0 0 0 0 0 0 0 0 0 0 0 0 0 0 0 0 0 0 0 0 0 0 0 0 0 0 0 0 0 0 0 niudanyang 8Сʱ_mousemovements
133.540543 0 0 0 0 993.878113 0 0 0 133.540543 0 0 0 0 993.878113 0 0.0 0.5 0.0 0.0 0.0 0.0 0.5 0.0 140.927332 0 0 1.0 0.0 0.0 0.5 0.0 0.0 0.0 0.0 0.5 0.0 0.0 0.5714285714285714 0.0 0.2857142857142857 0.0 0.14285714285714285 niudanyang 8Сʱ_mousemovements
26.061024799999995 212.562836 241.195511 584.976364 0 0 815.883789 0 24.387239 517.114235 0 437.4436665 26.348564600000003 205.04887899999997 9.906305 0 0.06666666666666667 0.13333333333333333 0.0 0.13333333333333333 0.3333333333333333 0.2 0.13333333333333333 0.0 48.21794842857144 0 0 1.0 0.0 0.0 0.6666666666666666 0.06666666666666667 0.06666666666666667 0.13333333333333333 0.0 0.0 0.06666666666666667 0.0 0.7058823529411765 0.1568627450980392 0.0392156862745098 0.0196078431372549 0.0784313725490196 niudanyang 8Сʱ_mousemovements
111.97335299999999 0 0 0 2957.295166 0 0 0 0 2957.295166 0 38.32085 136.52418733333332 0 0 0 0.0 0.2 0.0 0.2 0.6 0.0 0.0 0.0 141.88285741666667 0 0 1.0 0.0 0.0 0.8 0.0 0.0 0.0 0.2 0.0 0.0 0.0 0.7727272727272727 0.09090909090909091 0.0 0.13636363636363635 0.0 niudanyang 8Сʱ_mousemovements
0 0 362.513306 0 0 0 0 0 0 0 0 0 0 0 362.513306 0 0.0 0.0 0.0 0.0 0.0 0.0 1.0 0.0 181.256653 0 0 1.0 0.0 0.0 0.0 0.0 1.0 0.0 0.0 0.0 0.0 0.0 0.0 0.0 1.0 0.0 0.0 niudanyang 8Сʱ_mousemovements
196.66340016666663 0 277.357361 166.084122 0 0 0 0 0 132.612797 736.013611 68.220627 0 156.554385 84.298897 0 0.0 0.25 0.125 0.125 0.0 0.375 0.125 0.0 63.14168795454545 166.084122 68.220627 0.9166666666666666 0.041666666666666664 0.041666666666666664 0.75 0.0 0.125 0.125 0.0 0.0 0.0 0.0 0.7 0.15 0.1 0.0 0.05 niudanyang 8Сʱ_mousemovements
21.091144399999997 0 172.846893 575.420349 0 0 732.7566835 0 0 0 502.484207 0 0 166.2516945 216.42037966666666 0 0.0 0.0 0.2222222222222222 0.0 0.0 0.4444444444444444 0.3333333333333333 0.0 78.70658951851853 172.846893 10.6557605 0.9 0.03333333333333333 0.06666666666666667 0.5555555555555556 0.0 0.1111111111111111 0.1111111111111111 0.0 0.0 0.2222222222222222 0.0 0.6296296296296297 0.2222222222222222 0.037037037037037035 0.07407407407407407 0.037037037037037035 niudanyang 8Сʱ_mousemovements
0 0 0 0 0 0 0 0 0 0 0 0 0 0 0 0 0 0 0 0 0 0 0 0 0 0 0 0 0 0 0 0 0 0 0 0 0 0 0 0 0 0 0 niudanyang 8Сʱ_mousemovements
96.60058233333335 465.911987 716.161621 0 1066.773315 0 0 0 0 716.161621 0 241.713608 10.638298 1066.773315 465.911987 37.449841 0.0 0.16666666666666666 0.0 0.16666666666666666 0.16666666666666666 0.16666666666666666 0.16666666666666666 0.16666666666666666 104.216617875 0.0 37.449841 0.9230769230769231 0.038461538461538464 0.038461538461538464 0.5 0.16666666666666666 0.16666666666666666 0.0 0.16666666666666666 0.0 0.0 0.0 0.6666666666666666 0.20833333333333334 0.125 0.0 0.0 niudanyang 8Сʱ_mousemovements
0 0 0 0 0 0 0 0 0 0 0 0 0 0 0 0 0 0 0 0 0 0 0 0 0 0 0 0 0 0 0 0 0 0 0 0 0 0 0 0 0 0 0 niudanyang 8Сʱ_mousemovements
79.6859592 438.931381 178.392075 221.964249 0 0 0 667.885132 0 94.5151865 0 145.202015 328.081914 7.218951 667.885132 205.749786 0.0 0.2 0.0 0.2 0.3 0.1 0.1 0.1 58.058770624999994 5.319149 95.20301119999999 0.8205128205128205 0.05128205128205128 0.1282051282051282 0.5 0.2 0.1 0.1 0.0 0.0 0.0 0.1 0.5142857142857142 0.2571428571428571 0.2 0.02857142857142857 0.0 niudanyang 8Сʱ_mousemovements
80.65281722222223 279.822744 360.637207 581.0456695 0 2329.355957 0 0 0 1169.428225 360.637207 206.2618255 253.464462 277.59275425 133.9593815 152.273315 0.0 0.125 0.0625 0.125 0.125 0.25 0.25 0.0625 73.28903285714286 4.5454545 260.8302682 0.8888888888888888 0.031746031746031744 0.07936507936507936 0.5625 0.1875 0.0625 0.125 0.0 0.0625 0.0 0.0 0.5892857142857143 0.16071428571428573 0.16071428571428573 0.05357142857142857 0.03571428571428571 niudanyang 8Сʱ_mousemovements
85.533528 380.60141 180.8246535 399.18519100000003 803.062317 0 0 0 1082.050659 171.91015224999998 354.77318833333334 0 588.4933066666667 96.571144 75.110004 419.9109345 0.05555555555555555 0.2222222222222222 0.16666666666666666 0.0 0.16666666666666666 0.05555555555555555 0.2222222222222222 0.1111111111111111 120.49817834883721 30.2064572 125.96745675000001 0.8269230769230769 0.09615384615384616 0.07692307692307693 0.4444444444444444 0.05555555555555555 0.1111111111111111 0.16666666666666666 0.2222222222222222 0.0 0.0 0.0 0.5227272727272727 0.29545454545454547 0.13636363636363635 0.045454545454545456 0.0 niudanyang 8Сʱ_mousemovements
88.21011981818184 301.653351 658.279718 277.723206 588.008362 966.382477 683.747742 0 689.7039570000001 172.84408575 0 567.407532 374.4636236 18.181818 276.82063300000004 376.285622 0.12 0.16 0.0 0.04 0.4 0.04 0.16 0.08 126.72983745762711 6.862170000000001 287.83926319999995 0.855072463768116 0.07246376811594203 0.07246376811594203 0.44 0.16 0.2 0.04 0.04 0.08 0.04 0.0 0.5 0.1935483870967742 0.16129032258064516 0.08064516129032258 0.06451612903225806 niudanyang 8Сʱ_mousemovements
63.7467135 394.215332 726.317459 733.290894 0 0 0 473.640289 118.319115 473.640289 394.215332 0 566.636392 0 0 614.240921 0.125 0.125 0.125 0.0 0.375 0.0 0.0 0.25 90.41157818518519 9.174312 366.06970774999996 0.84375 0.03125 0.125 0.25 0.125 0.25 0.25 0.0 0.0 0.0 0.125 0.6666666666666666 0.07407407407407407 0.2222222222222222 0.0 0.037037037037037035 niudanyang 8Сʱ_mousemovements
32.92091933333334 312.641161 155.287079 532.633179 456.9535065 0 0 0 0 118.390031 238.20211799999998 0 0 88.740145 607.9033410000001 0 0.0 0.36363636363636365 0.18181818181818182 0.0 0.0 0.18181818181818182 0.2727272727272727 0.0 75.39999323684209 3.030303 38.4320105 0.8837209302325582 0.06976744186046512 0.046511627906976744 0.2727272727272727 0.36363636363636365 0.09090909090909091 0.09090909090909091 0.18181818181818182 0.0 0.0 0.0 0.5277777777777778 0.2222222222222222 0.08333333333333333 0.1388888888888889 0.027777777777777776 niudanyang 8Сʱ_mousemovements
153.03592628571428 275.5404125 341.5209505 934.582642 1023.2436825 583.49054 1400.854736 708.471497 353.177124 731.7876218 0 76.140091 583.49054 545.08232175 214.195724 133.515564 0.05555555555555555 0.2777777777777778 0.0 0.05555555555555555 0.05555555555555555 0.4444444444444444 0.05555555555555555 0.05555555555555555 201.5488063043478 54.435318 0.0 0.92 0.04 0.04 0.3888888888888889 0.1111111111111111 0.1111111111111111 0.05555555555555555 0.1111111111111111 0.05555555555555555 0.1111111111111111 0.05555555555555555 0.3902439024390244 0.2926829268292683 0.0975609756097561 0.12195121951219512 0.0975609756097561 niudanyang 8Сʱ_mousemovements
131.4550715 3891.5182495 177.97995 509.89595375 0 0 1564.117676 0 1565.508179 2930.258992333334 232.260849 177.97995 475.913513 127.85902 0 0 0.08333333333333333 0.25 0.25 0.08333333333333333 0.08333333333333333 0.25 0.0 0.0 254.3765446818182 0 224.492565 0.9166666666666666 0.0 0.08333333333333333 0.3333333333333333 0.16666666666666666 0.08333333333333333 0.3333333333333333 0.0 0.0 0.08333333333333333 0.0 0.41025641025641024 0.2564102564102564 0.3076923076923077 0.02564102564102564 0.0 niudanyang 8Сʱ_mousemovements
222.631989 134.905029 402.656189 1864.703125 0 0 0 0 134.905029 312.644089 0 0 0 0 0 1864.703125 0.25 0.5 0.0 0.0 0.0 0.0 0.0 0.25 123.45778572222223 0.0 402.656189 0.9 0.05 0.05 0.25 0.25 0.25 0.25 0.0 0.0 0.0 0.0 0.6111111111111112 0.2222222222222222 0.1111111111111111 0.05555555555555555 0.0 niudanyang 8Сʱ_mousemovements
