44.168137333333334 254.2447965 281.297882 0 0 519.508972 619.4238585 0 522.677185 109.045601 0 281.297882 519.508972 716.170532 132.987101 0 0.1111111111111111 0.1111111111111111 0.0 0.1111111111111111 0.1111111111111111 0.1111111111111111 0.4444444444444444 0.0 36.378854960000005 12.820513 586.1188963333334 0.8620689655172413 0.034482758620689655 0.10344827586206896 0.3333333333333333 0.2222222222222222 0.1111111111111111 0.0 0.0 0.1111111111111111 0.2222222222222222 0.0 0.64 0.08 0.08 0.08 0.12 niudanyang 4Сʱ_mousemovements
0 0 0 0 0 0 0 0 0 0 0 0 0 0 0 0 0 0 0 0 0 0 0 0 0 0 0 0 0 0 0 0 0 0 0 0 0 0 0 0 0 0 0 niudanyang 4Сʱ_mousemovements
15.873015 0 302.2078555 0 0 0 0 0 0 136.2575525 0 0 0 347.773621 0 0 0.0 0.6666666666666666 0.0 0.0 0.0 0.3333333333333333 0.0 0.0 38.64151344444444 15.873015 256.64209 0.8181818181818182 0.09090909090909091 0.09090909090909091 0.3333333333333333 0.0 0.6666666666666666 0.0 0.0 0.0 0.0 0.0 0.6666666666666666 0.1111111111111111 0.0 0.0 0.2222222222222222 niudanyang 4Сʱ_mousemovements
0 0 0 0 0 0 0 0 0 0 0 0 0 0 0 0 0 0 0 0 0 0 0 0 0 0 0 0 0 0 0 0 0 0 0 0 0 0 0 0 0 0 0 niudanyang 4Сʱ_mousemovements
0 0 0 0 0 0 0 0 0 0 0 0 0 0 0 0 0 0 0 0 0 0 0 0 0 0 0 0 0 0 0 0 0 0 0 0 0 0 0 0 0 0 0 niudanyang 4Сʱ_mousemovements
0 0 0 0 0 0 0 0 0 0 0 0 0 0 0 0 0 0 0 0 0 0 0 0 0 0 0 0 0 0 0 0 0 0 0 0 0 0 0 0 0 0 0 niudanyang 4Сʱ_mousemovements
0 0 0 0 0 0 0 0 0 0 0 0 0 0 0 0 0 0 0 0 0 0 0 0 0 0 0 0 0 0 0 0 0 0 0 0 0 0 0 0 0 0 0 niudanyang 4Сʱ_mousemovements
0 0 0 0 0 0 0 0 0 0 0 0 0 0 0 0 0 0 0 0 0 0 0 0 0 0 0 0 0 0 0 0 0 0 0 0 0 0 0 0 0 0 0 niudanyang 4Сʱ_mousemovements
92.259817 206.0509225 0 0 0 372.15451 575.134705 0 575.134705 0 185.30463600000002 0 151.003007 244.871048 0 84.806282 0.125 0.0 0.25 0.0 0.375 0.125 0.0 0.125 43.52742151724138 4.587156 152.320264 0.8529411764705882 0.058823529411764705 0.08823529411764706 0.5 0.25 0.0 0.0 0.0 0.125 0.125 0.0 0.5483870967741935 0.3225806451612903 0.0967741935483871 0.03225806451612903 0.0 niudanyang 4Сʱ_mousemovements
33.564604 669.505081 461.921631 0 1123.6901855 639.7207639999999 0 0 1452.724121 669.505081 426.298687 530.94635 349.52733433333333 332.2612 463.908356 0 0.08333333333333333 0.16666666666666666 0.16666666666666666 0.08333333333333333 0.25 0.16666666666666666 0.08333333333333333 0.0 199.76636367857145 14.250896 358.03994750000004 0.8484848484848485 0.09090909090909091 0.06060606060606061 0.25 0.16666666666666666 0.25 0.0 0.16666666666666666 0.16666666666666666 0.0 0.0 0.5 0.21875 0.15625 0.09375 0.03125 niudanyang 4Сʱ_mousemovements
142.76306166666666 0 351.949036 804.111816 2338.4937744999997 2220.818604 0 1114.033569 2220.818604 2693.806885 184.320496 804.111816 1114.033569 1983.180664 222.692093 351.949036 0.125 0.125 0.125 0.125 0.125 0.125 0.125 0.125 485.4191645789474 21.276596 175.974518 0.8636363636363636 0.045454545454545456 0.09090909090909091 0.3333333333333333 0.0 0.1111111111111111 0.1111111111111111 0.2222222222222222 0.1111111111111111 0.0 0.1111111111111111 0.5714285714285714 0.2857142857142857 0.047619047619047616 0.09523809523809523 0.0 niudanyang 4Сʱ_mousemovements
0 0 0 0 0 0 0 0 0 0 0 0 0 0 0 0 0 0 0 0 0 0 0 0 0 0 0 0 0 0 0 0 0 0 0 0 0 0 0 0 0 0 0 niudanyang 4Сʱ_mousemovements
0 597.6485670000001 0 584.236328 179.28891 0 0 488.303528 0 179.28891 584.236328 0 0 788.5415345 106.517593 0 0.0 0.2 0.2 0.0 0.0 0.4 0.2 0.0 136.8871893846154 179.28891 488.303528 0.8666666666666667 0.06666666666666667 0.06666666666666667 0.0 0.4 0.0 0.2 0.2 0.0 0.0 0.2 0.7272727272727273 0.18181818181818182 0.0 0.09090909090909091 0.0 niudanyang 4Сʱ_mousemovements
477.348393 675.495239 0 0 0 0 0 0 0 0 166.664413 0 0 558.7248685 650.3873305 0 0.0 0.0 0.2 0.0 0.0 0.4 0.4 0.0 152.052283 0 0 1.0 0.0 0.0 0.8 0.2 0.0 0.0 0.0 0.0 0.0 0.0 0.6428571428571429 0.21428571428571427 0.07142857142857142 0.07142857142857142 0.0 niudanyang 4Сʱ_mousemovements
110.152695 198.593002 109.584976 672.102478 0 0 2677.031494 0 1191.2199196666668 80.05040466666667 109.584976 0 0 164.05478433333334 12.820513 0 0.2727272727272727 0.2727272727272727 0.09090909090909091 0.0 0.0 0.2727272727272727 0.09090909090909091 0.0 145.5524082142857 38.58009575 198.593002 0.8484848484848485 0.12121212121212122 0.030303030303030304 0.6363636363636364 0.09090909090909091 0.09090909090909091 0.09090909090909091 0.0 0.0 0.09090909090909091 0.0 0.6666666666666666 0.23333333333333334 0.06666666666666667 0.0 0.03333333333333333 niudanyang 4Сʱ_mousemovements
188.55437700000002 0 530.119141 957.841309 0 446.84845 0 0 0 0 504.89947266666667 0 528.286865 0 446.84845 10.638298 0.0 0.0 0.5 0.0 0.16666666666666666 0.0 0.16666666666666666 0.16666666666666666 97.79159909523808 0 446.84845 0.9545454545454546 0.0 0.045454545454545456 0.5 0.0 0.16666666666666666 0.16666666666666666 0.0 0.16666666666666666 0.0 0.0 0.5263157894736842 0.2631578947368421 0.15789473684210525 0.05263157894736842 0.0 niudanyang 4Сʱ_mousemovements
78.067616 0 0 1958.9564515 192.911072 1121.67041 1234.277344 0 655.9143933333334 0 0 0 311.18539480000004 3312.121826 0 21.317829 0.3 0.0 0.0 0.0 0.5 0.1 0.0 0.1 152.72440761363634 10.638298 25.3195152 0.88 0.02 0.1 0.5 0.0 0.0 0.2 0.1 0.1 0.1 0.0 0.6363636363636364 0.11363636363636363 0.13636363636363635 0.09090909090909091 0.022727272727272728 niudanyang 4Сʱ_mousemovements
53.0146805 371.772858 357.424774 174.812973 0 0 564.730408 0 29.55665 213.06533566666667 0 371.772858 0 356.267662 8.72093 12.523663500000001 0.1 0.3 0.0 0.1 0.0 0.2 0.1 0.2 43.56800332432433 0 87.4064865 0.9487179487179487 0.0 0.05128205128205128 0.6 0.1 0.1 0.1 0.0 0.0 0.1 0.0 0.3793103448275862 0.41379310344827586 0.1724137931034483 0.0 0.034482758620689655 niudanyang 4Сʱ_mousemovements
80.44590000000001 629.68159 0 282.864014 384.790649 572.8827515 1356.153931 0 0 71.513237 669.998644 0 785.252747 508.42648299999996 337.414902 0 0.0 0.18181818181818182 0.36363636363636365 0.0 0.09090909090909091 0.18181818181818182 0.18181818181818182 0.0 167.2364184333333 0.0 282.864014 0.9090909090909091 0.06060606060606061 0.030303030303030304 0.2727272727272727 0.2727272727272727 0.0 0.09090909090909091 0.09090909090909091 0.18181818181818182 0.09090909090909091 0.0 0.5769230769230769 0.15384615384615385 0.15384615384615385 0.07692307692307693 0.038461538461538464 niudanyang 4Сʱ_mousemovements
0 0 0 0 0 0 0 0 0 0 0 0 0 0 0 0 0 0 0 0 0 0 0 0 0 0 0 0 0 0 0 0 0 0 0 0 0 0 0 0 0 0 0 niudanyang 4Сʱ_mousemovements
183.91580349999998 343.40409099999994 0 0 1048.333496 1184.1928404999999 0 4131.555664 357.687622 1732.026411666667 0 0 212.04246775 789.3606923333333 423.475862 9.367151 0.06666666666666667 0.2 0.0 0.0 0.26666666666666666 0.2 0.2 0.06666666666666667 256.1760593783784 6.4102565 279.239416 0.9024390243902439 0.04878048780487805 0.04878048780487805 0.5333333333333333 0.2 0.0 0.0 0.06666666666666667 0.13333333333333333 0.0 0.06666666666666667 0.5405405405405406 0.40540540540540543 0.05405405405405406 0.0 0.0 niudanyang 4Сʱ_mousemovements
0 0 0 0 0 0 0 0 0 0 0 0 0 0 0 0 0 0 0 0 0 0 0 0 0.0 0 0 1.0 0.0 0.0 0 0 0 0 0 0 0 0 1.0 0.0 0.0 0.0 0.0 niudanyang 4Сʱ_mousemovements
15.206597 143.954605 0 0 0 0 0 0 15.206597 0 143.954605 0 0 0 0 0 0.5 0.0 0.5 0.0 0.0 0.0 0.0 0.0 23.992434166666666 15.206597 0 0.8571428571428571 0.14285714285714285 0.0 0.5 0.5 0.0 0.0 0.0 0.0 0.0 0.0 0.5 0.3333333333333333 0.0 0.16666666666666666 0.0 niudanyang 4Сʱ_mousemovements
48.48554 366.924377 245.9993135 0 757.516174 1060.399414 0 0 0 245.9993135 1060.399414 366.924377 757.516174 62.08736 34.88372 0 0.0 0.2857142857142857 0.14285714285714285 0.14285714285714285 0.14285714285714285 0.14285714285714285 0.14285714285714285 0.0 139.20949084210525 128.829346 0 0.95 0.05 0.0 0.2857142857142857 0.14285714285714285 0.2857142857142857 0.0 0.14285714285714285 0.14285714285714285 0.0 0.0 0.5625 0.1875 0.125 0.125 0.0 niudanyang 4Сʱ_mousemovements
59.663957499999995 335.36971033333333 406.493118 395.88447033333335 538.558716 257.136627 1352.46167 0 325.632324 395.326599 0 0 252.75303625 151.8859805 1352.46167 455.4658815 0.06666666666666667 0.2 0.0 0.0 0.26666666666666666 0.26666666666666666 0.06666666666666667 0.13333333333333333 86.37544034146342 254.73728433333335 217.59134279999998 0.8367346938775511 0.061224489795918366 0.10204081632653061 0.26666666666666666 0.2 0.13333333333333333 0.2 0.06666666666666667 0.06666666666666667 0.06666666666666667 0.0 0.6086956521739131 0.13043478260869565 0.10869565217391304 0.10869565217391304 0.043478260869565216 niudanyang 4Сʱ_mousemovements
153.9435782857143 575.4594780000001 284.5766525 499.36956799999996 619.43689 0 0 0 792.304688 340.78929066666666 0 170.111023 294.29720080000004 0 325.758972 186.916382 0.06666666666666667 0.4 0.0 0.06666666666666667 0.3333333333333333 0.0 0.06666666666666667 0.06666666666666667 97.16090024324325 64.174666 300.9588765 0.8409090909090909 0.06818181818181818 0.09090909090909091 0.4666666666666667 0.2 0.13333333333333333 0.13333333333333333 0.06666666666666667 0.0 0.0 0.0 0.5789473684210527 0.21052631578947367 0.02631578947368421 0.07894736842105263 0.10526315789473684 niudanyang 4Сʱ_mousemovements
10.638298 0 263.677063 0 0 0 912.959473 0 0 10.638298 0 0 263.677063 0 0 912.959473 0.0 0.3333333333333333 0.0 0.0 0.3333333333333333 0.0 0.0 0.3333333333333333 152.15991216666666 10.638298 263.677063 0.75 0.125 0.125 0.3333333333333333 0.0 0.3333333333333333 0.0 0.0 0.0 0.3333333333333333 0.0 0.7142857142857143 0.0 0.0 0.14285714285714285 0.14285714285714285 niudanyang 4Сʱ_mousemovements
89.4778136 178.362411 199.5867 0 0 1285.3464355 448.147766 2410.547607 2410.547607 189.3324125 0 749.45105 257.90275033333336 17.021276 12.820513 956.2564505 0.09090909090909091 0.18181818181818182 0.0 0.09090909090909091 0.2727272727272727 0.09090909090909091 0.09090909090909091 0.18181818181818182 169.9099247714286 0.0 61.5758112 0.813953488372093 0.06976744186046512 0.11627906976744186 0.45454545454545453 0.09090909090909091 0.09090909090909091 0.0 0.0 0.18181818181818182 0.09090909090909091 0.09090909090909091 0.7368421052631579 0.15789473684210525 0.02631578947368421 0.02631578947368421 0.05263157894736842 niudanyang 4Сʱ_mousemovements
154.33615419999998 401.7305208 470.7703143333333 0 574.8421935 1090.222046 1171.666748 0 313.13036600000004 542.218872 242.18277750000001 675.966614 475.5409724 832.2279055 10.752688 367.143127 0.17647058823529413 0.11764705882352941 0.11764705882352941 0.058823529411764705 0.29411764705882354 0.11764705882352941 0.058823529411764705 0.058823529411764705 117.77220623076921 207.157553 214.64752900000002 0.8813559322033898 0.05084745762711865 0.06779661016949153 0.29411764705882354 0.29411764705882354 0.17647058823529413 0.0 0.11764705882352941 0.058823529411764705 0.058823529411764705 0.0 0.4716981132075472 0.24528301886792453 0.16981132075471697 0.07547169811320754 0.03773584905660377 niudanyang 4Сʱ_mousemovements
62.70187083333334 216.26635733333333 334.385162 321.855957 419.704132 644.1903990000001 0 814.48761 116.17946375 466.17803200000003 321.855957 119.164886 308.651891 380.47966733333334 212.80797416666667 20.944149 0.18181818181818182 0.09090909090909091 0.045454545454545456 0.045454545454545456 0.13636363636363635 0.13636363636363635 0.2727272727272727 0.09090909090909091 40.26659163414634 58.934227 300.74943533333334 0.9111111111111111 0.022222222222222223 0.06666666666666667 0.5454545454545454 0.13636363636363635 0.045454545454545456 0.045454545454545456 0.045454545454545456 0.13636363636363635 0.0 0.045454545454545456 0.6463414634146342 0.2073170731707317 0.07317073170731707 0.036585365853658534 0.036585365853658534 niudanyang 4Сʱ_mousemovements
87.541258125 196.00048099999998 0 631.469788 827.6231383333333 0 0 1114.265747 556.7857616666666 590.0668254999999 124.044304 572.608582 585.6831586666667 437.972595 71.59680300000001 0 0.3333333333333333 0.1111111111111111 0.16666666666666666 0.05555555555555555 0.16666666666666666 0.05555555555555555 0.1111111111111111 0.0 200.0850534242424 17.3465764 1114.265747 0.8461538461538461 0.1282051282051282 0.02564102564102564 0.4444444444444444 0.1111111111111111 0.0 0.05555555555555555 0.3333333333333333 0.0 0.0 0.05555555555555555 0.4444444444444444 0.19444444444444445 0.19444444444444445 0.16666666666666666 0.0 niudanyang 4Сʱ_mousemovements
364.55648 0 0 0 726.149933 0 471.62735 0 0 577.135986 1019.268494 0 0 471.62735 292.504173 0 0.0 0.2 0.2 0.0 0.0 0.2 0.4 0.0 201.8189821818182 0.0 433.031372 0.7857142857142857 0.14285714285714285 0.07142857142857142 0.4 0.0 0.0 0.0 0.4 0.0 0.2 0.0 0.6 0.2 0.2 0.0 0.0 niudanyang 4Сʱ_mousemovements
118.34485380000001 119.706085 439.307983 512.9829253333334 1103.568115 658.074768 1155.6011655 0 158.085709 491.4397124 744.332397 398.31935899999996 0 219.916382 774.6201863333334 62.5 0.07142857142857142 0.35714285714285715 0.07142857142857142 0.14285714285714285 0.0 0.07142857142857142 0.21428571428571427 0.07142857142857142 233.72467096296296 2.5316456 439.307983 0.8181818181818182 0.15151515151515152 0.030303030303030304 0.35714285714285715 0.07142857142857142 0.07142857142857142 0.21428571428571427 0.07142857142857142 0.07142857142857142 0.14285714285714285 0.0 0.4074074074074074 0.3333333333333333 0.18518518518518517 0.07407407407407407 0.0 niudanyang 4Сʱ_mousemovements
0 0 550.507828 0 0 784.789307 603.020813 0 0 785.023804 603.020813 0 315.991852 0 0 784.789307 0.0 0.25 0.25 0.0 0.25 0.0 0.0 0.25 91.75130466666667 0 693.90506 0.8571428571428571 0.0 0.14285714285714285 0.0 0.0 0.5 0.0 0.0 0.25 0.25 0.0 0.5833333333333334 0.16666666666666666 0.08333333333333333 0.16666666666666666 0.0 niudanyang 4Сʱ_mousemovements
407.484616 370.363159 0 0 619.8011015 0 1623.549805 0 0 82.381126 1623.549805 61.228542 526.1986845 933.768921 370.363159 739.764709 0.0 0.125 0.125 0.125 0.25 0.125 0.125 0.125 167.83138988461536 0 499.837494 0.9629629629629629 0.0 0.037037037037037035 0.5 0.125 0.0 0.0 0.25 0.0 0.125 0.0 0.5 0.11538461538461539 0.19230769230769232 0.11538461538461539 0.07692307692307693 niudanyang 4Сʱ_mousemovements
225.47959225 0 0 0 1669.358765 470.943268 0 0 0 334.42193399999996 0 308.345871 0 87.326027 0 1669.358765 0.0 0.3333333333333333 0.0 0.3333333333333333 0.0 0.16666666666666666 0.0 0.16666666666666666 180.456101 9.174312 145.748474 0.8888888888888888 0.05555555555555555 0.05555555555555555 0.6666666666666666 0.0 0.0 0.0 0.16666666666666666 0.16666666666666666 0.0 0.0 0.7333333333333333 0.26666666666666666 0.0 0.0 0.0 niudanyang 4Сʱ_mousemovements
174.12042258333335 182.42366 0 0 0 1858.35673525 725.001404 0 0 435.33003 1185.0800725000001 312.00973224999996 178.7718695 1294.9530586666667 28.474446999999998 603.3780515000001 0.0 0.16666666666666666 0.1111111111111111 0.2222222222222222 0.1111111111111111 0.16666666666666666 0.1111111111111111 0.1111111111111111 188.50037438297872 0.0 785.3897400000001 0.9215686274509803 0.0392156862745098 0.0392156862745098 0.6666666666666666 0.05555555555555555 0.0 0.0 0.0 0.2222222222222222 0.05555555555555555 0.0 0.5227272727272727 0.3181818181818182 0.022727272727272728 0.09090909090909091 0.045454545454545456 niudanyang 4Сʱ_mousemovements
61.39684425 275.989216 134.430511 0 898.4393924999999 724.2565103333333 0 783.548584 12.974437 208.2052776666667 324.61478825 736.4398193333333 9.852217 75.5126495 35.6205735 701.7571616666668 0.05263157894736842 0.15789473684210525 0.21052631578947367 0.15789473684210525 0.05263157894736842 0.10526315789473684 0.10526315789473684 0.15789473684210525 100.9519244390244 49.134982666666666 439.2650358000001 0.8367346938775511 0.061224489795918366 0.10204081632653061 0.42105263157894735 0.21052631578947367 0.05263157894736842 0.0 0.10526315789473684 0.15789473684210525 0.0 0.05263157894736842 0.3953488372093023 0.3488372093023256 0.11627906976744186 0.06976744186046512 0.06976744186046512 niudanyang 4Сʱ_mousemovements
0 191.010239 0 824.043579 636.821655 672.6672365 954.327759 433.807251 0 0 0 593.0472413333333 0 0 0 651.5508080000001 0.0 0.0 0.0 0.42857142857142855 0.0 0.0 0.0 0.5714285714285714 92.497919 0 610.7221642500001 0.84 0.0 0.16 0.0 0.14285714285714285 0.0 0.14285714285714285 0.14285714285714285 0.2857142857142857 0.14285714285714285 0.14285714285714285 0.45454545454545453 0.13636363636363635 0.0 0.3181818181818182 0.09090909090909091 niudanyang 4Сʱ_mousemovements
67.0877535 275.657593 303.7613375 446.963684 595.5622405 1011.245789 654.7467246666666 0 721.246948 28.021983000000002 560.247152 681.471436 193.011974 68.57933866666666 147.84710700000002 491.20071425000003 0.05 0.15 0.15 0.05 0.1 0.15 0.15 0.2 99.09660079545455 84.1655662 462.184555 0.8461538461538461 0.09615384615384616 0.057692307692307696 0.5 0.05 0.1 0.05 0.1 0.05 0.15 0.0 0.5714285714285714 0.12244897959183673 0.14285714285714285 0.08163265306122448 0.08163265306122448 niudanyang 4Сʱ_mousemovements
65.36922600000001 183.878494 594.949982 0 0 909.029602 949.574646 0 0 156.121078 183.878494 252.28836 15.873015 709.436829 0 929.302124 0.0 0.125 0.125 0.25 0.125 0.125 0.0 0.25 128.02574154166666 57.33136433333334 183.878494 0.8571428571428571 0.10714285714285714 0.03571428571428571 0.375 0.125 0.25 0.0 0.0 0.125 0.125 0.0 0.4 0.32 0.16 0.12 0.0 niudanyang 4Сʱ_mousemovements
255.2210207777778 0 293.780823 582.306641 637.2383575 912.073792 0 0 577.491943 89.1111105 595.788994 773.565063 93.398224 191.646866 323.49999966666667 0 0.07142857142857142 0.14285714285714285 0.2857142857142857 0.07142857142857142 0.07142857142857142 0.14285714285714285 0.21428571428571427 0.0 127.31102303225806 500.911652 912.073792 0.9393939393939394 0.030303030303030304 0.030303030303030304 0.6428571428571429 0.0 0.07142857142857142 0.07142857142857142 0.14285714285714285 0.07142857142857142 0.0 0.0 0.5806451612903226 0.16129032258064516 0.12903225806451613 0.06451612903225806 0.06451612903225806 niudanyang 4Сʱ_mousemovements
152.27531199999999 0 0 0 0 1429.945557 1489.689941 901.220825 908.617172 901.220825 0 0 36.305301 819.4459 0 0 0.2857142857142857 0.14285714285714285 0.0 0.0 0.2857142857142857 0.2857142857142857 0.0 0.0 235.24911640000002 0.0 901.220825 0.8823529411764706 0.058823529411764705 0.058823529411764705 0.5714285714285714 0.0 0.0 0.0 0.0 0.14285714285714285 0.14285714285714285 0.14285714285714285 0.6428571428571429 0.14285714285714285 0.07142857142857142 0.07142857142857142 0.07142857142857142 niudanyang 4Сʱ_mousemovements
537.2738645 0 272.58667 0 0 0 522.6297989999999 1568.646484 797.11853 920.616577 1034.547729 0 0 144.070534 0 0 0.16666666666666666 0.3333333333333333 0.16666666666666666 0.0 0.0 0.3333333333333333 0.0 0.0 197.7451219375 0.0 797.11853 0.8421052631578947 0.10526315789473684 0.05263157894736842 0.3333333333333333 0.0 0.16666666666666666 0.0 0.0 0.0 0.3333333333333333 0.16666666666666666 0.75 0.0625 0.0625 0.0625 0.0625 niudanyang 4Сʱ_mousemovements
33.797601 388.44438149999996 0 491.441437 855.0800174999999 0 0 507.535156 507.535156 518.403015 57.610378 855.0800174999999 22.660981 0 145.371906 491.441437 0.1 0.1 0.1 0.2 0.2 0.0 0.2 0.1 88.43547668965518 0 352.195657 0.90625 0.0 0.09375 0.4 0.2 0.0 0.1 0.2 0.0 0.0 0.1 0.64 0.04 0.2 0.12 0.0 niudanyang 4Сʱ_mousemovements
291.34880157142857 159.105469 817.9870606666667 467.9681545 403.706573 3103.080322 960.495972 0 0 270.317515 1109.015137 960.495972 1091.6355362499999 1105.829712 220.64792400000002 410.15011549999997 0.0 0.1875 0.0625 0.0625 0.25 0.0625 0.25 0.125 275.0421586285714 6.329114 416.593658 0.9210526315789473 0.05263157894736842 0.02631578947368421 0.4375 0.0625 0.1875 0.125 0.0625 0.0625 0.0625 0.0 0.65625 0.15625 0.0 0.0625 0.125 niudanyang 4Сʱ_mousemovements
147.95204683333333 136.23908624999999 399.21189599999997 396.54655449999996 0 907.2855225000001 378.586548 411.099121 481.0496723333333 552.33097275 0 288.86171466666667 408.15336075 402.0249836666666 217.567679 195.064133 0.13043478260869565 0.17391304347826086 0.0 0.13043478260869565 0.17391304347826086 0.13043478260869565 0.21739130434782608 0.043478260869565216 85.94355817391306 1.602564 245.8302912727273 0.8214285714285714 0.047619047619047616 0.13095238095238096 0.2608695652173913 0.17391304347826086 0.21739130434782608 0.08695652173913043 0.0 0.17391304347826086 0.043478260869565216 0.043478260869565216 0.5526315789473685 0.18421052631578946 0.13157894736842105 0.039473684210526314 0.09210526315789473 niudanyang 4Сʱ_mousemovements
103.84150675 889.264099 360.314392 563.2465693333334 650.354187 404.350403 0 0 112.62686766666667 186.972576 366.816082 22.826384 0 411.20107349999995 889.264099 0 0.2 0.13333333333333333 0.13333333333333333 0.06666666666666667 0.0 0.4 0.06666666666666667 0.0 81.91433102222221 186.972576 382.33239749999996 0.9183673469387755 0.04081632653061224 0.04081632653061224 0.5333333333333333 0.06666666666666667 0.06666666666666667 0.2 0.06666666666666667 0.06666666666666667 0.0 0.0 0.6190476190476191 0.30952380952380953 0.0 0.023809523809523808 0.047619047619047616 niudanyang 4Сʱ_mousemovements
102.38770600000001 519.5968855 491.6303785 743.74231 0 1024.028442 1039.358154 1125.413452 958.9194335 875.459106 537.806881 743.74231 21.276596 416.64595533333335 228.496902 177.28500350000002 0.15384615384615385 0.07692307692307693 0.15384615384615385 0.07692307692307693 0.07692307692307693 0.23076923076923078 0.07692307692307693 0.15384615384615385 124.61238840476187 53.9008255 562.706726 0.9130434782608695 0.043478260869565216 0.043478260869565216 0.38461538461538464 0.15384615384615385 0.15384615384615385 0.07692307692307693 0.0 0.07692307692307693 0.07692307692307693 0.07692307692307693 0.5789473684210527 0.18421052631578946 0.18421052631578946 0.05263157894736842 0.0 niudanyang 4Сʱ_mousemovements
129.86213138461537 220.96299175000001 710.5586243333333 342.639038 840.5982663333334 1846.226013 836.681396 778.536804 1846.226013 479.5730283333333 401.82896400000004 342.0558281666667 290.62900599999995 459.09525299999996 373.1773842 143.01774333333333 0.07142857142857142 0.10714285714285714 0.14285714285714285 0.21428571428571427 0.10714285714285714 0.07142857142857142 0.17857142857142858 0.10714285714285714 181.75228654098362 7.819603666666667 294.2485535 0.8714285714285714 0.04285714285714286 0.08571428571428572 0.4642857142857143 0.14285714285714285 0.10714285714285714 0.03571428571428571 0.10714285714285714 0.07142857142857142 0.03571428571428571 0.03571428571428571 0.5303030303030303 0.24242424242424243 0.12121212121212122 0.07575757575757576 0.030303030303030304 niudanyang 4Сʱ_mousemovements
198.35979814285716 378.65448000000004 0 456.667999 0 742.9774630000001 0 0 0 147.338674 459.264328 320.0716325 1007.313965 359.29482033333335 2.564103 0 0.0 0.25 0.16666666666666666 0.16666666666666666 0.08333333333333333 0.25 0.08333333333333333 0.0 94.92751073684211 0 240.602532 0.95 0.0 0.05 0.5833333333333334 0.16666666666666666 0.0 0.08333333333333333 0.0 0.16666666666666666 0.0 0.0 0.4444444444444444 0.3611111111111111 0.08333333333333333 0.0 0.1111111111111111 niudanyang 4Сʱ_mousemovements
86.32082766666666 1868.151245 0 479.206848 0 642.174866 0 0 140.29069900000002 185.00167733333333 0 0 0 876.3705496666666 42.759846 0 0.2222222222222222 0.3333333333333333 0.0 0.0 0.0 0.3333333333333333 0.1111111111111111 0.0 156.61002936842104 52.660519 479.206848 0.9047619047619048 0.047619047619047616 0.047619047619047616 0.6666666666666666 0.1111111111111111 0.0 0.1111111111111111 0.0 0.1111111111111111 0.0 0.0 0.5 0.375 0.0 0.0625 0.0625 niudanyang 4Сʱ_mousemovements
122.12253758333333 279.9538345 367.41806 512.3064983333334 693.137695 358.778015 0 870.1568295000001 647.1590473333334 146.37640183333335 0 383.3728242 125.103775 320.91416680000003 127.8353805 0 0.13636363636363635 0.2727272727272727 0.0 0.22727272727272727 0.045454545454545456 0.22727272727272727 0.09090909090909091 0.0 77.99771044444444 33.8878135 580.104553 0.9264705882352942 0.029411764705882353 0.04411764705882353 0.5454545454545454 0.09090909090909091 0.045454545454545456 0.13636363636363635 0.045454545454545456 0.045454545454545456 0.0 0.09090909090909091 0.5833333333333334 0.21666666666666667 0.11666666666666667 0.05 0.03333333333333333 niudanyang 4Сʱ_mousemovements
167.8122007 631.7970584999999 0 0 303.720367 0 565.25415 0 380.31555149999997 439.75330099999996 331.375977 443.6542055 0 108.29453475 39.468554000000005 0 0.14285714285714285 0.21428571428571427 0.07142857142857142 0.14285714285714285 0.0 0.2857142857142857 0.14285714285714285 0.0 102.59388424324324 0.0 7.358462 0.925 0.025 0.05 0.7142857142857143 0.14285714285714285 0.0 0.0 0.07142857142857142 0.0 0.07142857142857142 0.0 0.5333333333333333 0.26666666666666666 0.13333333333333333 0.06666666666666667 0.0 niudanyang 4Сʱ_mousemovements
155.34394566666666 293.83004266666666 416.563873 0 0 1469.299561 0 962.288818 321.97290250000003 111.173599 778.4077035 0 10.752688 510.410502 0 269.2623496666667 0.16666666666666666 0.08333333333333333 0.16666666666666666 0.0 0.08333333333333333 0.25 0.0 0.25 120.30814940540542 10.752688 66.51727933333332 0.9024390243902439 0.024390243902439025 0.07317073170731707 0.5 0.25 0.08333333333333333 0.0 0.0 0.08333333333333333 0.0 0.08333333333333333 0.37142857142857144 0.42857142857142855 0.05714285714285714 0.08571428571428572 0.05714285714285714 niudanyang 4Сʱ_mousemovements
0 277.64529200000004 407.764282 384.227997 1512.544922 565.911804 684.3841245 0 638.667042 565.1074319999999 120.225121 349.88858 569.1211545 407.764282 0 0 0.2727272727272727 0.2727272727272727 0.09090909090909091 0.09090909090909091 0.18181818181818182 0.09090909090909091 0.0 0.0 113.41150427586206 0 389.7516816666666 0.8285714285714286 0.0 0.17142857142857143 0.0 0.45454545454545453 0.09090909090909091 0.09090909090909091 0.09090909090909091 0.09090909090909091 0.18181818181818182 0.0 0.5925925925925926 0.18518518518518517 0.1111111111111111 0.037037037037037035 0.07407407407407407 niudanyang 4Сʱ_mousemovements
0 308.4544065 0 537.556213 1148.267578 0 0 546.766571 0 0 0 404.329498 537.556213 848.9587094999999 378.231308 0 0.0 0.0 0.0 0.16666666666666666 0.16666666666666666 0.3333333333333333 0.3333333333333333 0.0 151.60411576190475 0 212.579315 0.9545454545454546 0.0 0.045454545454545456 0.0 0.3333333333333333 0.0 0.16666666666666666 0.16666666666666666 0.0 0.0 0.3333333333333333 0.6111111111111112 0.1111111111111111 0.1111111111111111 0.1111111111111111 0.05555555555555555 niudanyang 4Сʱ_mousemovements
193.82591528571427 257.243477 460.4119725 363.967194 1045.385376 1020.808167 0 0 393.063872 212.45992675 0 0 149.300152 805.1811119999999 0 239.53904 0.21428571428571427 0.2857142857142857 0.0 0.0 0.14285714285714285 0.21428571428571427 0.0 0.14285714285714285 140.88797248387093 250.584656 117.85219466666666 0.8611111111111112 0.05555555555555555 0.08333333333333333 0.5 0.14285714285714285 0.14285714285714285 0.07142857142857142 0.07142857142857142 0.07142857142857142 0.0 0.0 0.3448275862068966 0.3793103448275862 0.20689655172413793 0.034482758620689655 0.034482758620689655 niudanyang 4Сʱ_mousemovements
87.6415791 446.8397446 952.833496 701.284119 0 0 0 0 1365.294678 81.445841 98.35459900000001 456.041855 76.090942 133.3074395 190.322421 952.833496 0.058823529411764705 0.23529411764705882 0.17647058823529413 0.11764705882352941 0.058823529411764705 0.11764705882352941 0.17647058823529413 0.058823529411764705 103.50632666666667 4.285495666666667 47.045471 0.9 0.06 0.04 0.5882352941176471 0.29411764705882354 0.058823529411764705 0.058823529411764705 0.0 0.0 0.0 0.0 0.5 0.22727272727272727 0.22727272727272727 0.045454545454545456 0.0 niudanyang 4Сʱ_mousemovements
265.40513550000003 0 333.865204 68.396881 0 0 0 0 0 15.873015 0 68.396881 0 333.865204 0 514.937256 0.0 0.25 0.0 0.25 0.0 0.25 0.0 0.25 48.03752638888889 68.396881 0 0.9473684210526315 0.05263157894736842 0.0 0.5 0.0 0.25 0.25 0.0 0.0 0.0 0.0 0.6875 0.1875 0.0625 0.0625 0.0 niudanyang 4Сʱ_mousemovements
0 0 0 0 0 0 0 0 0 0 0 0 0 0 0 0 0 0 0 0 0 0 0 0 0 0 0 0 0 0 0 0 0 0 0 0 0 0 0 0 0 0 0 niudanyang 4Сʱ_mousemovements
0 0 0 0 0 0 0 0 0 0 0 0 0 0 0 0 0 0 0 0 0 0 0 0 0 0 0 0 0 0 0 0 0 0 0 0 0 0 0 0 0 0 0 niudanyang 4Сʱ_mousemovements
0 0 0 0 0 0 0 0 0 0 0 0 0 0 0 0 0 0 0 0 0 0 0 0 0 0 0 0 0 0 0 0 0 0 0 0 0 0 0 0 0 0 0 niudanyang 4Сʱ_mousemovements
0 0 0 0 0 0 0 0 0 0 0 0 0 0 0 0 0 0 0 0 0 0 0 0 0 0 0 0 0 0 0 0 0 0 0 0 0 0 0 0 0 0 0 niudanyang 4Сʱ_mousemovements
0 0 0 0 0 0 0 0 0 0 0 0 0 0 0 0 0 0 0 0 0 0 0 0 0 0 0 0 0 0 0 0 0 0 0 0 0 0 0 0 0 0 0 niudanyang 4Сʱ_mousemovements
124.14919520000001 464.14312 353.700714 0 418.68499233333335 0 583.8782856666667 0 426.123016 366.8019485 191.96932733333333 157.406345 388.3948363333334 305.08393266666667 217.223774 321.94576666666666 0.05263157894736842 0.10526315789473684 0.15789473684210525 0.10526315789473684 0.15789473684210525 0.15789473684210525 0.10526315789473684 0.15789473684210525 97.77149566666668 46.2040628 101.18610566666666 0.8135593220338984 0.0847457627118644 0.1016949152542373 0.5263157894736842 0.10526315789473684 0.05263157894736842 0.0 0.15789473684210525 0.0 0.15789473684210525 0.0 0.5769230769230769 0.21153846153846154 0.11538461538461539 0.07692307692307693 0.019230769230769232 niudanyang 4Сʱ_mousemovements
392.6163434 196.81572 0 644.949646 539.970947 0 0 0 0 0 771.0291293333333 0 40.145901 0 322.943588 330.215737 0.0 0.0 0.3333333333333333 0.0 0.1111111111111111 0.0 0.2222222222222222 0.3333333333333333 231.586091 12.658228 40.145901 0.8947368421052632 0.05263157894736842 0.05263157894736842 0.5555555555555556 0.1111111111111111 0.0 0.2222222222222222 0.1111111111111111 0.0 0.0 0.0 0.4444444444444444 0.1111111111111111 0.2222222222222222 0.16666666666666666 0.05555555555555555 niudanyang 4Сʱ_mousemovements
140.69494825 166.4752925 209.7941935 0 537.589142 0 0 0 0 46.669975 0 202.7539126 281.4146425 0 238.879227 528.348999 0.0 0.1 0.0 0.5 0.2 0.0 0.1 0.1 62.877451032258065 59.43543 262.989777 0.8857142857142857 0.08571428571428572 0.02857142857142857 0.4 0.2 0.2 0.0 0.2 0.0 0.0 0.0 0.4827586206896552 0.27586206896551724 0.06896551724137931 0.034482758620689655 0.13793103448275862 niudanyang 4Сʱ_mousemovements
143.3227385 139.385574 0 0 1332.884521 0 0 0 738.101173 0 0 0 143.327652 0 0 139.385574 0.5 0.0 0.0 0.0 0.25 0.0 0.0 0.25 251.2736531428571 0.0 0 0.875 0.125 0.0 0.5 0.25 0.0 0.0 0.25 0.0 0.0 0.0 0.375 0.125 0.0 0.5 0.0 niudanyang 4Сʱ_mousemovements
106.6084515 366.8920286 255.99714649999999 541.232704 555.5423125 1168.3707275 715.5682375 1667.433105 0 605.815708 0 555.9950715 220.10239133333334 1219.6276245 425.71540533333336 344.44938825 0.0 0.2 0.0 0.2 0.15 0.1 0.15 0.2 99.66286533333333 0 429.17872600000004 0.8382352941176471 0.0 0.16176470588235295 0.2 0.25 0.1 0.1 0.1 0.1 0.1 0.05 0.5714285714285714 0.1746031746031746 0.1111111111111111 0.07936507936507936 0.06349206349206349 niudanyang 4Сʱ_mousemovements
31.004811666666665 264.5793495 829.845482 293.715996 861.0198215 885.9581605 0 0 415.616333 652.566517 212.013718 642.6185915 1468.386841 862.097412 152.4232445 169.97368133333333 0.07692307692307693 0.15384615384615385 0.07692307692307693 0.15384615384615385 0.07692307692307693 0.07692307692307693 0.15384615384615385 0.23076923076923078 134.92917594594596 375.418274 165.90904500000002 0.8409090909090909 0.022727272727272728 0.13636363636363635 0.23076923076923078 0.15384615384615385 0.15384615384615385 0.15384615384615385 0.15384615384615385 0.15384615384615385 0.0 0.0 0.6111111111111112 0.1388888888888889 0.1388888888888889 0.08333333333333333 0.027777777777777776 niudanyang 4Сʱ_mousemovements
42.32852925 0 287.503845 0 2021.354004 0 0 0 0 0 127.657326 0 101.39898466666666 24.963682 0 2021.354004 0.0 0.0 0.16666666666666666 0.0 0.5 0.16666666666666666 0.0 0.16666666666666666 189.34452746153846 4.587156 7.518797 0.8125 0.125 0.0625 0.6666666666666666 0.0 0.16666666666666666 0.0 0.16666666666666666 0.0 0.0 0.0 0.6428571428571429 0.2857142857142857 0.0 0.07142857142857142 0.0 niudanyang 4Сʱ_mousemovements
169.69933066666667 282.10672 862.510722 0 780.6512144999999 0 0 0 0 197.3705865 0 0 748.7782424000001 437.201447 0 364.205475 0.0 0.2222222222222222 0.0 0.0 0.5555555555555556 0.1111111111111111 0.0 0.1111111111111111 182.96441877777778 0 0.0 0.9642857142857143 0.0 0.03571428571428571 0.3333333333333333 0.1111111111111111 0.3333333333333333 0.0 0.2222222222222222 0.0 0.0 0.0 0.6 0.12 0.2 0.04 0.04 niudanyang 4Сʱ_mousemovements
47.9427325 558.2323 285.65007 0 713.6751760000001 1095.464742 0 0 177.1141605 617.3418792 736.969696 725.529602 398.8724515 521.6494445 608.6753235 653.706051 0.1111111111111111 0.2777777777777778 0.1111111111111111 0.05555555555555555 0.1111111111111111 0.1111111111111111 0.1111111111111111 0.1111111111111111 169.48128239130438 12.820513 439.4507498 0.8846153846153846 0.019230769230769232 0.09615384615384616 0.2222222222222222 0.16666666666666666 0.1111111111111111 0.0 0.3333333333333333 0.16666666666666666 0.0 0.0 0.4666666666666667 0.24444444444444444 0.1111111111111111 0.022222222222222223 0.15555555555555556 niudanyang 4Сʱ_mousemovements
148.48855190909092 0 413.608582 545.309998 641.9944765 737.86377 913.0459390000001 769.557251 483.1424156666667 599.9964905 70.752266 370.5291013333333 237.51988999999998 587.5619048333334 329.8248066666667 0 0.14285714285714285 0.09523809523809523 0.09523809523809523 0.14285714285714285 0.09523809523809523 0.2857142857142857 0.14285714285714285 0.0 122.68296134693877 16.959650666666665 471.67560583333335 0.8448275862068966 0.05172413793103448 0.10344827586206896 0.5238095238095238 0.0 0.047619047619047616 0.047619047619047616 0.09523809523809523 0.047619047619047616 0.14285714285714285 0.09523809523809523 0.4 0.2909090909090909 0.12727272727272726 0.12727272727272726 0.05454545454545454 niudanyang 4Сʱ_mousemovements
144.03336692307693 196.168549 229.393478 0 0 781.7527465 0 0 521.585266 61.95458766666667 0 179.47924533333332 442.75768624999995 79.011665 67.640198 174.48297925 0.058823529411764705 0.17647058823529413 0.0 0.17647058823529413 0.23529411764705882 0.058823529411764705 0.058823529411764705 0.23529411764705882 59.16918633333333 0 421.93639349999995 0.9622641509433962 0.0 0.03773584905660377 0.7647058823529411 0.058823529411764705 0.058823529411764705 0.0 0.0 0.11764705882352941 0.0 0.0 0.5625 0.22916666666666666 0.08333333333333333 0.041666666666666664 0.08333333333333333 niudanyang 4Сʱ_mousemovements
105.84889475 450.1950303333333 1176.724365 1140.164429 1315.810242 932.0639034999999 628.541809 463.07795699999997 898.329346 783.160611 222.40931933333334 0 355.12505366666664 768.1132809999999 1175.130737 763.405899 0.058823529411764705 0.23529411764705882 0.17647058823529413 0.0 0.17647058823529413 0.17647058823529413 0.058823529411764705 0.11764705882352941 194.8547449787234 124.813242 278.10782625 0.8545454545454545 0.07272727272727272 0.07272727272727272 0.23529411764705882 0.17647058823529413 0.058823529411764705 0.058823529411764705 0.11764705882352941 0.11764705882352941 0.11764705882352941 0.11764705882352941 0.5102040816326531 0.3469387755102041 0.04081632653061224 0.02040816326530612 0.08163265306122448 niudanyang 4Сʱ_mousemovements
41.098144500000004 0 0 0 707.3029379999999 0 441.68988 0 0 770.7208255 0 45.763626 0 352.8632353333333 0 0 0.0 0.3333333333333333 0.0 0.16666666666666666 0.0 0.5 0.0 0.0 153.49190117647058 0 36.432663 0.9444444444444444 0.0 0.05555555555555555 0.3333333333333333 0.0 0.0 0.0 0.5 0.0 0.16666666666666666 0.0 0.4 0.3333333333333333 0.13333333333333333 0.06666666666666667 0.06666666666666667 niudanyang 4Сʱ_mousemovements
124.569794 365.0781522 643.417409 0 0 1046.255493 0 0 1013.9700009999999 454.12739566666664 281.6292035 167.1736145 0 181.864883 0 581.245361 0.18181818181818182 0.2727272727272727 0.18181818181818182 0.18181818181818182 0.0 0.09090909090909091 0.0 0.09090909090909091 121.1040021142857 0.0 203.09949875 0.8536585365853658 0.04878048780487805 0.0975609756097561 0.18181818181818182 0.45454545454545453 0.2727272727272727 0.0 0.0 0.09090909090909091 0.0 0.0 0.43243243243243246 0.35135135135135137 0.08108108108108109 0.08108108108108109 0.05405405405405406 niudanyang 4Сʱ_mousemovements
81.894263875 254.60085325 0 647.2592366666667 790.370163 937.0230713333334 868.065002 1066.6223756666666 1053.8351595 270.93649566666664 489.2116585 113.302429 442.26069939999996 547.39392475 830.3498636666667 352.5467116666667 0.08333333333333333 0.125 0.08333333333333333 0.08333333333333333 0.20833333333333334 0.16666666666666666 0.125 0.125 147.47902309677423 238.29284650000002 329.7010141666667 0.8611111111111112 0.05555555555555555 0.08333333333333333 0.3333333333333333 0.16666666666666666 0.0 0.125 0.08333333333333333 0.125 0.041666666666666664 0.125 0.5428571428571428 0.22857142857142856 0.05714285714285714 0.11428571428571428 0.05714285714285714 niudanyang 4Сʱ_mousemovements
78.049842 0 378.97699 866.406006 0 0 0 0 0 866.406006 378.97699 0 112.266403 0 9.61672 0 0.0 0.2 0.2 0.0 0.4 0.0 0.2 0.0 89.9798845 0.0 39.85437 0.8888888888888888 0.05555555555555555 0.05555555555555555 0.6 0.0 0.2 0.2 0.0 0.0 0.0 0.0 0.625 0.1875 0.1875 0.0 0.0 niudanyang 4Сʱ_mousemovements
119.3598862 0 776.1835176666667 0 0 1062.6237795 0 0 140.87558 933.60364175 0 0 221.834915 729.921875 10.638298 106.456154 0.1 0.4 0.0 0.0 0.1 0.1 0.1 0.2 231.8857204285714 5.319149 170.359116 0.875 0.08333333333333333 0.041666666666666664 0.5 0.0 0.3 0.0 0.0 0.2 0.0 0.0 0.5789473684210527 0.15789473684210525 0.10526315789473684 0.10526315789473684 0.05263157894736842 niudanyang 4Сʱ_mousemovements
128.5942368 273.81098433333335 909.87738 0 1063.727783 536.8619893333333 1294.333862 0 166.272064 909.87738 765.322449 188.066544 537.16509425 153.637299 506.18881200000004 246.2632905 0.07142857142857142 0.07142857142857142 0.07142857142857142 0.07142857142857142 0.2857142857142857 0.07142857142857142 0.21428571428571427 0.14285714285714285 159.82243567741932 382.6612245 207.703725 0.8611111111111112 0.05555555555555555 0.08333333333333333 0.35714285714285715 0.21428571428571427 0.07142857142857142 0.0 0.07142857142857142 0.21428571428571427 0.07142857142857142 0.0 0.2903225806451613 0.41935483870967744 0.22580645161290322 0.03225806451612903 0.03225806451612903 niudanyang 4Сʱ_mousemovements
56.12645823076923 277.2238436 301.44450366666666 0 0 926.458252 851.2145996666665 537.648987 1080.907715 223.0375326666667 94.57770550000001 148.92263433333335 417.62083725 325.27304157142856 120.059776 280.598445 0.037037037037037035 0.2222222222222222 0.07407407407407407 0.1111111111111111 0.14814814814814814 0.25925925925925924 0.037037037037037035 0.1111111111111111 119.95892391666666 23.9647852 131.78067225 0.8108108108108109 0.13513513513513514 0.05405405405405406 0.48148148148148145 0.18518518518518517 0.1111111111111111 0.0 0.0 0.07407407407407407 0.1111111111111111 0.037037037037037035 0.5909090909090909 0.16666666666666666 0.12121212121212122 0.06060606060606061 0.06060606060606061 niudanyang 4Сʱ_mousemovements
65.116534 0 0 475.470688 0 0 424.407379 650.339966 0 424.407379 90.194962 0 0 251.83153533333333 475.470688 0 0.0 0.14285714285714285 0.14285714285714285 0.0 0.0 0.42857142857142855 0.2857142857142857 0.0 74.775133625 42.553192 327.36099766666666 0.8 0.05 0.15 0.42857142857142855 0.0 0.0 0.2857142857142857 0.0 0.0 0.14285714285714285 0.14285714285714285 0.6470588235294118 0.11764705882352941 0.11764705882352941 0.11764705882352941 0.0 niudanyang 4Сʱ_mousemovements
0 0 0 0 0 0 0 0 0 0 0 0 0 0 0 0 0 0 0 0 0 0 0 0 0 0 0 0 0 0 0 0 0 0 0 0 0 0 0 0 0 0 0 niudanyang 4Сʱ_mousemovements
99.41452849999999 374.419495 183.685028 0 1004.846191 0 2041.842346 0 1486.034729 275.485016 183.685028 0 0 281.75482224999996 0 0 0.3333333333333333 0.1111111111111111 0.1111111111111111 0.0 0.0 0.4444444444444444 0.0 0.0 313.3613922631579 56.59248 33.834587 0.9047619047619048 0.047619047619047616 0.047619047619047616 0.4444444444444444 0.1111111111111111 0.1111111111111111 0.0 0.1111111111111111 0.0 0.2222222222222222 0.0 0.4444444444444444 0.2777777777777778 0.2777777777777778 0.0 0.0 niudanyang 4Сʱ_mousemovements
123.098676 781.46283 0 489.27485650000006 0 4158.412598 0 627.811523 4158.412598 31.914894 443.317108 781.46283 627.811523 9.708738 416.710907 284.646385 0.1111111111111111 0.1111111111111111 0.1111111111111111 0.1111111111111111 0.1111111111111111 0.1111111111111111 0.1111111111111111 0.2222222222222222 225.95390977419353 0.0 17.0300825 0.8611111111111112 0.08333333333333333 0.05555555555555555 0.4444444444444444 0.1111111111111111 0.0 0.2222222222222222 0.0 0.1111111111111111 0.0 0.1111111111111111 0.8125 0.0625 0.09375 0.0 0.03125 niudanyang 4Сʱ_mousemovements
0 0 0 0 0 0 0 0 0 0 0 0 0 0 0 0 0 0 0 0 0 0 0 0 0 0 0 0 0 0 0 0 0 0 0 0 0 0 0 0 0 0 0 niudanyang 4Сʱ_mousemovements
43.8307875 149.39093 418.7820895 497.81608600000004 0 1125.001343 0 0 0 43.8307875 849.9425355 0 0 418.7820895 285.069687 0 0.0 0.25 0.25 0.0 0.0 0.25 0.25 0.0 84.53960420833333 21.276596 381.67436733333335 0.8571428571428571 0.03571428571428571 0.10714285714285714 0.25 0.125 0.25 0.25 0.0 0.125 0.0 0.0 0.6521739130434783 0.08695652173913043 0.13043478260869565 0.043478260869565216 0.08695652173913043 niudanyang 4Сʱ_mousemovements
293.6999141666667 86.256989 0 263.226349 621.183533 0 746.881226 0 586.808099 0 263.226349 0 46.892685 332.477751 0 650.463379 0.3 0.0 0.1 0.0 0.3 0.2 0.0 0.1 92.30451318181821 43.771969 129.97555933333334 0.8918918918918919 0.02702702702702703 0.08108108108108109 0.6 0.1 0.0 0.1 0.1 0.0 0.1 0.0 0.5 0.1875 0.0625 0.15625 0.09375 niudanyang 4Сʱ_mousemovements
65.57270220000001 366.9804076666667 827.371948 0 913.710632 791.8976745 943.0527040000001 1734.9694515 1085.1775055 0 200.09471399999998 646.902832 263.63316433333335 1178.604585 465.1670835 599.7928465 0.11764705882352941 0.0 0.17647058823529413 0.058823529411764705 0.17647058823529413 0.23529411764705882 0.11764705882352941 0.11764705882352941 181.2990146862745 10.7526885 446.256138 0.8947368421052632 0.03508771929824561 0.07017543859649122 0.29411764705882354 0.17647058823529413 0.058823529411764705 0.0 0.058823529411764705 0.11764705882352941 0.17647058823529413 0.11764705882352941 0.5306122448979592 0.32653061224489793 0.08163265306122448 0.061224489795918366 0.0 niudanyang 4Сʱ_mousemovements
191.5864095 0 336.003693 0 174.329315 178.340637 1713.060303 0 336.003693 97.9885395 0 0 0 1037.292679 0 178.340637 0.16666666666666666 0.3333333333333333 0.0 0.0 0.0 0.3333333333333333 0.0 0.16666666666666666 109.57222959090909 178.340637 97.9885395 0.88 0.04 0.08 0.3333333333333333 0.0 0.16666666666666666 0.0 0.16666666666666666 0.16666666666666666 0.16666666666666666 0.0 0.6470588235294118 0.17647058823529413 0.058823529411764705 0.0 0.11764705882352941 niudanyang 4Сʱ_mousemovements
12.820513 248.4589133333333 441.251892 0 275.266205 0 0 852.8160705 0 538.69845575 0 0 144.043359 210.861359 469.703125 0 0.0 0.4 0.0 0.0 0.2 0.1 0.3 0.0 117.07601771428571 275.266205 254.728287 0.9032258064516129 0.03225806451612903 0.06451612903225806 0.1 0.3 0.3 0.0 0.1 0.0 0.0 0.2 0.3793103448275862 0.20689655172413793 0.1724137931034483 0.10344827586206896 0.13793103448275862 niudanyang 4Сʱ_mousemovements
201.84444033333332 267.13739 263.286835 3516.388672 947.0582680000001 0 486.038666 760.033081 815.3674619999999 838.793884 0 294.7021445 638.783386 1256.4368135 0 16.129032 0.18181818181818182 0.09090909090909091 0.0 0.18181818181818182 0.09090909090909091 0.36363636363636365 0.0 0.09090909090909091 194.1175930238095 0.0 195.55128733333333 0.9130434782608695 0.021739130434782608 0.06521739130434782 0.2727272727272727 0.09090909090909091 0.09090909090909091 0.09090909090909091 0.2727272727272727 0.0 0.09090909090909091 0.09090909090909091 0.627906976744186 0.18604651162790697 0.09302325581395349 0.06976744186046512 0.023255813953488372 niudanyang 4Сʱ_mousemovements
29.315659 0 0 0 0 1153.3893435 159.975906 767.639587 57.598015 0 0 0 21.276596 1024.8060913333334 97.6161575 22.76964825 0.09090909090909091 0.0 0.0 0.0 0.09090909090909091 0.2727272727272727 0.18181818181818182 0.36363636363636365 58.96980692857143 39.9939765 401.447998 0.875 0.08333333333333333 0.041666666666666664 0.6363636363636364 0.0 0.0 0.0 0.0 0.18181818181818182 0.09090909090909091 0.09090909090909091 0.7333333333333333 0.15555555555555556 0.022222222222222223 0.044444444444444446 0.044444444444444446 niudanyang 4Сʱ_mousemovements
0 525.8650815 377.88947325000004 310.252563 902.197449 405.450745 0 0 0 0 607.5790813333333 0 183.77522299999998 0 637.5989075 357.851654 0.0 0.0 0.3333333333333333 0.0 0.2222222222222222 0.0 0.2222222222222222 0.2222222222222222 120.2992222413793 0.0 230.8371226666667 0.8787878787878788 0.030303030303030304 0.09090909090909091 0.0 0.2222222222222222 0.4444444444444444 0.1111111111111111 0.1111111111111111 0.1111111111111111 0.0 0.0 0.72 0.16 0.12 0.0 0.0 niudanyang 4Сʱ_mousemovements
0 0 0 0 0 0 0 0 0 0 0 0 0 0 0 0 0 0 0 0 0 0 0 0 0 0 0 0 0 0 0 0 0 0 0 0 0 0 0 0 0 0 0 niudanyang 4Сʱ_mousemovements
0 0 0 0 0 0 0 0 0 0 0 0 0 0 0 0 0 0 0 0 0 0 0 0 0 0 0 0 0 0 0 0 0 0 0 0 0 0 0 0 0 0 0 niudanyang 4Сʱ_mousemovements
244.993149 0 0 0 0 0 0 0 0 0 0 0 0 0 0 244.993149 0.0 0.0 0.0 0.0 0.0 0.0 0.0 1.0 122.4965745 0 0 1.0 0.0 0.0 1.0 0.0 0.0 0.0 0.0 0.0 0.0 0.0 0.5 0.0 0.0 0.0 0.5 niudanyang 4Сʱ_mousemovements
117.527298 168.914307 0 0 0 1101.598022 0 0 0 0 0 192.501404 0 0 572.075607 168.914307 0.0 0.0 0.0 0.25 0.0 0.0 0.5 0.25 65.45943152173913 0 0 1.0 0.0 0.0 0.5 0.25 0.0 0.0 0.0 0.25 0.0 0.0 0.5789473684210527 0.3157894736842105 0.10526315789473684 0.0 0.0 niudanyang 4Сʱ_mousemovements
38.11725192307692 571.2131196 1384.6231994999998 0 278.601471 0 0 591.008545 87.05185800000001 84.651436 793.519806 83.0682205 31.523183500000002 335.73911300000003 645.8293 210.1850685 0.18181818181818182 0.045454545454545456 0.09090909090909091 0.09090909090909091 0.09090909090909091 0.09090909090909091 0.22727272727272727 0.18181818181818182 126.52257687272726 0.0 10.568186666666668 0.9322033898305084 0.01694915254237288 0.05084745762711865 0.5909090909090909 0.22727272727272727 0.09090909090909091 0.0 0.045454545454545456 0.0 0.0 0.045454545454545456 0.5185185185185185 0.2777777777777778 0.12962962962962962 0.037037037037037035 0.037037037037037035 niudanyang 4Сʱ_mousemovements
77.75962905263158 643.319626 490.602051 1932.176514 0 0 0 0 245.8166756666667 496.97334724999996 298.9636615 857.140442 48.89512442857143 261.30102550000004 43.644456 10.638298 0.13043478260869565 0.17391304347826086 0.08695652173913043 0.043478260869565216 0.30434782608695654 0.08695652173913043 0.13043478260869565 0.043478260869565216 84.15763726315788 12.545236833333334 78.648506 0.8507462686567164 0.08955223880597014 0.05970149253731343 0.8260869565217391 0.08695652173913043 0.043478260869565216 0.043478260869565216 0.0 0.0 0.0 0.0 0.5901639344262295 0.21311475409836064 0.11475409836065574 0.03278688524590164 0.04918032786885246 niudanyang 4Сʱ_mousemovements
151.50829385714286 0 271.2421265 0 0 0 868.0227053333334 0 141.74046066666668 0 607.146309 281.367798 286.2202875 614.657654 419.006972 261.116455 0.25 0.0 0.16666666666666666 0.08333333333333333 0.16666666666666666 0.08333333333333333 0.16666666666666666 0.08333333333333333 133.6843330967742 3.030303 26.9025955 0.8611111111111112 0.08333333333333333 0.05555555555555555 0.5833333333333334 0.0 0.16666666666666666 0.0 0.0 0.0 0.25 0.0 0.36363636363636365 0.2727272727272727 0.18181818181818182 0.0 0.18181818181818182 niudanyang 4Сʱ_mousemovements
0 0 0 0 0 0 0 0 0 0 0 0 0 0 0 0 0 0 0 0 0 0 0 0 0 0 0 0 0 0 0 0 0 0 0 0 0 0 0 0 0 0 0 niudanyang 4Сʱ_mousemovements
53.543762 357.804932 0 0 968.050171 0 1325.8561405 0 823.509644 0 521.901978 193.707886 1828.202637 53.543762 968.050171 0 0.16666666666666666 0.0 0.16666666666666666 0.16666666666666666 0.16666666666666666 0.16666666666666666 0.16666666666666666 0.0 209.7297902352941 0.0 823.509644 0.85 0.1 0.05 0.16666666666666666 0.3333333333333333 0.0 0.0 0.16666666666666666 0.0 0.3333333333333333 0.0 0.4444444444444444 0.3333333333333333 0.1111111111111111 0.05555555555555555 0.05555555555555555 niudanyang 4Сʱ_mousemovements
139.2700215 337.762095 0 436.169708 0 0 0 0 127.610695 0 436.169708 186.522156 239.56497950000002 0 0 297.973602 0.125 0.0 0.125 0.125 0.5 0.0 0.0 0.125 51.30851976923077 93.261078 161.99746966666666 0.8387096774193549 0.06451612903225806 0.0967741935483871 0.5 0.375 0.0 0.125 0.0 0.0 0.0 0.0 0.5172413793103449 0.3103448275862069 0.06896551724137931 0.06896551724137931 0.034482758620689655 niudanyang 4Сʱ_mousemovements
481.9766977499999 1421.9245755000002 469.1309103333333 601.840149 1018.618042 1587.380249 1986.741455 0 1385.010559 497.610031 1079.7509053333335 1084.918579 0 919.70526675 312.056534 0 0.14285714285714285 0.14285714285714285 0.21428571428571427 0.07142857142857142 0.0 0.2857142857142857 0.14285714285714285 0.0 402.4343135172414 137.17028533333334 310.240662 0.8787878787878788 0.09090909090909091 0.030303030303030304 0.2857142857142857 0.14285714285714285 0.21428571428571427 0.07142857142857142 0.14285714285714285 0.07142857142857142 0.07142857142857142 0.0 0.5333333333333333 0.26666666666666666 0.1 0.06666666666666667 0.03333333333333333 niudanyang 4Сʱ_mousemovements
0 0 462.78121949999996 413.536255 759.378418 0 0 0 328.545532 391.612152 759.378418 597.016907 0 0 435.460358 0 0.2 0.2 0.2 0.2 0.0 0.0 0.2 0.0 61.65433295454545 0.0 385.20601400000004 0.8461538461538461 0.038461538461538464 0.11538461538461539 0.0 0.0 0.4 0.4 0.2 0.0 0.0 0.0 0.6 0.2 0.08 0.04 0.08 niudanyang 4Сʱ_mousemovements
74.426115 1694.652954 0 0 0 637.806732 0 0 897.008667 27.397261 935.8685224999999 0 378.604797 0 18.796993 0 0.16666666666666666 0.16666666666666666 0.3333333333333333 0.0 0.16666666666666666 0.0 0.16666666666666666 0.0 177.41915350000002 0.0 0 0.9473684210526315 0.05263157894736842 0.0 0.5 0.16666666666666666 0.0 0.0 0.0 0.3333333333333333 0.0 0.0 0.47058823529411764 0.35294117647058826 0.11764705882352941 0.058823529411764705 0.0 niudanyang 4Сʱ_mousemovements
0 234.330658 0 0 0 0 0 0 0 0 234.330658 0 0 0 0 0 0.0 0.0 1.0 0.0 0.0 0.0 0.0 0.0 39.05510966666667 0 0 1.0 0.0 0.0 0.0 1.0 0.0 0.0 0.0 0.0 0.0 0.0 0.4 0.4 0.2 0.0 0.0 niudanyang 4Сʱ_mousemovements
0 0 0 0 0 0 0 0 0 0 0 0 0 0 0 0 0 0 0 0 0 0 0 0 0 0 0 0 0 0 0 0 0 0 0 0 0 0 0 0 0 0 0 niudanyang 4Сʱ_mousemovements
0 0 0 0 0 0 0 0 0 0 0 0 0 0 0 0 0 0 0 0 0 0 0 0 0 0 0 0 0 0 0 0 0 0 0 0 0 0 0 0 0 0 0 niudanyang 4Сʱ_mousemovements
0 0 0 0 0 0 0 0 0 0 0 0 0 0 0 0 0 0 0 0 0 0 0 0 0 0 0 0 0 0 0 0 0 0 0 0 0 0 0 0 0 0 0 niudanyang 4Сʱ_mousemovements
0 0 0 0 0 0 0 0 0 0 0 0 0 0 0 0 0 0 0 0 0 0 0 0 0 0 0 0 0 0 0 0 0 0 0 0 0 0 0 0 0 0 0 niudanyang 4Сʱ_mousemovements
0 0 0 0 0 0 0 0 0 0 0 0 0 0 0 0 0 0 0 0 0 0 0 0 0 0 0 0 0 0 0 0 0 0 0 0 0 0 0 0 0 0 0 niudanyang 4Сʱ_mousemovements
0 0 0 0 0 0 0 0 0 0 0 0 0 0 0 0 0 0 0 0 0 0 0 0 0 0 0 0 0 0 0 0 0 0 0 0 0 0 0 0 0 0 0 niudanyang 4Сʱ_mousemovements
0 354.878967 0 0 0 0 0 0 0 0 281.863037 0 0 427.894897 0 0 0.0 0.0 0.5 0.0 0.0 0.5 0.0 0.0 88.71974175 0 0 1.0 0.0 0.0 0.0 1.0 0.0 0.0 0.0 0.0 0.0 0.0 0.5 0.16666666666666666 0.3333333333333333 0.0 0.0 niudanyang 4Сʱ_mousemovements
0 0 0 0 0 0 0 0 0 0 0 0 0 0 0 0 0 0 0 0 0 0 0 0 0 0 0 0 0 0 0 0 0 0 0 0 0 0 0 0 0 0 0 niudanyang 4Сʱ_mousemovements
0 0 0 0 0 0 0 0 0 0 0 0 0 0 0 0 0 0 0 0 0 0 0 0 0 0 0 0 0 0 0 0 0 0 0 0 0 0 0 0 0 0 0 niudanyang 4Сʱ_mousemovements
