170.9397774 625.4923247142858 319.8125915 860.337952 478.916199 2517.799408 653.753235 0 250.542801 0 673.1906192857142 264.13106750000003 0 313.220886 1231.5742248 313.04842133333335 0.05263157894736842 0.0 0.3684210526315789 0.10526315789473684 0.0 0.05263157894736842 0.2631578947368421 0.15789473684210525 171.53244067741937 483.4870605 185.62730028571426 0.8732394366197183 0.028169014084507043 0.09859154929577464 0.2631578947368421 0.3684210526315789 0.10526315789473684 0.05263157894736842 0.05263157894736842 0.10526315789473684 0.05263157894736842 0.0 0.6129032258064516 0.1774193548387097 0.0967741935483871 0.06451612903225806 0.04838709677419355 shenyanping 3Сʱ_mousemovements
188.4606425 412.46298722222224 715.0392863333333 772.5456543333333 0 698.135132 0 0 478.90134424999997 152.712677 94.08737866666667 597.1698065555556 338.083931 210.99153433333333 220.6221145 339.58535200000006 0.13333333333333333 0.03333333333333333 0.1 0.3 0.1 0.1 0.06666666666666667 0.16666666666666666 139.52082006172836 12.100206666666667 87.00939450000001 0.9418604651162791 0.03488372093023256 0.023255813953488372 0.4666666666666667 0.3 0.1 0.1 0.0 0.03333333333333333 0.0 0.0 0.48 0.25333333333333335 0.13333333333333333 0.06666666666666667 0.06666666666666667 shenyanping 3Сʱ_mousemovements
154.60702773684207 478.052558875 550.04985025 1685.6083373333333 0 3241.041016 646.453735 0 125.68629639999999 508.03741349999996 1598.5019532500003 586.658551 212.18039979999998 230.53999899999997 546.7715503333333 218.30005366666668 0.1388888888888889 0.1111111111111111 0.1111111111111111 0.1388888888888889 0.1388888888888889 0.1111111111111111 0.16666666666666666 0.08333333333333333 138.73887692792795 321.1007235 233.03204700000003 0.9173553719008265 0.01652892561983471 0.06611570247933884 0.5277777777777778 0.2222222222222222 0.1111111111111111 0.08333333333333333 0.0 0.027777777777777776 0.027777777777777776 0.0 0.5471698113207547 0.27358490566037735 0.05660377358490566 0.07547169811320754 0.04716981132075472 shenyanping 3Сʱ_mousemovements
223.92647729411763 357.82602687499997 1109.8645935 458.9704286666667 666.761353 0 996.310486 0 196.022827 212.73267112499997 382.2329823333334 0 515.0296674999998 370.487258 403.439575 548.9279635 0.0625 0.25 0.1875 0.0 0.1875 0.15625 0.03125 0.125 129.82547385227275 8.843194 159.29978666666668 0.9361702127659575 0.031914893617021274 0.031914893617021274 0.53125 0.25 0.0625 0.09375 0.03125 0.0 0.03125 0.0 0.4823529411764706 0.27058823529411763 0.09411764705882353 0.09411764705882353 0.058823529411764705 shenyanping 3Сʱ_mousemovements
0 259.493195 869.54364 0 0 0 0 0 0 0 869.54364 0 0 0 259.493195 0 0.0 0.0 0.5 0.0 0.0 0.0 0.5 0.0 173.908728 0 259.493195 0.8333333333333334 0.0 0.16666666666666666 0.0 0.5 0.5 0.0 0.0 0.0 0.0 0.0 0.2 0.6 0.0 0.2 0.0 shenyanping 3Сʱ_mousemovements
181.2836025333333 253.2149925 698.572662 406.81005899999997 530.8979795 0 0 0 63.225262 99.32372885714287 359.5578525 698.7463835 117.751015 247.87554175 327.3079975 315.55148299999996 0.034482758620689655 0.2413793103448276 0.20689655172413793 0.06896551724137931 0.034482758620689655 0.13793103448275862 0.20689655172413793 0.06896551724137931 76.2412375632184 111.990902 234.14602575 0.9157894736842105 0.042105263157894736 0.042105263157894736 0.5172413793103449 0.27586206896551724 0.06896551724137931 0.06896551724137931 0.06896551724137931 0.0 0.0 0.0 0.5 0.3170731707317073 0.08536585365853659 0.012195121951219513 0.08536585365853659 shenyanping 3Сʱ_mousemovements
303.7238709166666 524.613617 0 0 2192.903992 0 974.8312685000001 0 0 397.67000740000003 558.856628 590.371643 1048.7423805 0 1421.258545 481.727005 0.0 0.5555555555555556 0.05555555555555555 0.05555555555555555 0.1111111111111111 0.0 0.1111111111111111 0.1111111111111111 211.47445306250003 0 292.870153 0.9411764705882353 0.0 0.058823529411764705 0.6666666666666666 0.1111111111111111 0.0 0.0 0.1111111111111111 0.0 0.1111111111111111 0.0 0.6304347826086957 0.2391304347826087 0.021739130434782608 0.021739130434782608 0.08695652173913043 shenyanping 3Сʱ_mousemovements
126.61572454166668 567.7447561666668 748.8561785 1520.080383 1611.08313 1449.126099 587.499329 0 133.73309325 140.27940333333333 605.7100035000001 632.8842445 796.5204263333334 290.519359 62.473772 406.288454 0.10256410256410256 0.07692307692307693 0.20512820512820512 0.15384615384615385 0.07692307692307693 0.1282051282051282 0.10256410256410256 0.15384615384615385 158.35084103225805 108.023884 237.172796 0.93 0.02 0.05 0.6153846153846154 0.15384615384615385 0.10256410256410256 0.05128205128205128 0.02564102564102564 0.02564102564102564 0.02564102564102564 0.0 0.5604395604395604 0.27472527472527475 0.06593406593406594 0.054945054945054944 0.04395604395604396 shenyanping 3Сʱ_mousemovements
213.6980382631579 760.62474825 771.18455 904.789551 1212.793213 0 0 3369.653564 805.3547416666665 670.0860497142858 685.159668 222.85725266666668 198.5677105 603.3634551428571 367.1064706666666 406.48605775 0.1 0.23333333333333334 0.03333333333333333 0.1 0.06666666666666667 0.23333333333333334 0.1 0.13333333333333333 207.0047794054054 19.855670500000002 225.138116 0.9487179487179487 0.02564102564102564 0.02564102564102564 0.6333333333333333 0.13333333333333333 0.1 0.06666666666666667 0.03333333333333333 0.0 0.0 0.03333333333333333 0.5588235294117647 0.27941176470588236 0.10294117647058823 0.04411764705882353 0.014705882352941176 shenyanping 3Сʱ_mousemovements
227.4365815 255.945419 793.307312 0 1304.361206 0 922.485291 0 357.9883885 793.307312 674.0665875 192.488838 105.735916 646.2939305 0 0 0.2 0.1 0.2 0.2 0.1 0.2 0.0 0.0 193.363279875 0 0 1.0 0.0 0.0 0.6 0.1 0.1 0.0 0.1 0.0 0.1 0.0 0.42857142857142855 0.2857142857142857 0.14285714285714285 0.09523809523809523 0.047619047619047616 shenyanping 3Сʱ_mousemovements
352.26852933333333 319.8769173333333 893.108561 750.8194986666667 0 1803.523193 0 1769.0312195 579.2718085 2143.256103333333 256.114746 0 1024.9642943333333 715.340515 262.057884 388.004944 0.25 0.1875 0.0625 0.0 0.1875 0.0625 0.125 0.125 242.81069240384616 0.0 293.4346678 0.896551724137931 0.017241379310344827 0.08620689655172414 0.1875 0.1875 0.1875 0.1875 0.0 0.125 0.0 0.125 0.49019607843137253 0.27450980392156865 0.11764705882352941 0.058823529411764705 0.058823529411764705 shenyanping 3Сʱ_mousemovements
46.220418 569.4510906666667 808.1138615 919.184937 484.668091 1372.283325 0 0 0 650.8100885 362.251099 0 0 835.705383 572.43212425 701.926514 0.0 0.2 0.1 0.0 0.0 0.1 0.4 0.2 258.04825766666664 0 0 1.0 0.0 0.0 0.2 0.3 0.2 0.1 0.1 0.1 0.0 0.0 0.42105263157894735 0.21052631578947367 0.2631578947368421 0.05263157894736842 0.05263157894736842 shenyanping 3Сʱ_mousemovements
282.6662197333333 482.08529666666664 306.614502 1554.9145205 0 1152.177979 1436.7229005 1552.979492 359.69755175000006 648.0215347 0 246.9953 0 1113.248464 359.726512 578.8812356666667 0.16 0.4 0.0 0.04 0.0 0.12 0.16 0.12 282.3326154038462 0 0 1.0 0.0 0.0 0.6 0.12 0.04 0.08 0.0 0.04 0.08 0.04 0.5 0.3 0.175 0.025 0.0 shenyanping 3Сʱ_mousemovements
175.50889184615386 456.26655174999996 639.264015 0 1386.310272 0 0 0 114.1493835 861.4573158333333 325.502228 299.324575 317.205063 477.257538 135.13176766666666 45.6373005 0.19047619047619047 0.2857142857142857 0.047619047619047616 0.09523809523809523 0.09523809523809523 0.047619047619047616 0.14285714285714285 0.09523809523809523 146.06467094444443 7.427403 87.63691366666667 0.9310344827586207 0.017241379310344827 0.05172413793103448 0.6190476190476191 0.19047619047619047 0.09523809523809523 0.0 0.09523809523809523 0.0 0.0 0.0 0.5416666666666666 0.375 0.041666666666666664 0.020833333333333332 0.020833333333333332 shenyanping 3Сʱ_mousemovements
232.73616627906978 285.16103719999995 481.80449475000006 665.2605086666667 835.9956639090909 1219.666538857143 1784.2645870000001 1514.630615 427.13299200000006 773.7458072000001 702.9878085833334 406.400864 297.13745366666666 433.7767796 351.07246174999995 462.4060039500001 0.044444444444444446 0.1111111111111111 0.13333333333333333 0.12222222222222222 0.13333333333333333 0.05555555555555555 0.17777777777777778 0.2222222222222222 126.21859702491106 143.108444 257.08655014285716 0.9035369774919614 0.006430868167202572 0.09003215434083602 0.4777777777777778 0.16666666666666666 0.08888888888888889 0.03333333333333333 0.12222222222222222 0.07777777777777778 0.022222222222222223 0.011111111111111112 0.5709459459459459 0.2195945945945946 0.10472972972972973 0.057432432432432436 0.0472972972972973 shenyanping 3Сʱ_mousemovements
171.89854890909092 306.80206622222227 568.6860936666667 488.8675995 1019.24146275 828.0458526249998 922.207605 453.334915 448.0382264 473.20518500000003 723.6968028888888 305.1333466363636 245.67869330000002 508.9372688 382.96325499999995 418.460076875 0.07246376811594203 0.08695652173913043 0.13043478260869565 0.15942028985507245 0.14492753623188406 0.07246376811594203 0.21739130434782608 0.11594202898550725 98.14320578854624 148.79730425 268.2202637826087 0.8937007874015748 0.015748031496062992 0.09055118110236221 0.4782608695652174 0.13043478260869565 0.08695652173913043 0.028985507246376812 0.057971014492753624 0.11594202898550725 0.07246376811594203 0.028985507246376812 0.5780590717299579 0.189873417721519 0.11392405063291139 0.06329113924050633 0.05485232067510549 shenyanping 3Сʱ_mousemovements
223.28245941935486 497.4178892222223 825.2128703333334 813.2101746666667 1093.3703062 629.905518 999.6580045000001 494.0106965 399.68869900000004 519.1295566153847 608.5581666666667 370.80146033333335 329.025523 397.35216016666664 615.4871046363637 246.54646774999998 0.16071428571428573 0.23214285714285715 0.05357142857142857 0.05357142857142857 0.05357142857142857 0.10714285714285714 0.19642857142857142 0.14285714285714285 131.70965853374233 172.52961100000002 321.55875822222225 0.9157303370786517 0.033707865168539325 0.05056179775280899 0.5535714285714286 0.16071428571428573 0.05357142857142857 0.05357142857142857 0.08928571428571429 0.017857142857142856 0.03571428571428571 0.03571428571428571 0.5093167701863354 0.32919254658385094 0.08074534161490683 0.031055900621118012 0.049689440993788817 shenyanping 3Сʱ_mousemovements
192.24281057142858 303.386932375 627.6546652857143 804.7713978333335 641.8141915714286 903.4601240000001 0 1622.060974 1187.5774535 681.5822758333333 904.94164275 333.25760675000004 496.0462638571429 574.6760356666667 467.14143060000004 331.14306730000004 0.03571428571428571 0.10714285714285714 0.07142857142857142 0.14285714285714285 0.125 0.16071428571428573 0.17857142857142858 0.17857142857142858 118.88297644270835 273.89512 300.22037085000005 0.897196261682243 0.009345794392523364 0.09345794392523364 0.375 0.14285714285714285 0.125 0.10714285714285714 0.125 0.05357142857142857 0.0 0.07142857142857142 0.6354679802955665 0.16748768472906403 0.10837438423645321 0.04926108374384237 0.03940886699507389 shenyanping 3Сʱ_mousemovements
157.00034134615382 313.43609171428574 487.21834099999995 1111.9669342500001 708.6309878333333 986.9393970000001 0 684.9814023333333 412.46903679999997 819.5318532666669 619.1567725 245.02023011111112 263.3697482857143 348.81951683333335 763.1281145714285 238.50342421428567 0.07042253521126761 0.2112676056338028 0.11267605633802817 0.1267605633802817 0.09859154929577464 0.08450704225352113 0.09859154929577464 0.19718309859154928 91.18385849596774 120.67211549999999 324.5565866176471 0.8671328671328671 0.013986013986013986 0.11888111888111888 0.36619718309859156 0.09859154929577464 0.14084507042253522 0.056338028169014086 0.16901408450704225 0.08450704225352113 0.0 0.08450704225352113 0.6045627376425855 0.20532319391634982 0.09125475285171103 0.053231939163498096 0.045627376425855515 shenyanping 3Сʱ_mousemovements
192.27052330769234 475.115621 295.7661236666667 379.068329 454.9486743333334 607.9193116666667 580.192139 839.051331 521.6062113333334 626.8790085714285 376.04389599999996 81.778142 221.9592018571429 154.072891 424.227234 245.28442616666666 0.0967741935483871 0.22580645161290322 0.12903225806451613 0.06451612903225806 0.22580645161290322 0.03225806451612903 0.03225806451612903 0.1935483870967742 46.7548340862069 8.0 321.8257723888888 0.8592592592592593 0.007407407407407408 0.13333333333333333 0.41935483870967744 0.1935483870967742 0.0967741935483871 0.03225806451612903 0.0967741935483871 0.0967741935483871 0.03225806451612903 0.03225806451612903 0.628099173553719 0.23140495867768596 0.04132231404958678 0.03305785123966942 0.06611570247933884 shenyanping 3Сʱ_mousemovements
0 0 0 0 0 0 0 0 0 0 0 0 0 0 0 0 0 0 0 0 0 0 0 0 0 0 0 0 0 0 0 0 0 0 0 0 0 0 0 0 0 0 0 shenyanping 3Сʱ_mousemovements
284.3240835555555 285.06223780000005 738.526901 1704.611267 0 701.891724 0 0 419.75098720000005 301.45311350000003 947.43930075 421.05484533333333 285.508949 540.037834 130.76901650000002 230.67043066666668 0.17857142857142858 0.07142857142857142 0.14285714285714285 0.10714285714285714 0.07142857142857142 0.14285714285714285 0.07142857142857142 0.21428571428571427 160.0868269857143 37.249283 443.99279049999996 0.958904109589041 0.0136986301369863 0.0273972602739726 0.6428571428571429 0.17857142857142858 0.07142857142857142 0.07142857142857142 0.0 0.03571428571428571 0.0 0.0 0.65625 0.1875 0.140625 0.0 0.015625 shenyanping 3Сʱ_mousemovements
352.9434046666667 541.4862975 1371.553345 0 622.1450195 0 0 0 707.874512 66.666664 629.9984553333334 0 536.415527 418.49448133333334 1360.040894 0.0 0.09090909090909091 0.09090909090909091 0.2727272727272727 0.0 0.09090909090909091 0.2727272727272727 0.09090909090909091 0.09090909090909091 211.64959050000002 29.011723 707.874512 0.9230769230769231 0.038461538461538464 0.038461538461538464 0.5454545454545454 0.18181818181818182 0.09090909090909091 0.0 0.18181818181818182 0.0 0.0 0.0 0.5454545454545454 0.3181818181818182 0.045454545454545456 0.09090909090909091 0.0 shenyanping 3Сʱ_mousemovements
137.56950685714284 395.84041025 0 125.797684 0 0 310.651672 0 0 204.97200400000003 87.94714633333332 0 38.32085 660.943848 267.03529266666663 133.333328 0.0 0.14285714285714285 0.21428571428571427 0.0 0.07142857142857142 0.07142857142857142 0.42857142857142855 0.07142857142857142 67.25839035135135 91.956696 176.02603 0.9024390243902439 0.024390243902439025 0.07317073170731707 0.5 0.2857142857142857 0.0 0.14285714285714285 0.0 0.0 0.07142857142857142 0.0 0.5517241379310345 0.3103448275862069 0.13793103448275862 0.0 0.0 shenyanping 3Сʱ_mousemovements
254.22238983333332 393.6328683333333 955.1835572 900.4592135 685.747375 2359.239746 2130.910156 0 704.0260802 577.1612405714286 1156.8019053333333 121.79888260000003 567.0548261666667 630.6874007499999 328.3245695 234.573402 0.14705882352941177 0.20588235294117646 0.08823529411764706 0.14705882352941177 0.17647058823529413 0.11764705882352941 0.058823529411764705 0.058823529411764705 165.36178412871288 14.285714 219.41197844444443 0.9099099099099099 0.009009009009009009 0.08108108108108109 0.5294117647058824 0.17647058823529413 0.14705882352941177 0.058823529411764705 0.029411764705882353 0.029411764705882353 0.029411764705882353 0.0 0.6039603960396039 0.2079207920792079 0.0594059405940594 0.0891089108910891 0.039603960396039604 shenyanping 3Сʱ_mousemovements
382.77716566666663 501.772888 0 0 0 2255.516357 550.942261 0 0 80.966324 0 0 0 1205.9826453333333 206.706482 550.942261 0.0 0.16666666666666666 0.0 0.0 0.0 0.5 0.16666666666666666 0.16666666666666666 191.2327209 0 315.9542925 0.9090909090909091 0.0 0.09090909090909091 0.5 0.16666666666666666 0.0 0.0 0.0 0.16666666666666666 0.16666666666666666 0.0 0.6190476190476191 0.2857142857142857 0.09523809523809523 0.0 0.0 shenyanping 3Сʱ_mousemovements
170.86131285294118 526.8016282 1408.1254066666668 513.4860638333333 393.18595400000004 0 0 2606.521973 337.6066055 741.9593728181818 214.80740550000002 411.746863 469.46405480000004 338.41104466666667 183.5503916 231.60763025 0.10526315789473684 0.19298245614035087 0.03508771929824561 0.10526315789473684 0.08771929824561403 0.15789473684210525 0.17543859649122806 0.14035087719298245 119.01806036363635 57.048153 277.8230345384615 0.9005847953216374 0.023391812865497075 0.07602339181286549 0.5964912280701754 0.17543859649122806 0.05263157894736842 0.10526315789473684 0.05263157894736842 0.0 0.0 0.017543859649122806 0.5806451612903226 0.23870967741935484 0.06451612903225806 0.07741935483870968 0.03870967741935484 shenyanping 3Сʱ_mousemovements
150.2885075 182.552063 0 1158.2061765 1255.247284 1547.646484 0 0 0 757.5465063333335 0 0 95.238098 790.8404805 936.061401 0 0.0 0.6 0.0 0.0 0.1 0.2 0.1 0.0 187.52010969696968 0 485.04793900000004 0.9428571428571428 0.0 0.05714285714285714 0.4 0.1 0.0 0.2 0.2 0.1 0.0 0.0 0.4666666666666667 0.36666666666666664 0.06666666666666667 0.1 0.0 shenyanping 3Сʱ_mousemovements
100.67720366666666 586.798386 295.766205 0 0 0 718.429199 0 209.57131233333334 194.785393 0 136.12915 215.762558 699.00501 82.213633 24.533334 0.21428571428571427 0.14285714285714285 0.0 0.07142857142857142 0.07142857142857142 0.21428571428571427 0.14285714285714285 0.14285714285714285 64.32794008695653 114.795731 121.36088399999998 0.8846153846153846 0.019230769230769232 0.09615384615384616 0.6428571428571429 0.21428571428571427 0.07142857142857142 0.0 0.0 0.0 0.07142857142857142 0.0 0.6862745098039216 0.19607843137254902 0.0392156862745098 0.0392156862745098 0.0392156862745098 shenyanping 3Сʱ_mousemovements
89.72710875000001 238.19190157142856 350.472191 515.8804625 589.4009095 0 0 2804.771729 124.98624433333335 186.20647725 1216.9794006666668 329.58998499999996 0 251.06528500000002 256.52154233333334 216.48670337500002 0.1 0.13333333333333333 0.1 0.13333333333333333 0.0 0.06666666666666667 0.2 0.26666666666666666 109.77537944444444 104.901233 113.67436733333334 0.9 0.06666666666666667 0.03333333333333333 0.4 0.23333333333333334 0.2 0.06666666666666667 0.06666666666666667 0.0 0.0 0.03333333333333333 0.4057971014492754 0.30434782608695654 0.14492753623188406 0.11594202898550725 0.028985507246376812 shenyanping 3Сʱ_mousemovements
222.93763869999998 358.55802266666666 626.9975840000001 635.2821577499999 0 0 0 0 321.768219 514.218703 456.9971372499999 393.6601404285714 200.73574066666666 0 259.4924028 229.83501842857143 0.03333333333333333 0.1 0.13333333333333333 0.23333333333333334 0.1 0.0 0.16666666666666666 0.23333333333333334 130.42169144 87.4606835 0 0.974025974025974 0.025974025974025976 0.0 0.6666666666666666 0.1 0.1 0.13333333333333333 0.0 0.0 0.0 0.0 0.47692307692307695 0.3076923076923077 0.1076923076923077 0.09230769230769231 0.015384615384615385 shenyanping 3Сʱ_mousemovements
78.13147324999998 320.651245 224.427612 0 802.599548 0 0 0 0 0 224.427612 25.793438 126.3406075 0 159.93426350000001 299.092728 0.0 0.0 0.09090909090909091 0.09090909090909091 0.36363636363636365 0.0 0.18181818181818182 0.2727272727272727 49.95150225714286 0 224.427612 0.9722222222222222 0.0 0.027777777777777776 0.7272727272727273 0.09090909090909091 0.09090909090909091 0.0 0.09090909090909091 0.0 0.0 0.0 0.5172413793103449 0.2413793103448276 0.10344827586206896 0.06896551724137931 0.06896551724137931 shenyanping 3Сʱ_mousemovements
0 0 0 0 0 0 0 0 0 0 0 0 0 0 0 0 0 0 0 0 0 0 0 0 0 0 0 0 0 0 0 0 0 0 0 0 0 0 0 0 0 0 0 shenyanping 3Сʱ_mousemovements
224.17754099999996 563.7804874999999 883.9623792499999 626.0224605 983.2871705 0 0 0 0 373.1162835 613.1992282 293.7364255 277.10497250000003 564.9677692500001 401.0801596666667 853.391052 0.0 0.1 0.25 0.1 0.1 0.2 0.15 0.1 168.49798120689655 272.29245 26.20993466666667 0.9354838709677419 0.016129032258064516 0.04838709677419355 0.5 0.1 0.2 0.1 0.1 0.0 0.0 0.0 0.5769230769230769 0.3076923076923077 0.07692307692307693 0.019230769230769232 0.019230769230769232 shenyanping 3Сʱ_mousemovements
0 0 0 0 0 0 0 0 0 0 0 0 0 0 0 0 0 0 0 0 0 0 0 0 0 0 0 0 0 0 0 0 0 0 0 0 0 0 0 0 0 0 0 shenyanping 3Сʱ_mousemovements
0 0 0 0 0 0 0 0 0 0 0 0 0 0 0 0 0 0 0 0 0 0 0 0 0 0 0 0 0 0 0 0 0 0 0 0 0 0 0 0 0 0 0 shenyanping 3Сʱ_mousemovements
118.11888200000003 487.9927063333333 356.01944 0 952.5487771666667 0 0 0 452.40963766666664 674.2039466666666 405.112457 149.94690350000002 1022.7824503333333 255.98095549999996 88.35140357142858 106.38298 0.12 0.12 0.08 0.08 0.12 0.16 0.28 0.04 116.35266316417909 12.668455666666667 368.35991325 0.9054054054054054 0.04054054054054054 0.05405405405405406 0.6 0.12 0.04 0.0 0.24 0.0 0.0 0.0 0.5362318840579711 0.2753623188405797 0.10144927536231885 0.043478260869565216 0.043478260869565216 shenyanping 3Сʱ_mousemovements
224.98912175000007 386.80900357142855 0 0 624.410034 606.337585 0 1781.091583 380.792225 637.0642975 708.7896115000001 0 129.89451566666665 508.43057344444435 93.95979566666666 158.61407966666664 0.07142857142857142 0.21428571428571427 0.07142857142857142 0.0 0.10714285714285714 0.32142857142857145 0.10714285714285714 0.10714285714285714 92.82502662650603 9.841367666666667 443.4253865555555 0.8736842105263158 0.031578947368421054 0.09473684210526316 0.5714285714285714 0.25 0.0 0.0 0.07142857142857142 0.03571428571428571 0.0 0.07142857142857142 0.6111111111111112 0.23333333333333334 0.011111111111111112 0.08888888888888889 0.05555555555555555 shenyanping 3Сʱ_mousemovements
293.333245047619 463.77650885714286 1038.6184995 1146.889972 0 477.084198 0 705.083923 449.160061 583.9541900999999 895.3636625 824.8771055 243.1345405 288.7570288 566.7617205555556 253.53820400000004 0.10256410256410256 0.2564102564102564 0.05128205128205128 0.05128205128205128 0.10256410256410256 0.1282051282051282 0.23076923076923078 0.07692307692307693 166.43961138999995 88.9922632 453.10692579999994 0.9090909090909091 0.045454545454545456 0.045454545454545456 0.5384615384615384 0.1794871794871795 0.05128205128205128 0.1282051282051282 0.0 0.07692307692307693 0.0 0.02564102564102564 0.5106382978723404 0.2978723404255319 0.10638297872340426 0.02127659574468085 0.06382978723404255 shenyanping 3Сʱ_mousemovements
151.98195017391302 347.21142800000007 511.28502542857143 394.99037949999996 1969.721436 610.459839 982.2680965 1298.784302 539.629791 429.67977541666664 499.62329600000004 0 466.25834657142866 281.38264799999996 268.3597423333334 190.892044 0.06521739130434782 0.2608695652173913 0.06521739130434782 0.0 0.15217391304347827 0.10869565217391304 0.2608695652173913 0.08695652173913043 110.90161756692912 206.737114 252.13367862500002 0.9136690647482014 0.02877697841726619 0.05755395683453238 0.5 0.15217391304347827 0.15217391304347827 0.08695652173913043 0.021739130434782608 0.021739130434782608 0.043478260869565216 0.021739130434782608 0.6612903225806451 0.1774193548387097 0.08064516129032258 0.04032258064516129 0.04032258064516129 shenyanping 3Сʱ_mousemovements
