55.8399785 0 722.2604983333334 0 420.44104 4684.225098 728.219971 2045.043701 235.50851725 4684.225098 0 632.546021 953.03272 1140.567871 9.6 0 0.36363636363636365 0.09090909090909091 0.0 0.09090909090909091 0.2727272727272727 0.09090909090909091 0.09090909090909091 0.0 203.5731233695652 9.6 223.526886 0.9019607843137255 0.0196078431372549 0.0784313725490196 0.36363636363636365 0.0 0.2727272727272727 0.0 0.09090909090909091 0.09090909090909091 0.09090909090909091 0.09090909090909091 0.4418604651162791 0.32558139534883723 0.09302325581395349 0.06976744186046512 0.06976744186046512 chenyu 10Сʱ_mousemovements
54.976768 0 971.97168 0 0 1231.444946 2785.141113 0 1231.444946 971.97168 0 0 2785.141113 0 54.976768 0 0.25 0.25 0.0 0.0 0.25 0.0 0.25 0.0 453.505249 0 54.976768 0.9166666666666666 0.0 0.08333333333333333 0.25 0.0 0.25 0.0 0.0 0.25 0.25 0.0 0.25 0.25 0.3333333333333333 0.08333333333333333 0.08333333333333333 chenyu 10Сʱ_mousemovements
217.91314500000001 579.7182923333334 194.522461 502.152374 485.924805 0 0 0 0 326.326191 502.152374 0 0 644.8575135 0 293.3674165 0.0 0.375 0.125 0.0 0.0 0.25 0.0 0.25 90.81102148275862 0 241.35372800000002 0.90625 0.0 0.09375 0.25 0.375 0.125 0.125 0.125 0.0 0.0 0.0 0.38461538461538464 0.2692307692307692 0.19230769230769232 0.11538461538461539 0.038461538461538464 chenyu 10Сʱ_mousemovements
0 417.243103 0 0 0 0 0 0 0 0 0 417.243103 0 0 0 0 0.0 0.0 0.0 1.0 0.0 0.0 0.0 0.0 208.6215515 0 0 1.0 0.0 0.0 0.0 1.0 0.0 0.0 0.0 0.0 0.0 0.0 0.0 1.0 0.0 0.0 0.0 chenyu 10Сʱ_mousemovements
537.9094693333333 0 0 0 0 0 0 0 537.9094693333333 0 0 0 0 0 0 0 1.0 0.0 0.0 0.0 0.0 0.0 0.0 0.0 134.47736733333332 0 0 1.0 0.0 0.0 1.0 0.0 0.0 0.0 0.0 0.0 0.0 0.0 0.8571428571428571 0.0 0.0 0.0 0.14285714285714285 chenyu 10Сʱ_mousemovements
77.02931025 1097.643555 0 0 1605.626953 0 1238.255737 1808.844604 1954.144653 922.8720509999999 77.586044 0 522.366821 868.379326 62.5 1097.643555 0.1111111111111111 0.2222222222222222 0.1111111111111111 0.0 0.1111111111111111 0.2222222222222222 0.1111111111111111 0.1111111111111111 237.85326657142855 0 212.284121 0.9032258064516129 0.0 0.0967741935483871 0.4444444444444444 0.1111111111111111 0.0 0.0 0.1111111111111111 0.0 0.2222222222222222 0.1111111111111111 0.4166666666666667 0.25 0.16666666666666666 0.125 0.041666666666666664 chenyu 10Сʱ_mousemovements
336.399017 838.1839295 0 1231.514893 0 0 0 0 670.922292 0 0 0 1231.514893 0 0 0 0.75 0.0 0.0 0.0 0.25 0.0 0.0 0.0 270.35681408333335 0 0 1.0 0.0 0.0 0.25 0.5 0.0 0.25 0.0 0.0 0.0 0.0 0.7142857142857143 0.14285714285714285 0.14285714285714285 0.0 0.0 chenyu 10Сʱ_mousemovements
0 0 0 0 0 0 0 0 0 0 0 0 0 0 0 0 0 0 0 0 0 0 0 0 0 0 0 0 0 0 0 0 0 0 0 0 0 0 0 0 0 0 0 chenyu 10Сʱ_mousemovements
492.8498456666666 0 2002.143311 0 0 0 0 0 804.0261474 0 0 0 469.555824 0 0 0 0.7142857142857143 0.0 0.0 0.0 0.2857142857142857 0.0 0.0 0.0 275.5134658333333 0 0 1.0 0.0 0.0 0.8571428571428571 0.0 0.14285714285714285 0.0 0.0 0.0 0.0 0.0 0.75 0.0 0.0 0.16666666666666666 0.08333333333333333 chenyu 10Сʱ_mousemovements
54.8627385 708.4419656666668 580.2941956000001 273.725159 1885.3291364285717 0 996.933777 0 2027.5472138 273.725159 0 193.060516 1002.337469125 132.7948835 0 357.8369895 0.2631578947368421 0.05263157894736842 0.0 0.05263157894736842 0.42105263157894735 0.10526315789473684 0.0 0.10526315789473684 304.21289418333333 0 225.2852653333333 0.9090909090909091 0.0 0.09090909090909091 0.10526315789473684 0.15789473684210525 0.2631578947368421 0.05263157894736842 0.3684210526315789 0.0 0.05263157894736842 0.0 0.3673469387755102 0.32653061224489793 0.16326530612244897 0.08163265306122448 0.061224489795918366 chenyu 10Сʱ_mousemovements
161.64952512500003 684.831093 754.8391115 1343.22876 1085.4919435 1775.013977 1901.185791 0 946.2409111428572 351.3180315 0 0 1300.2194011666668 0 3.916449 173.21630625 0.35 0.1 0.0 0.0 0.3 0.0 0.05 0.2 225.39905975714285 0 11.62158475 0.9459459459459459 0.0 0.05405405405405406 0.4 0.1 0.1 0.15 0.1 0.1 0.05 0.0 0.41379310344827586 0.25862068965517243 0.20689655172413793 0.08620689655172414 0.034482758620689655 chenyu 10Сʱ_mousemovements
266.9089985 231.33619700000003 646.60169975 1534.5180625 780.0425720000001 3833.325928 736.631104 3253.911133 2461.9183716 324.91819575 75.132599 0 1472.8484701666666 465.34729 387.539795 48.845764 0.25 0.2 0.05 0.0 0.3 0.05 0.05 0.1 385.8838814137931 0 272.70038800000003 0.9354838709677419 0.0 0.06451612903225806 0.2 0.1 0.2 0.2 0.1 0.1 0.05 0.05 0.3829787234042553 0.2553191489361702 0.23404255319148937 0.06382978723404255 0.06382978723404255 chenyu 10Сʱ_mousemovements
335.1477078571428 108.436409 751.503113 746.12986375 693.674683 1645.4241533333334 1208.053467 0 666.30582825 300.42929480000004 108.436409 0 1236.405139 1324.558716 0 665.8686826666666 0.21052631578947367 0.2631578947368421 0.05263157894736842 0.0 0.2631578947368421 0.05263157894736842 0.0 0.15789473684210525 213.71535133870967 243.56189 57.2165964 0.9117647058823529 0.014705882352941176 0.07352941176470588 0.3684210526315789 0.05263157894736842 0.10526315789473684 0.21052631578947367 0.05263157894736842 0.15789473684210525 0.05263157894736842 0.0 0.42857142857142855 0.24489795918367346 0.1836734693877551 0.061224489795918366 0.08163265306122448 chenyu 10Сʱ_mousemovements
132.21319357142858 683.41613775 159.20459 325.367859 0 492.673431 2057.980591 954.47493 1009.8897096666666 163.8174585 372.270981 438.462433 1376.1775366666668 452.34191899999996 267.5117035 225.130615 0.16666666666666666 0.2222222222222222 0.1111111111111111 0.05555555555555555 0.16666666666666666 0.1111111111111111 0.1111111111111111 0.05555555555555555 183.11998099999997 0 128.80580899999998 0.9 0.0 0.1 0.3888888888888889 0.2222222222222222 0.05555555555555555 0.05555555555555555 0.0 0.05555555555555555 0.1111111111111111 0.1111111111111111 0.3953488372093023 0.32558139534883723 0.18604651162790697 0.046511627906976744 0.046511627906976744 chenyu 10Сʱ_mousemovements
348.78978311111115 0 1156.9068605 0 1077.53244 1727.452759 0 0 223.4793055 0 0 0 942.162222 0 780.390625 619.9201834285715 0.14285714285714285 0.0 0.0 0.0 0.2857142857142857 0.0 0.07142857142857142 0.5 250.32325518918924 0 36.739483 0.9487179487179487 0.0 0.05128205128205128 0.6428571428571429 0.0 0.14285714285714285 0.0 0.14285714285714285 0.07142857142857142 0.0 0.0 0.5 0.25 0.17857142857142858 0.07142857142857142 0.0 chenyu 10Сʱ_mousemovements
232.56291399999998 390.37027 398.27830125 688.3579482499999 627.62294 967.5399780000001 1620.2455077999998 0 490.5378365 845.6487045 526.946854 1197.517578 1215.545494 486.51622050000003 943.0684506666666 426.16177719999996 0.16 0.16 0.08 0.04 0.16 0.08 0.12 0.2 207.9089653086419 0 172.3066572222222 0.9 0.0 0.1 0.24 0.04 0.16 0.16 0.08 0.12 0.2 0.0 0.3170731707317073 0.3170731707317073 0.23170731707317074 0.07317073170731707 0.06097560975609756 chenyu 10Сʱ_mousemovements
132.439125 110.703285 176.600174 0 494.386887 0 0 2607.300049 125.149773 0 327.4805476666667 68.020309 204.147293 2607.300049 293.63559 0 0.125 0.0 0.375 0.125 0.125 0.125 0.125 0.0 119.3469550967742 0 193.64634966666668 0.9117647058823529 0.0 0.08823529411764706 0.375 0.125 0.125 0.0 0.25 0.0 0.0 0.125 0.32142857142857145 0.5357142857142857 0.07142857142857142 0.03571428571428571 0.03571428571428571 chenyu 10Сʱ_mousemovements
170.6329788 200.430603 652.4816129999999 489.40648999999996 0 757.416672 1736.8709716666665 2021.621358 469.37517275000005 686.9326142499999 861.7417856666666 1007.9012252 0 1248.1723023333334 827.4611246666667 41.52780766666667 0.16 0.16 0.12 0.2 0.0 0.12 0.12 0.12 207.8430670229885 5.347594 103.8199008 0.925531914893617 0.02127659574468085 0.05319148936170213 0.38461538461538464 0.038461538461538464 0.11538461538461539 0.15384615384615385 0.0 0.07692307692307693 0.11538461538461539 0.11538461538461539 0.379746835443038 0.3670886075949367 0.17721518987341772 0.06329113924050633 0.012658227848101266 chenyu 10Сʱ_mousemovements
139.56746283333334 228.154597 657.7257005 1196.249634 0 1643.5463865 1039.7376405 0 585.929565 1076.8412476666665 0 0 611.115875 164.402939 631.4386316666667 338.323578 0.0625 0.1875 0.0 0.0 0.1875 0.0625 0.1875 0.3125 167.48536861818178 0 47.11059575 0.9322033898305084 0.0 0.06779661016949153 0.375 0.1875 0.125 0.0625 0.0 0.125 0.125 0.0 0.4117647058823529 0.2549019607843137 0.1568627450980392 0.09803921568627451 0.0784313725490196 chenyu 10Сʱ_mousemovements
201.1214695 0 248.956604 883.8544006666667 0 500.238892 1779.3011475 0 902.8501893333333 0 0 1064.266586 631.130048 0 0 0 0.3333333333333333 0.0 0.0 0.2222222222222222 0.4444444444444444 0.0 0.0 0.0 274.02042133333333 0 261.7046066666667 0.8888888888888888 0.0 0.1111111111111111 0.2222222222222222 0.0 0.1111111111111111 0.3333333333333333 0.0 0.1111111111111111 0.2222222222222222 0.0 0.22727272727272727 0.45454545454545453 0.22727272727272727 0.09090909090909091 0.0 chenyu 10Сʱ_mousemovements
171.85899142857144 139.01640700000002 500.24258933333334 678.3539425 1067.036499 1444.803467 1193.561849 0 304.94145960000003 707.5143395 1296.6521 218.81999466666664 134.751934 489.89311050000003 1142.0167235 733.087524 0.23809523809523808 0.19047619047619047 0.047619047619047616 0.14285714285714285 0.14285714285714285 0.09523809523809523 0.09523809523809523 0.047619047619047616 93.3550153263158 123.724953 143.0490270833333 0.8796296296296297 0.009259259259259259 0.1111111111111111 0.3333333333333333 0.19047619047619047 0.14285714285714285 0.09523809523809523 0.047619047619047616 0.047619047619047616 0.14285714285714285 0.0 0.43617021276595747 0.2765957446808511 0.18085106382978725 0.05319148936170213 0.05319148936170213 chenyu 10Сʱ_mousemovements
0 0 0 0 0 0 0 0 0 0 0 0 0 0 0 0 0 0 0 0 0 0 0 0 0.0 0 0.0 0.75 0.0 0.25 0 0 0 0 0 0 0 0 1.0 0.0 0.0 0.0 0.0 chenyu 10Сʱ_mousemovements
4.0 0 0 240.936142 1650.276855 0 2039.630493 0 240.936142 0 0 0 1650.276855 0 0 1021.8152465 0.25 0.0 0.0 0.0 0.25 0.0 0.0 0.5 230.61920924999998 0 122.468071 0.8888888888888888 0.0 0.1111111111111111 0.25 0.0 0.0 0.25 0.25 0.0 0.25 0.0 0.3125 0.5 0.1875 0.0 0.0 chenyu 10Сʱ_mousemovements
112.89356492857142 290.047777 571.4488396666667 498.309937 1188.139333 0 1660.261465857143 937.6068115 930.1164294999999 607.0150478333334 557.9772839999999 523.9938416 330.168023 1208.21323975 451.3667706666667 0 0.17647058823529413 0.17647058823529413 0.08823529411764706 0.14705882352941177 0.20588235294117646 0.11764705882352941 0.08823529411764706 0.0 171.05095706086956 337.337225 139.10707033333333 0.8914728682170543 0.015503875968992248 0.09302325581395349 0.4117647058823529 0.11764705882352941 0.08823529411764706 0.029411764705882353 0.08823529411764706 0.0 0.20588235294117646 0.058823529411764705 0.3274336283185841 0.40707964601769914 0.11504424778761062 0.10619469026548672 0.04424778761061947 chenyu 10Сʱ_mousemovements
102.70616616666666 98.8983785 490.188293 266.795906 0 1968.5755005 3122.801758 0 255.42381949999998 0 1147.242381 71.05122466666667 1096.628975 1928.904419 176.187637 216.844078 0.14285714285714285 0.0 0.21428571428571427 0.21428571428571427 0.14285714285714285 0.07142857142857142 0.07142857142857142 0.14285714285714285 123.195875 0 109.54840971428571 0.9041095890410958 0.0 0.0958904109589041 0.42857142857142855 0.14285714285714285 0.07142857142857142 0.14285714285714285 0.0 0.14285714285714285 0.07142857142857142 0.0 0.3492063492063492 0.3492063492063492 0.1746031746031746 0.06349206349206349 0.06349206349206349 chenyu 10Сʱ_mousemovements
126.40595263636364 649.7200375 677.0847779999999 1419.398804 1237.159058 1789.3958336666667 3279.584717 0 857.01812 413.7536925 0 0 965.7455711111111 10.99891 118.59153 71.44617 0.34782608695652173 0.08695652173913043 0.0 0.0 0.391304347826087 0.043478260869565216 0.043478260869565216 0.08695652173913043 256.784374390625 0 42.7290608 0.927536231884058 0.0 0.07246376811594203 0.4782608695652174 0.17391304347826086 0.08695652173913043 0.043478260869565216 0.043478260869565216 0.13043478260869565 0.043478260869565216 0.0 0.40384615384615385 0.34615384615384615 0.057692307692307696 0.1346153846153846 0.057692307692307696 chenyu 10Сʱ_mousemovements
296.620487 168.587841 807.36969775 234.782166 0 0 1266.712036 0 1052.162109 373.7788356666667 0 244.207458 401.7809486666667 0 0 861.429672 0.07692307692307693 0.23076923076923078 0.0 0.07692307692307693 0.46153846153846156 0.0 0.0 0.15384615384615385 177.82067586111108 0 74.85338949999999 0.9473684210526315 0.0 0.05263157894736842 0.38461538461538464 0.15384615384615385 0.3076923076923077 0.07692307692307693 0.0 0.0 0.07692307692307693 0.0 0.2857142857142857 0.39285714285714285 0.17857142857142858 0.10714285714285714 0.03571428571428571 chenyu 10Сʱ_mousemovements
560.5657445 109.902466 1163.038574 827.8820345 794.0820106666666 1566.0478109999997 0 0 996.6143795 17.601826 310.86006199999997 0 2184.689209 1209.792399 389.017273 109.902466 0.16666666666666666 0.08333333333333333 0.16666666666666666 0.0 0.16666666666666666 0.25 0.08333333333333333 0.08333333333333333 253.19516212195126 0 187.306104 0.9111111111111111 0.0 0.08888888888888889 0.16666666666666666 0.08333333333333333 0.08333333333333333 0.16666666666666666 0.25 0.25 0.0 0.0 0.3939393939393939 0.24242424242424243 0.24242424242424243 0.12121212121212122 0.0 chenyu 10Сʱ_mousemovements
78.39067225000001 120.38131 203.171982 674.906868 818.8118796666668 1247.6817628 1932.5796814999999 2251.881348 1876.1416629999999 1136.4177141666667 942.7461045999999 309.9436725 697.319748 475.3134975 0 1159.6696245 0.08333333333333333 0.25 0.20833333333333334 0.08333333333333333 0.125 0.16666666666666666 0.0 0.08333333333333333 221.41156423863637 0 227.72852575000002 0.88 0.0 0.12 0.16666666666666666 0.041666666666666664 0.08333333333333333 0.16666666666666666 0.125 0.20833333333333334 0.16666666666666666 0.041666666666666664 0.3103448275862069 0.42528735632183906 0.14942528735632185 0.06896551724137931 0.04597701149425287 chenyu 10Сʱ_mousemovements
104.60986614285716 212.75818499999997 319.2623175 1138.4884896666667 930.9861451999999 888.96637 0 1947.0241290000001 174.19381425 468.21470624999995 547.3271684 875.4179750000001 259.97983775 1186.7917583333335 863.0913568333334 517.2260371666666 0.10810810810810811 0.10810810810810811 0.13513513513513514 0.13513513513513514 0.10810810810810811 0.08108108108108109 0.16216216216216217 0.16216216216216217 172.36769920325202 510.311432 94.89115055555557 0.924812030075188 0.007518796992481203 0.06766917293233082 0.1891891891891892 0.2972972972972973 0.10810810810810811 0.16216216216216217 0.13513513513513514 0.02702702702702703 0.0 0.08108108108108109 0.2966101694915254 0.3305084745762712 0.22033898305084745 0.09322033898305085 0.059322033898305086 chenyu 10Сʱ_mousemovements
99.3491945 424.95158900000007 693.6205953333333 1043.1981813333334 858.3861999999999 1044.720093 1246.56665 1731.0683595 489.82523199999997 320.30760380000004 691.1052644285713 713.2309724999999 523.891943 411.7249645 1569.5677896666666 254.13281325 0.14705882352941177 0.14705882352941177 0.20588235294117646 0.11764705882352941 0.11764705882352941 0.058823529411764705 0.08823529411764706 0.11764705882352941 202.3086899489796 0 79.90366114285715 0.9333333333333333 0.0 0.06666666666666667 0.29411764705882354 0.17647058823529413 0.2647058823529412 0.08823529411764706 0.058823529411764705 0.029411764705882353 0.029411764705882353 0.058823529411764705 0.3793103448275862 0.3333333333333333 0.19540229885057472 0.022988505747126436 0.06896551724137931 chenyu 10Сʱ_mousemovements
355.19519 0 0 424.868103 1590.3129376666668 0 0 0 355.19519 0 0 0 3057.375977 856.781418 0 424.868103 0.2 0.0 0.0 0.0 0.2 0.4 0.0 0.2 290.2064971875 0 453.8490755 0.8888888888888888 0.0 0.1111111111111111 0.2 0.0 0.0 0.2 0.6 0.0 0.0 0.0 0.46153846153846156 0.23076923076923078 0.23076923076923078 0.0 0.07692307692307693 chenyu 10Сʱ_mousemovements
0 48.374031 0 261.776459 858.334778 0 2633.372803 2236.083984 981.174431 0 2236.083984 858.334778 0 0 0 0 0.6 0.0 0.2 0.2 0.0 0.0 0.0 0.0 399.30453493333334 48.374031 0 0.9375 0.0625 0.0 0.0 0.2 0.0 0.2 0.2 0.0 0.2 0.2 0.25 0.4166666666666667 0.16666666666666666 0.08333333333333333 0.08333333333333333 chenyu 10Сʱ_mousemovements
148.30624 128.329803 651.025269 442.449799 0 2132.14209 1783.417358 2136.4942014999997 128.329803 1783.417358 651.025269 98.835472 1852.028198 1287.2959445 2420.960205 197.777008 0.1111111111111111 0.1111111111111111 0.1111111111111111 0.1111111111111111 0.1111111111111111 0.2222222222222222 0.1111111111111111 0.1111111111111111 421.11433649999987 0 442.449799 0.9565217391304348 0.0 0.043478260869565216 0.2222222222222222 0.1111111111111111 0.1111111111111111 0.1111111111111111 0.0 0.1111111111111111 0.1111111111111111 0.2222222222222222 0.15 0.6 0.1 0.1 0.05 chenyu 10Сʱ_mousemovements
0 149.748779 0 711.332092 0 0 0 1987.323975 1987.323975 0 0 0 149.748779 0 711.332092 0 0.3333333333333333 0.0 0.0 0.0 0.3333333333333333 0.0 0.3333333333333333 0.0 224.88800558333332 0 74.8743895 0.8571428571428571 0.0 0.14285714285714285 0.0 0.3333333333333333 0.0 0.3333333333333333 0.0 0.0 0.0 0.3333333333333333 0.45454545454545453 0.36363636363636365 0.18181818181818182 0.0 0.0 chenyu 10Сʱ_mousemovements
208.39369525 1622.85144 1015.581482 0 0 0 930.367249 0 1622.85144 0 0 0 145.06958 342.5863495 349.9206732 516.6263240000001 0.09090909090909091 0.0 0.0 0.0 0.09090909090909091 0.18181818181818182 0.45454545454545453 0.18181818181818182 163.87188893548387 7.092198 74.414489 0.9117647058823529 0.029411764705882353 0.058823529411764705 0.7272727272727273 0.09090909090909091 0.09090909090909091 0.0 0.0 0.0 0.09090909090909091 0.0 0.6363636363636364 0.2727272727272727 0.030303030303030304 0.030303030303030304 0.030303030303030304 chenyu 10Сʱ_mousemovements
210.36358525925928 470.3926763333333 1308.7722063333333 868.070801 844.2459717499999 0 686.479919 1808.565918 958.1027068333333 353.78787320000004 565.597178 87.01619 176.3878434 459.2228023333333 387.462209875 348.70580474999997 0.13043478260869565 0.21739130434782608 0.06521739130434782 0.021739130434782608 0.10869565217391304 0.1956521739130435 0.17391304347826086 0.08695652173913043 106.83880411612904 895.122406 185.79238191666664 0.9171597633136095 0.011834319526627219 0.07100591715976332 0.5869565217391305 0.1956521739130435 0.06521739130434782 0.021739130434782608 0.08695652173913043 0.0 0.021739130434782608 0.021739130434782608 0.6329113924050633 0.23417721518987342 0.06962025316455696 0.0379746835443038 0.02531645569620253 chenyu 10Сʱ_mousemovements
170.4867906818182 411.53141320000003 741.159302 476.6079555 1109.5702820000001 1057.292038 816.757233 1749.448364 345.93922233333336 703.4084788571429 484.38972125 206.907364 255.33369825 432.5595308 224.844724 334.982371 0.16216216216216217 0.1891891891891892 0.10810810810810811 0.05405405405405406 0.10810810810810811 0.13513513513513514 0.08108108108108109 0.16216216216216217 113.37267127826087 0 272.696493375 0.9349593495934959 0.0 0.06504065040650407 0.5945945945945946 0.13513513513513514 0.02702702702702703 0.05405405405405406 0.05405405405405406 0.05405405405405406 0.05405405405405406 0.02702702702702703 0.4434782608695652 0.2956521739130435 0.1391304347826087 0.08695652173913043 0.034782608695652174 chenyu 10Сʱ_mousemovements
215.79125191304342 820.4702368571428 911.7526191666667 1420.1468504 1148.323608 1434.790405 1752.417847 553.645355 579.58870325 590.449829 992.2348677142857 201.24148200000002 545.5909445714285 726.6078227 831.580617375 344.9218118571428 0.08333333333333333 0.0625 0.14583333333333334 0.041666666666666664 0.14583333333333334 0.20833333333333334 0.16666666666666666 0.14583333333333334 183.4444228176101 718.6532183333334 38.07441657142857 0.9408284023668639 0.01775147928994083 0.04142011834319527 0.4791666666666667 0.14583333333333334 0.125 0.10416666666666667 0.020833333333333332 0.0625 0.020833333333333332 0.041666666666666664 0.6012269938650306 0.26993865030674846 0.08588957055214724 0.03067484662576687 0.012269938650306749 chenyu 10Сʱ_mousemovements
197.88606485714286 480.41965292307697 501.303375 483.7574131666666 1207.875122 835.9491727500001 0 1638.8078206666667 359.2983387142857 941.2606505714285 393.22731 501.303375 559.6115608 633.8172765384614 367.39434280000006 448.81756399999995 0.1346153846153846 0.1346153846153846 0.057692307692307696 0.019230769230769232 0.09615384615384616 0.25 0.19230769230769232 0.11538461538461539 125.84977885245901 144.75327966666669 236.2330036 0.8883495145631068 0.014563106796116505 0.0970873786407767 0.40384615384615385 0.25 0.019230769230769232 0.11538461538461539 0.019230769230769232 0.07692307692307693 0.0 0.11538461538461539 0.5989847715736041 0.2639593908629442 0.06091370558375635 0.05583756345177665 0.02030456852791878 chenyu 10Сʱ_mousemovements
111.37694484210526 403.6724984285715 320.066986 837.0969846666667 0 584.715678 755.363159 1034.811401 320.4006385 151.96489966666667 569.801157 688.455719 178.89354624999999 457.91853919999994 216.8363 253.65018450000002 0.11428571428571428 0.17142857142857143 0.11428571428571428 0.05714285714285714 0.11428571428571428 0.14285714285714285 0.05714285714285714 0.22857142857142856 89.40628343269229 792.762756 306.63318549999997 0.9541284403669725 0.009174311926605505 0.03669724770642202 0.5428571428571428 0.2 0.02857142857142857 0.08571428571428572 0.0 0.08571428571428572 0.02857142857142857 0.02857142857142857 0.46601941747572817 0.2815533980582524 0.10679611650485436 0.10679611650485436 0.038834951456310676 chenyu 10Сʱ_mousemovements
173.73636937037034 895.8062133333333 391.91346233333337 542.0581256666667 826.5699060000001 2086.262207 962.4589235 766.203613 206.69231222222226 297.7884672 692.7811585 261.080797 406.4467276 423.1495438888889 657.7652147142857 433.86891725000004 0.20930232558139536 0.11627906976744186 0.046511627906976744 0.046511627906976744 0.11627906976744186 0.20930232558139536 0.16279069767441862 0.09302325581395349 107.7293042857143 55.665565 234.89582515384612 0.9047619047619048 0.006802721088435374 0.08843537414965986 0.627906976744186 0.06976744186046512 0.06976744186046512 0.06976744186046512 0.06976744186046512 0.023255813953488372 0.046511627906976744 0.023255813953488372 0.6014492753623188 0.2028985507246377 0.10869565217391304 0.06521739130434782 0.021739130434782608 chenyu 10Сʱ_mousemovements
254.78003681818183 261.36157249999997 1680.480347 0 0 0 1110.84314 688.488403 995.4742435 350.93851966666665 610.88623 0 257.11795 467.38217933333334 300.13054475 145.3392485 0.125 0.1875 0.0625 0.0 0.0625 0.1875 0.25 0.125 102.17219267213115 49.888542 261.36157249999997 0.953125 0.015625 0.03125 0.6875 0.125 0.0625 0.0 0.0 0.0 0.0625 0.0625 0.6440677966101694 0.22033898305084745 0.0847457627118644 0.03389830508474576 0.01694915254237288 chenyu 10Сʱ_mousemovements
92.17041433333333 381.129898 920.652222 375.299988 860.808044 0 0 0 114.20664033333333 259.668182 920.652222 240.13797 61.732937 79.51696 618.054016 0.0 0.35294117647058826 0.058823529411764705 0.058823529411764705 0.17647058823529413 0.11764705882352941 0.058823529411764705 0.11764705882352941 0.058823529411764705 93.20520100000002 0 17.241379 0.9772727272727273 0.0 0.022727272727272728 0.7058823529411765 0.11764705882352941 0.058823529411764705 0.058823529411764705 0.058823529411764705 0.0 0.0 0.0 0.4 0.275 0.125 0.1 0.1 chenyu 10Сʱ_mousemovements
149.5420305 115.005432 672.978882 803.6747285 0 0 0 0 0 392.5204625 803.6747285 115.005432 71.196991 204.615143 341.489441 54.98802575 0.0 0.14285714285714285 0.14285714285714285 0.07142857142857142 0.07142857142857142 0.14285714285714285 0.14285714285714285 0.2857142857142857 81.65108226086956 0 44.934764 0.9387755102040817 0.0 0.061224489795918366 0.7142857142857143 0.07142857142857142 0.07142857142857142 0.14285714285714285 0.0 0.0 0.0 0.0 0.4864864864864865 0.3783783783783784 0.08108108108108109 0.02702702702702703 0.02702702702702703 chenyu 10Сʱ_mousemovements
110.4756163 0 0 0 0 0 0 0 0 148.446014 0 111.44709 137.540009 132.07172 250.0 48.2949025 0.0 0.1 0.0 0.1 0.1 0.2 0.1 0.4 22.33001891111111 0 49.952656 0.9574468085106383 0.0 0.0425531914893617 1.0 0.0 0.0 0.0 0.0 0.0 0.0 0.0 0.4722222222222222 0.2222222222222222 0.1111111111111111 0.19444444444444445 0.0 chenyu 10Сʱ_mousemovements
123.15426693333335 365.9549715 0 870.229126 0 0 0 0 85.703609 0 493.4792025 0 0 167.030797 227.90930542857146 48.657480250000006 0.1111111111111111 0.0 0.1111111111111111 0.0 0.0 0.16666666666666666 0.3888888888888889 0.2222222222222222 79.35056652380952 0 116.729279 0.9767441860465116 0.0 0.023255813953488372 0.8333333333333334 0.1111111111111111 0.0 0.05555555555555555 0.0 0.0 0.0 0.0 0.48484848484848486 0.36363636363636365 0.12121212121212122 0.030303030303030304 0.0 chenyu 10Сʱ_mousemovements
141.20603109090908 346.826884 278.031952 0 0 0 0 3078.177734 209.455551 213.54071033333335 183.101822 469.335632 128.4264645 0 285.57250999999997 1051.0450383333334 0.125 0.1875 0.0625 0.0625 0.25 0.0 0.125 0.1875 107.0174476981132 0 139.015976 0.9636363636363636 0.0 0.03636363636363636 0.6875 0.1875 0.0625 0.0 0.0 0.0 0.0 0.0625 0.56 0.22 0.18 0.04 0.0 chenyu 10Сʱ_mousemovements
130.7204784358974 445.693939 569.933533 445.331085 911.773621 1540.2805790000002 917.644714 1040.0952763333335 37.485561 449.1671722 734.0503718333334 339.2024214 123.30985500000004 149.95817566666665 354.2213874 300.741689 0.0196078431372549 0.09803921568627451 0.11764705882352941 0.09803921568627451 0.2549019607843137 0.17647058823529413 0.19607843137254902 0.0392156862745098 111.76944426666665 147.103485 48.8012494 0.9574468085106383 0.0070921985815602835 0.03546099290780142 0.7647058823529411 0.0196078431372549 0.0196078431372549 0.058823529411764705 0.0196078431372549 0.0392156862745098 0.0196078431372549 0.058823529411764705 0.5528455284552846 0.23577235772357724 0.12195121951219512 0.08943089430894309 0.0 chenyu 10Сʱ_mousemovements
40.9566995 0 307.603821 299.49765 0 0 0 0 0 0 303.5507355 0 0 58.454588 23.458811 0 0.0 0.0 0.3333333333333333 0.0 0.0 0.3333333333333333 0.3333333333333333 0.0 19.642942458333334 0 299.49765 0.96 0.0 0.04 0.6666666666666666 0.0 0.16666666666666666 0.16666666666666666 0.0 0.0 0.0 0.0 0.65 0.1 0.1 0.0 0.15 chenyu 10Сʱ_mousemovements
111.26596833333332 0 0 429.433746 0 0 862.782471 0 0 0 862.782471 0 122.9724315 136.8506505 182.1537055 91.2832375 0.0 0.0 0.09090909090909091 0.0 0.18181818181818182 0.18181818181818182 0.36363636363636365 0.18181818181818182 80.42172692592594 0 122.223305 0.9642857142857143 0.0 0.03571428571428571 0.8181818181818182 0.0 0.0 0.09090909090909091 0.0 0.0 0.09090909090909091 0.0 0.5833333333333334 0.125 0.125 0.08333333333333333 0.08333333333333333 chenyu 10Сʱ_mousemovements
108.40817494736841 371.02562966666665 457.135498 0 984.503906 0 0 0 126.5834885 176.470581 885.604065 128.720367 130.22443633333333 163.41195499999998 98.10897680000001 117.32551880000001 0.08333333333333333 0.041666666666666664 0.08333333333333333 0.041666666666666664 0.125 0.20833333333333334 0.20833333333333334 0.20833333333333334 65.15053780882353 0 92.117523 0.9714285714285714 0.0 0.02857142857142857 0.7916666666666666 0.125 0.041666666666666664 0.0 0.041666666666666664 0.0 0.0 0.0 0.46296296296296297 0.18518518518518517 0.25925925925925924 0.037037037037037035 0.05555555555555555 chenyu 10Сʱ_mousemovements
222.259573375 309.54619974999997 965.004456 1031.519897 1067.170288 0 832.342224 1882.157349 0 553.130943 633.20276275 562.6176544000001 766.9056475 118.3676605 243.08413416666667 112.729538 0.0 0.12 0.16 0.2 0.08 0.08 0.24 0.12 145.94394747142857 0 118.81862133333334 0.958904109589041 0.0 0.0410958904109589 0.64 0.16 0.04 0.04 0.04 0.0 0.04 0.04 0.4375 0.265625 0.203125 0.09375 0.0 chenyu 10Сʱ_mousemovements
89.74832018181816 324.294945 842.0574416666667 0 0 0 0 0 409.097479 483.6443975 82.4539755 499.775513 94.189903 111.314186 183.8751065 104.531537 0.25 0.125 0.125 0.0625 0.0625 0.125 0.125 0.125 78.65206988 0 76.46341433333333 0.9433962264150944 0.0 0.05660377358490566 0.6875 0.125 0.1875 0.0 0.0 0.0 0.0 0.0 0.475 0.325 0.05 0.05 0.1 chenyu 10Сʱ_mousemovements
132.87212362962964 334.05763233333334 742.9438883333333 1407.013733 0 0 0 0 233.06931566666665 181.16495260000002 510.023478 65.853545 169.39141175 642.7877686 0 212.95977745454545 0.08571428571428572 0.14285714285714285 0.08571428571428572 0.11428571428571428 0.11428571428571428 0.14285714285714285 0.0 0.3142857142857143 100.35605355319149 0 99.555166 0.9791666666666666 0.0 0.020833333333333332 0.7714285714285715 0.08571428571428572 0.08571428571428572 0.05714285714285714 0.0 0.0 0.0 0.0 0.4367816091954023 0.3793103448275862 0.09195402298850575 0.04597701149425287 0.04597701149425287 chenyu 10Сʱ_mousemovements
104.0493980625 0 482.1635285 1007.4325359999999 519.437683 1064.687012 0 0 0 195.990976 490.236309 237.32885366666667 119.21197699999999 314.7855408 111.04115841666668 272.46075955555557 0.0 0.05128205128205128 0.10256410256410256 0.07692307692307693 0.10256410256410256 0.1282051282051282 0.3076923076923077 0.23076923076923078 76.80434670270273 0 93.7619035 0.9652173913043478 0.0 0.034782608695652174 0.8205128205128205 0.0 0.05128205128205128 0.07692307692307693 0.02564102564102564 0.02564102564102564 0.0 0.0 0.5339805825242718 0.27184466019417475 0.07766990291262135 0.08737864077669903 0.02912621359223301 chenyu 10Сʱ_mousemovements
94.674667 0 0 0 0 0 0 0 0 0 0 0 0 94.674667 0 0 0.0 0.0 0.0 0.0 0.0 1.0 0.0 0.0 23.66866675 0 0 1.0 0.0 0.0 1.0 0.0 0.0 0.0 0.0 0.0 0.0 0.0 1.0 0.0 0.0 0.0 0.0 chenyu 10Сʱ_mousemovements
90.5213531111111 228.02433000000002 0 0 0 0 0 0 0 198.39709200000001 166.078243 93.79639066666668 132.30510700000002 72.23488275 16.02564 18.181166 0.0 0.15 0.1 0.15 0.1 0.4 0.05 0.05 40.15920075 0 78.89569 0.96 0.0 0.04 0.9 0.1 0.0 0.0 0.0 0.0 0.0 0.0 0.4772727272727273 0.2727272727272727 0.1590909090909091 0.022727272727272728 0.06818181818181818 chenyu 10Сʱ_mousemovements
145.49907199999998 278.7865675 465.73461149999997 363.827454 835.335022 0 0 1539.86145 165.96413633333333 0 0 560.8685607499999 218.53573459999998 152.232675 45.675331 457.45804642857144 0.1111111111111111 0.0 0.0 0.14814814814814814 0.18518518518518517 0.14814814814814814 0.14814814814814814 0.25925925925925924 93.23806173170732 0.0 45.590653 0.9425287356321839 0.011494252873563218 0.04597701149425287 0.7037037037037037 0.07407407407407407 0.07407407407407407 0.037037037037037035 0.07407407407407407 0.0 0.0 0.037037037037037035 0.5131578947368421 0.2236842105263158 0.11842105263157894 0.06578947368421052 0.07894736842105263 chenyu 10Сʱ_mousemovements
174.2662069473684 470.55007820000003 682.2933449999999 0 854.1903685 471.054321 1041.2818605 0 549.5717882857142 371.7712374999999 0 487.94560499999994 224.1695708333333 999.8937480000001 226.03286269999998 152.65267123076922 0.11864406779661017 0.13559322033898305 0.0 0.1016949152542373 0.2033898305084746 0.05084745762711865 0.1694915254237288 0.22033898305084745 97.04329231999999 52.87997033333334 181.5828162857143 0.9114583333333334 0.015625 0.07291666666666667 0.6440677966101694 0.1694915254237288 0.1016949152542373 0.0 0.03389830508474576 0.01694915254237288 0.03389830508474576 0.0 0.543010752688172 0.25268817204301075 0.11827956989247312 0.06451612903225806 0.021505376344086023 chenyu 10Сʱ_mousemovements
