149.5051566470588 445.80768750000004 706.4863993333333 664.0922852000001 502.1358846666667 1060.703247 1291.9353636666667 970.2642515 527.787812 690.0053977500002 185.34049225 427.63514742857143 486.96024744444446 267.0976149090909 190.3544244 310.2181283 0.17142857142857143 0.17142857142857143 0.05714285714285714 0.1 0.12857142857142856 0.15714285714285714 0.07142857142857142 0.14285714285714285 122.73197410599077 12.30464775 152.04694709999998 0.9004149377593361 0.016597510373443983 0.08298755186721991 0.4857142857142857 0.14285714285714285 0.17142857142857143 0.07142857142857142 0.04285714285714286 0.014285714285714285 0.04285714285714286 0.02857142857142857 0.5927601809954751 0.21266968325791855 0.1085972850678733 0.06334841628959276 0.02262443438914027 maoyu 5Сʱ_mousemovements
0 0 0 0 0 0 0 0 0 0 0 0 0 0 0 0 0 0 0 0 0 0 0 0 0 0 0 0 0 0 0 0 0 0 0 0 0 0 0 0 0 0 0 maoyu 5Сʱ_mousemovements
98.76213962962964 401.6747864 974.5988973333333 722.7840114999999 964.134705 942.7859495 647.829956 1086.9660334999999 604.7366675000001 219.5211264 671.3021974999999 554.9557645 670.0755615 420.2977803333333 264.78197200000005 113.265805 0.09302325581395349 0.23255813953488372 0.09302325581395349 0.046511627906976744 0.046511627906976744 0.06976744186046512 0.2558139534883721 0.16279069767441862 104.92785472500003 81.90137575 449.2092435 0.9375 0.03125 0.03125 0.627906976744186 0.11627906976744186 0.06976744186046512 0.046511627906976744 0.023255813953488372 0.046511627906976744 0.023255813953488372 0.046511627906976744 0.6086956521739131 0.23478260869565218 0.0782608695652174 0.043478260869565216 0.034782608695652174 maoyu 5Сʱ_mousemovements
171.995379 486.897624 697.1648560000001 922.7457476666667 820.849472 0 0 0 432.372223 283.9916 1127.894409 225.202759 40.8589745 761.5046326000001 115.40698924999998 112.33679835714285 0.06521739130434782 0.13043478260869565 0.06521739130434782 0.021739130434782608 0.043478260869565216 0.10869565217391304 0.2608695652173913 0.30434782608695654 102.73104878861788 169.166382 217.23567733333334 0.968503937007874 0.007874015748031496 0.023622047244094488 0.782608695652174 0.06521739130434782 0.043478260869565216 0.06521739130434782 0.043478260869565216 0.0 0.0 0.0 0.6037735849056604 0.22641509433962265 0.09433962264150944 0.05660377358490566 0.018867924528301886 maoyu 5Сʱ_mousemovements
0 0 0 0 0 0 0 0 0 0 0 0 0 0 0 0 0 0 0 0 0 0 0 0 0 0 0 0 0 0 0 0 0 0 0 0 0 0 0 0 0 0 0 maoyu 5Сʱ_mousemovements
150.03621926666662 284.45484899999997 551.9985195 757.0503845 557.3222355 1313.261597 485.476135 483.76178 334.28158175 300.912448 393.0069936666667 494.5385119999999 0 291.794571 362.85483000000005 166.78982266666668 0.14814814814814814 0.14814814814814814 0.1111111111111111 0.1111111111111111 0.0 0.1111111111111111 0.25925925925925924 0.1111111111111111 101.1619444875 50.102802 185.1976928 0.9195402298850575 0.022988505747126436 0.05747126436781609 0.5555555555555556 0.1111111111111111 0.07407407407407407 0.07407407407407407 0.07407407407407407 0.037037037037037035 0.037037037037037035 0.037037037037037035 0.6756756756756757 0.20270270270270271 0.05405405405405406 0.04054054054054054 0.02702702702702703 maoyu 5Сʱ_mousemovements
349.066346888889 325.801422 0 1962.469971 0 458.697174 0 0 1290.57959 918.0021363333334 393.75941450000005 0 0 196.569397 0 197.82469780000002 0.07692307692307693 0.23076923076923078 0.15384615384615385 0.0 0.0 0.15384615384615385 0.0 0.38461538461538464 149.46899013157895 0 267.272743 0.95 0.0 0.05 0.6923076923076923 0.15384615384615385 0.0 0.07692307692307693 0.0 0.07692307692307693 0.0 0.0 0.6111111111111112 0.3055555555555556 0.05555555555555555 0.0 0.027777777777777776 maoyu 5Сʱ_mousemovements
175.9738463 471.18990583333334 288.777374 519.996704 981.737732 1311.344482 0 1199.942993 67.841957 730.378418 536.7014105999999 0 223.7002865 180.3284025 554.2929132 37.700977 0.045454545454545456 0.045454545454545456 0.22727272727272727 0.0 0.09090909090909091 0.09090909090909091 0.45454545454545453 0.045454545454545456 109.71963552173912 18.8504885 323.1512981428572 0.8846153846153846 0.02564102564102564 0.08974358974358974 0.45454545454545453 0.2727272727272727 0.045454545454545456 0.045454545454545456 0.09090909090909091 0.045454545454545456 0.0 0.045454545454545456 0.6486486486486487 0.1891891891891892 0.10810810810810811 0.04054054054054054 0.013513513513513514 maoyu 5Сʱ_mousemovements
168.19845436842104 220.88266979999997 493.062866 844.1170729999999 0 510.7808836666666 666.726746 0 847.999634 350.5334165 378.9533394545455 15.044826 85.78122033333334 472.258082 131.5353228888889 457.992981 0.06060606060606061 0.06060606060606061 0.3333333333333333 0.030303030303030304 0.09090909090909091 0.12121212121212122 0.2727272727272727 0.030303030303030304 99.21864397849463 30.555016166666665 191.62411 0.8942307692307693 0.057692307692307696 0.04807692307692308 0.5757575757575758 0.15151515151515152 0.030303030303030304 0.12121212121212122 0.0 0.09090909090909091 0.030303030303030304 0.0 0.5684210526315789 0.24210526315789474 0.11578947368421053 0.021052631578947368 0.05263157894736842 maoyu 5Сʱ_mousemovements
233.29009587500002 521.9044646 375.46669016666664 2158.692016666667 806.3944699999998 1255.2019042 0 0 862.218698 763.2654063333334 324.6762746666667 696.4720935 366.8701376666667 549.5719046666666 725.5112265 710.3785705 0.13157894736842105 0.15789473684210525 0.15789473684210525 0.10526315789473684 0.07894736842105263 0.15789473684210525 0.10526315789473684 0.10526315789473684 183.84570998165134 8.0 413.22784344444443 0.9159663865546218 0.008403361344537815 0.07563025210084033 0.42105263157894735 0.13157894736842105 0.15789473684210525 0.07894736842105263 0.07894736842105263 0.13157894736842105 0.0 0.0 0.66 0.13 0.14 0.04 0.03 maoyu 5Сʱ_mousemovements
220.18928989473682 506.19935616666663 1376.2399496666667 420.543945 806.6539306666667 3401.062256 691.416077 0 920.0010054285714 594.4293531111111 459.27173625 414.44629699999996 606.467346 340.4950715 243.94837950000004 239.231864 0.20588235294117646 0.2647058823529412 0.11764705882352941 0.058823529411764705 0.058823529411764705 0.058823529411764705 0.11764705882352941 0.11764705882352941 145.8925411188119 0 354.7349911 0.9099099099099099 0.0 0.09009009009009009 0.5588235294117647 0.17647058823529413 0.08823529411764706 0.029411764705882353 0.08823529411764706 0.029411764705882353 0.029411764705882353 0.0 0.7227722772277227 0.16831683168316833 0.039603960396039604 0.019801980198019802 0.04950495049504951 maoyu 5Сʱ_mousemovements
0 0 0 0 0 0 0 0 0 0 0 0 0 0 0 0 0 0 0 0 0 0 0 0 0.0 0 0 1.0 0.0 0.0 0 0 0 0 0 0 0 0 0 0 0 0 0 maoyu 5Сʱ_mousemovements
0 0 0 0 0 0 0 0 0 0 0 0 0 0 0 0 0 0 0 0 0 0 0 0 0 0 0 0 0 0 0 0 0 0 0 0 0 0 0 0 0 0 0 maoyu 5Сʱ_mousemovements
0 0 0 0 0 0 0 0 0 0 0 0 0 0 0 0 0 0 0 0 0 0 0 0 0 0 0 0 0 0 0 0 0 0 0 0 0 0 0 0 0 0 0 maoyu 5Сʱ_mousemovements
0 0 0 0 0 0 0 0 0 0 0 0 0 0 0 0 0 0 0 0 0 0 0 0 0 0 0 0 0 0 0 0 0 0 0 0 0 0 0 0 0 0 0 maoyu 5Сʱ_mousemovements
0 0 0 0 0 0 0 0 0 0 0 0 0 0 0 0 0 0 0 0 0 0 0 0 0 0 0 0 0 0 0 0 0 0 0 0 0 0 0 0 0 0 0 maoyu 5Сʱ_mousemovements
0 0 0 0 0 0 0 0 0 0 0 0 0 0 0 0 0 0 0 0 0 0 0 0 0 0 0 0 0 0 0 0 0 0 0 0 0 0 0 0 0 0 0 maoyu 5Сʱ_mousemovements
0 0 0 0 0 0 0 0 0 0 0 0 0 0 0 0 0 0 0 0 0 0 0 0 0 0 0 0 0 0 0 0 0 0 0 0 0 0 0 0 0 0 0 maoyu 5Сʱ_mousemovements
0 0 0 0 0 0 0 0 0 0 0 0 0 0 0 0 0 0 0 0 0 0 0 0 0 0 0 0 0 0 0 0 0 0 0 0 0 0 0 0 0 0 0 maoyu 5Сʱ_mousemovements
94.16538249999999 261.797211 0 559.8365376666667 1442.2886146666667 2178.1627504999997 0 0 0 2413.693359 0 606.7939759999999 1224.6099545000002 272.980595 181.035202 1278.5305609999998 0.0 0.07692307692307693 0.0 0.15384615384615385 0.15384615384615385 0.15384615384615385 0.23076923076923078 0.23076923076923078 179.40017925925926 0 218.92500316666667 0.9 0.0 0.1 0.3076923076923077 0.07692307692307693 0.0 0.23076923076923078 0.23076923076923078 0.15384615384615385 0.0 0.0 0.6981132075471698 0.09433962264150944 0.1320754716981132 0.07547169811320754 0.0 maoyu 5Сʱ_mousemovements
337.79462525 379.669464 0 0 0 0 0 0 188.455246 205.676086 0 0 0 638.226822 0 60.262989 0.2 0.2 0.0 0.0 0.0 0.4 0.0 0.2 61.03787041666667 0 132.9695375 0.9230769230769231 0.0 0.07692307692307693 0.8 0.2 0.0 0.0 0.0 0.0 0.0 0.0 0.85 0.15 0.0 0.0 0.0 maoyu 5Сʱ_mousemovements
0 1099.990021 364.59021 0 0 3936.613281 0 0 3936.613281 364.59021 0 0 908.753479 0 1291.226563 0 0.25 0.25 0.0 0.0 0.25 0.0 0.25 0.0 681.8437025555555 0 364.59021 0.9 0.0 0.1 0.0 0.5 0.25 0.0 0.0 0.25 0.0 0.0 0.8888888888888888 0.0 0.0 0.1111111111111111 0.0 maoyu 5Сʱ_mousemovements
137.117603 0 0 511.342834 832.5287785 0 0 0 511.342834 137.117603 619.382874 0 1045.674683 0 0 0 0.2 0.4 0.2 0.0 0.2 0.0 0.0 0.0 197.85458100000002 87.092979 187.142227 0.8461538461538461 0.07692307692307693 0.07692307692307693 0.4 0.0 0.0 0.2 0.4 0.0 0.0 0.0 0.6363636363636364 0.09090909090909091 0.09090909090909091 0.18181818181818182 0.0 maoyu 5Сʱ_mousemovements
379.81896875 0 0 724.4183193333333 560.751831 1939.0283205 0 1034.575073 1400.1494750000002 625.502136 0 560.751831 0 619.1754530000001 748.5558475 521.8746925 0.2727272727272727 0.09090909090909091 0.0 0.09090909090909091 0.0 0.18181818181818182 0.18181818181818182 0.18181818181818182 168.85756262499999 4.587156 600.6093902499999 0.8695652173913043 0.043478260869565216 0.08695652173913043 0.36363636363636365 0.0 0.0 0.2727272727272727 0.09090909090909091 0.18181818181818182 0.0 0.09090909090909091 0.725 0.175 0.05 0.05 0.0 maoyu 5Сʱ_mousemovements
