269.983925 1078.8198849999999 293.72699 0 0 0 0 0 0 1132.470581 598.770622 0 0 0 330.66139250000003 0 0.0 0.2 0.4 0.0 0.0 0.0 0.4 0.0 213.66675785714284 0 0.0 0.9333333333333333 0.0 0.06666666666666667 0.4 0.4 0.2 0.0 0.0 0.0 0.0 0.0 0.8461538461538461 0.07692307692307693 0.0 0.07692307692307693 0.0 maoyu 7Сʱ_mousemovements
383.2011365714285 263.57282000000004 468.7294925 0 0 1402.4716720000001 1570.809346666667 619.728333 640.428772 1596.6479980000001 882.8538702500001 1488.838013 398.6767796666666 530.0146965714285 804.1532263333334 0 0.041666666666666664 0.20833333333333334 0.16666666666666666 0.041666666666666664 0.125 0.2916666666666667 0.125 0.0 151.5795382019231 0 433.1869314166667 0.896551724137931 0.0 0.10344827586206896 0.2916666666666667 0.125 0.08333333333333333 0.0 0.0 0.3333333333333333 0.125 0.041666666666666664 0.5384615384615384 0.2692307692307692 0.08653846153846154 0.07692307692307693 0.028846153846153848 maoyu 7Сʱ_mousemovements
56.97611633333333 0 0 619.107605 1476.8243206666666 0 703.361694 905.718475 1314.9453646666666 121.254631 619.107605 528.90033 886.460693 741.877258 6.410256 0 0.3 0.1 0.1 0.1 0.2 0.1 0.1 0.0 102.33460787755102 6.410256 542.9003036 0.8909090909090909 0.01818181818181818 0.09090909090909091 0.3 0.0 0.0 0.1 0.3 0.0 0.1 0.2 0.76 0.1 0.06 0.04 0.04 maoyu 7Сʱ_mousemovements
179.49970615384615 416.288086 868.139669 0 0 997.379852 462.481262 0 63.25834 260.48796450000003 867.4578855000001 577.0335693333333 112.071457 360.49744180000005 96.774193 541.1146506666668 0.15 0.1 0.1 0.15 0.05 0.25 0.05 0.15 114.17474415517243 0 396.4363593333333 0.9508196721311475 0.0 0.04918032786885246 0.65 0.05 0.15 0.0 0.0 0.1 0.05 0.0 0.6346153846153846 0.23076923076923078 0.11538461538461539 0.0 0.019230769230769232 maoyu 7Сʱ_mousemovements
334.00778455555553 647.5534439999999 1036.756592 1098.149414 730.798655 911.242208 1913.3084716666665 1069.4717813333334 818.9748802 686.4260406666666 581.6224365 1246.093994 701.4016623333333 565.3638199999999 1154.2760289999999 954.1506655000001 0.18518518518518517 0.2222222222222222 0.07407407407407407 0.07407407407407407 0.1111111111111111 0.14814814814814814 0.1111111111111111 0.07407407407407407 197.2712245 0 530.723179375 0.9166666666666666 0.0 0.08333333333333333 0.3333333333333333 0.14814814814814814 0.037037037037037035 0.037037037037037035 0.1111111111111111 0.1111111111111111 0.1111111111111111 0.1111111111111111 0.5647058823529412 0.21176470588235294 0.09411764705882353 0.08235294117647059 0.047058823529411764 maoyu 7Сʱ_mousemovements
213.66811946874998 555.098389 1962.043823 1534.3936159999998 0 0 652.727814 447.75457800000004 425.3874845 367.172812125 315.390236 77.9912075 611.279654 647.0294227500001 255.822702875 140.32760925 0.1 0.2 0.125 0.05 0.125 0.1 0.2 0.1 107.66281413675215 0 405.54495940000004 0.9590163934426229 0.0 0.040983606557377046 0.8 0.025 0.025 0.05 0.0 0.0 0.05 0.05 0.5370370370370371 0.25 0.12962962962962962 0.046296296296296294 0.037037037037037035 maoyu 7Сʱ_mousemovements
126.77874594117645 399.4519966666667 565.2046205 401.9249115 1238.9479676666667 1310.8985393333335 0 1577.7986246666667 125.392731 1077.0706725714288 205.82916675 97.017494 472.23262028571435 662.3105673333333 1054.5193076666667 81.4078676 0.06060606060606061 0.21212121212121213 0.12121212121212122 0.06060606060606061 0.21212121212121213 0.09090909090909091 0.09090909090909091 0.15151515151515152 127.28402122522522 0 442.78284675000003 0.9327731092436975 0.0 0.06722689075630252 0.5151515151515151 0.09090909090909091 0.06060606060606061 0.06060606060606061 0.09090909090909091 0.09090909090909091 0.0 0.09090909090909091 0.6132075471698113 0.19811320754716982 0.05660377358490566 0.08490566037735849 0.04716981132075472 maoyu 7Сʱ_mousemovements
4.0 411.27171300000003 0 0 0 1885.099243 0 0 0 717.8928729999999 0 0 0 0 0 557.96405 0.0 0.75 0.0 0.0 0.0 0.0 0.0 0.25 174.50452092857145 0 134.289688 0.875 0.0 0.125 0.25 0.5 0.0 0.0 0.0 0.25 0.0 0.0 0.6428571428571429 0.2857142857142857 0.07142857142857142 0.0 0.0 maoyu 7Сʱ_mousemovements
189.13530230769234 243.209427 654.80374925 0 1171.325439 339.160309 0 1279.2243039999998 87.02611100000001 441.97477420000007 472.79049219999996 353.036285 116.63747599999999 475.21396363636376 165.8803894 0 0.16666666666666666 0.1388888888888889 0.1388888888888889 0.05555555555555555 0.05555555555555555 0.3055555555555556 0.1388888888888889 0.0 102.28828433663362 118.4326432 194.80102216666668 0.9017857142857143 0.044642857142857144 0.05357142857142857 0.7222222222222222 0.05555555555555555 0.1111111111111111 0.0 0.027777777777777776 0.027777777777777776 0.0 0.05555555555555555 0.5 0.29411764705882354 0.10784313725490197 0.0784313725490196 0.0196078431372549 maoyu 7Сʱ_mousemovements
506.1000025 0 2017.412354 0 898.1728215 0 0 0 914.459839 1036.947144 759.398499 0 0 97.740166 2017.412354 0 0.2 0.2 0.2 0.0 0.0 0.2 0.2 0.0 337.7298454285714 0 97.740166 0.9333333333333333 0.0 0.06666666666666667 0.4 0.0 0.2 0.0 0.4 0.0 0.0 0.0 0.5 0.35714285714285715 0.07142857142857142 0.0 0.07142857142857142 maoyu 7Сʱ_mousemovements
109.00197525 533.6138381666666 788.5775679999999 590.3642376666667 156.791412 489.28216533333335 657.299988 0 298.2771606666667 730.9223430000001 593.5728361999999 245.99501049999998 516.9903382 386.1374326 79.4190674 115.47810166666666 0.08823529411764706 0.08823529411764706 0.14705882352941177 0.058823529411764705 0.14705882352941177 0.14705882352941177 0.14705882352941177 0.17647058823529413 100.0992120229885 163.40596 328.24513200000007 0.8787878787878788 0.030303030303030304 0.09090909090909091 0.47058823529411764 0.17647058823529413 0.11764705882352941 0.08823529411764706 0.029411764705882353 0.08823529411764706 0.029411764705882353 0.0 0.6629213483146067 0.19101123595505617 0.11235955056179775 0.033707865168539325 0.0 maoyu 7Сʱ_mousemovements
184.73294521052628 568.3244005 0 0 681.77832 0 0 0 276.60890774999996 145.072812 588.368713 0 417.225179 428.7192561666666 133.31267175 274.746839 0.15384615384615385 0.19230769230769232 0.038461538461538464 0.0 0.11538461538461539 0.23076923076923078 0.15384615384615385 0.11538461538461539 112.70574952307693 96.786156 59.66360233333333 0.9420289855072463 0.014492753623188406 0.043478260869565216 0.7307692307692307 0.23076923076923078 0.0 0.0 0.038461538461538464 0.0 0.0 0.0 0.5384615384615384 0.2923076923076923 0.09230769230769231 0.046153846153846156 0.03076923076923077 maoyu 7Сʱ_mousemovements
117.49154537037037 399.91179650000004 0 692.609314 916.832855 618.889099 363.736801 887.300537 97.83411 354.6707305714286 219.66220149999998 100.23812600000001 162.70098625 363.103686 291.29163666666665 50.7314805 0.1111111111111111 0.19444444444444445 0.1111111111111111 0.08333333333333333 0.1111111111111111 0.16666666666666666 0.16666666666666666 0.05555555555555555 57.09389000000001 580.9920346666667 255.93369520000002 0.9259259259259259 0.027777777777777776 0.046296296296296294 0.75 0.05555555555555555 0.0 0.027777777777777776 0.05555555555555555 0.027777777777777776 0.05555555555555555 0.027777777777777776 0.6526315789473685 0.22105263157894736 0.07368421052631578 0.021052631578947368 0.031578947368421054 maoyu 7Сʱ_mousemovements
178.16949340909093 563.481262 506.9143632857143 0 185.686264 432.595703 0 0 814.62677 536.0630279999999 303.57632060000003 250.349238 0 59.0239102 133.54824577777777 360.95102625 0.029411764705882353 0.20588235294117646 0.14705882352941177 0.08823529411764706 0.0 0.14705882352941177 0.2647058823529412 0.11764705882352941 71.9266331061947 87.4559386 151.483239625 0.8968253968253969 0.03968253968253968 0.06349206349206349 0.6470588235294118 0.08823529411764706 0.20588235294117646 0.0 0.029411764705882353 0.029411764705882353 0.0 0.0 0.5932203389830508 0.2542372881355932 0.09322033898305085 0.03389830508474576 0.025423728813559324 maoyu 7Сʱ_mousemovements
218.50931568421046 488.9621151666667 667.3947878 250.57555133333335 753.785057 0 0 1357.5873105 268.47592714285713 237.57348900000002 565.5069006666666 299.46082680000006 397.8467988 637.8175087777778 219.62871407692313 339.7809703333333 0.1206896551724138 0.1206896551724138 0.10344827586206896 0.08620689655172414 0.08620689655172414 0.15517241379310345 0.22413793103448276 0.10344827586206896 113.93095322929936 119.27717314285714 212.18566 0.8971428571428571 0.04 0.06285714285714286 0.6551724137931034 0.10344827586206896 0.08620689655172414 0.05172413793103448 0.06896551724137931 0.0 0.0 0.034482758620689655 0.5987654320987654 0.25308641975308643 0.06790123456790123 0.043209876543209874 0.037037037037037035 maoyu 7Сʱ_mousemovements
168.00553357142854 295.4340365 1999.135742 3818.9491780000003 0 679.544922 0 0 7784.157227 2516.2095945 639.40686 0 168.913189 373.685257 270.489235 139.64894900000002 0.07142857142857142 0.14285714285714285 0.07142857142857142 0.0 0.14285714285714285 0.14285714285714285 0.2857142857142857 0.14285714285714285 496.93119764516115 64.1526985 369.262482 0.9117647058823529 0.058823529411764705 0.029411764705882353 0.5 0.14285714285714285 0.07142857142857142 0.21428571428571427 0.0 0.07142857142857142 0.0 0.0 0.6666666666666666 0.13333333333333333 0.06666666666666667 0.06666666666666667 0.06666666666666667 maoyu 7Сʱ_mousemovements
142.19677199999998 1234.942871 247.738754 0 396.567963 1326.79834 0 0 31.75065 222.421356 1326.79834 639.659004 0 346.062653 0 0 0.125 0.25 0.125 0.25 0.0 0.25 0.0 0.0 98.52911329032257 0 180.108126 0.8857142857142857 0.0 0.11428571428571428 0.5 0.125 0.125 0.0 0.125 0.125 0.0 0.0 0.6363636363636364 0.18181818181818182 0.09090909090909091 0.06060606060606061 0.030303030303030304 maoyu 7Сʱ_mousemovements
0 0 2020.060303 0 0 0 0 0 0 0 0 0 0 2020.060303 0 0 0.0 0.0 0.0 0.0 0.0 1.0 0.0 0.0 1010.0301515 0 0 1.0 0.0 0.0 0.0 0.0 1.0 0.0 0.0 0.0 0.0 0.0 0.5 0.5 0.0 0.0 0.0 maoyu 7Сʱ_mousemovements
348.90338633333334 829.1537017499999 769.81779475 868.7779052 2497.564209 1523.9280395 0 0 1228.6490966 737.4075468 480.319794 0 1087.504875 594.6164981666667 227.381447 371.12094149999996 0.2 0.2 0.04 0.0 0.16 0.24 0.08 0.08 188.07158123404255 5.606262 290.16522983333334 0.9306930693069307 0.009900990099009901 0.0594059405940594 0.36 0.16 0.16 0.2 0.04 0.08 0.0 0.0 0.7032967032967034 0.16483516483516483 0.054945054945054944 0.04395604395604396 0.03296703296703297 maoyu 7Сʱ_mousemovements
153.31100390000003 442.3592336363636 1070.0991006666666 2077.3316849999997 749.9158692000001 2104.62193325 1674.527466 0 1396.6026367999998 373.77085880000004 499.42629999999997 621.4726654 971.0776573333334 607.057060142857 453.0901381666667 1711.172971 0.13513513513513514 0.13513513513513514 0.05405405405405406 0.13513513513513514 0.08108108108108109 0.1891891891891892 0.16216216216216217 0.10810810810810811 252.1680730471698 67.5374145 313.22865988888884 0.905982905982906 0.017094017094017096 0.07692307692307693 0.2702702702702703 0.2972972972972973 0.08108108108108109 0.08108108108108109 0.13513513513513514 0.10810810810810811 0.02702702702702703 0.0 0.6428571428571429 0.1875 0.11607142857142858 0.044642857142857144 0.008928571428571428 maoyu 7Сʱ_mousemovements
154.90195062790704 607.538417 644.145455111111 817.56929 791.2928670000001 1128.649658 765.391052 0 253.90732177777778 364.57454622222224 233.23736 121.071404 375.93304800000004 486.34858176923075 323.3969967142857 127.92684433333334 0.140625 0.28125 0.15625 0.015625 0.046875 0.203125 0.109375 0.046875 102.875595740113 112.6973128 202.02891838461534 0.9076923076923077 0.02564102564102564 0.06666666666666667 0.671875 0.078125 0.140625 0.03125 0.046875 0.015625 0.015625 0.0 0.5977653631284916 0.22346368715083798 0.12290502793296089 0.0335195530726257 0.0223463687150838 maoyu 7Сʱ_mousemovements
98.37522012500001 1333.889038 265.3512115 0 0 1433.725952 3835.2146 0 88.70322433333332 144.227685 111.93876649999999 0 540.642769 408.9020936 53.363074999999995 1933.736332 0.14285714285714285 0.19047619047619047 0.09523809523809523 0.0 0.14285714285714285 0.23809523809523808 0.09523809523809523 0.09523809523809523 154.42435484905658 62.07315199999999 84.206318 0.8833333333333333 0.05 0.06666666666666667 0.7619047619047619 0.047619047619047616 0.09523809523809523 0.0 0.0 0.047619047619047616 0.047619047619047616 0.0 0.6181818181818182 0.21818181818181817 0.10909090909090909 0.03636363636363636 0.01818181818181818 maoyu 7Сʱ_mousemovements
0 0 0 0 0 0 0 0 0 0 0 0 0 0 0 0 0 0 0 0 0 0 0 0 0 0 0 0 0 0 0 0 0 0 0 0 0 0 0 0 0 0 0 maoyu 7Сʱ_mousemovements
104.51661266666666 274.03610025 376.672231 1138.154907 1392.678467 849.381653 0 0 148.7293115 273.69560433333334 169.99103075 1421.189575 0 443.0003145714286 154.93283728571427 118.144638 0.1875 0.1875 0.125 0.03125 0.0 0.21875 0.21875 0.03125 90.8085216847826 61.60313166666666 80.0373008 0.92 0.03 0.05 0.65625 0.125 0.09375 0.0625 0.03125 0.03125 0.0 0.0 0.5869565217391305 0.25 0.10869565217391304 0.010869565217391304 0.043478260869565216 maoyu 7Сʱ_mousemovements
