95.62201561290314 652.4593538000001 553.634674 451.4691413333333 1040.178772 1073.671631 552.8415985 661.258057 97.97690366666667 372.9508307692308 184.90653466666666 0 114.102165 808.3300761428571 237.67168100000004 111.09127666666667 0.1276595744680851 0.2765957446808511 0.06382978723404255 0.0 0.02127659574468085 0.14893617021276595 0.1702127659574468 0.19148936170212766 80.68679723129257 12.176813666666668 278.54084509999996 0.91875 0.01875 0.0625 0.6458333333333334 0.10416666666666667 0.041666666666666664 0.0625 0.041666666666666664 0.041666666666666664 0.041666666666666664 0.020833333333333332 0.647887323943662 0.18309859154929578 0.11267605633802817 0.04225352112676056 0.014084507042253521 wangcheng 8Сʱ_mousemovements
101.87979665789473 2186.176025 0 388.771393 0 1100.665329 562.9342955 1457.87793 167.8496444999999 349.9468833 298.3010235 37.420062 113.78044920000002 870.3581220000001 325.54145900000003 107.28492737500001 0.17777777777777778 0.2222222222222222 0.08888888888888889 0.044444444444444446 0.1111111111111111 0.044444444444444446 0.13333333333333333 0.17777777777777778 68.47072141732286 168.71684033333335 338.25412149999994 0.9338235294117647 0.022058823529411766 0.04411764705882353 0.8444444444444444 0.022222222222222223 0.0 0.022222222222222223 0.0 0.044444444444444446 0.044444444444444446 0.022222222222222223 0.680672268907563 0.18487394957983194 0.07563025210084033 0.03361344537815126 0.025210084033613446 wangcheng 8Сʱ_mousemovements
107.16968 593.87262 270.965668 0 1185.156128 0 397.966125 0 318.3257728 47.379031999999995 310.30261 5.316592 319.906158 18.814348 462.236786 48.84579049999999 0.29411764705882354 0.11764705882352941 0.17647058823529413 0.058823529411764705 0.11764705882352941 0.058823529411764705 0.058823529411764705 0.11764705882352941 66.9655340526316 0.0 12.06547 0.95 0.016666666666666666 0.03333333333333333 0.7647058823529411 0.058823529411764705 0.058823529411764705 0.0 0.058823529411764705 0.0 0.058823529411764705 0.0 0.7592592592592593 0.14814814814814814 0.037037037037037035 0.05555555555555555 0.0 wangcheng 8Сʱ_mousemovements
0 0 0 0 0 0 0 0 0 0 0 0 0 0 0 0 0 0 0 0 0 0 0 0 0 0 0 0 0 0 0 0 0 0 0 0 0 0 0 0 0 0 0 wangcheng 8Сʱ_mousemovements
0 0 0 0 0 0 0 0 0 0 0 0 0 0 0 0 0 0 0 0 0 0 0 0 0 0 0 0 0 0 0 0 0 0 0 0 0 0 0 0 0 0 0 wangcheng 8Сʱ_mousemovements
108.3636995526316 216.17258920000003 382.2692096666667 554.027664 717.885498 1072.1042421999998 684.7850543333334 1410.0901286666667 545.598994625 498.0563661538462 168.905426 198.88357620000002 184.67621066666666 359.1393370909091 278.12180244444437 195.33862762500002 0.125 0.203125 0.015625 0.078125 0.140625 0.171875 0.140625 0.125 72.82575614473683 52.0424615 216.21367595652174 0.9011857707509882 0.007905138339920948 0.09090909090909091 0.59375 0.078125 0.09375 0.03125 0.03125 0.078125 0.046875 0.046875 0.7186147186147186 0.12121212121212122 0.08658008658008658 0.03463203463203463 0.03896103896103896 wangcheng 8Сʱ_mousemovements
133.77912837499997 484.9154688333335 380.8221772 0 740.3003235 1776.446289 1845.6937254999996 1652.959106 268.72783739999994 656.9409425454546 525.451908125 50.570053 355.9711665 343.8113642307693 480.7131901304347 157.684042 0.06578947368421052 0.14473684210526316 0.10526315789473684 0.013157894736842105 0.07894736842105263 0.17105263157894737 0.3026315789473684 0.11842105263157894 101.98837058671583 104.75819649999998 225.37469644444442 0.9312714776632303 0.006872852233676976 0.061855670103092786 0.631578947368421 0.15789473684210525 0.06578947368421052 0.0 0.02631578947368421 0.02631578947368421 0.07894736842105263 0.013157894736842105 0.5198412698412699 0.25396825396825395 0.12698412698412698 0.06746031746031746 0.031746031746031744 wangcheng 8Сʱ_mousemovements
82.05119499999998 178.390671 332.0511933333333 0 0 443.186066 755.495422 0 59.963142 53.739427500000005 237.207352 340.09606933333333 58.258367125000014 74.151326 346.42611274999996 128.771679 0.038461538461538464 0.07692307692307693 0.038461538461538464 0.11538461538461539 0.3076923076923077 0.11538461538461539 0.15384615384615385 0.15384615384615385 35.10088612149533 0 51.690964799999996 0.9553571428571429 0.0 0.044642857142857144 0.7692307692307693 0.038461538461538464 0.11538461538461539 0.0 0.0 0.038461538461538464 0.038461538461538464 0.0 0.5 0.21739130434782608 0.07608695652173914 0.14130434782608695 0.06521739130434782 wangcheng 8Сʱ_mousemovements
143.6646225 118.980957 0 0 0 0 0 0 0 76.8621885 508.176483 6.097561 0 0 0 25.641026 0.0 0.4 0.2 0.2 0.0 0.0 0.0 0.2 40.799904125 0 20.4204905 0.8888888888888888 0.0 0.1111111111111111 0.8 0.2 0.0 0.0 0.0 0.0 0.0 0.0 0.6470588235294118 0.23529411764705882 0.0 0.058823529411764705 0.058823529411764705 wangcheng 8Сʱ_mousemovements
95.95450894117648 209.73780833333333 381.0217996666666 618.4492263333333 1902.5176796666667 852.2991943333333 906.5429889999999 872.5828246666666 273.327759 329.91874671428576 591.24372075 765.051721 570.4433823333334 471.4338075 558.6970061666666 288.029977 0.022727272727272728 0.1590909090909091 0.09090909090909091 0.11363636363636363 0.13636363636363635 0.045454545454545456 0.2727272727272727 0.1590909090909091 94.74274575172413 29.202251 404.60969554999997 0.8734939759036144 0.006024096385542169 0.12048192771084337 0.38636363636363635 0.06818181818181818 0.13636363636363635 0.13636363636363635 0.06818181818181818 0.06818181818181818 0.06818181818181818 0.06818181818181818 0.6533333333333333 0.14 0.08666666666666667 0.07333333333333333 0.04666666666666667 wangcheng 8Сʱ_mousemovements
114.74155525641021 288.17334628571433 367.80936961538464 651.84675975 358.7830355 668.0277215 850.5193175 0 359.522168 276.25270764999993 358.3697395 271.8768047142857 293.3686862857143 257.27676099999996 279.6692659285714 305.462034 0.06493506493506493 0.2597402597402597 0.07792207792207792 0.09090909090909091 0.09090909090909091 0.12987012987012986 0.18181818181818182 0.1038961038961039 60.27988517299581 9.319149 322.25857552 0.8977272727272727 0.007575757575757576 0.0946969696969697 0.5064935064935064 0.09090909090909091 0.16883116883116883 0.05194805194805195 0.05194805194805195 0.1038961038961039 0.025974025974025976 0.0 0.6695652173913044 0.1565217391304348 0.10434782608695652 0.034782608695652174 0.034782608695652174 wangcheng 8Сʱ_mousemovements
113.35935517647056 205.3611365 287.0023803333333 0 1077.0641325 627.3192036666666 0 602.538818 652.9938497500001 321.4679513333333 251.42168049999998 697.000366 145.78075900000002 814.2100444999999 272.8842958571429 291.71639000000005 0.12121212121212122 0.09090909090909091 0.12121212121212122 0.030303030303030304 0.2727272727272727 0.06060606060606061 0.21212121212121213 0.09090909090909091 67.93406983018868 0 422.6490111111112 0.9217391304347826 0.0 0.0782608695652174 0.5151515151515151 0.12121212121212122 0.09090909090909091 0.0 0.12121212121212122 0.09090909090909091 0.0 0.06060606060606061 0.6363636363636364 0.15151515151515152 0.0707070707070707 0.10101010101010101 0.04040404040404041 wangcheng 8Сʱ_mousemovements
147.5431525999999 379.48556533333334 716.8004963333333 729.1397972500001 656.7624053333334 815.9528301666666 517.941284 0 224.775621 382.2019197857144 749.85553 296.07288980000004 569.0668907142857 763.5417021666667 221.1671444 297.61558877777776 0.08064516129032258 0.22580645161290322 0.016129032258064516 0.16129032258064516 0.11290322580645161 0.0967741935483871 0.16129032258064516 0.14516129032258066 75.13068261621626 38.86301 334.55794162068975 0.8604651162790697 0.004651162790697674 0.13488372093023257 0.5645161290322581 0.04838709677419355 0.04838709677419355 0.12903225806451613 0.0967741935483871 0.0967741935483871 0.016129032258064516 0.0 0.665 0.145 0.12 0.055 0.015 wangcheng 8Сʱ_mousemovements
88.32896154545455 357.99024966666667 0 467.24115 916.073578 657.6521915 1190.629578 923.0867005 185.26944233333336 176.85952319999998 620.0369059999999 608.51506825 129.53689833333334 1124.404877 10.638298 657.5400136666667 0.125 0.20833333333333334 0.125 0.16666666666666666 0.125 0.08333333333333333 0.041666666666666664 0.125 65.19600379268293 12.820513 555.1180997777777 0.8913043478260869 0.010869565217391304 0.09782608695652174 0.4583333333333333 0.125 0.0 0.08333333333333333 0.08333333333333333 0.08333333333333333 0.08333333333333333 0.08333333333333333 0.6951219512195121 0.14634146341463414 0.04878048780487805 0.07317073170731707 0.036585365853658534 wangcheng 8Сʱ_mousemovements
132.75274565517242 368.2148346 570.0487785 594.5379369999999 525.5648985999999 671.0848957142858 0 818.92395 274.1902776 288.1166414285714 309.99861649999997 606.1838074444445 91.6985758 91.61156516666665 408.653154 452.33462109090925 0.0847457627118644 0.11864406779661017 0.1016949152542373 0.15254237288135594 0.0847457627118644 0.1016949152542373 0.1694915254237288 0.1864406779661017 54.84474347802199 7.782203 399.1289172962964 0.8625592417061612 0.009478672985781991 0.12796208530805686 0.4915254237288136 0.0847457627118644 0.13559322033898305 0.06779661016949153 0.0847457627118644 0.11864406779661017 0.0 0.01694915254237288 0.6021505376344086 0.22043010752688172 0.08064516129032258 0.04838709677419355 0.04838709677419355 wangcheng 8Сʱ_mousemovements
156.65657335999987 327.9032987142856 576.9202819999998 538.95824425 1233.5222167499999 782.6168720000001 699.2452573999999 796.2092693333334 369.6694026250001 336.24931115384607 355.4761784 490.3845257142857 160.17485074999993 356.15443753846154 453.09280549999994 480.37696890909086 0.09523809523809523 0.15476190476190477 0.11904761904761904 0.08333333333333333 0.14285714285714285 0.15476190476190477 0.11904761904761904 0.13095238095238096 81.42982468032787 14.092768285714284 369.5070255172413 0.8714285714285714 0.025 0.10357142857142858 0.5952380952380952 0.08333333333333333 0.05952380952380952 0.047619047619047616 0.047619047619047616 0.07142857142857142 0.05952380952380952 0.03571428571428571 0.6943396226415094 0.16226415094339622 0.07924528301886792 0.052830188679245285 0.011320754716981131 wangcheng 8Сʱ_mousemovements
0 0 0 0 0 0 0 0 0 0 0 0 0 0 0 0 0 0 0 0 0 0 0 0 0 0 0 0 0 0 0 0 0 0 0 0 0 0 0 0 0 0 0 wangcheng 8Сʱ_mousemovements
0 0 0 0 0 0 0 0 0 0 0 0 0 0 0 0 0 0 0 0 0 0 0 0 0 0 0 0 0 0 0 0 0 0 0 0 0 0 0 0 0 0 0 wangcheng 8Сʱ_mousemovements
