107.2934447142857 379.04686 539.48761 944.017212 677.47229 573.060196 0 0 380.4181212 238.70003 0 337.249905 392.6093235 372.6472062 86.35356214285716 85.61484424999999 0.16666666666666666 0.1 0.0 0.06666666666666667 0.13333333333333333 0.16666666666666666 0.23333333333333334 0.13333333333333333 76.72616298913043 0 153.62278700000002 0.9583333333333334 0.0 0.041666666666666664 0.7 0.06666666666666667 0.03333333333333333 0.03333333333333333 0.1 0.06666666666666667 0.0 0.0 0.5058823529411764 0.25882352941176473 0.12941176470588237 0.058823529411764705 0.047058823529411764 chenyu 9Сʱ_mousemovements
0 0 0 0 0 0 0 0 0 0 0 0 0 0 0 0 0 0 0 0 0 0 0 0 0 0 0 0 0 0 0 0 0 0 0 0 0 0 0 0 0 0 0 chenyu 9Сʱ_mousemovements
288.86763 0 937.070755 0 0 0 1934.885132 0 0 0 659.071869 0 0 0 1204.7731475 0 0.0 0.0 0.6 0.0 0.0 0.0 0.4 0.0 303.7292872857143 0 134.55188 0.9333333333333333 0.0 0.06666666666666667 0.4 0.0 0.4 0.0 0.0 0.0 0.2 0.0 0.42857142857142855 0.35714285714285715 0.14285714285714285 0.07142857142857142 0.0 chenyu 9Сʱ_mousemovements
100.917435 0 0 0 0 0 0 0 0 0 0 0 100.917435 0 0 0 0.0 0.0 0.0 0.0 1.0 0.0 0.0 0.0 16.8195725 0 0 1.0 0.0 0.0 1.0 0.0 0.0 0.0 0.0 0.0 0.0 0.0 0.8 0.2 0.0 0.0 0.0 chenyu 9Сʱ_mousemovements
0 0 0 0 0 0 0 0 0 0 0 0 0 0 0 0 0 0 0 0 0 0 0 0 0 0 0 0 0 0 0 0 0 0 0 0 0 0 0 0 0 0 0 chenyu 9Сʱ_mousemovements
110.5773624324324 1166.591064 615.2213033333334 463.023804 1377.823608 0 893.885773 1569.349854 357.7813873333334 144.2442656 824.8156381666666 34.426254 153.6546724117647 69.75537750000001 410.69830525 546.3790305 0.06521739130434782 0.10869565217391304 0.13043478260869565 0.021739130434782608 0.3695652173913043 0.13043478260869565 0.08695652173913043 0.08695652173913043 92.63914529007634 0 257.2802951666667 0.9562043795620438 0.0 0.043795620437956206 0.7872340425531915 0.02127659574468085 0.06382978723404255 0.02127659574468085 0.0425531914893617 0.0 0.0425531914893617 0.02127659574468085 0.6363636363636364 0.18181818181818182 0.09848484848484848 0.06060606060606061 0.022727272727272728 chenyu 9Сʱ_mousemovements
136.8300232307692 502.0909788 537.591942 555.7085115 352.087708 762.16714475 729.527771 711.688965 260.2429994 351.894646125 710.1184895 184.98761919999998 149.67092792307693 319.7842458333334 84.45820033333334 275.96136600000006 0.08928571428571429 0.14285714285714285 0.10714285714285714 0.08928571428571429 0.23214285714285715 0.10714285714285714 0.10714285714285714 0.125 72.49626379289938 43.383949 330.96749709999995 0.9388888888888889 0.005555555555555556 0.05555555555555555 0.6964285714285714 0.08928571428571429 0.03571428571428571 0.03571428571428571 0.017857142857142856 0.07142857142857142 0.03571428571428571 0.017857142857142856 0.5757575757575758 0.23030303030303031 0.13333333333333333 0.024242424242424242 0.03636363636363636 chenyu 9Сʱ_mousemovements
174.03011238095237 350.5519206666666 842.5487595000001 938.2325988 319.12027 717.558105 0 0 327.3303476666667 1263.3380315 994.0897293333333 350.31973 294.53765627272725 270.8743976666667 80.1554755 485.01599125 0.16216216216216217 0.05405405405405406 0.08108108108108109 0.08108108108108109 0.2972972972972973 0.16216216216216217 0.05405405405405406 0.10810810810810811 113.51975696638652 0 220.06344099999998 0.9296875 0.0 0.0703125 0.5675675675675675 0.08108108108108109 0.16216216216216217 0.13513513513513514 0.02702702702702703 0.02702702702702703 0.0 0.0 0.5677966101694916 0.2796610169491525 0.07627118644067797 0.0423728813559322 0.03389830508474576 chenyu 9Сʱ_mousemovements
0 0 0 0 0 0 0 0 0 0 0 0 0 0 0 0 0 0 0 0 0 0 0 0 0 0 0 0 0 0 0 0 0 0 0 0 0 0 0 0 0 0 0 chenyu 9Сʱ_mousemovements
0 0 0 0 0 0 0 0 0 0 0 0 0 0 0 0 0 0 0 0 0 0 0 0 0 0 0 0 0 0 0 0 0 0 0 0 0 0 0 0 0 0 0 chenyu 9Сʱ_mousemovements
0 0 0 0 0 0 0 0 0 0 0 0 0 0 0 0 0 0 0 0 0 0 0 0 0 0 0 0 0 0 0 0 0 0 0 0 0 0 0 0 0 0 0 chenyu 9Сʱ_mousemovements
0 0 0 0 0 0 0 0 0 0 0 0 0 0 0 0 0 0 0 0 0 0 0 0 0 0 0 0 0 0 0 0 0 0 0 0 0 0 0 0 0 0 0 chenyu 9Сʱ_mousemovements
138.32807133333333 484.565384 0 1301.8378905 0 0 0 0 1105.589111 0 1498.08667 0 89.670509 0 75.313705 406.37692266666664 0.14285714285714285 0.0 0.14285714285714285 0.0 0.14285714285714285 0.0 0.14285714285714285 0.42857142857142855 158.8526206521739 0 167.09024399999998 0.92 0.0 0.08 0.42857142857142855 0.2857142857142857 0.0 0.2857142857142857 0.0 0.0 0.0 0.0 0.52 0.28 0.16 0.0 0.04 chenyu 9Сʱ_mousemovements
103.3797055 492.78746 261.67835249999996 384.84191899999996 1033.13623 0 640.263977 678.370117 456.0271963333333 213.921608 659.317047 1033.13623 0 0 124.49901566666666 261.35621649999996 0.23076923076923078 0.15384615384615385 0.15384615384615385 0.07692307692307693 0.0 0.0 0.23076923076923078 0.15384615384615385 79.80413019047619 0 338.42622819999997 0.8936170212765957 0.0 0.10638297872340426 0.3076923076923077 0.15384615384615385 0.15384615384615385 0.15384615384615385 0.07692307692307693 0.0 0.07692307692307693 0.07692307692307693 0.6341463414634146 0.21951219512195122 0.07317073170731707 0.04878048780487805 0.024390243902439025 chenyu 9Сʱ_mousemovements
136.85547089473684 453.3298086666666 678.736755 1113.675171 795.182861 1805.48350525 733.017151 2467.2211915 400.34988575 762.223938 331.015047 1812.8385193999998 91.08405300000001 482.5058039999999 479.64654925 281.4408744 0.125 0.0625 0.0625 0.15625 0.125 0.1875 0.125 0.15625 164.3208940733944 0 218.036323 0.9396551724137931 0.0 0.0603448275862069 0.59375 0.09375 0.03125 0.03125 0.03125 0.125 0.03125 0.0625 0.5288461538461539 0.2403846153846154 0.15384615384615385 0.057692307692307696 0.019230769230769232 chenyu 9Сʱ_mousemovements
146.39475986666667 616.7098235714286 0 1001.2052459999999 669.1581115 1144.7706605 524.061523 0 385.094054125 164.098124 380.55712900000003 757.1995192 481.0779203636364 122.7336035 213.35724883333333 225.29215233333332 0.17391304347826086 0.06521739130434782 0.08695652173913043 0.10869565217391304 0.2391304347826087 0.13043478260869565 0.13043478260869565 0.06521739130434782 123.89199365546216 0 265.300545875 0.937007874015748 0.0 0.06299212598425197 0.6521739130434783 0.15217391304347827 0.0 0.08695652173913043 0.043478260869565216 0.043478260869565216 0.021739130434782608 0.0 0.6842105263157895 0.14035087719298245 0.08771929824561403 0.05263157894736842 0.03508771929824561 chenyu 9Сʱ_mousemovements
160.8195958 673.4777160000001 588.5582794 1201.0087076666666 863.016174 608.7427064999999 2130.85083 2024.7463173333335 748.5577126666666 334.28453049999996 648.5831452 695.7036969999999 569.4060438181818 213.06966333333332 647.3477353333334 321.5341278 0.13333333333333333 0.044444444444444446 0.1111111111111111 0.08888888888888889 0.24444444444444444 0.13333333333333333 0.13333333333333333 0.1111111111111111 155.1655152857143 0 117.49638475 0.9245283018867925 0.0 0.07547169811320754 0.5555555555555556 0.1111111111111111 0.1111111111111111 0.06666666666666667 0.022222222222222223 0.044444444444444446 0.022222222222222223 0.06666666666666667 0.6168831168831169 0.24025974025974026 0.09090909090909091 0.032467532467532464 0.01948051948051948 chenyu 9Сʱ_mousemovements
116.21090870833335 390.44424449999997 451.201004 339.5979615 617.26828 0 637.19812 0 304.204041 426.93865200000005 508.06421075 437.98096475 70.85919325 56.59248 114.86440462499999 192.65131316666668 0.029411764705882353 0.058823529411764705 0.11764705882352941 0.11764705882352941 0.23529411764705882 0.029411764705882353 0.23529411764705882 0.17647058823529413 72.69839527058821 0 292.2375182 0.9444444444444444 0.0 0.05555555555555555 0.7058823529411765 0.058823529411764705 0.058823529411764705 0.058823529411764705 0.08823529411764706 0.0 0.029411764705882353 0.0 0.45 0.325 0.1 0.1 0.025 chenyu 9Сʱ_mousemovements
150.83636777777778 346.3036955 382.9988046666667 580.7271955 1490.5707395 811.616089 1082.168335 1274.015198 342.91905233333335 62.5 1639.3674723333334 363.02731325 178.156311 124.948128 621.3750729999999 379.07825080000003 0.125 0.041666666666666664 0.125 0.16666666666666666 0.08333333333333333 0.041666666666666664 0.20833333333333334 0.20833333333333334 141.72295603846155 0 270.08651785714284 0.9176470588235294 0.0 0.08235294117647059 0.375 0.08333333333333333 0.125 0.16666666666666666 0.08333333333333333 0.041666666666666664 0.041666666666666664 0.08333333333333333 0.5974025974025974 0.19480519480519481 0.09090909090909091 0.07792207792207792 0.03896103896103896 chenyu 9Сʱ_mousemovements
266.80146039999994 325.6072155 654.9227856666668 566.2910155 1086.2711996666667 526.7408295 503.927551 2690.924561 624.0230306666667 493.00629449999997 551.0896 1296.8874309999999 441.21329071428573 414.6438305 885.9320921999999 210.79454260000003 0.09375 0.125 0.03125 0.09375 0.21875 0.125 0.15625 0.15625 148.1362760625 0 357.9554326666667 0.8888888888888888 0.0 0.1111111111111111 0.46875 0.0625 0.09375 0.0625 0.1875 0.0625 0.03125 0.03125 0.5555555555555556 0.26262626262626265 0.08080808080808081 0.030303030303030304 0.0707070707070707 chenyu 9Сʱ_mousemovements
124.45443400000002 243.81798200000003 436.44097899999997 463.464615 718.4162289999999 2034.525818 1101.308838 1563.805786 263.161432 1265.512726 0 1281.1163736666665 1563.805786 332.5017775 202.9536245714286 185.3689255714286 0.18518518518518517 0.07407407407407407 0.0 0.1111111111111111 0.037037037037037035 0.07407407407407407 0.25925925925925924 0.25925925925925924 112.73537482558139 0 294.200669 0.8958333333333334 0.0 0.10416666666666667 0.5185185185185185 0.07407407407407407 0.1111111111111111 0.07407407407407407 0.07407407407407407 0.07407407407407407 0.037037037037037035 0.037037037037037035 0.5227272727272727 0.2159090909090909 0.14772727272727273 0.10227272727272728 0.011363636363636364 chenyu 9Сʱ_mousemovements
242.4238017777778 281.92804 739.5419312500001 338.139038 624.556015 0 0 0 387.5137456666667 145.119481 1074.3075865 356.144089 266.2498475 273.9166185 594.0485229999999 281.92804 0.17647058823529413 0.17647058823529413 0.11764705882352941 0.11764705882352941 0.11764705882352941 0.11764705882352941 0.11764705882352941 0.058823529411764705 103.26806865517243 0 203.9226134 0.9206349206349206 0.0 0.07936507936507936 0.5294117647058824 0.058823529411764705 0.23529411764705882 0.058823529411764705 0.11764705882352941 0.0 0.0 0.0 0.5961538461538461 0.11538461538461539 0.1346153846153846 0.09615384615384616 0.057692307692307696 chenyu 9Сʱ_mousemovements
163.46397225000004 408.8947052 608.8916625 632.396765 1575.4894613333333 911.0126645 1060.918457 860.098999 357.00278849999995 608.5991614000001 377.02405925 590.5482824285715 0 534.7693161428572 354.68368533333336 466.4670118 0.0975609756097561 0.12195121951219512 0.0975609756097561 0.17073170731707318 0.0 0.17073170731707318 0.21951219512195122 0.12195121951219512 144.03867038461541 7.6825145 251.29251510000003 0.9069767441860465 0.015503875968992248 0.07751937984496124 0.4878048780487805 0.12195121951219512 0.0975609756097561 0.12195121951219512 0.07317073170731707 0.04878048780487805 0.024390243902439025 0.024390243902439025 0.464 0.28 0.136 0.096 0.024 chenyu 9Сʱ_mousemovements
211.07162674999998 749.3999405 254.655518 1175.333374 0 0 1931.19458 0 333.389252 1472.052979 1844.959274 181.223312 137.32699833333334 511.19382325000004 300.892807 910.035583 0.125 0.0625 0.125 0.0625 0.1875 0.25 0.125 0.0625 270.1082030555556 0 254.655518 0.972972972972973 0.0 0.02702702702702703 0.5 0.25 0.0625 0.0625 0.0 0.0 0.125 0.0 0.4 0.34285714285714286 0.11428571428571428 0.08571428571428572 0.05714285714285714 chenyu 9Сʱ_mousemovements
161.51166442307692 332.15230175 655.41611475 922.151581 773.127197 1401.8819275 0 1211.0046995 326.4812225714286 159.276266 1261.1295980000002 331.875206 318.6928996666667 373.84478057142854 778.9319769999998 196.3121355714286 0.1590909090909091 0.09090909090909091 0.06818181818181818 0.09090909090909091 0.13636363636363635 0.1590909090909091 0.13636363636363635 0.1590909090909091 143.25396862499994 25.0705895 136.9593499 0.9090909090909091 0.015151515151515152 0.07575757575757576 0.5909090909090909 0.09090909090909091 0.09090909090909091 0.09090909090909091 0.045454545454545456 0.045454545454545456 0.0 0.045454545454545456 0.532258064516129 0.25806451612903225 0.12903225806451613 0.056451612903225805 0.024193548387096774 chenyu 9Сʱ_mousemovements
135.9699687222222 294.5571916 586.7212985 1674.529419 539.261612 0 0 1341.979126 215.3514025 812.637329 1114.1795045 0 136.51836666666668 157.5052451111111 532.4590132 204.51703650000002 0.06896551724137931 0.034482758620689655 0.06896551724137931 0.0 0.20689655172413793 0.3103448275862069 0.1724137931034483 0.13793103448275862 93.18295228571428 0 272.2703538 0.9438202247191011 0.0 0.056179775280898875 0.6206896551724138 0.1724137931034483 0.06896551724137931 0.034482758620689655 0.06896551724137931 0.0 0.0 0.034482758620689655 0.5609756097560976 0.1951219512195122 0.08536585365853659 0.12195121951219512 0.036585365853658534 chenyu 9Сʱ_mousemovements
102.65627745000002 643.9287167499999 618.278404 458.18390383333326 799.628784 685.4901275 0 675.322876 166.8000806 250.85763287499998 515.7515876 548.6740798571428 113.25893653846154 283.1174625 248.44128049999998 295.7367965 0.08064516129032258 0.12903225806451613 0.08064516129032258 0.11290322580645161 0.20967741935483872 0.16129032258064516 0.12903225806451613 0.0967741935483871 82.63175562430938 0 182.26784753846155 0.9329896907216495 0.0 0.06701030927835051 0.6451612903225806 0.12903225806451613 0.06451612903225806 0.0967741935483871 0.016129032258064516 0.03225806451612903 0.0 0.016129032258064516 0.5846994535519126 0.21311475409836064 0.10382513661202186 0.07103825136612021 0.0273224043715847 chenyu 9Сʱ_mousemovements
129.13778272727274 823.491333 345.432312 919.5398865999999 1177.351959 0 0 3257.389404 255.58317733333334 510.638306 1518.5253844000001 68.236313 80.09646920000002 110.713769 591.9339624 209.51029583333332 0.09375 0.03125 0.15625 0.03125 0.15625 0.1875 0.15625 0.1875 161.3271718765432 6.369427 229.17545420000002 0.9310344827586207 0.011494252873563218 0.05747126436781609 0.6875 0.03125 0.03125 0.15625 0.0625 0.0 0.0 0.03125 0.5584415584415584 0.2597402597402597 0.1038961038961039 0.03896103896103896 0.03896103896103896 chenyu 9Сʱ_mousemovements
0 130.933289 0 401.886505 0 0 0 0 0 0 0 0 130.933289 401.886505 0 0 0.0 0.0 0.0 0.0 0.5 0.5 0.0 0.0 21.822214833333334 0 401.886505 0.8571428571428571 0.0 0.14285714285714285 0.0 0.5 0.0 0.5 0.0 0.0 0.0 0.0 0.5 0.0 0.0 0.16666666666666666 0.3333333333333333 chenyu 9Сʱ_mousemovements
119.660346125 485.17443849999995 379.0355225 658.073608 1275.499146 0 1270.896362 1605.508423 261.9992486666667 185.849795 704.9430478571428 0 48.64952600000001 152.667615 456.515323 0 0.125 0.125 0.2916666666666667 0.0 0.16666666666666666 0.16666666666666666 0.125 0.0 98.4883893 0 114.77837100000002 0.9411764705882353 0.0 0.058823529411764705 0.6666666666666666 0.08333333333333333 0.08333333333333333 0.041666666666666664 0.041666666666666664 0.0 0.041666666666666664 0.041666666666666664 0.5694444444444444 0.19444444444444445 0.1388888888888889 0.06944444444444445 0.027777777777777776 chenyu 9Сʱ_mousemovements
96.811778 536.1194305 0 0 0 0 0 0 573.21637 0 0 0 0 163.533905 264.556071 0 0.25 0.0 0.0 0.0 0.0 0.25 0.5 0.0 79.1164010625 0 0 1.0 0.0 0.0 0.5 0.5 0.0 0.0 0.0 0.0 0.0 0.0 0.6363636363636364 0.18181818181818182 0.0 0.18181818181818182 0.0 chenyu 9Сʱ_mousemovements
111.7330552 222.885666 635.103455 322.989227 0 950.11908 0 1113.291748 152.473755 334.087437 0 1113.291748 0 202.38142900000003 950.11908 159.376953 0.2 0.2 0.0 0.1 0.0 0.3 0.1 0.1 131.49214734615384 0 192.1293105 0.9285714285714286 0.0 0.07142857142857142 0.5 0.1 0.1 0.1 0.0 0.1 0.0 0.1 0.36363636363636365 0.3181818181818182 0.22727272727272727 0.09090909090909091 0.0 chenyu 9Сʱ_mousemovements
323.4326725 0 0 0 0 0 0 0 60.85564 586.009705 0 0 0 0 0 0 0.5 0.5 0.0 0.0 0.0 0.0 0.0 0.0 80.858168125 0 0 1.0 0.0 0.0 1.0 0.0 0.0 0.0 0.0 0.0 0.0 0.0 0.7142857142857143 0.14285714285714285 0.14285714285714285 0.0 0.0 chenyu 9Сʱ_mousemovements
181.060234 517.6495285999999 793.76037 243.413223 0 0 0 0 373.40545949999995 133.83033849999998 477.641878 243.80652633333332 119.51290899999996 381.7946371666667 672.2330932499999 191.5837325 0.125 0.0625 0.125 0.09375 0.21875 0.1875 0.125 0.0625 105.60292323255817 0 304.1752464 0.945054945054945 0.0 0.054945054945054944 0.65625 0.15625 0.15625 0.03125 0.0 0.0 0.0 0.0 0.5569620253164557 0.26582278481012656 0.10126582278481013 0.0379746835443038 0.0379746835443038 chenyu 9Сʱ_mousemovements
85.3122109 698.8472899999999 278.919647 390.619659 0 0 0 0 251.4035205 49.46325900000001 268.35423 0 209.92873133333333 160.14889485714284 132.89883325 28.08602133333333 0.08333333333333333 0.08333333333333333 0.125 0.0 0.125 0.2916666666666667 0.16666666666666666 0.125 49.279353945205486 0 44.0213165 0.948051948051948 0.0 0.05194805194805195 0.8333333333333334 0.08333333333333333 0.041666666666666664 0.041666666666666664 0.0 0.0 0.0 0.0 0.7246376811594203 0.07246376811594203 0.07246376811594203 0.043478260869565216 0.08695652173913043 chenyu 9Сʱ_mousemovements
279.14939125 2629.234619 0 0 938.233521 723.154602 0 0 643.052185 2629.234619 64.425591 938.233521 373.260254 35.859535 723.154602 0 0.14285714285714285 0.14285714285714285 0.14285714285714285 0.14285714285714285 0.14285714285714285 0.14285714285714285 0.14285714285714285 0.0 196.55315485185184 0 50.142562999999996 0.9310344827586207 0.0 0.06896551724137931 0.5714285714285714 0.14285714285714285 0.0 0.0 0.14285714285714285 0.14285714285714285 0.0 0.0 0.6296296296296297 0.07407407407407407 0.18518518518518517 0.0 0.1111111111111111 chenyu 9Сʱ_mousemovements
0 0 0 0 0 0 0 0 0 0 0 0 0 0 0 0 0 0 0 0 0 0 0 0 0 0 0 0 0 0 0 0 0 0 0 0 0 0 0 0 0 0 0 chenyu 9Сʱ_mousemovements
0 0 0 0 0 0 0 0 0 0 0 0 0 0 0 0 0 0 0 0 0 0 0 0 0 0 0 0 0 0 0 0 0 0 0 0 0 0 0 0 0 0 0 chenyu 9Сʱ_mousemovements
0 0 0 0 0 0 0 0 0 0 0 0 0 0 0 0 0 0 0 0 0 0 0 0 0 0 0 0 0 0 0 0 0 0 0 0 0 0 0 0 0 0 0 chenyu 9Сʱ_mousemovements
0 0 0 0 0 0 0 0 0 0 0 0 0 0 0 0 0 0 0 0 0 0 0 0 0 0 0 0 0 0 0 0 0 0 0 0 0 0 0 0 0 0 0 chenyu 9Сʱ_mousemovements
0 0 0 0 0 0 0 0 0 0 0 0 0 0 0 0 0 0 0 0 0 0 0 0 0 0 0 0 0 0 0 0 0 0 0 0 0 0 0 0 0 0 0 chenyu 9Сʱ_mousemovements
0 0 0 0 0 0 0 0 0 0 0 0 0 0 0 0 0 0 0 0 0 0 0 0 0 0 0 0 0 0 0 0 0 0 0 0 0 0 0 0 0 0 0 chenyu 9Сʱ_mousemovements
0 0 0 0 0 0 0 0 0 0 0 0 0 0 0 0 0 0 0 0 0 0 0 0 0 0 0 0 0 0 0 0 0 0 0 0 0 0 0 0 0 0 0 chenyu 9Сʱ_mousemovements
0 0 0 0 0 0 0 0 0 0 0 0 0 0 0 0 0 0 0 0 0 0 0 0 0 0 0 0 0 0 0 0 0 0 0 0 0 0 0 0 0 0 0 chenyu 9Сʱ_mousemovements
0 0 0 0 0 0 0 0 0 0 0 0 0 0 0 0 0 0 0 0 0 0 0 0 0 0 0 0 0 0 0 0 0 0 0 0 0 0 0 0 0 0 0 chenyu 9Сʱ_mousemovements
0 0 0 0 0 0 0 0 0 0 0 0 0 0 0 0 0 0 0 0 0 0 0 0 0 0 0 0 0 0 0 0 0 0 0 0 0 0 0 0 0 0 0 chenyu 9Сʱ_mousemovements
0 0 0 0 0 0 0 0 0 0 0 0 0 0 0 0 0 0 0 0 0 0 0 0 0 0 0 0 0 0 0 0 0 0 0 0 0 0 0 0 0 0 0 chenyu 9Сʱ_mousemovements
0 0 0 0 0 0 0 0 0 0 0 0 0 0 0 0 0 0 0 0 0 0 0 0 0 0 0 0 0 0 0 0 0 0 0 0 0 0 0 0 0 0 0 chenyu 9Сʱ_mousemovements
0 0 0 0 0 0 0 0 0 0 0 0 0 0 0 0 0 0 0 0 0 0 0 0 0 0 0 0 0 0 0 0 0 0 0 0 0 0 0 0 0 0 0 chenyu 9Сʱ_mousemovements
0 0 0 0 0 0 0 0 0 0 0 0 0 0 0 0 0 0 0 0 0 0 0 0 0 0 0 0 0 0 0 0 0 0 0 0 0 0 0 0 0 0 0 chenyu 9Сʱ_mousemovements
0 0 0 0 0 0 0 0 0 0 0 0 0 0 0 0 0 0 0 0 0 0 0 0 0 0 0 0 0 0 0 0 0 0 0 0 0 0 0 0 0 0 0 chenyu 9Сʱ_mousemovements
0 0 0 0 0 0 0 0 0 0 0 0 0 0 0 0 0 0 0 0 0 0 0 0 0 0 0 0 0 0 0 0 0 0 0 0 0 0 0 0 0 0 0 chenyu 9Сʱ_mousemovements
0 0 0 0 0 0 0 0 0 0 0 0 0 0 0 0 0 0 0 0 0 0 0 0 0 0 0 0 0 0 0 0 0 0 0 0 0 0 0 0 0 0 0 chenyu 9Сʱ_mousemovements
0 0 0 0 0 0 0 0 0 0 0 0 0 0 0 0 0 0 0 0 0 0 0 0 0 0 0 0 0 0 0 0 0 0 0 0 0 0 0 0 0 0 0 chenyu 9Сʱ_mousemovements
0 0 0 0 0 0 0 0 0 0 0 0 0 0 0 0 0 0 0 0 0 0 0 0 0 0 0 0 0 0 0 0 0 0 0 0 0 0 0 0 0 0 0 chenyu 9Сʱ_mousemovements
0 0 0 0 0 0 0 0 0 0 0 0 0 0 0 0 0 0 0 0 0 0 0 0 0 0 0 0 0 0 0 0 0 0 0 0 0 0 0 0 0 0 0 chenyu 9Сʱ_mousemovements
0 0 0 0 0 0 0 0 0 0 0 0 0 0 0 0 0 0 0 0 0 0 0 0 0 0 0 0 0 0 0 0 0 0 0 0 0 0 0 0 0 0 0 chenyu 9Сʱ_mousemovements
0 0 0 0 0 0 0 0 0 0 0 0 0 0 0 0 0 0 0 0 0 0 0 0 0 0 0 0 0 0 0 0 0 0 0 0 0 0 0 0 0 0 0 chenyu 9Сʱ_mousemovements
0 0 0 0 0 0 0 0 0 0 0 0 0 0 0 0 0 0 0 0 0 0 0 0 0 0 0 0 0 0 0 0 0 0 0 0 0 0 0 0 0 0 0 chenyu 9Сʱ_mousemovements
0 0 0 0 0 0 0 0 0 0 0 0 0 0 0 0 0 0 0 0 0 0 0 0 0 0 0 0 0 0 0 0 0 0 0 0 0 0 0 0 0 0 0 chenyu 9Сʱ_mousemovements
