79.17631114285714 360.055613 585.8241576666667 0 0 0 0 0 189.19008675 177.49495433333334 0 0 386.475975 278.36219 0 0 0.3076923076923077 0.23076923076923078 0.0 0.0 0.3076923076923077 0.15384615384615385 0.0 0.0 73.32450283720931 0 79.639956 0.9347826086956522 0.0 0.06521739130434782 0.5384615384615384 0.23076923076923078 0.23076923076923078 0.0 0.0 0.0 0.0 0.0 0.6428571428571429 0.21428571428571427 0.09523809523809523 0.047619047619047616 0.0 wangcheng 1Сʱ_mousemovements
143.6643015384616 332.937683 894.9669899999999 919.384583 562.680374 945.936096 1219.661499 0 415.96256 713.9502410000001 691.4766996666667 0 375.57018640000007 368.140839 316.2899844 172.71918166666669 0.13636363636363635 0.09090909090909091 0.13636363636363635 0.0 0.22727272727272727 0.045454545454545456 0.22727272727272727 0.13636363636363635 140.89217832203386 12.820513 154.07169300000004 0.9076923076923077 0.015384615384615385 0.07692307692307693 0.5909090909090909 0.045454545454545456 0.13636363636363635 0.045454545454545456 0.09090909090909091 0.045454545454545456 0.045454545454545456 0.0 0.6 0.21666666666666667 0.11666666666666667 0.06666666666666667 0.0 wangcheng 1Сʱ_mousemovements
127.8034515 0 419.133484 0 0 0 0 0 73.02323899999999 189.452118 0 0 419.133484 0 225.806458 132.492416 0.42857142857142855 0.14285714285714285 0.0 0.0 0.14285714285714285 0.0 0.14285714285714285 0.14285714285714285 42.06429423529411 0 235.4305955 0.8947368421052632 0.0 0.10526315789473684 0.8571428571428571 0.0 0.14285714285714285 0.0 0.0 0.0 0.0 0.0 0.6875 0.125 0.0625 0.125 0.0 wangcheng 1Сʱ_mousemovements
463.6773376666667 0 0 0 0 0 0 0 0 0 0 0 1013.769043 199.064392 178.198578 0 0.0 0.0 0.0 0.0 0.3333333333333333 0.3333333333333333 0.3333333333333333 0.0 107.00246253846154 0 0 1.0 0.0 0.0 1.0 0.0 0.0 0.0 0.0 0.0 0.0 0.0 0.8888888888888888 0.1111111111111111 0.0 0.0 0.0 wangcheng 1Сʱ_mousemovements
139.24711350000004 0 524.7683534 533.2628629999999 592.227417 0 2040.264038 0 240.18786425 487.627594 873.4134635 103.390961 237.65383975 0 549.954529 340.887573 0.23529411764705882 0.058823529411764705 0.23529411764705882 0.058823529411764705 0.23529411764705882 0.0 0.11764705882352941 0.058823529411764705 54.73339141176471 10.752688 662.0971722857142 0.864406779661017 0.01694915254237288 0.11864406779661017 0.47058823529411764 0.0 0.29411764705882354 0.11764705882352941 0.058823529411764705 0.0 0.058823529411764705 0.0 0.6363636363636364 0.16363636363636364 0.09090909090909091 0.09090909090909091 0.01818181818181818 wangcheng 1Сʱ_mousemovements
93.73433299999996 631.0581055 677.072632 684.6821046000001 0 0 911.814575 775.471619 89.64328950000001 248.66576112500002 578.7165134285714 0 47.6690945 383.8044777500001 254.44933880000002 71.5084 0.058823529411764705 0.23529411764705882 0.20588235294117646 0.0 0.058823529411764705 0.11764705882352941 0.29411764705882354 0.029411764705882353 68.43672013592234 57.333843666666674 324.52024450000005 0.8879310344827587 0.02586206896551724 0.08620689655172414 0.6470588235294118 0.058823529411764705 0.08823529411764706 0.14705882352941177 0.0 0.0 0.029411764705882353 0.029411764705882353 0.6074766355140186 0.2523364485981308 0.06542056074766354 0.04672897196261682 0.028037383177570093 wangcheng 1Сʱ_mousemovements
74.71970185714288 431.777344 0 948.030121 1138.2559815 1314.153778 1368.731812 703.2263485000001 738.3660813333331 26.4885695 842.579163 1053.481079 364.60219655555557 52.53844099999999 129.178406 579.5042569999999 0.25 0.08333333333333333 0.041666666666666664 0.041666666666666664 0.375 0.08333333333333333 0.041666666666666664 0.08333333333333333 133.82307463013694 8.0 425.6109973333334 0.948051948051948 0.012987012987012988 0.03896103896103896 0.5833333333333334 0.041666666666666664 0.0 0.08333333333333333 0.08333333333333333 0.08333333333333333 0.041666666666666664 0.08333333333333333 0.5909090909090909 0.21212121212121213 0.12121212121212122 0.045454545454545456 0.030303030303030304 wangcheng 1Сʱ_mousemovements
756.433655 0 0 0 0 0 0 0 0 0 0 0 756.433655 0 0 0 0.0 0.0 0.0 0.0 1.0 0.0 0.0 0.0 189.10841375 0 0 1.0 0.0 0.0 1.0 0.0 0.0 0.0 0.0 0.0 0.0 0.0 0.6666666666666666 0.0 0.3333333333333333 0.0 0.0 wangcheng 1Сʱ_mousemovements
282.33630879999987 297.767096 315.85257 404.78948966666667 0 0 0 0 385.933624 696.2065759999999 275.297775 463.200867 227.44455 150.71733780000002 192.30987033333335 25.779007 0.04 0.2 0.12 0.04 0.08 0.2 0.24 0.08 77.69204962686565 66.28131866666666 270.717805 0.8589743589743589 0.038461538461538464 0.10256410256410256 0.6 0.2 0.08 0.12 0.0 0.0 0.0 0.0 0.6712328767123288 0.1232876712328767 0.0547945205479452 0.0410958904109589 0.1095890410958904 wangcheng 1Сʱ_mousemovements
128.41425977777774 360.665273 461.879974 331.891113 507.992096 801.7095795000001 926.021484 608.975464 326.94022175 196.2717235 216.26182633333335 331.891113 926.021484 344.94017533333334 547.8456880000001 0 0.21052631578947367 0.21052631578947367 0.15789473684210525 0.05263157894736842 0.05263157894736842 0.15789473684210525 0.15789473684210525 0.0 78.88030709259259 191.0014695 290.9091321428571 0.8571428571428571 0.031746031746031744 0.1111111111111111 0.47368421052631576 0.15789473684210525 0.05263157894736842 0.05263157894736842 0.05263157894736842 0.10526315789473684 0.05263157894736842 0.05263157894736842 0.7543859649122807 0.10526315789473684 0.05263157894736842 0.05263157894736842 0.03508771929824561 wangcheng 1Сʱ_mousemovements
123.86880437499998 265.96326799999997 573.9914855 0 677.978129 0 0 0 246.2884655 48.08848933333334 629.2153395 0 26.106187499999997 482.680954 272.607635 264.27839666666665 0.11764705882352941 0.17647058823529413 0.23529411764705882 0.0 0.11764705882352941 0.11764705882352941 0.058823529411764705 0.17647058823529413 56.784054872340434 13.152776 363.0806762857143 0.8392857142857143 0.03571428571428571 0.125 0.47058823529411764 0.23529411764705882 0.11764705882352941 0.0 0.17647058823529413 0.0 0.0 0.0 0.47058823529411764 0.2549019607843137 0.17647058823529413 0.0784313725490196 0.0196078431372549 wangcheng 1Сʱ_mousemovements
88.88962939130434 319.6415074 538.9710301428571 762.6407836000001 483.15334033333346 685.2407224 673.2662963333333 884.992645 396.0763060000001 459.794027375 487.1092531999999 511.076833875 219.19291166666667 297.966053875 266.0951158888889 324.59505824999997 0.10606060606060606 0.12121212121212122 0.15151515151515152 0.12121212121212122 0.045454545454545456 0.12121212121212122 0.2727272727272727 0.06060606060606061 89.31011964516128 136.43433208333332 411.8051144999999 0.8201058201058201 0.06349206349206349 0.1164021164021164 0.3484848484848485 0.22727272727272727 0.10606060606060606 0.07575757575757576 0.09090909090909091 0.07575757575757576 0.045454545454545456 0.030303030303030304 0.5875706214689266 0.1751412429378531 0.11299435028248588 0.04519774011299435 0.07909604519774012 wangcheng 1Сʱ_mousemovements
31.74358975 266.419647 0 354.1984966666667 521.724548 620.4397584999999 0 0 649.585999 50.6248815 268.2320456666667 557.806259 9.852217 0 521.724548 15.872379 0.09090909090909091 0.18181818181818182 0.2727272727272727 0.18181818181818182 0.09090909090909091 0.0 0.09090909090909091 0.09090909090909091 28.35026475 219.30544 237.77777516666666 0.8163265306122449 0.061224489795918366 0.12244897959183673 0.36363636363636365 0.09090909090909091 0.0 0.2727272727272727 0.09090909090909091 0.18181818181818182 0.0 0.0 0.6 0.08888888888888889 0.17777777777777778 0.1111111111111111 0.022222222222222223 wangcheng 1Сʱ_mousemovements
107.87625145161289 311.8240754615385 418.0655604285715 408.0475821666667 556.4060975 303.768761 1035.112915 861.5131835 96.42694687500003 221.6570659 521.1615414444445 342.82576350000005 193.230405 207.97578888888893 361.6388338461537 110.3546775 0.125 0.15625 0.140625 0.0625 0.078125 0.140625 0.203125 0.09375 51.027409837209305 230.62076824999997 232.9449566521739 0.8884297520661157 0.01652892561983471 0.09504132231404959 0.484375 0.203125 0.109375 0.09375 0.03125 0.03125 0.015625 0.03125 0.6 0.19111111111111112 0.09333333333333334 0.06666666666666667 0.04888888888888889 wangcheng 1Сʱ_mousemovements
93.62775095000002 313.1138846153847 399.87167359999995 656.6648557999999 827.3189175714286 0 666.674347 910.9243573333333 141.423614 181.4615963 400.82888799999995 389.8887368333333 132.76152199999999 483.775537 354.49313865217397 201.83175742857136 0.06666666666666667 0.13333333333333333 0.21333333333333335 0.08 0.06666666666666667 0.04 0.30666666666666664 0.09333333333333334 54.643642836448606 198.2890467272726 454.03541465 0.8734693877551021 0.044897959183673466 0.08163265306122448 0.5333333333333333 0.17333333333333334 0.06666666666666667 0.06666666666666667 0.09333333333333334 0.0 0.02666666666666667 0.04 0.5787234042553191 0.2 0.1276595744680851 0.059574468085106386 0.03404255319148936 wangcheng 1Сʱ_mousemovements
93.9058228809524 389.0437469166666 291.179581 491.3125991666666 995.3277739999999 723.5285647499999 576.2383423333334 870.916504 230.9603605 220.40785936363645 657.3267538999999 346.1518656666667 178.7555695 202.97660816666667 370.3890566666667 123.82695615384617 0.10526315789473684 0.14473684210526316 0.13157894736842105 0.039473684210526314 0.05263157894736842 0.15789473684210525 0.19736842105263158 0.17105263157894737 57.51800388157895 56.280539555555556 428.97952939999993 0.8871595330739299 0.03501945525291829 0.07782101167315175 0.5526315789473685 0.15789473684210525 0.05263157894736842 0.07894736842105263 0.05263157894736842 0.05263157894736842 0.039473684210526314 0.013157894736842105 0.5493562231759657 0.2446351931330472 0.09012875536480687 0.06437768240343347 0.05150214592274678 wangcheng 1Сʱ_mousemovements
87.39906147619048 421.23022466666674 466.87381 779.127075 735.5855203333334 0 663.4606934999999 0 90.76641866666667 254.21765628571433 676.5477655714287 534.447815 120.3402786 251.87272466666664 124.20377742857144 175.77901966666664 0.08333333333333333 0.19444444444444445 0.19444444444444445 0.027777777777777776 0.1388888888888889 0.08333333333333333 0.19444444444444445 0.08333333333333333 52.003143457446804 222.072264 502.40842388888893 0.8867924528301887 0.02830188679245283 0.08490566037735849 0.5833333333333334 0.16666666666666666 0.08333333333333333 0.027777777777777776 0.08333333333333333 0.0 0.05555555555555555 0.0 0.6631578947368421 0.1368421052631579 0.09473684210526316 0.07368421052631578 0.031578947368421054 wangcheng 1Сʱ_mousemovements
0 0 0 0 0 0 0 0 0 0 0 0 0 0 0 0 0 0 0 0 0 0 0 0 0 0 0 0 0 0 0 0 0 0 0 0 0 0 0 0 0 0 0 wangcheng 1Сʱ_mousemovements
0 0 0 0 0 0 0 0 0 0 0 0 0 0 0 0 0 0 0 0 0 0 0 0 0 0 0 0 0 0 0 0 0 0 0 0 0 0 0 0 0 0 0 wangcheng 1Сʱ_mousemovements
148.37543327272726 503.264267 0 259.851257 0 0 597.667908 0 259.851257 46.1312085 597.667908 0 60.121669999999995 0 298.80435675 246.18702320000003 0.06666666666666667 0.13333333333333333 0.06666666666666667 0.0 0.13333333333333333 0.0 0.26666666666666666 0.3333333333333333 50.77566050980392 0.0 226.65469474999998 0.9107142857142857 0.017857142857142856 0.07142857142857142 0.7333333333333333 0.13333333333333333 0.0 0.06666666666666667 0.0 0.0 0.06666666666666667 0.0 0.7916666666666666 0.10416666666666667 0.08333333333333333 0.0 0.020833333333333332 wangcheng 1Сʱ_mousemovements
131.38241933333336 583.3520092857142 394.862518 567.544386 0 756.676636 308.371704 0 122.10967366666671 513.0326552500001 342.718334 357.7846856666667 394.862518 136.9975023333333 267.1498525 160.282257 0.09375 0.25 0.125 0.09375 0.03125 0.09375 0.25 0.0625 96.24810895348838 186.7461525 138.87330363636363 0.8686868686868687 0.020202020202020204 0.1111111111111111 0.5625 0.21875 0.03125 0.125 0.0 0.03125 0.03125 0.0 0.5555555555555556 0.25555555555555554 0.08888888888888889 0.07777777777777778 0.022222222222222223 wangcheng 1Сʱ_mousemovements
0 0 0 0 0 0 0 0 0 0 0 0 0 0 0 0 0 0 0 0 0 0 0 0 0 0 0 0 0 0 0 0 0 0 0 0 0 0 0 0 0 0 0 wangcheng 1Сʱ_mousemovements
0 0 0 0 0 0 0 0 0 0 0 0 0 0 0 0 0 0 0 0 0 0 0 0 0 0 0 0 0 0 0 0 0 0 0 0 0 0 0 0 0 0 0 wangcheng 1Сʱ_mousemovements
0 0 0 0 0 0 0 0 0 0 0 0 0 0 0 0 0 0 0 0 0 0 0 0 0 0 0 0 0 0 0 0 0 0 0 0 0 0 0 0 0 0 0 wangcheng 1Сʱ_mousemovements
0 0 0 0 0 0 0 0 0 0 0 0 0 0 0 0 0 0 0 0 0 0 0 0 0 0 0 0 0 0 0 0 0 0 0 0 0 0 0 0 0 0 0 wangcheng 1Сʱ_mousemovements
0 0 0 0 0 0 0 0 0 0 0 0 0 0 0 0 0 0 0 0 0 0 0 0 0 0 0 0 0 0 0 0 0 0 0 0 0 0 0 0 0 0 0 wangcheng 1Сʱ_mousemovements
319.0979602941176 345.4528198 445.1173094999999 660.4335326666666 781.57959 769.982437 0 0 337.07805685714294 360.06614625 711.3819683333332 1118.213745 270.627899 380.4158872 555.2256412500001 0 0.21212121212121213 0.36363636363636365 0.09090909090909091 0.030303030303030304 0.030303030303030304 0.15151515151515152 0.12121212121212122 0.0 143.99984691891893 101.55399366666667 437.2852955714287 0.8505747126436781 0.06896551724137931 0.08045977011494253 0.5151515151515151 0.15151515151515152 0.06060606060606061 0.18181818181818182 0.030303030303030304 0.06060606060606061 0.0 0.0 0.6455696202531646 0.1518987341772152 0.10126582278481013 0.0379746835443038 0.06329113924050633 wangcheng 1Сʱ_mousemovements
119.24958457575752 265.59840399999996 521.8720293333332 505.15272999999996 602.9346315 1845.606934 1063.749939 995.868622 642.0002167999999 170.25020174999997 568.9156554 157.16423 270.96627225000003 304.53003471428565 250.83867249999997 104.28968599999999 0.10416666666666667 0.16666666666666666 0.10416666666666667 0.020833333333333332 0.08333333333333333 0.14583333333333334 0.2916666666666667 0.08333333333333333 64.99651297037038 81.97807566666667 379.85048119999993 0.8823529411764706 0.0196078431372549 0.09803921568627451 0.6875 0.041666666666666664 0.0625 0.0625 0.041666666666666664 0.020833333333333332 0.041666666666666664 0.041666666666666664 0.6598639455782312 0.14965986394557823 0.12244897959183673 0.05442176870748299 0.013605442176870748 wangcheng 1Сʱ_mousemovements
107.96634088000002 550.0146483333334 541.4839326666666 711.249603142857 1112.350338125 891.5619011249998 1075.4747925 1330.7312775 214.919529 503.761321 592.3216904444445 337.87559412499996 312.5661573 383.0157152222222 687.7862924666663 226.67535816666668 0.07920792079207921 0.0594059405940594 0.1782178217821782 0.07920792079207921 0.09900990099009901 0.0891089108910891 0.297029702970297 0.1188118811881188 87.3509257568493 449.3969730588234 363.09747702439057 0.8342857142857143 0.04857142857142857 0.11714285714285715 0.49504950495049505 0.1188118811881188 0.0594059405940594 0.06930693069306931 0.07920792079207921 0.07920792079207921 0.0594059405940594 0.039603960396039604 0.6140350877192983 0.19298245614035087 0.10526315789473684 0.06432748538011696 0.023391812865497075 wangcheng 1Сʱ_mousemovements
116.18008851999997 406.95255533333335 491.24286366666666 531.88180525 727.5417177499999 923.343079 2172.083252 0 425.0616385 325.2370301428572 391.97557033333334 130.734039 289.508514625 858.065793 84.616961 34.781414 0.09523809523809523 0.3333333333333333 0.07142857142857142 0.047619047619047616 0.19047619047619047 0.11904761904761904 0.07142857142857142 0.07142857142857142 129.32229802857137 19.090812999999997 250.08685674999998 0.9292035398230089 0.035398230088495575 0.035398230088495575 0.5952380952380952 0.07142857142857142 0.07142857142857142 0.09523809523809523 0.09523809523809523 0.047619047619047616 0.023809523809523808 0.0 0.5306122448979592 0.2653061224489796 0.11224489795918367 0.061224489795918366 0.030612244897959183 wangcheng 1Сʱ_mousemovements
107.83271266666667 382.36180875 621.3729653333334 778.5289002500001 615.359375 762.827271 0 2283.71875 128.89154699999997 367.6937847500001 623.0408651428572 660.215515 380.49981475000004 221.73130183333333 228.14975733333327 62.18670933333334 0.07894736842105263 0.21052631578947367 0.18421052631578946 0.02631578947368421 0.10526315789473684 0.15789473684210525 0.15789473684210525 0.07894736842105263 83.78902232786888 216.533011 377.142495 0.9384615384615385 0.023076923076923078 0.038461538461538464 0.631578947368421 0.10526315789473684 0.07894736842105263 0.10526315789473684 0.02631578947368421 0.02631578947368421 0.0 0.02631578947368421 0.5701754385964912 0.22807017543859648 0.09649122807017543 0.07894736842105263 0.02631578947368421 wangcheng 1Сʱ_mousemovements
139.63969115151514 387.04179000000005 563.3197597777778 587.5289763333332 568.2911495999999 689.2447613333333 318.059845 794.908691 205.17639524999998 338.8359962222223 587.1065877142858 377.276398 179.74979825000003 384.7005193333334 244.12895143750006 275.29893674999994 0.06060606060606061 0.13636363636363635 0.21212121212121213 0.015151515151515152 0.12121212121212122 0.09090909090909091 0.24242424242424243 0.12121212121212122 77.7338550939227 173.0575792857143 391.13464250000004 0.8786407766990292 0.03398058252427184 0.08737864077669903 0.5 0.12121212121212122 0.13636363636363635 0.09090909090909091 0.07575757575757576 0.045454545454545456 0.015151515151515152 0.015151515151515152 0.5631578947368421 0.24210526315789474 0.08947368421052632 0.06315789473684211 0.042105263157894736 wangcheng 1Сʱ_mousemovements
127.46024239583336 445.23941553846157 492.363622 419.4329768571428 0 1166.7947144000002 694.108612 1726.02063 357.6225058333334 257.3082997647059 553.0467806000001 0 257.0369834 500.9442704705884 223.86855716666656 109.314137125 0.06976744186046512 0.19767441860465115 0.1744186046511628 0.0 0.05813953488372093 0.19767441860465115 0.20930232558139536 0.09302325581395349 85.80128137899543 158.44613787500003 305.2584760000001 0.8488372093023255 0.031007751937984496 0.12015503875968993 0.5581395348837209 0.1511627906976744 0.06976744186046512 0.08139534883720931 0.0 0.05813953488372093 0.06976744186046512 0.011627906976744186 0.6163265306122448 0.2 0.09387755102040816 0.05714285714285714 0.0326530612244898 wangcheng 1Сʱ_mousemovements
89.87523804166663 368.2830262727273 391.9283479 442.0724082222223 736.526863 877.2408755000001 1045.3574218 710.141327 80.403560875 253.31781063157885 655.4404110555556 277.90337314285716 111.95653457142859 263.79478550000005 458.6499900000001 95.60133799999998 0.08080808080808081 0.1919191919191919 0.18181818181818182 0.0707070707070707 0.0707070707070707 0.08080808080808081 0.23232323232323232 0.09090909090909091 91.78137284426234 105.70113493750002 336.3235930357144 0.8472222222222222 0.05555555555555555 0.09722222222222222 0.48484848484848486 0.1111111111111111 0.10101010101010101 0.09090909090909091 0.12121212121212122 0.020202020202020204 0.050505050505050504 0.020202020202020204 0.6245353159851301 0.1895910780669145 0.10037174721189591 0.04460966542750929 0.040892193308550186 wangcheng 1Сʱ_mousemovements
88.20223623404256 451.7054442857143 364.96673585714285 651.7847951666666 791.73039225 941.3047025 1287.3370436250002 1708.296875 28.132482 332.6186134444446 1050.0467969285717 92.73752999999999 68.66062614285714 296.3485773076922 466.3412864999999 235.0947208000001 0.03488372093023256 0.20930232558139536 0.16279069767441862 0.03488372093023256 0.08139534883720931 0.1511627906976744 0.20930232558139536 0.11627906976744186 117.4129596944444 114.55975854545459 306.6867693548388 0.8372093023255814 0.04263565891472868 0.12015503875968993 0.5465116279069767 0.08139534883720931 0.08139534883720931 0.06976744186046512 0.046511627906976744 0.046511627906976744 0.09302325581395349 0.03488372093023256 0.6458333333333334 0.1875 0.075 0.058333333333333334 0.03333333333333333 wangcheng 1Сʱ_mousemovements
122.50111844999999 537.4912720000001 518.9099783333332 590.9627839999999 2626.1764835000004 675.31663525 778.2476196666667 1308.8198849999999 261.6807313333333 689.4357662499999 710.7424876666668 251.13345177777768 219.82971324999997 717.206818 949.9640246249999 227.30071675000002 0.13636363636363635 0.09090909090909091 0.13636363636363635 0.20454545454545456 0.09090909090909091 0.06818181818181818 0.18181818181818182 0.09090909090909091 133.22210891603052 84.57099350000001 383.4964645 0.891156462585034 0.027210884353741496 0.08163265306122448 0.45454545454545453 0.09090909090909091 0.13636363636363635 0.06818181818181818 0.045454545454545456 0.09090909090909091 0.06818181818181818 0.045454545454545456 0.6076923076923076 0.14615384615384616 0.12307692307692308 0.08461538461538462 0.038461538461538464 wangcheng 1Сʱ_mousemovements
133.68787931999995 340.112607 477.04223977777775 475.56362471428565 899.9384690000002 533.93190025 1073.791138 0 255.1922321666667 335.99253618181814 362.0686028 291.2870754285715 471.3015296666667 547.256981 467.6782271000001 76.96913325000001 0.10909090909090909 0.2 0.18181818181818182 0.12727272727272726 0.05454545454545454 0.07272727272727272 0.18181818181818182 0.07272727272727272 74.44790517791415 210.57977699999998 261.9354472916668 0.8489583333333334 0.026041666666666668 0.125 0.45454545454545453 0.09090909090909091 0.16363636363636364 0.12727272727272726 0.07272727272727272 0.07272727272727272 0.01818181818181818 0.0 0.603448275862069 0.19540229885057472 0.07471264367816093 0.08620689655172414 0.040229885057471264 wangcheng 1Сʱ_mousemovements
131.32101494736844 439.3774888888888 404.77219260000004 831.7736360000001 1466.32666 456.891281 0 621.4527483333334 515.1613177500001 281.17094899999995 363.47482799999995 120.18945833333333 339.60462950000004 585.1829140000001 421.87623562500005 158.8106796 0.0975609756097561 0.12195121951219512 0.21951219512195122 0.07317073170731707 0.0975609756097561 0.07317073170731707 0.1951219512195122 0.12195121951219512 70.68627470992367 12.820513 283.81388255555555 0.8733333333333333 0.006666666666666667 0.12 0.4634146341463415 0.21951219512195122 0.12195121951219512 0.04878048780487805 0.024390243902439025 0.04878048780487805 0.0 0.07317073170731707 0.6541353383458647 0.16541353383458646 0.09774436090225563 0.06015037593984962 0.022556390977443608 wangcheng 1Сʱ_mousemovements
133.61114958695657 302.0108845555556 521.587654 328.99978166666665 529.8383410000001 424.128479 0 0 184.50720733333333 140.11009855555554 352.88931000000014 363.39259466666664 156.55488280000003 304.11947133333337 291.3999241428571 100.77120528571429 0.04225352112676056 0.2535211267605634 0.15492957746478872 0.04225352112676056 0.07042253521126761 0.04225352112676056 0.29577464788732394 0.09859154929577464 52.04960347572815 184.95403280000002 182.23721414814815 0.865546218487395 0.02100840336134454 0.1134453781512605 0.647887323943662 0.1267605633802817 0.11267605633802817 0.04225352112676056 0.056338028169014086 0.014084507042253521 0.0 0.0 0.5982142857142857 0.21875 0.08928571428571429 0.07589285714285714 0.017857142857142856 wangcheng 1Сʱ_mousemovements
94.56463512244899 362.64397916666667 630.64204375 682.0818712500001 503.3206635 1011.867859 749.018921 977.272034 202.02716149999998 145.78501050000006 490.8446388888889 192.77495766666667 208.56879999999998 318.5709594444445 212.16063815384615 199.17080875 0.057971014492753624 0.2898550724637681 0.13043478260869565 0.08695652173913043 0.057971014492753624 0.13043478260869565 0.18840579710144928 0.057971014492753624 47.31823198 36.70297233333335 355.80381952631575 0.8771929824561403 0.039473684210526314 0.08333333333333333 0.7101449275362319 0.08695652173913043 0.057971014492753624 0.057971014492753624 0.028985507246376812 0.014492753623188406 0.028985507246376812 0.014492753623188406 0.6142857142857143 0.18571428571428572 0.12857142857142856 0.047619047619047616 0.023809523809523808 wangcheng 1Сʱ_mousemovements
