164.98747983333334 722.05542 755.903503 0 0 3468.24585 0 0 0 552.973694 2112.0746765 0 0 160.362396 199.7288418 0 0.0 0.1111111111111111 0.2222222222222222 0.0 0.0 0.1111111111111111 0.5555555555555556 0.0 237.44518607999998 0 0 1.0 0.0 0.0 0.6666666666666666 0.1111111111111111 0.1111111111111111 0.0 0.0 0.1111111111111111 0.0 0.0 0.42857142857142855 0.23809523809523808 0.23809523809523808 0.09523809523809523 0.0 shenyanping 8Сʱ_mousemovements
247.08016933333332 1555.6890947499999 0 0 0 0 0 0 287.846954 1046.799561 286.868469 0 0 478.401398 2348.77771 166.525085 0.14285714285714285 0.14285714285714285 0.14285714285714285 0.0 0.0 0.14285714285714285 0.2857142857142857 0.14285714285714285 435.24980543749996 0 0 1.0 0.0 0.0 0.42857142857142855 0.5714285714285714 0.0 0.0 0.0 0.0 0.0 0.0 0.6428571428571429 0.35714285714285715 0.0 0.0 0.0 shenyanping 8Сʱ_mousemovements
125.25335 404.37393199999997 0 0 813.1099443333333 1923.957214 0 0 684.1888959999999 132.557343 0 1179.2187345 832.0820183333332 314.16568 21.276596 69.056708 0.2222222222222222 0.05555555555555555 0.0 0.1111111111111111 0.16666666666666666 0.05555555555555555 0.05555555555555555 0.3333333333333333 185.82620963636364 297.425751 0 0.9777777777777777 0.022222222222222223 0.0 0.6111111111111112 0.1111111111111111 0.0 0.0 0.16666666666666666 0.1111111111111111 0.0 0.0 0.6666666666666666 0.15384615384615385 0.07692307692307693 0.10256410256410256 0.0 shenyanping 8Сʱ_mousemovements
0 0 0 0 0 0 0 0 0 0 0 0 0 0 0 0 0 0 0 0 0 0 0 0 0.0 0 0 1.0 0.0 0.0 0 0 0 0 0 0 0 0 0.5 0.5 0.0 0.0 0.0 shenyanping 8Сʱ_mousemovements
142.393982 0 0 0 0 0 0 0 0 142.393982 0 0 0 0 0 0 0.0 1.0 0.0 0.0 0.0 0.0 0.0 0.0 71.196991 0 0 1.0 0.0 0.0 1.0 0.0 0.0 0.0 0.0 0.0 0.0 0.0 1.0 0.0 0.0 0.0 0.0 shenyanping 8Сʱ_mousemovements
165.154511 470.4137676666667 531.647888 483.292267 0 637.459229 0 994.39502 300.73901866666665 169.78235725000002 675.177755 0 727.8478855000001 106.38298 0 264.225525 0.2 0.26666666666666666 0.2 0.0 0.13333333333333333 0.06666666666666667 0.0 0.13333333333333333 79.52243847692307 0 264.225525 0.9701492537313433 0.0 0.029850746268656716 0.4666666666666667 0.2 0.06666666666666667 0.13333333333333333 0.0 0.06666666666666667 0.0 0.06666666666666667 0.5576923076923077 0.25 0.07692307692307693 0.057692307692307696 0.057692307692307696 shenyanping 8Сʱ_mousemovements
194.2731788076923 439.95986919999996 420.19167066666665 447.06047049999995 0 0 1828.2351075 3219.020264 390.86059066666667 113.10928242857143 1013.92596425 207.62064750000002 367.4862263333334 78.91829100000001 310.87252133333334 447.6305615 0.075 0.175 0.3 0.05 0.075 0.05 0.225 0.05 169.31020320909093 38.788109 167.43964580000002 0.9482758620689655 0.008620689655172414 0.04310344827586207 0.65 0.125 0.075 0.05 0.0 0.0 0.05 0.05 0.63 0.25 0.05 0.04 0.03 shenyanping 8Сʱ_mousemovements
209.24751162222216 434.9644393076923 484.8128825714285 648.7237753333333 729.9277805 839.803101 2600.120117 609.890564 141.4484385 420.62835816666666 395.93135321428565 446.3329551999999 523.2874755 190.46735214285715 274.58926125 442.7921260769232 0.02631578947368421 0.15789473684210525 0.18421052631578946 0.13157894736842105 0.02631578947368421 0.09210526315789473 0.21052631578947367 0.17105263157894737 107.65013162761508 132.094631125 154.4627712857143 0.9409448818897638 0.031496062992125984 0.027559055118110236 0.5921052631578947 0.17105263157894737 0.09210526315789473 0.07894736842105263 0.02631578947368421 0.013157894736842105 0.013157894736842105 0.013157894736842105 0.5272727272727272 0.24545454545454545 0.11363636363636363 0.06818181818181818 0.045454545454545456 shenyanping 8Сʱ_mousemovements
399.50859285714284 940.801941 805.4407655 0 0 2057.855469 2523.739746 423.059662 1029.2062633333335 547.105957 1424.9517215 717.94915 0 453.621216 0 271.42624650000005 0.23076923076923078 0.07692307692307693 0.15384615384615385 0.3076923076923077 0.0 0.07692307692307693 0.0 0.15384615384615385 292.05408344117643 423.059662 0 0.9714285714285714 0.02857142857142857 0.0 0.5384615384615384 0.07692307692307693 0.15384615384615385 0.0 0.0 0.07692307692307693 0.07692307692307693 0.07692307692307693 0.6451612903225806 0.3548387096774194 0.0 0.0 0.0 shenyanping 8Сʱ_mousemovements
193.349056796875 472.7596124285714 608.4978776363637 812.870044 1609.023987 0 1192.250763 0 596.1832836666667 495.1308800999999 581.1127531333333 268.6345158181818 198.37443886666668 283.2600315 292.7380077000001 334.07076620000004 0.08571428571428572 0.09523809523809523 0.14285714285714285 0.10476190476190476 0.14285714285714285 0.09523809523809523 0.19047619047619047 0.14285714285714285 110.56457919426748 15.66970225 133.88659289655172 0.9048991354466859 0.011527377521613832 0.08357348703170028 0.6095238095238096 0.2 0.10476190476190476 0.047619047619047616 0.01904761904761905 0.0 0.01904761904761905 0.0 0.615625 0.234375 0.06875 0.046875 0.034375 shenyanping 8Сʱ_mousemovements
231.54029260465117 499.3043859090909 1029.5824697500002 945.047012 282.210541 594.901367 538.028748 0 416.1985725555556 314.8654833333333 215.92992820000003 406.9371584545455 793.3887231428571 664.2541556250001 276.30922614285714 213.10758855555554 0.13432835820895522 0.08955223880597014 0.14925373134328357 0.16417910447761194 0.1044776119402985 0.11940298507462686 0.1044776119402985 0.13432835820895522 112.69185734259257 107.331543 169.44683573333333 0.9310344827586207 0.004310344827586207 0.06465517241379311 0.6417910447761194 0.16417910447761194 0.11940298507462686 0.029850746268656716 0.014925373134328358 0.014925373134328358 0.014925373134328358 0.0 0.6060606060606061 0.2222222222222222 0.07575757575757576 0.06060606060606061 0.03535353535353535 shenyanping 8Сʱ_mousemovements
119.31212954999997 708.7857613333332 397.3838104 550.423485 1296.5683693333333 387.272766 0 0 274.822385 107.81096475 320.8610676428571 415.9235631428572 91.57891016666667 255.70053124999998 652.4607719 66.78876436363635 0.05084745762711865 0.06779661016949153 0.23728813559322035 0.11864406779661017 0.1016949152542373 0.06779661016949153 0.1694915254237288 0.1864406779661017 87.63762685326087 23.35034475 90.86184971428573 0.9108910891089109 0.019801980198019802 0.06930693069306931 0.6779661016949152 0.1016949152542373 0.0847457627118644 0.06779661016949153 0.05084745762711865 0.01694915254237288 0.0 0.0 0.6235955056179775 0.21348314606741572 0.10112359550561797 0.03932584269662921 0.02247191011235955 shenyanping 8Сʱ_mousemovements
180.66925745714283 494.62776075 235.491165 1191.314209 0 1117.799194 0 560.049622 214.84767133333332 344.387865 564.077826 137.96373657142857 46.516047 728.3186875 270.7512575999999 92.20972355555556 0.06382978723404255 0.14893617021276595 0.10638297872340426 0.14893617021276595 0.0425531914893617 0.0851063829787234 0.2127659574468085 0.19148936170212766 82.07330128965516 35.36705966666666 172.296302625 0.9294871794871795 0.019230769230769232 0.05128205128205128 0.7446808510638298 0.1702127659574468 0.02127659574468085 0.02127659574468085 0.0 0.02127659574468085 0.0 0.02127659574468085 0.6258992805755396 0.2302158273381295 0.07913669064748201 0.04316546762589928 0.02158273381294964 shenyanping 8Сʱ_mousemovements
171.41512191891897 466.09735650000005 756.3644103333332 1006.753925 473.738708 1360.78125 0 907.5839235 297.394139 217.928197625 454.4166926666666 647.0987090000001 437.65065000000004 558.503016 215.21453499999998 168.65449163636364 0.125 0.14285714285714285 0.10714285714285714 0.07142857142857142 0.07142857142857142 0.14285714285714285 0.14285714285714285 0.19642857142857142 99.68773276190475 54.293996750000005 151.6082208461538 0.9081081081081082 0.021621621621621623 0.07027027027027027 0.6607142857142857 0.17857142857142858 0.05357142857142857 0.03571428571428571 0.017857142857142856 0.017857142857142856 0.0 0.03571428571428571 0.6094674556213018 0.23668639053254437 0.09467455621301775 0.04142011834319527 0.01775147928994083 shenyanping 8Сʱ_mousemovements
217.99798009374996 648.2172438 547.7019653333333 678.270081 1873.6414184999999 918.6986695 1042.8106893333334 0 266.426571 182.76673350000002 918.46874225 335.528933 301.4644641666667 1262.381363 530.6855254999999 384.42463671428567 0.058823529411764705 0.27450980392156865 0.0784313725490196 0.058823529411764705 0.11764705882352941 0.0784313725490196 0.19607843137254902 0.13725490196078433 147.51773918243242 59.679328999999996 127.26560916666669 0.9308176100628931 0.031446540880503145 0.03773584905660377 0.6274509803921569 0.09803921568627451 0.11764705882352941 0.0196078431372549 0.0392156862745098 0.0392156862745098 0.058823529411764705 0.0 0.5845070422535211 0.23943661971830985 0.09859154929577464 0.056338028169014086 0.02112676056338028 shenyanping 8Сʱ_mousemovements
