115.75752038461539 448.531667 472.63273133333337 1507.17627 0 79.658104 0 0 0 810.6412456666667 310.08749950000004 342.21603400000004 129.051941 0 90.31117925000001 107.3809796 0.0 0.14285714285714285 0.19047619047619047 0.14285714285714285 0.09523809523809523 0.0 0.19047619047619047 0.23809523809523808 72.50656599999999 79.658104 168.76238999999998 0.9615384615384616 0.01282051282051282 0.02564102564102564 0.6190476190476191 0.14285714285714285 0.14285714285714285 0.047619047619047616 0.0 0.047619047619047616 0.0 0.0 0.6 0.25 0.08333333333333333 0.016666666666666666 0.05 shenyanping 6Сʱ_mousemovements
1171.537354 1836.164673 0 0 0 0 0 0 0 0 0 0 0 0 0 1503.8510135000001 0.0 0.0 0.0 0.0 0.0 0.0 0.0 1.0 751.9255067500001 0 0 1.0 0.0 0.0 0.5 0.5 0.0 0.0 0.0 0.0 0.0 0.0 1.0 0.0 0.0 0.0 0.0 shenyanping 6Сʱ_mousemovements
434.49742183333336 0 0 0 0 0 0 0 0 0 0 0 0 0 0 434.49742183333336 0.0 0.0 0.0 0.0 0.0 0.0 0.0 1.0 130.34922655 0 0 1.0 0.0 0.0 1.0 0.0 0.0 0.0 0.0 0.0 0.0 0.0 0.8333333333333334 0.08333333333333333 0.0 0.08333333333333333 0.0 shenyanping 6Сʱ_mousemovements
99.94667816666664 0 719.2784425 0 0 0 0 0 92.082298 70.669365 488.620373 0 0 283.769905 75.633553 255.071182 0.125 0.125 0.25 0.0 0.0 0.25 0.125 0.125 82.22114030434781 71.517174 75.633553 0.92 0.04 0.04 0.75 0.0 0.25 0.0 0.0 0.0 0.0 0.0 0.6521739130434783 0.17391304347826086 0.13043478260869565 0.0 0.043478260869565216 shenyanping 6Сʱ_mousemovements
239.67331419999996 1107.970581 659.5643264 699.0073293333334 0 416.387451 0 0 615.404541 398.4772835 840.696949 580.8183186666666 443.399465 28.4737525 442.51141924999996 440.845085 0.05 0.1 0.1 0.15 0.15 0.1 0.2 0.15 161.37387047272728 89.223 175.574459 0.9482758620689655 0.017241379310344827 0.034482758620689655 0.5 0.05 0.25 0.15 0.0 0.05 0.0 0.0 0.5 0.2826086956521739 0.1956521739130435 0.0 0.021739130434782608 shenyanping 6Сʱ_mousemovements
0 0 0 0 0 0 0 0 0 0 0 0 0 0 0 0 0 0 0 0 0 0 0 0 0 0 0 0 0 0 0 0 0 0 0 0 0 0 0 0 0 0 0 shenyanping 6Сʱ_mousemovements
521.7310803333334 0 488.130585 0 1838.9003599999999 0 0 0 0 92.726646 0 1929.52948 0 225.588364 591.8208085 751.660583 0.0 0.1111111111111111 0.0 0.2222222222222222 0.0 0.1111111111111111 0.4444444444444444 0.1111111111111111 304.013241125 0 0 1.0 0.0 0.0 0.6666666666666666 0.0 0.1111111111111111 0.0 0.2222222222222222 0.0 0.0 0.0 0.5555555555555556 0.3333333333333333 0.1111111111111111 0.0 0.0 shenyanping 6Сʱ_mousemovements
145.65087181250001 645.7612178333334 0 1807.0893146666665 810.937805 0 0 0 80.3654445 355.7041956666667 2156.1208494999996 368.01242299999996 811.12793 625.14382925 83.21260649999999 14.285714 0.07692307692307693 0.34615384615384615 0.07692307692307693 0.11538461538461539 0.038461538461538464 0.15384615384615385 0.15384615384615385 0.038461538461538464 166.81161022388062 61.473901749999996 338.30450433333334 0.9054054054054054 0.05405405405405406 0.04054054054054054 0.6153846153846154 0.23076923076923078 0.0 0.11538461538461539 0.038461538461538464 0.0 0.0 0.0 0.6060606060606061 0.22727272727272727 0.10606060606060606 0.045454545454545456 0.015151515151515152 shenyanping 6Сʱ_mousemovements
189.4161610277778 334.608202 461.3961867500001 447.45372033333337 1547.8698275 0 0 2001.286743 299.727376 228.23855722222223 353.9081981111111 600.434445 317.09047066666665 377.23788849999994 352.7196536666666 172.64937966666665 0.05172413793103448 0.15517241379310345 0.15517241379310345 0.10344827586206896 0.10344827586206896 0.1724137931034483 0.15517241379310345 0.10344827586206896 112.83323063855418 78.8446875 60.43143642857143 0.9273743016759777 0.0335195530726257 0.03910614525139665 0.6206896551724138 0.13793103448275862 0.13793103448275862 0.05172413793103448 0.034482758620689655 0.0 0.0 0.017241379310344827 0.47468354430379744 0.2974683544303797 0.08860759493670886 0.08227848101265822 0.056962025316455694 shenyanping 6Сʱ_mousemovements
153.48518249999998 698.0407 0 1018.092346 448.761688 4091.530273 0 0 378.8256985 157.815765 0 1797.0559893333336 0 858.07567 118.798538 124.862129 0.2 0.1 0.0 0.3 0.0 0.2 0.1 0.1 183.870466575 0 182.3256948 0.8888888888888888 0.0 0.1111111111111111 0.4 0.3 0.0 0.1 0.1 0.1 0.0 0.0 0.6744186046511628 0.16279069767441862 0.06976744186046512 0.046511627906976744 0.046511627906976744 shenyanping 6Сʱ_mousemovements
164.942572631579 493.25867362500003 659.0770144615385 1038.72324375 915.6180396923078 1502.1330954545454 1707.4900055 2464.6275635 618.3914914761905 638.2797676000001 918.816210357143 480.87887176666663 415.59495166666676 700.3327627777778 528.4372399523809 561.4658613448275 0.14093959731543623 0.06711409395973154 0.09395973154362416 0.20134228187919462 0.10067114093959731 0.06040268456375839 0.14093959731543623 0.19463087248322147 163.76733575918365 294.298761 142.31124679999996 0.9297912713472486 0.013282732447817837 0.056925996204933584 0.5100671140939598 0.10738255033557047 0.087248322147651 0.08053691275167785 0.087248322147651 0.0738255033557047 0.026845637583892617 0.026845637583892617 0.6190476190476191 0.23809523809523808 0.07660455486542443 0.045548654244306416 0.020703933747412008 shenyanping 6Сʱ_mousemovements
178.52637560465112 339.4226683846154 233.12960425 653.212850111111 796.5178875714286 0 1926.7386352 1151.7699282499998 589.8333988750001 344.7935684 767.9142774166667 511.3136616470588 702.4686955999999 239.97063485714284 387.42034123076917 229.91222455555555 0.09411764705882353 0.058823529411764705 0.1411764705882353 0.2 0.058823529411764705 0.08235294117647059 0.15294117647058825 0.21176470588235294 98.16673695294116 0.0 178.00901486666666 0.9164420485175202 0.0026954177897574125 0.08086253369272237 0.5058823529411764 0.15294117647058825 0.047058823529411764 0.10588235294117647 0.08235294117647059 0.0 0.058823529411764705 0.047058823529411764 0.5934718100890207 0.20474777448071216 0.08902077151335312 0.07418397626112759 0.03857566765578635 shenyanping 6Сʱ_mousemovements
48.944179999999996 2139.412842 0 0 0 0 0 0 125.0 12.658228 2139.412842 0 0 0 0 9.174312 0.25 0.25 0.25 0.0 0.0 0.0 0.0 0.25 284.63388375 9.174312 0 0.8888888888888888 0.1111111111111111 0.0 0.75 0.25 0.0 0.0 0.0 0.0 0.0 0.0 1.0 0.0 0.0 0.0 0.0 shenyanping 6Сʱ_mousemovements
179.1375245 441.10563533333334 642.0094482000001 887.102524 1565.76829 4742.105957 1410.7722576666665 0 566.3105562 332.33675450000004 691.3567903636364 235.2375075 327.5194356 368.356155 229.77457099999998 968.2648568750001 0.16666666666666666 0.1 0.18333333333333332 0.1 0.16666666666666666 0.03333333333333333 0.11666666666666667 0.13333333333333333 123.7458313254717 5.047619 291.5895575384615 0.9298245614035088 0.013157894736842105 0.05701754385964912 0.5666666666666667 0.2 0.08333333333333333 0.03333333333333333 0.05 0.016666666666666666 0.05 0.0 0.6588785046728972 0.2336448598130841 0.04672897196261682 0.03271028037383177 0.028037383177570093 shenyanping 6Сʱ_mousemovements
152.4024042 582.1118583333333 668.0675313999999 669.9344544666667 919.5920477142856 761.8808107 1574.8672281666668 934.43363575 492.93769870370375 546.8438808333334 952.1824307777778 587.169954 345.0611680555555 553.339262 263.20799968181814 323.21869858823527 0.16875 0.15 0.05625 0.06875 0.1125 0.2 0.1375 0.10625 110.55991866317625 229.79547374999999 206.5886394166666 0.8995290423861853 0.006279434850863423 0.09419152276295134 0.5 0.075 0.09375 0.09375 0.0875 0.0625 0.0375 0.05 0.5843478260869566 0.23652173913043478 0.07304347826086957 0.07130434782608695 0.034782608695652174 shenyanping 6Сʱ_mousemovements
