53.187675649999996 370.0841251111112 472.9708635 1017.97406 679.2409118 815.137024 2139.1304625000002 607.244751 189.4010388 623.2009903333334 506.87987125 0 184.0622961 347.25832390000005 134.77312742857143 3430.866699 0.11627906976744186 0.13953488372093023 0.09302325581395349 0.0 0.23255813953488372 0.23255813953488372 0.16279069767441862 0.023255813953488372 126.99184662857141 17.799248 249.65621033333335 0.8677685950413223 0.03305785123966942 0.09917355371900827 0.46511627906976744 0.20930232558139536 0.09302325581395349 0.023255813953488372 0.11627906976744186 0.023255813953488372 0.046511627906976744 0.023255813953488372 0.4778761061946903 0.20353982300884957 0.21238938053097345 0.07964601769911504 0.02654867256637168 dongzhenyu 7Сʱ_mousemovements
129.05634600000002 838.9002479999999 4481.683594 360.98006200000003 0 779.0333865 0 0 4481.683594 95.9578935 76.480728 0 379.12754975 689.1094665 420.77898560000006 295.312647 0.05263157894736842 0.10526315789473684 0.05263157894736842 0.0 0.21052631578947367 0.10526315789473684 0.2631578947368421 0.21052631578947367 190.98291358490573 140.39703366666666 128.8897453333333 0.8983050847457628 0.05084745762711865 0.05084745762711865 0.5263157894736842 0.15789473684210525 0.05263157894736842 0.15789473684210525 0.0 0.10526315789473684 0.0 0.0 0.6363636363636364 0.2 0.07272727272727272 0.01818181818181818 0.07272727272727272 dongzhenyu 7Сʱ_mousemovements
140.22410714285712 586.635498 474.20759599999997 0 1325.042969 0 0 0 279.958557 1325.042969 599.352173 586.635498 205.82706675 192.4164973333333 125.30661574999999 43.485913333333336 0.05555555555555555 0.05555555555555555 0.05555555555555555 0.05555555555555555 0.2222222222222222 0.16666666666666666 0.2222222222222222 0.16666666666666666 79.48319282142859 11.554670999999999 349.063019 0.9491525423728814 0.03389830508474576 0.01694915254237288 0.7777777777777778 0.05555555555555555 0.1111111111111111 0.0 0.05555555555555555 0.0 0.0 0.0 0.68 0.12 0.06 0.12 0.02 dongzhenyu 7Сʱ_mousemovements
98.49002383333332 442.9764175 239.80860366666664 601.03626275 0 1117.954712 509.580093 0 218.0384785 505.43811199999993 195.9855805 234.795929 220.824698 532.7374805000001 284.06749414285713 281.248505 0.07692307692307693 0.19230769230769232 0.15384615384615385 0.07692307692307693 0.11538461538461539 0.07692307692307693 0.2692307692307692 0.038461538461538464 105.58420768115943 9.0654715 227.75761074999997 0.92 0.02666666666666667 0.05333333333333334 0.46153846153846156 0.15384615384615385 0.11538461538461539 0.15384615384615385 0.0 0.038461538461538464 0.07692307692307693 0.0 0.6617647058823529 0.19117647058823528 0.10294117647058823 0.029411764705882353 0.014705882352941176 dongzhenyu 7Сʱ_mousemovements
0 0 0 0 0 0 0 0 0 0 0 0 0 0 0 0 0 0 0 0 0 0 0 0 0 0 0 0 0 0 0 0 0 0 0 0 0 0 0 0 0 0 0 dongzhenyu 7Сʱ_mousemovements
0 0 0 0 0 0 0 0 0 0 0 0 0 0 0 0 0 0 0 0 0 0 0 0 0 0 0 0 0 0 0 0 0 0 0 0 0 0 0 0 0 0 0 dongzhenyu 7Сʱ_mousemovements
0 0 0 0 0 0 0 0 0 0 0 0 0 0 0 0 0 0 0 0 0 0 0 0 0 0 0 0 0 0 0 0 0 0 0 0 0 0 0 0 0 0 0 dongzhenyu 7Сʱ_mousemovements
0 0 0 0 0 0 0 0 0 0 0 0 0 0 0 0 0 0 0 0 0 0 0 0 0 0 0 0 0 0 0 0 0 0 0 0 0 0 0 0 0 0 0 dongzhenyu 7Сʱ_mousemovements
0 0 0 0 0 0 0 0 0 0 0 0 0 0 0 0 0 0 0 0 0 0 0 0 0 0 0 0 0 0 0 0 0 0 0 0 0 0 0 0 0 0 0 dongzhenyu 7Сʱ_mousemovements
115.1549645 248.295898 2281.422363 0 0 0 0 810.112976 382.172325 0 0 0 1211.8120955000002 0 0 0 0.6 0.0 0.0 0.0 0.4 0.0 0.0 0.0 120.07486121052632 0 322.17970075 0.8260869565217391 0.0 0.17391304347826086 0.4 0.2 0.2 0.0 0.0 0.0 0.0 0.2 0.782608695652174 0.13043478260869565 0.043478260869565216 0.0 0.043478260869565216 dongzhenyu 7Сʱ_mousemovements
64.516129 0 0 0 0 0 0 0 0 0 0 64.516129 0 0 0 0 0.0 0.0 0.0 1.0 0.0 0.0 0.0 0.0 12.903225800000001 0 0 1.0 0.0 0.0 1.0 0.0 0.0 0.0 0.0 0.0 0.0 0.0 1.0 0.0 0.0 0.0 0.0 dongzhenyu 7Сʱ_mousemovements
0 0 0 0 0 0 0 0 0 0 0 0 0 0 0 0 0 0 0 0 0 0 0 0 0 0 0 0 0 0 0 0 0 0 0 0 0 0 0 0 0 0 0 dongzhenyu 7Сʱ_mousemovements
0 0 0 0 0 0 0 0 0 0 0 0 0 0 0 0 0 0 0 0 0 0 0 0 0 0 0 0 0 0 0 0 0 0 0 0 0 0 0 0 0 0 0 dongzhenyu 7Сʱ_mousemovements
0 0 0 0 0 0 0 0 0 0 0 0 0 0 0 0 0 0 0 0 0 0 0 0 0 0 0 0 0 0 0 0 0 0 0 0 0 0 0 0 0 0 0 dongzhenyu 7Сʱ_mousemovements
0 0 0 0 0 0 0 0 0 0 0 0 0 0 0 0 0 0 0 0 0 0 0 0 0 0 0 0 0 0 0 0 0 0 0 0 0 0 0 0 0 0 0 dongzhenyu 7Сʱ_mousemovements
68.34266406249999 243.482488 458.95821400000005 283.07901 0 0 0 2492.818115 183.5174845 96.774193 1039.4819946666667 68.949534 48.42204875 295.722776 66.666664 326.336235 0.08 0.04 0.12 0.12 0.32 0.12 0.04 0.16 58.80600120833333 75.0774745 160.03225125 0.9411764705882353 0.0196078431372549 0.0392156862745098 0.64 0.12 0.16 0.04 0.0 0.0 0.0 0.04 0.5978260869565217 0.16304347826086957 0.10869565217391304 0.08695652173913043 0.043478260869565216 dongzhenyu 7Сʱ_mousemovements
78.1218382 299.88111366666664 0 0 0 479.655457 0 0 172.156193 479.655457 22.148748 282.668762 98.7821505 0 221.77916750000003 0 0.2222222222222222 0.1111111111111111 0.1111111111111111 0.1111111111111111 0.2222222222222222 0.0 0.2222222222222222 0.0 56.09793617391304 0 479.655457 0.9583333333333334 0.0 0.041666666666666664 0.5555555555555556 0.3333333333333333 0.0 0.0 0.0 0.1111111111111111 0.0 0.0 0.5 0.25 0.2 0.05 0.0 dongzhenyu 7Сʱ_mousemovements
93.74040910344829 412.773407 433.62536 300.946411 363.029114 691.1196595 450.30722 0 188.57932150000002 139.65057066666665 414.1373686 171.921382 160.1585824285714 368.325867 276.78738749999997 192.80631325000004 0.18604651162790697 0.13953488372093023 0.11627906976744186 0.13953488372093023 0.16279069767441862 0.023255813953488372 0.046511627906976744 0.18604651162790697 59.10178791150443 25.6410255 164.6021622142857 0.875968992248062 0.015503875968992248 0.10852713178294573 0.6744186046511628 0.09302325581395349 0.11627906976744186 0.023255813953488372 0.023255813953488372 0.046511627906976744 0.023255813953488372 0.0 0.5798319327731093 0.20168067226890757 0.08403361344537816 0.12605042016806722 0.008403361344537815 dongzhenyu 7Сʱ_mousemovements
96.016514 246.4609715 596.019867 696.6924287500001 444.1016085 849.958862 982.3366700000001 645.4129795 313.3873967142857 460.4538367142857 607.5724976 567.263855 147.97614399999998 359.79850500000003 118.43586816666668 78.45846869230769 0.13725490196078433 0.13725490196078433 0.09803921568627451 0.0196078431372549 0.0784313725490196 0.1568627450980392 0.11764705882352941 0.2549019607843137 62.550977347560966 0 283.1801864285714 0.9213483146067416 0.0 0.07865168539325842 0.6274509803921569 0.0784313725490196 0.0784313725490196 0.0784313725490196 0.0392156862745098 0.0196078431372549 0.0392156862745098 0.0392156862745098 0.5892857142857143 0.22023809523809523 0.09523809523809523 0.047619047619047616 0.047619047619047616 dongzhenyu 7Сʱ_mousemovements
122.36498012 294.498796 247.88343799999998 613.723236 729.880493 616.809509 502.719869 141.066437 328.56905350000005 705.7855835 350.7117994 246.55462899999998 120.24587591666666 270.3909674 93.4134584 291.2448171666667 0.09523809523809523 0.047619047619047616 0.11904761904761904 0.07142857142857142 0.2857142857142857 0.11904761904761904 0.11904761904761904 0.14285714285714285 58.88361233333333 52.374275250000004 236.634525625 0.92 0.02666666666666667 0.05333333333333334 0.5952380952380952 0.11904761904761904 0.07142857142857142 0.047619047619047616 0.047619047619047616 0.023809523809523808 0.07142857142857142 0.023809523809523808 0.5797101449275363 0.2391304347826087 0.10144927536231885 0.06521739130434782 0.014492753623188406 dongzhenyu 7Сʱ_mousemovements
109.76072718750001 168.702972 480.7365817499999 919.5596251999999 481.66020166666664 909.6152143333334 1386.1459479999999 741.581909 866.2051314 429.99158019999993 472.93978616666664 1035.2230605 424.15167233333335 214.5844365 850.6443308749999 308.9091971428571 0.11363636363636363 0.11363636363636363 0.13636363636363635 0.09090909090909091 0.06818181818181818 0.13636363636363635 0.18181818181818182 0.1590909090909091 160.52427206976742 27.871623 279.7166142666666 0.8775510204081632 0.02040816326530612 0.10204081632653061 0.36363636363636365 0.022727272727272728 0.18181818181818182 0.11363636363636363 0.06818181818181818 0.06818181818181818 0.1590909090909091 0.022727272727272728 0.6170212765957447 0.1702127659574468 0.0851063829787234 0.06382978723404255 0.06382978723404255 dongzhenyu 7Сʱ_mousemovements
96.41806588235292 232.332653 522.1947933333333 779.323059 619.8595216 837.6407573333335 1314.4440306666665 0 0 183.887058 391.6976432222222 278.778259 170.86898066666666 261.251296 694.6382707272728 85.106384 0.0 0.16666666666666666 0.25 0.05555555555555555 0.08333333333333333 0.1111111111111111 0.3055555555555556 0.027777777777777776 102.55546759829059 0.0 190.0698026153846 0.8931297709923665 0.007633587786259542 0.09923664122137404 0.4722222222222222 0.1111111111111111 0.08333333333333333 0.027777777777777776 0.1388888888888889 0.08333333333333333 0.08333333333333333 0.0 0.6186440677966102 0.17796610169491525 0.11864406779661017 0.0423728813559322 0.0423728813559322 dongzhenyu 7Сʱ_mousemovements
132.19100918518518 396.45590599999997 674.3513945 510.3108366666667 644.581011 692.7681073333333 0 0 0 422.50211475 635.5795898333333 579.5276795 83.0428341 249.476259 233.82502590909087 374.4058184 0.0 0.17391304347826086 0.13043478260869565 0.043478260869565216 0.21739130434782608 0.08695652173913043 0.2391304347826087 0.10869565217391304 86.05580690000001 13.810792 178.7526472105263 0.8552631578947368 0.019736842105263157 0.125 0.5869565217391305 0.08695652173913043 0.043478260869565216 0.06521739130434782 0.15217391304347827 0.06521739130434782 0.0 0.0 0.6115107913669064 0.2014388489208633 0.10071942446043165 0.050359712230215826 0.03597122302158273 dongzhenyu 7Сʱ_mousemovements
74.63862452631578 524.656166 269.74201200000005 1077.4388223333335 887.333435 0 0 0 135.3861065 369.64478900000006 77.877853 824.159912 99.37045985714285 317.6098975 396.9636 158.30267333333333 0.07407407407407407 0.2962962962962963 0.037037037037037035 0.037037037037037035 0.25925925925925924 0.07407407407407407 0.1111111111111111 0.1111111111111111 63.87410341935484 21.276596 291.2529775 0.9489795918367347 0.01020408163265306 0.04081632653061224 0.7037037037037037 0.07407407407407407 0.07407407407407407 0.1111111111111111 0.037037037037037035 0.0 0.0 0.0 0.7261904761904762 0.11904761904761904 0.08333333333333333 0.07142857142857142 0.0 dongzhenyu 7Сʱ_mousemovements
154.64006568421055 354.694168 391.98144 315.503632 0 0 628.147705 602.510803 0 519.6357575 664.2268146666667 170.29249939999997 105.28953316666667 320.6869065 183.68895550000002 184.78613700000002 0.0 0.07142857142857142 0.10714285714285714 0.17857142857142858 0.21428571428571427 0.07142857142857142 0.21428571428571427 0.14285714285714285 47.65871132075472 69.412994 268.08105071428565 0.9298245614035088 0.008771929824561403 0.06140350877192982 0.6785714285714286 0.07142857142857142 0.10714285714285714 0.03571428571428571 0.0 0.0 0.07142857142857142 0.03571428571428571 0.7029702970297029 0.1188118811881188 0.10891089108910891 0.039603960396039604 0.0297029702970297 dongzhenyu 7Сʱ_mousemovements
69.89329052631578 207.26006160000003 699.28041075 411.2267915 627.796936 793.3586118000001 492.214417 0 40.984596 318.9869048 558.5106735 1061.6834715 289.4175455999999 206.92655566666667 288.59452157142863 124.53899150000002 0.02631578947368421 0.13157894736842105 0.10526315789473684 0.05263157894736842 0.13157894736842105 0.15789473684210525 0.18421052631578946 0.21052631578947367 83.172888619469 12.820513 142.94327968749997 0.8692307692307693 0.007692307692307693 0.12307692307692308 0.5 0.13157894736842105 0.10526315789473684 0.05263157894736842 0.05263157894736842 0.13157894736842105 0.02631578947368421 0.0 0.4336283185840708 0.2743362831858407 0.1504424778761062 0.04424778761061947 0.09734513274336283 dongzhenyu 7Сʱ_mousemovements
90.62455464864865 294.9504331428571 466.8669298 558.051814 0 523.683044 0 0 90.43470099999999 282.58628012500003 493.18925999999993 142.752137 200.5514716428572 169.03276542857142 130.37010575000002 260.96275 0.08928571428571429 0.14285714285714285 0.05357142857142857 0.07142857142857142 0.25 0.125 0.14285714285714285 0.125 63.247574974025945 153.190111 160.80381983333334 0.927710843373494 0.03614457831325301 0.03614457831325301 0.6607142857142857 0.125 0.08928571428571429 0.10714285714285714 0.0 0.017857142857142856 0.0 0.0 0.49032258064516127 0.2838709677419355 0.13548387096774195 0.04516129032258064 0.04516129032258064 dongzhenyu 7Сʱ_mousemovements
114.67168033333333 184.19034333333335 489.3232116666666 0 769.0576070000001 1152.414744 859.5933535 0 335.222994 230.8077266666667 301.8790815 207.69706899999997 549.2558304 1255.460327 310.12272774999997 246.15678416666665 0.11428571428571428 0.17142857142857143 0.05714285714285714 0.08571428571428572 0.14285714285714285 0.02857142857142857 0.22857142857142856 0.17142857142857143 122.11284038554217 55.670075499999996 416.38595225000006 0.9325842696629213 0.02247191011235955 0.0449438202247191 0.6 0.08571428571428572 0.08571428571428572 0.0 0.08571428571428572 0.08571428571428572 0.05714285714285714 0.0 0.5569620253164557 0.17721518987341772 0.13924050632911392 0.0759493670886076 0.05063291139240506 dongzhenyu 7Сʱ_mousemovements
131.15443352631578 594.313293 637.716133 363.2031405 733.523295 815.946472 802.660919 589.768982 594.5682025 393.335136090909 613.357391 554.114258 188.3418267142857 371.94580075 34.9245965 63.5080645 0.06451612903225806 0.3548387096774194 0.06451612903225806 0.03225806451612903 0.22580645161290322 0.12903225806451613 0.06451612903225806 0.06451612903225806 58.50429911428569 12.974437 345.31395083333337 0.8898305084745762 0.00847457627118644 0.1016949152542373 0.6129032258064516 0.03225806451612903 0.06451612903225806 0.06451612903225806 0.0967741935483871 0.03225806451612903 0.06451612903225806 0.03225806451612903 0.6666666666666666 0.17142857142857143 0.05714285714285714 0.06666666666666667 0.0380952380952381 dongzhenyu 7Сʱ_mousemovements
96.47222710526316 308.10934475 266.894812 286.413054 0 0 527.957397 862.523987 74.79212799999999 245.5687121666667 425.797699 153.714966 139.5989116 369.95650475 183.79195200000004 105.58675933333335 0.05714285714285714 0.34285714285714286 0.02857142857142857 0.02857142857142857 0.14285714285714285 0.11428571428571428 0.11428571428571428 0.17142857142857143 27.894978 297.62207049999995 266.1506110714285 0.8666666666666667 0.016666666666666666 0.11666666666666667 0.5428571428571428 0.11428571428571428 0.14285714285714285 0.14285714285714285 0.0 0.0 0.02857142857142857 0.02857142857142857 0.580952380952381 0.23809523809523808 0.047619047619047616 0.02857142857142857 0.10476190476190476 dongzhenyu 7Сʱ_mousemovements
49.85145195 92.531937 0 0 0 767.501282 851.821289 485.75708 0 25.641026 0 229.10926475 131.84650283333332 50.0395535 50.71018211111111 452.5063895 0.0 0.041666666666666664 0.0 0.16666666666666666 0.25 0.08333333333333333 0.375 0.08333333333333333 45.4825238923077 5.319149 75.87942533333333 0.9285714285714286 0.02857142857142857 0.04285714285714286 0.8333333333333334 0.041666666666666664 0.0 0.0 0.0 0.041666666666666664 0.041666666666666664 0.041666666666666664 0.5967741935483871 0.20967741935483872 0.06451612903225806 0.0967741935483871 0.03225806451612903 dongzhenyu 7Сʱ_mousemovements
159.2354386923077 367.691559 447.489334 0 737.773315 877.4362795 0 0 0 811.686646 0 737.773315 200.34780125 494.402853 163.56949828571427 335.183361 0.0 0.05263157894736842 0.0 0.05263157894736842 0.21052631578947367 0.10526315789473684 0.3684210526315789 0.21052631578947367 62.88113004411765 0 774.7299805 0.9714285714285714 0.0 0.02857142857142857 0.6842105263157895 0.05263157894736842 0.10526315789473684 0.0 0.05263157894736842 0.10526315789473684 0.0 0.0 0.6229508196721312 0.13114754098360656 0.11475409836065574 0.13114754098360656 0.0 dongzhenyu 7Сʱ_mousemovements
180.900681 554.195251 0 0 0 754.646118 1232.30542 0 0 754.646118 0 0 706.6030505 554.195251 0 0 0.0 0.25 0.0 0.0 0.5 0.25 0.0 0.0 131.1600901333333 0 754.646118 0.9375 0.0 0.0625 0.25 0.25 0.0 0.0 0.0 0.25 0.25 0.0 0.6 0.26666666666666666 0.06666666666666667 0.06666666666666667 0.0 dongzhenyu 7Сʱ_mousemovements
0 0 0 0 0 0 0 0 0 0 0 0 0 0 0 0 0 0 0 0 0 0 0 0 0 0 0 0 0 0 0 0 0 0 0 0 0 0 0 0 0 0 0 dongzhenyu 7Сʱ_mousemovements
125.87839076000004 286.88919380000004 0 827.274963 700.532593 753.0418496666667 902.03772 0 229.91629266666666 159.54649366666666 71.269447 832.3888855 259.74905425000003 299.853561 231.45392254545456 441.5970026666667 0.08108108108108109 0.24324324324324326 0.02702702702702703 0.05405405405405406 0.10810810810810811 0.10810810810810811 0.2972972972972973 0.08108108108108109 96.6208641931818 37.3062495 109.92067575 0.8461538461538461 0.038461538461538464 0.11538461538461539 0.6756756756756757 0.13513513513513514 0.0 0.02702702702702703 0.05405405405405406 0.08108108108108109 0.02702702702702703 0.0 0.5757575757575758 0.20202020202020202 0.1111111111111111 0.09090909090909091 0.020202020202020204 dongzhenyu 7Сʱ_mousemovements
92.7644939090909 501.44226100000003 0 0 0 0 0 1021.314209 0 1021.314209 0 372.8012505 186.89370999999997 67.811246 16.04278 124.3834515 0.0 0.07142857142857142 0.0 0.14285714285714285 0.21428571428571427 0.21428571428571427 0.07142857142857142 0.2857142857142857 88.12876436363636 32.0 104.35894 0.9428571428571428 0.02857142857142857 0.02857142857142857 0.7857142857142857 0.14285714285714285 0.0 0.0 0.0 0.0 0.0 0.07142857142857142 0.5483870967741935 0.25806451612903225 0.0967741935483871 0.06451612903225806 0.03225806451612903 dongzhenyu 7Сʱ_mousemovements
105.49496975 445.98831937499995 337.866913 442.3491106666667 0 552.201111 973.4511259999999 1872.978271 576.190346 432.277940625 155.02680066666667 188.97371175 141.81552173333333 205.89315928571426 287.7767096428571 131.92096066666667 0.03571428571428571 0.14285714285714285 0.05357142857142857 0.07142857142857142 0.26785714285714285 0.125 0.25 0.05357142857142857 56.31137350285714 33.21304466666667 351.870157 0.9259259259259259 0.015873015873015872 0.0582010582010582 0.7142857142857143 0.14285714285714285 0.017857142857142856 0.05357142857142857 0.0 0.017857142857142856 0.03571428571428571 0.017857142857142856 0.6263736263736264 0.21978021978021978 0.10989010989010989 0.016483516483516484 0.027472527472527472 dongzhenyu 7Сʱ_mousemovements
154.505553 260.5609436666667 470.99759275 566.4695585 330.992508 566.8502195 819.7656963333334 887.818024 510.17914833333333 325.59072475 401.9967365 143.55787650000002 293.487389375 272.18626342857146 362.37175260000004 425.25544120000006 0.07894736842105263 0.10526315789473684 0.10526315789473684 0.05263157894736842 0.21052631578947367 0.18421052631578946 0.13157894736842105 0.13157894736842105 88.48088239 78.243504 348.77483818181815 0.8771929824561403 0.02631578947368421 0.09649122807017543 0.5263157894736842 0.07894736842105263 0.10526315789473684 0.05263157894736842 0.05263157894736842 0.05263157894736842 0.07894736842105263 0.05263157894736842 0.6116504854368932 0.18446601941747573 0.10679611650485436 0.06796116504854369 0.02912621359223301 dongzhenyu 7Сʱ_mousemovements
409.3412065 296.9769033333333 246.989334 366.698242 357.723969 821.959229 0 1511.977295 730.9987233333331 366.698242 0 335.8208925 0 43.894791 112.4083825 826.8788266666667 0.21428571428571427 0.07142857142857142 0.0 0.2857142857142857 0.0 0.07142857142857142 0.14285714285714285 0.21428571428571427 151.50569794594597 76.57029750000001 297.8248663333334 0.8809523809523809 0.047619047619047616 0.07142857142857142 0.42857142857142855 0.21428571428571427 0.07142857142857142 0.07142857142857142 0.07142857142857142 0.07142857142857142 0.0 0.07142857142857142 0.6764705882352942 0.14705882352941177 0.058823529411764705 0.058823529411764705 0.058823529411764705 dongzhenyu 7Сʱ_mousemovements
149.2809106923077 584.92778 475.4177856666667 442.186768 882.0869546666667 687.317139 2664.8467105 0 1356.1240937999996 375.81554099999994 308.3187865 697.470703 545.8713713999999 349.5718158 131.551951 61.473003500000004 0.18518518518518517 0.1111111111111111 0.07407407407407407 0.07407407407407407 0.18518518518518517 0.18518518518518517 0.1111111111111111 0.07407407407407407 158.68560386111108 125.626648 462.5495847142857 0.8888888888888888 0.024691358024691357 0.08641975308641975 0.48148148148148145 0.1111111111111111 0.1111111111111111 0.037037037037037035 0.1111111111111111 0.07407407407407407 0.07407407407407407 0.0 0.6376811594202898 0.15942028985507245 0.11594202898550725 0.057971014492753624 0.028985507246376812 dongzhenyu 7Сʱ_mousemovements
331.6103515 574.995178 0 1194.252655 662.7756959999999 0 750.271545 0 1226.3817445 0 574.995178 730.286438 524.7946165 750.271545 0 144.638245 0.25 0.0 0.125 0.125 0.25 0.125 0.0 0.125 148.3322683076923 0 461.47628800000007 0.8666666666666667 0.0 0.13333333333333333 0.25 0.125 0.0 0.25 0.25 0.0 0.125 0.0 0.5357142857142857 0.21428571428571427 0.03571428571428571 0.17857142857142858 0.03571428571428571 dongzhenyu 7Сʱ_mousemovements
107.42909045652175 292.98139575 0 837.203125 819.047546 506.908752 964.548065 0 333.66184233333337 315.47581385714284 837.203125 0 83.16557966666664 235.12848549999998 111.99977983333332 209.48252259999998 0.05357142857142857 0.125 0.017857142857142856 0.0 0.32142857142857145 0.2857142857142857 0.10714285714285714 0.08928571428571429 68.73289842753621 30.771486333333332 206.78748585714285 0.9324324324324325 0.02027027027027027 0.0472972972972973 0.8214285714285714 0.07142857142857142 0.0 0.017857142857142856 0.03571428571428571 0.017857142857142856 0.03571428571428571 0.0 0.7253521126760564 0.16901408450704225 0.09859154929577464 0.0 0.007042253521126761 dongzhenyu 7Сʱ_mousemovements
275.573547 0 0 516.209961 0 0 0 0 0 275.573547 0 0 516.209961 0 0 0 0.0 0.5 0.0 0.0 0.5 0.0 0.0 0.0 34.446693375 0 516.209961 0.8888888888888888 0.0 0.1111111111111111 0.5 0.0 0.0 0.5 0.0 0.0 0.0 0.0 0.75 0.125 0.0 0.125 0.0 dongzhenyu 7Сʱ_mousemovements
102.76713339999999 0 0 0 0 0 568.375732 0 0 0 80.184647 568.375732 37.8859845 0 178.9395255 0 0.0 0.0 0.16666666666666666 0.16666666666666666 0.3333333333333333 0.0 0.3333333333333333 0.0 24.46836509523809 0 284.187866 0.9130434782608695 0.0 0.08695652173913043 0.8333333333333334 0.0 0.0 0.0 0.0 0.0 0.16666666666666666 0.0 0.85 0.15 0.0 0.0 0.0 dongzhenyu 7Сʱ_mousemovements
126.04401433333332 666.666687 522.030701 1227.868896 583.335754 0 0 5554.492188 1227.868896 279.9876044 0 314.300842 21.276596 583.335754 5554.492188 209.446014 0.09090909090909091 0.45454545454545453 0.0 0.09090909090909091 0.09090909090909091 0.09090909090909091 0.09090909090909091 0.09090909090909091 187.36165634883722 0 250.8214178 0.8958333333333334 0.0 0.10416666666666667 0.5454545454545454 0.09090909090909091 0.09090909090909091 0.09090909090909091 0.09090909090909091 0.0 0.0 0.09090909090909091 0.8372093023255814 0.06976744186046512 0.046511627906976744 0.046511627906976744 0.0 dongzhenyu 7Сʱ_mousemovements
77.61243325 1194.6645406666667 534.462311 636.9375 0 588.33905 0 0 1636.133301 612.638275 31.477985 0 282.647467 63.766206000000004 202.254242 163.282928 0.13333333333333333 0.13333333333333333 0.06666666666666667 0.0 0.3333333333333333 0.2 0.06666666666666667 0.06666666666666667 120.59131905128204 10.638298 357.07890380000003 0.8666666666666667 0.022222222222222223 0.1111111111111111 0.5333333333333333 0.2 0.13333333333333333 0.06666666666666667 0.0 0.06666666666666667 0.0 0.0 0.627906976744186 0.18604651162790697 0.09302325581395349 0.06976744186046512 0.023255813953488372 dongzhenyu 7Сʱ_mousemovements
76.12142311111113 0 717.664856 1402.7279965 0 0 0 0 2254.936279 10.752688 81.098602 210.60818733333335 109.96416500000001 88.388351 283.980787 79.35137950000001 0.047619047619047616 0.047619047619047616 0.047619047619047616 0.14285714285714285 0.47619047619047616 0.047619047619047616 0.09523809523809523 0.09523809523809523 79.33611196226414 20.885029 323.3612365 0.9298245614035088 0.03508771929824561 0.03508771929824561 0.8571428571428571 0.0 0.047619047619047616 0.09523809523809523 0.0 0.0 0.0 0.0 0.6666666666666666 0.21568627450980393 0.0392156862745098 0.058823529411764705 0.0196078431372549 dongzhenyu 7Сʱ_mousemovements
0 0 0 0 0 0 0 0 0 0 0 0 0 0 0 0 0 0 0 0 0 0 0 0 0 0 0 0 0 0 0 0 0 0 0 0 0 0 0 0 0 0 0 dongzhenyu 7Сʱ_mousemovements
0 0 0 0 0 0 0 0 0 0 0 0 0 0 0 0 0 0 0 0 0 0 0 0 0 0 0 0 0 0 0 0 0 0 0 0 0 0 0 0 0 0 0 dongzhenyu 7Сʱ_mousemovements
0 0 0 0 0 0 0 0 0 0 0 0 0 0 0 0 0 0 0 0 0 0 0 0 0 0 0 0 0 0 0 0 0 0 0 0 0 0 0 0 0 0 0 dongzhenyu 7Сʱ_mousemovements
0 0 0 0 0 0 0 0 0 0 0 0 0 0 0 0 0 0 0 0 0 0 0 0 0 0 0 0 0 0 0 0 0 0 0 0 0 0 0 0 0 0 0 dongzhenyu 7Сʱ_mousemovements
0 0 0 0 0 0 0 0 0 0 0 0 0 0 0 0 0 0 0 0 0 0 0 0 0 0 0 0 0 0 0 0 0 0 0 0 0 0 0 0 0 0 0 dongzhenyu 7Сʱ_mousemovements
0 0 0 0 0 0 0 0 0 0 0 0 0 0 0 0 0 0 0 0 0 0 0 0 0 0 0 0 0 0 0 0 0 0 0 0 0 0 0 0 0 0 0 dongzhenyu 7Сʱ_mousemovements
0 0 0 0 0 0 0 0 0 0 0 0 0 0 0 0 0 0 0 0 0 0 0 0 0 0 0 0 0 0 0 0 0 0 0 0 0 0 0 0 0 0 0 dongzhenyu 7Сʱ_mousemovements
0 0 0 0 0 0 0 0 0 0 0 0 0 0 0 0 0 0 0 0 0 0 0 0 0 0 0 0 0 0 0 0 0 0 0 0 0 0 0 0 0 0 0 dongzhenyu 7Сʱ_mousemovements
0 0 0 0 0 0 0 0 0 0 0 0 0 0 0 0 0 0 0 0 0 0 0 0 0 0 0 0 0 0 0 0 0 0 0 0 0 0 0 0 0 0 0 dongzhenyu 7Сʱ_mousemovements
0 0 0 0 0 0 0 0 0 0 0 0 0 0 0 0 0 0 0 0 0 0 0 0 0 0 0 0 0 0 0 0 0 0 0 0 0 0 0 0 0 0 0 dongzhenyu 7Сʱ_mousemovements
0 0 0 0 0 0 0 0 0 0 0 0 0 0 0 0 0 0 0 0 0 0 0 0 0 0 0 0 0 0 0 0 0 0 0 0 0 0 0 0 0 0 0 dongzhenyu 7Сʱ_mousemovements
0 10658.219727 0 0 0 0 0 0 0 0 0 0 0 10658.219727 0 0 0.0 0.0 0.0 0.0 0.0 1.0 0.0 0.0 2664.55493175 0 0 1.0 0.0 0.0 0.0 1.0 0.0 0.0 0.0 0.0 0.0 0.0 0.6666666666666666 0.3333333333333333 0.0 0.0 0.0 dongzhenyu 7Сʱ_mousemovements
89.28907828571428 0 2223.841797 0 0 0 0 539.079651 1381.460724 0 0 90.69824249999999 90.450476 0 0 86.1378175 0.2222222222222222 0.0 0.0 0.2222222222222222 0.3333333333333333 0.0 0.0 0.2222222222222222 147.73585804545456 0 137.756119 0.9565217391304348 0.0 0.043478260869565216 0.7777777777777778 0.0 0.1111111111111111 0.0 0.0 0.0 0.0 0.1111111111111111 0.75 0.2 0.05 0.0 0.0 dongzhenyu 7Сʱ_mousemovements
