187.63198242857143 908.7310915454545 2462.162007666667 4022.611816666667 2324.034424 4342.11377 0 1532.160278 2647.096436 1452.6616711428571 422.75483779999996 642.536176 1853.5551268000004 1490.924045625 91.09341599999999 2264.8865355000003 0.07894736842105263 0.18421052631578946 0.13157894736842105 0.15789473684210525 0.13157894736842105 0.21052631578947367 0.05263157894736842 0.05263157894736842 452.5968351682244 438.89328 97.19889 0.9224137931034483 0.017241379310344827 0.0603448275862069 0.3684210526315789 0.2894736842105263 0.15789473684210525 0.07894736842105263 0.05263157894736842 0.02631578947368421 0.0 0.02631578947368421 0.6517857142857143 0.19642857142857142 0.08928571428571429 0.044642857142857144 0.017857142857142856 dongzhenyu 4Сʱ_mousemovements
381.187548 1414.257926875 1884.11203 4164.634277 1833.997752 0 0 0 1267.804615 2373.1179606666665 1220.5007996 1384.324665 1260.317915 1207.805725 1693.67375175 2391.661377 0.14814814814814814 0.1111111111111111 0.18518518518518517 0.1111111111111111 0.14814814814814814 0.1111111111111111 0.14814814814814814 0.037037037037037035 563.8566222999999 0 161.42639860000003 0.9333333333333333 0.0 0.06666666666666667 0.3333333333333333 0.2962962962962963 0.14814814814814814 0.1111111111111111 0.1111111111111111 0.0 0.0 0.0 0.6056338028169014 0.29577464788732394 0.056338028169014086 0.04225352112676056 0.0 dongzhenyu 4Сʱ_mousemovements
0 0 0 0 0 0 0 0 0 0 0 0 0 0 0 0 0 0 0 0 0 0 0 0 0 0 0 0 0 0 0 0 0 0 0 0 0 0 0 0 0 0 0 dongzhenyu 4Сʱ_mousemovements
0 0 0 0 0 0 0 0 0 0 0 0 0 0 0 0 0 0 0 0 0 0 0 0 0 0 0 0 0 0 0 0 0 0 0 0 0 0 0 0 0 0 0 dongzhenyu 4Сʱ_mousemovements
0 0 0 0 0 0 0 0 0 0 0 0 0 0 0 0 0 0 0 0 0 0 0 0 0 0 0 0 0 0 0 0 0 0 0 0 0 0 0 0 0 0 0 dongzhenyu 4Сʱ_mousemovements
0 0 0 0 0 0 0 0 0 0 0 0 0 0 0 0 0 0 0 0 0 0 0 0 0 0 0 0 0 0 0 0 0 0 0 0 0 0 0 0 0 0 0 dongzhenyu 4Сʱ_mousemovements
349.197586 0 0 3333.005127 0 0 0 0 0 0 0 0 3333.005127 442.242554 256.152618 0 0.0 0.0 0.0 0.0 0.3333333333333333 0.3333333333333333 0.3333333333333333 0.0 403.1400299 0 0.0 0.9090909090909091 0.0 0.09090909090909091 0.6666666666666666 0.0 0.0 0.3333333333333333 0.0 0.0 0.0 0.0 0.7272727272727273 0.18181818181818182 0.09090909090909091 0.0 0.0 dongzhenyu 4Сʱ_mousemovements
206.1587548 1079.3563163636363 1886.477417 3586.4409180000002 4023.984131 5677.940918 0 0 2136.4515635000002 43.558544 323.643715 1880.760946 1888.219221 658.0109483333334 1131.778687 1870.474182 0.2727272727272727 0.045454545454545456 0.09090909090909091 0.13636363636363635 0.18181818181818182 0.13636363636363635 0.045454545454545456 0.09090909090909091 465.69160245714284 0 136.15182871428573 0.9090909090909091 0.0 0.09090909090909091 0.22727272727272727 0.5 0.09090909090909091 0.09090909090909091 0.045454545454545456 0.045454545454545456 0.0 0.0 0.7246376811594203 0.18840579710144928 0.07246376811594203 0.0 0.014492753623188406 dongzhenyu 4Сʱ_mousemovements
0 0 0 0 0 0 0 0 0 0 0 0 0 0 0 0 0 0 0 0 0 0 0 0 0 0 0 0 0 0 0 0 0 0 0 0 0 0 0 0 0 0 0 dongzhenyu 4Сʱ_mousemovements
439.0143585 1180.019751 1463.6596676666668 0 0 0 0 0 1878.953613 1256.0126950000001 844.3072510000001 0 272.547333 1204.2414092499998 0 0 0.1 0.2 0.2 0.0 0.1 0.4 0.0 0.0 558.45532375 0 0 1.0 0.0 0.0 0.2 0.5 0.3 0.0 0.0 0.0 0.0 0.0 0.42105263157894735 0.47368421052631576 0.10526315789473684 0.0 0.0 dongzhenyu 4Сʱ_mousemovements
237.78420563636362 935.5856782222223 676.7196146666666 3611.8283080000006 0 0 0 0 2274.479080333334 56.041878 104.74522366666666 1444.03418 990.620254 686.2433074 523.7722853333333 115.30806 0.2222222222222222 0.037037037037037035 0.1111111111111111 0.037037037037037035 0.25925925925925924 0.18518518518518517 0.1111111111111111 0.037037037037037035 341.3730535194805 174.8234025 146.3329193333333 0.9058823529411765 0.023529411764705882 0.07058823529411765 0.4074074074074074 0.3333333333333333 0.1111111111111111 0.14814814814814814 0.0 0.0 0.0 0.0 0.569620253164557 0.27848101265822783 0.08860759493670886 0.05063291139240506 0.012658227848101266 dongzhenyu 4Сʱ_mousemovements
87.06756266666667 856.0351485 0 890.7136535000001 0 6475.901367 0 0 4010.463623 114.8882445 0 1396.143555 276.164085 31.426199 0 0 0.25 0.25 0.0 0.125 0.25 0.125 0.0 0.0 355.7425328148148 0 156.38831825 0.8709677419354839 0.0 0.12903225806451613 0.375 0.25 0.0 0.25 0.0 0.125 0.0 0.0 0.5 0.26666666666666666 0.16666666666666666 0.03333333333333333 0.03333333333333333 dongzhenyu 4Сʱ_mousemovements
165.35173847058823 937.157918642857 2101.5713021428573 2810.942627 2844.6466065 0 0 0 1714.463745 696.4023939 881.5267043333333 499.714606 2679.0859883333337 420.87180257142865 875.274806857143 1616.9618886666667 0.04878048780487805 0.24390243902439024 0.14634146341463414 0.07317073170731707 0.07317073170731707 0.17073170731707318 0.17073170731707318 0.07317073170731707 305.9666868951613 0 85.89687107142858 0.8985507246376812 0.0 0.10144927536231885 0.4146341463414634 0.34146341463414637 0.17073170731707318 0.024390243902439025 0.04878048780487805 0.0 0.0 0.0 0.5703703703703704 0.25925925925925924 0.11851851851851852 0.037037037037037035 0.014814814814814815 dongzhenyu 4Сʱ_mousemovements
175.376640625 413.652153 1661.2792055 3728.0810545 0 0 0 0 1554.3825683333334 640.5432730000001 75.270975 0 1020.5071295714285 1463.639015 125.862137 0 0.15789473684210525 0.21052631578947367 0.10526315789473684 0.0 0.3684210526315789 0.10526315789473684 0.05263157894736842 0.0 313.9270166226415 349.82269299999996 58.69388849999999 0.8983050847457628 0.03389830508474576 0.06779661016949153 0.42105263157894735 0.2631578947368421 0.21052631578947367 0.10526315789473684 0.0 0.0 0.0 0.0 0.6428571428571429 0.16071428571428573 0.08928571428571429 0.08928571428571429 0.017857142857142856 dongzhenyu 4Сʱ_mousemovements
275.3289059 882.4608802 1453.297953 2331.122559 0 0 0 0 547.547546 1436.1240671666667 53.853046 163.606012 897.3399965 158.71587 508.8837785 0 0.05263157894736842 0.3157894736842105 0.05263157894736842 0.15789473684210525 0.10526315789473684 0.10526315789473684 0.21052631578947367 0.0 247.16299223636366 53.853046 52.19806475 0.9166666666666666 0.016666666666666666 0.06666666666666667 0.5263157894736842 0.2631578947368421 0.15789473684210525 0.05263157894736842 0.0 0.0 0.0 0.0 0.6 0.2545454545454545 0.07272727272727272 0.05454545454545454 0.01818181818181818 dongzhenyu 4Сʱ_mousemovements
155.03058750000002 1089.4039155 1959.0826354 4086.377197 3804.3572590000003 3804.594971 0 0 2381.7958983333333 2922.9938355 694.184344 879.7476959999999 230.05484950000005 1598.8843295714287 1738.2779466666668 0 0.08823529411764706 0.17647058823529413 0.14705882352941177 0.11764705882352941 0.17647058823529413 0.20588235294117646 0.08823529411764706 0.0 481.81089293 729.143188 70.029524 0.9174311926605505 0.009174311926605505 0.07339449541284404 0.34285714285714286 0.22857142857142856 0.2857142857142857 0.02857142857142857 0.08571428571428572 0.02857142857142857 0.0 0.0 0.594059405940594 0.297029702970297 0.07920792079207921 0.009900990099009901 0.019801980198019802 dongzhenyu 4Сʱ_mousemovements
249.6241268571428 924.5540198571431 1018.433941 2415.0201292 2962.34668 4089.007568 0 0 1179.195089 967.9208375 0 1614.0730182000002 796.3922571428573 268.05703825 1315.4672402499998 753.907393 0.08108108108108109 0.16216216216216217 0.0 0.13513513513513514 0.1891891891891892 0.10810810810810811 0.21621621621621623 0.10810810810810811 265.8602932043796 68.39306516666667 96.07478375000001 0.9072847682119205 0.039735099337748346 0.052980132450331126 0.3783783783783784 0.3783783783783784 0.05405405405405406 0.13513513513513514 0.02702702702702703 0.02702702702702703 0.0 0.0 0.5182481751824818 0.34306569343065696 0.051094890510948905 0.06569343065693431 0.021897810218978103 dongzhenyu 4Сʱ_mousemovements
267.263668375 694.3850002500001 1865.668230285714 1948.6250659999998 0 4622.624023 0 686.80426 4622.624023 603.4185688888888 1336.857837 31.239447 630.831756625 1534.9151178333334 121.8376265 0 0.03125 0.28125 0.15625 0.03125 0.25 0.1875 0.0625 0.0 399.1522281428572 31.239447 167.59292466666668 0.9506172839506173 0.012345679012345678 0.037037037037037035 0.5 0.125 0.21875 0.09375 0.0 0.03125 0.0 0.03125 0.647887323943662 0.22535211267605634 0.056338028169014086 0.056338028169014086 0.014084507042253521 dongzhenyu 4Сʱ_mousemovements
159.09238025 772.5184555000001 1985.8343505000003 3304.387939 0 0 0 0 0 0 132.124466 728.8714658 0 57.422928 3304.387939 2319.17041 0.0 0.0 0.1111111111111111 0.5555555555555556 0.0 0.1111111111111111 0.1111111111111111 0.1111111111111111 353.51308792307697 0 88.70759533333334 0.896551724137931 0.0 0.10344827586206896 0.4444444444444444 0.2222222222222222 0.2222222222222222 0.1111111111111111 0.0 0.0 0.0 0.0 0.6428571428571429 0.25 0.07142857142857142 0.0 0.03571428571428571 dongzhenyu 4Сʱ_mousemovements
445.9237445 1562.9736346666666 3458.9248859999993 0 3639.9799805000002 0 5510.063477 0 2943.0872799999997 2043.7233414999998 0 0 1616.7600503333333 1371.4709321 0 0 0.08695652173913043 0.34782608695652173 0.0 0.0 0.13043478260869565 0.43478260869565216 0.0 0.0 660.6644607377048 0 100.0837318 0.9242424242424242 0.0 0.07575757575757576 0.34782608695652173 0.391304347826087 0.13043478260869565 0.0 0.08695652173913043 0.0 0.043478260869565216 0.0 0.6935483870967742 0.22580645161290322 0.04838709677419355 0.03225806451612903 0.0 dongzhenyu 4Сʱ_mousemovements
0 0 0 0 0 0 0 0 0 0 0 0 0 0 0 0 0 0 0 0 0 0 0 0 0 0 0 0 0 0 0 0 0 0 0 0 0 0 0 0 0 0 0 dongzhenyu 4Сʱ_mousemovements
228.65495441666664 1286.700698875 1850.8645327499999 2847.829102 2625.565186 1286.863647 0 0 1745.5651856666666 906.7444271428573 1385.285767 1512.1874695000001 1347.5843505 1348.831772 410.40124014285715 244.309387 0.1111111111111111 0.25925925925925924 0.037037037037037035 0.07407407407407407 0.07407407407407407 0.14814814814814814 0.25925925925925924 0.037037037037037035 336.10681289873423 0 81.092861375 0.9080459770114943 0.0 0.09195402298850575 0.4444444444444444 0.2962962962962963 0.14814814814814814 0.037037037037037035 0.037037037037037035 0.037037037037037035 0.0 0.0 0.6049382716049383 0.30864197530864196 0.06172839506172839 0.024691358024691357 0.0 dongzhenyu 4Сʱ_mousemovements
334.1389465 0 1397.39502 0 1413.369385 0 0 0 0 1397.39502 399.459869 0 268.818024 0 0 1413.369385 0.0 0.25 0.25 0.0 0.25 0.0 0.0 0.25 217.44014362500002 0 0 1.0 0.0 0.0 0.5 0.0 0.25 0.0 0.25 0.0 0.0 0.0 0.6153846153846154 0.3076923076923077 0.07692307692307693 0.0 0.0 dongzhenyu 4Сʱ_mousemovements
273.78966437500003 1307.3238831666667 2139.9131106 2189.48815925 2983.0732424999997 0 0 0 0 1647.2101936666668 1775.6837047500003 1305.322266 302.06145475 1671.203667 1267.041391 2938.3396 0.0 0.24 0.16 0.04 0.16 0.16 0.2 0.04 500.8442790857142 0 79.7651506 0.9333333333333333 0.0 0.06666666666666667 0.32 0.24 0.2 0.16 0.08 0.0 0.0 0.0 0.6338028169014085 0.2676056338028169 0.028169014084507043 0.04225352112676056 0.028169014084507043 dongzhenyu 4Сʱ_mousemovements
204.10667520000004 773.2053264545456 3341.498779 2894.552002 3441.689209 0 0 0 0 1911.724228 529.1885530000001 137.670975 353.498179 1255.5991185 1020.968628 736.396667 0.0 0.2222222222222222 0.1111111111111111 0.05555555555555555 0.16666666666666666 0.3333333333333333 0.05555555555555555 0.05555555555555555 339.2032171090909 0 91.22583600000002 0.9016393442622951 0.0 0.09836065573770492 0.2631578947368421 0.5789473684210527 0.05263157894736842 0.05263157894736842 0.05263157894736842 0.0 0.0 0.0 0.6727272727272727 0.2 0.05454545454545454 0.07272727272727272 0.0 dongzhenyu 4Сʱ_mousemovements
0 0 0 0 0 0 0 0 0 0 0 0 0 0 0 0 0 0 0 0 0 0 0 0 0 0 0 0 0 0 0 0 0 0 0 0 0 0 0 0 0 0 0 dongzhenyu 4Сʱ_mousemovements
109.02774333333332 1004.0154158571429 2140.1208678 0 0 3247.094482 0 0 212.834641 1774.7115391428572 141.552662 0 0 1660.2668547999997 82.634949 0 0.0625 0.4375 0.125 0.0 0.0 0.3125 0.0625 0.0 472.85916240909086 0 124.271704 0.9166666666666666 0.0 0.08333333333333333 0.1875 0.4375 0.3125 0.0 0.0 0.0625 0.0 0.0 0.5777777777777777 0.26666666666666666 0.044444444444444446 0.1111111111111111 0.0 dongzhenyu 4Сʱ_mousemovements
41.292546705882344 1215.91215 1847.6492513333333 3190.9226685000003 3423.8188475 0 0 6850.183594 3429.640657 774.4400893999999 1302.266357 1037.3498953333335 28.7803215 1724.6288331666665 745.72640075 1745.4393083333334 0.0625 0.15625 0.03125 0.28125 0.0625 0.1875 0.125 0.09375 298.12035677099243 7.2776575 113.059153625 0.903448275862069 0.041379310344827586 0.05517241379310345 0.5151515151515151 0.18181818181818182 0.09090909090909091 0.12121212121212122 0.06060606060606061 0.0 0.0 0.030303030303030304 0.6102941176470589 0.2426470588235294 0.08088235294117647 0.0661764705882353 0.0 dongzhenyu 4Сʱ_mousemovements
37.209739437500005 1501.72288 2633.950276666667 0 0 0 0 0 571.2503849999999 89.2414915 1259.617645 5.231038 1053.92397175 8.068872 0 59.5260795 0.15789473684210525 0.10526315789473684 0.10526315789473684 0.05263157894736842 0.42105263157894735 0.05263157894736842 0.0 0.10526315789473684 130.79790620618556 4.313418666666667 92.05254366666666 0.8899082568807339 0.08256880733944955 0.027522935779816515 0.7272727272727273 0.13636363636363635 0.13636363636363635 0.0 0.0 0.0 0.0 0.0 0.43 0.33 0.11 0.09 0.04 dongzhenyu 4Сʱ_mousemovements
106.5748462 0 0 0 0 0 0 0 0 11.764706 0 0 0 459.236237 45.27919 12.820513 0.0 0.25 0.0 0.0 0.0 0.25 0.25 0.25 38.06244507142857 0 0 1.0 0.0 0.0 1.0 0.0 0.0 0.0 0.0 0.0 0.0 0.0 0.7692307692307693 0.0 0.07692307692307693 0.07692307692307693 0.07692307692307693 dongzhenyu 4Сʱ_mousemovements
0 0 0 0 0 0 0 0 0 0 0 0 0 0 0 0 0 0 0 0 0 0 0 0 0 0 0 0 0 0 0 0 0 0 0 0 0 0 0 0 0 0 0 dongzhenyu 4Сʱ_mousemovements
121.25403192307695 1119.1431256666667 2453.242030428571 3350.46627825 4217.159668 0 0 974.267456 1576.2575530000001 2257.7651236363636 200.794373 523.1203 409.766346 1538.0070979999998 17.64050675 75.025368 0.05714285714285714 0.3142857142857143 0.02857142857142857 0.02857142857142857 0.11428571428571428 0.3142857142857143 0.11428571428571428 0.02857142857142857 469.0236224226803 0 213.2539578888889 0.9150943396226415 0.0 0.08490566037735849 0.37142857142857144 0.2571428571428571 0.2 0.11428571428571428 0.02857142857142857 0.0 0.0 0.02857142857142857 0.7171717171717171 0.1717171717171717 0.06060606060606061 0.030303030303030304 0.020202020202020204 dongzhenyu 4Сʱ_mousemovements
320.27258971428574 1035.4556665555554 1382.1958849999999 2364.3707276 3866.037842 0 0 0 2003.815186 1482.348841 1212.42864625 737.2667133333333 1501.1047365 1283.618276 1238.74469 45.520447 0.038461538461538464 0.3076923076923077 0.15384615384615385 0.11538461538461539 0.07692307692307693 0.11538461538461539 0.15384615384615385 0.038461538461538464 446.9973503970589 1273.496948 184.72789533333335 0.9066666666666666 0.013333333333333334 0.08 0.2692307692307692 0.34615384615384615 0.15384615384615385 0.19230769230769232 0.038461538461538464 0.0 0.0 0.0 0.6428571428571429 0.24285714285714285 0.04285714285714286 0.07142857142857142 0.0 dongzhenyu 4Сʱ_mousemovements
247.9884034 1194.442314 817.710449 2690.9868165 0 4074.489014 0 0 0 1385.8216606666665 530.6158826666667 0 1254.5894314999998 2071.134762 1297.0411173333334 0 0.0 0.23076923076923078 0.23076923076923078 0.0 0.15384615384615385 0.15384615384615385 0.23076923076923078 0.0 388.6928234634147 0 88.86965175 0.9111111111111111 0.0 0.08888888888888889 0.38461538461538464 0.3076923076923077 0.07692307692307693 0.15384615384615385 0.0 0.07692307692307693 0.0 0.0 0.5714285714285714 0.2619047619047619 0.07142857142857142 0.09523809523809523 0.0 dongzhenyu 4Сʱ_mousemovements
159.59636663636363 717.5450577333335 2692.83831775 2085.438944666667 4102.23229975 3469.248291 0 0 691.947083 1593.6373222 959.2963746000001 306.237518 2197.4228212499997 1955.7992553333331 192.80232816666668 72.422623 0.02631578947368421 0.2631578947368421 0.13157894736842105 0.02631578947368421 0.10526315789473684 0.23684210526315788 0.15789473684210525 0.05263157894736842 399.99441772268915 0 121.68318566666667 0.8880597014925373 0.0 0.11194029850746269 0.2894736842105263 0.39473684210526316 0.10526315789473684 0.07894736842105263 0.10526315789473684 0.02631578947368421 0.0 0.0 0.5725190839694656 0.2748091603053435 0.061068702290076333 0.07633587786259542 0.015267175572519083 dongzhenyu 4Сʱ_mousemovements
238.67488939999998 0 0 0 0 0 0 0 50.842121 100.585953 0 0 12.206993 100.996521 928.742859 0 0.2 0.2 0.0 0.0 0.2 0.2 0.2 0.0 40.02153707407407 0 37.597648666666664 0.9 0.0 0.1 1.0 0.0 0.0 0.0 0.0 0.0 0.0 0.0 0.4827586206896552 0.3103448275862069 0.034482758620689655 0.13793103448275862 0.034482758620689655 dongzhenyu 4Сʱ_mousemovements
260.552447 1853.4926096666666 2236.5338135 2724.2723997499997 3119.308594 0 0 0 1076.4096476666666 1718.3543564000004 1039.0815583333333 137.663792 3.205128 1593.7334375 2196.900635 2312.952148 0.125 0.20833333333333334 0.125 0.08333333333333333 0.041666666666666664 0.3333333333333333 0.041666666666666664 0.041666666666666664 413.50396658441565 72.8929698 272.228119 0.927710843373494 0.060240963855421686 0.012048192771084338 0.4583333333333333 0.25 0.08333333333333333 0.16666666666666666 0.041666666666666664 0.0 0.0 0.0 0.68 0.14666666666666667 0.08 0.06666666666666667 0.02666666666666667 dongzhenyu 4Сʱ_mousemovements
0 0 0 0 0 0 0 0 0 0 0 0 0 0 0 0 0 0 0 0 0 0 0 0 0 0 0 0 0 0 0 0 0 0 0 0 0 0 0 0 0 0 0 dongzhenyu 4Сʱ_mousemovements
0 0 0 0 0 0 0 0 0 0 0 0 0 0 0 0 0 0 0 0 0 0 0 0 0 0 0 0 0 0 0 0 0 0 0 0 0 0 0 0 0 0 0 dongzhenyu 4Сʱ_mousemovements
55.335083 440.656464 0 2289.230713 0 0 0 0 0 55.335083 0 440.656464 2289.230713 0 0 0 0.0 0.3333333333333333 0.0 0.3333333333333333 0.3333333333333333 0.0 0.0 0.0 303.32079744444445 0 55.335083 0.9 0.0 0.1 0.3333333333333333 0.3333333333333333 0.0 0.3333333333333333 0.0 0.0 0.0 0.0 0.6666666666666666 0.2222222222222222 0.1111111111111111 0.0 0.0 dongzhenyu 4Сʱ_mousemovements
381.31949311111106 198.693451 1338.6325318 3624.671582 0 0 0 0 198.693451 3139.800008333333 2935.267781666667 208.1844865 1474.249664 898.48053 587.0404474 941.5471896666667 0.09523809523809523 0.14285714285714285 0.14285714285714285 0.09523809523809523 0.09523809523809523 0.047619047619047616 0.23809523809523808 0.14285714285714285 457.15766356896563 1074.621216 176.00286766666667 0.8923076923076924 0.015384615384615385 0.09230769230769231 0.42857142857142855 0.09523809523809523 0.23809523809523808 0.23809523809523808 0.0 0.0 0.0 0.0 0.5714285714285714 0.31746031746031744 0.047619047619047616 0.031746031746031744 0.031746031746031744 dongzhenyu 4Сʱ_mousemovements
0 0 0 0 0 0 0 0 0 0 0 0 0 0 0 0 0 0 0 0 0 0 0 0 0 0 0 0 0 0 0 0 0 0 0 0 0 0 0 0 0 0 0 dongzhenyu 4Сʱ_mousemovements
122.64556420000001 918.001465 1585.225779333333 2580.610352 3448.074219 0 0 0 0 0 1506.4316024999998 0 0 2352.5158695 191.6499785 1162.401827 0.0 0.0 0.3333333333333333 0.0 0.0 0.16666666666666666 0.16666666666666666 0.3333333333333333 445.3402880588235 25.641026 198.81819800000002 0.8947368421052632 0.02631578947368421 0.07894736842105263 0.4166666666666667 0.08333333333333333 0.25 0.08333333333333333 0.16666666666666666 0.0 0.0 0.0 0.5675675675675675 0.24324324324324326 0.10810810810810811 0.05405405405405406 0.02702702702702703 dongzhenyu 4Сʱ_mousemovements
0 0 0 0 0 0 0 0 0 0 0 0 0 0 0 0 0 0 0 0 0 0 0 0 0 0 0 0 0 0 0 0 0 0 0 0 0 0 0 0 0 0 0 dongzhenyu 4Сʱ_mousemovements
404.464882 355.680176 0 2759.9846495 0 6458.859863 0 0 5539.7185055 732.045044 0 0 899.392151 216.28244800000002 0 0 0.3333333333333333 0.16666666666666666 0.0 0.0 0.16666666666666666 0.3333333333333333 0.0 0.0 933.325313 0 76.88472 0.9333333333333333 0.0 0.06666666666666667 0.3333333333333333 0.16666666666666666 0.0 0.3333333333333333 0.0 0.16666666666666666 0.0 0.0 0.5333333333333333 0.3333333333333333 0.13333333333333333 0.0 0.0 dongzhenyu 4Сʱ_mousemovements
172.43345266666668 1050.6763306666664 1890.123901 3507.715088 0 0 0 0 0 1786.034714 0 1167.308838 661.5733846666667 910.25177 64.80748349999999 0 0.0 0.18181818181818182 0.0 0.09090909090909091 0.2727272727272727 0.2727272727272727 0.18181818181818182 0.0 326.6779274827586 0 55.404399999999995 0.9354838709677419 0.0 0.06451612903225806 0.5454545454545454 0.2727272727272727 0.09090909090909091 0.09090909090909091 0.0 0.0 0.0 0.0 0.7241379310344828 0.1724137931034483 0.0 0.10344827586206896 0.0 dongzhenyu 4Сʱ_mousemovements
0 0 0 0 0 0 0 0 0 0 0 0 0 0 0 0 0 0 0 0 0 0 0 0 0 0 0 0 0 0 0 0 0 0 0 0 0 0 0 0 0 0 0 dongzhenyu 4Сʱ_mousemovements
0 0 0 0 0 0 0 0 0 0 0 0 0 0 0 0 0 0 0 0 0 0 0 0 0 0 0 0 0 0 0 0 0 0 0 0 0 0 0 0 0 0 0 dongzhenyu 4Сʱ_mousemovements
0 0 0 0 0 0 0 0 0 0 0 0 0 0 0 0 0 0 0 0 0 0 0 0 0 0 0 0 0 0 0 0 0 0 0 0 0 0 0 0 0 0 0 dongzhenyu 4Сʱ_mousemovements
0 0 0 0 0 0 0 0 0 0 0 0 0 0 0 0 0 0 0 0 0 0 0 0 0 0 0 0 0 0 0 0 0 0 0 0 0 0 0 0 0 0 0 dongzhenyu 4Сʱ_mousemovements
0 0 0 0 0 0 0 0 0 0 0 0 0 0 0 0 0 0 0 0 0 0 0 0 0 0 0 0 0 0 0 0 0 0 0 0 0 0 0 0 0 0 0 dongzhenyu 4Сʱ_mousemovements
0 0 0 0 0 0 0 0 0 0 0 0 0 0 0 0 0 0 0 0 0 0 0 0 0 0 0 0 0 0 0 0 0 0 0 0 0 0 0 0 0 0 0 dongzhenyu 4Сʱ_mousemovements
0 0 0 0 0 0 0 0 0 0 0 0 0 0 0 0 0 0 0 0 0 0 0 0 0 0 0 0 0 0 0 0 0 0 0 0 0 0 0 0 0 0 0 dongzhenyu 4Сʱ_mousemovements
0 0 0 0 0 0 0 0 0 0 0 0 0 0 0 0 0 0 0 0 0 0 0 0 0 0 0 0 0 0 0 0 0 0 0 0 0 0 0 0 0 0 0 dongzhenyu 4Сʱ_mousemovements
469.79533485714285 1796.5543899166667 2361.723802444444 1779.6552425 0 2785.55542 0 0 0 1710.4094898333333 0 0 1722.54241575 1588.5575990000002 2190.633911 0 0.0 0.3870967741935484 0.0 0.0 0.12903225806451613 0.41935483870967744 0.06451612903225806 0.0 638.8504642469137 0 140.1425092 0.9418604651162791 0.0 0.05813953488372093 0.22580645161290322 0.3870967741935484 0.2903225806451613 0.06451612903225806 0.0 0.03225806451612903 0.0 0.0 0.7317073170731707 0.15853658536585366 0.06097560975609756 0.036585365853658534 0.012195121951219513 dongzhenyu 4Сʱ_mousemovements
224.31034221428575 952.6303502727274 1706.6763915 3072.950073 0 0 0 0 0 1248.1984446153847 951.8400873333334 797.475128 47.823222 1197.9179944545454 480.35800399999994 0 0.0 0.35135135135135137 0.08108108108108109 0.05405405405405406 0.05405405405405406 0.2972972972972973 0.16216216216216217 0.0 272.108133908397 0 98.81476358333333 0.916083916083916 0.0 0.08391608391608392 0.3783783783783784 0.2972972972972973 0.2702702702702703 0.05405405405405406 0.0 0.0 0.0 0.0 0.6976744186046512 0.14728682170542637 0.07751937984496124 0.06976744186046512 0.007751937984496124 dongzhenyu 4Сʱ_mousemovements
264.23285164285716 1119.6959751428572 1739.6640626666667 2394.487061 1307.805054 0 0 0 0 1319.9904374 474.20340580000004 1144.1069945 161.445328 685.2419835 337.9783556666667 978.1001377499999 0.0 0.19230769230769232 0.19230769230769232 0.07692307692307693 0.038461538461538464 0.23076923076923078 0.11538461538461539 0.15384615384615385 244.20580324675328 456.3840825 92.72512962500001 0.8850574712643678 0.022988505747126436 0.09195402298850575 0.5384615384615384 0.2692307692307692 0.11538461538461539 0.038461538461538464 0.038461538461538464 0.0 0.0 0.0 0.5301204819277109 0.3493975903614458 0.04819277108433735 0.060240963855421686 0.012048192771084338 dongzhenyu 4Сʱ_mousemovements
232.1423812 1322.4238325714284 2739.589192333333 3700.029907 0 0 0 0 1108.2513425 1992.8222569999998 3134.387085 0 651.6268876 788.430679 624.8806832 0 0.09090909090909091 0.22727272727272727 0.09090909090909091 0.0 0.22727272727272727 0.13636363636363635 0.22727272727272727 0.0 508.8805332264151 0 56.6374425 0.9298245614035088 0.0 0.07017543859649122 0.45454545454545453 0.3181818181818182 0.13636363636363635 0.09090909090909091 0.0 0.0 0.0 0.0 0.4807692307692308 0.3269230769230769 0.11538461538461539 0.057692307692307696 0.019230769230769232 dongzhenyu 4Сʱ_mousemovements
565.7236583333334 196.688431 1689.770874 2590.811035 3215.1188965 0 0 0 110.028786 1401.4011365 0 2590.811035 0 2149.1173705 0 0 0.125 0.5 0.0 0.125 0.0 0.25 0.0 0.0 474.3377254230769 0 135.9491235 0.9285714285714286 0.0 0.07142857142857142 0.375 0.125 0.125 0.125 0.25 0.0 0.0 0.0 0.84 0.0 0.04 0.08 0.04 dongzhenyu 4Сʱ_mousemovements
0 0 0 0 0 0 0 0 0 0 0 0 0 0 0 0 0 0 0 0 0 0 0 0 0 0 0 0 0 0 0 0 0 0 0 0 0 0 0 0 0 0 0 dongzhenyu 4Сʱ_mousemovements
