217.73732514285717 260.78576275 333.028366 0 759.916687 827.8822815999999 986.1506146666666 623.8767089999999 262.6218058 527.9455445714286 656.3121034999999 350.474475 266.14344220000004 531.145294 422.2035524285714 393.01197579999996 0.13157894736842105 0.18421052631578946 0.05263157894736842 0.13157894736842105 0.13157894736842105 0.05263157894736842 0.18421052631578946 0.13157894736842105 100.27360073553717 388.42420599999997 232.09318455555558 0.9097744360902256 0.022556390977443608 0.06766917293233082 0.5526315789473685 0.10526315789473684 0.05263157894736842 0.0 0.02631578947368421 0.13157894736842105 0.07894736842105263 0.05263157894736842 0.5089285714285714 0.25892857142857145 0.08035714285714286 0.10714285714285714 0.044642857142857144 leishengchuan 10Сʱ_mousemovements
152.07235595238095 436.9091245 535.6061403333333 332.66679775 2214.6223755 409.2940215 0 0 319.326111 583.607174 199.74488860000002 1163.5673655 225.3815996666667 262.033235 217.2419967857143 387.993815 0.05555555555555555 0.05555555555555555 0.1388888888888889 0.1111111111111111 0.08333333333333333 0.08333333333333333 0.3888888888888889 0.08333333333333333 128.60818271739132 92.14482171428573 108.25130283333333 0.8761904761904762 0.06666666666666667 0.05714285714285714 0.5833333333333334 0.1111111111111111 0.08333333333333333 0.1111111111111111 0.05555555555555555 0.05555555555555555 0.0 0.0 0.5543478260869565 0.25 0.08695652173913043 0.07608695652173914 0.03260869565217391 leishengchuan 10Сʱ_mousemovements
128.76457283333335 314.67229899999995 318.574421 661.7756880000001 890.6666565 291.324188 0 0 367.43924699999997 165.55612772727272 250.96311933333334 296.0090732 173.3731385 415.19017500000007 243.79215155555553 527.4537633333333 0.07142857142857142 0.2619047619047619 0.07142857142857142 0.11904761904761904 0.09523809523809523 0.09523809523809523 0.21428571428571427 0.07142857142857142 88.53138849107143 101.64995633333335 118.51648866666665 0.9032258064516129 0.024193548387096774 0.07258064516129033 0.5714285714285714 0.16666666666666666 0.09523809523809523 0.09523809523809523 0.047619047619047616 0.023809523809523808 0.0 0.0 0.5283018867924528 0.2358490566037736 0.08490566037735849 0.07547169811320754 0.07547169811320754 leishengchuan 10Сʱ_mousemovements
0 0 0 2125.712891 0 2447.810303 0 0 0 2125.712891 0 0 0 2447.810303 0 0 0.0 0.5 0.0 0.0 0.0 0.5 0.0 0.0 762.2538656666667 0 0 1.0 0.0 0.0 0.0 0.0 0.0 0.5 0.0 0.5 0.0 0.0 0.6666666666666666 0.3333333333333333 0.0 0.0 0.0 leishengchuan 10Сʱ_mousemovements
0 0 0 0 0 0 0 0 0 0 0 0 0 0 0 0 0 0 0 0 0 0 0 0 0 0 0 0 0 0 0 0 0 0 0 0 0 0 0 0 0 0 0 leishengchuan 10Сʱ_mousemovements
0 0 0 0 0 0 0 0 0 0 0 0 0 0 0 0 0 0 0 0 0 0 0 0 0 0 0 0 0 0 0 0 0 0 0 0 0 0 0 0 0 0 0 leishengchuan 10Сʱ_mousemovements
0 0 0 0 0 0 0 0 0 0 0 0 0 0 0 0 0 0 0 0 0 0 0 0 0 0 0 0 0 0 0 0 0 0 0 0 0 0 0 0 0 0 0 leishengchuan 10Сʱ_mousemovements
0 0 0 0 0 0 0 0 0 0 0 0 0 0 0 0 0 0 0 0 0 0 0 0 0 0 0 0 0 0 0 0 0 0 0 0 0 0 0 0 0 0 0 leishengchuan 10Сʱ_mousemovements
0 0 0 0 0 0 0 0 0 0 0 0 0 0 0 0 0 0 0 0 0 0 0 0 0 0 0 0 0 0 0 0 0 0 0 0 0 0 0 0 0 0 0 leishengchuan 10Сʱ_mousemovements
110.96104436363636 556.2455975 364.819084 1443.7102280000001 1429.848022 9180.603516 0 0 2569.49869925 73.51557914285715 168.919979 270.4810438 10.638298 301.70145049999996 789.3718751428571 721.3342674999999 0.125 0.21875 0.0625 0.15625 0.03125 0.125 0.21875 0.0625 248.90952222891565 4.537222 0.0 0.9651162790697675 0.023255813953488372 0.011627906976744186 0.6875 0.0625 0.0625 0.125 0.03125 0.03125 0.0 0.0 0.6351351351351351 0.22972972972972974 0.10810810810810811 0.013513513513513514 0.013513513513513514 leishengchuan 10Сʱ_mousemovements
170.88000109090908 757.7280016666667 341.77378475 221.361496 695.3627015 638.372803 701.2485655 746.301453 157.1238605 290.54381611111114 565.9668704 295.0370813333334 346.2071155 467.91207525 299.714078375 160.10727716666665 0.12 0.18 0.1 0.12 0.04 0.16 0.16 0.12 85.33575573793101 54.055011666666665 262.7624503076923 0.9006211180124224 0.018633540372670808 0.08074534161490683 0.66 0.12 0.08 0.02 0.04 0.02 0.04 0.02 0.5319148936170213 0.24822695035460993 0.10638297872340426 0.0851063829787234 0.028368794326241134 leishengchuan 10Сʱ_mousemovements
122.01198239999998 170.39949566666667 589.1760763333333 0 712.8114378 0 575.158813 607.302734 128.2319985 178.25851416666669 293.5769162857143 282.868948875 91.43383750000001 263.1448785 407.930768 294.8339702 0.05128205128205128 0.15384615384615385 0.1794871794871795 0.20512820512820512 0.05128205128205128 0.05128205128205128 0.1794871794871795 0.1282051282051282 83.7293423818182 43.8916122 139.2402247777778 0.8870967741935484 0.04032258064516129 0.07258064516129033 0.6410256410256411 0.07692307692307693 0.07692307692307693 0.0 0.1282051282051282 0.0 0.02564102564102564 0.05128205128205128 0.5660377358490566 0.19811320754716982 0.09433962264150944 0.09433962264150944 0.04716981132075472 leishengchuan 10Сʱ_mousemovements
177.54031523809525 227.7031096666667 493.83481625 334.47052 0 2978.327148 731.091736 1211.20813 346.46999099999994 644.5512725 78.134451 59.789841499999994 67.159412 387.0702105 10.638298 427.149384 0.09375 0.3125 0.09375 0.0625 0.125 0.25 0.03125 0.03125 73.69065192857143 48.59652500000001 294.79546881818175 0.8888888888888888 0.023809523809523808 0.0873015873015873 0.65625 0.09375 0.125 0.03125 0.0 0.03125 0.03125 0.03125 0.584070796460177 0.20353982300884957 0.07079646017699115 0.07964601769911504 0.061946902654867256 leishengchuan 10Сʱ_mousemovements
184.21281216666668 790.6348266666665 498.03283816666664 503.01281733333326 0 0 0 1849.723022 0 515.30957 1849.723022 426.062615 198.941212 0 399.363603 348.4852237500001 0.0 0.04 0.04 0.28 0.08 0.0 0.24 0.32 129.31850809589042 578.384216 113.84767775 0.8902439024390244 0.012195121951219513 0.0975609756097561 0.48 0.12 0.24 0.12 0.0 0.0 0.0 0.04 0.6712328767123288 0.1643835616438356 0.1095890410958904 0.0273972602739726 0.0273972602739726 leishengchuan 10Сʱ_mousemovements
118.09333299999999 0 0 0 0 0 0 0 0 0 133.003403 0 110.638298 0 0 0 0.0 0.0 0.3333333333333333 0.0 0.6666666666666666 0.0 0.0 0.0 59.04666649999999 0 0 1.0 0.0 0.0 1.0 0.0 0.0 0.0 0.0 0.0 0.0 0.0 1.0 0.0 0.0 0.0 0.0 leishengchuan 10Сʱ_mousemovements
0 0 0 0 0 0 0 0 0 0 0 0 0 0 0 0 0 0 0 0 0 0 0 0 0 0 0 0 0 0 0 0 0 0 0 0 0 0 0 0 0 0 0 leishengchuan 10Сʱ_mousemovements
193.26234866666667 0 686.771484 0 168.898449 0 0 0 138.468413 482.873093 46.002642 0 0 686.771484 24.214281 0 0.3333333333333333 0.2222222222222222 0.2222222222222222 0.0 0.0 0.1111111111111111 0.1111111111111111 0.0 74.09412655172414 35.412804 0 0.9666666666666667 0.03333333333333333 0.0 0.6666666666666666 0.0 0.1111111111111111 0.0 0.2222222222222222 0.0 0.0 0.0 0.6 0.15 0.1 0.1 0.05 leishengchuan 10Сʱ_mousemovements
172.63957745833332 857.84748825 374.33462125 684.907489875 396.31365949999997 956.2495115 0 695.5915219999999 136.0529195 330.30576030769237 316.3372774285714 528.2197444999999 511.601982 374.97738244444446 731.7432249999999 424.402607 0.043478260869565216 0.2826086956521739 0.15217391304347827 0.08695652173913043 0.043478260869565216 0.1956521739130435 0.10869565217391304 0.08695652173913043 141.1963394424779 155.13715733333336 176.16383009999998 0.875968992248062 0.046511627906976744 0.07751937984496124 0.5217391304347826 0.08695652173913043 0.08695652173913043 0.17391304347826086 0.043478260869565216 0.043478260869565216 0.0 0.043478260869565216 0.5315315315315315 0.23423423423423423 0.12612612612612611 0.05405405405405406 0.05405405405405406 leishengchuan 10Сʱ_mousemovements
98.44202963636363 427.97586062499994 416.87888100000004 441.2924654 0 0 0 858.375992 138.65653358333336 265.9666322857143 188.71537416666663 255.922764625 176.4761545 413.7759285714286 194.71541066666668 315.011417 0.2222222222222222 0.12962962962962962 0.1111111111111111 0.14814814814814814 0.07407407407407407 0.12962962962962962 0.05555555555555555 0.12962962962962962 79.06284161437908 10.638298 109.95871055555556 0.9386503067484663 0.006134969325153374 0.05521472392638037 0.6111111111111112 0.14814814814814814 0.1111111111111111 0.09259259259259259 0.0 0.0 0.0 0.037037037037037035 0.5454545454545454 0.2097902097902098 0.11888111888111888 0.09090909090909091 0.03496503496503497 leishengchuan 10Сʱ_mousemovements
99.86743061538463 392.73090578571424 659.7836914000001 538.634687 2476.740723 671.1571809999999 955.568542 1567.832275 189.71641130769228 217.54574946153843 423.6655054285714 817.6953365714286 433.4761883333333 365.42595674999995 413.5547289 244.1350097 0.17567567567567569 0.17567567567567569 0.0945945945945946 0.0945945945945946 0.08108108108108109 0.10810810810810811 0.13513513513513514 0.13513513513513514 89.12983464734299 13.415842444444444 301.32718984 0.8589211618257261 0.03734439834024896 0.1037344398340249 0.52 0.18666666666666668 0.13333333333333333 0.09333333333333334 0.013333333333333334 0.02666666666666667 0.013333333333333334 0.013333333333333334 0.6179245283018868 0.17452830188679244 0.1179245283018868 0.0660377358490566 0.02358490566037736 leishengchuan 10Сʱ_mousemovements
137.1267089259259 256.63217725 853.9974363333334 610.0018465 0 1074.818237 981.113983 2268.576416 182.5007425 686.4190169999999 813.368347 59.738136 172.45245185714285 919.8160653333333 174.40123622222222 70.99185266666667 0.1 0.125 0.025 0.05 0.175 0.15 0.225 0.15 109.24191429906543 49.7474555 338.031455 0.9304347826086956 0.017391304347826087 0.05217391304347826 0.675 0.1 0.075 0.05 0.0 0.025 0.05 0.025 0.6185567010309279 0.18556701030927836 0.09278350515463918 0.05154639175257732 0.05154639175257732 leishengchuan 10Сʱ_mousemovements
66.95465675 0 0 899.990723 0 0 0 0 0 25.641026 538.86879 18.229675 0 46.201069 0 0 0.0 0.2 0.4 0.2 0.0 0.2 0.0 0.0 104.50724318181818 0 18.229675 0.9166666666666666 0.0 0.08333333333333333 0.8 0.0 0.0 0.2 0.0 0.0 0.0 0.0 0.5454545454545454 0.2727272727272727 0.18181818181818182 0.0 0.0 leishengchuan 10Сʱ_mousemovements
121.73538268965518 429.7541452499999 634.1419067499999 1491.953293 1056.373932 801.9664460000001 984.0813193333333 2742.838379 316.6834796 288.8207633846154 1008.4011840000001 913.9642486666665 705.1848583749999 658.7373108 234.12199181818184 599.9886184 0.1694915254237288 0.22033898305084745 0.06779661016949153 0.05084745762711865 0.13559322033898305 0.0847457627118644 0.1864406779661017 0.0847457627118644 140.20733981250004 34.92305983333333 397.4814211428571 0.8888888888888888 0.03333333333333333 0.07777777777777778 0.4915254237288136 0.2033898305084746 0.06779661016949153 0.06779661016949153 0.03389830508474576 0.06779661016949153 0.05084745762711865 0.01694915254237288 0.6402439024390244 0.14634146341463414 0.10365853658536585 0.06707317073170732 0.042682926829268296 leishengchuan 10Сʱ_mousemovements
149.5751314 334.783504375 843.1999103333333 274.38784416666664 618.2589723333333 304.542511 735.479177 0 308.13890228571427 207.49057515789468 441.81062699999995 650.508774 82.984936 272.42619512500005 225.40081572222223 122.68855579999999 0.10144927536231885 0.2753623188405797 0.11594202898550725 0.028985507246376812 0.028985507246376812 0.11594202898550725 0.2608695652173913 0.07246376811594203 98.88429848484847 189.4555178 137.52917280000003 0.9428571428571428 0.02857142857142857 0.02857142857142857 0.6521739130434783 0.11594202898550725 0.043478260869565216 0.08695652173913043 0.043478260869565216 0.014492753623188406 0.043478260869565216 0.0 0.5958904109589042 0.21232876712328766 0.13013698630136986 0.00684931506849315 0.0547945205479452 leishengchuan 10Сʱ_mousemovements
135.5162087368421 480.2846666666666 419.755554 761.42703625 771.6376955000001 0 0 0 332.3262588 247.97209033333334 1058.2944336666667 436.0546566666667 256.92643725 286.51614033333334 150.7308614 63.945157333333334 0.15625 0.1875 0.09375 0.09375 0.125 0.09375 0.15625 0.09375 93.99885714285715 66.20029966666667 263.4166841111111 0.875 0.03125 0.09375 0.59375 0.1875 0.03125 0.125 0.0625 0.0 0.0 0.0 0.6071428571428571 0.23809523809523808 0.10714285714285714 0.047619047619047616 0.0 leishengchuan 10Сʱ_mousemovements
74.68264246153845 222.059189 462.2205453333333 0 1428.3387754999999 797.4260865 656.0755615 0 88.534691 507.25845350000003 210.36484033333332 53.519054 24.848803 1011.6312865 110.24750666666667 37.381480999999994 0.043478260869565216 0.2608695652173913 0.13043478260869565 0.043478260869565216 0.13043478260869565 0.17391304347826086 0.13043478260869565 0.08695652173913043 128.2328069032258 87.7929325 20.835133 0.9117647058823529 0.058823529411764705 0.029411764705882353 0.5652173913043478 0.043478260869565216 0.13043478260869565 0.0 0.08695652173913043 0.08695652173913043 0.08695652173913043 0.0 0.4838709677419355 0.22580645161290322 0.16129032258064516 0.04838709677419355 0.08064516129032258 leishengchuan 10Сʱ_mousemovements
414.09415099999995 850.239014 650.0538025 0 0 2104.9036865000003 938.949463 929.13208 0 1422.1748453333337 894.5942385000001 0 0 572.995117 816.4759519999999 74.58007 0.0 0.25 0.16666666666666666 0.0 0.0 0.25 0.25 0.08333333333333333 239.85546465624998 0 874.443807 0.9142857142857143 0.0 0.08571428571428572 0.4166666666666667 0.08333333333333333 0.16666666666666666 0.0 0.0 0.16666666666666666 0.08333333333333333 0.08333333333333333 0.53125 0.21875 0.1875 0.03125 0.03125 leishengchuan 10Сʱ_mousemovements
0 144.465378 0 0 0 0 0 0 144.465378 0 0 0 0 0 0 0 1.0 0.0 0.0 0.0 0.0 0.0 0.0 0.0 0.0 0 144.465378 0.8888888888888888 0.0 0.1111111111111111 0.0 1.0 0.0 0.0 0.0 0.0 0.0 0.0 0.0 0.8571428571428571 0.0 0.14285714285714285 0.0 leishengchuan 10Сʱ_mousemovements
83.89139560000001 0 494.511902 0 0 0 828.733643 0 0 209.009735 66.188322 494.511902 0 449.1286165 8.547009 0 0.0 0.14285714285714285 0.2857142857142857 0.14285714285714285 0.0 0.2857142857142857 0.14285714285714285 0.0 41.79491405 0 302.26808066666666 0.8695652173913043 0.0 0.13043478260869565 0.7142857142857143 0.0 0.14285714285714285 0.0 0.0 0.0 0.14285714285714285 0.0 0.45454545454545453 0.3181818181818182 0.13636363636363635 0.09090909090909091 0.0 leishengchuan 10Сʱ_mousemovements
0 0 0 0 0 0 0 0 0 0 0 0 0 0 0 0 0 0 0 0 0 0 0 0 0 0 0 0 0 0 0 0 0 0 0 0 0 0 0 0 0 0 0 leishengchuan 10Сʱ_mousemovements
