63.35273065957447 301.77994925 475.01594925 0 0 486.96025099999997 0 0 334.23535933333335 110.7133772142857 134.34998055555553 93.92018 21.052844 161.70747492307692 62.528791727272726 92.29310733333334 0.05263157894736842 0.24561403508771928 0.15789473684210525 0.03508771929824561 0.03508771929824561 0.22807017543859648 0.19298245614035087 0.05263157894736842 30.656570075757564 63.2855768 71.1651588 0.9295774647887324 0.046948356807511735 0.023474178403755867 0.8245614035087719 0.07017543859649122 0.07017543859649122 0.0 0.0 0.03508771929824561 0.0 0.0 0.6134020618556701 0.2422680412371134 0.07216494845360824 0.05670103092783505 0.015463917525773196 leishengchuan 3Сʱ_mousemovements
0 0 0 0 0 0 0 0 0 0 0 0 0 0 0 0 0 0 0 0 0 0 0 0 0.0 0 0 1.0 0.0 0.0 0 0 0 0 0 0 0 0 1.0 0.0 0.0 0.0 0.0 leishengchuan 3Сʱ_mousemovements
108.094548625 1145.3072103333334 1246.3745726666666 1151.622314 647.9892885 0 0 0 0 578.13793525 511.94997399999994 0 0 318.77036300000003 925.2079436666668 131.442215 0.0 0.23529411764705882 0.17647058823529413 0.0 0.0 0.17647058823529413 0.35294117647058826 0.058823529411764705 176.9510393148148 0 155.34108433333333 0.9 0.0 0.1 0.47058823529411764 0.17647058823529413 0.17647058823529413 0.058823529411764705 0.11764705882352941 0.0 0.0 0.0 0.18867924528301888 0.660377358490566 0.05660377358490566 0.07547169811320754 0.018867924528301886 leishengchuan 3Сʱ_mousemovements
0 0 0 0 0 0 0 0 0 0 0 0 0 0 0 0 0 0 0 0 0 0 0 0 0 0 0 0 0 0 0 0 0 0 0 0 0 0 0 0 0 0 0 leishengchuan 3Сʱ_mousemovements
141.7687324285714 460.8142364 1535.7275146 919.9832303333333 2078.967285 0 0 0 1180.2657737499999 191.12905775000002 47.4356 256.95866587499995 712.0593488 794.0617065 527.527588 194.768074 0.11428571428571428 0.11428571428571428 0.02857142857142857 0.22857142857142856 0.2857142857142857 0.05714285714285714 0.02857142857142857 0.14285714285714285 170.41003121000003 0 126.29433183333333 0.9433962264150944 0.0 0.05660377358490566 0.6 0.14285714285714285 0.14285714285714285 0.08571428571428572 0.02857142857142857 0.0 0.0 0.0 0.39080459770114945 0.4942528735632184 0.06896551724137931 0.04597701149425287 0.0 leishengchuan 3Сʱ_mousemovements
146.32084371428567 495.3329569999999 945.5565644999999 1128.1493896 719.483521 3303.687012 0 0 1101.1331989999999 634.7383698 256.2047575 1022.9713135 173.31652474999999 497.3634775714286 47.045967000000005 313.9992165 0.17142857142857143 0.14285714285714285 0.05714285714285714 0.05714285714285714 0.11428571428571428 0.2 0.14285714285714285 0.11428571428571428 163.1088602909091 12.0998275 2.9012772 0.9243697478991597 0.03361344537815126 0.04201680672268908 0.6 0.08571428571428572 0.11428571428571428 0.14285714285714285 0.02857142857142857 0.02857142857142857 0.0 0.0 0.4722222222222222 0.4166666666666667 0.046296296296296294 0.046296296296296294 0.018518518518518517 leishengchuan 3Сʱ_mousemovements
98.49137618421052 170.74681533333333 421.53225299999997 0 1605.654175 602.5127255 681.3721005 0 635.0768523999999 166.658449375 6.08221 217.78300399999998 232.683115375 161.87762600000002 41.30101942857143 144.94512483333332 0.09433962264150944 0.1509433962264151 0.018867924528301886 0.09433962264150944 0.1509433962264151 0.1320754716981132 0.1320754716981132 0.22641509433962265 56.906861067796626 145.29839133333334 29.57411075 0.9619565217391305 0.016304347826086956 0.021739130434782608 0.7169811320754716 0.11320754716981132 0.07547169811320754 0.0 0.018867924528301886 0.03773584905660377 0.03773584905660377 0.0 0.5568862275449101 0.2694610778443114 0.10179640718562874 0.041916167664670656 0.029940119760479042 leishengchuan 3Сʱ_mousemovements
125.18093655999999 604.996033 0 173.332962 0 0 0 0 68.193853 395.9765345 25.641026 0 97.96001885714286 88.1203994 29.55665 173.93021080000003 0.14814814814814814 0.14814814814814814 0.037037037037037035 0.0 0.25925925925925924 0.18518518518518517 0.037037037037037035 0.18518518518518517 43.90845403370786 0 0 1.0 0.0 0.0 0.9259259259259259 0.037037037037037035 0.0 0.037037037037037035 0.0 0.0 0.0 0.0 0.6753246753246753 0.23376623376623376 0.05194805194805195 0.025974025974025976 0.012987012987012988 leishengchuan 3Сʱ_mousemovements
0 0 0 0 0 0 0 0 0 0 0 0 0 0 0 0 0 0 0 0 0 0 0 0 0.0 0 0 1.0 0.0 0.0 0 0 0 0 0 0 0 0 1.0 0.0 0.0 0.0 0.0 leishengchuan 3Сʱ_mousemovements
105.56233180000001 639.1655886666667 401.581421 368.5891115 636.8637085 528.20813 0 0 292.5614984 354.9997978 395.597809 3.032932 291.8321718571429 182.46919254545458 73.49507666666666 293.975647 0.11904761904761904 0.11904761904761904 0.023809523809523808 0.023809523809523808 0.16666666666666666 0.2619047619047619 0.21428571428571427 0.07142857142857142 60.04003944202899 17.44186 308.9462903333333 0.971830985915493 0.007042253521126761 0.02112676056338028 0.7142857142857143 0.07142857142857142 0.09523809523809523 0.047619047619047616 0.047619047619047616 0.023809523809523808 0.0 0.0 0.5511811023622047 0.2047244094488189 0.15748031496062992 0.06299212598425197 0.023622047244094488 leishengchuan 3Сʱ_mousemovements
92.00767725 898.4793446666666 271.110168 462.307312 0 807.304688 0 1333.578674 606.6934660000001 0 280.0147603333333 18.348623 143.98473391666667 519.8263975454546 277.4652674 26.568852999999997 0.06818181818181818 0.0 0.06818181818181818 0.022727272727272728 0.2727272727272727 0.25 0.22727272727272727 0.09090909090909091 79.66879806289307 27.0259595 40.55967957142857 0.9464285714285714 0.011904761904761904 0.041666666666666664 0.7272727272727273 0.13636363636363635 0.022727272727272728 0.045454545454545456 0.0 0.022727272727272728 0.0 0.045454545454545456 0.49324324324324326 0.2972972972972973 0.11486486486486487 0.06756756756756757 0.02702702702702703 leishengchuan 3Сʱ_mousemovements
137.23650992105263 125.564713 299.014526 1103.614502 359.14502 0 432.240356 0 326.3458995 77.4322065 457.96023174999993 97.71072066666666 108.84693460000001 79.33937075 73.64844275 209.40603810000002 0.09302325581395349 0.09302325581395349 0.09302325581395349 0.06976744186046512 0.23255813953488372 0.09302325581395349 0.09302325581395349 0.23255813953488372 48.133046214285706 10.638298 55.7195395 0.9808917197452229 0.006369426751592357 0.012738853503184714 0.8837209302325582 0.023255813953488372 0.023255813953488372 0.023255813953488372 0.023255813953488372 0.0 0.023255813953488372 0.0 0.6170212765957447 0.2198581560283688 0.09219858156028368 0.03546099290780142 0.03546099290780142 leishengchuan 3Сʱ_mousemovements
111.40761363999995 453.2991936 356.23933612499997 579.1966349999999 1146.1824900000001 945.4319419999999 1308.5525972500002 229.24852 413.13924908000007 201.83227516666668 425.6012802 187.453738625 627.79948325 238.78605733333336 105.46693755555557 173.77628927777778 0.22522522522522523 0.10810810810810811 0.04504504504504504 0.07207207207207207 0.14414414414414414 0.08108108108108109 0.16216216216216217 0.16216216216216217 106.7430791952055 31.512676499999998 240.645902625 0.9240506329113924 0.05063291139240506 0.02531645569620253 0.6756756756756757 0.09009009009009009 0.07207207207207207 0.02702702702702703 0.05405405405405406 0.036036036036036036 0.036036036036036036 0.009009009009009009 0.543859649122807 0.256140350877193 0.14385964912280702 0.02456140350877193 0.031578947368421054 leishengchuan 3Сʱ_mousemovements
123.86688261111107 269.8215123333334 404.93941233333334 859.2636159999998 481.82862850000004 2889.023682 559.028534 667.1141156666666 257.67707437499996 191.85459194117647 409.0527955 480.55052028571424 211.51153972727272 411.4361967 164.6673464 176.1063 0.16842105263157894 0.17894736842105263 0.042105263157894736 0.07368421052631578 0.11578947368421053 0.10526315789473684 0.21052631578947367 0.10526315789473684 85.48740672556394 39.08845554545454 118.36695149999998 0.9399293286219081 0.038869257950530034 0.02120141342756184 0.7578947368421053 0.06315789473684211 0.031578947368421054 0.06315789473684211 0.021052631578947368 0.010526315789473684 0.021052631578947368 0.031578947368421054 0.5538461538461539 0.31153846153846154 0.057692307692307696 0.06153846153846154 0.015384615384615385 leishengchuan 3Сʱ_mousemovements
93.4602830909091 316.26891512500004 315.27198128571433 984.0040384999999 1282.624247285714 959.6913454999999 1961.096008 930.812012 1070.2061879999999 635.8822975 156.20542774999998 352.84915379999995 179.15972853333338 504.22250030769226 203.30480036363636 148.25450233333333 0.09090909090909091 0.15584415584415584 0.1038961038961039 0.06493506493506493 0.19480519480519481 0.16883116883116883 0.14285714285714285 0.07792207792207792 112.24531548178139 26.60323577777778 169.33775206666667 0.9114391143911439 0.033210332103321034 0.055350553505535055 0.5714285714285714 0.1038961038961039 0.09090909090909091 0.07792207792207792 0.09090909090909091 0.025974025974025976 0.025974025974025976 0.012987012987012988 0.416 0.396 0.068 0.072 0.048 leishengchuan 3Сʱ_mousemovements
99.07249385714286 431.06221 1020.3367755 1029.154175 320.570068 745.025024 0 0 383.5260826666667 372.48754060000005 825.1798094999999 320.570068 68.11612380000001 685.118958 251.03130624999997 965.0218862500001 0.1111111111111111 0.18518518518518517 0.14814814814814814 0.037037037037037035 0.18518518518518517 0.037037037037037035 0.14814814814814814 0.14814814814814814 177.30468834285713 18.818233499999998 37.6264765 0.9459459459459459 0.02702702702702703 0.02702702702702703 0.5185185185185185 0.07407407407407407 0.2222222222222222 0.1111111111111111 0.037037037037037035 0.037037037037037035 0.0 0.0 0.46153846153846156 0.4 0.07692307692307693 0.046153846153846156 0.015384615384615385 leishengchuan 3Сʱ_mousemovements
67.36047172972974 984.281189 968.168823 0 0 0 0 0 184.17961400000002 408.55244816666664 0 16.0 62.3806 99.402888 36.922748368421054 33.87535866666666 0.07692307692307693 0.15384615384615385 0.0 0.02564102564102564 0.05128205128205128 0.1282051282051282 0.48717948717948717 0.07692307692307693 34.190672815384616 0 0 1.0 0.0 0.0 0.9487179487179487 0.02564102564102564 0.02564102564102564 0.0 0.0 0.0 0.0 0.0 0.7033898305084746 0.2033898305084746 0.06779661016949153 0.025423728813559324 0.0 leishengchuan 3Сʱ_mousemovements
96.47396231372548 743.300438 174.399124 487.176147 836.702896 884.165039 0 0 190.7438405 229.74551177777778 127.72133133333334 112.04850700000001 126.1449326875 251.00039081818178 69.3175534 62.34607400000001 0.13793103448275862 0.15517241379310345 0.05172413793103448 0.05172413793103448 0.27586206896551724 0.1896551724137931 0.08620689655172414 0.05172413793103448 50.20600521465969 28.571428 4.000316 0.9845360824742269 0.005154639175257732 0.010309278350515464 0.8793103448275862 0.034482758620689655 0.017241379310344827 0.017241379310344827 0.034482758620689655 0.017241379310344827 0.0 0.0 0.6666666666666666 0.19883040935672514 0.06432748538011696 0.04093567251461988 0.029239766081871343 leishengchuan 3Сʱ_mousemovements
105.49530149999997 379.25796125 0 314.586212 0 0 0 0 9.026361 115.87449339999998 51.367221 95.45797 92.94902100000002 265.77712628571425 83.72156050000001 612.903198 0.037037037037037035 0.18518518518518517 0.07407407407407407 0.037037037037037035 0.2222222222222222 0.25925925925925924 0.14814814814814814 0.037037037037037035 43.14861795505618 26.05278133333333 117.064674 0.9468085106382979 0.031914893617021274 0.02127659574468085 0.8148148148148148 0.14814814814814814 0.0 0.037037037037037035 0.0 0.0 0.0 0.0 0.5375 0.325 0.0625 0.0375 0.0375 leishengchuan 3Сʱ_mousemovements
108.96040763636363 344.13536099999993 563.693522 322.281372 0 864.249756 1784.124023 0 293.16899279999996 235.7787391666666 179.24625666666668 111.33410650000002 234.40877328571426 939.2024650000001 181.86288255555553 52.55634775 0.10869565217391304 0.2608695652173913 0.06521739130434782 0.08695652173913043 0.15217391304347827 0.043478260869565216 0.1956521739130435 0.08695652173913043 69.78681480666668 3.546099 84.70414400000001 0.974025974025974 0.012987012987012988 0.012987012987012988 0.717391304347826 0.13043478260869565 0.06521739130434782 0.043478260869565216 0.0 0.021739130434782608 0.021739130434782608 0.0 0.5633802816901409 0.2746478873239437 0.08450704225352113 0.04929577464788732 0.028169014084507043 leishengchuan 3Сʱ_mousemovements
71.87146803571429 0 334.025085 0 0 672.137207 1786.147705 0 104.618369 174.94905 38.05687 81.834763 80.13804744444445 437.90153040000007 203.154324 38.6161036 0.12903225806451613 0.06451612903225806 0.03225806451612903 0.03225806451612903 0.2903225806451613 0.16129032258064516 0.12903225806451613 0.16129032258064516 39.93359591891892 19.028435 334.025085 0.9736842105263158 0.017543859649122806 0.008771929824561403 0.9032258064516129 0.0 0.03225806451612903 0.0 0.0 0.03225806451612903 0.03225806451612903 0.0 0.6868686868686869 0.20202020202020202 0.030303030303030304 0.04040404040404041 0.04040404040404041 leishengchuan 3Сʱ_mousemovements
80.18806557377049 290.60179914285715 529.4659780000001 0 0 1005.364075 695.341309 341.291779 181.30191025 182.2527746363636 116.2723165 156.20406160000002 42.27325557142857 306.124896125 52.103770999999995 148.81098956249997 0.1643835616438356 0.1506849315068493 0.0821917808219178 0.0684931506849315 0.0958904109589041 0.1095890410958904 0.1095890410958904 0.2191780821917808 36.64200449077491 104.2263652857143 118.37064519999998 0.9575971731448764 0.024734982332155476 0.0176678445229682 0.8133333333333334 0.09333333333333334 0.04 0.0 0.0 0.013333333333333334 0.02666666666666667 0.013333333333333334 0.6374045801526718 0.20610687022900764 0.10305343511450382 0.03435114503816794 0.019083969465648856 leishengchuan 3Сʱ_mousemovements
81.92899208108106 416.028793 600.855774 574.3603515 496.724121 1220.693726 0 0 968.1978455 410.0518805 358.59906 119.824304 201.021964 178.41800329999995 59.94877106666666 155.65363633333334 0.0425531914893617 0.1276595744680851 0.02127659574468085 0.06382978723404255 0.0851063829787234 0.2127659574468085 0.3191489361702128 0.1276595744680851 68.98544847826085 9.676280666666665 0.0 0.971830985915493 0.02112676056338028 0.007042253521126761 0.7708333333333334 0.0625 0.08333333333333333 0.041666666666666664 0.020833333333333332 0.020833333333333332 0.0 0.0 0.609375 0.2109375 0.1015625 0.0703125 0.0078125 leishengchuan 3Сʱ_mousemovements
101.25588872222224 102.658127 704.966858 0 0 0 1578.112549 0 250.23644000000002 632.068627 105.16782 0 178.0120695 31.7542812 178.3507032 17.44186 0.13636363636363635 0.18181818181818182 0.09090909090909091 0.0 0.09090909090909091 0.22727272727272727 0.22727272727272727 0.045454545454545456 79.77838514999999 31.651819999999997 0 0.9375 0.0625 0.0 0.8181818181818182 0.045454545454545456 0.09090909090909091 0.0 0.0 0.0 0.045454545454545456 0.0 0.45454545454545453 0.4 0.10909090909090909 0.03636363636363636 0.0 leishengchuan 3Сʱ_mousemovements
0 0 0 0 0 0 0 0 0 0 0 0 0 0 0 0 0 0 0 0 0 0 0 0 0 0 0 0 0 0 0 0 0 0 0 0 0 0 0 0 0 0 0 leishengchuan 3Сʱ_mousemovements
102.00678507142857 221.20126333333334 0 164.321304 689.59845 718.10289 0 0 74.103035 389.2257793333333 164.321304 280.158051 10.955711 280.15621400000003 131.83446299999997 53.387352 0.047619047619047616 0.14285714285714285 0.047619047619047616 0.047619047619047616 0.09523809523809523 0.3333333333333333 0.23809523809523808 0.047619047619047616 52.032949541666675 156.26265325 10.401335 0.935064935064935 0.05194805194805195 0.012987012987012988 0.6666666666666666 0.14285714285714285 0.0 0.047619047619047616 0.047619047619047616 0.09523809523809523 0.0 0.0 0.5362318840579711 0.2318840579710145 0.11594202898550725 0.08695652173913043 0.028985507246376812 leishengchuan 3Сʱ_mousemovements
189.35363090909092 628.5183946666666 322.60537733333337 0 0 0 0 0 825.979523 0 0 267.0692494 79.91036600000001 228.08130450000002 33.078446666666665 203.8788795 0.17647058823529413 0.0 0.0 0.29411764705882354 0.11764705882352941 0.11764705882352941 0.17647058823529413 0.11764705882352941 105.2076539347826 48.3545875 0 0.9583333333333334 0.041666666666666664 0.0 0.6470588235294118 0.17647058823529413 0.17647058823529413 0.0 0.0 0.0 0.0 0.0 0.5675675675675675 0.21621621621621623 0.08108108108108109 0.13513513513513514 0.0 leishengchuan 3Сʱ_mousemovements
53.850827941176455 226.79109749999998 301.5060575 327.512604 0 0 911.424072 0 327.512604 19.83738675 95.34497933333334 302.573013 94.166111 54.2987 196.7791607 101.812912 0.04 0.16 0.12 0.08 0.08 0.08 0.4 0.04 43.10746234567901 24.696115142857142 0 0.9204545454545454 0.07954545454545454 0.0 0.68 0.16 0.08 0.04 0.0 0.0 0.04 0.0 0.5662650602409639 0.21686746987951808 0.08433734939759036 0.08433734939759036 0.04819277108433735 leishengchuan 3Сʱ_mousemovements
0 0 0 0 0 0 0 0 0 0 0 0 0 0 0 0 0 0 0 0 0 0 0 0 0 0 0 0 0 0 0 0 0 0 0 0 0 0 0 0 0 0 0 leishengchuan 3Сʱ_mousemovements
0 0 0 0 0 0 0 0 0 0 0 0 0 0 0 0 0 0 0 0 0 0 0 0 0 0 0 0 0 0 0 0 0 0 0 0 0 0 0 0 0 0 0 leishengchuan 3Сʱ_mousemovements
