157.57923947058822 471.1255865 983.0424805 991.3397367499999 1070.582275 0 669.214417 417.09671 195.628876 479.54035178571434 259.493408 46.483546000000004 507.70888433333334 379.7564116666667 706.0874146 0 0.03125 0.4375 0.03125 0.15625 0.09375 0.09375 0.15625 0.0 203.6232411875 19.631871142857143 106.1568415 0.8533333333333334 0.09333333333333334 0.05333333333333334 0.53125 0.1875 0.0625 0.125 0.03125 0.0 0.03125 0.03125 0.6323529411764706 0.22058823529411764 0.04411764705882353 0.04411764705882353 0.058823529411764705 leishengchuan 7Сʱ_mousemovements
0 0 0 0 0 0 0 0 0 0 0 0 0 0 0 0 0 0 0 0 0 0 0 0 0 0 0 0 0 0 0 0 0 0 0 0 0 0 0 0 0 0 0 leishengchuan 7Сʱ_mousemovements
0 0 0 0 0 0 0 0 0 0 0 0 0 0 0 0 0 0 0 0 0 0 0 0 0 0 0 0 0 0 0 0 0 0 0 0 0 0 0 0 0 0 0 leishengchuan 7Сʱ_mousemovements
0 0 0 0 0 0 0 0 0 0 0 0 0 0 0 0 0 0 0 0 0 0 0 0 0 0 0 0 0 0 0 0 0 0 0 0 0 0 0 0 0 0 0 leishengchuan 7Сʱ_mousemovements
0 0 0 0 0 0 0 0 0 0 0 0 0 0 0 0 0 0 0 0 0 0 0 0 0 0 0 0 0 0 0 0 0 0 0 0 0 0 0 0 0 0 0 leishengchuan 7Сʱ_mousemovements
0 0 0 0 0 0 0 0 0 0 0 0 0 0 0 0 0 0 0 0 0 0 0 0 0 0 0 0 0 0 0 0 0 0 0 0 0 0 0 0 0 0 0 leishengchuan 7Сʱ_mousemovements
0 0 0 0 0 0 0 0 0 0 0 0 0 0 0 0 0 0 0 0 0 0 0 0 0 0 0 0 0 0 0 0 0 0 0 0 0 0 0 0 0 0 0 leishengchuan 7Сʱ_mousemovements
0 258.211395 0 0 0 0 0 0 0 258.211395 0 0 0 0 0 0 0.0 1.0 0.0 0.0 0.0 0.0 0.0 0.0 129.1056975 0 0 1.0 0.0 0.0 0.0 1.0 0.0 0.0 0.0 0.0 0.0 0.0 0.0 0.0 1.0 0.0 0.0 leishengchuan 7Сʱ_mousemovements
0 0 0 0 0 0 0 0 0 0 0 0 0 0 0 0 0 0 0 0 0 0 0 0 0 0 0 0 0 0 0 0 0 0 0 0 0 0 0 0 0 0 0 leishengchuan 7Сʱ_mousemovements
0 0 0 0 0 0 0 0 0 0 0 0 0 0 0 0 0 0 0 0 0 0 0 0 0 0 0 0 0 0 0 0 0 0 0 0 0 0 0 0 0 0 0 leishengchuan 7Сʱ_mousemovements
0 0 0 0 0 0 0 0 0 0 0 0 0 0 0 0 0 0 0 0 0 0 0 0 0 0 0 0 0 0 0 0 0 0 0 0 0 0 0 0 0 0 0 leishengchuan 7Сʱ_mousemovements
0 0 0 0 0 0 0 0 0 0 0 0 0 0 0 0 0 0 0 0 0 0 0 0 0 0 0 0 0 0 0 0 0 0 0 0 0 0 0 0 0 0 0 leishengchuan 7Сʱ_mousemovements
97.98672425 367.30781924999997 1099.82373 0 0 0 1869.8834535 0 372.448639 1052.0183893333333 433.16545099999996 115.225868 0 943.73761 1099.82373 31.921026 0.09090909090909091 0.2727272727272727 0.18181818181818182 0.18181818181818182 0.0 0.09090909090909091 0.09090909090909091 0.09090909090909091 192.5393080625 0.0 134.87773825 0.8648648648648649 0.02702702702702703 0.10810810810810811 0.36363636363636365 0.36363636363636365 0.09090909090909091 0.0 0.0 0.0 0.18181818181818182 0.0 0.6470588235294118 0.2647058823529412 0.029411764705882353 0.058823529411764705 0.0 leishengchuan 7Сʱ_mousemovements
111.14442123529412 237.79955533333336 323.052048 0 0 721.0541483333333 645.5892335000001 979.4813235 311.6233040000001 295.20827999999995 346.815521 63.5080645 346.5693666 384.6987135 285.78905100000003 0 0.2413793103448276 0.27586206896551724 0.034482758620689655 0.06896551724137931 0.1724137931034483 0.06896551724137931 0.13793103448275862 0.0 55.613057869047616 177.9949165 454.3468485 0.8936170212765957 0.02127659574468085 0.0851063829787234 0.5862068965517241 0.10344827586206896 0.06896551724137931 0.0 0.0 0.10344827586206896 0.06896551724137931 0.06896551724137931 0.6419753086419753 0.18518518518518517 0.04938271604938271 0.04938271604938271 0.07407407407407407 leishengchuan 7Сʱ_mousemovements
196.64962366666668 1102.427612 0 0 0 0 0 1612.20459 231.824844 596.4427133333334 77.877853 108.529068 0 104.441597 764.5356773333333 117.204788 0.07142857142857142 0.21428571428571427 0.07142857142857142 0.07142857142857142 0.0 0.07142857142857142 0.21428571428571427 0.2857142857142857 133.53757068421052 0 0 1.0 0.0 0.0 0.8571428571428571 0.07142857142857142 0.0 0.0 0.0 0.0 0.0 0.07142857142857142 0.6206896551724138 0.10344827586206896 0.10344827586206896 0.10344827586206896 0.06896551724137931 leishengchuan 7Сʱ_mousemovements
104.1035775 0 0 718.276428 753.472961 0 0 0 27.522936 0 0 0 180.684219 753.472961 718.276428 0 0.25 0.0 0.0 0.0 0.25 0.25 0.25 0.0 186.66183822222223 0 0 1.0 0.0 0.0 0.5 0.0 0.0 0.25 0.25 0.0 0.0 0.0 0.375 0.125 0.25 0.25 0.0 leishengchuan 7Сʱ_mousemovements
207.0752782 0 0 0 0 0 0 0 320.351532 0 0 0 311.299408 0 263.299286 70.2130825 0.2 0.0 0.0 0.0 0.2 0.0 0.2 0.4 86.28136591666667 0 0 1.0 0.0 0.0 1.0 0.0 0.0 0.0 0.0 0.0 0.0 0.0 1.0 0.0 0.0 0.0 0.0 leishengchuan 7Сʱ_mousemovements
194.57614633333333 733.193787 0 428.517792 0 0 0 0 175.003616 0 0 0 363.09617649999996 111.050262 0 733.193787 0.2 0.0 0.0 0.0 0.4 0.2 0.0 0.2 109.090001125 0 0 1.0 0.0 0.0 0.6 0.2 0.0 0.2 0.0 0.0 0.0 0.0 0.7692307692307693 0.15384615384615385 0.0 0.07692307692307693 0.0 leishengchuan 7Сʱ_mousemovements
233.69595211111113 1451.370036 826.4961545 1308.4926755 646.1226194999999 1114.3965455 0 0 333.448242 1115.06446125 227.886932 526.251236 1289.964233 1141.7506103333333 663.98291 348.51854599999996 0.05 0.2 0.05 0.2 0.05 0.15 0.05 0.25 196.8740722424242 0.0 250.94017979999998 0.9041095890410958 0.0273972602739726 0.0684931506849315 0.45 0.15 0.1 0.1 0.1 0.1 0.0 0.0 0.5625 0.234375 0.09375 0.03125 0.078125 leishengchuan 7Сʱ_mousemovements
71.4039 772.231934 0 0 0 814.388611 0 0 71.4039 0 0 0 772.231934 0 814.388611 0 0.3333333333333333 0.0 0.0 0.0 0.3333333333333333 0.0 0.3333333333333333 0.0 236.860635 0 0 1.0 0.0 0.0 0.3333333333333333 0.3333333333333333 0.0 0.0 0.0 0.3333333333333333 0.0 0.0 0.25 0.5 0.0 0.25 0.0 leishengchuan 7Сʱ_mousemovements
0 0 0 0 0 0 0 0 0 0 0 0 0 0 0 0 0 0 0 0 0 0 0 0 0 0 0 0 0 0 0 0 0 0 0 0 0 0 0 0 0 0 0 leishengchuan 7Сʱ_mousemovements
0 0 0 0 0 0 0 0 0 0 0 0 0 0 0 0 0 0 0 0 0 0 0 0 0 0 0 0 0 0 0 0 0 0 0 0 0 0 0 0 0 0 0 leishengchuan 7Сʱ_mousemovements
245.4205856 0 0 2737.592285 0 0 1829.75647 1189.917114 0 813.09581 1412.434242 427.570831 74.711891 1015.5129855 0 0 0.0 0.25 0.25 0.125 0.125 0.25 0.0 0.0 310.1082139545455 0 80.994045 0.9166666666666666 0.0 0.08333333333333333 0.625 0.0 0.0 0.125 0.0 0.0 0.125 0.125 0.6521739130434783 0.17391304347826086 0.13043478260869565 0.043478260869565216 0.0 leishengchuan 7Сʱ_mousemovements
94.18352625 368.653122 0 0 1792.343994 0 0 0 0 258.87283833333333 32.051281 14.285714 1792.343994 0 291.084839 0 0.0 0.42857142857142855 0.14285714285714285 0.14285714285714285 0.14285714285714285 0.0 0.14285714285714285 0.0 119.71068805555556 7.142857 368.653122 0.8181818181818182 0.09090909090909091 0.09090909090909091 0.5714285714285714 0.2857142857142857 0.0 0.0 0.14285714285714285 0.0 0.0 0.0 0.6666666666666666 0.2857142857142857 0.047619047619047616 0.0 0.0 leishengchuan 7Сʱ_mousemovements
141.59949825 0 0 0 977.969788 0 0 0 359.52648350000004 147.6647375 0 0 0 0 170.247742 103.5413115 0.4444444444444444 0.2222222222222222 0.0 0.0 0.0 0.0 0.1111111111111111 0.2222222222222222 112.71248055555556 81.941124 0 0.9473684210526315 0.05263157894736842 0.0 0.8888888888888888 0.0 0.0 0.0 0.1111111111111111 0.0 0.0 0.0 0.5 0.3125 0.1875 0.0 0.0 leishengchuan 7Сʱ_mousemovements
179.18117500000002 0 683.3773954999999 0 0 1052.539307 0 0 0 0 237.7933805 507.997894 858.756897 0 444.95037333333335 158.59423800000002 0.0 0.0 0.2222222222222222 0.1111111111111111 0.1111111111111111 0.0 0.3333333333333333 0.2222222222222222 134.39927492307692 0 0.0 0.9629629629629629 0.0 0.037037037037037035 0.6666666666666666 0.0 0.2222222222222222 0.0 0.0 0.1111111111111111 0.0 0.0 0.6666666666666666 0.19047619047619047 0.14285714285714285 0.0 0.0 leishengchuan 7Сʱ_mousemovements
136.56817553488372 429.14224690000003 816.1872661111111 475.82491566666664 347.848572 769.639038 0 931.90094 456.3708724999999 396.28628056249994 331.0022515 163.553708 269.2240775 190.8596755 348.3105288 171.34045627272724 0.08823529411764706 0.23529411764705882 0.11764705882352941 0.07352941176470588 0.14705882352941177 0.029411764705882353 0.14705882352941177 0.16176470588235295 103.9877766772487 2.7131326000000002 131.9147254 0.9264705882352942 0.024509803921568627 0.049019607843137254 0.6323529411764706 0.14705882352941177 0.1323529411764706 0.04411764705882353 0.014705882352941176 0.014705882352941176 0.0 0.014705882352941176 0.5568181818181818 0.20454545454545456 0.13636363636363635 0.056818181818181816 0.045454545454545456 leishengchuan 7Сʱ_mousemovements
147.16256452380952 286.0378548333333 359.32541675 429.102051 1031.1674866 1107.291016 0 0 121.308179 122.85741700000001 264.07902925 489.833984 491.03571224999996 674.765076 631.48873725 301.62203342857146 0.15789473684210525 0.18421052631578946 0.10526315789473684 0.02631578947368421 0.10526315789473684 0.02631578947368421 0.21052631578947367 0.18421052631578946 102.19794863478259 21.5050846 153.69766214285715 0.905511811023622 0.03937007874015748 0.05511811023622047 0.5526315789473685 0.15789473684210525 0.10526315789473684 0.02631578947368421 0.13157894736842105 0.02631578947368421 0.0 0.0 0.5132743362831859 0.25663716814159293 0.1504424778761062 0.05309734513274336 0.02654867256637168 leishengchuan 7Сʱ_mousemovements
140.42102442857143 221.154597 0 810.229401 671.9592896666667 0 0 0 0 637.217896 156.313889 219.35910775 0 14.184397 509.29645214285716 32.519855 0.0 0.06666666666666667 0.06666666666666667 0.26666666666666666 0.0 0.06666666666666667 0.4666666666666667 0.06666666666666667 78.9036266122449 0 354.11748225 0.9245283018867925 0.0 0.07547169811320754 0.4666666666666667 0.2 0.0 0.13333333333333333 0.2 0.0 0.0 0.0 0.3958333333333333 0.2916666666666667 0.14583333333333334 0.10416666666666667 0.0625 leishengchuan 7Сʱ_mousemovements
129.03919487500002 773.990504 360.4282123333333 584.3863726666667 806.445374 5378.237305 0 0 154.2347914 97.80616300000001 463.36679060000006 2892.3904115 550.18743325 499.88372333333336 0 140.65621714285712 0.14285714285714285 0.2571428571428571 0.14285714285714285 0.05714285714285714 0.11428571428571428 0.08571428571428572 0.0 0.2 186.82227560526317 34.134876 85.6379625 0.95 0.025 0.025 0.6857142857142857 0.08571428571428572 0.08571428571428572 0.08571428571428572 0.02857142857142857 0.02857142857142857 0.0 0.0 0.5492957746478874 0.2535211267605634 0.08450704225352113 0.09859154929577464 0.014084507042253521 leishengchuan 7Сʱ_mousemovements
