89.78849811764705 660.8351975384614 591.8553534444444 1595.170764875 1889.01558675 1262.893967 1994.8993736666664 0 851.2552083571428 279.9860161111111 23.600321 476.2477285714286 371.94480196000006 361.2468380833334 198.71380174358976 699.0691472499999 0.11382113821138211 0.07317073170731707 0.008130081300813009 0.056910569105691054 0.2032520325203252 0.0975609756097561 0.3170731707317073 0.13008130081300814 122.16019367002517 92.71045971428573 123.0922505 0.9589371980676329 0.016908212560386472 0.024154589371980676 0.6854838709677419 0.10483870967741936 0.07258064516129033 0.06451612903225806 0.03225806451612903 0.016129032258064516 0.024193548387096774 0.0 0.6572890025575447 0.19948849104859334 0.08439897698209718 0.04092071611253197 0.017902813299232736 leishengchuan 4Сʱ_mousemovements
108.91428282812495 561.9500235833334 323.92171983333327 969.44564625 114.045723 0 0 0 552.7689905 190.341081 203.3904658 299.8157455714286 133.79028140000003 90.63474223529411 170.55371675 383.893322 0.06896551724137931 0.13793103448275862 0.11494252873563218 0.08045977011494253 0.11494252873563218 0.19540229885057472 0.13793103448275862 0.14942528735632185 62.81733275812277 56.36986270000001 240.73902999999999 0.9421768707482994 0.034013605442176874 0.023809523809523808 0.735632183908046 0.13793103448275862 0.06896551724137931 0.04597701149425287 0.011494252873563218 0.0 0.0 0.0 0.6 0.2690909090909091 0.06181818181818182 0.04363636363636364 0.025454545454545455 leishengchuan 4Сʱ_mousemovements
107.56154248275861 373.25401933333336 498.5361365 1550.2478939999999 935.238525 0 632.5065106666667 753.177063 680.1020642 524.3128953333334 335.26987180000003 142.70867033333334 161.22555220000004 412.2739006 85.55071257142856 223.20824520000002 0.10869565217391304 0.13043478260869565 0.10869565217391304 0.06521739130434782 0.21739130434782608 0.10869565217391304 0.15217391304347827 0.10869565217391304 85.22155254545453 60.812038599999994 203.73500566666667 0.9506172839506173 0.030864197530864196 0.018518518518518517 0.6304347826086957 0.13043478260869565 0.08695652173913043 0.043478260869565216 0.021739130434782608 0.0 0.06521739130434782 0.021739130434782608 0.5555555555555556 0.2916666666666667 0.08333333333333333 0.027777777777777776 0.041666666666666664 leishengchuan 4Сʱ_mousemovements
106.31546978787878 249.59661527272735 590.3833710000001 494.882141 1197.1641845 0 0 1130.729126 189.20416633333335 153.43626705882355 238.170799 219.05735516666667 126.7691855833333 372.0428033636363 140.81183533333333 151.476192 0.06976744186046512 0.19767441860465115 0.13953488372093023 0.06976744186046512 0.13953488372093023 0.12790697674418605 0.13953488372093023 0.11627906976744186 58.76272370114944 26.925787125000003 96.63567850000001 0.9094076655052264 0.05574912891986063 0.03484320557491289 0.7674418604651163 0.12790697674418605 0.05813953488372093 0.011627906976744186 0.023255813953488372 0.0 0.0 0.011627906976744186 0.5112781954887218 0.3157894736842105 0.11278195488721804 0.045112781954887216 0.015037593984962405 leishengchuan 4Сʱ_mousemovements
218.35214507999999 278.987305 1013.877991 536.429909 0 1604.7875573333333 1375.1620785 0 620.16268975 1157.6397585714287 118.1674345 211.540787 114.40539733333334 678.0228554285713 378.51796233333334 253.8064738 0.10526315789473684 0.18421052631578946 0.05263157894736842 0.02631578947368421 0.23684210526315788 0.18421052631578946 0.07894736842105263 0.13157894736842105 159.57190845689658 8.2420022 103.27302366666667 0.8787878787878788 0.07575757575757576 0.045454545454545456 0.6578947368421053 0.02631578947368421 0.02631578947368421 0.10526315789473684 0.0 0.07894736842105263 0.10526315789473684 0.0 0.6692913385826772 0.18110236220472442 0.09448818897637795 0.031496062992125984 0.023622047244094488 leishengchuan 4Сʱ_mousemovements
0 0 0 0 0 0 0 0 0 0 0 0 0 0 0 0 0 0 0 0 0 0 0 0 0 0 0 0 0 0 0 0 0 0 0 0 0 0 0 0 0 0 0 leishengchuan 4Сʱ_mousemovements
0 0 0 0 0 0 0 0 0 0 0 0 0 0 0 0 0 0 0 0 0 0 0 0 0 0 0 0 0 0 0 0 0 0 0 0 0 0 0 0 0 0 0 leishengchuan 4Сʱ_mousemovements
0 0 0 0 0 0 0 0 0 0 0 0 0 0 0 0 0 0 0 0 0 0 0 0 0 0 0 0 0 0 0 0 0 0 0 0 0 0 0 0 0 0 0 leishengchuan 4Сʱ_mousemovements
0 0 0 0 0 0 0 0 0 0 0 0 0 0 0 0 0 0 0 0 0 0 0 0 0 0 0 0 0 0 0 0 0 0 0 0 0 0 0 0 0 0 0 leishengchuan 4Сʱ_mousemovements
0 0 0 0 0 0 0 0 0 0 0 0 0 0 0 0 0 0 0 0 0 0 0 0 0 0 0 0 0 0 0 0 0 0 0 0 0 0 0 0 0 0 0 leishengchuan 4Сʱ_mousemovements
0 0 0 0 0 0 0 0 0 0 0 0 0 0 0 0 0 0 0 0 0 0 0 0 0 0 0 0 0 0 0 0 0 0 0 0 0 0 0 0 0 0 0 leishengchuan 4Сʱ_mousemovements
0 0 0 0 0 0 0 0 0 0 0 0 0 0 0 0 0 0 0 0 0 0 0 0 0 0 0 0 0 0 0 0 0 0 0 0 0 0 0 0 0 0 0 leishengchuan 4Сʱ_mousemovements
0 0 0 0 0 0 0 0 0 0 0 0 0 0 0 0 0 0 0 0 0 0 0 0 0 0 0 0 0 0 0 0 0 0 0 0 0 0 0 0 0 0 0 leishengchuan 4Сʱ_mousemovements
0 0 0 0 0 0 0 0 0 0 0 0 0 0 0 0 0 0 0 0 0 0 0 0 0 0 0 0 0 0 0 0 0 0 0 0 0 0 0 0 0 0 0 leishengchuan 4Сʱ_mousemovements
0 0 0 0 0 0 0 0 0 0 0 0 0 0 0 0 0 0 0 0 0 0 0 0 0 0 0 0 0 0 0 0 0 0 0 0 0 0 0 0 0 0 0 leishengchuan 4Сʱ_mousemovements
0 0 0 0 0 0 0 0 0 0 0 0 0 0 0 0 0 0 0 0 0 0 0 0 0 0 0 0 0 0 0 0 0 0 0 0 0 0 0 0 0 0 0 leishengchuan 4Сʱ_mousemovements
0 0 0 0 0 0 0 0 0 0 0 0 0 0 0 0 0 0 0 0 0 0 0 0 0 0 0 0 0 0 0 0 0 0 0 0 0 0 0 0 0 0 0 leishengchuan 4Сʱ_mousemovements
109.01114614705881 360.1084278571429 449.63793933333335 689.066693 894.055786 440.684723 0 642.881958 457.9290238 171.49739083333336 266.8589943333333 278.847377 188.6314979 190.6202303 312.24892690909087 347.12173740000003 0.0847457627118644 0.1016949152542373 0.15254237288135594 0.05084745762711865 0.1694915254237288 0.1694915254237288 0.1864406779661017 0.0847457627118644 108.38990897761194 58.639962357142856 174.559433 0.8993288590604027 0.09395973154362416 0.006711409395973154 0.576271186440678 0.23728813559322035 0.05084745762711865 0.0847457627118644 0.01694915254237288 0.01694915254237288 0.0 0.01694915254237288 0.5579710144927537 0.2753623188405797 0.10869565217391304 0.028985507246376812 0.028985507246376812 leishengchuan 4Сʱ_mousemovements
102.92813448453612 412.63000627272726 427.00985600000007 654.1625115 294.5574035 1523.7974853333333 698.451477 653.231995 328.27444560000004 294.8827736521739 236.24159479999997 221.80823941176476 83.80671266666667 315.92681717647065 146.0465132105263 216.38930976923075 0.07575757575757576 0.17424242424242425 0.11363636363636363 0.12878787878787878 0.13636363636363635 0.12878787878787878 0.14393939393939395 0.09848484848484848 70.2728469503722 44.544375631578944 226.7777606666667 0.9482352941176471 0.04470588235294118 0.007058823529411765 0.7348484848484849 0.08333333333333333 0.05303030303030303 0.06060606060606061 0.030303030303030304 0.022727272727272728 0.007575757575757576 0.007575757575757576 0.6034912718204489 0.2169576059850374 0.12468827930174564 0.02743142144638404 0.02743142144638404 leishengchuan 4Сʱ_mousemovements
128.87462913513508 491.2568191875 725.4518452666666 1155.6364222857144 809.0259096666667 2061.1293335 0 731.625427 462.2794063000001 465.1305679411765 241.19763419999998 198.189039125 198.40889728571432 367.94486716666665 514.2843794347826 442.36829741666673 0.08403361344537816 0.14285714285714285 0.12605042016806722 0.13445378151260504 0.11764705882352941 0.10084033613445378 0.19327731092436976 0.10084033613445378 122.77207574411761 27.24599988235294 180.41729625000002 0.9315068493150684 0.04657534246575343 0.021917808219178082 0.6271186440677966 0.13559322033898305 0.1271186440677966 0.059322033898305086 0.025423728813559324 0.01694915254237288 0.0 0.00847457627118644 0.6135693215339233 0.23008849557522124 0.09144542772861357 0.029498525073746312 0.035398230088495575 leishengchuan 4Сʱ_mousemovements
113.43540704878052 363.63100792307694 734.27724075 686.172791 0 1331.93498225 1540.0777180000002 938.229553 218.4883305 418.0827495 659.7188693333334 151.38763400000002 171.44504875 230.13275443749998 453.68964090476186 390.7842115 0.10434782608695652 0.1391304347826087 0.05217391304347826 0.05217391304347826 0.24347826086956523 0.1391304347826087 0.1826086956521739 0.08695652173913043 91.709240300578 22.6419882 318.30122784615384 0.9376693766937669 0.02710027100271003 0.03523035230352303 0.7130434782608696 0.11304347826086956 0.06956521739130435 0.008695652173913044 0.0 0.034782608695652174 0.05217391304347826 0.008695652173913044 0.6347826086956522 0.19130434782608696 0.11014492753623188 0.03188405797101449 0.03188405797101449 leishengchuan 4Сʱ_mousemovements
109.65758237974687 436.29295344444444 352.9217942857143 743.89986425 0 0 0 0 295.29660872727266 111.70391663157898 261.6148534 184.82466133333332 128.3906067272727 207.38755135714285 308.1958147647059 162.17737323529414 0.10185185185185185 0.17592592592592593 0.09259259259259259 0.08333333333333333 0.10185185185185185 0.12962962962962962 0.1574074074074074 0.1574074074074074 65.49808370454545 49.20537131249999 100.15784649999999 0.9221556886227545 0.04790419161676647 0.029940119760479042 0.7314814814814815 0.16666666666666666 0.06481481481481481 0.037037037037037035 0.0 0.0 0.0 0.0 0.5512820512820513 0.266025641025641 0.11217948717948718 0.05448717948717949 0.016025641025641024 leishengchuan 4Сʱ_mousemovements
140.3246003166666 338.523372 699.3022271111112 801.9403016 627.939453 842.6292052000001 2642.4525556666667 0 537.6898466666667 619.0658667142859 391.8565498 380.9742874 230.34525526666667 446.81606893749995 363.7641675384615 290.97496542105256 0.0891089108910891 0.13861386138613863 0.09900990099009901 0.04950495049504951 0.1485148514851485 0.15841584158415842 0.12871287128712872 0.18811881188118812 147.62363124218749 89.16394571428575 115.1317304 0.9142857142857143 0.05 0.03571428571428571 0.594059405940594 0.1188118811881188 0.0891089108910891 0.09900990099009901 0.019801980198019802 0.04950495049504951 0.0297029702970297 0.0 0.6106870229007634 0.21374045801526717 0.0916030534351145 0.05725190839694656 0.026717557251908396 leishengchuan 4Сʱ_mousemovements
122.90300719047619 617.9336791999999 998.87730425 596.8548278000001 516.9174654999999 467.271072 0 0 581.8109157777777 442.6566213333333 445.697772 464.177414 186.4877286666667 246.60063814285715 159.68822825 474.809509 0.23076923076923078 0.07692307692307693 0.1282051282051282 0.07692307692307693 0.15384615384615385 0.1794871794871795 0.10256410256410256 0.05128205128205128 132.47445750505048 48.651209333333334 403.97114300000004 0.9166666666666666 0.05555555555555555 0.027777777777777776 0.5384615384615384 0.1282051282051282 0.10256410256410256 0.1282051282051282 0.05128205128205128 0.05128205128205128 0.0 0.0 0.6122448979591837 0.25510204081632654 0.04081632653061224 0.05102040816326531 0.04081632653061224 leishengchuan 4Сʱ_mousemovements
91.76767012903225 530.9299261428572 478.8004578 1171.8802564999999 0 0 0 1545.367554 348.249712 387.316939 386.2736465 169.4924774 25.834121714285715 190.75408950000002 722.6129352222222 162.28150233333335 0.08333333333333333 0.125 0.08333333333333333 0.10416666666666667 0.14583333333333334 0.20833333333333334 0.1875 0.0625 102.77812487407407 19.78573425 411.33611033333335 0.9507042253521126 0.028169014084507043 0.02112676056338028 0.6458333333333334 0.14583333333333334 0.10416666666666667 0.08333333333333333 0.0 0.0 0.0 0.020833333333333332 0.5826771653543307 0.2047244094488189 0.11023622047244094 0.05511811023622047 0.047244094488188976 leishengchuan 4Сʱ_mousemovements
165.9141905128205 392.71231980000005 531.828735 655.482178 516.663452 2396.4094845 1073.698639 2465.638875 258.90315879999997 822.486511 572.1801146 127.02836375000001 85.298777 790.748663 1018.4634656000001 393.73092454545446 0.08928571428571429 0.03571428571428571 0.08928571428571429 0.07142857142857142 0.23214285714285715 0.19642857142857142 0.08928571428571429 0.19642857142857142 161.10867176666665 11.083956700000002 157.7299255 0.8928571428571429 0.05952380952380952 0.047619047619047616 0.6964285714285714 0.08928571428571429 0.05357142857142857 0.017857142857142856 0.017857142857142856 0.03571428571428571 0.03571428571428571 0.05357142857142857 0.6538461538461539 0.19230769230769232 0.0641025641025641 0.0641025641025641 0.02564102564102564 leishengchuan 4Сʱ_mousemovements
0 0 0 0 0 0 0 0 0 0 0 0 0 0 0 0 0 0 0 0 0 0 0 0 0 0 0 0 0 0 0 0 0 0 0 0 0 0 0 0 0 0 0 leishengchuan 4Сʱ_mousemovements
87.66369383333335 336.28995875000004 0 1885.977173 0 1586.03418 0 0 159.1977195 208.6564018 622.8282803333333 111.15546 341.8888547142857 95.64082833333333 62.5 200.0 0.08333333333333333 0.20833333333333334 0.125 0.08333333333333333 0.2916666666666667 0.125 0.041666666666666664 0.041666666666666664 82.96071194805194 7.142857 0 0.9871794871794872 0.01282051282051282 0.0 0.75 0.16666666666666666 0.0 0.041666666666666664 0.0 0.041666666666666664 0.0 0.0 0.6515151515151515 0.2727272727272727 0.06060606060606061 0.015151515151515152 0.0 leishengchuan 4Сʱ_mousemovements
143.22372313636367 329.911321 688.2156576666666 1122.9722764 0 0 0 0 176.1570342 582.3462557777779 301.7997654285714 300.88066100000003 141.6273537142857 233.54076085714286 310.5261336666667 249.75272535714288 0.07936507936507936 0.14285714285714285 0.1111111111111111 0.031746031746031744 0.1111111111111111 0.1111111111111111 0.19047619047619047 0.2222222222222222 63.22472968807339 547.1569928571429 268.049923 0.9519650655021834 0.03056768558951965 0.017467248908296942 0.6984126984126984 0.12698412698412698 0.09523809523809523 0.07936507936507936 0.0 0.0 0.0 0.0 0.6338028169014085 0.24413145539906103 0.056338028169014086 0.051643192488262914 0.014084507042253521 leishengchuan 4Сʱ_mousemovements
101.44121163157897 508.35085760000004 495.43877299999997 866.9016799999999 921.1540219999999 0 1461.946594 2511.846436 80.5967825 272.3583903125 496.73887319999994 544.1286557999999 113.85498116666668 719.9001946249999 407.9671287 52.13970614285714 0.03389830508474576 0.2711864406779661 0.0847457627118644 0.0847457627118644 0.1016949152542373 0.13559322033898305 0.1694915254237288 0.11864406779661017 115.8865127919075 32.40488533333333 183.725052 0.9558011049723757 0.03314917127071823 0.011049723756906077 0.6440677966101694 0.0847457627118644 0.11864406779661017 0.06779661016949153 0.03389830508474576 0.0 0.03389830508474576 0.01694915254237288 0.5857988165680473 0.22485207100591717 0.11834319526627218 0.04142011834319527 0.029585798816568046 leishengchuan 4Сʱ_mousemovements
