146.0980057105263 393.1549222 572.5089415714285 446.2930971666667 1353.758301 1025.3268452500001 0 755.726074 145.5432775 198.23640853333336 464.3982909 292.70813725 212.314087 223.74857922222222 642.0336437777779 290.51813490000006 0.03225806451612903 0.24193548387096775 0.16129032258064516 0.06451612903225806 0.04838709677419355 0.14516129032258066 0.14516129032258066 0.16129032258064516 122.54180136645962 57.782942250000005 90.64999379999999 0.9470588235294117 0.023529411764705882 0.029411764705882353 0.6129032258064516 0.08064516129032258 0.11290322580645161 0.0967741935483871 0.016129032258064516 0.06451612903225806 0.0 0.016129032258064516 0.5070422535211268 0.24647887323943662 0.14084507042253522 0.056338028169014086 0.04929577464788732 leishengchuan 8Сʱ_mousemovements
140.16185491428573 331.15941825 0 401.324707 1151.330058 0 0 0 299.0738783333333 249.95765000000003 951.691162 260.75759525 120.70323179999998 141.836377 394.6371632 173.46793808333334 0.06382978723404255 0.19148936170212766 0.02127659574468085 0.1702127659574468 0.10638297872340426 0.0851063829787234 0.10638297872340426 0.2553191489361702 72.04581302499999 13.878197199999999 192.5261857142857 0.8633093525179856 0.03597122302158273 0.10071942446043165 0.7446808510638298 0.1702127659574468 0.0 0.02127659574468085 0.06382978723404255 0.0 0.0 0.0 0.6015625 0.1796875 0.0859375 0.0859375 0.046875 leishengchuan 8Сʱ_mousemovements
0 0 0 0 0 0 0 0 0 0 0 0 0 0 0 0 0 0 0 0 0 0 0 0 0 0 0 0 0 0 0 0 0 0 0 0 0 0 0 0 0 0 0 leishengchuan 8Сʱ_mousemovements
0 0 0 0 0 0 0 0 0 0 0 0 0 0 0 0 0 0 0 0 0 0 0 0 0 0 0 0 0 0 0 0 0 0 0 0 0 0 0 0 0 0 0 leishengchuan 8Сʱ_mousemovements
138.7841938888889 477.8726503333334 198.354279 861.1038970000001 0 0 1177.654785 0 229.655014 340.7131045 620.174561 0 0 353.0998471666667 138.83743233333334 742.435188 0.125 0.125 0.0625 0.0 0.0 0.375 0.1875 0.125 140.41201351219513 0 24.0 0.9761904761904762 0.0 0.023809523809523808 0.5625 0.1875 0.0625 0.125 0.0 0.0 0.0625 0.0 0.3888888888888889 0.5 0.027777777777777776 0.08333333333333333 0.0 leishengchuan 8Сʱ_mousemovements
1277.443115 0 0 0 0 0 2806.513428 0 0 2806.513428 0 0 0 0 1277.443115 0 0.0 0.5 0.0 0.0 0.0 0.0 0.5 0.0 510.49456787500003 0 0 1.0 0.0 0.0 0.5 0.0 0.0 0.0 0.0 0.0 0.5 0.0 0.8571428571428571 0.14285714285714285 0.0 0.0 0.0 leishengchuan 8Сʱ_mousemovements
0 0 0 0 0 0 0 0 0 0 0 0 0 0 0 0 0 0 0 0 0 0 0 0 0 0 0 0 0 0 0 0 0 0 0 0 0 0 0 0 0 0 0 leishengchuan 8Сʱ_mousemovements
127.3059441111111 0 703.4025115 0 0 0 0 820.416443 164.04658899999998 145.200958 27.522936 0 0 742.4071553333333 76.398329 0 0.4166666666666667 0.08333333333333333 0.08333333333333333 0.0 0.0 0.25 0.16666666666666666 0.0 140.5406234583333 0 0 1.0 0.0 0.0 0.75 0.0 0.16666666666666666 0.0 0.0 0.0 0.0 0.08333333333333333 0.47368421052631576 0.15789473684210525 0.15789473684210525 0.10526315789473684 0.10526315789473684 leishengchuan 8Сʱ_mousemovements
183.77038288000006 523.422082875 749.0870419 628.2856916666667 1832.1405945 881.416992 689.2116699999999 0 334.8337936666666 540.9865233333333 757.2378868 638.7065045555555 238.62493325 349.51939100000004 271.7602157272727 586.0320672 0.10909090909090909 0.10909090909090909 0.18181818181818182 0.16363636363636364 0.07272727272727272 0.07272727272727272 0.2 0.09090909090909091 135.88142041358026 49.78423433333334 260.31202816666666 0.8852459016393442 0.01639344262295082 0.09836065573770492 0.45454545454545453 0.14545454545454545 0.18181818181818182 0.10909090909090909 0.03636363636363636 0.03636363636363636 0.03636363636363636 0.0 0.5562130177514792 0.21301775147928995 0.14792899408284024 0.05325443786982249 0.029585798816568046 leishengchuan 8Сʱ_mousemovements
110.72831831034483 478.7185745 425.3675658 411.482452 0 657.259338 0 0 234.97369842857142 150.89489885714286 270.94028199999997 223.07351666666668 185.50944283333334 256.4783935 82.078852 159.161927 0.18421052631578946 0.18421052631578946 0.07894736842105263 0.07894736842105263 0.15789473684210525 0.10526315789473684 0.07894736842105263 0.13157894736842105 63.26387606422017 3.546099 153.76110333333335 0.956140350877193 0.017543859649122806 0.02631578947368421 0.7631578947368421 0.05263157894736842 0.13157894736842105 0.02631578947368421 0.0 0.02631578947368421 0.0 0.0 0.6595744680851063 0.18085106382978725 0.07446808510638298 0.0425531914893617 0.0425531914893617 leishengchuan 8Сʱ_mousemovements
244.79834514999993 243.3866995 662.2434425 238.024673 635.167969 0 0 0 270.9905461428571 640.4298806666667 211.85414916666664 253.3546215 416.966858 1201.20874 126.3154325 47.533716 0.25 0.10714285714285714 0.21428571428571427 0.07142857142857142 0.03571428571428571 0.03571428571428571 0.21428571428571427 0.07142857142857142 105.46919563636364 92.09356540000002 322.87924449999997 0.9041095890410958 0.0684931506849315 0.0273972602739726 0.7142857142857143 0.14285714285714285 0.07142857142857142 0.03571428571428571 0.03571428571428571 0.0 0.0 0.0 0.49206349206349204 0.2222222222222222 0.20634920634920634 0.047619047619047616 0.031746031746031744 leishengchuan 8Сʱ_mousemovements
0 0 0 0 0 0 0 0 0 0 0 0 0 0 0 0 0 0 0 0 0 0 0 0 0 0 0 0 0 0 0 0 0 0 0 0 0 0 0 0 0 0 0 leishengchuan 8Сʱ_mousemovements
108.6931042 392.932266 348.539215 851.7099304999999 0 0 1537.088745 875.299072 0 216.54757874999999 385.921356 1009.548767 348.539215 727.9202013333334 112.48234133333331 875.299072 0.0 0.2222222222222222 0.1111111111111111 0.05555555555555555 0.05555555555555555 0.16666666666666666 0.3333333333333333 0.05555555555555555 162.35805463414636 36.6972465 0.0 0.9318181818181818 0.045454545454545456 0.022727272727272728 0.5555555555555556 0.16666666666666666 0.05555555555555555 0.1111111111111111 0.0 0.0 0.05555555555555555 0.05555555555555555 0.5121951219512195 0.21951219512195122 0.0975609756097561 0.12195121951219512 0.04878048780487805 leishengchuan 8Сʱ_mousemovements
1800.28418 0 5501.682617 0 0 1580.551147 0 0 1580.551147 0 3650.9833985000005 0 0 0 0 0 0.3333333333333333 0.0 0.6666666666666666 0.0 0.0 0.0 0.0 0.0 888.2517944000001 0 0 1.0 0.0 0.0 0.3333333333333333 0.0 0.3333333333333333 0.0 0.0 0.3333333333333333 0.0 0.0 0.75 0.25 0.0 0.0 0.0 leishengchuan 8Сʱ_mousemovements
198.7740575 0 0 0 0 0 0 0 0 301.847309 0 0 0 94.627419 96.774193 0 0.0 0.5 0.0 0.0 0.0 0.25 0.25 0.0 99.38702875 0 0 1.0 0.0 0.0 1.0 0.0 0.0 0.0 0.0 0.0 0.0 0.0 1.0 0.0 0.0 0.0 0.0 leishengchuan 8Сʱ_mousemovements
145.5565230769231 323.74550800000003 468.748596 366.4439395 0 0 2092.466553 5109.28302 265.624298 805.059845 411.104244 167.97770400000002 0 50.755212 2020.8876741666666 167.39603424999999 0.08695652173913043 0.08695652173913043 0.08695652173913043 0.21739130434782608 0.0 0.08695652173913043 0.2608695652173913 0.17391304347826086 247.42669795384617 11.0921985 148.741534 0.9154929577464789 0.028169014084507043 0.056338028169014086 0.5652173913043478 0.17391304347826086 0.043478260869565216 0.08695652173913043 0.0 0.0 0.043478260869565216 0.08695652173913043 0.46551724137931033 0.3103448275862069 0.06896551724137931 0.05172413793103448 0.10344827586206896 leishengchuan 8Сʱ_mousemovements
68.08649857142856 237.47799446153846 198.8253652 654.6207092000001 1064.187012 249.4009875 656.469238 489.3601075 238.1449305 221.95264700000007 225.31407025000001 181.7898954 160.34399224999999 265.7595328571429 69.02730766666666 204.44192622222224 0.0898876404494382 0.12359550561797752 0.0898876404494382 0.16853932584269662 0.1797752808988764 0.07865168539325842 0.16853932584269662 0.10112359550561797 56.36771755785125 32.24800186666666 136.83329559999999 0.8897058823529411 0.05514705882352941 0.05514705882352941 0.6292134831460674 0.14606741573033707 0.056179775280898875 0.056179775280898875 0.011235955056179775 0.0449438202247191 0.033707865168539325 0.02247191011235955 0.5569620253164557 0.20675105485232068 0.1308016877637131 0.05907172995780591 0.046413502109704644 leishengchuan 8Сʱ_mousemovements
94.77559144444446 402.118713 1262.569946 430.203796 0 498.8873443333334 926.559692 1478.212769 54.823462500000005 146.594768 72.642845 840.4116006666667 318.3263816666667 564.7967375000001 54.53546133333333 394.45646875 0.07692307692307693 0.3076923076923077 0.038461538461538464 0.11538461538461539 0.11538461538461539 0.07692307692307693 0.11538461538461539 0.15384615384615385 120.67968757627118 7.8285713999999995 181.01439033333335 0.8805970149253731 0.07462686567164178 0.04477611940298507 0.6923076923076923 0.038461538461538464 0.038461538461538464 0.038461538461538464 0.0 0.11538461538461539 0.038461538461538464 0.038461538461538464 0.4727272727272727 0.2909090909090909 0.14545454545454545 0.07272727272727272 0.01818181818181818 leishengchuan 8Сʱ_mousemovements
152.25182620000004 1506.588989 990.259827 0 0 351.099609 0 0 68.029602 112.88480716666665 1506.588989 0 0 351.099609 0 441.859911 0.07692307692307693 0.46153846153846156 0.07692307692307693 0.0 0.0 0.07692307692307693 0.0 0.3076923076923077 87.34199368000002 0 3.367003 0.9803921568627451 0.0 0.0196078431372549 0.7692307692307693 0.07692307692307693 0.07692307692307693 0.0 0.0 0.07692307692307693 0.0 0.0 0.6666666666666666 0.2857142857142857 0.047619047619047616 0.0 0.0 leishengchuan 8Сʱ_mousemovements
86.28205940000001 339.379547 0 0 0 0 0 0 52.8811395 227.731354 0 0 48.958332 0 0 339.379547 0.3333333333333333 0.16666666666666666 0.0 0.0 0.3333333333333333 0.0 0.0 0.16666666666666666 55.05641742857143 0 0 1.0 0.0 0.0 0.8333333333333334 0.16666666666666666 0.0 0.0 0.0 0.0 0.0 0.0 0.6363636363636364 0.09090909090909091 0.2727272727272727 0.0 0.0 leishengchuan 8Сʱ_mousemovements
102.95762339393941 282.0910186666667 254.263178 328.222698 689.68956775 864.798401 0 600.0799865 275.84119699999997 262.5958328888889 180.92259822222223 162.669027 313.80974266666664 449.29194766666666 226.6149507777778 71.53802875 0.061224489795918366 0.1836734693877551 0.1836734693877551 0.12244897959183673 0.12244897959183673 0.061224489795918366 0.1836734693877551 0.08163265306122448 63.12696369343067 17.265934166666668 236.33045209090912 0.8896103896103896 0.03896103896103896 0.07142857142857142 0.673469387755102 0.061224489795918366 0.061224489795918366 0.04081632653061224 0.08163265306122448 0.04081632653061224 0.0 0.04081632653061224 0.539568345323741 0.23741007194244604 0.08633093525179857 0.09352517985611511 0.04316546762589928 leishengchuan 8Сʱ_mousemovements
67.47329850000001 292.4027175 47.61462 551.3125846 399.141113 898.929321 0 419.995972 219.089961 154.31667362500002 231.56008042857144 106.73545250000001 116.72418439999998 46.198643 452.7600770000001 59.136387 0.14285714285714285 0.22857142857142856 0.2 0.05714285714285714 0.14285714285714285 0.02857142857142857 0.14285714285714285 0.05714285714285714 54.149774398230086 28.91727825 235.4184415 0.9338842975206612 0.03305785123966942 0.03305785123966942 0.6285714285714286 0.11428571428571428 0.02857142857142857 0.14285714285714285 0.02857142857142857 0.02857142857142857 0.0 0.02857142857142857 0.5980392156862745 0.22549019607843138 0.10784313725490197 0.049019607843137254 0.0196078431372549 leishengchuan 8Сʱ_mousemovements
58.43356747058823 375.021515 0 0 0 0 0 0 30.690536 74.8696515 0 76.171631 35.53588233333333 94.280907 354.838715 35.61517133333333 0.05555555555555555 0.4444444444444444 0.0 0.05555555555555555 0.16666666666666666 0.05555555555555555 0.05555555555555555 0.16666666666666666 28.508170041666663 0 0 1.0 0.0 0.0 0.9444444444444444 0.05555555555555555 0.0 0.0 0.0 0.0 0.0 0.0 0.5641025641025641 0.3333333333333333 0.07692307692307693 0.0 0.02564102564102564 leishengchuan 8Сʱ_mousemovements
70.56354846478871 285.7941583846154 421.16052249999996 477.7945565 99.309555 0 0 0 78.93384875 42.6490428 208.56930633333332 116.65645986666668 116.58480072727274 118.56322316666667 157.66868675 172.99105849999998 0.08791208791208792 0.10989010989010989 0.13186813186813187 0.16483516483516483 0.24175824175824176 0.06593406593406594 0.08791208791208792 0.10989010989010989 34.17295824110672 30.929344399999998 117.54505833333334 0.8754325259515571 0.05190311418685121 0.0726643598615917 0.7802197802197802 0.14285714285714285 0.02197802197802198 0.04395604395604396 0.01098901098901099 0.0 0.0 0.0 0.6278195488721805 0.17669172932330826 0.12781954887218044 0.05263157894736842 0.015037593984962405 leishengchuan 8Сʱ_mousemovements
77.15985280769229 250.9207991 345.5259035 273.6806375 0 894.8386536666667 1764.8287355 853.225647 133.36098466666667 185.66697261538462 228.7743996 154.2097769 109.24986387999998 136.73563331249997 336.3059990833333 130.39739966666664 0.03 0.13 0.15 0.1 0.25 0.16 0.12 0.06 51.10223773356402 26.089392500000002 103.9624936666667 0.8947368421052632 0.030959752321981424 0.07430340557275542 0.78 0.1 0.04 0.02 0.0 0.03 0.02 0.01 0.5433333333333333 0.25333333333333335 0.10666666666666667 0.06333333333333334 0.03333333333333333 leishengchuan 8Сʱ_mousemovements
95.60505428571426 296.6349029 340.7787015 1009.2507080000001 0 1494.882446 1992.422607 0 244.99824957142854 507.66920366666665 394.437321 289.1541593333333 175.6281635 255.7888045 633.5783537142858 156.2892073333333 0.14583333333333334 0.1875 0.08333333333333333 0.0625 0.08333333333333333 0.16666666666666666 0.14583333333333334 0.125 101.11191396093749 13.069831 321.3520700833333 0.8888888888888888 0.027777777777777776 0.08333333333333333 0.5833333333333334 0.20833333333333334 0.041666666666666664 0.10416666666666667 0.0 0.020833333333333332 0.041666666666666664 0.0 0.6220472440944882 0.13385826771653545 0.16535433070866143 0.05511811023622047 0.023622047244094488 leishengchuan 8Сʱ_mousemovements
104.34209048484848 469.3304322 907.9846482 842.308533 1380.3729094999999 539.090271 728.804749 0 102.16197283333334 152.77946866666665 383.9673781666666 413.0578215714285 129.94436183333335 107.238299 745.8369509999999 362.444164625 0.125 0.125 0.125 0.14583333333333334 0.125 0.0625 0.125 0.16666666666666666 91.85636976623375 0.0 175.822136 0.9565217391304348 0.006211180124223602 0.037267080745341616 0.6875 0.10416666666666667 0.10416666666666667 0.020833333333333332 0.041666666666666664 0.020833333333333332 0.020833333333333332 0.0 0.5714285714285714 0.2357142857142857 0.11428571428571428 0.05714285714285714 0.02142857142857143 leishengchuan 8Сʱ_mousemovements
86.8286887142857 508.42934257142855 1224.1461945 343.4326475 525.486145 310.549988 0 0 172.6282425 167.897044375 281.749221 546.082802 282.0484786 234.7424408 124.64109255555556 308.83011999999997 0.047619047619047616 0.19047619047619047 0.09523809523809523 0.11904761904761904 0.11904761904761904 0.11904761904761904 0.21428571428571427 0.09523809523809523 87.17446047619048 187.58686866666665 128.46828133333335 0.9210526315789473 0.02631578947368421 0.05263157894736842 0.6666666666666666 0.16666666666666666 0.047619047619047616 0.047619047619047616 0.047619047619047616 0.023809523809523808 0.0 0.0 0.5656565656565656 0.2828282828282828 0.10101010101010101 0.030303030303030304 0.020202020202020204 leishengchuan 8Сʱ_mousemovements
0 0 0 0 0 0 0 0 0 0 0 0 0 0 0 0 0 0 0 0 0 0 0 0 0 0 0 0 0 0 0 0 0 0 0 0 0 0 0 0 0 0 0 leishengchuan 8Сʱ_mousemovements
0 0 0 0 0 0 0 0 0 0 0 0 0 0 0 0 0 0 0 0 0 0 0 0 0 0 0 0 0 0 0 0 0 0 0 0 0 0 0 0 0 0 0 leishengchuan 8Сʱ_mousemovements
