115.75752038461539 448.531667 472.63273133333337 1507.17627 0 79.658104 0 0 0 810.6412456666667 310.08749950000004 342.21603400000004 129.051941 0 90.31117925000001 107.3809796 0.0 0.14285714285714285 0.19047619047619047 0.14285714285714285 0.09523809523809523 0.0 0.19047619047619047 0.23809523809523808 72.50656599999999 79.658104 168.76238999999998 0.9615384615384616 0.01282051282051282 0.02564102564102564 0.6190476190476191 0.14285714285714285 0.14285714285714285 0.047619047619047616 0.0 0.047619047619047616 0.0 0.0 0.6 0.25 0.08333333333333333 0.016666666666666666 0.05 shenyanping 6Сʱ_mousemovements
682.6583016000001 1836.164673 0 0 0 0 0 0 0 0 0 0 0 0 0 874.9093635 0.0 0.0 0.0 0.0 0.0 0.0 0.0 1.0 437.45468175 0 0 1.0 0.0 0.0 0.8333333333333334 0.16666666666666666 0.0 0.0 0.0 0.0 0.0 0.0 0.8571428571428571 0.14285714285714285 0.0 0.0 0.0 shenyanping 6Сʱ_mousemovements
120.61380575 0 719.2784425 0 0 0 0 0 92.082298 70.669365 488.620373 0 0 283.769905 75.633553 206.76718633333334 0.1 0.1 0.2 0.0 0.0 0.2 0.1 0.3 64.46618868571429 71.517174 75.633553 0.9459459459459459 0.02702702702702703 0.02702702702702703 0.8 0.0 0.2 0.0 0.0 0.0 0.0 0.0 0.7 0.13333333333333333 0.1 0.03333333333333333 0.03333333333333333 shenyanping 6Сʱ_mousemovements
239.67331419999996 1107.970581 659.5643264 699.0073293333334 0 416.387451 0 0 615.404541 398.4772835 840.696949 580.8183186666666 443.399465 28.4737525 442.51141924999996 440.845085 0.05 0.1 0.1 0.15 0.15 0.1 0.2 0.15 161.37387047272728 89.223 175.574459 0.9482758620689655 0.017241379310344827 0.034482758620689655 0.5 0.05 0.25 0.15 0.0 0.05 0.0 0.0 0.5 0.2826086956521739 0.1956521739130435 0.0 0.021739130434782608 shenyanping 6Сʱ_mousemovements
932.918823 0 0 0 0 0 0 0 0 0 0 932.918823 0 0 0 0 0.0 0.0 0.0 1.0 0.0 0.0 0.0 0.0 466.4594115 0 0 1.0 0.0 0.0 1.0 0.0 0.0 0.0 0.0 0.0 0.0 0.0 1.0 0.0 0.0 0.0 0.0 shenyanping 6Сʱ_mousemovements
269.6463074545454 684.001404 488.130585 4172.850586 1496.246175 0 0 0 0 272.02410875 4172.850586 1007.5443515 0 225.588364 421.90951799999993 751.660583 0.0 0.23529411764705882 0.058823529411764705 0.23529411764705882 0.0 0.058823529411764705 0.35294117647058826 0.058823529411764705 263.58610535555556 32.196571 453.129585 0.9375 0.020833333333333332 0.041666666666666664 0.6470588235294118 0.058823529411764705 0.058823529411764705 0.058823529411764705 0.17647058823529413 0.0 0.0 0.0 0.6097560975609756 0.2682926829268293 0.0975609756097561 0.0 0.024390243902439025 shenyanping 6Сʱ_mousemovements
147.45077835714284 505.71688389999997 474.5601544285715 518.1557038 401.713776 0 0 2001.286743 141.29638433333332 257.33235783333333 273.45804025 231.6290285 570.8101655 603.3727568888888 307.8477673333333 170.8931092 0.057692307692307696 0.23076923076923078 0.15384615384615385 0.038461538461538464 0.07692307692307693 0.17307692307692307 0.17307692307692307 0.09615384615384616 112.57081775510206 84.3812288 66.45929975 0.91875 0.03125 0.05 0.5384615384615384 0.19230769230769232 0.1346153846153846 0.09615384615384616 0.019230769230769232 0.0 0.0 0.019230769230769232 0.5144927536231884 0.2463768115942029 0.10144927536231885 0.09420289855072464 0.043478260869565216 shenyanping 6Сʱ_mousemovements
221.18513450000003 484.06413 369.248413 1018.092346 1571.3937835 4091.530273 0 0 348.41881525 332.48561450000005 568.450287 1218.6452258571428 143.47669733333333 365.5358185714286 230.44068900000002 106.859525 0.12121212121212122 0.12121212121212122 0.06060606060606061 0.21212121212121213 0.09090909090909091 0.21212121212121213 0.09090909090909091 0.09090909090909091 147.72453249514564 66.21525425 182.3256948 0.9196428571428571 0.03571428571428571 0.044642857142857144 0.6666666666666666 0.18181818181818182 0.030303030303030304 0.030303030303030304 0.06060606060606061 0.030303030303030304 0.0 0.0 0.5428571428571428 0.2857142857142857 0.0761904761904762 0.047619047619047616 0.047619047619047616 shenyanping 6Сʱ_mousemovements
181.12246910752697 487.5511222000001 611.2051736 972.638319125 884.8975089285715 1502.1330954545454 1754.5267181250001 2464.6275635 611.5244947692308 610.6851084615386 985.146151117647 487.63944383783786 384.92293394117655 601.5596955000001 587.0994776399999 501.87869194117656 0.143646408839779 0.0718232044198895 0.09392265193370165 0.20441988950276244 0.09392265193370165 0.06629834254143646 0.13812154696132597 0.1878453038674033 157.0321236227347 294.298761 160.80632354761906 0.9253048780487805 0.010670731707317074 0.06402439024390244 0.5138121546961326 0.11049723756906077 0.08287292817679558 0.08839779005524862 0.07734806629834254 0.06077348066298342 0.04419889502762431 0.022099447513812154 0.6181818181818182 0.22975206611570248 0.07768595041322314 0.049586776859504134 0.024793388429752067 shenyanping 6Сʱ_mousemovements
129.5338478461539 283.7345581111111 166.2210005 556.276294 848.3491006666667 0 2427.439453 1151.7699282499998 601.7505493333333 83.929554 592.3237449999999 507.6038979 1067.5259586666666 191.01824075 161.79550377777778 258.23496115384614 0.05660377358490566 0.03773584905660377 0.16981132075471697 0.18867924528301888 0.05660377358490566 0.07547169811320754 0.16981132075471697 0.24528301886792453 82.08155178026905 0.0 158.65234783333335 0.9214876033057852 0.004132231404958678 0.0743801652892562 0.49056603773584906 0.16981132075471697 0.03773584905660377 0.09433962264150944 0.11320754716981132 0.0 0.018867924528301886 0.07547169811320754 0.5813953488372093 0.20930232558139536 0.09302325581395349 0.07906976744186046 0.037209302325581395 shenyanping 6Сʱ_mousemovements
130.36122973333332 766.5903015 821.5042726666667 0 0 0 744.209595 0 570.830587 427.45486266666666 693.85259725 229.2393245 217.7325496 0 225.7657624 439.14857366666666 0.12 0.12 0.16 0.08 0.2 0.0 0.2 0.12 84.130220375 9.174312 335.60144 0.9411764705882353 0.00980392156862745 0.049019607843137254 0.6 0.24 0.12 0.0 0.0 0.0 0.04 0.0 0.6526315789473685 0.24210526315789474 0.05263157894736842 0.042105263157894736 0.010526315789473684 shenyanping 6Сʱ_mousemovements
161.51257120588232 516.7621556315789 633.3263172941176 695.4836391176472 1033.6231492941174 1123.7194603636365 1617.1638183750001 934.43363575 496.7123333142856 494.59168953571424 914.0334720000001 494.12105933333333 365.1144623043478 542.4579027647059 261.25704908333336 518.8071879130434 0.17587939698492464 0.1407035175879397 0.08542713567839195 0.07537688442211055 0.11557788944723618 0.1708542713567839 0.12060301507537688 0.11557788944723618 120.20877984074603 133.47496457142856 213.35257960294118 0.9028497409326425 0.009067357512953367 0.08808290155440414 0.5125628140703518 0.09547738693467336 0.08542713567839195 0.08542713567839195 0.08542713567839195 0.05527638190954774 0.04020100502512563 0.04020100502512563 0.6014285714285714 0.23285714285714285 0.06714285714285714 0.06285714285714286 0.03571428571428571 shenyanping 6Сʱ_mousemovements
