129.5577462 513.6692506666667 677.26709 0 1509.246216 0 0 918.436279 19.771236 353.32923733333337 976.0323689999999 291.06910424999995 136.2824475 195.6983905 0 105.440651 0.0625 0.1875 0.1875 0.25 0.125 0.125 0.0 0.0625 100.38668880434781 269.432281 263.57870825 0.9019607843137255 0.0196078431372549 0.0784313725490196 0.625 0.1875 0.0625 0.0 0.0625 0.0 0.0 0.0625 0.5869565217391305 0.32608695652173914 0.043478260869565216 0.021739130434782608 0.021739130434782608 shenyanping 9Сʱ_mousemovements
0 0 0 0 0 0 0 0 0 0 0 0 0 0 0 0 0 0 0 0 0 0 0 0 0 0 0 0 0 0 0 0 0 0 0 0 0 0 0 0 0 0 0 shenyanping 9Сʱ_mousemovements
0 0 0 0 0 0 0 0 0 0 0 0 0 0 0 0 0 0 0 0 0 0 0 0 0 0 0 0 0 0 0 0 0 0 0 0 0 0 0 0 0 0 0 shenyanping 9Сʱ_mousemovements
0 0 0 0 0 0 0 0 0 0 0 0 0 0 0 0 0 0 0 0 0 0 0 0 0 0 0 0 0 0 0 0 0 0 0 0 0 0 0 0 0 0 0 shenyanping 9Сʱ_mousemovements
0 0 0 0 0 0 0 0 0 0 0 0 0 0 0 0 0 0 0 0 0 0 0 0 0 0 0 0 0 0 0 0 0 0 0 0 0 0 0 0 0 0 0 shenyanping 9Сʱ_mousemovements
0 0 0 0 0 0 0 0 0 0 0 0 0 0 0 0 0 0 0 0 0 0 0 0 0 0 0 0 0 0 0 0 0 0 0 0 0 0 0 0 0 0 0 shenyanping 9Сʱ_mousemovements
0 0 0 0 0 0 0 0 0 0 0 0 0 0 0 0 0 0 0 0 0 0 0 0 0 0 0 0 0 0 0 0 0 0 0 0 0 0 0 0 0 0 0 shenyanping 9Сʱ_mousemovements
0 0 0 0 0 0 0 0 0 0 0 0 0 0 0 0 0 0 0 0 0 0 0 0 0 0 0 0 0 0 0 0 0 0 0 0 0 0 0 0 0 0 0 shenyanping 9Сʱ_mousemovements
0 0 0 0 0 0 0 0 0 0 0 0 0 0 0 0 0 0 0 0 0 0 0 0 0 0 0 0 0 0 0 0 0 0 0 0 0 0 0 0 0 0 0 shenyanping 9Сʱ_mousemovements
0 0 0 0 0 0 0 0 0 0 0 0 0 0 0 0 0 0 0 0 0 0 0 0 0 0 0 0 0 0 0 0 0 0 0 0 0 0 0 0 0 0 0 shenyanping 9Сʱ_mousemovements
0 0 0 0 0 0 0 0 0 0 0 0 0 0 0 0 0 0 0 0 0 0 0 0 0 0 0 0 0 0 0 0 0 0 0 0 0 0 0 0 0 0 0 shenyanping 9Сʱ_mousemovements
0 0 0 0 0 0 0 0 0 0 0 0 0 0 0 0 0 0 0 0 0 0 0 0 0 0 0 0 0 0 0 0 0 0 0 0 0 0 0 0 0 0 0 shenyanping 9Сʱ_mousemovements
0 0 0 0 0 0 0 0 0 0 0 0 0 0 0 0 0 0 0 0 0 0 0 0 0 0 0 0 0 0 0 0 0 0 0 0 0 0 0 0 0 0 0 shenyanping 9Сʱ_mousemovements
0 0 0 0 0 0 0 0 0 0 0 0 0 0 0 0 0 0 0 0 0 0 0 0 0 0 0 0 0 0 0 0 0 0 0 0 0 0 0 0 0 0 0 shenyanping 9Сʱ_mousemovements
0 0 0 0 0 0 0 0 0 0 0 0 0 0 0 0 0 0 0 0 0 0 0 0 0 0 0 0 0 0 0 0 0 0 0 0 0 0 0 0 0 0 0 shenyanping 9Сʱ_mousemovements
0 0 0 0 0 0 0 0 0 0 0 0 0 0 0 0 0 0 0 0 0 0 0 0 0 0 0 0 0 0 0 0 0 0 0 0 0 0 0 0 0 0 0 shenyanping 9Сʱ_mousemovements
355.062592 1556.023438 0 0 7352.86084 0 0 0 0 0 0 0 0 955.543015 7352.86084 0 0.0 0.0 0.0 0.0 0.0 0.6666666666666666 0.3333333333333333 0.0 1543.991145 0 0 1.0 0.0 0.0 0.3333333333333333 0.3333333333333333 0.0 0.0 0.3333333333333333 0.0 0.0 0.0 0.8 0.0 0.0 0.0 0.2 shenyanping 9Сʱ_mousemovements
0 0 0 0 0 0 0 0 0 0 0 0 0 0 0 0 0 0 0 0 0 0 0 0 0 0 0 0 0 0 0 0 0 0 0 0 0 0 0 0 0 0 0 shenyanping 9Сʱ_mousemovements
0 0 0 0 0 0 0 0 0 0 0 0 0 0 0 0 0 0 0 0 0 0 0 0 0 0 0 0 0 0 0 0 0 0 0 0 0 0 0 0 0 0 0 shenyanping 9Сʱ_mousemovements
260.278137 0 0 0 0 0 0 0 0 0 0 0 260.278137 0 0 0 0.0 0.0 0.0 0.0 1.0 0.0 0.0 0.0 65.06953425 0 0 1.0 0.0 0.0 1.0 0.0 0.0 0.0 0.0 0.0 0.0 0.0 0.6666666666666666 0.0 0.0 0.0 0.3333333333333333 shenyanping 9Сʱ_mousemovements
0 0 0 1393.782104 0 0 0 0 0 0 0 0 0 0 0 1393.782104 0.0 0.0 0.0 0.0 0.0 0.0 0.0 1.0 696.891052 0 0 1.0 0.0 0.0 0.0 0.0 0.0 1.0 0.0 0.0 0.0 0.0 0.0 1.0 0.0 0.0 0.0 shenyanping 9Сʱ_mousemovements
103.27804630769229 1177.751221 738.9446969999999 2246.141846 474.704651 0 0 0 1345.1100213333332 243.183103 94.19217033333332 660.455185 192.46269466666664 64.6588405 148.970871 117.00176049999999 0.15789473684210525 0.15789473684210525 0.15789473684210525 0.10526315789473684 0.15789473684210525 0.10526315789473684 0.05263157894736842 0.10526315789473684 89.98195531343283 0 238.20923416666668 0.9178082191780822 0.0 0.0821917808219178 0.6842105263157895 0.05263157894736842 0.15789473684210525 0.05263157894736842 0.05263157894736842 0.0 0.0 0.0 0.6515151515151515 0.22727272727272727 0.06060606060606061 0.030303030303030304 0.030303030303030304 shenyanping 9Сʱ_mousemovements
78.57744033333334 282.865265 438.072281 1243.518677 1825.063843 1666.6519475 724.588379 0 292.167877 172.1122 2325.460938 1076.2686159999998 71.050667 772.976013 73.6021765 376.56104874999994 0.0625 0.125 0.0625 0.25 0.0625 0.0625 0.125 0.25 189.51827741304348 7.142857 346.47309633333333 0.92 0.02 0.06 0.375 0.125 0.125 0.0625 0.0625 0.125 0.125 0.0 0.5111111111111111 0.24444444444444444 0.13333333333333333 0.022222222222222223 0.08888888888888889 shenyanping 9Сʱ_mousemovements
124.74442658333334 1098.3356812 285.600174 318.860809 1348.368896 469.8685 427.472687 0 317.9519955 868.1609440000001 416.7217405 136.153872 363.1002914 685.5775715 420.9855195 248.4340873333333 0.08695652173913043 0.17391304347826086 0.08695652173913043 0.13043478260869565 0.21739130434782608 0.08695652173913043 0.08695652173913043 0.13043478260869565 89.89455527906976 252.04792533333332 204.663404375 0.8865979381443299 0.030927835051546393 0.08247422680412371 0.5217391304347826 0.21739130434782608 0.08695652173913043 0.043478260869565216 0.043478260869565216 0.043478260869565216 0.043478260869565216 0.0 0.5795454545454546 0.2727272727272727 0.07954545454545454 0.056818181818181816 0.011363636363636364 shenyanping 9Сʱ_mousemovements
99.06058156249999 230.388 319.213191 1093.964462 0 0 0 0 51.275581 9.032128 60.88859933333333 195.529316 667.465328 17.351954 90.510139 178.94435324999998 0.09090909090909091 0.045454545454545456 0.13636363636363635 0.2727272727272727 0.18181818181818182 0.045454545454545456 0.045454545454545456 0.18181818181818182 42.783348562499995 8.270255 117.69135861538462 0.851063829787234 0.010638297872340425 0.13829787234042554 0.7272727272727273 0.045454545454545456 0.13636363636363635 0.09090909090909091 0.0 0.0 0.0 0.0 0.6428571428571429 0.2261904761904762 0.07142857142857142 0.011904761904761904 0.047619047619047616 shenyanping 9Сʱ_mousemovements
191.6729735 32.530544 978.579285 0 635.570068 0 0 39.563564 0 531.6409556666666 0 163.051498 628.831892 0 32.530544 0 0.0 0.42857142857142855 0.0 0.14285714285714285 0.2857142857142857 0.0 0.14285714285714285 0.0 79.89343696428571 36.047054 739.05835 0.9032258064516129 0.06451612903225806 0.03225806451612903 0.2857142857142857 0.14285714285714285 0.2857142857142857 0.0 0.14285714285714285 0.0 0.0 0.14285714285714285 0.52 0.28 0.08 0.04 0.08 shenyanping 9Сʱ_mousemovements
170.8323512857143 447.00940466666674 0 0 456.45813 868.025391 2127.800293 0 296.54227449999996 598.4999545000001 868.025391 71.911339 0 0 759.6402653333331 193.55597699999998 0.3076923076923077 0.15384615384615385 0.07692307692307693 0.07692307692307693 0.0 0.0 0.23076923076923078 0.15384615384615385 162.51729879411766 7.092198 456.45813 0.9444444444444444 0.027777777777777776 0.027777777777777776 0.5384615384615384 0.23076923076923078 0.0 0.0 0.07692307692307693 0.07692307692307693 0.07692307692307693 0.0 0.5625 0.28125 0.0625 0.0625 0.03125 shenyanping 9Сʱ_mousemovements
240.00687633333334 298.664692 857.4032846666665 620.39783475 759.652298 0 0 1538.3500975 917.8513843333334 874.4871366 0 421.59364725000006 0 275.59991799999995 259.55003925 444.07663560000003 0.1111111111111111 0.18518518518518517 0.0 0.14814814814814814 0.0 0.2222222222222222 0.14814814814814814 0.18518518518518517 104.5828785483871 264.86040133333336 301.147144375 0.8691588785046729 0.056074766355140186 0.07476635514018691 0.4444444444444444 0.14814814814814814 0.1111111111111111 0.14814814814814814 0.07407407407407407 0.0 0.0 0.07407407407407407 0.7087378640776699 0.14563106796116504 0.0970873786407767 0.019417475728155338 0.02912621359223301 shenyanping 9Сʱ_mousemovements
180.4088620909091 456.5637536666666 333.494934 1210.774756 1917.648804 2146.652344 1275.734741 1458.606964 457.1496321666666 706.6182366 1124.7417512 983.7288463333334 853.16864 1739.8713915 421.73562225 45.28302 0.2222222222222222 0.18518518518518517 0.18518518518518517 0.1111111111111111 0.037037037037037035 0.07407407407407407 0.14814814814814814 0.037037037037037035 184.8251894623656 14.486998333333332 368.38175880000006 0.8773584905660378 0.02830188679245283 0.09433962264150944 0.4074074074074074 0.1111111111111111 0.037037037037037035 0.18518518518518517 0.037037037037037035 0.037037037037037035 0.037037037037037035 0.14814814814814814 0.6568627450980392 0.23529411764705882 0.049019607843137254 0.0196078431372549 0.0392156862745098 shenyanping 9Сʱ_mousemovements
270.59615525 331.65445466666665 1041.579834 4130.961914 2228.694824 3999.025391 2895.5902100000003 0 0 1382.6005586 636.5429995 0 0 3999.025391 1160.403839 1587.6228356666668 0.0 0.38461538461538464 0.15384615384615385 0.0 0.0 0.07692307692307693 0.15384615384615385 0.23076923076923078 545.3545417941177 172.368088 554.367859 0.9444444444444444 0.027777777777777776 0.027777777777777776 0.3076923076923077 0.23076923076923078 0.07692307692307693 0.07692307692307693 0.07692307692307693 0.07692307692307693 0.15384615384615385 0.0 0.45161290322580644 0.45161290322580644 0.03225806451612903 0.0 0.06451612903225806 shenyanping 9Сʱ_mousemovements
0 0 0 0 0 0 0 0 0 0 0 0 0 0 0 0 0 0 0 0 0 0 0 0 0 0 0 0 0 0 0 0 0 0 0 0 0 0 0 0 0 0 0 shenyanping 9Сʱ_mousemovements
415.15285 0 0 1017.378479 0 0 1582.021973 0 0 1582.021973 0 641.5254669999999 0 106.588646 0 873.197449 0.0 0.2 0.0 0.4 0.0 0.2 0.0 0.2 287.55925815384614 0 106.588646 0.9285714285714286 0.0 0.07142857142857142 0.6 0.0 0.0 0.2 0.0 0.0 0.2 0.0 0.5833333333333334 0.3333333333333333 0.0 0.08333333333333333 0.0 shenyanping 9Сʱ_mousemovements
116.308105 431.618408 0 0 0 0 0 0 0 431.618408 0 0 0 116.308105 0 0 0.0 0.5 0.0 0.0 0.0 0.5 0.0 0.0 136.98162825 0 0 1.0 0.0 0.0 0.5 0.5 0.0 0.0 0.0 0.0 0.0 0.0 0.5 0.0 0.5 0.0 0.0 shenyanping 9Сʱ_mousemovements
593.6532595 138.521286 1997.922729 0 0 0 0 0 0 0 874.806519 0 0 1997.922729 138.521286 312.5 0.0 0.0 0.25 0.0 0.0 0.25 0.25 0.25 289.56629527272725 0 138.521286 0.9166666666666666 0.0 0.08333333333333333 0.5 0.25 0.25 0.0 0.0 0.0 0.0 0.0 0.9 0.0 0.0 0.1 0.0 shenyanping 9Сʱ_mousemovements
68.23352299999999 353.602585 978.8021926666667 275.496918 0 401.3432235 0 705.302063 142.78158866666666 0 400.167603 546.7490743333334 77.13885099999999 48.415897 77.018265 745.399701 0.1875 0.0 0.0625 0.1875 0.125 0.0625 0.0625 0.3125 80.22848070689655 99.4751775 270.54462083333334 0.8787878787878788 0.030303030303030304 0.09090909090909091 0.3125 0.25 0.1875 0.0625 0.0 0.125 0.0 0.0625 0.6071428571428571 0.19642857142857142 0.10714285714285714 0.03571428571428571 0.05357142857142857 shenyanping 9Сʱ_mousemovements
186.7747312857143 330.193039 164.335526 788.856888 3231.500244 0 3668.502014 903.064453 146.31309133333332 950.1108245 1290.815562 1037.4320069999999 0 61.130682500000006 3152.168182 234.17893600000002 0.1875 0.125 0.1875 0.125 0.0 0.125 0.125 0.125 294.26573462 0 117.03512325 0.9259259259259259 0.0 0.07407407407407407 0.4375 0.125 0.0625 0.125 0.0625 0.0 0.125 0.0625 0.5 0.34782608695652173 0.06521739130434782 0.06521739130434782 0.021739130434782608 shenyanping 9Сʱ_mousemovements
0 0 0 0 0 0 0 0 0 0 0 0 0 0 0 0 0 0 0 0 0 0 0 0 0 0 0 0 0 0 0 0 0 0 0 0 0 0 0 0 0 0 0 shenyanping 9Сʱ_mousemovements
0 0 0 0 0 0 0 0 0 0 0 0 0 0 0 0 0 0 0 0 0 0 0 0 0 0 0 0 0 0 0 0 0 0 0 0 0 0 0 0 0 0 0 shenyanping 9Сʱ_mousemovements
0 0 362.580688 1172.376953 0 0 0 0 0 0 0 1172.376953 0 0 362.580688 0 0.0 0.0 0.0 0.5 0.0 0.0 0.5 0.0 234.4753906 362.580688 0 0.8333333333333334 0.16666666666666666 0.0 0.0 0.0 0.5 0.5 0.0 0.0 0.0 0.0 0.2 0.6 0.0 0.2 0.0 shenyanping 9Сʱ_mousemovements
0 0 0 0 0 0 0 0 0 0 0 0 0 0 0 0 0 0 0 0 0 0 0 0 0 0 0 0 0 0 0 0 0 0 0 0 0 0 0 0 0 0 0 shenyanping 9Сʱ_mousemovements
0 0 0 0 0 0 0 0 0 0 0 0 0 0 0 0 0 0 0 0 0 0 0 0 0 0 0 0 0 0 0 0 0 0 0 0 0 0 0 0 0 0 0 shenyanping 9Сʱ_mousemovements
88.260254 631.136475 0 0 0 0 0 0 0 0 0 0 631.136475 88.260254 0 0 0.0 0.0 0.0 0.0 0.5 0.5 0.0 0.0 179.84918225 0 0 1.0 0.0 0.0 0.5 0.5 0.0 0.0 0.0 0.0 0.0 0.0 0.6666666666666666 0.3333333333333333 0.0 0.0 0.0 shenyanping 9Сʱ_mousemovements
290.273071 0 1176.300415 340.385986 0 0 0 1800.202148 0 340.385986 1488.2512815 290.273071 0 0 0 0 0.0 0.25 0.5 0.25 0.0 0.0 0.0 0.0 362.97507044444444 0 340.385986 0.9 0.0 0.1 0.25 0.0 0.25 0.25 0.0 0.0 0.0 0.25 0.3333333333333333 0.5 0.16666666666666666 0.0 0.0 shenyanping 9Сʱ_mousemovements
134.87571966666664 281.430389 825.6015625 859.741272 1103.6057333333333 0 1463.6036376 2606.17334 0 693.057133 780.1479073333334 555.1011366666667 670.0545486666666 893.733612 157.92524066666667 972.3840329999998 0.0 0.17857142857142858 0.10714285714285714 0.10714285714285714 0.10714285714285714 0.07142857142857142 0.21428571428571427 0.21428571428571427 180.36060996703296 196.751404 240.15873299999998 0.9285714285714286 0.01020408163265306 0.061224489795918366 0.5357142857142857 0.03571428571428571 0.07142857142857142 0.03571428571428571 0.10714285714285714 0.0 0.17857142857142858 0.03571428571428571 0.5760869565217391 0.2391304347826087 0.10869565217391304 0.043478260869565216 0.03260869565217391 shenyanping 9Сʱ_mousemovements
0 0 0 3017.699463 0 0 915.380554 0 0 0 0 915.380554 3017.699463 0 0 0 0.0 0.0 0.0 0.5 0.5 0.0 0.0 0.0 983.2700042499999 0 0 1.0 0.0 0.0 0.0 0.0 0.0 0.5 0.0 0.0 0.5 0.0 0.3333333333333333 0.3333333333333333 0.0 0.3333333333333333 0.0 shenyanping 9Сʱ_mousemovements
0 0 0 0 0 0 0 0 0 0 0 0 0 0 0 0 0 0 0 0 0 0 0 0 0 0 0 0 0 0 0 0 0 0 0 0 0 0 0 0 0 0 0 shenyanping 9Сʱ_mousemovements
212.03971962499998 0 0 1237.443359 798.020447 1108.0513406666666 470.025513 0 607.090515 799.9523926666666 208.931 0 626.0207935 735.2200240000001 38.5381775 503.5081383333333 0.07142857142857142 0.21428571428571427 0.07142857142857142 0.0 0.14285714285714285 0.14285714285714285 0.14285714285714285 0.21428571428571427 132.49988761538458 137.790615 120.12857066666668 0.9122807017543859 0.03508771929824561 0.05263157894736842 0.5714285714285714 0.0 0.0 0.07142857142857142 0.07142857142857142 0.21428571428571427 0.07142857142857142 0.0 0.4897959183673469 0.3877551020408163 0.08163265306122448 0.04081632653061224 0.0 shenyanping 9Сʱ_mousemovements
162.84465975 324.572754 0 0 111.753128 1413.4826659999999 1317.359253 0 1383.011108 324.572754 147.0101395 0 145.454544 1317.359253 0 589.2037226666667 0.1111111111111111 0.1111111111111111 0.2222222222222222 0.0 0.1111111111111111 0.1111111111111111 0.0 0.3333333333333333 217.98651018181818 111.753128 324.572754 0.9166666666666666 0.041666666666666664 0.041666666666666664 0.4444444444444444 0.1111111111111111 0.0 0.0 0.1111111111111111 0.2222222222222222 0.1111111111111111 0.0 0.5 0.2777777777777778 0.16666666666666666 0.05555555555555555 0.0 shenyanping 9Сʱ_mousemovements
216.324936 321.428162 0 0 0 0 0 0 0 216.324936 321.428162 0 0 0 0 0 0.0 0.6666666666666666 0.3333333333333333 0.0 0.0 0.0 0.0 0.0 94.25975425 0 0 1.0 0.0 0.0 0.6666666666666666 0.3333333333333333 0.0 0.0 0.0 0.0 0.0 0.0 0.5 0.16666666666666666 0.0 0.3333333333333333 0.0 shenyanping 9Сʱ_mousemovements
1274.719727 0 911.816284 734.462952 1875.174683 0 0 0 0 1274.719727 1875.174683 911.816284 734.462952 0 0 0 0.0 0.25 0.25 0.25 0.25 0.0 0.0 0.0 368.9364343076923 0 0 1.0 0.0 0.0 0.25 0.0 0.25 0.25 0.25 0.0 0.0 0.0 0.4166666666666667 0.5 0.08333333333333333 0.0 0.0 shenyanping 9Сʱ_mousemovements
217.55475675000002 1014.3665525999999 494.63430266666666 0 513.550049 2950.720215 2063.2572025 0 243.896342 925.8186254285714 1116.075684 4054.666992 513.550049 690.4442135 684.88527075 805.925173142857 0.11538461538461539 0.2692307692307692 0.038461538461538464 0.038461538461538464 0.038461538461538464 0.07692307692307693 0.15384615384615385 0.2692307692307692 245.81535565909095 5.0149415 338.9455566666666 0.946236559139785 0.021505376344086023 0.03225806451612903 0.46153846153846156 0.19230769230769232 0.11538461538461539 0.0 0.038461538461538464 0.11538461538461539 0.07692307692307693 0.0 0.625 0.25 0.07954545454545454 0.0 0.045454545454545456 shenyanping 9Сʱ_mousemovements
256.9223681666667 210.72638700000002 184.271378 437.220459 373.622223 941.483643 1881.525635 2265.8792725000003 357.0410283333333 886.543213 0 184.271378 301.5232375 1492.83045825 452.80175033333336 224.44200899999998 0.1875 0.0625 0.0 0.0625 0.125 0.25 0.1875 0.125 161.9657278 58.088467 222.4845367142857 0.873015873015873 0.015873015873015872 0.1111111111111111 0.375 0.1875 0.0625 0.0625 0.0625 0.0625 0.0625 0.125 0.5862068965517241 0.1896551724137931 0.10344827586206896 0.06896551724137931 0.05172413793103448 shenyanping 9Сʱ_mousemovements
480.127985 358.1048786666667 858.2916180000001 797.5578 0 2452.086914 2307.6019895 2285.538086 323.5806805 380.5955936666667 1149.28067775 3157.9104 0 2285.538086 1507.854614 762.211319 0.14285714285714285 0.21428571428571427 0.2857142857142857 0.07142857142857142 0.0 0.07142857142857142 0.07142857142857142 0.14285714285714285 334.6026830952381 0 269.4946336666667 0.9333333333333333 0.0 0.06666666666666667 0.2857142857142857 0.21428571428571427 0.14285714285714285 0.07142857142857142 0.0 0.07142857142857142 0.14285714285714285 0.07142857142857142 0.5853658536585366 0.36585365853658536 0.04878048780487805 0.0 0.0 shenyanping 9Сʱ_mousemovements
526.0842893333332 0 1893.586548 0 335.117615 1432.853027 781.127319 3195.835083 3494.200684 490.67447899999996 0 1167.466797 2897.469482 0 781.127319 1432.853027 0.1111111111111111 0.3333333333333333 0.0 0.2222222222222222 0.1111111111111111 0.0 0.1111111111111111 0.1111111111111111 465.25920895999997 0 390.5636595 0.9259259259259259 0.0 0.07407407407407407 0.3333333333333333 0.0 0.1111111111111111 0.0 0.1111111111111111 0.1111111111111111 0.1111111111111111 0.2222222222222222 0.6666666666666666 0.2916666666666667 0.0 0.0 0.041666666666666664 shenyanping 9Сʱ_mousemovements
301.8523426923076 441.4660815 255.752041 356.165527 1779.0148926666664 0 0 3331.666992 611.9315317142856 1243.8218136666667 212.506149 406.8993326666667 609.4829589999999 394.603546 319.3566895 613.7329619999999 0.25 0.10714285714285714 0.03571428571428571 0.10714285714285714 0.17857142857142858 0.07142857142857142 0.07142857142857142 0.17857142857142858 196.24086585365856 46.7244465 161.39809859999997 0.9213483146067416 0.02247191011235955 0.056179775280898875 0.4642857142857143 0.2857142857142857 0.07142857142857142 0.03571428571428571 0.10714285714285714 0.0 0.0 0.03571428571428571 0.5189873417721519 0.25316455696202533 0.13924050632911392 0.05063291139240506 0.0379746835443038 shenyanping 9Сʱ_mousemovements
99.67935750000001 265.1590425 0 2083.465576 1082.74177575 0 0 572.454441 530.156128 1529.1723533333334 0 0 572.454441 737.076538 90.16327666666666 406.07621266666666 0.07692307692307693 0.23076923076923078 0.0 0.0 0.15384615384615385 0.07692307692307693 0.23076923076923078 0.23076923076923078 184.18733619444444 60.082222 449.38768774999994 0.8780487804878049 0.024390243902439025 0.0975609756097561 0.3076923076923077 0.15384615384615385 0.0 0.07692307692307693 0.3076923076923077 0.0 0.0 0.15384615384615385 0.6857142857142857 0.14285714285714285 0.05714285714285714 0.05714285714285714 0.05714285714285714 shenyanping 9Сʱ_mousemovements
164.7144720625 0 694.4764048333333 743.4275309999999 612.6676635 4101.850098 1443.1655275 0 296.9148475 294.45175612500003 2220.0114595 505.9286246666666 773.8417005 342.898612 805.629162 247.10871633333332 0.13333333333333333 0.26666666666666666 0.06666666666666667 0.1 0.13333333333333333 0.06666666666666667 0.13333333333333333 0.1 225.76004870270265 179.94848366666668 0 0.961038961038961 0.03896103896103896 0.0 0.5333333333333333 0.0 0.2 0.1 0.06666666666666667 0.03333333333333333 0.06666666666666667 0.0 0.3972602739726027 0.3698630136986301 0.0958904109589041 0.1232876712328767 0.0136986301369863 shenyanping 9Сʱ_mousemovements
134.62394642105264 315.674316 321.0592345 1582.030884 0 1204.51355 1242.615845 1439.711487 438.6854548571429 168.391883 1197.142954 232.93373099999997 299.74297420000005 532.3932063333333 170.9737705 148.936172 0.25925925925925924 0.14814814814814814 0.07407407407407407 0.1111111111111111 0.18518518518518517 0.1111111111111111 0.07407407407407407 0.037037037037037035 115.75954708860758 304.620117 162.43444716666667 0.9186046511627907 0.011627906976744186 0.06976744186046512 0.7037037037037037 0.037037037037037035 0.07407407407407407 0.037037037037037035 0.0 0.037037037037037035 0.037037037037037035 0.07407407407407407 0.5853658536585366 0.23170731707317074 0.12195121951219512 0.04878048780487805 0.012195121951219513 shenyanping 9Сʱ_mousemovements
146.29491437500002 733.9716794999999 0 0 598.080872 576.353882 1219.454102 0 0 291.52668125 584.551071 0 320.6298985 176.776703 431.4650306666667 0 0.0 0.3076923076923077 0.23076923076923078 0.0 0.15384615384615385 0.07692307692307693 0.23076923076923078 0.0 160.935890483871 0 43.178925 0.96875 0.0 0.03125 0.6153846153846154 0.15384615384615385 0.0 0.0 0.07692307692307693 0.07692307692307693 0.07692307692307693 0.0 0.4482758620689655 0.3448275862068966 0.10344827586206896 0.034482758620689655 0.06896551724137931 shenyanping 9Сʱ_mousemovements
144.28612325 1440.101685 0 0 1349.1080935 0 0 0 42.238693 0 0 738.839478 1157.7718786666667 282.404541 0 178.664017 0.14285714285714285 0.0 0.0 0.14285714285714285 0.42857142857142855 0.14285714285714285 0.0 0.14285714285714285 229.96932149999998 0 58.0379675 0.9090909090909091 0.0 0.09090909090909091 0.5714285714285714 0.14285714285714285 0.0 0.0 0.2857142857142857 0.0 0.0 0.0 0.5714285714285714 0.2857142857142857 0.047619047619047616 0.09523809523809523 0.0 shenyanping 9Сʱ_mousemovements
128.82026033333332 425.3566585 599.6591185 934.1055603333333 1477.873413 0 0 0 1121.9246113333331 279.421809 0 0 544.828979 368.882289 0.0 509.863525 0.21428571428571427 0.21428571428571427 0.0 0.0 0.07142857142857142 0.35714285714285715 0.07142857142857142 0.07142857142857142 159.58355952631578 81.027702 239.4850615 0.8837209302325582 0.023255813953488372 0.09302325581395349 0.42857142857142855 0.14285714285714285 0.14285714285714285 0.21428571428571427 0.07142857142857142 0.0 0.0 0.0 0.4864864864864865 0.2972972972972973 0.08108108108108109 0.08108108108108109 0.05405405405405406 shenyanping 9Сʱ_mousemovements
219.893097 560.727356 0 0 0 0 0 0 0 0 0 0 347.12146 0 0 306.27063 0.0 0.0 0.0 0.0 0.6666666666666666 0.0 0.0 0.3333333333333333 142.93050714285715 0 0 1.0 0.0 0.0 0.6666666666666666 0.3333333333333333 0.0 0.0 0.0 0.0 0.0 0.0 0.2 0.8 0.0 0.0 0.0 shenyanping 9Сʱ_mousemovements
0 0 0 0 0 0 0 0 0 0 0 0 0 0 0 0 0 0 0 0 0 0 0 0 0 0 0 0 0 0 0 0 0 0 0 0 0 0 0 0 0 0 0 shenyanping 9Сʱ_mousemovements
213.32093425 214.153656 0 569.812622 0 1249.470703 673.283997 993.194153 0 2142.538574 833.239075 356.402832 0 45.645393 318.3209244 0 0.0 0.1 0.2 0.1 0.0 0.1 0.5 0.0 241.68388411111113 276.5372236666667 311.373993 0.782608695652174 0.13043478260869565 0.08695652173913043 0.4 0.1 0.0 0.1 0.0 0.2 0.1 0.1 0.5714285714285714 0.19047619047619047 0.047619047619047616 0.14285714285714285 0.047619047619047616 shenyanping 9Сʱ_mousemovements
280.0054625 272.57510866666667 0 397.027603 0 1911.035034 1009.0562336666666 2181.533142 0 569.037455 1186.524058 0 1276.3829343333334 518.991821 241.824211 1374.587891 0.0 0.23076923076923078 0.23076923076923078 0.0 0.23076923076923078 0.07692307692307693 0.15384615384615385 0.07692307692307693 237.10134530232557 275.063385 334.21341433333333 0.9148936170212766 0.02127659574468085 0.06382978723404255 0.15384615384615385 0.23076923076923078 0.0 0.15384615384615385 0.0 0.07692307692307693 0.23076923076923078 0.15384615384615385 0.55 0.3 0.075 0.05 0.025 shenyanping 9Сʱ_mousemovements
244.258800375 0 988.316582 1020.0545195 0 0 960.943115 1680.2730306666665 457.84080500000005 632.862887 0 994.7493384000002 0 1830.655396 641.969201 587.5529379999999 0.1111111111111111 0.16666666666666666 0.0 0.2777777777777778 0.0 0.05555555555555555 0.2222222222222222 0.16666666666666666 307.98751035555557 0 44.885005500000005 0.9574468085106383 0.0 0.0425531914893617 0.4444444444444444 0.0 0.2222222222222222 0.1111111111111111 0.0 0.0 0.05555555555555555 0.16666666666666666 0.5238095238095238 0.2619047619047619 0.07142857142857142 0.09523809523809523 0.047619047619047616 shenyanping 9Сʱ_mousemovements
167.92260140000002 265.01006475 454.471741 0 836.2084960000001 0 658.21228 0 257.8631285 435.488861 1090.4126435 528.0356899999999 114.515327 454.471741 160.53289533333333 141.132618 0.14285714285714285 0.07142857142857142 0.14285714285714285 0.14285714285714285 0.07142857142857142 0.07142857142857142 0.21428571428571427 0.14285714285714285 65.06775031914893 0 351.82550142857144 0.8703703703703703 0.0 0.12962962962962962 0.35714285714285715 0.2857142857142857 0.07142857142857142 0.0 0.21428571428571427 0.0 0.07142857142857142 0.0 0.5 0.2826086956521739 0.06521739130434782 0.06521739130434782 0.08695652173913043 shenyanping 9Сʱ_mousemovements
158.8552055 0 0 3120.898682 2657.381104 853.205811 1871.5874024999998 2342.354248 3120.898682 1530.1169435000002 3025.295166 0 0 0 390.30540733333333 2657.381104 0.125 0.25 0.125 0.0 0.0 0.0 0.375 0.125 431.6461261071428 0 474.31676500000003 0.9333333333333333 0.0 0.06666666666666667 0.25 0.0 0.0 0.125 0.125 0.125 0.25 0.125 0.6785714285714286 0.17857142857142858 0.07142857142857142 0.03571428571428571 0.03571428571428571 shenyanping 9Сʱ_mousemovements
431.1284865 0 0 0 0 0 0 0 0 798.427185 0 0 0 0 0 63.829788 0.0 0.5 0.0 0.0 0.0 0.0 0.0 0.5 215.56424325 0 0 1.0 0.0 0.0 1.0 0.0 0.0 0.0 0.0 0.0 0.0 0.0 0.6666666666666666 0.3333333333333333 0.0 0.0 0.0 shenyanping 9Сʱ_mousemovements
247.11927624999998 219.499802 0 1055.27063 0 1444.69165 0 0 182.607758 1444.69165 576.357586 0 0 0 288.887848 319.5183795 0.14285714285714285 0.14285714285714285 0.2857142857142857 0.0 0.0 0.0 0.14285714285714285 0.2857142857142857 141.29145179166665 0 158.472172 0.9230769230769231 0.0 0.07692307692307693 0.5714285714285714 0.14285714285714285 0.0 0.14285714285714285 0.0 0.14285714285714285 0.0 0.0 0.76 0.08 0.16 0.0 0.0 shenyanping 9Сʱ_mousemovements
463.7804489999999 986.666397 0 0 0 2172.746582 936.132263 0 5.115089 1853.9731445000002 1047.089722 936.132263 0 0 339.136536 438.133087 0.14285714285714285 0.2857142857142857 0.14285714285714285 0.14285714285714285 0.0 0.0 0.14285714285714285 0.14285714285714285 317.3844636842105 0 221.624088 0.9047619047619048 0.0 0.09523809523809523 0.42857142857142855 0.2857142857142857 0.0 0.0 0.0 0.14285714285714285 0.14285714285714285 0.0 0.5882352941176471 0.29411764705882354 0.0 0.058823529411764705 0.058823529411764705 shenyanping 9Сʱ_mousemovements
0 0 0 0 0 0 0 0 0 0 0 0 0 0 0 0 0 0 0 0 0 0 0 0 0 0 0 0 0 0 0 0 0 0 0 0 0 0 0 0 0 0 0 shenyanping 9Сʱ_mousemovements
212.49067033333333 1252.134277 993.54071 0 0 0 0 0 0 34.397625 684.309776 486.589111 0 993.54071 0 0 0.0 0.2 0.4 0.2 0.0 0.2 0.0 0.0 203.48209807142862 0 34.397625 0.9333333333333333 0.0 0.06666666666666667 0.6 0.2 0.2 0.0 0.0 0.0 0.0 0.0 0.5 0.3333333333333333 0.16666666666666666 0.0 0.0 shenyanping 9Сʱ_mousemovements
107.74294457142855 217.47978542857143 415.365321 283.42611200000005 0 0 0 0 297.18807999999996 135.93735199999998 206.71435683333334 0 0 200.63077075 182.73476016666666 306.04126 0.07407407407407407 0.2962962962962963 0.2222222222222222 0.0 0.0 0.14814814814814814 0.2222222222222222 0.037037037037037035 58.24309488709677 100.40033211111111 153.11478725 0.8266666666666667 0.12 0.05333333333333334 0.5185185185185185 0.25925925925925924 0.1111111111111111 0.1111111111111111 0.0 0.0 0.0 0.0 0.532258064516129 0.25806451612903225 0.0967741935483871 0.08064516129032258 0.03225806451612903 shenyanping 9Сʱ_mousemovements
66.88583170000001 623.3800775 1601.341064 349.2364503333333 2637.101074 359.202698 1618.799805 0 0 697.437143 790.2557135 811.960722 207.11911800000001 27.936228 240.02489179999998 256.05184149999997 0.0 0.23809523809523808 0.19047619047619047 0.09523809523809523 0.09523809523809523 0.047619047619047616 0.23809523809523808 0.09523809523809523 140.57380062903223 184.70405633333334 192.8074685 0.8732394366197183 0.04225352112676056 0.08450704225352113 0.47619047619047616 0.19047619047619047 0.047619047619047616 0.14285714285714285 0.047619047619047616 0.047619047619047616 0.047619047619047616 0.0 0.6153846153846154 0.23076923076923078 0.046153846153846156 0.06153846153846154 0.046153846153846156 shenyanping 9Сʱ_mousemovements
194.32478980000002 0 1244.434204 0 0 832.4400026666667 0 0 853.816772 1066.7694483333332 0 0 142.857147 587.451416 364.813904 269.52159366666666 0.1 0.3 0.0 0.0 0.1 0.1 0.1 0.3 117.15603159999998 0 317.89277525 0.9090909090909091 0.0 0.09090909090909091 0.5 0.0 0.2 0.0 0.0 0.3 0.0 0.0 0.7142857142857143 0.23809523809523808 0.023809523809523808 0.0 0.023809523809523808 shenyanping 9Сʱ_mousemovements
279.3578376666667 1300.628296 0 2047.73584 0 0 0 662.209915 0 461.8644003333334 2047.73584 700.831665 0 483.67575200000005 370.21004500000004 302.3260575 0.0 0.23076923076923078 0.07692307692307693 0.07692307692307693 0.0 0.15384615384615385 0.3076923076923077 0.15384615384615385 211.87717537499998 36.330673 185.30211 0.9142857142857143 0.02857142857142857 0.05714285714285714 0.6923076923076923 0.07692307692307693 0.0 0.07692307692307693 0.0 0.0 0.0 0.15384615384615385 0.6428571428571429 0.21428571428571427 0.0 0.10714285714285714 0.03571428571428571 shenyanping 9Сʱ_mousemovements
157.23350581249997 491.27289119999995 375.1873935 528.9756165 0 2865.392334 2650.2530516666666 0 481.9169006666666 691.7702810000001 1279.6853753333332 1885.94194 1071.713013 247.325394 163.7614282 168.52958614285714 0.10344827586206896 0.20689655172413793 0.10344827586206896 0.06896551724137931 0.06896551724137931 0.034482758620689655 0.1724137931034483 0.2413793103448276 225.30701610526313 13.636364 89.19442120000001 0.9156626506024096 0.024096385542168676 0.060240963855421686 0.5517241379310345 0.1724137931034483 0.06896551724137931 0.06896551724137931 0.0 0.034482758620689655 0.10344827586206896 0.0 0.5454545454545454 0.2857142857142857 0.11688311688311688 0.05194805194805195 0.0 shenyanping 9Сʱ_mousemovements
327.969495 236.260208 657.5375365 276.945099 0 0 1891.1554363333335 0 279.76889 989.8466676 1565.046631 0 624.275085 2023.837891 276.945099 62.937285599999996 0.06666666666666667 0.3333333333333333 0.06666666666666667 0.0 0.06666666666666667 0.06666666666666667 0.06666666666666667 0.3333333333333333 234.6487425121951 276.945099 45.41660666666667 0.9111111111111111 0.022222222222222223 0.06666666666666667 0.4666666666666667 0.13333333333333333 0.13333333333333333 0.06666666666666667 0.0 0.0 0.2 0.0 0.34375 0.40625 0.125 0.0625 0.0625 shenyanping 9Сʱ_mousemovements
139.04239966666665 752.4277649999999 0 0 0 0 0 0 194.0760555 121.68085975 611.2154186666667 112.54454799999999 99.2414075 63.889979000000004 157.28318128571428 0 0.08695652173913043 0.17391304347826086 0.13043478260869565 0.08695652173913043 0.08695652173913043 0.13043478260869565 0.30434782608695654 0.0 65.35136438709677 45.649400400000005 36.17858225 0.8732394366197183 0.07042253521126761 0.056338028169014086 0.9130434782608695 0.08695652173913043 0.0 0.0 0.0 0.0 0.0 0.0 0.4262295081967213 0.3442622950819672 0.11475409836065574 0.08196721311475409 0.03278688524590164 shenyanping 9Сʱ_mousemovements
262.40552460000004 505.7287295 0 298.384918 1423.714355 0 1055.081421 0 352.1618906666667 428.22180275 541.2944006666667 938.6785885 0 807.871155 306.143102 116.54617400000001 0.14285714285714285 0.19047619047619047 0.14285714285714285 0.09523809523809523 0.0 0.047619047619047616 0.2857142857142857 0.09523809523809523 146.15483794117648 5.6899 422.21218550000003 0.9107142857142857 0.017857142857142856 0.07142857142857142 0.7142857142857143 0.09523809523809523 0.0 0.047619047619047616 0.09523809523809523 0.0 0.047619047619047616 0.0 0.6346153846153846 0.28846153846153844 0.019230769230769232 0.038461538461538464 0.019230769230769232 shenyanping 9Сʱ_mousemovements
174.4868 297.010223 0 805.8099975 0 1886.005127 0 874.025085 189.071274 935.5422363333333 0 522.1882555 439.4755965 215.778305 231.135849 292.99234 0.08333333333333333 0.25 0.0 0.16666666666666666 0.16666666666666666 0.08333333333333333 0.16666666666666666 0.08333333333333333 208.12592726923074 4.926108 236.93390649999998 0.896551724137931 0.034482758620689655 0.06896551724137931 0.5833333333333334 0.08333333333333333 0.0 0.16666666666666666 0.0 0.08333333333333333 0.0 0.08333333333333333 0.4642857142857143 0.21428571428571427 0.17857142857142858 0.03571428571428571 0.10714285714285714 shenyanping 9Сʱ_mousemovements
208.511359 631.3162943333333 243.82703666666666 756.2757225 1315.144104 0 905.590271 3725.580811 940.8859406666667 947.3177555714285 104.459404 371.864423 495.7869415 679.672546 160.56193475 701.3578185 0.13043478260869565 0.30434782608695654 0.043478260869565216 0.13043478260869565 0.08695652173913043 0.043478260869565216 0.17391304347826086 0.08695652173913043 186.90525262857142 105.02894800000001 198.3380122 0.8974358974358975 0.038461538461538464 0.0641025641025641 0.43478260869565216 0.13043478260869565 0.13043478260869565 0.08695652173913043 0.08695652173913043 0.0 0.08695652173913043 0.043478260869565216 0.6521739130434783 0.2028985507246377 0.07246376811594203 0.043478260869565216 0.028985507246376812 shenyanping 9Сʱ_mousemovements
259.1600092222222 849.1645965 400.424601 439.44539075 2001.958862 1310.6062216666667 465.139282 1638.9387206666668 0 987.5493376000001 1044.19163 49.812469 764.9829305 958.7600117500001 228.1639016 309.833214 0.0 0.19230769230769232 0.11538461538461539 0.038461538461538464 0.23076923076923078 0.15384615384615385 0.19230769230769232 0.07692307692307693 248.73197647826083 214.41136933333334 166.60570933333332 0.92 0.04 0.04 0.34615384615384615 0.07692307692307693 0.11538461538461539 0.15384615384615385 0.038461538461538464 0.11538461538461539 0.038461538461538464 0.11538461538461539 0.42028985507246375 0.36231884057971014 0.13043478260869565 0.07246376811594203 0.014492753623188406 shenyanping 9Сʱ_mousemovements
501.82970433333327 189.5276375 0 571.3621825 1231.094727 0 920.273743 0 0 111.090797 0 0 1061.348145 600.3146896666667 749.5270694999999 353.1000365 0.0 0.1111111111111111 0.0 0.0 0.1111111111111111 0.3333333333333333 0.2222222222222222 0.2222222222222222 228.8327295714286 0 373.149902 0.9545454545454546 0.0 0.045454545454545456 0.3333333333333333 0.2222222222222222 0.0 0.2222222222222222 0.1111111111111111 0.0 0.1111111111111111 0.0 0.45 0.2 0.15 0.1 0.1 shenyanping 9Сʱ_mousemovements
0 0 0 0 0 0 0 0 0 0 0 0 0 0 0 0 0 0 0 0 0 0 0 0 0 0 0 0 0 0 0 0 0 0 0 0 0 0 0 0 0 0 0 shenyanping 9Сʱ_mousemovements
0 0 0 0 0 0 0 0 0 0 0 0 0 0 0 0 0 0 0 0 0 0 0 0 0 0 0 0 0 0 0 0 0 0 0 0 0 0 0 0 0 0 0 shenyanping 9Сʱ_mousemovements
0 0 0 0 0 0 0 0 0 0 0 0 0 0 0 0 0 0 0 0 0 0 0 0 0.0 0 0 1.0 0.0 0.0 0 0 0 0 0 0 0 0 1.0 0.0 0.0 0.0 0.0 shenyanping 9Сʱ_mousemovements
0 0 0 0 5479.561523 0 0 0 0 0 0 0 0 0 5479.561523 0 0.0 0.0 0.0 0.0 0.0 0.0 1.0 0.0 1369.89038075 0 0 1.0 0.0 0.0 0.0 0.0 0.0 0.0 1.0 0.0 0.0 0.0 1.0 0.0 0.0 0.0 0.0 shenyanping 9Сʱ_mousemovements
201.3811174 0 585.400696 0 0 0 0 0 239.642105 159.938281 287.448639 0 585.400696 0 0 0 0.16666666666666666 0.5 0.16666666666666666 0.0 0.16666666666666666 0.0 0.0 0.0 113.73616307142858 0 0 1.0 0.0 0.0 0.8333333333333334 0.0 0.16666666666666666 0.0 0.0 0.0 0.0 0.0 0.7272727272727273 0.09090909090909091 0.18181818181818182 0.0 0.0 shenyanping 9Сʱ_mousemovements
0 0 0 0 0 0 0 0 0 0 0 0 0 0 0 0 0 0 0 0 0 0 0 0 0 0 0 0 0 0 0 0 0 0 0 0 0 0 0 0 0 0 0 shenyanping 9Сʱ_mousemovements
0 509.121979 572.78302 0 0 0 1775.369507 2489.282715 0 1499.202347 572.78302 0 0 1775.369507 0 0 0.0 0.5 0.25 0.0 0.0 0.25 0.0 0.0 668.319652625 0 0 1.0 0.0 0.0 0.0 0.25 0.25 0.0 0.0 0.0 0.25 0.25 0.125 0.625 0.125 0.125 0.0 shenyanping 9Сʱ_mousemovements
247.871196 1502.59845 300.434387 1666.5274046666666 0 1645.2608035 1262.965698 3178.725342 563.6095355 2181.896729 2256.2312625 971.413269 2220.84552 1020.656006 571.5385743333333 111.94187666666666 0.1111111111111111 0.05555555555555555 0.1111111111111111 0.05555555555555555 0.1111111111111111 0.05555555555555555 0.3333333333333333 0.16666666666666666 374.1261288541668 0 31.1707655 0.96 0.0 0.04 0.4444444444444444 0.1111111111111111 0.05555555555555555 0.16666666666666666 0.0 0.1111111111111111 0.05555555555555555 0.05555555555555555 0.46511627906976744 0.3953488372093023 0.06976744186046512 0.023255813953488372 0.046511627906976744 shenyanping 9Сʱ_mousemovements
132.366089 0 845.190674 0 0 0 0 0 0 0 132.366089 0 0 0 845.190674 0 0.0 0.0 0.5 0.0 0.0 0.0 0.5 0.0 244.38919074999998 0 0 1.0 0.0 0.0 0.5 0.0 0.5 0.0 0.0 0.0 0.0 0.0 0.3333333333333333 0.6666666666666666 0.0 0.0 0.0 shenyanping 9Сʱ_mousemovements
58.97132066666666 222.58960614285712 244.851624 0 466.969635 663.217224 0 0 466.601532 174.925812 190.24940766666668 122.035091 0 179.50646179999998 202.95058049999997 61.65071 0.05263157894736842 0.10526315789473684 0.15789473684210525 0.10526315789473684 0.0 0.2631578947368421 0.21052631578947367 0.10526315789473684 63.1508535625 49.31929433333334 68.3754375 0.8571428571428571 0.10714285714285714 0.03571428571428571 0.47368421052631576 0.3684210526315789 0.05263157894736842 0.0 0.05263157894736842 0.05263157894736842 0.0 0.0 0.4 0.28888888888888886 0.15555555555555556 0.06666666666666667 0.08888888888888889 shenyanping 9Сʱ_mousemovements
268.58027585714285 865.7534484999999 0 0 505.1606853333333 0 0 0 0 622.3561404999999 640.037567 194.523869 456.361847 209.48614600000002 533.67926 402.10116600000003 0.0 0.16666666666666666 0.16666666666666666 0.16666666666666666 0.08333333333333333 0.16666666666666666 0.08333333333333333 0.16666666666666666 121.32790085294116 20.099459 490.901398 0.918918918918919 0.02702702702702703 0.05405405405405406 0.5833333333333334 0.16666666666666666 0.0 0.0 0.25 0.0 0.0 0.0 0.36363636363636365 0.45454545454545453 0.030303030303030304 0.09090909090909091 0.06060606060606061 shenyanping 9Сʱ_mousemovements
129.6546921818182 0 0 1367.6698760000002 0 0 0 0 0 0 77.1794545 156.986004 0 776.503906 74.513741 592.8086975 0.0 0.0 0.15384615384615385 0.38461538461538464 0.0 0.07692307692307693 0.07692307692307693 0.3076923076923077 94.43389771052632 0.0 63.67258366666667 0.7916666666666666 0.020833333333333332 0.1875 0.8461538461538461 0.0 0.0 0.15384615384615385 0.0 0.0 0.0 0.0 0.717391304347826 0.08695652173913043 0.13043478260869565 0.043478260869565216 0.021739130434782608 shenyanping 9Сʱ_mousemovements
102.06393780000002 347.471765 0 0 1469.936035 732.734192 0 0 0 0 461.0836543333333 187.61750659999998 197.642349 36.3300505 533.1530915000001 111.03739885714286 0.0 0.0 0.2608695652173913 0.21739130434782608 0.043478260869565216 0.08695652173913043 0.08695652173913043 0.30434782608695654 59.76069323611111 29.809543666666666 142.62613400000004 0.8470588235294118 0.03529411764705882 0.11764705882352941 0.6521739130434783 0.2608695652173913 0.0 0.0 0.043478260869565216 0.043478260869565216 0.0 0.0 0.5974025974025974 0.12987012987012986 0.12987012987012986 0.11688311688311688 0.025974025974025976 shenyanping 9Сʱ_mousemovements
434.1873625 602.900604 138.319901 0 227.329987 0 0 0 79.175598 0 405.978119 1126.62561 0 227.329987 138.319901 462.396606 0.16666666666666666 0.0 0.16666666666666666 0.16666666666666666 0.0 0.16666666666666666 0.16666666666666666 0.16666666666666666 115.23199627777778 0 182.824944 0.9 0.0 0.1 0.3333333333333333 0.3333333333333333 0.16666666666666666 0.0 0.16666666666666666 0.0 0.0 0.0 0.5714285714285714 0.21428571428571427 0.14285714285714285 0.0 0.07142857142857142 shenyanping 9Сʱ_mousemovements
263.43332633333335 404.0191066666667 0 0 0 0 0 0 183.83491550000002 204.301071 608.638916 366.260956 630.864441 123.39434266666667 13.808118 412.59198 0.16666666666666666 0.08333333333333333 0.16666666666666666 0.08333333333333333 0.08333333333333333 0.25 0.08333333333333333 0.08333333333333333 149.7783544782609 69.027552 0 0.92 0.08 0.0 0.75 0.25 0.0 0.0 0.0 0.0 0.0 0.0 0.6666666666666666 0.23809523809523808 0.047619047619047616 0.0 0.047619047619047616 shenyanping 9Сʱ_mousemovements
136.44120475 522.027878 120.541229 753.188293 437.530518 2370.871338 0 0 1250.5750885 330.0209223333333 207.08829385714287 120.541229 0 0 178.357175 727.189621 0.1 0.15 0.35 0.05 0.0 0.0 0.25 0.1 132.05982919607843 58.321949 165.84007033333333 0.8947368421052632 0.05263157894736842 0.05263157894736842 0.6 0.2 0.05 0.05 0.05 0.05 0.0 0.0 0.52 0.3 0.1 0.02 0.06 shenyanping 9Сʱ_mousemovements
210.23778487500002 87.33465650000001 331.729248 0 0 0 0 1097.826904 19.968523 177.83485900000002 817.950073 1223.182495 499.892511 110.901047 205.38763700000004 62.5 0.07692307692307693 0.23076923076923078 0.07692307692307693 0.07692307692307693 0.15384615384615385 0.07692307692307693 0.23076923076923078 0.07692307692307693 112.46582359459461 23.641116 87.7184715 0.9024390243902439 0.04878048780487805 0.04878048780487805 0.6153846153846154 0.15384615384615385 0.07692307692307693 0.0 0.0 0.0 0.0 0.15384615384615385 0.4166666666666667 0.16666666666666666 0.16666666666666666 0.19444444444444445 0.05555555555555555 shenyanping 9Сʱ_mousemovements
350.88915657142854 593.443848 850.946655 941.495911 0 0 1945.596313 605.841919 728.394287 1945.596313 0 0 518.555237 371.004272 3.04878 516.0000658 0.16666666666666666 0.08333333333333333 0.0 0.0 0.16666666666666666 0.08333333333333333 0.08333333333333333 0.4166666666666667 157.7832757857143 0 191.66278974999997 0.9130434782608695 0.0 0.08695652173913043 0.5833333333333334 0.08333333333333333 0.08333333333333333 0.08333333333333333 0.0 0.0 0.08333333333333333 0.08333333333333333 0.6829268292682927 0.2682926829268293 0.04878048780487805 0.0 0.0 shenyanping 9Сʱ_mousemovements
111.09158447058823 450.0626145 1050.3467865 629.792786 0 0 1062.131714 978.437988 1062.131714 0 978.437988 803.43004425 102.77115699999999 171.275314 183.8968527142857 370.4286756666667 0.03571428571428571 0.0 0.03571428571428571 0.14285714285714285 0.17857142857142858 0.03571428571428571 0.25 0.32142857142857145 138.7111244666667 9.174312 46.29135633333334 0.9375 0.025 0.0375 0.6071428571428571 0.14285714285714285 0.14285714285714285 0.03571428571428571 0.0 0.0 0.03571428571428571 0.03571428571428571 0.4605263157894737 0.27631578947368424 0.14473684210526316 0.09210526315789473 0.02631578947368421 shenyanping 9Сʱ_mousemovements
292.76474460000003 473.392507 359.939758 0 0 3487.905518 1790.664917 3018.3428345 474.458191 871.994324 1866.38247125 85.355484 652.230957 180.398056 433.3906915 1348.20156875 0.05263157894736842 0.10526315789473684 0.21052631578947367 0.10526315789473684 0.05263157894736842 0.05263157894736842 0.21052631578947367 0.21052631578947367 228.80153947761193 0.0 354.85465728571427 0.8933333333333333 0.013333333333333334 0.09333333333333334 0.5263157894736842 0.15789473684210525 0.05263157894736842 0.0 0.0 0.05263157894736842 0.10526315789473684 0.10526315789473684 0.7361111111111112 0.1388888888888889 0.041666666666666664 0.06944444444444445 0.013888888888888888 shenyanping 9Сʱ_mousemovements
86.15161830769232 1017.4668094999998 0 0 2288.708496 343.096924 0 0 121.64635849999999 1218.5480248571428 1000.476017 0 144.31311 182.37551366666665 55.305722333333335 135.2776755 0.18181818181818182 0.3181818181818182 0.09090909090909091 0.0 0.045454545454545456 0.13636363636363635 0.13636363636363635 0.09090909090909091 146.57352001265826 19.127304 109.37008519999999 0.9294117647058824 0.011764705882352941 0.058823529411764705 0.5909090909090909 0.2727272727272727 0.0 0.0 0.09090909090909091 0.045454545454545456 0.0 0.0 0.5789473684210527 0.25 0.10526315789473684 0.039473684210526314 0.02631578947368421 shenyanping 9Сʱ_mousemovements
198.39097344444446 216.499863 0 344.721954 0 1494.372314 1170.240845 0 515.8141405 757.4813995 80.2260325 0 0 758.4775824999999 185.319253 46.078415 0.15384615384615385 0.15384615384615385 0.15384615384615385 0.0 0.0 0.15384615384615385 0.3076923076923077 0.07692307692307693 107.60323390243902 0 119.92422939999999 0.8913043478260869 0.0 0.10869565217391304 0.6923076923076923 0.07692307692307693 0.0 0.07692307692307693 0.0 0.07692307692307693 0.07692307692307693 0.0 0.4418604651162791 0.3953488372093023 0.11627906976744186 0.023255813953488372 0.023255813953488372 shenyanping 9Сʱ_mousemovements
99.23909309999999 349.22116099999994 195.348938 0 682.4861753333333 0 2498.0286865000003 0 1680.1542916666667 246.39842466666664 193.79126 348.9041945 114.691093 99.140953 518.2120156666666 50.3160095 0.14285714285714285 0.2857142857142857 0.047619047619047616 0.19047619047619047 0.047619047619047616 0.047619047619047616 0.14285714285714285 0.09523809523809523 137.9907046769231 12.820513 199.02905119999997 0.9154929577464789 0.014084507042253521 0.07042253521126761 0.47619047619047616 0.23809523809523808 0.047619047619047616 0.0 0.14285714285714285 0.0 0.09523809523809523 0.0 0.6290322580645161 0.14516129032258066 0.11290322580645161 0.04838709677419355 0.06451612903225806 shenyanping 9Сʱ_mousemovements
324.2206459 475.5404355 0 0 1880.6757200000002 2179.738525 1552.8888550000001 0 104.079361 891.5237428 296.2285563333333 0 1498.5516176666667 918.7617593333334 94.177505 443.653625 0.058823529411764705 0.29411764705882354 0.17647058823529413 0.0 0.17647058823529413 0.17647058823529413 0.058823529411764705 0.058823529411764705 259.06539472 0 95.628423 0.9433962264150944 0.0 0.05660377358490566 0.5882352941176471 0.11764705882352941 0.0 0.0 0.11764705882352941 0.058823529411764705 0.11764705882352941 0.0 0.5416666666666666 0.3333333333333333 0.08333333333333333 0.020833333333333332 0.020833333333333332 shenyanping 9Сʱ_mousemovements
94.16096516666668 259.9504545 604.344666 0 0 0 0 0 104.337227 336.4189075 130.1898725 0 7.142857 0 214.83790733333333 0 0.1111111111111111 0.2222222222222222 0.2222222222222222 0.0 0.1111111111111111 0.0 0.3333333333333333 0.0 74.11595045 68.964119 0.0 0.8333333333333334 0.125 0.041666666666666664 0.6666666666666666 0.2222222222222222 0.1111111111111111 0.0 0.0 0.0 0.0 0.0 0.5 0.3181818181818182 0.09090909090909091 0.045454545454545456 0.045454545454545456 shenyanping 9Сʱ_mousemovements
200.93100866666668 468.7080076666666 1431.970947 0 835.239929 1019.6377105 714.611267 0 454.8257492000001 430.692047 0 0 714.611267 812.064758 615.0534515 129.032257 0.35714285714285715 0.07142857142857142 0.0 0.0 0.07142857142857142 0.14285714285714285 0.2857142857142857 0.07142857142857142 147.22410425 0 384.98235066666666 0.9361702127659575 0.0 0.06382978723404255 0.42857142857142855 0.21428571428571427 0.07142857142857142 0.0 0.07142857142857142 0.14285714285714285 0.07142857142857142 0.0 0.6666666666666666 0.16666666666666666 0.09523809523809523 0.0 0.07142857142857142 shenyanping 9Сʱ_mousemovements
143.84841488888887 437.4001985 443.345413 0 0 385.286865 0 0 201.824753 187.09692033333332 389.57141099999996 502.945465 12.820513 265.680357 374.4983825 161.290329 0.0625 0.1875 0.1875 0.0625 0.0625 0.1875 0.125 0.125 75.2035086 221.694745 28.16232475 0.8928571428571429 0.03571428571428571 0.07142857142857142 0.5625 0.25 0.125 0.0 0.0 0.0625 0.0 0.0 0.5813953488372093 0.13953488372093023 0.20930232558139536 0.046511627906976744 0.023255813953488372 shenyanping 9Сʱ_mousemovements
96.41315212500002 357.522023 291.762573 454.45459 671.242065 0 654.817017 0 261.132629 125.96684766666665 487.1771853333333 185.392014 54.6576355 507.21286 140.38013630000003 196.332566 0.04 0.12 0.12 0.04 0.08 0.08 0.4 0.12 87.37940615254236 20.6638024 47.93093966666667 0.8805970149253731 0.07462686567164178 0.04477611940298507 0.64 0.2 0.04 0.04 0.04 0.0 0.04 0.0 0.4576271186440678 0.288135593220339 0.13559322033898305 0.1016949152542373 0.01694915254237288 shenyanping 9Сʱ_mousemovements
260.03694849999994 605.962698 719.8900759999999 596.732788 997.2651975000001 0 0 0 658.8832930000001 450.1285043333333 199.96938600000001 679.2568176000001 65.217392 249.1760526666667 440.16472624999994 444.21011333333337 0.12121212121212122 0.18181818181818182 0.09090909090909091 0.15151515151515152 0.030303030303030304 0.09090909090909091 0.24242424242424243 0.09090909090909091 194.20323039473686 56.24036833333333 71.023529 0.95 0.0375 0.0125 0.5454545454545454 0.24242424242424243 0.12121212121212122 0.030303030303030304 0.06060606060606061 0.0 0.0 0.0 0.3466666666666667 0.32 0.10666666666666667 0.14666666666666667 0.08 shenyanping 9Сʱ_mousemovements
95.58920760869565 420.49010483333336 1026.5925496666666 704.0256345 1330.4178873333333 0 0 0 301.8497193333333 137.35411125000002 194.4211175 344.87063271428576 322.45385749999997 59.80593666666666 246.39714425 1774.2815043333333 0.08108108108108109 0.10810810810810811 0.05405405405405406 0.1891891891891892 0.10810810810810811 0.16216216216216217 0.21621621621621623 0.08108108108108109 142.85874632558142 42.56671875 114.83780999999999 0.8686868686868687 0.08080808080808081 0.050505050505050504 0.6216216216216216 0.16216216216216217 0.08108108108108109 0.05405405405405406 0.08108108108108109 0.0 0.0 0.0 0.48936170212765956 0.2127659574468085 0.13829787234042554 0.10638297872340426 0.05319148936170213 shenyanping 9Сʱ_mousemovements
87.65157885714287 372.76840183333337 270.5523185 540.878479 0 0 0 0 411.913971 209.3916826666667 277.77815699999996 378.016357 419.487994 81.41529324999999 197.266554 161.76782839999998 0.04 0.12 0.08 0.04 0.12 0.32 0.08 0.2 49.067747881578946 58.28809899999999 131.42301466666666 0.8636363636363636 0.03409090909090909 0.10227272727272728 0.56 0.24 0.16 0.04 0.0 0.0 0.0 0.0 0.6125 0.1875 0.0875 0.0625 0.05 shenyanping 9Сʱ_mousemovements
204.15403249999997 508.477295 619.654373 750.2891695 2407.310506 992.906555 2582.745361 0 257.6886445 1261.9967376 21.333334 957.4863996 153.55139166666666 0 1302.3182065 349.60302466666667 0.15384615384615385 0.19230769230769232 0.038461538461538464 0.19230769230769232 0.11538461538461539 0.0 0.07692307692307693 0.23076923076923078 242.081087078125 0 303.2037935 0.9142857142857143 0.0 0.08571428571428572 0.6153846153846154 0.038461538461538464 0.07692307692307693 0.07692307692307693 0.11538461538461539 0.038461538461538464 0.038461538461538464 0.0 0.5303030303030303 0.3484848484848485 0.06060606060606061 0.0 0.06060606060606061 shenyanping 9Сʱ_mousemovements
274.79928564705875 406.408796375 341.88339733333333 513.642578 919.3613285 4685.874023 594.796143 0 386.5016493333333 658.6935774285714 346.70671066666665 210.52178880000002 99.125096 270.43712566666665 2762.4012145 391.50972900000005 0.09090909090909091 0.21212121212121213 0.09090909090909091 0.15151515151515152 0.12121212121212122 0.18181818181818182 0.06060606060606061 0.09090909090909091 174.84466248837208 350.787125 140.554766 0.9148936170212766 0.02127659574468085 0.06382978723404255 0.5151515151515151 0.24242424242424243 0.09090909090909091 0.030303030303030304 0.06060606060606061 0.030303030303030304 0.030303030303030304 0.0 0.5340909090909091 0.2840909090909091 0.09090909090909091 0.06818181818181818 0.022727272727272728 shenyanping 9Сʱ_mousemovements
236.43059916666667 540.1145426666667 1740.1834715 320.995758 299.535126 1232.422974 1615.5047909999998 0 175.11702000000002 462.1898345 1092.409063 407.5094295 1169.1328085 992.960754 482.050995 862.357019 0.1 0.1 0.15 0.1 0.1 0.05 0.15 0.25 218.96432214035087 160.497879 413.515522 0.9047619047619048 0.031746031746031744 0.06349206349206349 0.3 0.3 0.1 0.05 0.05 0.1 0.1 0.0 0.48333333333333334 0.31666666666666665 0.11666666666666667 0.016666666666666666 0.06666666666666667 shenyanping 9Сʱ_mousemovements
205.5556905625 678.5368143333334 1198.6666256666665 0 0 469.941254 0 2703.842773 244.86488959999997 294.8399072 0 701.138128 0 0 860.65466975 436.57849125 0.20833333333333334 0.20833333333333334 0.0 0.25 0.0 0.0 0.16666666666666666 0.16666666666666666 173.57437198437503 0 246.38139725000002 0.9411764705882353 0.0 0.058823529411764705 0.6666666666666666 0.125 0.125 0.0 0.0 0.041666666666666664 0.0 0.041666666666666664 0.5483870967741935 0.2903225806451613 0.11290322580645161 0.04838709677419355 0.0 shenyanping 9Сʱ_mousemovements
