122.15353311111113 282.62986500000005 334.95302833333335 973.520935 3565.184814 0 0 0 30.089651 219.40621175 1411.9919826666667 328.0090105 176.9188615 58.19450366666666 194.39223633333333 91.71889325000001 0.038461538461538464 0.15384615384615385 0.11538461538461539 0.23076923076923078 0.07692307692307693 0.11538461538461539 0.11538461538461539 0.15384615384615385 93.76724065822785 26.867107500000003 161.26739971428574 0.8977272727272727 0.022727272727272728 0.07954545454545454 0.6923076923076923 0.11538461538461539 0.11538461538461539 0.038461538461538464 0.038461538461538464 0.0 0.0 0.0 0.4857142857142857 0.2857142857142857 0.1 0.1 0.02857142857142857 shenyanping 4Сʱ_mousemovements
131.57408095 309.70221485714285 351.33489000000003 253.006226 1212.73938 0 2394.4460445 0 92.75491833333335 387.7309485 439.01814871428576 0 84.78831899999999 780.261536 574.610985 65.39829733333333 0.08823529411764706 0.35294117647058826 0.20588235294117646 0.0 0.08823529411764706 0.029411764705882353 0.14705882352941177 0.08823529411764706 81.17666874637682 4.5454545 74.71402433333334 0.9078947368421053 0.013157894736842105 0.07894736842105263 0.5882352941176471 0.20588235294117646 0.08823529411764706 0.029411764705882353 0.029411764705882353 0.0 0.058823529411764705 0.0 0.5285714285714286 0.29285714285714287 0.11428571428571428 0.03571428571428571 0.02857142857142857 shenyanping 4Сʱ_mousemovements
0 0 0 0 0 0 0 0 0 0 0 0 0 0 0 0 0 0 0 0 0 0 0 0 0 0 0 0 0 0 0 0 0 0 0 0 0 0 0 0 0 0 0 shenyanping 4Сʱ_mousemovements
176.3001434 403.8145904 386.4422455 756.878906 0 0 0 0 215.9897155 228.813324 515.3412373333333 211.571228 310.894142 0 136.647354 520.9712525 0.15384615384615385 0.07692307692307693 0.23076923076923078 0.15384615384615385 0.15384615384615385 0.0 0.07692307692307693 0.15384615384615385 104.67688347368421 0 150.87183133333335 0.926829268292683 0.0 0.07317073170731707 0.38461538461538464 0.38461538461538464 0.15384615384615385 0.07692307692307693 0.0 0.0 0.0 0.0 0.5555555555555556 0.16666666666666666 0.16666666666666666 0.0 0.1111111111111111 shenyanping 4Сʱ_mousemovements
228.74561790909092 440.47753150000005 962.1446535 599.026718 1909.2306519999997 1297.982483 1227.474243 0 594.49292 450.50017487499997 0 1269.9031269999998 906.7100829999999 649.7765810000001 230.01475533333334 645.339326 0.041666666666666664 0.3333333333333333 0.0 0.125 0.08333333333333333 0.125 0.125 0.16666666666666666 207.08824229230768 9.174312 196.55563974999998 0.8783783783783784 0.013513513513513514 0.10810810810810811 0.4583333333333333 0.16666666666666666 0.08333333333333333 0.08333333333333333 0.08333333333333333 0.08333333333333333 0.041666666666666664 0.0 0.6666666666666666 0.18840579710144928 0.08695652173913043 0.028985507246376812 0.028985507246376812 shenyanping 4Сʱ_mousemovements
0 0 0 0 0 0 0 0 0 0 0 0 0 0 0 0 0 0 0 0 0 0 0 0 0 0 0 0 0 0 0 0 0 0 0 0 0 0 0 0 0 0 0 shenyanping 4Сʱ_mousemovements
0 0 0 0 0 0 0 0 0 0 0 0 0 0 0 0 0 0 0 0 0 0 0 0 0 0 0 0 0 0 0 0 0 0 0 0 0 0 0 0 0 0 0 shenyanping 4Сʱ_mousemovements
226.32950348000003 349.5855056 449.80850250000003 1124.2175903333334 954.1439272 1770.5187914999997 1513.9070312 1484.0629275000001 936.7769683999999 301.29569449999997 874.807866 628.487076 520.783973 874.0220355 690.5748784545453 655.2977135555556 0.09803921568627451 0.1568627450980392 0.13725490196078433 0.0392156862745098 0.09803921568627451 0.0784313725490196 0.21568627450980393 0.17647058823529413 171.33148605521473 43.668508 429.34663950000004 0.9055555555555556 0.016666666666666666 0.07777777777777778 0.49019607843137253 0.09803921568627451 0.0392156862745098 0.058823529411764705 0.09803921568627451 0.0784313725490196 0.09803921568627451 0.0392156862745098 0.6011904761904762 0.23214285714285715 0.09523809523809523 0.047619047619047616 0.023809523809523808 shenyanping 4Сʱ_mousemovements
0 0 0 0 0 0 0 0 0 0 0 0 0 0 0 0 0 0 0 0 0 0 0 0 0 0 0 0 0 0 0 0 0 0 0 0 0 0 0 0 0 0 0 shenyanping 4Сʱ_mousemovements
0 0 0 0 0 0 0 0 0 0 0 0 0 0 0 0 0 0 0 0 0 0 0 0 0 0 0 0 0 0 0 0 0 0 0 0 0 0 0 0 0 0 0 shenyanping 4Сʱ_mousemovements
0 0 0 0 0 0 0 0 0 0 0 0 0 0 0 0 0 0 0 0 0 0 0 0 0 0 0 0 0 0 0 0 0 0 0 0 0 0 0 0 0 0 0 shenyanping 4Сʱ_mousemovements
276.91369725 0 0 909.1391295 0 422.69519 0 0 343.878235 1092.032837 726.245422 90.953247 40.129215 527.694641 0 0 0.14285714285714285 0.14285714285714285 0.14285714285714285 0.14285714285714285 0.14285714285714285 0.2857142857142857 0.0 0.0 186.0349021111111 0 0 1.0 0.0 0.0 0.5714285714285714 0.0 0.0 0.2857142857142857 0.0 0.14285714285714285 0.0 0.0 0.6666666666666666 0.13333333333333333 0.13333333333333333 0.06666666666666667 0.0 shenyanping 4Сʱ_mousemovements
59.26939533333333 959.522461 0 620.226196 0 0 0 0 0 0 789.8743285 0 77.116669 64.715065 35.976452 0 0.0 0.0 0.4 0.0 0.2 0.2 0.2 0.0 118.34752328571429 0 50.3457585 0.875 0.0 0.125 0.6 0.2 0.0 0.2 0.0 0.0 0.0 0.0 0.6428571428571429 0.14285714285714285 0.07142857142857142 0.14285714285714285 0.0 shenyanping 4Сʱ_mousemovements
253.70613876000007 517.47652625 871.0157215555556 847.5585344444444 1178.800049 2732.9940185 3171.5851843333335 2298.54126 599.4327280909091 948.0572078333335 920.2002339999999 639.7549333333333 1042.279618111111 1018.5283876 1366.5585378333333 189.2699590833333 0.1864406779661017 0.1016949152542373 0.11864406779661017 0.05084745762711865 0.15254237288135594 0.0847457627118644 0.1016949152542373 0.2033898305084746 229.68928944751374 0 236.04456123529405 0.9141414141414141 0.0 0.08585858585858586 0.423728813559322 0.13559322033898305 0.15254237288135594 0.15254237288135594 0.03389830508474576 0.03389830508474576 0.05084745762711865 0.01694915254237288 0.6270270270270271 0.21621621621621623 0.08108108108108109 0.043243243243243246 0.032432432432432434 shenyanping 4Сʱ_mousemovements
110.13109838461538 618.8259429999999 593.091675 348.809479 627.491516 0 706.846313 0 68.2997615 232.059634 326.75079324999996 314.43019300000003 495.97716233333335 348.809479 127.45576799999999 180.760773 0.21052631578947367 0.10526315789473684 0.21052631578947367 0.10526315789473684 0.15789473684210525 0.05263157894736842 0.10526315789473684 0.05263157894736842 60.047592833333326 0 167.84244725 0.8823529411764706 0.0 0.11764705882352941 0.6842105263157895 0.10526315789473684 0.05263157894736842 0.05263157894736842 0.05263157894736842 0.0 0.05263157894736842 0.0 0.6190476190476191 0.2222222222222222 0.047619047619047616 0.047619047619047616 0.06349206349206349 shenyanping 4Сʱ_mousemovements
205.7728478125 49.094225 835.9164226666667 727.0824990000001 2161.550049 0 0 0 412.91160775 227.31915850000001 179.374023 161.292019 929.241089 397.783235 722.9027896 260.8329315 0.16 0.16 0.04 0.08 0.04 0.16 0.2 0.16 153.05662251562498 49.094225 115.76284600000001 0.927536231884058 0.028985507246376812 0.043478260869565216 0.64 0.08 0.12 0.12 0.04 0.0 0.0 0.0 0.5967741935483871 0.25806451612903225 0.04838709677419355 0.04838709677419355 0.04838709677419355 shenyanping 4Сʱ_mousemovements
232.57409504545456 448.9434903333333 455.14550024999994 580.4781723333334 1218.432078 1310.0458755 1305.974528 5723.828613 775.2447611249999 1250.820153 1361.3081916666667 342.76073475 344.5739756666667 350.5261832 387.48447 307.23447550000003 0.16326530612244897 0.22448979591836735 0.061224489795918366 0.08163265306122448 0.12244897959183673 0.10204081632653061 0.16326530612244897 0.08163265306122448 222.9497523407408 56.027801999999994 294.77344945454547 0.9 0.02666666666666667 0.07333333333333333 0.4489795918367347 0.12244897959183673 0.08163265306122448 0.061224489795918366 0.12244897959183673 0.08163265306122448 0.061224489795918366 0.02040816326530612 0.5873015873015873 0.23015873015873015 0.11904761904761904 0.03968253968253968 0.023809523809523808 shenyanping 4Сʱ_mousemovements
110.22871765217391 415.32416100000006 496.1196545 1624.235687 1288.7001344999999 1902.679901 1652.884399 2306.6199340000003 869.45064275 393.54250599999995 986.4912109999999 457.0674745 794.0004323999999 653.6368788333333 500.35915125 222.489487 0.08163265306122448 0.2857142857142857 0.10204081632653061 0.04081632653061224 0.10204081632653061 0.12244897959183673 0.24489795918367346 0.02040816326530612 206.65668985496185 105.59367442857145 126.82547822222222 0.891156462585034 0.047619047619047616 0.061224489795918366 0.46938775510204084 0.1836734693877551 0.12244897959183673 0.04081632653061224 0.04081632653061224 0.08163265306122448 0.02040816326530612 0.04081632653061224 0.6384615384615384 0.2153846153846154 0.11538461538461539 0.023076923076923078 0.007692307692307693 shenyanping 4Сʱ_mousemovements
402.20791133333336 283.66152933333336 544.696411 1279.1591596666665 0 0 0 2797.815674 1822.5160525 749.652008 573.802307 0 188.6599655 1025.874466 0 64.516129 0.18181818181818182 0.18181818181818182 0.09090909090909091 0.0 0.18181818181818182 0.2727272727272727 0.0 0.09090909090909091 287.7758789333333 139.903862 324.513794 0.9090909090909091 0.06060606060606061 0.030303030303030304 0.2727272727272727 0.2727272727272727 0.09090909090909091 0.2727272727272727 0.0 0.0 0.0 0.09090909090909091 0.6428571428571429 0.14285714285714285 0.10714285714285714 0.07142857142857142 0.03571428571428571 shenyanping 4Сʱ_mousemovements
291.08555715384614 710.3399694999999 454.4906995 896.1860603333333 1066.205933 3076.878418 1948.4890745 1064.5201415000001 792.7532474999999 410.16335283333336 3076.878418 923.359507 694.7062075 658.85977925 747.1453032 76.427406 0.1935483870967742 0.1935483870967742 0.03225806451612903 0.0967741935483871 0.12903225806451613 0.12903225806451613 0.16129032258064516 0.06451612903225806 279.0299123717948 116.8691675 92.307579 0.9285714285714286 0.023809523809523808 0.047619047619047616 0.41935483870967744 0.12903225806451613 0.12903225806451613 0.0967741935483871 0.06451612903225806 0.03225806451612903 0.06451612903225806 0.06451612903225806 0.618421052631579 0.21052631578947367 0.06578947368421052 0.06578947368421052 0.039473684210526314 shenyanping 4Сʱ_mousemovements
325.6333363333333 363.664948 863.2763723333334 0 0 0 1157.365601 0 1469.836243 0 147.154739 608.1629946666667 0 0 62.5 113.943466 0.25 0.0 0.125 0.375 0.0 0.0 0.125 0.125 290.62381976470584 147.154739 0 0.9444444444444444 0.05555555555555555 0.0 0.375 0.125 0.375 0.0 0.0 0.0 0.125 0.0 0.5714285714285714 0.2857142857142857 0.14285714285714285 0.0 0.0 shenyanping 4Сʱ_mousemovements
367.32895322222225 335.75647 1267.022583 0 2454.655762 0 0 0 0 1485.9940185 0 0 0 619.711403 387.09677899999997 284.59204675 0.0 0.16666666666666666 0.0 0.0 0.0 0.3333333333333333 0.16666666666666666 0.3333333333333333 271.8058265555555 0 24.638077 0.9642857142857143 0.0 0.03571428571428571 0.75 0.08333333333333333 0.08333333333333333 0.0 0.08333333333333333 0.0 0.0 0.0 0.6956521739130435 0.21739130434782608 0.0 0.043478260869565216 0.043478260869565216 shenyanping 4Сʱ_mousemovements
0 0 0 0 0 0 0 0 0 0 0 0 0 0 0 0 0 0 0 0 0 0 0 0 0 0 0 0 0 0 0 0 0 0 0 0 0 0 0 0 0 0 0 shenyanping 4Сʱ_mousemovements
284.8796273125 530.42911725 440.919117 722.4736836666667 0 1259.3434243333334 0 0 291.3455735 647.6195321666668 626.2799273333334 661.006714 642.0073622500001 424.8940476000001 232.57483200000004 430.90492766666665 0.06666666666666667 0.2 0.1 0.03333333333333333 0.13333333333333333 0.16666666666666666 0.2 0.1 173.62480343749996 19.447021 119.87175049999999 0.9411764705882353 0.011764705882352941 0.047058823529411764 0.5333333333333333 0.13333333333333333 0.13333333333333333 0.1 0.0 0.1 0.0 0.0 0.5131578947368421 0.2631578947368421 0.11842105263157894 0.06578947368421052 0.039473684210526314 shenyanping 4Сʱ_mousemovements
302.2433035862069 713.5325114444445 505.71512188888886 637.8115236666666 2011.5589295 2003.2998655 0 0 632.701942375 475.5596496 654.1636371249999 90.5211925 325.62314483333336 564.0339878571428 792.1509289090908 316.00491342857146 0.14814814814814814 0.09259259259259259 0.14814814814814814 0.037037037037037035 0.1111111111111111 0.12962962962962962 0.2037037037037037 0.12962962962962962 185.11401268 24.3682745 233.19977675 0.9375 0.0125 0.05 0.5370370370370371 0.16666666666666666 0.16666666666666666 0.05555555555555555 0.037037037037037035 0.037037037037037035 0.0 0.0 0.64 0.2 0.09333333333333334 0.03333333333333333 0.03333333333333333 shenyanping 4Сʱ_mousemovements
176.33449385714286 507.0483855 0 740.8619386666666 0 0 3254.765625 1940.893799 0.0 1338.5314536666667 771.550659 43.209179 63.829788 408.4156796666666 1366.6533205 406.9729005 0.07142857142857142 0.21428571428571427 0.07142857142857142 0.07142857142857142 0.07142857142857142 0.21428571428571427 0.14285714285714285 0.14285714285714285 261.75898108333337 0 121.6800745 0.9473684210526315 0.0 0.05263157894736842 0.5 0.14285714285714285 0.0 0.21428571428571427 0.0 0.0 0.07142857142857142 0.07142857142857142 0.5294117647058824 0.2647058823529412 0.14705882352941177 0.0 0.058823529411764705 shenyanping 4Сʱ_mousemovements
355.04011022222227 507.53671299999996 747.5943602 0 955.7230426666666 0 0 501.957581 388.24101766666666 871.7038229999999 185.94371 1021.547485 1173.3320615 395.2608185 267.4022116666667 412.042023 0.14285714285714285 0.19047619047619047 0.047619047619047616 0.047619047619047616 0.09523809523809523 0.19047619047619047 0.14285714285714285 0.14285714285714285 183.23312082456138 146.904114 308.46941 0.9193548387096774 0.016129032258064516 0.06451612903225806 0.42857142857142855 0.14285714285714285 0.23809523809523808 0.0 0.14285714285714285 0.0 0.0 0.047619047619047616 0.5961538461538461 0.3269230769230769 0.07692307692307693 0.0 0.0 shenyanping 4Сʱ_mousemovements
0 0 0 0 0 0 0 0 0 0 0 0 0 0 0 0 0 0 0 0 0 0 0 0 0 0 0 0 0 0 0 0 0 0 0 0 0 0 0 0 0 0 0 shenyanping 4Сʱ_mousemovements
439.0672025 0 1106.887675 574.974365 0 1983.09729 1613.675781 0 0 1305.2438628 1511.893677 0 109.2416955 0 574.4002685 399.8877905 0.0 0.35714285714285715 0.07142857142857142 0.0 0.14285714285714285 0.0 0.14285714285714285 0.2857142857142857 289.60389686842103 0 0 1.0 0.0 0.0 0.5714285714285714 0.0 0.21428571428571427 0.07142857142857142 0.0 0.07142857142857142 0.07142857142857142 0.0 0.5714285714285714 0.2857142857142857 0.08571428571428572 0.02857142857142857 0.02857142857142857 shenyanping 4Сʱ_mousemovements
0 0 0 0 549.540588 0 1696.273438 0 0 0 0 0 0 1696.273438 549.540588 0 0.0 0.0 0.0 0.0 0.0 0.5 0.5 0.0 374.3023376666667 0 0 1.0 0.0 0.0 0.0 0.0 0.0 0.0 0.5 0.0 0.5 0.0 0.2 0.6 0.0 0.0 0.2 shenyanping 4Сʱ_mousemovements
254.3312813870968 594.5289992500001 623.684924 1456.282776 1977.983887 1009.6749420000001 925.759644 1903.4948655 683.1483220000001 556.2810146923076 959.197808857143 317.75632675 209.555881 562.6049761428573 464.79068399999994 629.16651525 0.13559322033898305 0.22033898305084745 0.11864406779661017 0.06779661016949153 0.06779661016949153 0.11864406779661017 0.13559322033898305 0.13559322033898305 196.4624853607596 45.74300066666667 303.2063998 0.9239766081871345 0.017543859649122806 0.05847953216374269 0.5254237288135594 0.2033898305084746 0.1016949152542373 0.03389830508474576 0.01694915254237288 0.03389830508474576 0.01694915254237288 0.06779661016949153 0.618421052631579 0.23684210526315788 0.08552631578947369 0.03289473684210526 0.02631578947368421 shenyanping 4Сʱ_mousemovements
120.22555595121953 313.92167724999996 542.16623425 918.8655548999999 813.4823782857142 0 2050.14329525 922.937744 586.32724 622.098028 879.3920939230769 345.88787990909094 249.74831345454547 434.05876920000003 431.64823861538457 201.80801455555553 0.04597701149425287 0.13793103448275862 0.14942528735632185 0.12643678160919541 0.12643678160919541 0.05747126436781609 0.14942528735632185 0.20689655172413793 116.53715451865672 7.562198666666667 248.56880771874995 0.8844884488448845 0.009900990099009901 0.10561056105610561 0.47126436781609193 0.13793103448275862 0.13793103448275862 0.11494252873563218 0.08045977011494253 0.0 0.04597701149425287 0.011494252873563218 0.5486111111111112 0.2222222222222222 0.12152777777777778 0.05555555555555555 0.052083333333333336 shenyanping 4Сʱ_mousemovements
126.98824768965521 283.82587149999995 537.4866638333333 488.879588 1197.474994 382.205505 2283.6220296666665 884.947876 183.88636749999998 224.827427875 192.56668833333333 222.63515510000002 491.276062 205.22992466666665 761.2920326 713.4282709230769 0.06451612903225806 0.12903225806451613 0.14516129032258066 0.16129032258064516 0.08064516129032258 0.04838709677419355 0.16129032258064516 0.20967741935483872 83.46881268799997 4.681216 185.73092503333336 0.8833922261484098 0.01060070671378092 0.10600706713780919 0.46774193548387094 0.22580645161290322 0.0967741935483871 0.04838709677419355 0.08064516129032258 0.016129032258064516 0.04838709677419355 0.016129032258064516 0.5799256505576208 0.2342007434944238 0.10780669144981413 0.03345724907063197 0.04460966542750929 shenyanping 4Сʱ_mousemovements
108.40001705882352 357.60247446666665 829.7001088333335 636.5419261666667 908.0937194999999 846.2957702 1426.521993333333 1022.9474332500001 423.958192875 341.6736681666667 1011.7413586666665 381.7702795454545 423.0826203333333 653.0313371666667 264.11801149999997 302.57553177777777 0.10666666666666667 0.08 0.08 0.14666666666666667 0.16 0.08 0.10666666666666667 0.24 101.78376741908716 158.21805785714287 236.7391984642857 0.8731884057971014 0.025362318840579712 0.10144927536231885 0.4533333333333333 0.2 0.08 0.08 0.02666666666666667 0.06666666666666667 0.04 0.05333333333333334 0.6434108527131783 0.14728682170542637 0.10465116279069768 0.06201550387596899 0.04263565891472868 shenyanping 4Сʱ_mousemovements
103.37328133333332 241.12009342857144 206.10582 384.45019549999995 718.9617738 0 3827.256104 1195.82666 763.753215 206.10582 466.81006866666667 305.10318459999996 129.19482766666667 245.91925049999998 361.38720739999997 37.96980775 0.21052631578947367 0.02631578947368421 0.07894736842105263 0.13157894736842105 0.15789473684210525 0.15789473684210525 0.13157894736842105 0.10526315789473684 103.43490320535717 7.092198 132.84114635714283 0.8818897637795275 0.007874015748031496 0.11023622047244094 0.5526315789473685 0.18421052631578946 0.02631578947368421 0.05263157894736842 0.13157894736842105 0.0 0.02631578947368421 0.02631578947368421 0.6228070175438597 0.14912280701754385 0.11403508771929824 0.06140350877192982 0.05263157894736842 shenyanping 4Сʱ_mousemovements
411.17423318181824 183.019699 727.44043 0 0 422.917297 0 1418.570435 393.9109955 1228.5780590000002 300.3320005 210.9686386 727.44043 0 275.3344 50.711533 0.11764705882352941 0.17647058823529413 0.11764705882352941 0.29411764705882354 0.11764705882352941 0.0 0.11764705882352941 0.058823529411764705 144.92933122 74.9506495 262.985565 0.9090909090909091 0.03636363636363636 0.05454545454545454 0.6470588235294118 0.11764705882352941 0.11764705882352941 0.0 0.0 0.058823529411764705 0.0 0.058823529411764705 0.723404255319149 0.10638297872340426 0.0851063829787234 0.06382978723404255 0.02127659574468085 shenyanping 4Сʱ_mousemovements
224.5010753 374.13002575 673.2713196000001 1492.8371990000003 833.1659547500001 814.595825 0 0 1024.4396033333335 825.753235 313.040863 512.53806375 806.258785 418.4874216666667 263.7719128333333 486.8658525 0.2222222222222222 0.037037037037037035 0.037037037037037035 0.14814814814814814 0.07407407407407407 0.1111111111111111 0.2222222222222222 0.14814814814814814 187.56346542105263 86.39448633333335 174.23598057142857 0.8837209302325582 0.03488372093023256 0.08139534883720931 0.37037037037037035 0.14814814814814814 0.18518518518518517 0.1111111111111111 0.14814814814814814 0.037037037037037035 0.0 0.0 0.6172839506172839 0.1728395061728395 0.12345679012345678 0.06172839506172839 0.024691358024691357 shenyanping 4Сʱ_mousemovements
323.19183733333335 365.616211 540.9381306666667 0 1743.8979494999999 0 0 0 205.515358 1107.18283875 0 0 469.05661 641.377543 129.590458 288.861511 0.15384615384615385 0.3076923076923077 0.0 0.0 0.07692307692307693 0.23076923076923078 0.15384615384615385 0.07692307692307693 311.23974948 0 0 1.0 0.0 0.0 0.46153846153846156 0.15384615384615385 0.23076923076923078 0.0 0.15384615384615385 0.0 0.0 0.0 0.30434782608695654 0.5217391304347826 0.13043478260869565 0.0 0.043478260869565216 shenyanping 4Сʱ_mousemovements
294.4287736666667 287.424164 1014.554626 1536.49117 0 3422.480957 0 0 708.7368164999999 1411.0180280000002 0 1025.7913310000001 0 0 62.5 121.63294966666668 0.26666666666666666 0.26666666666666666 0.0 0.2 0.0 0.0 0.06666666666666667 0.2 243.44916739583337 0 99.41072833333334 0.9411764705882353 0.0 0.058823529411764705 0.6 0.06666666666666667 0.06666666666666667 0.2 0.0 0.06666666666666667 0.0 0.0 0.7441860465116279 0.2558139534883721 0.0 0.0 0.0 shenyanping 4Сʱ_mousemovements
144.99366515789475 218.111832 0 1082.705078 471.4209595 0 534.763672 665.656067 484.153778 188.0075694 336.4258575 308.1612622 192.1733285 0 172.1390845 272.4078446 0.038461538461538464 0.19230769230769232 0.07692307692307693 0.19230769230769232 0.07692307692307693 0.0 0.23076923076923078 0.19230769230769232 44.60454679761905 9.852217 190.031135 0.8484848484848485 0.010101010101010102 0.1414141414141414 0.7307692307692307 0.07692307692307693 0.0 0.038461538461538464 0.07692307692307693 0.0 0.038461538461538464 0.038461538461538464 0.6785714285714286 0.17857142857142858 0.047619047619047616 0.07142857142857142 0.023809523809523808 shenyanping 4Сʱ_mousemovements
