129.5577462 513.6692506666667 677.26709 0 1509.246216 0 0 918.436279 19.771236 353.32923733333337 976.0323689999999 291.06910424999995 136.2824475 195.6983905 0 105.440651 0.0625 0.1875 0.1875 0.25 0.125 0.125 0.0 0.0625 100.38668880434781 269.432281 263.57870825 0.9019607843137255 0.0196078431372549 0.0784313725490196 0.625 0.1875 0.0625 0.0 0.0625 0.0 0.0 0.0625 0.5869565217391305 0.32608695652173914 0.043478260869565216 0.021739130434782608 0.021739130434782608 shenyanping 9Сʱ_mousemovements
0 0 0 0 0 0 0 0 0 0 0 0 0 0 0 0 0 0 0 0 0 0 0 0 0 0 0 0 0 0 0 0 0 0 0 0 0 0 0 0 0 0 0 shenyanping 9Сʱ_mousemovements
0 0 0 0 0 0 0 0 0 0 0 0 0 0 0 0 0 0 0 0 0 0 0 0 0 0 0 0 0 0 0 0 0 0 0 0 0 0 0 0 0 0 0 shenyanping 9Сʱ_mousemovements
0 0 0 0 0 0 0 0 0 0 0 0 0 0 0 0 0 0 0 0 0 0 0 0 0 0 0 0 0 0 0 0 0 0 0 0 0 0 0 0 0 0 0 shenyanping 9Сʱ_mousemovements
0 0 0 0 0 0 0 0 0 0 0 0 0 0 0 0 0 0 0 0 0 0 0 0 0 0 0 0 0 0 0 0 0 0 0 0 0 0 0 0 0 0 0 shenyanping 9Сʱ_mousemovements
355.062592 1556.023438 0 0 7352.86084 0 0 0 0 0 0 0 0 955.543015 7352.86084 0 0.0 0.0 0.0 0.0 0.0 0.6666666666666666 0.3333333333333333 0.0 1543.991145 0 0 1.0 0.0 0.0 0.3333333333333333 0.3333333333333333 0.0 0.0 0.3333333333333333 0.0 0.0 0.0 0.8 0.0 0.0 0.0 0.2 shenyanping 9Сʱ_mousemovements
260.278137 0 0 1393.782104 0 0 0 0 0 0 0 0 260.278137 0 0 1393.782104 0.0 0.0 0.0 0.0 0.5 0.0 0.0 0.5 275.6767068333333 0 0 1.0 0.0 0.0 0.5 0.0 0.0 0.5 0.0 0.0 0.0 0.0 0.5 0.25 0.0 0.0 0.25 shenyanping 9Сʱ_mousemovements
106.80685041935483 904.395019625 523.4541429999999 1269.5071106666667 1216.0457966666665 1267.7241316666666 625.549815 0 827.2336553333333 505.1574983333333 573.580155 670.4940499999999 273.7711342222222 454.6897674 227.62925260000003 276.1722197777778 0.10344827586206896 0.15517241379310345 0.10344827586206896 0.15517241379310345 0.15517241379310345 0.08620689655172414 0.08620689655172414 0.15517241379310345 112.95258050753768 190.82165824999998 241.52834876470592 0.9045454545454545 0.01818181818181818 0.07727272727272727 0.5344827586206896 0.13793103448275862 0.1206896551724138 0.05172413793103448 0.05172413793103448 0.05172413793103448 0.05172413793103448 0.0 0.5879396984924623 0.25125628140703515 0.08542713567839195 0.04020100502512563 0.035175879396984924 shenyanping 9Сʱ_mousemovements
126.56566843999997 320.78935160000003 582.9596286 1093.964462 546.014099 868.025391 2127.800293 39.563564 214.78671 466.82581733333336 262.67279725000003 176.017341625 654.587516 17.351954 480.39229579999994 183.8148945 0.14285714285714285 0.14285714285714285 0.09523809523809523 0.19047619047619047 0.14285714285714285 0.023809523809523808 0.11904761904761904 0.14285714285714285 78.7695230915493 21.86414025 181.70027613333332 0.8819875776397516 0.024844720496894408 0.09316770186335403 0.5952380952380952 0.11904761904761904 0.11904761904761904 0.047619047619047616 0.047619047619047616 0.023809523809523808 0.023809523809523808 0.023809523809523808 0.6028368794326241 0.24822695035460993 0.07092198581560284 0.028368794326241134 0.04964539007092199 shenyanping 9Сʱ_mousemovements
220.25794888888885 355.93133930000005 789.4569243999998 1266.6427033 1416.4120560000001 3072.8388675 2355.638387 1485.1880085 610.7168828888888 987.9019772666667 985.2563935714286 662.5087325714286 853.16864 1014.7075202222222 504.59503240000004 780.9483005555555 0.13432835820895522 0.22388059701492538 0.1044776119402985 0.1044776119402985 0.014925373134328358 0.13432835820895522 0.14925373134328357 0.13432835820895522 206.62274884545457 180.4991491 349.86118957894735 0.8835341365461847 0.040160642570281124 0.07630522088353414 0.40298507462686567 0.14925373134328357 0.07462686567164178 0.14925373134328357 0.05970149253731343 0.029850746268656716 0.04477611940298507 0.08955223880597014 0.652542372881356 0.2245762711864407 0.06779661016949153 0.01694915254237288 0.038135593220338986 shenyanping 9Сʱ_mousemovements
340.44166375000003 431.618408 0 1017.378479 0 0 1582.021973 0 0 1006.8201905 0 641.5254669999999 0 111.4483755 0 873.197449 0.0 0.2857142857142857 0.0 0.2857142857142857 0.0 0.2857142857142857 0.0 0.14285714285714285 252.12922758823532 0 106.588646 0.9444444444444444 0.0 0.05555555555555555 0.5714285714285714 0.14285714285714285 0.0 0.14285714285714285 0.0 0.0 0.14285714285714285 0.0 0.5714285714285714 0.2857142857142857 0.07142857142857142 0.07142857142857142 0.0 shenyanping 9Сʱ_mousemovements
202.5640895 316.1882434285714 1019.7329665999999 617.736898 3231.500244 401.3432235 3668.502014 804.183258 144.54734 950.1108245 1029.4841615999999 743.0222474 77.13885099999999 542.14999775 1629.9689787500001 563.482047125 0.16666666666666666 0.05555555555555555 0.1388888888888889 0.1388888888888889 0.05555555555555555 0.1111111111111111 0.1111111111111111 0.2222222222222222 189.51065428571425 99.4751775 202.720864 0.9015151515151515 0.015151515151515152 0.08333333333333333 0.3888888888888889 0.19444444444444445 0.1388888888888889 0.08333333333333333 0.027777777777777776 0.05555555555555555 0.05555555555555555 0.05555555555555555 0.5892857142857143 0.24107142857142858 0.08035714285714286 0.05357142857142857 0.03571428571428571 shenyanping 9Сʱ_mousemovements
0 0 362.580688 1172.376953 0 0 0 0 0 0 0 1172.376953 0 0 362.580688 0 0.0 0.0 0.0 0.5 0.0 0.0 0.5 0.0 234.4753906 362.580688 0 0.8333333333333334 0.16666666666666666 0.0 0.0 0.0 0.5 0.5 0.0 0.0 0.0 0.0 0.2 0.6 0.0 0.2 0.0 shenyanping 9Сʱ_mousemovements
88.260254 631.136475 0 0 0 0 0 0 0 0 0 0 631.136475 88.260254 0 0 0.0 0.0 0.0 0.0 0.5 0.5 0.0 0.0 179.84918225 0 0 1.0 0.0 0.0 0.5 0.5 0.0 0.0 0.0 0.0 0.0 0.0 0.6666666666666666 0.3333333333333333 0.0 0.0 0.0 shenyanping 9Сʱ_mousemovements
144.58805412499999 281.430389 942.5011800000001 1405.942240333333 1103.6057333333333 0 1372.2331236666666 2203.187744 0 634.2786084999999 1063.389257 574.191407 1256.96577725 893.733612 157.92524066666667 972.3840329999998 0.0 0.17647058823529413 0.14705882352941177 0.14705882352941177 0.11764705882352941 0.058823529411764705 0.17647058823529413 0.17647058823529413 227.04491498076925 196.751404 254.476912 0.9285714285714286 0.008928571428571428 0.0625 0.47058823529411764 0.029411764705882353 0.08823529411764706 0.08823529411764706 0.08823529411764706 0.0 0.17647058823529413 0.058823529411764705 0.5544554455445545 0.25742574257425743 0.10891089108910891 0.04950495049504951 0.0297029702970297 shenyanping 9Сʱ_mousemovements
195.6413663333333 324.572754 0 1237.443359 454.88678749999997 1230.2238708 893.6923830000001 0 995.0508115 681.1074829999999 167.65042633333334 0 465.8320436666666 929.2664336666667 38.5381775 546.3559305 0.08695652173913043 0.17391304347826086 0.13043478260869565 0.0 0.13043478260869565 0.13043478260869565 0.08695652173913043 0.2608695652173913 157.91482945945947 129.11145266666668 171.2396165 0.9135802469135802 0.037037037037037035 0.04938271604938271 0.5217391304347826 0.043478260869565216 0.0 0.043478260869565216 0.08695652173913043 0.21739130434782608 0.08695652173913043 0.0 0.4925373134328358 0.3582089552238806 0.1044776119402985 0.04477611940298507 0.0 shenyanping 9Сʱ_mousemovements
287.86844533333334 898.8768208333332 598.929798 734.462952 1194.3623659999998 2950.720215 2063.2572025 0 243.896342 818.8099976999999 1104.2261763333333 2483.241638 624.0065004999999 690.4442135 684.88527075 805.925173142857 0.09090909090909091 0.30303030303030304 0.09090909090909091 0.06060606060606061 0.06060606060606061 0.06060606060606061 0.12121212121212122 0.21212121212121213 249.37617411009174 5.0149415 338.9455566666666 0.956140350877193 0.017543859649122806 0.02631578947368421 0.45454545454545453 0.18181818181818182 0.12121212121212122 0.030303030303030304 0.06060606060606061 0.09090909090909091 0.06060606060606061 0.0 0.5943396226415094 0.27358490566037735 0.07547169811320754 0.018867924528301886 0.03773584905660377 shenyanping 9Сʱ_mousemovements
387.71530899999993 284.41563283333335 948.6102905 617.3891295000001 354.369919 1608.8078613333334 1819.46423325 2641.7933594 868.7475216666667 500.05049014285714 1149.28067775 1419.278843 1166.8386523333334 1651.3719838000002 729.4774368000001 681.2319365999999 0.15384615384615385 0.1794871794871795 0.10256410256410256 0.10256410256410256 0.07692307692307693 0.1282051282051282 0.1282051282051282 0.1282051282051282 283.5484257622951 58.088467 262.25024808333336 0.9037037037037037 0.007407407407407408 0.08888888888888889 0.3333333333333333 0.15384615384615385 0.10256410256410256 0.05128205128205128 0.05128205128205128 0.07692307692307693 0.10256410256410256 0.1282051282051282 0.6016260162601627 0.2682926829268293 0.06504065040650407 0.032520325203252036 0.032520325203252036 shenyanping 9Сʱ_mousemovements
210.85543751515152 406.2046737 584.7953138749999 933.9827392000001 1210.3719008888884 4101.850098 1443.1655275 1492.191958 500.1113533333333 762.4711821428572 1550.8430226666667 456.4139786666667 662.5173162727273 442.4161708 459.0799841111111 457.1108724545454 0.16901408450704225 0.19718309859154928 0.04225352112676056 0.08450704225352113 0.15492957746478872 0.07042253521126761 0.1267605633802817 0.15492957746478872 205.3580140989583 115.56276100000001 289.3934715555556 0.927536231884058 0.028985507246376812 0.043478260869565216 0.4647887323943662 0.14084507042253522 0.11267605633802817 0.07042253521126761 0.1267605633802817 0.014084507042253521 0.028169014084507043 0.04225352112676056 0.5026737967914439 0.27807486631016043 0.10695187165775401 0.08021390374331551 0.03208556149732621 shenyanping 9Сʱ_mousemovements
138.88254161290322 805.92984 321.0592345 1582.030884 1098.7656863333332 890.433716 1231.0349735 1439.711487 389.129609625 229.95928212500002 829.5878242000001 359.41016774999997 561.3290304 411.2721726 327.2685266 163.8000945 0.1702127659574468 0.1702127659574468 0.10638297872340426 0.0851063829787234 0.2127659574468085 0.10638297872340426 0.10638297872340426 0.0425531914893617 144.10310196153844 304.620117 125.98461588888891 0.9285714285714286 0.007142857142857143 0.06428571428571428 0.6595744680851063 0.0851063829787234 0.0425531914893617 0.02127659574468085 0.06382978723404255 0.0425531914893617 0.0425531914893617 0.0425531914893617 0.553030303030303 0.26515151515151514 0.10606060606060606 0.05303030303030303 0.022727272727272728 shenyanping 9Сʱ_mousemovements
151.5884695 470.48022433333335 599.6591185 934.1055603333333 1477.873413 0 0 0 1121.9246113333331 279.421809 0 0 413.02396633333336 368.882289 0.0 408.0670775 0.17647058823529413 0.17647058823529413 0.0 0.0 0.17647058823529413 0.29411764705882354 0.058823529411764705 0.11764705882352941 156.99308471111112 81.027702 239.4850615 0.9 0.02 0.08 0.47058823529411764 0.17647058823529413 0.11764705882352941 0.17647058823529413 0.058823529411764705 0.0 0.0 0.0 0.4523809523809524 0.35714285714285715 0.07142857142857142 0.07142857142857142 0.047619047619047616 shenyanping 9Сʱ_mousemovements
240.52607607142858 257.9697455 988.316582 680.7953734 0 1469.9921466666667 932.2791626000001 1732.8465881666664 457.84080500000005 821.1770857142857 1045.2100648 888.3582540000001 1276.3829343333334 798.43087 422.10271345454544 784.3116762499999 0.04878048780487805 0.17073170731707318 0.12195121951219512 0.14634146341463414 0.07317073170731707 0.07317073170731707 0.2682926829268293 0.0975609756097561 267.97269554716985 276.168764 245.02260571428573 0.905982905982906 0.03418803418803419 0.05982905982905983 0.34146341463414637 0.0975609756097561 0.0975609756097561 0.12195121951219512 0.0 0.07317073170731707 0.12195121951219512 0.14634146341463414 0.5436893203883495 0.2621359223300971 0.06796116504854369 0.08737864077669903 0.038834951456310676 shenyanping 9Сʱ_mousemovements
224.39782122222223 265.01006475 454.471741 3120.898682 1291.501648 853.205811 1467.129028333333 2342.354248 1212.208313 1073.5374832500002 1735.3734843333332 528.0356899999999 114.515327 454.471741 275.41915133333333 750.8690320000001 0.125 0.16666666666666666 0.125 0.08333333333333333 0.041666666666666664 0.041666666666666664 0.25 0.16666666666666666 202.61433884810123 0 379.0457822222222 0.8977272727272727 0.0 0.10227272727272728 0.375 0.16666666666666666 0.041666666666666664 0.041666666666666664 0.16666666666666666 0.041666666666666664 0.125 0.041666666666666664 0.5714285714285714 0.24675324675324675 0.06493506493506493 0.05194805194805195 0.06493506493506493 shenyanping 9Сʱ_mousemovements
339.9740645714286 730.9441986666667 0 1055.27063 0 1808.7191160000002 936.132263 0 93.8614235 1717.5459796666667 733.268298 936.132263 0 0 314.012192 359.05661533333335 0.14285714285714285 0.21428571428571427 0.21428571428571427 0.07142857142857142 0.0 0.0 0.14285714285714285 0.21428571428571427 219.09999193023256 0 190.04813000000001 0.9148936170212766 0.0 0.0851063829787234 0.5 0.21428571428571427 0.0 0.07142857142857142 0.0 0.14285714285714285 0.07142857142857142 0.0 0.6904761904761905 0.16666666666666666 0.09523809523809523 0.023809523809523808 0.023809523809523808 shenyanping 9Сʱ_mousemovements
104.24931674074075 439.0010904166667 768.1955474 316.33128116666666 2637.101074 359.202698 1618.799805 0 297.18807999999996 329.22015400000004 480.8273789166667 703.5035183333334 207.11911800000001 304.0000035 208.77572909090907 272.714981 0.03773584905660377 0.2641509433962264 0.22641509433962265 0.05660377358490566 0.03773584905660377 0.11320754716981132 0.20754716981132076 0.05660377358490566 109.96664416666667 121.47626316666667 163.97287136363636 0.8571428571428571 0.07453416149068323 0.06832298136645963 0.5094339622641509 0.22641509433962265 0.09433962264150944 0.11320754716981132 0.018867924528301886 0.018867924528301886 0.018867924528301886 0.0 0.5683453237410072 0.2517985611510791 0.07913669064748201 0.06474820143884892 0.03597122302158273 shenyanping 9Сʱ_mousemovements
200.05268603333334 626.1654586666667 809.81079875 1035.2290243333334 0 1340.6780855000002 2650.2530516666666 662.209915 574.8918685 728.0436026666667 1471.6979915 1490.9051816666667 762.094391 450.5320785 266.4461225 216.07699991666664 0.07692307692307693 0.23076923076923078 0.07692307692307693 0.057692307692307696 0.057692307692307696 0.07692307692307693 0.19230769230769232 0.23076923076923078 193.17327094594594 21.201133666666667 189.83158427272727 0.9135802469135802 0.018518518518518517 0.06790123456790123 0.5769230769230769 0.11538461538461539 0.07692307692307693 0.057692307692307696 0.0 0.07692307692307693 0.057692307692307696 0.038461538461538464 0.6122448979591837 0.2585034013605442 0.06802721088435375 0.047619047619047616 0.013605442176870748 shenyanping 9Сʱ_mousemovements
212.83162155813952 498.1389008333333 657.5375365 287.6650085 1423.714355 0 1682.1369325 0 287.4011121666667 549.9110760000001 717.510869857143 525.61156825 274.25263333333334 604.6757966000001 229.62757000000005 78.25411085714286 0.1016949152542373 0.22033898305084745 0.11864406779661017 0.06779661016949153 0.05084745762711865 0.0847457627118644 0.23728813559322035 0.11864406779661017 137.18363487012985 72.98314300000001 179.07389918181818 0.8953488372093024 0.040697674418604654 0.06395348837209303 0.7288135593220338 0.1016949152542373 0.03389830508474576 0.03389830508474576 0.03389830508474576 0.0 0.06779661016949153 0.0 0.4827586206896552 0.33793103448275863 0.08275862068965517 0.06206896551724138 0.034482758620689655 shenyanping 9Сʱ_mousemovements
216.88312588461534 648.2147165 322.1258188333333 610.2441253750001 1544.0823566666666 1454.4559479999998 758.7732746666667 1903.2844116 752.932274 958.3731790666668 809.2585735 368.2970415 646.0422659000001 788.4151496666667 204.12172227272728 463.074881 0.06557377049180328 0.2459016393442623 0.06557377049180328 0.09836065573770492 0.16393442622950818 0.09836065573770492 0.18032786885245902 0.08196721311475409 216.1039283030303 137.60672285714287 196.5375002 0.9065934065934066 0.038461538461538464 0.054945054945054944 0.4262295081967213 0.09836065573770492 0.09836065573770492 0.13114754098360656 0.04918032786885246 0.06557377049180328 0.04918032786885246 0.08196721311475409 0.5240963855421686 0.2710843373493976 0.1144578313253012 0.05421686746987952 0.03614457831325301 shenyanping 9Сʱ_mousemovements
501.82970433333327 189.5276375 0 571.3621825 1231.094727 0 920.273743 0 0 111.090797 0 0 1061.348145 600.3146896666667 749.5270694999999 353.1000365 0.0 0.1111111111111111 0.0 0.0 0.1111111111111111 0.3333333333333333 0.2222222222222222 0.2222222222222222 228.8327295714286 0 373.149902 0.9545454545454546 0.0 0.045454545454545456 0.3333333333333333 0.2222222222222222 0.0 0.2222222222222222 0.1111111111111111 0.0 0.1111111111111111 0.0 0.45 0.2 0.15 0.1 0.1 shenyanping 9Сʱ_mousemovements
201.3811174 0 585.400696 0 5479.561523 0 0 0 239.642105 159.938281 287.448639 0 585.400696 0 5479.561523 0 0.14285714285714285 0.42857142857142855 0.14285714285714285 0.0 0.14285714285714285 0.0 0.14285714285714285 0.0 353.5933903 0 0 1.0 0.0 0.0 0.7142857142857143 0.0 0.14285714285714285 0.0 0.14285714285714285 0.0 0.0 0.0 0.7857142857142857 0.07142857142857142 0.14285714285714285 0.0 0.0 shenyanping 9Сʱ_mousemovements
247.871196 1171.4396263333335 436.6087035 1666.5274046666666 0 1645.2608035 1519.1676025000002 2834.0040285 563.6095355 1726.767141 1695.0818483333333 971.413269 2220.84552 1398.0127565 571.5385743333333 111.94187666666666 0.09090909090909091 0.13636363636363635 0.13636363636363635 0.045454545454545456 0.09090909090909091 0.09090909090909091 0.2727272727272727 0.13636363636363635 416.15377510714285 0 31.1707655 0.9655172413793104 0.0 0.034482758620689655 0.36363636363636365 0.13636363636363635 0.09090909090909091 0.13636363636363635 0.0 0.09090909090909091 0.09090909090909091 0.09090909090909091 0.4117647058823529 0.43137254901960786 0.0784313725490196 0.0392156862745098 0.0392156862745098 shenyanping 9Сʱ_mousemovements
149.59822976470585 365.5149044444444 545.0211489999999 0 495.61292275000005 663.217224 0 0 466.601532 398.64097625 330.5315743333333 158.27947999999998 456.361847 188.07208585714287 365.1120426666667 231.87593800000002 0.030303030303030304 0.12121212121212122 0.18181818181818182 0.12121212121212122 0.030303030303030304 0.21212121212121213 0.18181818181818182 0.12121212121212122 94.5807716627907 45.14503214285715 279.63841775000003 0.8865979381443299 0.07216494845360824 0.041237113402061855 0.5151515151515151 0.2727272727272727 0.06060606060606061 0.0 0.12121212121212122 0.030303030303030304 0.0 0.0 0.38271604938271603 0.37037037037037035 0.09876543209876543 0.07407407407407407 0.07407407407407407 shenyanping 9Сʱ_mousemovements
136.6262645 411.32897475 138.319901 1367.6698760000002 848.633011 732.734192 0 0 79.175598 0 369.6487726666666 259.0584693636364 197.642349 269.12349850000004 319.78495625 300.90776566666665 0.023809523809523808 0.0 0.21428571428571427 0.2619047619047619 0.023809523809523808 0.09523809523809523 0.09523809523809523 0.2857142857142857 77.8549528046875 22.35715775 112.61735623809524 0.8366013071895425 0.026143790849673203 0.13725490196078433 0.6666666666666666 0.19047619047619047 0.023809523809523808 0.047619047619047616 0.047619047619047616 0.023809523809523808 0.0 0.0 0.635036496350365 0.12408759124087591 0.13138686131386862 0.08029197080291971 0.029197080291970802 shenyanping 9Сʱ_mousemovements
196.2102301034483 386.09312722222217 226.13523849999999 753.188293 437.530518 2370.871338 0 1097.826904 577.7577062 246.83834500000006 348.4845962 569.9948933333334 543.5498210000001 120.27101875000001 169.08410044444446 482.3678055 0.1111111111111111 0.15555555555555556 0.2222222222222222 0.06666666666666667 0.06666666666666667 0.08888888888888889 0.2 0.08888888888888889 129.19990013513515 51.47188328571429 134.59143079999998 0.9024390243902439 0.056910569105691054 0.04065040650406504 0.6444444444444445 0.2 0.044444444444444446 0.022222222222222223 0.022222222222222223 0.022222222222222223 0.0 0.044444444444444446 0.514018691588785 0.24299065420560748 0.11214953271028037 0.07476635514018691 0.056074766355140186 shenyanping 9Сʱ_mousemovements
213.89495523529408 476.733978375 902.0455931666669 785.6443485 0 3487.905518 1647.2644652499998 1905.2413940000001 748.3446197500001 1229.8616536666666 1688.7935745999998 564.0718575 275.399652 240.89254733333334 251.99079291666666 628.1480380555556 0.06779661016949153 0.05084745762711865 0.0847457627118644 0.1016949152542373 0.13559322033898305 0.05084745762711865 0.2033898305084746 0.3050847457627119 175.86921229891306 6.116208 242.10770207142858 0.9154228855721394 0.014925373134328358 0.06965174129353234 0.576271186440678 0.13559322033898305 0.1016949152542373 0.03389830508474576 0.0 0.01694915254237288 0.06779661016949153 0.06779661016949153 0.6137566137566137 0.2222222222222222 0.08465608465608465 0.06349206349206349 0.015873015873015872 shenyanping 9Сʱ_mousemovements
121.8087728125 672.2838770833332 195.348938 344.721954 1324.9751036000002 918.734619 2055.4327393333338 0 728.7418433333333 768.2126347333334 471.0390718 348.9041945 129.50210149999998 360.5371098333333 246.18302260000002 83.453157 0.16071428571428573 0.26785714285714285 0.08928571428571429 0.07142857142857142 0.03571428571428571 0.10714285714285714 0.17857142857142858 0.08928571428571429 134.92127824324328 15.9739085 142.77445526666668 0.9158415841584159 0.009900990099009901 0.07425742574257425 0.5714285714285714 0.21428571428571427 0.017857142857142856 0.017857142857142856 0.08928571428571429 0.03571428571428571 0.05357142857142857 0.0 0.56353591160221 0.24861878453038674 0.11049723756906077 0.03867403314917127 0.03867403314917127 shenyanping 9Сʱ_mousemovements
227.8526500909091 411.0151147142857 1018.1578065 0 1532.1971230000001 1406.3379820000002 1273.4629923333334 0 354.6493334285714 695.143572 229.8130828 0 1043.4817954 876.0829588 399.86312912500006 286.342941 0.175 0.2 0.125 0.0 0.125 0.125 0.2 0.05 183.45130992982456 68.964119 205.97604585714285 0.9193548387096774 0.024193548387096774 0.056451612903225805 0.55 0.175 0.05 0.0 0.075 0.075 0.075 0.0 0.5803571428571429 0.26785714285714285 0.08928571428571429 0.017857142857142856 0.044642857142857144 shenyanping 9Сʱ_mousemovements
174.83514513953486 493.2301466470588 579.7162432857142 525.593689 888.59082 385.286865 654.817017 0 516.4150923333333 303.3301941666667 358.9059941111111 583.5173667142857 46.838294000000005 319.874368625 283.7057969 280.526087 0.08108108108108109 0.16216216216216217 0.12162162162162163 0.0945945945945946 0.05405405405405406 0.10810810810810811 0.2702702702702703 0.10810810810810811 127.97300488108107 71.54296070000001 40.933205875 0.9113300492610837 0.04926108374384237 0.03940886699507389 0.581081081081081 0.22972972972972974 0.0945945945945946 0.02702702702702703 0.04054054054054054 0.013513513513513514 0.013513513513513514 0.0 0.4406779661016949 0.2655367231638418 0.14124293785310735 0.10734463276836158 0.04519774011299435 shenyanping 9Сʱ_mousemovements
126.26676224528303 405.2329488461538 600.1439632222222 689.9016174000001 1868.8641966666667 992.906555 2582.745361 0 293.527213375 623.9645984166667 193.1463766 583.0417526153846 300.8933587 72.15414042857141 414.19555625 587.8072716428571 0.09090909090909091 0.13636363636363635 0.056818181818181816 0.14772727272727273 0.11363636363636363 0.1590909090909091 0.13636363636363635 0.1590909090909091 139.4167725486726 46.85436790909091 178.81094715 0.8793774319066148 0.042801556420233464 0.07782101167315175 0.6022727272727273 0.14772727272727273 0.10227272727272728 0.056818181818181816 0.06818181818181818 0.011363636363636364 0.011363636363636364 0.0 0.5416666666666666 0.24166666666666667 0.1 0.0625 0.05416666666666667 shenyanping 9Сʱ_mousemovements
240.48878205128204 501.62165117647055 1012.7521265 417.319168 712.7525943333334 1905.1653062500002 1275.268575 2703.842773 273.4063436 500.67387478571425 719.5578868333333 467.2658900769232 455.7943335 373.6547868571428 1157.0637881111113 602.7190205833333 0.12987012987012986 0.18181818181818182 0.07792207792207792 0.16883116883116883 0.07792207792207792 0.09090909090909091 0.11688311688311688 0.15584415584415584 186.60080745410627 255.642502 248.7797337857143 0.92 0.017777777777777778 0.06222222222222222 0.5064935064935064 0.22077922077922077 0.1038961038961039 0.025974025974025976 0.03896103896103896 0.05194805194805195 0.03896103896103896 0.012987012987012988 0.5238095238095238 0.29523809523809524 0.10476190476190476 0.047619047619047616 0.02857142857142857 shenyanping 9Сʱ_mousemovements
