211.33405414285716 0 831.622925 959.859192 899.2332155 0 0 0 0 635.1165315000001 831.622925 870.0582885 0 657.265625 109.398678 117.08379366666668 0.0 0.18181818181818182 0.09090909090909091 0.18181818181818182 0.0 0.09090909090909091 0.18181818181818182 0.2727272727272727 174.80299748275863 0 0 1.0 0.0 0.0 0.6363636363636364 0.0 0.09090909090909091 0.09090909090909091 0.18181818181818182 0.0 0.0 0.0 0.5652173913043478 0.30434782608695654 0.043478260869565216 0.08695652173913043 0.0 shenyanping 7Сʱ_mousemovements
0 0 0 0 0 0 0 0 0 0 0 0 0 0 0 0 0 0 0 0 0 0 0 0 0 0 0 0 0 0 0 0 0 0 0 0 0 0 0 0 0 0 0 shenyanping 7Сʱ_mousemovements
315.4592938571428 694.9579162499999 0 866.5496316666668 699.90094 0 0 2138.300781 220.63472 269.214772 689.9000336 0 0 977.8501689999999 1463.357849 262.5842896666667 0.058823529411764705 0.17647058823529413 0.29411764705882354 0.0 0.0 0.17647058823529413 0.11764705882352941 0.17647058823529413 233.6857353043478 0 188.12722699999998 0.9583333333333334 0.0 0.041666666666666664 0.4117647058823529 0.23529411764705882 0.0 0.17647058823529413 0.11764705882352941 0.0 0.0 0.058823529411764705 0.5609756097560976 0.1951219512195122 0.12195121951219512 0.0975609756097561 0.024390243902439025 shenyanping 7Сʱ_mousemovements
133.63447810810808 401.30775199999994 331.29822624999997 550.6977895 1579.8311387499998 1167.977641 791.9727475 813.841614 293.9808873 198.6974668888889 516.1585977142857 154.68568285714287 125.3347482 62.4258535 747.9696146111113 431.7462823636364 0.13157894736842105 0.11842105263157894 0.09210526315789473 0.09210526315789473 0.13157894736842105 0.05263157894736842 0.23684210526315788 0.14473684210526316 101.56395508898306 14.2571925 171.40337726666664 0.8805970149253731 0.007462686567164179 0.11194029850746269 0.4868421052631579 0.19736842105263158 0.10526315789473684 0.07894736842105263 0.05263157894736842 0.039473684210526314 0.02631578947368421 0.013157894736842105 0.5991735537190083 0.2190082644628099 0.08677685950413223 0.05785123966942149 0.0371900826446281 shenyanping 7Сʱ_mousemovements
138.9264029545455 383.62636950000007 471.81097100000005 1041.57867425 2267.731241666667 492.68579099999994 1699.9973145 627.2854005 439.99599200000006 277.9020254285714 200.00697350000004 752.3567874285712 95.78533300000001 285.4944103333333 1152.01199675 490.81962336363625 0.061224489795918366 0.14285714285714285 0.12244897959183673 0.14285714285714285 0.08163265306122448 0.061224489795918366 0.16326530612244897 0.22448979591836735 143.78033554605258 12.809584 232.44733212500006 0.8994082840236687 0.005917159763313609 0.09467455621301775 0.4489795918367347 0.16326530612244897 0.10204081632653061 0.08163265306122448 0.061224489795918366 0.061224489795918366 0.04081632653061224 0.04081632653061224 0.6040268456375839 0.21476510067114093 0.09395973154362416 0.06711409395973154 0.020134228187919462 shenyanping 7Сʱ_mousemovements
237.18396935999996 308.8673347142858 797.9207265 447.80638633333336 1132.7902832500001 1754.9369965 1322.080811 983.39325 582.9471588333332 72.0607384 334.3974936666666 335.4706033333334 210.19322433333335 532.215324 832.7571653333333 1136.0495555 0.12244897959183673 0.10204081632653061 0.1836734693877551 0.12244897959183673 0.061224489795918366 0.10204081632653061 0.1836734693877551 0.12244897959183673 154.5888540509554 12.818264 144.95006293333336 0.8971428571428571 0.017142857142857144 0.08571428571428572 0.5102040816326531 0.14285714285714285 0.08163265306122448 0.061224489795918366 0.08163265306122448 0.08163265306122448 0.02040816326530612 0.02040816326530612 0.5974842767295597 0.20754716981132076 0.09433962264150944 0.08176100628930817 0.018867924528301886 shenyanping 7Сʱ_mousemovements
345.7188232857143 423.9114328333333 663.4841894999998 483.0462955 0 568.415344 2336.15332 1581.945923 534.3039688 547.5503201428571 431.99669450000005 391.8440743333333 748.2272949999999 111.453817 722.604386 236.47539677777775 0.1111111111111111 0.15555555555555556 0.08888888888888889 0.13333333333333333 0.044444444444444446 0.044444444444444446 0.2222222222222222 0.2 162.66258593600006 8.0 263.2569444 0.9541984732824428 0.007633587786259542 0.03816793893129771 0.6222222222222222 0.13333333333333333 0.13333333333333333 0.044444444444444446 0.0 0.022222222222222223 0.022222222222222223 0.022222222222222223 0.5565217391304348 0.21739130434782608 0.14782608695652175 0.06956521739130435 0.008695652173913044 shenyanping 7Сʱ_mousemovements
269.549365625 856.7945353333333 339.79593400000005 1747.5617674999999 0 1083.4303285 1001.223328 0 326.8475905 1576.0803833333332 333.242325 480.58439649999997 84.06321200000001 609.4005038 268.135363 964.6862639999999 0.14814814814814814 0.1111111111111111 0.1111111111111111 0.07407407407407407 0.1111111111111111 0.18518518518518517 0.18518518518518517 0.07407407407407407 242.542400779661 0 127.883566 0.9672131147540983 0.0 0.03278688524590164 0.5925925925925926 0.1111111111111111 0.1111111111111111 0.07407407407407407 0.0 0.07407407407407407 0.037037037037037035 0.0 0.5098039215686274 0.2549019607843137 0.11764705882352941 0.0784313725490196 0.0392156862745098 shenyanping 7Сʱ_mousemovements
0 0 0 0 0 0 0 0 0 0 0 0 0 0 0 0 0 0 0 0 0 0 0 0 0.0 0 0 1.0 0.0 0.0 0 0 0 0 0 0 0 0 1.0 0.0 0.0 0.0 0.0 shenyanping 7Сʱ_mousemovements
0 0 0 0 0 0 0 0 0 0 0 0 0 0 0 0 0 0 0 0 0 0 0 0 0 0 0 0 0 0 0 0 0 0 0 0 0 0 0 0 0 0 0 shenyanping 7Сʱ_mousemovements
323.18703466666665 0 0 0 0 0 2371.694946 0 83.11219 0 1541.9025575 0 0 0 1273.0168455 0 0.2 0.0 0.4 0.0 0.0 0.0 0.4 0.0 571.2950996 0 0 1.0 0.0 0.0 0.6 0.0 0.0 0.0 0.0 0.0 0.4 0.0 0.5 0.5 0.0 0.0 0.0 shenyanping 7Сʱ_mousemovements
159.04314449999998 0 870.571106 0 0 0 0 1227.115601 0 870.571106 1227.115601 0 0 0 143.434235 174.652054 0.0 0.25 0.25 0.0 0.0 0.0 0.25 0.25 301.9716245 0 0 1.0 0.0 0.0 0.5 0.0 0.25 0.0 0.0 0.0 0.0 0.25 0.3333333333333333 0.3333333333333333 0.0 0.3333333333333333 0.0 shenyanping 7Сʱ_mousemovements
296.111511 742.23761 0 366.879219 0 924.62384 0 0 924.62384 241.854813 296.111511 742.23761 0 0 491.903625 0 0.2 0.2 0.2 0.2 0.0 0.0 0.2 0.0 269.6731399 0 0 1.0 0.0 0.0 0.2 0.2 0.0 0.4 0.0 0.2 0.0 0.0 0.4 0.2 0.2 0.0 0.2 shenyanping 7Сʱ_mousemovements
195.50482699999998 286.367645 0 1036.153687 0 0 0 0 75.370781 0 0 0 602.130768 0 0 27.272728 0.2 0.0 0.0 0.0 0.6 0.0 0.0 0.2 159.08631775 0 0 1.0 0.0 0.0 0.6 0.2 0.0 0.2 0.0 0.0 0.0 0.0 0.6666666666666666 0.3333333333333333 0.0 0.0 0.0 shenyanping 7Сʱ_mousemovements
399.25360099999995 0 0 196.93573 519.058289 1245.59729 0 0 519.058289 0 703.908203 0 312.697357 0 607.082703 0 0.16666666666666666 0.0 0.3333333333333333 0.0 0.3333333333333333 0.0 0.16666666666666666 0.0 211.60117014285714 196.93573 0 0.9333333333333333 0.06666666666666667 0.0 0.5 0.0 0.0 0.16666666666666666 0.16666666666666666 0.16666666666666666 0.0 0.0 0.46153846153846156 0.3076923076923077 0.15384615384615385 0.0 0.07692307692307693 shenyanping 7Сʱ_mousemovements
0 0 0 0 0 0 0 0 0 0 0 0 0 0 0 0 0 0 0 0 0 0 0 0 0.0 0 0 1.0 0.0 0.0 0 0 0 0 0 0 0 0 1.0 0.0 0.0 0.0 0.0 shenyanping 7Сʱ_mousemovements
0 0 0 0 0 0 0 0 0 0 0 0 0 0 0 0 0 0 0 0 0 0 0 0 0 0 0 0 0 0 0 0 0 0 0 0 0 0 0 0 0 0 0 shenyanping 7Сʱ_mousemovements
463.0002442 322.9799246666667 0 714.04425 2584.738525 0 3248.914795 0 550.067444 0 2916.82666 195.230606 287.451813 312.205925 457.25404333333336 545.98193375 0.1875 0.0 0.125 0.0625 0.0625 0.125 0.1875 0.25 311.45230220512826 0 0 1.0 0.0 0.0 0.625 0.1875 0.0 0.0625 0.0625 0.0 0.0625 0.0 0.53125 0.28125 0.09375 0.0625 0.03125 shenyanping 7Сʱ_mousemovements
308.8281192 408.2908935 0 0 0 1793.497192 0 0 429.36264033333333 0 459.440796 357.140991 1793.497192 0 23.4433 232.609375 0.375 0.0 0.125 0.125 0.125 0.0 0.125 0.125 187.76255795454546 0 23.4433 0.9565217391304348 0.0 0.043478260869565216 0.625 0.25 0.0 0.0 0.0 0.125 0.0 0.0 0.6190476190476191 0.3333333333333333 0.047619047619047616 0.0 0.0 shenyanping 7Сʱ_mousemovements
345.07473985714284 0 929.4967039999999 0 0 0 385.055206 0 334.699783 186.1017 765.067017 922.074402 664.3132935 0 189.787979 412.412842 0.2 0.2 0.1 0.1 0.2 0.0 0.1 0.1 194.29620849999995 0 385.055206 0.9565217391304348 0.0 0.043478260869565216 0.7 0.0 0.2 0.0 0.0 0.0 0.1 0.0 0.65 0.3 0.05 0.0 0.0 shenyanping 7Сʱ_mousemovements
0 0 0 0 0 0 0 0 0 0 0 0 0 0 0 0 0 0 0 0 0 0 0 0 0.0 0 0 1.0 0.0 0.0 0 0 0 0 0 0 0 0 0.8 0.2 0.0 0.0 0.0 shenyanping 7Сʱ_mousemovements
250.6275352777778 1000.596313 180.910736 1597.51799 813.062134 0 2112.0534665 0 228.26082424999998 916.135451 998.5082189999999 167.115288 311.4877166666667 838.79049675 95.04252400000001 395.92186366666664 0.15384615384615385 0.07692307692307693 0.23076923076923078 0.07692307692307693 0.11538461538461539 0.15384615384615385 0.07692307692307693 0.11538461538461539 197.333603369863 180.910736 30.3612166 0.9240506329113924 0.012658227848101266 0.06329113924050633 0.6923076923076923 0.038461538461538464 0.038461538461538464 0.07692307692307693 0.07692307692307693 0.0 0.07692307692307693 0.0 0.5441176470588235 0.3088235294117647 0.058823529411764705 0.08823529411764706 0.0 shenyanping 7Сʱ_mousemovements
126.11526233333335 427.430054 0 0 0 0 0 0 273.628235 0 0 0 0 427.430054 0.0 104.717552 0.25 0.0 0.0 0.0 0.0 0.25 0.25 0.25 73.25234918181819 0 0 1.0 0.0 0.0 0.75 0.25 0.0 0.0 0.0 0.0 0.0 0.0 0.7142857142857143 0.2857142857142857 0.0 0.0 0.0 shenyanping 7Сʱ_mousemovements
64.516129 0 798.4128115 0 0 0 903.736542 0 0 582.386902 0 0 64.516129 1006.4456485000001 0 809.020508 0.0 0.2 0.0 0.0 0.2 0.4 0.0 0.2 204.04793152941176 0 0 1.0 0.0 0.0 0.2 0.0 0.4 0.0 0.0 0.0 0.4 0.0 0.45454545454545453 0.36363636363636365 0.09090909090909091 0.0 0.09090909090909091 shenyanping 7Сʱ_mousemovements
211.26017133333335 0 0 0 0 0 0 0 45.568478 31.25 0 0 556.962036 0 0 0 0.3333333333333333 0.3333333333333333 0.0 0.0 0.3333333333333333 0.0 0.0 0.0 105.63008566666667 0 0 1.0 0.0 0.0 1.0 0.0 0.0 0.0 0.0 0.0 0.0 0.0 0.6 0.2 0.0 0.2 0.0 shenyanping 7Сʱ_mousemovements
0 0 0 0 0 0 0 0 0 0 0 0 0 0 0 0 0 0 0 0 0 0 0 0 0 0 0 0 0 0 0 0 0 0 0 0 0 0 0 0 0 0 0 shenyanping 7Сʱ_mousemovements
109.2152415 289.1938095 385.891434 147.731617 0 1383.14444 0 0 295.371773 528.483215 171.62771999999998 121.84904849999998 21.276596 1041.349644 220.80035400000003 382.460966 0.1111111111111111 0.05555555555555555 0.1111111111111111 0.3333333333333333 0.05555555555555555 0.1111111111111111 0.1111111111111111 0.1111111111111111 110.82152727659575 147.731617 0 0.9591836734693877 0.04081632653061224 0.0 0.5555555555555556 0.1111111111111111 0.1111111111111111 0.1111111111111111 0.0 0.1111111111111111 0.0 0.0 0.5 0.3157894736842105 0.07894736842105263 0.05263157894736842 0.05263157894736842 shenyanping 7Сʱ_mousemovements
21.276596 0 0 0 0 4999.83252 0 0 0 4999.83252 0 0 0 0 0 21.276596 0.0 0.5 0.0 0.0 0.0 0.0 0.0 0.5 627.6386395 0 0 1.0 0.0 0.0 0.5 0.0 0.0 0.0 0.0 0.5 0.0 0.0 0.6666666666666666 0.3333333333333333 0.0 0.0 0.0 shenyanping 7Сʱ_mousemovements
0 0 0 0 0 0 0 0 0 0 0 0 0 0 0 0 0 0 0 0 0 0 0 0 0.0 0 0 1.0 0.0 0.0 0 0 0 0 0 0 0 0 1.0 0.0 0.0 0.0 0.0 shenyanping 7Сʱ_mousemovements
178.67046366666668 0 0 0 0 0 0 0 0 0 0 0 0 0 157.699524 189.1559335 0.0 0.0 0.0 0.0 0.0 0.0 0.3333333333333333 0.6666666666666666 53.6011391 0 0 1.0 0.0 0.0 1.0 0.0 0.0 0.0 0.0 0.0 0.0 0.0 0.5714285714285714 0.14285714285714285 0.2857142857142857 0.0 0.0 shenyanping 7Сʱ_mousemovements
48.105598 0 0 0 0 0 3272.874817 1362.733887 0 1362.733887 0 0 0 5593.865723 951.883911 48.105598 0.0 0.25 0.0 0.0 0.0 0.25 0.25 0.25 659.0402934166667 0 48.105598 0.9230769230769231 0.0 0.07692307692307693 0.25 0.0 0.0 0.0 0.0 0.0 0.5 0.25 0.6666666666666666 0.08333333333333333 0.16666666666666666 0.08333333333333333 0.0 shenyanping 7Сʱ_mousemovements
290.9567565 394.66597 0 0 0 0 0 0 269.413513 211.22728 486.385315 0 0 0 0 312.5 0.2 0.2 0.4 0.0 0.0 0.0 0.0 0.2 110.3694639375 0 0 1.0 0.0 0.0 0.4 0.6 0.0 0.0 0.0 0.0 0.0 0.0 0.5384615384615384 0.3076923076923077 0.15384615384615385 0.0 0.0 shenyanping 7Сʱ_mousemovements
175.55300290909088 1128.3412883333333 208.39547725 0 728.515747 0 0 0 531.8931425000001 447.47287 234.307068 18.046488 106.38298 562.0450364999999 468.06945033333324 79.8075405 0.10526315789473684 0.10526315789473684 0.15789473684210525 0.05263157894736842 0.05263157894736842 0.10526315789473684 0.3157894736842105 0.10526315789473684 114.21798469230771 96.95925199999999 215.99719766666666 0.896551724137931 0.05172413793103448 0.05172413793103448 0.5789473684210527 0.15789473684210525 0.21052631578947367 0.0 0.05263157894736842 0.0 0.0 0.0 0.49019607843137253 0.27450980392156865 0.09803921568627451 0.11764705882352941 0.0196078431372549 shenyanping 7Сʱ_mousemovements
31.317580749999998 285.67795420000004 1083.483521 0 0 0 0 0 0 0 262.1740356 0 807.060303 108.054771 194.897644 108.205948 0.0 0.0 0.5 0.0 0.1 0.2 0.1 0.1 72.82433206060607 6.554 56.84666425 0.868421052631579 0.02631578947368421 0.10526315789473684 0.4 0.5 0.1 0.0 0.0 0.0 0.0 0.0 0.48148148148148145 0.2222222222222222 0.1111111111111111 0.18518518518518517 0.0 shenyanping 7Сʱ_mousemovements
71.63564388888888 565.4376466 259.27816 0 0 0 678.638245 0 120.69823699999999 94.85705240000001 91.65364333333333 246.24509333333336 443.148132 445.232178 339.6844758888889 39.36554224999999 0.07142857142857142 0.17857142857142858 0.10714285714285714 0.10714285714285714 0.03571428571428571 0.03571428571428571 0.32142857142857145 0.14285714285714285 62.48276745783132 54.079814666666664 161.35718833333334 0.9325842696629213 0.033707865168539325 0.033707865168539325 0.6428571428571429 0.17857142857142858 0.14285714285714285 0.0 0.0 0.0 0.03571428571428571 0.0 0.4794520547945205 0.3013698630136986 0.0958904109589041 0.0684931506849315 0.0547945205479452 shenyanping 7Сʱ_mousemovements
198.6609052727273 324.30138025 322.349548 0 0 483.924072 0 0 414.03796350000005 538.697205 330.808655 0 322.349548 170.39669450000002 34.895452 265.3388673333333 0.11764705882352941 0.058823529411764705 0.23529411764705882 0.0 0.058823529411764705 0.11764705882352941 0.23529411764705882 0.17647058823529413 88.50712802173915 25.991701333333328 139.446106 0.92 0.06 0.02 0.6470588235294118 0.23529411764705882 0.058823529411764705 0.0 0.0 0.058823529411764705 0.0 0.0 0.5 0.3 0.125 0.075 0.0 shenyanping 7Сʱ_mousemovements
69.71296966666667 206.539413 314.749969 294.921509 0 0 0 801.3153685 314.749969 9.777425666666666 872.739746 174.60318 65.406189 0 410.45063766666664 148.936172 0.09090909090909091 0.2727272727272727 0.09090909090909091 0.09090909090909091 0.09090909090909091 0.0 0.2727272727272727 0.09090909090909091 76.14744424242424 4.49172 157.635173 0.8918918918918919 0.05405405405405406 0.05405405405405406 0.5454545454545454 0.09090909090909091 0.09090909090909091 0.09090909090909091 0.0 0.0 0.0 0.18181818181818182 0.36363636363636365 0.42424242424242425 0.06060606060606061 0.0 0.15151515151515152 shenyanping 7Сʱ_mousemovements
0 0 0 0 0 0 0 0 0 0 0 0 0 0 0 0 0 0 0 0 0 0 0 0 0 0 0 0 0 0 0 0 0 0 0 0 0 0 0 0 0 0 0 shenyanping 7Сʱ_mousemovements
0 0 0 0 0 0 0 0 0 0 0 0 0 0 0 0 0 0 0 0 0 0 0 0 0 0 0 0 0 0 0 0 0 0 0 0 0 0 0 0 0 0 0 shenyanping 7Сʱ_mousemovements
0 0 0 0 0 0 0 0 0 0 0 0 0 0 0 0 0 0 0 0 0 0 0 0 0 0 0 0 0 0 0 0 0 0 0 0 0 0 0 0 0 0 0 shenyanping 7Сʱ_mousemovements
