134.747808 372.4373166666667 0 0 394.450745 0 0 1387.874512 0 196.56189499999996 209.008484 0 0 765.3708393333333 209.073944 0 0.0 0.375 0.125 0.0 0.0 0.375 0.125 0.0 61.45340703225807 0 279.7650026 0.8611111111111112 0.0 0.1388888888888889 0.375 0.375 0.0 0.0 0.125 0.0 0.0 0.125 0.7272727272727273 0.09090909090909091 0.12121212121212122 0.06060606060606061 0.0 chenyu 6Сʱ_mousemovements
0 0 0 0 0 0 0 0 0 0 0 0 0 0 0 0 0 0 0 0 0 0 0 0 0 0 0 0 0 0 0 0 0 0 0 0 0 0 0 0 0 0 0 chenyu 6Сʱ_mousemovements
145.14094006666664 0 0 0 0 0 0 0 464.444153 0 0 0 153.78324600000002 88.30932899999999 62.5 66.666664 0.06666666666666667 0.0 0.0 0.0 0.5333333333333333 0.26666666666666666 0.06666666666666667 0.06666666666666667 62.20326002857142 0 0 1.0 0.0 0.0 1.0 0.0 0.0 0.0 0.0 0.0 0.0 0.0 0.6451612903225806 0.1935483870967742 0.06451612903225806 0.0967741935483871 0.0 chenyu 6Сʱ_mousemovements
112.46894985714282 344.35787012500003 1066.643158 970.2745849999999 1034.9336855000001 683.440033 932.655273 0 386.814505 523.46692425 349.058508 228.7086085 206.7710504285714 275.787818 141.07441533333335 75.68452441666666 0.10526315789473684 0.15789473684210525 0.10526315789473684 0.02631578947368421 0.09210526315789473 0.15789473684210525 0.19736842105263158 0.15789473684210525 75.21967751694916 0 147.5190116666667 0.9291338582677166 0.0 0.07086614173228346 0.7368421052631579 0.10526315789473684 0.02631578947368421 0.06578947368421052 0.02631578947368421 0.02631578947368421 0.013157894736842105 0.0 0.4767932489451477 0.31223628691983124 0.13924050632911392 0.05485232067510549 0.016877637130801686 chenyu 6Сʱ_mousemovements
107.13943226666665 296.7885435 325.160736 621.936676 1614.13855 706.1731566666667 497.088516 917.565308 900.6804199999999 462.1782845 235.19403833333334 279.7127685 295.8478596666667 117.675891 368.4032325 193.548386 0.07407407407407407 0.14814814814814814 0.1111111111111111 0.07407407407407407 0.1111111111111111 0.14814814814814814 0.2962962962962963 0.037037037037037035 95.55673703409092 341.72251900000003 80.4162805 0.9361702127659575 0.02127659574468085 0.0425531914893617 0.5555555555555556 0.07407407407407407 0.037037037037037035 0.07407407407407407 0.037037037037037035 0.1111111111111111 0.07407407407407407 0.037037037037037035 0.5365853658536586 0.2073170731707317 0.12195121951219512 0.04878048780487805 0.08536585365853659 chenyu 6Сʱ_mousemovements
133.74491539534884 480.099823 440.06339533333335 1616.714844 323.096771 647.732422 1877.644287 0 70.160789 906.7254943333334 734.24189775 0 325.65276325 164.43423466666667 139.55211962068967 115.797428625 0.019230769230769232 0.057692307692307696 0.07692307692307693 0.0 0.07692307692307693 0.057692307692307696 0.5576923076923077 0.15384615384615385 84.63577628057554 0.0 183.05915375 0.9652777777777778 0.006944444444444444 0.027777777777777776 0.8269230769230769 0.038461538461538464 0.057692307692307696 0.019230769230769232 0.019230769230769232 0.019230769230769232 0.019230769230769232 0.0 0.6307692307692307 0.2230769230769231 0.06923076923076923 0.05384615384615385 0.023076923076923078 chenyu 6Сʱ_mousemovements
103.41062928571431 275.750937 392.6610871666667 204.308151 427.819336 0 1156.46106 630.0374455 0 276.93149900000003 461.60395062500004 248.313277 234.095881 97.38052266666666 101.10570255000002 175.567693 0.0 0.09803921568627451 0.1568627450980392 0.11764705882352941 0.058823529411764705 0.11764705882352941 0.39215686274509803 0.058823529411764705 49.63772392899408 6.369427 200.76119 0.9388888888888889 0.005555555555555556 0.05555555555555555 0.6862745098039216 0.09803921568627451 0.11764705882352941 0.0196078431372549 0.0196078431372549 0.0 0.0196078431372549 0.0392156862745098 0.6524390243902439 0.1951219512195122 0.08536585365853659 0.03048780487804878 0.036585365853658534 chenyu 6Сʱ_mousemovements
82.01874888235295 499.36650099999997 506.431793 0 0 0 0 0 341.840973 656.892029 0 0 208.31752333333336 46.91308266666667 99.3790455 199.287094 0.05 0.05 0.0 0.0 0.15 0.3 0.4 0.05 54.29692343396227 21.746584 0 0.9814814814814815 0.018518518518518517 0.0 0.85 0.1 0.05 0.0 0.0 0.0 0.0 0.0 0.4444444444444444 0.37777777777777777 0.1111111111111111 0.044444444444444446 0.022222222222222223 chenyu 6Сʱ_mousemovements
181.4361816666666 509.394886 358.18248600000004 769.3577514 740.826062 0 464.37100250000003 1164.8086956666666 330.990354 434.65690159999997 514.9970265000001 471.2068014 256.08502628571426 440.1061935714286 599.2220866666667 45.04932766666667 0.0625 0.20833333333333334 0.08333333333333333 0.10416666666666667 0.14583333333333334 0.14583333333333334 0.1875 0.0625 113.9982453475177 428.5381378 194.060421 0.9038461538461539 0.03205128205128205 0.0641025641025641 0.5 0.08333333333333333 0.10416666666666667 0.10416666666666667 0.10416666666666667 0.0 0.041666666666666664 0.0625 0.5563380281690141 0.2535211267605634 0.14788732394366197 0.028169014084507043 0.014084507042253521 chenyu 6Сʱ_mousemovements
314.94678527777785 291.4468955 765.0806783333334 574.45876675 947.7231750000001 1891.552856 1216.543091 951.1224977500001 385.2077412857143 461.42188544444446 1488.5744015 906.6727903333334 857.9734575 591.930922375 450.38062683333334 305.3942525 0.17073170731707318 0.21951219512195122 0.04878048780487805 0.07317073170731707 0.0975609756097561 0.1951219512195122 0.14634146341463414 0.04878048780487805 165.8760516356589 154.583143 231.96548599999997 0.9148936170212766 0.014184397163120567 0.07092198581560284 0.43902439024390244 0.0975609756097561 0.07317073170731707 0.0975609756097561 0.14634146341463414 0.024390243902439025 0.024390243902439025 0.0975609756097561 0.5 0.296875 0.09375 0.0703125 0.0390625 chenyu 6Сʱ_mousemovements
194.93805946666666 326.0711565 520.668213 612.4155425 1177.280843 687.7307943333334 0 1825.211548 385.16137675000004 329.48631033333334 398.580677 748.0465595000001 498.28494266666667 471.19858460000006 103.55238733333333 424.34405766666663 0.12903225806451613 0.0967741935483871 0.12903225806451613 0.1935483870967742 0.0967741935483871 0.16129032258064516 0.0967741935483871 0.0967741935483871 133.0101436777778 951.448608 160.5545785714286 0.9183673469387755 0.01020408163265306 0.07142857142857142 0.4838709677419355 0.1935483870967742 0.03225806451612903 0.06451612903225806 0.0967741935483871 0.0967741935483871 0.0 0.03225806451612903 0.4835164835164835 0.32967032967032966 0.0989010989010989 0.054945054945054944 0.03296703296703297 chenyu 6Сʱ_mousemovements
141.99517416000003 257.01719360000004 1561.7029009999999 770.7845644000001 1555.612305 1103.013672 1635.5187990000002 0 1643.4558715 895.1860838 634.5301033333334 0 422.13787742857147 255.1058734615385 344.57894016666665 438.0550195 0.045454545454545456 0.11363636363636363 0.06818181818181818 0.0 0.1590909090909091 0.29545454545454547 0.13636363636363635 0.18181818181818182 139.76881560000007 793.978516 184.6919144 0.9246575342465754 0.00684931506849315 0.0684931506849315 0.5681818181818182 0.11363636363636363 0.06818181818181818 0.11363636363636363 0.022727272727272728 0.06818181818181818 0.045454545454545456 0.0 0.5036496350364964 0.26277372262773724 0.10948905109489052 0.072992700729927 0.051094890510948905 chenyu 6Сʱ_mousemovements
186.25670565151518 548.6915044444445 845.4263155 758.8477325 663.49527 1202.940088 1377.5540566666668 1440.594604 429.6497663333334 344.822314125 752.8109687142858 380.09981692307696 240.12402657894737 281.2693194615385 679.4498381538461 297.2787608333333 0.12371134020618557 0.08247422680412371 0.07216494845360824 0.13402061855670103 0.1958762886597938 0.13402061855670103 0.13402061855670103 0.12371134020618557 132.60458007630524 0.0 336.815315 0.9325842696629213 0.003745318352059925 0.06367041198501873 0.6804123711340206 0.09278350515463918 0.041237113402061855 0.061855670103092786 0.030927835051546393 0.05154639175257732 0.030927835051546393 0.010309278350515464 0.5607843137254902 0.23529411764705882 0.10980392156862745 0.07450980392156863 0.0196078431372549 chenyu 6Сʱ_mousemovements
177.03069071428573 275.7994943333333 553.277893 1152.314331 767.5194499999999 0 433.243713 0 351.35983533333325 0 491.24440000000004 992.065613 422.68284919999996 436.191513 579.428416 372.77330724999996 0.15 0.0 0.1 0.05 0.25 0.1 0.15 0.2 79.17657753424656 511.922231 241.019101875 0.8690476190476191 0.03571428571428571 0.09523809523809523 0.35 0.15 0.05 0.05 0.3 0.0 0.1 0.0 0.5974025974025974 0.2077922077922078 0.14285714285714285 0.03896103896103896 0.012987012987012988 chenyu 6Сʱ_mousemovements
133.478217 429.067535 321.507538 0 1079.975342 1169.393921 0 0 0 0 617.6931995 429.067535 0 0 218.7399445 339.77596300000005 0.0 0.0 0.2 0.1 0.0 0.0 0.2 0.5 123.10722381481482 0 238.4592975 0.9310344827586207 0.0 0.06896551724137931 0.6 0.1 0.1 0.0 0.1 0.1 0.0 0.0 0.37037037037037035 0.4074074074074074 0.14814814814814814 0.07407407407407407 0.0 chenyu 6Сʱ_mousemovements
0 0 0 0 0 0 0 0 0 0 0 0 0 0 0 0 0 0 0 0 0 0 0 0 0 0 0 0 0 0 0 0 0 0 0 0 0 0 0 0 0 0 0 chenyu 6Сʱ_mousemovements
116.05902813333333 0 767.180359 0 1486.329956 0 0 0 139.22802000000001 75.244019 0 1126.7551575 0 0 109.76372549999999 111.15023400000001 0.23529411764705882 0.058823529411764705 0.0 0.11764705882352941 0.0 0.0 0.11764705882352941 0.47058823529411764 83.38620676595745 0 75.244019 0.9791666666666666 0.0 0.020833333333333332 0.8823529411764706 0.0 0.058823529411764705 0.0 0.058823529411764705 0.0 0.0 0.0 0.5 0.39473684210526316 0.07894736842105263 0.02631578947368421 0.0 chenyu 6Сʱ_mousemovements
134.9559808888889 567.1144256666666 660.954539 476.28750599999995 0 617.015991 755.823547 2542.817139 794.9756266 195.17524733333335 733.196411 278.42722375 444.4812991428571 93.3330725 119.0187407777778 60.74137975000001 0.1282051282051282 0.07692307692307693 0.07692307692307693 0.10256410256410256 0.1794871794871795 0.10256410256410256 0.23076923076923078 0.10256410256410256 118.44586527083332 11.313708 322.60519975 0.9504950495049505 0.009900990099009901 0.039603960396039604 0.6923076923076923 0.07692307692307693 0.07692307692307693 0.07692307692307693 0.0 0.02564102564102564 0.02564102564102564 0.02564102564102564 0.4606741573033708 0.30337078651685395 0.14606741573033707 0.0449438202247191 0.0449438202247191 chenyu 6Сʱ_mousemovements
177.84382437931038 412.28274680000004 562.056061 676.00708 1204.1638793333334 0 0 1115.175537 378.45076 147.456584 260.367409 329.45099842857144 316.0073044 350.083364 340.1951854 797.9235062500001 0.08333333333333333 0.10416666666666667 0.041666666666666664 0.14583333333333334 0.20833333333333334 0.125 0.20833333333333334 0.08333333333333333 111.91505392307693 391.29204174999995 163.6143394 0.935251798561151 0.02877697841726619 0.03597122302158273 0.6041666666666666 0.20833333333333334 0.08333333333333333 0.020833333333333332 0.0625 0.0 0.0 0.020833333333333332 0.5227272727272727 0.2878787878787879 0.09848484848484848 0.07575757575757576 0.015151515151515152 chenyu 6Сʱ_mousemovements
212.93802509999995 0 358.796448 0 0 0 0 0 50.45636 358.796448 0 0 241.15769281250002 84.9219465 179.937164 0 0.047619047619047616 0.047619047619047616 0.0 0.0 0.7619047619047619 0.09523809523809523 0.047619047619047616 0.0 87.12371603773583 0 0 1.0 0.0 0.0 0.9523809523809523 0.0 0.047619047619047616 0.0 0.0 0.0 0.0 0.0 0.5714285714285714 0.16666666666666666 0.16666666666666666 0.07142857142857142 0.023809523809523808 chenyu 6Сʱ_mousemovements
114.8031501 222.253662 0 793.803711 0 0 0 0 0 0 0 793.803711 180.76421749999997 104.67492485714286 118.05334969999998 121.765129 0.0 0.0 0.0 0.045454545454545456 0.09090909090909091 0.3181818181818182 0.45454545454545453 0.09090909090909091 56.13763347457627 0 0 1.0 0.0 0.0 0.9090909090909091 0.045454545454545456 0.0 0.045454545454545456 0.0 0.0 0.0 0.0 0.6363636363636364 0.13636363636363635 0.1590909090909091 0.045454545454545456 0.022727272727272728 chenyu 6Сʱ_mousemovements
235.30114623809527 461.98256433333336 552.9798483333333 494.5392455 522.9009603333334 1427.7596026666668 775.5446166666667 1149.23877 327.85695580000004 796.7801411666666 466.936829 896.1420166 241.68940525000002 198.04846316666666 144.604873 482.96317244444447 0.1282051282051282 0.15384615384615385 0.02564102564102564 0.1282051282051282 0.10256410256410256 0.15384615384615385 0.07692307692307693 0.23076923076923078 129.41018550000004 7.092198 345.6464668181818 0.9032258064516129 0.008064516129032258 0.08870967741935484 0.5384615384615384 0.07692307692307693 0.07692307692307693 0.05128205128205128 0.07692307692307693 0.07692307692307693 0.07692307692307693 0.02564102564102564 0.5514018691588785 0.14953271028037382 0.1308411214953271 0.12149532710280374 0.04672897196261682 chenyu 6Сʱ_mousemovements
0 0 0 0 0 0 0 0 0 0 0 0 0 0 0 0 0 0 0 0 0 0 0 0 0 0 0 0 0 0 0 0 0 0 0 0 0 0 0 0 0 0 0 chenyu 6Сʱ_mousemovements
276.1666895 165.181335 439.768776 1272.81897 305.910767 809.921224 1226.87619 1322.398438 583.503296 471.4937406666666 219.30331433333333 301.85288599999996 578.935303 842.421163 1297.608704 663.198975 0.05263157894736842 0.3157894736842105 0.15789473684210525 0.10526315789473684 0.05263157894736842 0.15789473684210525 0.10526315789473684 0.05263157894736842 104.16139759259258 0.0 289.06926944444444 0.8901098901098901 0.01098901098901099 0.0989010989010989 0.42105263157894735 0.05263157894736842 0.10526315789473684 0.05263157894736842 0.05263157894736842 0.15789473684210525 0.10526315789473684 0.05263157894736842 0.5647058823529412 0.2 0.11764705882352941 0.058823529411764705 0.058823529411764705 chenyu 6Сʱ_mousemovements
187.10595185714288 263.371147 0 0 2709.1723629999997 499.806213 1070.388184 0 0 466.65666714285715 855.8801269999999 0 106.816986 0 1246.61639 0 0.0 0.5384615384615384 0.15384615384615385 0.0 0.07692307692307693 0.0 0.23076923076923078 0.0 139.0868663617021 0 381.3233935 0.8867924528301887 0.0 0.11320754716981132 0.5384615384615384 0.15384615384615385 0.0 0.0 0.15384615384615385 0.07692307692307693 0.07692307692307693 0.0 0.62 0.2 0.12 0.06 0.0 chenyu 6Сʱ_mousemovements
0 0 0 0 0 0 0 0 0 0 0 0 0 0 0 0 0 0 0 0 0 0 0 0 0 0 0 0 0 0 0 0 0 0 0 0 0 0 0 0 0 0 0 chenyu 6Сʱ_mousemovements
194.148979 233.510338 0 0 0 1622.651611 1873.902344 0 1030.1827165 0 1622.651611 226.20726 0 0 201.834869 240.813416 0.3333333333333333 0.0 0.16666666666666666 0.16666666666666666 0.0 0.0 0.16666666666666666 0.16666666666666666 204.46589015789473 0 233.510338 0.9047619047619048 0.0 0.09523809523809523 0.3333333333333333 0.3333333333333333 0.0 0.0 0.0 0.16666666666666666 0.16666666666666666 0.0 0.6 0.25 0.15 0.0 0.0 chenyu 6Сʱ_mousemovements
253.43305783333332 391.3772686666666 391.941406 2122.114502 642.1934205 1450.51355 0 0 87.543938 543.1022034999999 412.3316346666666 1422.6052245 154.053189 573.5912833333333 239.145493 391.941406 0.05 0.2 0.15 0.1 0.25 0.15 0.05 0.05 123.52398827941178 0.0 177.442266 0.9066666666666666 0.013333333333333334 0.08 0.6 0.15 0.05 0.05 0.1 0.05 0.0 0.0 0.6714285714285714 0.2 0.08571428571428572 0.04285714285714286 0.0 chenyu 6Сʱ_mousemovements
216.67850030000005 727.840718 498.105682 763.5445763333333 922.57251 0 0 0 265.92804333333333 480.25317400000006 703.1085663333333 922.57251 311.5461196 887.3826956666666 629.923706 186.242262 0.13636363636363635 0.18181818181818182 0.13636363636363635 0.045454545454545456 0.22727272727272727 0.13636363636363635 0.045454545454545456 0.09090909090909091 132.63420213432832 669.8113405 186.71693150000002 0.9178082191780822 0.0273972602739726 0.0547945205479452 0.45454545454545453 0.3181818181818182 0.045454545454545456 0.13636363636363635 0.045454545454545456 0.0 0.0 0.0 0.578125 0.1875 0.15625 0.0625 0.015625 chenyu 6Сʱ_mousemovements
334.37670375 590.537852 0 1144.412842 0 0 1380.0321655 0 372.63171000000006 747.9879455 0 1008.8912280000001 399.71357233333333 0 251.2638545 0 0.21428571428571427 0.14285714285714285 0.0 0.2857142857142857 0.21428571428571427 0.0 0.14285714285714285 0.0 171.89794658695652 0 221.899408 0.9583333333333334 0.0 0.041666666666666664 0.5714285714285714 0.21428571428571427 0.0 0.07142857142857142 0.0 0.0 0.14285714285714285 0.0 0.5609756097560976 0.24390243902439024 0.14634146341463414 0.024390243902439025 0.024390243902439025 chenyu 6Сʱ_mousemovements
0 0 0 0 0 0 0 0 0 0 0 0 0 0 0 0 0 0 0 0 0 0 0 0 0 0 0 0 0 0 0 0 0 0 0 0 0 0 0 0 0 0 0 chenyu 6Сʱ_mousemovements
0 0 0 0 0 0 0 0 0 0 0 0 0 0 0 0 0 0 0 0 0 0 0 0 0 0 0 0 0 0 0 0 0 0 0 0 0 0 0 0 0 0 0 chenyu 6Сʱ_mousemovements
124.6485893 414.363525 167.893105 0 0 0 0 0 203.44880575000002 90.90242 287.55838 240.12864166666668 110.82142366666665 61.85575975 290.523438 73.83328100000001 0.17391304347826086 0.08695652173913043 0.043478260869565216 0.13043478260869565 0.13043478260869565 0.17391304347826086 0.043478260869565216 0.21739130434782608 48.33350078461538 45.262772 56.181198 0.9701492537313433 0.014925373134328358 0.014925373134328358 0.8695652173913043 0.043478260869565216 0.08695652173913043 0.0 0.0 0.0 0.0 0.0 0.5079365079365079 0.2857142857142857 0.14285714285714285 0.031746031746031744 0.031746031746031744 chenyu 6Сʱ_mousemovements
0 0 0 0 0 0 0 0 0 0 0 0 0 0 0 0 0 0 0 0 0 0 0 0 0 0 0 0 0 0 0 0 0 0 0 0 0 0 0 0 0 0 0 chenyu 6Сʱ_mousemovements
0 0 0 0 0 0 0 0 0 0 0 0 0 0 0 0 0 0 0 0 0 0 0 0 0 0 0 0 0 0 0 0 0 0 0 0 0 0 0 0 0 0 0 chenyu 6Сʱ_mousemovements
0 0 0 0 0 0 0 0 0 0 0 0 0 0 0 0 0 0 0 0 0 0 0 0 0 0 0 0 0 0 0 0 0 0 0 0 0 0 0 0 0 0 0 chenyu 6Сʱ_mousemovements
0 0 0 0 0 0 0 0 0 0 0 0 0 0 0 0 0 0 0 0 0 0 0 0 0 0 0 0 0 0 0 0 0 0 0 0 0 0 0 0 0 0 0 chenyu 6Сʱ_mousemovements
0 0 0 0 0 0 0 0 0 0 0 0 0 0 0 0 0 0 0 0 0 0 0 0 0 0 0 0 0 0 0 0 0 0 0 0 0 0 0 0 0 0 0 chenyu 6Сʱ_mousemovements
0 0 0 0 0 0 0 0 0 0 0 0 0 0 0 0 0 0 0 0 0 0 0 0 0 0 0 0 0 0 0 0 0 0 0 0 0 0 0 0 0 0 0 chenyu 6Сʱ_mousemovements
0 0 0 0 0 0 0 0 0 0 0 0 0 0 0 0 0 0 0 0 0 0 0 0 0 0 0 0 0 0 0 0 0 0 0 0 0 0 0 0 0 0 0 chenyu 6Сʱ_mousemovements
