323.97723249999996 1114.8635199090909 1919.80068975 3134.332804333333 3032.236328 0 180.8461 0 492.8227966000001 1818.5 1215.0215721428572 1968.0472793333336 195.99573549999997 1620.7840515 181.568069 312.200775 0.14285714285714285 0.08571428571428572 0.2 0.08571428571428572 0.11428571428571428 0.2857142857142857 0.02857142857142857 0.05714285714285714 451.00059749425293 219.81232649999998 3.4662046666666666 0.925531914893617 0.0425531914893617 0.031914893617021274 0.4 0.3142857142857143 0.11428571428571428 0.08571428571428572 0.05714285714285714 0.0 0.02857142857142857 0.0 0.7241379310344828 0.16091954022988506 0.09195402298850575 0.0 0.022988505747126436 dongzhenyu 2Сʱ_mousemovements
141.81377012500002 1502.901184 2335.151774111111 2472.9465485 0 3969.418213 0 0 2162.7227475 1258.5267609999999 2844.638855 641.766081 57.7110672 1492.6627705000003 972.2043557142858 822.263733 0.0625 0.15625 0.125 0.0625 0.15625 0.1875 0.21875 0.03125 468.73668410588226 101.08242 34.7820825 0.9239130434782609 0.010869565217391304 0.06521739130434782 0.5 0.0625 0.28125 0.125 0.0 0.03125 0.0 0.0 0.7294117647058823 0.17647058823529413 0.058823529411764705 0.03529411764705882 0.0 dongzhenyu 2Сʱ_mousemovements
352.1545737777777 976.2368978333334 1115.1069335 2916.1289065 0 0 0 2471.894775 3099.76001 976.81224825 0 598.1052935 1080.2297190000002 679.2886403333333 0 0 0.05263157894736842 0.42105263157894735 0.0 0.10526315789473684 0.2631578947368421 0.15789473684210525 0.0 0.0 413.5945450851064 0 40.745129 0.94 0.0 0.06 0.45 0.3 0.1 0.1 0.0 0.0 0.0 0.05 0.6444444444444445 0.26666666666666666 0.06666666666666667 0.0 0.022222222222222223 dongzhenyu 2Сʱ_mousemovements
105.749634 2813.5354 2469.664795 2420.150879 0 0 0 0 0 0 0 0 0 2567.7836913333335 105.749634 0 0.0 0.0 0.0 0.0 0.0 0.75 0.25 0.0 700.304643090909 0 105.749634 0.9166666666666666 0.0 0.08333333333333333 0.25 0.25 0.25 0.25 0.0 0.0 0.0 0.0 0.9090909090909091 0.0 0.09090909090909091 0.0 0.0 dongzhenyu 2Сʱ_mousemovements
316.05223300000006 1041.7399648333333 1880.4712726666667 1285.5044555 2822.363281 0 0 5738.97998 184.866669 1522.8024086666667 1113.7121531666667 0 630.7978831666667 1106.8472175 399.012573 5738.97998 0.043478260869565216 0.13043478260869565 0.2608695652173913 0.0 0.2608695652173913 0.17391304347826086 0.08695652173913043 0.043478260869565216 360.16007821126755 0 76.67031949999999 0.8987341772151899 0.0 0.10126582278481013 0.43478260869565216 0.2608695652173913 0.13043478260869565 0.08695652173913043 0.043478260869565216 0.0 0.0 0.043478260869565216 0.684931506849315 0.2191780821917808 0.0273972602739726 0.0273972602739726 0.0410958904109589 dongzhenyu 2Сʱ_mousemovements
192.60539421428572 866.050254875 1624.4691894 1650.3585584999998 3799.2230835 4935.428711 6449.211426 0 2898.9104614999997 440.045824125 614.9650603333333 2124.791016 1767.8684768749997 622.263855 1474.65863 454.6705983333333 0.12121212121212122 0.24242424242424243 0.09090909090909091 0.030303030303030304 0.24242424242424243 0.12121212121212122 0.06060606060606061 0.09090909090909091 468.9879223214286 0 106.0069085 0.9333333333333333 0.0 0.06666666666666667 0.42424242424242425 0.24242424242424243 0.15151515151515152 0.06060606060606061 0.06060606060606061 0.030303030303030304 0.030303030303030304 0.0 0.5060240963855421 0.3493975903614458 0.08433734939759036 0.04819277108433735 0.012048192771084338 dongzhenyu 2Сʱ_mousemovements
0 0 0 0 0 0 0 0 0 0 0 0 0 0 0 0 0 0 0 0 0 0 0 0 0 0 0 0 0 0 0 0 0 0 0 0 0 0 0 0 0 0 0 dongzhenyu 2Сʱ_mousemovements
295.67059179999995 927.4542994999999 1330.0716400000001 0 3350.628174 0 5883.150879 0 0 3053.3326875 1518.353271 294.199932 1361.1532745 541.438599 0 1250.0067443333335 0.0 0.18181818181818182 0.09090909090909091 0.18181818181818182 0.18181818181818182 0.09090909090909091 0.0 0.2727272727272727 464.32802868749997 0 122.89565766666668 0.9142857142857143 0.0 0.08571428571428572 0.45454545454545453 0.18181818181818182 0.18181818181818182 0.0 0.09090909090909091 0.0 0.09090909090909091 0.0 0.5806451612903226 0.25806451612903225 0.03225806451612903 0.0967741935483871 0.03225806451612903 dongzhenyu 2Сʱ_mousemovements
355.31494175 1013.3583679999998 1209.369629 0 0 0 0 0 0 50.368534 1240.16672725 0 5.347594 198.025726 133.19211566666667 738.9895785 0.0 0.08333333333333333 0.3333333333333333 0.0 0.08333333333333333 0.08333333333333333 0.25 0.16666666666666666 164.16023715 0 87.59246350000001 0.8695652173913043 0.0 0.13043478260869565 0.6666666666666666 0.25 0.08333333333333333 0.0 0.0 0.0 0.0 0.0 0.5652173913043478 0.30434782608695654 0.043478260869565216 0.043478260869565216 0.043478260869565216 dongzhenyu 2Сʱ_mousemovements
177.38124466666667 285.02373124999997 1178.2483065000001 2677.977051 2029.914551 0 0 0 0 1037.7315584 50.643322 0 214.3018415 1452.714493 163.293091 0 0.0 0.45454545454545453 0.09090909090909091 0.0 0.18181818181818182 0.18181818181818182 0.09090909090909091 0.0 208.55316046153845 0 120.61072320000001 0.8863636363636364 0.0 0.11363636363636363 0.2727272727272727 0.36363636363636365 0.18181818181818182 0.09090909090909091 0.09090909090909091 0.0 0.0 0.0 0.425 0.425 0.025 0.05 0.075 dongzhenyu 2Сʱ_mousemovements
259.9355377142857 1371.2723388 1912.039673 1843.0755615 0 0 4847.721191 0 243.400528 2596.278361 664.869171 28.724693 1620.3190916666665 1202.69341925 29.696423499999998 0 0.0625 0.1875 0.125 0.0625 0.1875 0.25 0.125 0.0 431.8979190227273 0 29.578502 0.9166666666666666 0.0 0.08333333333333333 0.4375 0.3125 0.0625 0.125 0.0 0.0 0.0625 0.0 0.4666666666666667 0.4222222222222222 0.044444444444444446 0.044444444444444446 0.022222222222222223 dongzhenyu 2Сʱ_mousemovements
302.8403407142857 1387.118083 0 0 3415.602295 0 0 0 0 0 0 12.073251 0 897.3749695 1015.8776333333334 0 0.0 0.0 0.0 0.09090909090909091 0.0 0.36363636363636365 0.5454545454545454 0.0 298.9270584375 119.099808 6.0366255 0.9142857142857143 0.02857142857142857 0.05714285714285714 0.6363636363636364 0.2727272727272727 0.0 0.0 0.09090909090909091 0.0 0.0 0.0 0.696969696969697 0.24242424242424243 0.06060606060606061 0.0 0.0 dongzhenyu 2Сʱ_mousemovements
675.889709 1093.217448 0 948.742798 2027.008545 0 0 0 0 1326.6652222499997 0 0 948.742798 675.889709 0 0 0.0 0.6666666666666666 0.0 0.0 0.16666666666666666 0.16666666666666666 0.0 0.0 359.41147652631577 0 51.237671 0.9047619047619048 0.0 0.09523809523809523 0.16666666666666666 0.5 0.0 0.16666666666666666 0.16666666666666666 0.0 0.0 0.0 0.5 0.3888888888888889 0.1111111111111111 0.0 0.0 dongzhenyu 2Сʱ_mousemovements
286.22822874999997 1090.2257983333334 2075.9678954 3422.757324 3544.856689 3021.3742675 0 0 1593.870142714286 880.6883805000001 363.73743200000007 1015.971286 1347.8446746000002 908.06041 494.90520187500005 62.5 0.13725490196078433 0.19607843137254902 0.058823529411764705 0.0784313725490196 0.19607843137254902 0.1568627450980392 0.1568627450980392 0.0196078431372549 371.126789699248 0 52.3880855 0.9300699300699301 0.0 0.06993006993006994 0.47058823529411764 0.35294117647058826 0.09803921568627451 0.0196078431372549 0.0196078431372549 0.0392156862745098 0.0 0.0 0.572463768115942 0.2391304347826087 0.12318840579710146 0.043478260869565216 0.021739130434782608 dongzhenyu 2Сʱ_mousemovements
72.122246 977.4146770555554 1967.4408417500003 3241.465169333333 3834.919352333334 5241.898438 0 4442.0947264999995 1404.2880704 1418.1131724999998 1839.3834141428572 1117.632599 936.6506762222222 881.32218175 3656.3205159999998 4549.496582 0.125 0.15 0.175 0.125 0.225 0.1 0.075 0.025 561.9928795700934 87.364796 134.02959025 0.9067796610169492 0.025423728813559324 0.06779661016949153 0.225 0.45 0.1 0.075 0.075 0.025 0.0 0.05 0.638095238095238 0.23809523809523808 0.05714285714285714 0.0380952380952381 0.02857142857142857 dongzhenyu 2Сʱ_mousemovements
211.9080807368421 788.7777557999999 0 2429.01416 0 0 0 0 475.08609774999996 216.69763355555557 447.2730433333333 639.0789675000001 672.6326155 668.988708 268.6198425 871.507426 0.11428571428571428 0.2571428571428571 0.08571428571428572 0.05714285714285714 0.22857142857142856 0.02857142857142857 0.05714285714285714 0.17142857142857143 202.85140227586206 210.180748 43.70010739999999 0.925531914893617 0.02127659574468085 0.05319148936170213 0.5428571428571428 0.42857142857142855 0.0 0.02857142857142857 0.0 0.0 0.0 0.0 0.5057471264367817 0.3103448275862069 0.14942528735632185 0.022988505747126436 0.011494252873563218 dongzhenyu 2Сʱ_mousemovements
303.2769931666667 1669.225708 1777.7517493333335 1642.042969 0 0 0 0 966.113693 2.793296 0 843.378996 886.6822585 0 1019.095001 2011.75769 0.18181818181818182 0.09090909090909091 0.0 0.18181818181818182 0.18181818181818182 0.0 0.2727272727272727 0.09090909090909091 333.2987591612903 0 43.974783333333335 0.9117647058823529 0.0 0.08823529411764706 0.5454545454545454 0.09090909090909091 0.2727272727272727 0.09090909090909091 0.0 0.0 0.0 0.0 0.6333333333333333 0.23333333333333334 0.1 0.03333333333333333 0.0 dongzhenyu 2Сʱ_mousemovements
49.890812 320.308289 0 0 0 0 0 0 0 49.890812 0 0 320.308289 0 0 0 0.0 0.5 0.0 0.0 0.5 0.0 0.0 0.0 53.384714833333334 0 49.890812 0.8571428571428571 0.0 0.14285714285714285 0.5 0.5 0.0 0.0 0.0 0.0 0.0 0.0 0.2857142857142857 0.42857142857142855 0.14285714285714285 0.14285714285714285 0.0 dongzhenyu 2Сʱ_mousemovements
0 0 0 0 0 0 0 0 0 0 0 0 0 0 0 0 0 0 0 0 0 0 0 0 0 0 0 0 0 0 0 0 0 0 0 0 0 0 0 0 0 0 0 dongzhenyu 2Сʱ_mousemovements
0 0 0 0 0 0 0 0 0 0 0 0 0 0 0 0 0 0 0 0 0 0 0 0 0 0 0 0 0 0 0 0 0 0 0 0 0 0 0 0 0 0 0 dongzhenyu 2Сʱ_mousemovements
0 1036.295395 0 617.11084 0 0 0 0 0 617.11084 0 0 1036.295395 0 0 0 0.0 0.3333333333333333 0.0 0.0 0.6666666666666666 0.0 0.0 0.0 155.89938358333333 0 409.4545135 0.8571428571428571 0.0 0.14285714285714285 0.0 0.6666666666666666 0.0 0.3333333333333333 0.0 0.0 0.0 0.0 0.4166666666666667 0.4166666666666667 0.08333333333333333 0.0 0.08333333333333333 dongzhenyu 2Сʱ_mousemovements
132.19353233333334 1013.8558350000001 2344.5512696666665 0 0 2239.174316 0 0 2583.9588624999997 423.18457900000004 2239.174316 565.819458 19.430614 1008.5245770000001 705.3792495 0 0.14285714285714285 0.2857142857142857 0.07142857142857142 0.07142857142857142 0.07142857142857142 0.21428571428571427 0.14285714285714285 0.0 322.504441744186 0 63.430416 0.9148936170212766 0.0 0.0851063829787234 0.42857142857142855 0.2857142857142857 0.21428571428571427 0.0 0.0 0.07142857142857142 0.0 0.0 0.7073170731707317 0.17073170731707318 0.07317073170731707 0.04878048780487805 0.0 dongzhenyu 2Сʱ_mousemovements
82.00397633333333 1263.940104 1650.7604369999997 2058.381104 2423.1313474999997 1368.453613 0 0 2076.45849625 0 0 2369.553955 1333.0819989999998 762.4773 43.528187 892.973816 0.26666666666666666 0.0 0.0 0.06666666666666667 0.3333333333333333 0.2 0.06666666666666667 0.06666666666666667 520.9928181794871 0 82.00397633333333 0.9285714285714286 0.0 0.07142857142857142 0.2 0.2 0.3333333333333333 0.06666666666666667 0.13333333333333333 0.06666666666666667 0.0 0.0 0.5853658536585366 0.2682926829268293 0.14634146341463414 0.0 0.0 dongzhenyu 2Сʱ_mousemovements
352.9174471153846 1247.0168471363636 2105.3844865714286 3455.527344 0 0 0 0 924.4526343333333 849.503937076923 976.0979553636364 655.724051 2171.9761965 997.468331 944.533654875 1366.1542966666666 0.05357142857142857 0.23214285714285715 0.19642857142857142 0.08928571428571429 0.03571428571428571 0.19642857142857142 0.14285714285714285 0.05357142857142857 428.7245162519685 0 71.0858896 0.9621212121212122 0.0 0.03787878787878788 0.4642857142857143 0.39285714285714285 0.125 0.017857142857142856 0.0 0.0 0.0 0.0 0.5968992248062015 0.3023255813953488 0.06976744186046512 0.015503875968992248 0.015503875968992248 dongzhenyu 2Сʱ_mousemovements
266.8570143076923 481.3310343333333 2234.3357340000002 1773.237549 5051.200684 0 0 0 2679.8088455 0 0 92.018776 782.1878521666667 357.54734640000004 246.75980125 161.422516 0.19047619047619047 0.0 0.0 0.047619047619047616 0.2857142857142857 0.23809523809523808 0.19047619047619047 0.047619047619047616 269.53591802985073 0 63.61220266666667 0.9178082191780822 0.0 0.0821917808219178 0.6190476190476191 0.14285714285714285 0.14285714285714285 0.047619047619047616 0.047619047619047616 0.0 0.0 0.0 0.5909090909090909 0.24242424242424243 0.09090909090909091 0.06060606060606061 0.015151515151515152 dongzhenyu 2Сʱ_mousemovements
188.32375000000002 1267.230316 1937.98877 3042.486572 0 4722.446289 0 0 0 2607.1320826666665 1197.229996 0 460.184753 1937.98877 0 0 0.0 0.42857142857142855 0.2857142857142857 0.0 0.14285714285714285 0.14285714285714285 0.0 0.0 711.6106837058824 460.184753 56.463387 0.8947368421052632 0.05263157894736842 0.05263157894736842 0.2857142857142857 0.2857142857142857 0.14285714285714285 0.14285714285714285 0.0 0.14285714285714285 0.0 0.0 0.6666666666666666 0.2222222222222222 0.1111111111111111 0.0 0.0 dongzhenyu 2Сʱ_mousemovements
0 0 0 0 0 0 0 0 0 0 0 0 0 0 0 0 0 0 0 0 0 0 0 0 0 0 0 0 0 0 0 0 0 0 0 0 0 0 0 0 0 0 0 dongzhenyu 2Сʱ_mousemovements
0 0 0 0 0 0 0 0 0 0 0 0 0 0 0 0 0 0 0 0 0 0 0 0 0 0 0 0 0 0 0 0 0 0 0 0 0 0 0 0 0 0 0 dongzhenyu 2Сʱ_mousemovements
482.89358500000003 1059.5927330000002 1722.661865 0 0 0 0 0 1140.96106 0 0 0 0 800.265625 1129.7324828 0 0.14285714285714285 0.0 0.0 0.0 0.0 0.14285714285714285 0.7142857142857143 0.0 542.1349356428572 0 0 1.0 0.0 0.0 0.2857142857142857 0.42857142857142855 0.2857142857142857 0.0 0.0 0.0 0.0 0.0 0.6923076923076923 0.3076923076923077 0.0 0.0 0.0 dongzhenyu 2Сʱ_mousemovements
172.8538855 1241.175903 2136.75238 0 0 0 0 0 2276.866943 0 0 960.849653 1996.637817 225.836868 0 0 0.14285714285714285 0.0 0.0 0.5714285714285714 0.14285714285714285 0.14285714285714285 0.0 0.0 391.56520652380954 0 59.9354515 0.9130434782608695 0.0 0.08695652173913043 0.2857142857142857 0.42857142857142855 0.2857142857142857 0.0 0.0 0.0 0.0 0.0 0.7619047619047619 0.14285714285714285 0.047619047619047616 0.047619047619047616 0.0 dongzhenyu 2Сʱ_mousemovements
242.99685359999998 677.8916013333333 2213.5013836666667 0 0 0 0 0 760.300598 788.9068404000001 0 0 0 1124.358061 686.896179 0 0.09090909090909091 0.45454545454545453 0.0 0.0 0.0 0.36363636363636365 0.09090909090909091 0.0 365.06929155555554 0 16.1461755 0.9310344827586207 0.0 0.06896551724137931 0.45454545454545453 0.2727272727272727 0.2727272727272727 0.0 0.0 0.0 0.0 0.0 0.5652173913043478 0.391304347826087 0.0 0.043478260869565216 0.0 dongzhenyu 2Сʱ_mousemovements
265.2509383333333 775.449451 500.69428533333326 3172.675293 0 0 0 0 159.122017 718.3208924999999 1165.2631535 1088.88855 0 362.03610249999997 138.3550225 3172.675293 0.16666666666666666 0.16666666666666666 0.16666666666666666 0.08333333333333333 0.0 0.16666666666666666 0.16666666666666666 0.08333333333333333 219.8644127948718 0 154.60922399999998 0.8863636363636364 0.0 0.11363636363636363 0.25 0.4166666666666667 0.25 0.08333333333333333 0.0 0.0 0.0 0.0 0.6410256410256411 0.28205128205128205 0.0 0.02564102564102564 0.05128205128205128 dongzhenyu 2Сʱ_mousemovements
62.269115 514.577209 0 0 0 0 0 0 0 62.269115 0 0 514.577209 0 0 0 0.0 0.5 0.0 0.0 0.5 0.0 0.0 0.0 73.51102985714286 0 62.269115 0.875 0.0 0.125 0.5 0.5 0.0 0.0 0.0 0.0 0.0 0.0 0.5714285714285714 0.2857142857142857 0.14285714285714285 0.0 0.0 dongzhenyu 2Сʱ_mousemovements
159.94957133333332 0 1439.874450666667 0 0 0 0 0 710.093933 164.5025594 0 137.184631 1774.168213 1835.361206 0 0 0.1111111111111111 0.5555555555555556 0.0 0.1111111111111111 0.1111111111111111 0.1111111111111111 0.0 0.0 189.7460312962963 0 52.059311666666666 0.9 0.0 0.1 0.6666666666666666 0.0 0.3333333333333333 0.0 0.0 0.0 0.0 0.0 0.46153846153846156 0.38461538461538464 0.11538461538461539 0.038461538461538464 0.0 dongzhenyu 2Сʱ_mousemovements
104.038467 1659.4932825 0 0 6531.793945 0 0 0 6531.793945 104.038467 1640.337402 0 1311.5047534999999 2374.626221 0 0 0.16666666666666666 0.16666666666666666 0.16666666666666666 0.0 0.3333333333333333 0.16666666666666666 0.0 0.0 719.2380371111111 0 163.760437 0.9 0.0 0.1 0.16666666666666666 0.6666666666666666 0.0 0.0 0.16666666666666666 0.0 0.0 0.0 0.6842105263157895 0.15789473684210525 0.05263157894736842 0.05263157894736842 0.05263157894736842 dongzhenyu 2Сʱ_mousemovements
408.92885833333327 1674.9152225 2276.6443485 0 0 0 0 0 1842.9054363333335 63.201992 0 0 1179.3291386666667 0 0 0 0.42857142857142855 0.14285714285714285 0.0 0.0 0.42857142857142855 0.0 0.0 0.0 451.01701055 0 54.782753 0.9090909090909091 0.0 0.09090909090909091 0.42857142857142855 0.2857142857142857 0.2857142857142857 0.0 0.0 0.0 0.0 0.0 0.6 0.3 0.0 0.1 0.0 dongzhenyu 2Сʱ_mousemovements
269.99440733333336 719.7277273333334 1150.899536 2062.7792360000003 5426.620117 0 0 0 2219.15451825 278.472663 588.3330718 0 804.6008324999999 413.5807013333333 316.44770485714287 186.766783 0.13793103448275862 0.06896551724137931 0.1724137931034483 0.0 0.20689655172413793 0.10344827586206896 0.2413793103448276 0.06896551724137931 259.83487301249994 0 40.90891933333334 0.9302325581395349 0.0 0.06976744186046512 0.6206896551724138 0.20689655172413793 0.06896551724137931 0.06896551724137931 0.034482758620689655 0.0 0.0 0.0 0.5853658536585366 0.2926829268292683 0.08536585365853659 0.036585365853658534 0.0 dongzhenyu 2Сʱ_mousemovements
142.240503 184.57098399999998 2197.81842025 2276.9973145 0 0 0 0 1472.187896666667 121.180172 173.9332315 0 1641.4626861999998 217.631302 565.5439363333334 25.389375 0.16666666666666666 0.1111111111111111 0.1111111111111111 0.0 0.2777777777777778 0.05555555555555555 0.16666666666666666 0.1111111111111111 316.05351817391306 168.04082499999998 152.3011515 0.92 0.04 0.04 0.5 0.16666666666666666 0.2222222222222222 0.1111111111111111 0.0 0.0 0.0 0.0 0.5333333333333333 0.3111111111111111 0.1111111111111111 0.022222222222222223 0.022222222222222223 dongzhenyu 2Сʱ_mousemovements
0 0 0 0 0 0 0 0 0 0 0 0 0 0 0 0 0 0 0 0 0 0 0 0 0 0 0 0 0 0 0 0 0 0 0 0 0 0 0 0 0 0 0 dongzhenyu 2Сʱ_mousemovements
170.39732475000002 1245.6853513636363 2251.041240625 3009.663818 3410.793701 5174.769043 0 0 14.874142 1987.3492682727274 327.2291936666667 1157.389966 433.319397 627.1872813333333 1358.3510382142856 105.01384766666666 0.02127659574468085 0.23404255319148937 0.19148936170212766 0.06382978723404255 0.06382978723404255 0.06382978723404255 0.2978723404255319 0.06382978723404255 303.0638590000001 118.70241475 88.23357357142856 0.9 0.022222222222222223 0.07777777777777778 0.5106382978723404 0.23404255319148937 0.1702127659574468 0.02127659574468085 0.0425531914893617 0.02127659574468085 0.0 0.0 0.5892857142857143 0.25595238095238093 0.08333333333333333 0.03571428571428571 0.03571428571428571 dongzhenyu 2Сʱ_mousemovements
62.771852 1794.584961 2748.244873 37.563675 2995.509033 0 0 0 0 2995.509033 2112.4715983333335 111.243084 14.30062 0 0 37.563675 0.0 0.1111111111111111 0.3333333333333333 0.2222222222222222 0.2222222222222222 0.0 0.0 0.1111111111111111 166.26736208771928 36.083818 0 0.9344262295081968 0.06557377049180328 0.0 0.4444444444444444 0.2222222222222222 0.1111111111111111 0.1111111111111111 0.1111111111111111 0.0 0.0 0.0 0.5 0.3333333333333333 0.1111111111111111 0.037037037037037035 0.018518518518518517 dongzhenyu 2Сʱ_mousemovements
107.12739907692306 401.6572213333334 1248.99205025 0 0 0 961.183472 0 0 103.10849750000001 127.06960366666668 551.224976 17.628057 132.42332775 814.4867011428572 961.183472 0.0 0.19047619047619047 0.14285714285714285 0.047619047619047616 0.047619047619047616 0.19047619047619047 0.3333333333333333 0.047619047619047616 96.85460613095239 0 34.91605083333334 0.875 0.0 0.125 0.6190476190476191 0.14285714285714285 0.19047619047619047 0.0 0.0 0.0 0.047619047619047616 0.0 0.40217391304347827 0.34782608695652173 0.17391304347826086 0.05434782608695652 0.021739130434782608 dongzhenyu 2Сʱ_mousemovements
115.19857388888889 608.4138335 2646.691406 2992.9259945 4327.362793 0 0 0 0 1782.0729726666668 1523.766054 738.0612817499999 107.717972 0 0 237.42492900000002 0.0 0.2 0.26666666666666666 0.26666666666666666 0.06666666666666667 0.0 0.0 0.2 404.72174811428573 174.70997266666666 0 0.8536585365853658 0.14634146341463414 0.0 0.6 0.13333333333333333 0.06666666666666667 0.13333333333333333 0.06666666666666667 0.0 0.0 0.0 0.5277777777777778 0.3611111111111111 0.08333333333333333 0.0 0.027777777777777776 dongzhenyu 2Сʱ_mousemovements
338.2965141538461 650.9776724999999 300.637238 2461.061523 2662.898682 0 0 0 1320.3549882500001 393.67640833333326 65.905865 118.287331 215.09506875 1318.8874662 172.58153240000001 0 0.16666666666666666 0.125 0.08333333333333333 0.041666666666666664 0.16666666666666666 0.20833333333333334 0.20833333333333334 0.0 176.0687574935065 135.4812505 120.20166790000003 0.8651685393258427 0.02247191011235955 0.11235955056179775 0.5416666666666666 0.3333333333333333 0.041666666666666664 0.041666666666666664 0.041666666666666664 0.0 0.0 0.0 0.5875 0.275 0.0375 0.075 0.025 dongzhenyu 2Сʱ_mousemovements
165.11717050000001 0 1433.640381 2884.3668213333335 1918.4995425000002 0 0 0 2403.82486 0 0 617.7773975 1633.0761543333335 1809.604126 1494.8230740000001 276.165741 0.18181818181818182 0.0 0.0 0.18181818181818182 0.2727272727272727 0.09090909090909091 0.18181818181818182 0.09090909090909091 459.81017800000006 0 96.07573525 0.8947368421052632 0.0 0.10526315789473684 0.36363636363636365 0.0 0.18181818181818182 0.2727272727272727 0.18181818181818182 0.0 0.0 0.0 0.7142857142857143 0.17142857142857143 0.05714285714285714 0.05714285714285714 0.0 dongzhenyu 2Сʱ_mousemovements
206.0113475 571.8014065 0 0 0 0 0 0 0 372.282603 380.961517 430.098785 0 0 0 0 0.0 0.5 0.25 0.25 0.0 0.0 0.0 0.0 108.89745214285715 0 31.061178 0.9333333333333333 0.0 0.06666666666666667 0.5 0.5 0.0 0.0 0.0 0.0 0.0 0.0 0.5384615384615384 0.38461538461538464 0.07692307692307693 0.0 0.0 dongzhenyu 2Сʱ_mousemovements
187.8918758 1103.476783153846 1676.6854450833332 2157.515625 0 5218.883789 0 0 1575.8786078888888 377.3663709999999 798.2105234999999 939.1758314000001 1413.741487090909 614.5923866666666 1152.0588836000002 886.4564935 0.17647058823529413 0.11764705882352941 0.1568627450980392 0.09803921568627451 0.21568627450980393 0.058823529411764705 0.09803921568627451 0.0784313725490196 417.6195008593749 123.21230566666668 57.82713214285714 0.927536231884058 0.021739130434782608 0.050724637681159424 0.39215686274509803 0.2549019607843137 0.23529411764705882 0.09803921568627451 0.0 0.0196078431372549 0.0 0.0 0.5769230769230769 0.2846153846153846 0.07692307692307693 0.046153846153846156 0.015384615384615385 dongzhenyu 2Сʱ_mousemovements
148.40620358333334 1229.1124011666668 2132.21453875 2675.9212892000005 2871.516602 3857.47876 5693.034668 0 2910.257243 1271.7183149 939.560211 580.0050715000001 1949.41052625 1319.547485 1414.3291206666665 76.246239 0.1 0.3333333333333333 0.06666666666666667 0.06666666666666667 0.13333333333333333 0.06666666666666667 0.2 0.03333333333333333 524.4369628395062 722.039795 40.658528 0.9101123595505618 0.011235955056179775 0.07865168539325842 0.4 0.2 0.13333333333333333 0.16666666666666666 0.03333333333333333 0.03333333333333333 0.03333333333333333 0.0 0.6904761904761905 0.20238095238095238 0.03571428571428571 0.07142857142857142 0.0 dongzhenyu 2Сʱ_mousemovements
72.912544 0 0 0 0 0 0 0 0 72.912544 0 0 0 0 0 0 0.0 1.0 0.0 0.0 0.0 0.0 0.0 0.0 0.0 0 72.912544 0.8333333333333334 0.0 0.16666666666666666 1.0 0.0 0.0 0.0 0.0 0.0 0.0 0.0 0.5 0.5 0.0 0.0 0.0 dongzhenyu 2Сʱ_mousemovements
172.19767259999998 1782.6875 2083.9898375 1561.7868194999999 0 0 0 0 869.4517616666667 1913.0775425 109.437454 0 21.341463 1801.163513 0 0 0.25 0.3333333333333333 0.16666666666666666 0.0 0.08333333333333333 0.16666666666666666 0.0 0.0 373.9120722972973 141.334869 63.563654 0.925 0.025 0.05 0.4166666666666667 0.08333333333333333 0.3333333333333333 0.16666666666666666 0.0 0.0 0.0 0.0 0.5675675675675675 0.35135135135135137 0.02702702702702703 0.02702702702702703 0.02702702702702703 dongzhenyu 2Сʱ_mousemovements
156.67172166666668 1098.505800375 1386.1185915 2821.135742 0 0 0 0 94.68105700000001 1678.3192262000005 569.058258 0 901.926514 1033.796896142857 118.0536465 0 0.10526315789473684 0.2631578947368421 0.10526315789473684 0.0 0.05263157894736842 0.3684210526315789 0.10526315789473684 0.0 312.7562850178571 0 96.55581333333333 0.9032258064516129 0.0 0.0967741935483871 0.3157894736842105 0.42105263157894735 0.21052631578947367 0.05263157894736842 0.0 0.0 0.0 0.0 0.5806451612903226 0.22580645161290322 0.12903225806451613 0.03225806451612903 0.03225806451612903 dongzhenyu 2Сʱ_mousemovements
0 0 0 0 0 0 0 0 0 0 0 0 0 0 0 0 0 0 0 0 0 0 0 0 0 0 0 0 0 0 0 0 0 0 0 0 0 0 0 0 0 0 0 dongzhenyu 2Сʱ_mousemovements
0 0 0 0 0 0 0 0 0 0 0 0 0 0 0 0 0 0 0 0 0 0 0 0 0 0 0 0 0 0 0 0 0 0 0 0 0 0 0 0 0 0 0 dongzhenyu 2Сʱ_mousemovements
0 0 0 0 0 0 0 0 0 0 0 0 0 0 0 0 0 0 0 0 0 0 0 0 0 0 0 0 0 0 0 0 0 0 0 0 0 0 0 0 0 0 0 dongzhenyu 2Сʱ_mousemovements
0 0 0 0 0 0 0 0 0 0 0 0 0 0 0 0 0 0 0 0 0 0 0 0 0 0 0 0 0 0 0 0 0 0 0 0 0 0 0 0 0 0 0 dongzhenyu 2Сʱ_mousemovements
0 0 0 0 0 0 0 0 0 0 0 0 0 0 0 0 0 0 0 0 0 0 0 0 0 0 0 0 0 0 0 0 0 0 0 0 0 0 0 0 0 0 0 dongzhenyu 2Сʱ_mousemovements
0 0 0 0 0 0 0 0 0 0 0 0 0 0 0 0 0 0 0 0 0 0 0 0 0 0 0 0 0 0 0 0 0 0 0 0 0 0 0 0 0 0 0 dongzhenyu 2Сʱ_mousemovements
0 0 0 0 0 0 0 0 0 0 0 0 0 0 0 0 0 0 0 0 0 0 0 0 0 0 0 0 0 0 0 0 0 0 0 0 0 0 0 0 0 0 0 dongzhenyu 2Сʱ_mousemovements
0 0 0 0 0 0 0 0 0 0 0 0 0 0 0 0 0 0 0 0 0 0 0 0 0 0 0 0 0 0 0 0 0 0 0 0 0 0 0 0 0 0 0 dongzhenyu 2Сʱ_mousemovements
0 0 0 0 0 0 0 0 0 0 0 0 0 0 0 0 0 0 0 0 0 0 0 0 0 0 0 0 0 0 0 0 0 0 0 0 0 0 0 0 0 0 0 dongzhenyu 2Сʱ_mousemovements
