164.98747983333334 722.05542 755.903503 0 0 3468.24585 0 0 0 552.973694 2112.0746765 0 0 160.362396 199.7288418 0 0.0 0.1111111111111111 0.2222222222222222 0.0 0.0 0.1111111111111111 0.5555555555555556 0.0 237.44518607999998 0 0 1.0 0.0 0.0 0.6666666666666666 0.1111111111111111 0.1111111111111111 0.0 0.0 0.1111111111111111 0.0 0.0 0.42857142857142855 0.23809523809523808 0.23809523809523808 0.09523809523809523 0.0 shenyanping 8Сʱ_mousemovements
247.08016933333332 1555.6890947499999 0 0 0 0 0 0 287.846954 1046.799561 286.868469 0 0 478.401398 2348.77771 166.525085 0.14285714285714285 0.14285714285714285 0.14285714285714285 0.0 0.0 0.14285714285714285 0.2857142857142857 0.14285714285714285 435.24980543749996 0 0 1.0 0.0 0.0 0.42857142857142855 0.5714285714285714 0.0 0.0 0.0 0.0 0.0 0.0 0.6428571428571429 0.35714285714285715 0.0 0.0 0.0 shenyanping 8Сʱ_mousemovements
456.985443 0 0 0 1030.644897 2000.799072 0 0 1030.644897 0 0 0 1228.8922575 0 0 0 0.3333333333333333 0.0 0.0 0.0 0.6666666666666666 0.0 0.0 0.0 581.404902 0 0 1.0 0.0 0.0 0.3333333333333333 0.0 0.0 0.0 0.3333333333333333 0.3333333333333333 0.0 0.0 0.6 0.2 0.2 0.0 0.0 shenyanping 8Сʱ_mousemovements
92.0801407 404.37393199999997 0 0 704.342468 1847.115356 0 0 568.7035623333334 132.557343 0 1179.2187345 38.46154 314.16568 21.276596 69.056708 0.2 0.06666666666666667 0.0 0.13333333333333333 0.06666666666666667 0.06666666666666667 0.06666666666666667 0.4 123.36641610526316 297.425751 0 0.9743589743589743 0.02564102564102564 0.0 0.6666666666666666 0.13333333333333333 0.0 0.0 0.13333333333333333 0.06666666666666667 0.0 0.0 0.6764705882352942 0.14705882352941177 0.058823529411764705 0.11764705882352941 0.0 shenyanping 8Сʱ_mousemovements
0 0 0 0 0 0 0 0 0 0 0 0 0 0 0 0 0 0 0 0 0 0 0 0 0.0 0 0 1.0 0.0 0.0 0 0 0 0 0 0 0 0 0.5 0.5 0.0 0.0 0.0 shenyanping 8Сʱ_mousemovements
0 0 0 0 0 0 0 0 0 0 0 0 0 0 0 0 0 0 0 0 0 0 0 0 0 0 0 0 0 0 0 0 0 0 0 0 0 0 0 0 0 0 0 shenyanping 8Сʱ_mousemovements
93.17420675 0 531.647888 359.733887 0 637.459229 0 0 145.321304 189.75585274999997 637.459229 0 0 0 0 359.733887 0.14285714285714285 0.5714285714285714 0.14285714285714285 0.0 0.0 0.0 0.0 0.14285714285714285 81.147576 0 359.733887 0.95 0.0 0.05 0.5714285714285714 0.0 0.14285714285714285 0.14285714285714285 0.0 0.14285714285714285 0.0 0.0 0.8333333333333334 0.0 0.08333333333333333 0.0 0.08333333333333333 shenyanping 8Сʱ_mousemovements
231.444683 470.4137676666667 0 606.850647 0 0 0 994.39502 378.447876 62.5 694.037018 0 727.8478855000001 106.38298 0 168.717163 0.2222222222222222 0.1111111111111111 0.2222222222222222 0.0 0.2222222222222222 0.1111111111111111 0.0 0.1111111111111111 78.53226122916668 0 168.717163 0.9795918367346939 0.0 0.02040816326530612 0.4444444444444444 0.3333333333333333 0.0 0.1111111111111111 0.0 0.0 0.0 0.1111111111111111 0.4878048780487805 0.3170731707317073 0.07317073170731707 0.07317073170731707 0.04878048780487805 shenyanping 8Сʱ_mousemovements
268.7963128 387.24868 198.982727 0 0 0 0 0 193.33873 149.6922075 407.27797699999996 207.62064750000002 589.721985 0 137.960373 447.6305615 0.06666666666666667 0.13333333333333333 0.26666666666666666 0.13333333333333333 0.06666666666666667 0.0 0.2 0.13333333333333333 115.71453857894738 38.788109 0 0.9743589743589743 0.02564102564102564 0.0 0.6666666666666666 0.26666666666666666 0.06666666666666667 0.0 0.0 0.0 0.0 0.0 0.6060606060606061 0.2727272727272727 0.06060606060606061 0.06060606060606061 0.0 shenyanping 8Сʱ_mousemovements
239.95994046153848 774.416843 700.968689 526.1704589999999 1012.226624 0 2085.5301106666666 2349.3103640000004 489.62152100000003 453.62196000000006 1145.51425025 590.369797 498.9372150000001 78.91829100000001 419.98157018181826 654.6572285 0.0425531914893617 0.23404255319148937 0.2553191489361702 0.0425531914893617 0.06382978723404255 0.0425531914893617 0.23404255319148937 0.0851063829787234 209.0493170729927 96.3187025 159.44596133333334 0.9448275862068966 0.013793103448275862 0.041379310344827586 0.5531914893617021 0.0851063829787234 0.10638297872340426 0.10638297872340426 0.02127659574468085 0.0 0.06382978723404255 0.06382978723404255 0.576 0.272 0.072 0.048 0.032 shenyanping 8Сʱ_mousemovements
158.2948312 320.7674965 237.60975449999998 718.5370993333332 447.628937 839.803101 0 0 141.4484385 91.67988333333335 233.48676050000003 410.32374474999995 62.5 190.46735214285715 196.14568009090908 348.6298583333333 0.037037037037037035 0.1111111111111111 0.18518518518518517 0.14814814814814814 0.018518518518518517 0.12962962962962962 0.2037037037037037 0.16666666666666666 65.03215463793101 144.01994066666668 160.29364333333336 0.9354838709677419 0.03225806451612903 0.03225806451612903 0.6481481481481481 0.18518518518518517 0.07407407407407407 0.05555555555555555 0.018518518518518517 0.018518518518518517 0.0 0.0 0.5370370370370371 0.2222222222222222 0.11728395061728394 0.06790123456790123 0.05555555555555555 shenyanping 8Сʱ_mousemovements
399.50859285714284 940.801941 805.4407655 0 0 2057.855469 2523.739746 423.059662 1029.2062633333335 547.105957 1424.9517215 717.94915 0 453.621216 0 271.42624650000005 0.23076923076923078 0.07692307692307693 0.15384615384615385 0.3076923076923077 0.0 0.07692307692307693 0.0 0.15384615384615385 292.05408344117643 423.059662 0 0.9714285714285714 0.02857142857142857 0.0 0.5384615384615384 0.07692307692307693 0.15384615384615385 0.0 0.0 0.07692307692307693 0.07692307692307693 0.07692307692307693 0.6451612903225806 0.3548387096774194 0.0 0.0 0.0 shenyanping 8Сʱ_mousemovements
198.91718213207542 328.28615505 654.2124512 1075.797343 885.561646 0 1695.281006 0 245.851 581.34037425 456.0146406428571 209.23096033333331 192.18089121428574 341.31439900000004 307.4379962777778 354.02697992307696 0.045454545454545456 0.09090909090909091 0.1590909090909091 0.10227272727272728 0.1590909090909091 0.09090909090909091 0.20454545454545456 0.14772727272727273 102.12790669348657 16.646652 114.72372266666666 0.90625 0.010416666666666666 0.08333333333333333 0.6022727272727273 0.22727272727272727 0.11363636363636363 0.03409090909090909 0.011363636363636364 0.0 0.011363636363636364 0.0 0.5932835820895522 0.24253731343283583 0.07835820895522388 0.048507462686567165 0.03731343283582089 shenyanping 8Сʱ_mousemovements
228.09910515151518 796.9202035 1183.9010237500001 378.4483133333333 1307.3484345 0 689.22052 0 779.9168824000001 322.06613 624.8463104 341.72201755555557 707.0832138000001 526.5792818333333 186.00632599999997 154.8523165 0.18867924528301888 0.11320754716981132 0.09433962264150944 0.16981132075471697 0.09433962264150944 0.11320754716981132 0.11320754716981132 0.11320754716981132 134.44715741463415 12.738853 186.37616142857146 0.9162011173184358 0.00558659217877095 0.0782122905027933 0.6226415094339622 0.18867924528301888 0.07547169811320754 0.05660377358490566 0.03773584905660377 0.0 0.018867924528301886 0.0 0.6558441558441559 0.19480519480519481 0.05844155844155844 0.06493506493506493 0.025974025974025976 shenyanping 8Сʱ_mousemovements
153.38004854054049 442.687485 754.0169116666666 1450.3127439999998 0 594.901367 538.028748 0 82.21597050000001 94.81473833333335 173.88009449999998 582.6928572857142 767.7963663333334 461.3576682857143 209.36311883333335 210.8959228888889 0.08163265306122448 0.061224489795918366 0.20408163265306123 0.14285714285714285 0.061224489795918366 0.14285714285714285 0.12244897959183673 0.1836734693877551 84.46342346625768 54.910542666666665 131.7582428888889 0.9314285714285714 0.017142857142857144 0.05142857142857143 0.7551020408163265 0.04081632653061224 0.12244897959183673 0.04081632653061224 0.0 0.02040816326530612 0.02040816326530612 0.0 0.5436241610738255 0.2684563758389262 0.10738255033557047 0.04697986577181208 0.03355704697986577 shenyanping 8Сʱ_mousemovements
139.92143666666666 708.7857613333332 278.80634675 297.591909 1296.5683693333333 387.272766 0 0 274.822385 134.7271903333333 412.08080599999994 326.33163924999997 91.57891016666667 49.941124 915.3474077142857 33.45403628571428 0.07317073170731707 0.07317073170731707 0.24390243902439024 0.0975609756097561 0.14634146341463414 0.024390243902439025 0.17073170731707318 0.17073170731707318 100.88719766666668 18.000647 104.36543963636363 0.9064748201438849 0.014388489208633094 0.07913669064748201 0.5853658536585366 0.14634146341463414 0.0975609756097561 0.07317073170731707 0.07317073170731707 0.024390243902439025 0.0 0.0 0.696 0.176 0.072 0.032 0.024 shenyanping 8Сʱ_mousemovements
236.3222839473684 494.62776075 235.491165 1191.314209 0 1117.799194 0 560.049622 214.394554 344.387865 564.077826 180.72090633333335 85.939896 728.3186875 426.22120824999996 129.128836 0.06451612903225806 0.22580645161290322 0.16129032258064516 0.0967741935483871 0.03225806451612903 0.12903225806451613 0.12903225806451613 0.16129032258064516 108.28822070833333 80.194633 268.9839625 0.9504950495049505 0.009900990099009901 0.039603960396039604 0.6129032258064516 0.25806451612903225 0.03225806451612903 0.03225806451612903 0.0 0.03225806451612903 0.0 0.03225806451612903 0.6091954022988506 0.25287356321839083 0.09195402298850575 0.034482758620689655 0.011494252873563218 shenyanping 8Сʱ_mousemovements
130.09472613636365 710.5451153333333 839.435196 0 473.738708 0 0 811.438416 215.753906 811.438416 820.286438 105.89585925 447.1131606666667 315.1862565 183.22267955555557 70.90260883333333 0.034482758620689655 0.034482758620689655 0.10344827586206896 0.13793103448275862 0.10344827586206896 0.06896551724137931 0.3103448275862069 0.20689655172413793 71.99027536781608 11.302182 237.243762 0.8969072164948454 0.030927835051546393 0.07216494845360824 0.7586206896551724 0.10344827586206896 0.06896551724137931 0.0 0.034482758620689655 0.0 0.0 0.034482758620689655 0.6931818181818182 0.18181818181818182 0.056818181818181816 0.03409090909090909 0.03409090909090909 shenyanping 8Сʱ_mousemovements
175.38059519512194 329.06051062499995 501.4591065 1006.753925 2029.093994 1274.7886355 1135.224243 1003.729431 297.394139 119.03155039999997 496.25450500000005 647.0987090000001 250.271116 710.4108368571427 334.5822795 172.3285940909091 0.1206896551724138 0.1724137931034483 0.08620689655172414 0.06896551724137931 0.06896551724137931 0.1206896551724138 0.1724137931034483 0.1896551724137931 108.49402766279071 69.725329 62.453704090909085 0.9247311827956989 0.016129032258064516 0.05913978494623656 0.7068965517241379 0.13793103448275862 0.034482758620689655 0.034482758620689655 0.017241379310344827 0.034482758620689655 0.017241379310344827 0.017241379310344827 0.5773809523809523 0.25595238095238093 0.10119047619047619 0.05357142857142857 0.011904761904761904 shenyanping 8Сʱ_mousemovements
231.76850509090903 784.48508825 574.7032836000001 678.270081 1718.188843 648.601318 996.6039125 0 266.426571 209.1278118181818 729.121643 335.528933 306.01440925 1304.7670696666667 607.2744734 481.8770018 0.08333333333333333 0.3055555555555556 0.05555555555555555 0.08333333333333333 0.1111111111111111 0.08333333333333333 0.1388888888888889 0.1388888888888889 143.02827629245286 59.679328999999996 137.8476036 0.9137931034482759 0.04310344827586207 0.04310344827586207 0.6111111111111112 0.1111111111111111 0.1388888888888889 0.027777777777777776 0.027777777777777776 0.027777777777777776 0.05555555555555555 0.0 0.5794392523364486 0.2336448598130841 0.102803738317757 0.056074766355140186 0.028037383177570093 shenyanping 8Сʱ_mousemovements
