161.39756144444445 272.377258 0 898.6965329999999 0 1141.314789 937.432861 1118.89851375 456.59679133333333 434.24863325 0 757.5977294 1208.6301575 1052.783203 86.943736 745.526562 0.15 0.2 0.0 0.25 0.1 0.05 0.15 0.1 60.52863127710843 8.0 544.9865390769231 0.8556701030927835 0.010309278350515464 0.13402061855670103 0.45 0.05 0.0 0.15 0.0 0.1 0.05 0.2 0.7126436781609196 0.12643678160919541 0.09195402298850575 0.022988505747126436 0.04597701149425287 shenyanping 10Сʱ_mousemovements
22.202627 0 2116.605469 0 0 0 0 0 18.181818 26.223436 0 0 0 0 2116.605469 0 0.3333333333333333 0.3333333333333333 0.0 0.0 0.0 0.0 0.3333333333333333 0.0 164.2144066923077 0 26.223436 0.9285714285714286 0.0 0.07142857142857142 0.6666666666666666 0.0 0.3333333333333333 0.0 0.0 0.0 0.0 0.0 0.7 0.2 0.0 0.1 0.0 shenyanping 10Сʱ_mousemovements
1048.561951 0 0 0 1131.432983 0 1930.80188 0 0 0 1287.3671264999998 0 1930.80188 0 653.822632 0 0.0 0.0 0.5 0.0 0.25 0.0 0.25 0.0 644.9198456249999 0 0 1.0 0.0 0.0 0.5 0.0 0.0 0.0 0.25 0.0 0.25 0.0 0.2857142857142857 0.42857142857142855 0.2857142857142857 0.0 0.0 shenyanping 10Сʱ_mousemovements
76.973043 0 416.102829 0 0 0 0 0 0 0 128.9818479090909 112.36061566666667 0 0 0 0 0.0 0.0 0.7857142857142857 0.21428571428571427 0.0 0.0 0.0 0.0 41.80671842857142 0 0 1.0 0.0 0.0 0.8571428571428571 0.0 0.14285714285714285 0.0 0.0 0.0 0.0 0.0 0.5454545454545454 0.21212121212121213 0.18181818181818182 0.030303030303030304 0.030303030303030304 shenyanping 10Сʱ_mousemovements
77.24012268749999 143.352859 0 0 0 0 0 0 0 40.3225805 89.32418758333331 75.55313666666667 0 0 0 0 0.0 0.11764705882352941 0.7058823529411765 0.17647058823529413 0.0 0.0 0.0 0.0 24.628478964285712 0 0 1.0 0.0 0.0 0.9411764705882353 0.058823529411764705 0.0 0.0 0.0 0.0 0.0 0.0 0.7111111111111111 0.17777777777777778 0.044444444444444446 0.044444444444444446 0.022222222222222223 shenyanping 10Сʱ_mousemovements
0 0 0 0 0 0 0 0 0 0 0 0 0 0 0 0 0 0 0 0 0 0 0 0 0 0 0 0 0 0 0 0 0 0 0 0 0 0 0 0 0 0 0 shenyanping 10Сʱ_mousemovements
271.94670666666667 299.953949 0 1928.2882085 0 1060.854126 0 1165.070679 0 0 907.2291947499999 1715.1497195000002 0 29.24338 109.835693 0 0.0 0.0 0.5 0.25 0.0 0.125 0.125 0.0 236.86544696551724 0 164.5986645 0.9354838709677419 0.0 0.06451612903225806 0.375 0.125 0.0 0.25 0.0 0.125 0.0 0.125 0.56 0.2 0.2 0.04 0.0 shenyanping 10Сʱ_mousemovements
294.5456267307692 307.999311375 466.1013335 962.2252909999999 695.30844875 1229.3579711666669 1049.040263 1449.987854 840.7407264999999 738.393682 799.0936379999999 895.1772094 237.77357124999997 599.7536651000001 289.5236902857143 210.1429731111111 0.07407407407407407 0.16666666666666666 0.1111111111111111 0.09259259259259259 0.07407407407407407 0.18518518518518517 0.12962962962962962 0.16666666666666666 132.70076612365597 94.534637 282.5610688947368 0.9029126213592233 0.0048543689320388345 0.09223300970873786 0.48148148148148145 0.14814814814814814 0.037037037037037035 0.05555555555555555 0.07407407407407407 0.1111111111111111 0.05555555555555555 0.037037037037037035 0.6185567010309279 0.1958762886597938 0.08247422680412371 0.061855670103092786 0.041237113402061855 shenyanping 10Сʱ_mousemovements
319.8587287777778 495.08419190000006 362.29938266666665 0 939.404541 0 690.125 772.599731 552.691325 322.150416 78.869667 441.19129325 472.79840066666674 234.97860749999998 687.111511 512.5517708571427 0.12 0.12 0.04 0.16 0.12 0.08 0.08 0.28 57.64364856521739 74.333336 419.05111128571434 0.8518518518518519 0.018518518518518517 0.12962962962962962 0.36 0.4 0.12 0.0 0.04 0.0 0.04 0.04 0.6565656565656566 0.1919191919191919 0.08080808080808081 0.04040404040404041 0.030303030303030304 shenyanping 10Сʱ_mousemovements
207.16571458536583 402.90807211764707 830.5645425714285 639.8780653333333 914.5210790000001 1283.023804 1874.7064942000002 1644.551361 419.6636936 312.1112549230769 552.6940839 1045.1889342499999 455.635991 539.6338840588236 646.5523365714287 661.1548478888889 0.1111111111111111 0.14444444444444443 0.1111111111111111 0.08888888888888889 0.1 0.18888888888888888 0.15555555555555556 0.1 151.33891412820515 151.80245877777782 291.50924059259256 0.883495145631068 0.02912621359223301 0.08737864077669903 0.45054945054945056 0.18681318681318682 0.07692307692307693 0.0989010989010989 0.07692307692307693 0.01098901098901099 0.054945054945054944 0.04395604395604396 0.5833333333333334 0.1956521739130435 0.10869565217391304 0.07971014492753623 0.03260869565217391 shenyanping 10Сʱ_mousemovements
117.48863315151517 351.1831148181819 524.4457770000001 962.2422536666668 552.4405825 653.499939 0 3282.2124025000003 396.0991745 254.79484728571427 794.7492299999999 409.0871058 880.2199300000001 288.5229892857143 290.7181522666667 279.1322312222222 0.06060606060606061 0.10606060606060606 0.16666666666666666 0.15151515151515152 0.045454545454545456 0.10606060606060606 0.22727272727272727 0.13636363636363635 86.63636737795274 98.23909966666666 285.51579916666674 0.9136690647482014 0.02158273381294964 0.06474820143884892 0.5 0.16666666666666666 0.15151515151515152 0.09090909090909091 0.030303030303030304 0.030303030303030304 0.0 0.030303030303030304 0.5742971887550201 0.27710843373493976 0.0963855421686747 0.028112449799196786 0.024096385542168676 shenyanping 10Сʱ_mousemovements
262.3115308571428 0 0 946.895325 0 0 0 0 0 335.8773404 68.405663 0 946.895325 88.388351 0 0 0.0 0.625 0.125 0.0 0.125 0.125 0.0 0.0 111.32304163999999 0 0.0 0.9615384615384616 0.0 0.038461538461538464 0.875 0.0 0.0 0.125 0.0 0.0 0.0 0.0 0.47619047619047616 0.47619047619047616 0.0 0.0 0.047619047619047616 shenyanping 10Сʱ_mousemovements
236.87856626666672 548.2253356 487.1767783333333 3957.5476685 2947.468506 0 941.355428 1584.679565 1740.7891251999997 384.003723 573.7303404 634.7330791666666 438.687973 109.75939274999999 558.27912725 867.1055145714284 0.14285714285714285 0.05714285714285714 0.14285714285714285 0.17142857142857143 0.05714285714285714 0.11428571428571428 0.11428571428571428 0.2 171.7760007833334 348.549927 300.412616 0.8759124087591241 0.0072992700729927005 0.11678832116788321 0.42857142857142855 0.2857142857142857 0.08571428571428572 0.05714285714285714 0.02857142857142857 0.0 0.08571428571428572 0.02857142857142857 0.6190476190476191 0.1984126984126984 0.07142857142857142 0.07936507936507936 0.031746031746031744 shenyanping 10Сʱ_mousemovements
131.41040028571427 178.29944625 621.268397 695.70697025 1399.9408564999999 813.3592020000001 1359.2345735 1418.2679849999997 123.78394025000001 556.3508885 608.5332812222222 1084.0351295 169.458481 908.1486108000001 546.1029891666667 146.7141895 0.10526315789473684 0.10526315789473684 0.23684210526315788 0.10526315789473684 0.05263157894736842 0.13157894736842105 0.15789473684210525 0.10526315789473684 178.21885264893618 377.80543550000004 149.19751379999997 0.8623853211009175 0.09174311926605505 0.045871559633027525 0.3684210526315789 0.10526315789473684 0.15789473684210525 0.10526315789473684 0.05263157894736842 0.07894736842105263 0.05263157894736842 0.07894736842105263 0.57 0.19 0.15 0.08 0.01 shenyanping 10Сʱ_mousemovements
334.224629 356.9445712857143 404.56527675 0 1172.3310343333333 851.6245425 1297.3500365 1558.25102225 360.91443766666674 476.141593 1497.62854 842.564804 479.33505233333335 954.08192725 777.8893857999999 824.3540036666667 0.1875 0.1875 0.03125 0.125 0.09375 0.125 0.15625 0.09375 149.06985417241378 393.19696 293.9819770769231 0.8923076923076924 0.007692307692307693 0.1 0.3125 0.21875 0.125 0.0 0.09375 0.0625 0.0625 0.125 0.5806451612903226 0.20161290322580644 0.0967741935483871 0.07258064516129033 0.04838709677419355 shenyanping 10Сʱ_mousemovements
149.61865704166664 331.91212475000003 529.804552909091 891.6605401428571 1031.0153503333333 1027.20943 926.57989125 1968.4966126250001 793.2909592000001 444.2257678333333 614.1780023157895 763.3846728999999 368.6369731666666 713.3537580714285 431.420396 400.3257061818183 0.09433962264150944 0.11320754716981132 0.1792452830188679 0.09433962264150944 0.11320754716981132 0.1320754716981132 0.16981132075471697 0.10377358490566038 150.24970863030302 186.03584000000004 282.23551325 0.8943089430894309 0.04065040650406504 0.06504065040650407 0.4528301886792453 0.11320754716981132 0.10377358490566038 0.0660377358490566 0.05660377358490566 0.09433962264150944 0.03773584905660377 0.07547169811320754 0.5164179104477612 0.2746268656716418 0.08955223880597014 0.06865671641791045 0.050746268656716415 shenyanping 10Сʱ_mousemovements
146.85124515625 273.29727018181825 555.73186025 0 2265.84629825 643.70997625 0 762.674805 75.3167595 544.5996597894735 493.7780388571428 397.108124 282.89764533333334 296.74993233333333 464.42915215384613 197.61116057142857 0.06666666666666667 0.31666666666666665 0.11666666666666667 0.016666666666666666 0.05 0.1 0.21666666666666667 0.11666666666666667 129.78904777777777 43.66484783333333 190.5771222727273 0.9095744680851063 0.031914893617021274 0.05851063829787234 0.5333333333333333 0.18333333333333332 0.13333333333333333 0.0 0.06666666666666667 0.06666666666666667 0.0 0.016666666666666666 0.55625 0.225 0.0625 0.10625 0.05 shenyanping 10Сʱ_mousemovements
473.179047 0 0 0 0 0 0 0 473.179047 0 0 0 0 0 0 0 1.0 0.0 0.0 0.0 0.0 0.0 0.0 0.0 236.5895235 0 0 1.0 0.0 0.0 1.0 0.0 0.0 0.0 0.0 0.0 0.0 0.0 1.0 0.0 0.0 0.0 0.0 shenyanping 10Сʱ_mousemovements
0 0 0 0 0 0 0 0 0 0 0 0 0 0 0 0 0 0 0 0 0 0 0 0 0.0 0 0 1.0 0.0 0.0 0 0 0 0 0 0 0 0 1.0 0.0 0.0 0.0 0.0 shenyanping 10Сʱ_mousemovements
236.28727500000002 0 0 0 0 0 0 0 0 0 74.158272 484.01236 150.691193 0 0 0 0.0 0.0 0.3333333333333333 0.3333333333333333 0.3333333333333333 0.0 0.0 0.0 48.401236 0 112.4247325 0.8333333333333334 0.0 0.16666666666666666 1.0 0.0 0.0 0.0 0.0 0.0 0.0 0.0 0.6666666666666666 0.25 0.0 0.08333333333333333 0.0 shenyanping 10Сʱ_mousemovements
