97.83675641509434 306.2719776666667 355.07444975 1687.248291 539.8913575 1126.394043 863.6791075000001 3994.537109 871.701843 208.56624157142855 360.3273911666667 232.1486435 530.3680499090908 85.66436408333333 100.07819276923077 651.6101945 0.014285714285714285 0.1 0.08571428571428572 0.02857142857142857 0.15714285714285714 0.34285714285714286 0.18571428571428572 0.08571428571428572 73.62037510859729 32.6454825 331.5826598 0.9608695652173913 0.017391304347826087 0.021739130434782608 0.7571428571428571 0.08571428571428572 0.05714285714285714 0.014285714285714285 0.02857142857142857 0.014285714285714285 0.02857142857142857 0.014285714285714285 0.58 0.17 0.105 0.075 0.07 liyajie 3Сʱ_mousemovements
207.3384388 0 0 0 0 0 601.097839 0 0 29.656855 504.697876 0 368.123138 0 245.10405466666668 0 0.0 0.16666666666666666 0.16666666666666666 0.0 0.16666666666666666 0.0 0.5 0.0 69.91883382608695 0.0 29.656855 0.92 0.04 0.04 0.8333333333333334 0.0 0.0 0.0 0.0 0.0 0.16666666666666666 0.0 0.7 0.25 0.05 0.0 0.0 liyajie 3Сʱ_mousemovements
105.2792375 384.4309183333334 924.839681 0 605.720825 0 0 0 1116.545166 532.189941 0 235.7927855 146.2470191666667 152.9706373076923 50.6077942 228.69689575 0.06060606060606061 0.030303030303030304 0.0 0.06060606060606061 0.18181818181818182 0.3939393939393939 0.15151515151515152 0.12121212121212122 66.70452108256882 0 0 1.0 0.0 0.0 0.7878787878787878 0.09090909090909091 0.09090909090909091 0.0 0.030303030303030304 0.0 0.0 0.0 0.6179775280898876 0.23595505617977527 0.02247191011235955 0.0898876404494382 0.033707865168539325 liyajie 3Сʱ_mousemovements
348.0554578571428 415.513153 0 0 0 0 754.137878 0 660.181824 380.38141625 0 0 328.68667800000003 754.137878 0 12.820513 0.1111111111111111 0.4444444444444444 0.0 0.0 0.2222222222222222 0.1111111111111111 0.0 0.1111111111111111 112.688726125 0 0 1.0 0.0 0.0 0.7777777777777778 0.1111111111111111 0.0 0.0 0.0 0.0 0.1111111111111111 0.0 0.64 0.16 0.08 0.04 0.08 liyajie 3Сʱ_mousemovements
117.7693927 199.0858902 333.5880205 149.410477 151.54425 539.2091623333333 674.8393095 0 211.16105650000003 210.95009235294117 183.1848301111111 294.296967 0 100.73971733333333 0 516.300453 0.058823529411764705 0.5 0.2647058823529412 0.029411764705882353 0.0 0.08823529411764706 0.0 0.058823529411764705 78.07127271428574 0.0 90.88418100000001 0.9680851063829787 0.010638297872340425 0.02127659574468085 0.5882352941176471 0.14705882352941177 0.058823529411764705 0.029411764705882353 0.029411764705882353 0.08823529411764706 0.058823529411764705 0.0 0.6533333333333333 0.14666666666666667 0.12 0.04 0.04 liyajie 3Сʱ_mousemovements
107.85390579166665 534.7094056 405.9387513333333 863.7566326666666 779.5210215000001 1066.73999 668.4169465 0 382.02742088888886 187.95445533333336 165.744232 657.08584575 226.32628478947368 198.01226033333333 161.21584036363635 345.73214441666664 0.1323529411764706 0.1323529411764706 0.014705882352941176 0.058823529411764705 0.27941176470588236 0.04411764705882353 0.16176470588235295 0.17647058823529413 56.83295708108109 7.196814999999999 406.30779586666665 0.921161825726141 0.016597510373443983 0.06224066390041494 0.7058823529411765 0.07352941176470588 0.04411764705882353 0.04411764705882353 0.08823529411764706 0.014705882352941176 0.029411764705882353 0.0 0.6617647058823529 0.14705882352941177 0.09803921568627451 0.0784313725490196 0.014705882352941176 liyajie 3Сʱ_mousemovements
141.7708204 253.30452466666665 837.7974855 552.40331 653.3223875 0 0 0 502.72155 197.93399 499.4937256 221.27367950000001 178.07009544444446 178.52762154545454 140.78093099999998 288.2561278333333 0.09302325581395349 0.023255813953488372 0.11627906976744186 0.09302325581395349 0.20930232558139536 0.2558139534883721 0.06976744186046512 0.13953488372093023 68.62726287412589 6.4102565 247.196448 0.9470198675496688 0.013245033112582781 0.039735099337748346 0.6976744186046512 0.06976744186046512 0.046511627906976744 0.13953488372093023 0.046511627906976744 0.0 0.0 0.0 0.6377952755905512 0.18110236220472442 0.07874015748031496 0.05511811023622047 0.047244094488188976 liyajie 3Сʱ_mousemovements
58.264815068493114 375.46266149999997 483.57513812499997 646.1273805 650.8944213999999 754.1273803333333 1050.4349365 1323.472626 341.76444150000003 969.4936674 377.88221266666665 696.69104 102.44014060869564 116.48984724999995 111.36373811764709 236.2908985555556 0.10309278350515463 0.05154639175257732 0.030927835051546393 0.020618556701030927 0.23711340206185566 0.28865979381443296 0.17525773195876287 0.09278350515463918 39.578760014749264 23.623796749999997 406.9463076470588 0.9416666666666667 0.011111111111111112 0.04722222222222222 0.7525773195876289 0.020618556701030927 0.08247422680412371 0.020618556701030927 0.05154639175257732 0.030927835051546393 0.020618556701030927 0.020618556701030927 0.5709969788519638 0.24169184290030213 0.1027190332326284 0.05740181268882175 0.027190332326283987 liyajie 3Сʱ_mousemovements
118.1623486111111 508.372559 1448.366943 775.858826 320.999054 1288.98938 4085.246338 1579.199097 437.077032 2081.0847089999997 0 0 449.07874828571437 130.5112635 179.84723166666666 660.11969 0.2 0.08 0.0 0.0 0.28 0.24 0.12 0.08 134.34432546835444 18.257826 187.81186674999998 0.8977272727272727 0.011363636363636364 0.09090909090909091 0.72 0.04 0.04 0.04 0.04 0.04 0.04 0.04 0.6829268292682927 0.1951219512195122 0.06097560975609756 0.06097560975609756 0.0 liyajie 3Сʱ_mousemovements
253.82830866666666 629.2386625 554.322815 0 1273.076294 0 855.659363 0 341.937622 1095.879242 0 0 534.0948945 547.351028 213.09021633333336 128.647049 0.09090909090909091 0.18181818181818182 0.0 0.0 0.18181818181818182 0.18181818181818182 0.2727272727272727 0.09090909090909091 169.80883907999998 22.447834 398.94561266666665 0.8620689655172413 0.034482758620689655 0.10344827586206896 0.5454545454545454 0.18181818181818182 0.09090909090909091 0.0 0.09090909090909091 0.0 0.09090909090909091 0.0 0.6 0.28 0.08 0.04 0.0 liyajie 3Сʱ_mousemovements
136.4000863 590.1554295555555 505.15352249999995 410.39828124999997 716.6533585000001 526.194031 502.676178 659.9908754999999 419.74657383333334 318.73550824999995 492.09935 453.5312655 394.139086 375.07092279999995 253.9331988 270.4648386 0.09836065573770492 0.13114754098360656 0.18032786885245902 0.03278688524590164 0.06557377049180328 0.08196721311475409 0.2459016393442623 0.16393442622950818 79.88159845121952 191.27043742857146 329.26671466666664 0.8541666666666666 0.036458333333333336 0.109375 0.4918032786885246 0.14754098360655737 0.13114754098360656 0.06557377049180328 0.06557377049180328 0.04918032786885246 0.01639344262295082 0.03278688524590164 0.6783625730994152 0.15204678362573099 0.0935672514619883 0.06432748538011696 0.011695906432748537 liyajie 3Сʱ_mousemovements
118.86544502941177 349.06785583333334 0 417.5516355 713.7647703333333 618.056519 545.447632 1719.118286 229.77941288888886 402.53461441666667 370.76184475 0 173.04418074999998 313.42071539999995 52.8224575 75.10466066666667 0.1875 0.25 0.08333333333333333 0.0 0.16666666666666666 0.10416666666666667 0.08333333333333333 0.125 60.57370388414632 6.723908166666667 202.0421399 0.9111111111111111 0.03333333333333333 0.05555555555555555 0.7083333333333334 0.125 0.0 0.041666666666666664 0.0625 0.020833333333333332 0.020833333333333332 0.020833333333333332 0.6981132075471698 0.15723270440251572 0.08176100628930817 0.050314465408805034 0.012578616352201259 liyajie 3Сʱ_mousemovements
77.7435456 166.657257 0 649.338867 1875.625244 2762.259766 862.538391 0 1588.7350566666667 169.86501460000002 194.886612 213.88272849999998 107.932407 104.691818 58.16531 414.0920263333333 0.14285714285714285 0.23809523809523808 0.047619047619047616 0.19047619047619047 0.09523809523809523 0.047619047619047616 0.09523809523809523 0.14285714285714285 87.09016670370372 17.0485545 902.03624725 0.9 0.03333333333333333 0.06666666666666667 0.7142857142857143 0.047619047619047616 0.0 0.047619047619047616 0.047619047619047616 0.047619047619047616 0.09523809523809523 0.0 0.7090909090909091 0.16363636363636364 0.05454545454545454 0.05454545454545454 0.01818181818181818 liyajie 3Сʱ_mousemovements
196.6511489729729 358.9531817142857 636.7361856666668 643.5837135833332 710.775421 666.875824 843.0656333333333 1027.9089356666666 193.52521014285716 499.3445891538462 656.3923746666667 752.102295 199.50229366666667 404.36071781818185 434.7251278421052 211.02976549999997 0.09859154929577464 0.18309859154929578 0.08450704225352113 0.04225352112676056 0.08450704225352113 0.15492957746478872 0.2676056338028169 0.08450704225352113 121.7208834178404 6.382978800000001 271.10765675 0.9260869565217391 0.021739130434782608 0.05217391304347826 0.5211267605633803 0.09859154929577464 0.04225352112676056 0.16901408450704225 0.056338028169014086 0.028169014084507043 0.04225352112676056 0.04225352112676056 0.5369458128078818 0.23645320197044334 0.11822660098522167 0.07881773399014778 0.029556650246305417 liyajie 3Сʱ_mousemovements
203.05533114583338 468.0836461666667 717.3573403333334 514.6866332 688.2979918 897.8347576666665 862.732422 591.654236 338.35812883333335 295.3220436363636 538.1605113636364 308.266419 269.6317315555555 352.3175107272727 330.59717837499994 350.3135605 0.0821917808219178 0.1506849315068493 0.1506849315068493 0.0684931506849315 0.1232876712328767 0.1506849315068493 0.2191780821917808 0.0547945205479452 116.12415902040816 445.924844 231.17682388888886 0.9468599033816425 0.00966183574879227 0.043478260869565216 0.6575342465753424 0.0821917808219178 0.0410958904109589 0.0684931506849315 0.0684931506849315 0.0410958904109589 0.0273972602739726 0.0136986301369863 0.5837837837837838 0.1837837837837838 0.14054054054054055 0.06486486486486487 0.02702702702702703 liyajie 3Сʱ_mousemovements
160.15792545454548 1587.3934935 925.1589584999999 684.7899068333332 706.2862855000001 575.9831036666666 1012.1838455 559.9364165 608.627864 538.7608628461538 406.231842 362.68766774999995 521.9255939999999 588.1888480000001 396.780195375 676.6427713333334 0.1111111111111111 0.28888888888888886 0.06666666666666667 0.08888888888888889 0.13333333333333333 0.06666666666666667 0.17777777777777778 0.06666666666666667 164.83417183193276 34.06581475 340.5818902222222 0.9015151515151515 0.030303030303030304 0.06818181818181818 0.4888888888888889 0.044444444444444446 0.08888888888888889 0.13333333333333333 0.044444444444444446 0.06666666666666667 0.08888888888888889 0.044444444444444446 0.5929203539823009 0.23008849557522124 0.07079646017699115 0.07079646017699115 0.035398230088495575 liyajie 3Сʱ_mousemovements
149.6066951578948 412.5247905882353 392.73538675000003 934.5088990000002 909.8111311428572 1047.5056610000001 794.304947 675.8430296 505.68360977777786 230.10413817647063 532.2067377999999 305.85312208333335 439.02111775 247.57908181250005 219.1962499545455 405.17628888888873 0.072 0.136 0.12 0.096 0.128 0.128 0.176 0.144 116.5987895318471 54.45901245454545 210.39738996551725 0.8870056497175142 0.031073446327683617 0.08192090395480225 0.6031746031746031 0.1349206349206349 0.06349206349206349 0.03968253968253968 0.05555555555555555 0.031746031746031744 0.031746031746031744 0.03968253968253968 0.5714285714285714 0.2066869300911854 0.11550151975683891 0.07598784194528875 0.030395136778115502 liyajie 3Сʱ_mousemovements
173.38685597560976 426.7525329333334 507.7345885555556 772.9253921666665 732.6728771666667 1066.4378722 1034.2072756666666 674.3648375 310.82253000000003 441.75505482352935 609.8573704375 1034.1308595 524.8720015 602.1134680714285 355.816709076923 370.6128608 0.10101010101010101 0.1717171717171717 0.16161616161616163 0.020202020202020204 0.04040404040404041 0.1414141414141414 0.26262626262626265 0.10101010101010101 154.5057711485944 122.1332295333333 330.97323658823524 0.8861209964412812 0.05338078291814947 0.060498220640569395 0.41414141414141414 0.15151515151515152 0.09090909090909091 0.12121212121212122 0.12121212121212122 0.050505050505050504 0.030303030303030304 0.020202020202020204 0.5752895752895753 0.2084942084942085 0.07722007722007722 0.10810810810810811 0.03088803088803089 liyajie 3Сʱ_mousemovements
307.188527 245.46419766666668 638.491343 0 1294.63916 643.24942 602.162842 842.140045 375.57308950000004 303.705017 622.124654 282.393494 581.893013 933.8867795 588.17672925 163.800018 0.11764705882352941 0.11764705882352941 0.17647058823529413 0.058823529411764705 0.11764705882352941 0.11764705882352941 0.23529411764705882 0.058823529411764705 68.758110875 0.0 315.7543235384615 0.8275862068965517 0.022988505747126436 0.14942528735632185 0.29411764705882354 0.17647058823529413 0.17647058823529413 0.0 0.058823529411764705 0.11764705882352941 0.058823529411764705 0.11764705882352941 0.7162162162162162 0.16216216216216217 0.02702702702702703 0.06756756756756757 0.02702702702702703 liyajie 3Сʱ_mousemovements
0 0 0 0 0 0 0 0 0 0 0 0 0 0 0 0 0 0 0 0 0 0 0 0 0.0 0 0 1.0 0.0 0.0 0 0 0 0 0 0 0 0 1.0 0.0 0.0 0.0 0.0 liyajie 3Сʱ_mousemovements
162.3931683333333 0 0 0 0 0 0 0 296.099884 0 0 0 0 0 95.5398105 0 0.3333333333333333 0.0 0.0 0.0 0.0 0.0 0.6666666666666666 0.0 20.03422294444444 0 126.563492 0.9473684210526315 0.0 0.05263157894736842 1.0 0.0 0.0 0.0 0.0 0.0 0.0 0.0 0.7647058823529411 0.11764705882352941 0.11764705882352941 0.0 0.0 liyajie 3Сʱ_mousemovements
0 0 0 0 0 0 0 0 0 0 0 0 0 0 0 0 0 0 0 0 0 0 0 0 0 0 0 0 0 0 0 0 0 0 0 0 0 0 0 0 0 0 0 liyajie 3Сʱ_mousemovements
0 0 0 0 0 0 0 0 0 0 0 0 0 0 0 0 0 0 0 0 0 0 0 0 0 0 0 0 0 0 0 0 0 0 0 0 0 0 0 0 0 0 0 liyajie 3Сʱ_mousemovements
0 0 0 0 0 0 0 0 0 0 0 0 0 0 0 0 0 0 0 0 0 0 0 0 0 0 0 0 0 0 0 0 0 0 0 0 0 0 0 0 0 0 0 liyajie 3Сʱ_mousemovements
