124.79383596000004 1008.46208175 922.818237 764.3117066666667 0 953.750854 0 833.721924 439.9713498888889 349.3870402857143 0 0 470.7934546 596.6957425 215.35249033333332 110.46513379999999 0.25 0.19444444444444445 0.0 0.0 0.1388888888888889 0.1111111111111111 0.16666666666666666 0.1388888888888889 96.24160224299064 14.786109000000002 329.205801125 0.8991596638655462 0.03361344537815126 0.06722689075630252 0.6944444444444444 0.1111111111111111 0.027777777777777776 0.08333333333333333 0.0 0.027777777777777776 0.0 0.05555555555555555 0.7 0.17 0.09 0.04 0.0 liyajie 6Сʱ_mousemovements
0 0 0 0 0 0 0 0 0 0 0 0 0 0 0 0 0 0 0 0 0 0 0 0 0 0 0 0 0 0 0 0 0 0 0 0 0 0 0 0 0 0 0 liyajie 6Сʱ_mousemovements
83.92370675 236.943863 0 0 1399.5917763333334 1467.6870115000002 0 612.644897 36.711975 1125.1756793333334 1666.512695 236.943863 0 0 415.9551503333334 89.359222 0.09090909090909091 0.2727272727272727 0.18181818181818182 0.09090909090909091 0.0 0.0 0.2727272727272727 0.09090909090909091 214.18286090322576 36.711975 547.684092 0.8857142857142857 0.02857142857142857 0.08571428571428572 0.36363636363636365 0.09090909090909091 0.0 0.0 0.2727272727272727 0.18181818181818182 0.0 0.09090909090909091 0.5333333333333333 0.13333333333333333 0.2 0.13333333333333333 0.0 liyajie 6Сʱ_mousemovements
147.69576260869565 354.313629 452.2142436666666 128.0858 0 0 1002.4147949999999 0 70.21106825000001 245.71800957142855 175.79901139999998 0 811.655396 586.649841 398.0617266 52.45045449999999 0.26666666666666666 0.23333333333333334 0.16666666666666666 0.0 0.03333333333333333 0.06666666666666667 0.16666666666666666 0.06666666666666667 78.18411765909092 0.0 120.22397866666665 0.9565217391304348 0.010869565217391304 0.03260869565217391 0.7666666666666667 0.03333333333333333 0.1 0.03333333333333333 0.0 0.0 0.06666666666666667 0.0 0.5975609756097561 0.21951219512195122 0.0975609756097561 0.04878048780487805 0.036585365853658534 liyajie 6Сʱ_mousemovements
71.73993555555556 0 0 0 0 0 0 819.5687865 90.697678 712.934082 153.126633 0 49.503544222222224 202.89879814285717 0 107.874535 0.05 0.05 0.05 0.0 0.45 0.35 0.0 0.05 33.46180457831325 0 76.5633165 0.9764705882352941 0.0 0.023529411764705882 0.9 0.0 0.0 0.0 0.0 0.0 0.0 0.1 0.6447368421052632 0.18421052631578946 0.10526315789473684 0.039473684210526314 0.02631578947368421 liyajie 6Сʱ_mousemovements
124.80891292063492 304.8670246666667 733.5965526666668 614.7617190000001 948.85251625 758.2635864000001 0 0 356.53964278947376 204.016912 482.6950291428572 738.760317 92.14141900000001 207.57368994444442 302.93681975 69.04057366666667 0.2289156626506024 0.04819277108433735 0.08433734939759036 0.04819277108433735 0.1686746987951807 0.21686746987951808 0.0963855421686747 0.10843373493975904 65.45326832467532 65.00142033333333 281.9860797391305 0.8884615384615384 0.023076923076923078 0.08846153846153847 0.7590361445783133 0.03614457831325301 0.07228915662650602 0.024096385542168676 0.04819277108433735 0.060240963855421686 0.0 0.0 0.640495867768595 0.19834710743801653 0.11570247933884298 0.02066115702479339 0.024793388429752067 liyajie 6Сʱ_mousemovements
84.64743056756757 231.8402175 328.5503235 639.725403 2104.491699 0 917.4081117500001 0 506.98897050000005 157.52598545454546 68.16164900000001 211.79280083333333 357.0481078333333 341.9788486666667 205.65802499999998 121.7556300909091 0.125 0.22916666666666666 0.041666666666666664 0.125 0.125 0.0625 0.0625 0.22916666666666666 66.39297791608391 16.107549249999998 218.46061574999996 0.9225806451612903 0.025806451612903226 0.05161290322580645 0.7708333333333334 0.041666666666666664 0.041666666666666664 0.041666666666666664 0.020833333333333332 0.0 0.08333333333333333 0.0 0.6911764705882353 0.19117647058823528 0.058823529411764705 0.051470588235294115 0.007352941176470588 liyajie 6Сʱ_mousemovements
100.86547915625 309.73452025 614.091553 779.244934 1260.5098874999999 562.095154 0 1617.413452 522.6809313333333 871.206726 205.01956575000003 107.35378299999999 112.90791691666668 185.93236963636363 372.5992897142857 206.91011 0.07142857142857142 0.047619047619047616 0.09523809523809523 0.047619047619047616 0.2857142857142857 0.2619047619047619 0.16666666666666666 0.023809523809523808 78.55417413821141 0.0 112.29185787499999 0.924812030075188 0.015037593984962405 0.06015037593984962 0.7619047619047619 0.09523809523809523 0.023809523809523808 0.023809523809523808 0.047619047619047616 0.023809523809523808 0.0 0.023809523809523808 0.6311475409836066 0.27049180327868855 0.04918032786885246 0.04918032786885246 0.0 liyajie 6Сʱ_mousemovements
102.46423015384615 461.762787 544.8532413333334 778.2624967500001 1245.7349855 1085.202271 0 0 151.5403635 714.9199526666667 519.2191786666667 624.7207490000001 178.85710085714285 89.59515033333334 89.600851 353.426277125 0.10526315789473684 0.07894736842105263 0.15789473684210525 0.05263157894736842 0.18421052631578946 0.07894736842105263 0.13157894736842105 0.21052631578947367 85.94858646728972 23.186775333333333 377.9740618571429 0.9145299145299145 0.02564102564102564 0.05982905982905983 0.6842105263157895 0.05263157894736842 0.07894736842105263 0.10526315789473684 0.05263157894736842 0.02631578947368421 0.0 0.0 0.5523809523809524 0.2571428571428571 0.10476190476190476 0.06666666666666667 0.01904761904761905 liyajie 6Сʱ_mousemovements
91.47745420000003 703.692871 0 857.9467165 0 0 651.1071015 964.329041 349.40436925 489.01383549999997 0 49.671684 122.84199337499999 491.6982256666667 454.28039566666666 53.937997800000005 0.15384615384615385 0.07692307692307693 0.0 0.038461538461538464 0.3076923076923077 0.11538461538461539 0.11538461538461539 0.19230769230769232 93.25667278260869 20.2420525 0 0.9452054794520548 0.0547945205479452 0.0 0.7692307692307693 0.038461538461538464 0.0 0.07692307692307693 0.0 0.0 0.07692307692307693 0.038461538461538464 0.6379310344827587 0.1896551724137931 0.08620689655172414 0.06896551724137931 0.017241379310344827 liyajie 6Сʱ_mousemovements
120.98935152631576 191.07797625 728.439713 274.311104 0 1005.682312 0 0 117.165633 94.10153772727273 250.32648733333335 340.139862 143.916687 376.03841700000004 344.80741739999996 115.44246420000002 0.125 0.22916666666666666 0.125 0.020833333333333332 0.041666666666666664 0.14583333333333334 0.10416666666666667 0.20833333333333334 68.09231617777778 21.276596 143.757645 0.9782608695652174 0.014492753623188406 0.007246376811594203 0.7916666666666666 0.08333333333333333 0.041666666666666664 0.041666666666666664 0.0 0.041666666666666664 0.0 0.0 0.6333333333333333 0.15 0.11666666666666667 0.05 0.05 liyajie 6Сʱ_mousemovements
151.15074142857142 527.475037 613.030151 908.848419 829.493164 1661.9891153333335 1065.4689939999998 1246.9457395 365.9282783333333 371.30099333333334 1313.793274 724.69442 160.584938 554.0817134285714 291.303877 1038.0714197500001 0.11538461538461539 0.11538461538461539 0.07692307692307693 0.07692307692307693 0.07692307692307693 0.2692307692307692 0.11538461538461539 0.15384615384615385 186.84075564912283 8.547008666666667 806.5063808333333 0.8636363636363636 0.045454545454545456 0.09090909090909091 0.5384615384615384 0.038461538461538464 0.038461538461538464 0.07692307692307693 0.038461538461538464 0.11538461538461539 0.07692307692307693 0.07692307692307693 0.6610169491525424 0.15254237288135594 0.1016949152542373 0.06779661016949153 0.01694915254237288 liyajie 6Сʱ_mousemovements
132.01747553333334 475.48013919999994 360.19045625 0 1713.1177980000002 844.724182 674.618896 938.443665 907.9252832 287.224458 272.7045286666667 74.07683999999999 428.80002233333335 699.1924134999999 143.89966833333335 267.3445327999999 0.1724137931034483 0.20689655172413793 0.10344827586206896 0.06896551724137931 0.10344827586206896 0.06896551724137931 0.10344827586206896 0.1724137931034483 103.80665276666667 247.248764 307.5584526666667 0.9183673469387755 0.02040816326530612 0.061224489795918366 0.5172413793103449 0.1724137931034483 0.13793103448275862 0.0 0.06896551724137931 0.034482758620689655 0.034482758620689655 0.034482758620689655 0.6436781609195402 0.19540229885057472 0.06896551724137931 0.05747126436781609 0.034482758620689655 liyajie 6Сʱ_mousemovements
124.09900230000001 589.9634181428572 420.908307 0 0 0 0 1286.157104 341.87596125 260.7146012 172.481224 286.224152 602.561635 822.3015543333332 333.82001599999995 10.638298 0.17391304347826086 0.21739130434782608 0.13043478260869565 0.043478260869565216 0.13043478260869565 0.13043478260869565 0.13043478260869565 0.043478260869565216 108.2379377083333 4.9531525 158.08141066666667 0.8780487804878049 0.04878048780487805 0.07317073170731707 0.43478260869565216 0.30434782608695654 0.21739130434782608 0.0 0.0 0.0 0.0 0.043478260869565216 0.5135135135135135 0.28378378378378377 0.13513513513513514 0.04054054054054054 0.02702702702702703 liyajie 6Сʱ_mousemovements
0 0 0 0 0 0 0 0 0 0 0 0 0 0 0 0 0 0 0 0 0 0 0 0 0 0 0 0 0 0 0 0 0 0 0 0 0 0 0 0 0 0 0 liyajie 6Сʱ_mousemovements
89.580551 136.59903 919.989685 574.649048 819.322205 0 0 0 136.59903 0 451.289246 0 0 332.1147995 819.322205 1154.3399045 0.14285714285714285 0.0 0.14285714285714285 0.0 0.0 0.2857142857142857 0.14285714285714285 0.2857142857142857 89.65492386363637 0 401.2852606666666 0.7857142857142857 0.0 0.21428571428571427 0.14285714285714285 0.14285714285714285 0.42857142857142855 0.14285714285714285 0.14285714285714285 0.0 0.0 0.0 0.6296296296296297 0.14814814814814814 0.14814814814814814 0.07407407407407407 0.0 liyajie 6Сʱ_mousemovements
145.41167008695655 495.2755230000001 0 362.1631085 744.7360943333333 680.658905 1157.241943 0 216.20406466666668 297.97239154545446 120.647041 0 575.4028423333334 95.1540945 330.6268294 259.4121705 0.08823529411764706 0.3235294117647059 0.029411764705882353 0.0 0.08823529411764706 0.058823529411764705 0.29411764705882354 0.11764705882352941 87.88359853465346 5.319149 355.126871 0.9439252336448598 0.018691588785046728 0.037383177570093455 0.6764705882352942 0.08823529411764706 0.0 0.058823529411764705 0.08823529411764706 0.058823529411764705 0.029411764705882353 0.0 0.5789473684210527 0.21052631578947367 0.12631578947368421 0.06315789473684211 0.021052631578947368 liyajie 6Сʱ_mousemovements
109.6365585 346.358833 1708.580811 0 868.6963496666667 1154.280792 500.161041 0 805.1660459999999 472.3161465 670.675476 0 218.4753035 637.4881793333333 1173.939941 0 0.23076923076923078 0.15384615384615385 0.07692307692307693 0.0 0.15384615384615385 0.23076923076923078 0.15384615384615385 0.0 149.65877489473684 386.168274 379.2713162857143 0.8260869565217391 0.021739130434782608 0.15217391304347827 0.15384615384615385 0.3076923076923077 0.07692307692307693 0.0 0.23076923076923078 0.15384615384615385 0.07692307692307693 0.0 0.65 0.2 0.05 0.075 0.025 liyajie 6Сʱ_mousemovements
67.4057108852459 946.7770083333334 588.7802199999999 852.148071 1244.4992797999998 522.6538395 0 1056.910767 152.61713666666665 600.41861 96.031746 558.9355418333333 188.90113594444443 323.8976737 170.63677450000003 179.2016119090909 0.03896103896103896 0.025974025974025976 0.012987012987012988 0.07792207792207792 0.4675324675324675 0.12987012987012986 0.1038961038961039 0.14285714285714285 71.11833878240738 42.24194175 268.5031128181818 0.935064935064935 0.017316017316017316 0.047619047619047616 0.7922077922077922 0.03896103896103896 0.05194805194805195 0.012987012987012988 0.06493506493506493 0.025974025974025976 0.0 0.012987012987012988 0.5980392156862745 0.2549019607843137 0.08823529411764706 0.05392156862745098 0.004901960784313725 liyajie 6Сʱ_mousemovements
114.82025142105266 289.9345214 225.284698 830.056198 788.6150210000001 1748.9611814999998 0 1653.4461975 286.7594516666666 620.0374653333333 272.94755299999997 135.04538 204.8426026470588 200.62728992857146 452.3389627142857 737.1315555 0.057692307692307696 0.057692307692307696 0.057692307692307696 0.019230769230769232 0.3269230769230769 0.2692307692307692 0.1346153846153846 0.07692307692307693 95.74451266233766 0.0 333.90727625 0.9625 0.0125 0.025 0.7307692307692307 0.09615384615384616 0.019230769230769232 0.038461538461538464 0.038461538461538464 0.038461538461538464 0.0 0.038461538461538464 0.6423357664233577 0.19708029197080293 0.10218978102189781 0.043795620437956206 0.014598540145985401 liyajie 6Сʱ_mousemovements
59.490455199999985 0 472.034058 0 0 630.731262 0 0 0 0 0 0 187.24502650000002 630.731262 21.7074206 104.7107005 0.0 0.0 0.0 0.0 0.3333333333333333 0.08333333333333333 0.4166666666666667 0.16666666666666666 24.252426742857143 0 0 1.0 0.0 0.0 0.8333333333333334 0.0 0.08333333333333333 0.0 0.0 0.08333333333333333 0.0 0.0 0.7241379310344828 0.1206896551724138 0.05172413793103448 0.08620689655172414 0.017241379310344827 liyajie 6Сʱ_mousemovements
164.0695962307692 330.781372 668.760437 555.882019 1009.599976 478.522949 1136.7493895 0 426.55457675 359.2802936666667 410.2370145 787.190258 138.61707133333334 479.46426775 0 0 0.19047619047619047 0.14285714285714285 0.09523809523809523 0.09523809523809523 0.2857142857142857 0.19047619047619047 0.0 0.0 99.34399475806454 63.636364 243.6441704285714 0.8857142857142857 0.014285714285714285 0.1 0.6190476190476191 0.047619047619047616 0.047619047619047616 0.047619047619047616 0.047619047619047616 0.09523809523809523 0.09523809523809523 0.0 0.6065573770491803 0.14754098360655737 0.18032786885245902 0.04918032786885246 0.01639344262295082 liyajie 6Сʱ_mousemovements
186.02729087499998 566.1914065 0 1399.7781375 1003.6695560000001 1208.598022 0 0 539.308777 996.034058 0 0 883.8570255 407.83034516666663 577.2111183999999 0 0.06666666666666667 0.06666666666666667 0.0 0.0 0.13333333333333333 0.4 0.3333333333333333 0.0 180.85838678723402 58.845997 76.904373 0.9591836734693877 0.02040816326530612 0.02040816326530612 0.5333333333333333 0.13333333333333333 0.0 0.13333333333333333 0.13333333333333333 0.06666666666666667 0.0 0.0 0.6190476190476191 0.21428571428571427 0.09523809523809523 0.07142857142857142 0.0 liyajie 6Сʱ_mousemovements
0 0 0 0 0 0 0 0 0 0 0 0 0 0 0 0 0 0 0 0 0 0 0 0 0 0 0 0 0 0 0 0 0 0 0 0 0 0 0 0 0 0 0 liyajie 6Сʱ_mousemovements
