414.07880939999995 485.220421 0 505.032318 1135.017802 0 0 1574.7160035000002 1158.4176636666668 799.893494 591.265925 22.447834 1195.5413055 170.547348 1263.381714 203.948853 0.23076923076923078 0.07692307692307693 0.23076923076923078 0.07692307692307693 0.15384615384615385 0.07692307692307693 0.07692307692307693 0.07692307692307693 237.34877312499998 58.69070933333333 776.3732506666666 0.8421052631578947 0.07894736842105263 0.07894736842105263 0.38461538461538464 0.15384615384615385 0.0 0.07692307692307693 0.23076923076923078 0.0 0.0 0.15384615384615385 0.5757575757575758 0.15151515151515152 0.18181818181818182 0.06060606060606061 0.030303030303030304 liyajie 9Сʱ_mousemovements
0 0 0 0 0 0 0 0 0 0 0 0 0 0 0 0 0 0 0 0 0 0 0 0 0 0 0 0 0 0 0 0 0 0 0 0 0 0 0 0 0 0 0 liyajie 9Сʱ_mousemovements
0 0 0 0 0 0 0 0 0 0 0 0 0 0 0 0 0 0 0 0 0 0 0 0 0 0 0 0 0 0 0 0 0 0 0 0 0 0 0 0 0 0 0 liyajie 9Сʱ_mousemovements
0 0 0 0 0 0 0 0 0 0 0 0 0 0 0 0 0 0 0 0 0 0 0 0 0 0 0 0 0 0 0 0 0 0 0 0 0 0 0 0 0 0 0 liyajie 9Сʱ_mousemovements
0 0 0 0 0 0 0 0 0 0 0 0 0 0 0 0 0 0 0 0 0 0 0 0 0 0 0 0 0 0 0 0 0 0 0 0 0 0 0 0 0 0 0 liyajie 9Сʱ_mousemovements
0 0 0 0 0 0 0 0 0 0 0 0 0 0 0 0 0 0 0 0 0 0 0 0 0 0 0 0 0 0 0 0 0 0 0 0 0 0 0 0 0 0 0 liyajie 9Сʱ_mousemovements
0 0 0 0 0 0 0 0 0 0 0 0 0 0 0 0 0 0 0 0 0 0 0 0 0 0 0 0 0 0 0 0 0 0 0 0 0 0 0 0 0 0 0 liyajie 9Сʱ_mousemovements
143.75923910344827 480.047745 698.185913 682.69111625 799.196157 794.5696776000001 0 1212.424561 875.8390505 677.8430226666667 393.8892445 778.824066 157.83362575 223.5758236923077 190.35981242857142 374.60430287500003 0.045454545454545456 0.13636363636363635 0.045454545454545456 0.045454545454545456 0.09090909090909091 0.29545454545454547 0.1590909090909091 0.18181818181818182 70.86634448905109 8.547008666666667 533.8829167499999 0.9013157894736842 0.019736842105263157 0.07894736842105263 0.6444444444444445 0.044444444444444446 0.022222222222222223 0.08888888888888889 0.06666666666666667 0.1111111111111111 0.0 0.022222222222222223 0.6099290780141844 0.19148936170212766 0.10638297872340426 0.06382978723404255 0.028368794326241134 liyajie 9Сʱ_mousemovements
136.6033471864407 380.7703118461538 440.47196375 962.8295439999999 886.3723219999999 1207.7950135 568.309326 1877.752686 300.6620106363637 753.9988617777777 328.4732895714286 139.956251 301.8272507777778 336.53001095 229.9073429473684 277.6267284705882 0.11702127659574468 0.09574468085106383 0.07446808510638298 0.02127659574468085 0.09574468085106383 0.2127659574468085 0.20212765957446807 0.18085106382978725 100.93379484070798 32.504072529411765 341.0360830869566 0.849624060150376 0.06390977443609022 0.08646616541353383 0.6276595744680851 0.13829787234042554 0.0851063829787234 0.0425531914893617 0.0425531914893617 0.0425531914893617 0.010638297872340425 0.010638297872340425 0.6309523809523809 0.2222222222222222 0.08333333333333333 0.047619047619047616 0.015873015873015872 liyajie 9Сʱ_mousemovements
160.7562438666667 1031.8966295 442.986298 1492.33148175 497.404259 985.4524535999999 1053.056763 0 1113.6181996666667 645.5417208 2757.440674 822.10437 86.85333449999999 670.6287177142857 344.57893 342.33598774999996 0.09375 0.15625 0.03125 0.09375 0.125 0.21875 0.15625 0.125 197.0608573974359 41.612563 621.0800368571428 0.8666666666666667 0.05555555555555555 0.07777777777777778 0.46875 0.125 0.03125 0.125 0.0625 0.15625 0.03125 0.0 0.6455696202531646 0.1518987341772152 0.08860759493670886 0.05063291139240506 0.06329113924050633 liyajie 9Сʱ_mousemovements
146.52876879999997 644.153687 453.1539535 1166.725464 574.4935913333334 2202.115967 1073.273773 1249.787313 640.4224578571428 636.7024126 208.75499 171.470947 329.908979375 259.0833074444445 143.855616 61.27431033333334 0.11864406779661017 0.1694915254237288 0.01694915254237288 0.01694915254237288 0.13559322033898305 0.3050847457627119 0.1864406779661017 0.05084745762711865 94.00157842222221 8.6376036 303.24920090909086 0.9183673469387755 0.025510204081632654 0.05612244897959184 0.7627118644067796 0.01694915254237288 0.03389830508474576 0.03389830508474576 0.05084745762711865 0.01694915254237288 0.03389830508474576 0.05084745762711865 0.6428571428571429 0.20833333333333334 0.08928571428571429 0.041666666666666664 0.017857142857142856 liyajie 9Сʱ_mousemovements
751.4637548181818 464.692047 1083.576904 422.335373 654.562317 622.487061 0 797.117981 1106.6190964 797.117981 443.06369 312.310303 74.723427 382.0129826666667 993.289135 10.638298 0.2777777777777778 0.05555555555555555 0.1111111111111111 0.05555555555555555 0.05555555555555555 0.16666666666666666 0.2222222222222222 0.05555555555555555 136.9282630172414 663.2843806666667 466.91932700000007 0.8656716417910447 0.04477611940298507 0.08955223880597014 0.6111111111111112 0.05555555555555555 0.05555555555555555 0.1111111111111111 0.05555555555555555 0.05555555555555555 0.0 0.05555555555555555 0.6935483870967742 0.14516129032258066 0.03225806451612903 0.06451612903225806 0.06451612903225806 liyajie 9Сʱ_mousemovements
169.05070166176463 362.2448842 504.0876180000001 783.5195678 598.45515425 0 1313.275391 0 413.27660769999994 326.1015807333333 422.0833151428572 315.10776614285714 163.87045458823528 296.35060514285715 252.33775257894732 343.9103334166667 0.09259259259259259 0.1388888888888889 0.06481481481481481 0.06481481481481481 0.1574074074074074 0.19444444444444445 0.17592592592592593 0.1111111111111111 100.68512814539008 224.52438714285717 143.35014973333332 0.9276315789473685 0.023026315789473683 0.049342105263157895 0.6296296296296297 0.1388888888888889 0.1388888888888889 0.046296296296296294 0.037037037037037035 0.0 0.009259259259259259 0.0 0.5921985815602837 0.1950354609929078 0.1347517730496454 0.06028368794326241 0.01773049645390071 liyajie 9Сʱ_mousemovements
130.14507548648646 0 749.314189 541.503784 750.682739 762.2256165000001 0 1061.2754515000001 143.10529007692304 477.08491516666663 1061.2754515000001 0 333.3886572 192.284872 291.739221 77.91841016666667 0.28888888888888886 0.13333333333333333 0.044444444444444446 0.0 0.1111111111111111 0.17777777777777778 0.1111111111111111 0.13333333333333333 73.03355932089552 8.434448 365.1164543333334 0.9370629370629371 0.02097902097902098 0.04195804195804196 0.8043478260869565 0.0 0.06521739130434782 0.021739130434782608 0.021739130434782608 0.043478260869565216 0.0 0.043478260869565216 0.5769230769230769 0.2 0.1076923076923077 0.09230769230769231 0.023076923076923078 liyajie 9Сʱ_mousemovements
118.39284054285713 461.95693742857145 375.1482545 1229.246678 953.125061 1502.8060424 380.087311 1284.3991085 912.1657824285714 694.411204 1081.8692104285715 645.0666349999999 283.80185108333336 214.53273453333338 177.28205354545454 519.633212875 0.1044776119402985 0.04477611940298507 0.1044776119402985 0.05970149253731343 0.1791044776119403 0.22388059701492538 0.16417910447761194 0.11940298507462686 144.37784136158197 54.955018333333335 287.7851891578947 0.8762376237623762 0.0297029702970297 0.09405940594059406 0.5223880597014925 0.1044776119402985 0.11940298507462686 0.1044776119402985 0.029850746268656716 0.07462686567164178 0.014925373134328358 0.029850746268656716 0.6 0.1783783783783784 0.13513513513513514 0.07027027027027027 0.016216216216216217 liyajie 9Сʱ_mousemovements
127.17565894444444 472.23736894736834 757.9685118 728.3068892857143 1220.9596070000002 905.9966023333333 1057.99123375 1018.758484 431.76579775000005 359.9757856153846 368.70108773333334 340.229563 502.21880825 636.9033318333333 211.788865875 409.22894005555554 0.08163265306122448 0.1326530612244898 0.15306122448979592 0.08163265306122448 0.08163265306122448 0.12244897959183673 0.16326530612244897 0.1836734693877551 116.06597190076334 14.128542900000003 294.6759846785714 0.8733333333333333 0.03333333333333333 0.09333333333333334 0.5510204081632653 0.19387755102040816 0.05102040816326531 0.07142857142857142 0.05102040816326531 0.030612244897959183 0.04081632653061224 0.01020408163265306 0.5830388692579506 0.24381625441696114 0.0989399293286219 0.045936395759717315 0.028268551236749116 liyajie 9Сʱ_mousemovements
169.98135950000002 535.831829125 483.73591616666664 739.79427325 818.0856325 1324.9503783999999 1586.6726684999999 748.492188 574.496794625 475.0540112857143 808.8929673333332 726.1356506 532.8772200000001 321.3211604 619.2570460000001 487.24098 0.13793103448275862 0.1206896551724138 0.10344827586206896 0.08620689655172414 0.1206896551724138 0.08620689655172414 0.13793103448275862 0.20689655172413793 107.98486318749998 41.983708125 528.07509508 0.8421052631578947 0.03827751196172249 0.11961722488038277 0.41379310344827586 0.13793103448275862 0.10344827586206896 0.13793103448275862 0.034482758620689655 0.08620689655172414 0.06896551724137931 0.017241379310344827 0.6230366492146597 0.21465968586387435 0.07853403141361257 0.06806282722513089 0.015706806282722512 liyajie 9Сʱ_mousemovements
126.21840582352942 299.0917713333334 673.1631774 3511.2840575 702.3349 911.9003093333334 1141.8323975 717.63385 390.3768666666667 871.3787230000002 909.297974 2684.689392 799.340309 171.5817923333333 195.2520966666667 369.084132375 0.17647058823529413 0.08823529411764706 0.029411764705882353 0.058823529411764705 0.14705882352941177 0.08823529411764706 0.17647058823529413 0.23529411764705882 216.8518075405405 44.71263357142857 585.1140825 0.8505747126436781 0.08045977011494253 0.06896551724137931 0.5 0.08823529411764706 0.14705882352941177 0.058823529411764705 0.029411764705882353 0.08823529411764706 0.058823529411764705 0.029411764705882353 0.6410256410256411 0.1794871794871795 0.08974358974358974 0.07692307692307693 0.01282051282051282 liyajie 9Сʱ_mousemovements
166.25855734426224 443.6236755 629.9353417777777 722.7521937692308 1179.1632568666669 1098.3908995000002 998.8332215 0 505.4777945999999 941.9667592727274 495.8396089285715 673.8404083333334 427.72867590909095 426.7105998571428 382.21729926086954 166.6848284375 0.08928571428571429 0.09821428571428571 0.125 0.05357142857142857 0.09821428571428571 0.1875 0.20535714285714285 0.14285714285714285 147.12769636 34.68485314285715 330.6061875 0.8566978193146417 0.04361370716510903 0.09968847352024922 0.5446428571428571 0.08928571428571429 0.08035714285714286 0.11607142857142858 0.13392857142857142 0.017857142857142856 0.017857142857142856 0.0 0.5770491803278689 0.2262295081967213 0.11147540983606558 0.05573770491803279 0.029508196721311476 liyajie 9Сʱ_mousemovements
195.89787927777775 451.6283543333334 442.1100845000001 670.7149048 1096.3105834 1178.048706 3308.370361 0 561.6305247500001 279.62108874999996 518.2165933333333 548.6268652499999 181.332916 1075.306659625 162.074614 315.347723 0.2 0.2 0.075 0.1 0.025 0.2 0.075 0.125 139.70610294262295 8.349109 425.67269130000005 0.9037037037037037 0.022222222222222223 0.07407407407407407 0.45 0.15 0.1 0.125 0.125 0.025 0.025 0.0 0.5 0.28125 0.125 0.078125 0.015625 liyajie 9Сʱ_mousemovements
153.53537565000002 354.341263 546.3086446666667 881.343038 825.4863895000001 0 515.23999 0 420.79914571428577 297.61840720000004 425.996562 470.391261 342.11778275 367.9434966666667 124.349406 265.151312 0.20588235294117646 0.14705882352941177 0.08823529411764706 0.08823529411764706 0.11764705882352941 0.17647058823529413 0.08823529411764706 0.08823529411764706 70.69995131958763 74.723427 441.83105981818176 0.8818181818181818 0.01818181818181818 0.1 0.5882352941176471 0.058823529411764705 0.17647058823529413 0.08823529411764706 0.058823529411764705 0.0 0.029411764705882353 0.0 0.5980392156862745 0.20588235294117646 0.12745098039215685 0.049019607843137254 0.0196078431372549 liyajie 9Сʱ_mousemovements
286.1878874 359.196594 910.313965 0 1675.8946529999998 0 0 0 1236.9952999999998 910.313965 0 0 714.91217 0 194.231313 0 0.3333333333333333 0.2222222222222222 0.0 0.0 0.1111111111111111 0.0 0.3333333333333333 0.0 292.69317014999996 133.333328 325.11884533333335 0.8333333333333334 0.041666666666666664 0.125 0.5 0.1 0.2 0.0 0.2 0.0 0.0 0.0 0.6666666666666666 0.19047619047619047 0.047619047619047616 0.047619047619047616 0.047619047619047616 liyajie 9Сʱ_mousemovements
106.5909859152542 477.093658 824.6841939999999 593.4281921249999 723.4620481999999 0 856.287923 751.5229493333333 379.25357950000006 510.313284 331.2645113333333 562.1235655 123.94533416666668 282.3828533846154 149.8491564375 231.26011293333335 0.07317073170731707 0.0975609756097561 0.036585365853658534 0.024390243902439025 0.07317073170731707 0.3170731707317073 0.1951219512195122 0.18292682926829268 67.49961576829268 9.322143111111112 337.61047276470595 0.9044117647058824 0.03308823529411765 0.0625 0.7195121951219512 0.012195121951219513 0.036585365853658534 0.0975609756097561 0.06097560975609756 0.0 0.036585365853658534 0.036585365853658534 0.628099173553719 0.15289256198347106 0.09504132231404959 0.09090909090909091 0.03305785123966942 liyajie 9Сʱ_mousemovements
156.7142173448276 259.793881 712.7369790000001 440.05792249999996 820.4954226666667 991.0630955 890.426636 0 928.059245 425.7640808 283.5851786 67.567566 264.80519744444445 405.59963975000005 192.6342618888889 249.31350337499998 0.06818181818181818 0.11363636363636363 0.11363636363636363 0.022727272727272728 0.20454545454545456 0.09090909090909091 0.20454545454545456 0.18181818181818182 94.08569625396825 344.2513085 137.74923185714286 0.9197080291970803 0.029197080291970802 0.051094890510948905 0.6444444444444445 0.1111111111111111 0.06666666666666667 0.044444444444444446 0.06666666666666667 0.044444444444444446 0.022222222222222223 0.0 0.5609756097560976 0.2032520325203252 0.16260162601626016 0.056910569105691054 0.016260162601626018 liyajie 9Сʱ_mousemovements
