99.0146628 253.0955505 300.535156 808.060211 1214.772583 632.7130533333334 783.6216585000001 0 205.528872 90.04074424999999 770.6377640000001 0 201.062286 1222.598999 353.80609875 587.308594 0.19047619047619047 0.19047619047619047 0.19047619047619047 0.0 0.14285714285714285 0.047619047619047616 0.19047619047619047 0.047619047619047616 75.70341831343283 0 302.1019340000001 0.8701298701298701 0.0 0.12987012987012986 0.47619047619047616 0.09523809523809523 0.047619047619047616 0.09523809523809523 0.047619047619047616 0.14285714285714285 0.09523809523809523 0.0 0.5285714285714286 0.18571428571428572 0.15714285714285714 0.1 0.02857142857142857 dongzhenyu 9Сʱ_mousemovements
1087.242432 0 0 0 0 0 0 0 0 0 0 0 0 1087.242432 0 0 0.0 0.0 0.0 0.0 0.0 1.0 0.0 0.0 543.621216 0 0 1.0 0.0 0.0 1.0 0.0 0.0 0.0 0.0 0.0 0.0 0.0 1.0 0.0 0.0 0.0 0.0 dongzhenyu 9Сʱ_mousemovements
0 0 0 0 0 0 0 0 0 0 0 0 0 0 0 0 0 0 0 0 0 0 0 0 0 0 0 0 0 0 0 0 0 0 0 0 0 0 0 0 0 0 0 dongzhenyu 9Сʱ_mousemovements
10.752688 0 0 1449.19873 0 0 0 0 0 0 0 0 10.752688 1449.19873 0 0 0.0 0.0 0.0 0.0 0.5 0.5 0.0 0.0 243.32523633333335 0 0 1.0 0.0 0.0 0.5 0.0 0.0 0.5 0.0 0.0 0.0 0.0 0.4 0.4 0.2 0.0 0.0 dongzhenyu 9Сʱ_mousemovements
218.40485283333342 789.2234624117646 1504.9456074999998 2070.062703666667 2837.769816 607.381958 0 0 1675.157966625 1135.580398 563.2567763636364 227.82148836363638 908.4518982000003 652.3361816363636 638.0474331428571 661.4316298571429 0.09876543209876543 0.13580246913580246 0.13580246913580246 0.13580246913580246 0.18518518518518517 0.13580246913580246 0.08641975308641975 0.08641975308641975 288.50173775233657 197.68983412499998 90.18833715384613 0.9106382978723404 0.03404255319148936 0.05531914893617021 0.5185185185185185 0.20987654320987653 0.14814814814814814 0.037037037037037035 0.07407407407407407 0.012345679012345678 0.0 0.0 0.6376146788990825 0.2018348623853211 0.0871559633027523 0.03669724770642202 0.03669724770642202 dongzhenyu 9Сʱ_mousemovements
99.07455106329114 421.1705545294118 522.9365133333334 460.0355427777778 494.72459719999995 620.6669816666666 532.4545836 0 332.4021578181818 190.4074302 167.39009187499997 545.7090775 165.48877199999995 183.6490593125 311.0820309473684 126.600981 0.08870967741935484 0.16129032258064516 0.06451612903225806 0.08064516129032258 0.22580645161290322 0.12903225806451613 0.1532258064516129 0.0967741935483871 66.39979043708607 121.61494854545457 207.16114813157893 0.8603988603988604 0.03133903133903134 0.10826210826210826 0.6370967741935484 0.13709677419354838 0.04838709677419355 0.07258064516129033 0.04032258064516129 0.024193548387096774 0.04032258064516129 0.0 0.6419753086419753 0.18518518518518517 0.07716049382716049 0.05864197530864197 0.037037037037037035 dongzhenyu 9Сʱ_mousemovements
139.54155357723585 400.19224942857136 608.1283488181818 572.08851625 656.184173625 1130.1144001666667 891.1223204999999 829.6964965999999 313.0903714 401.7936992758621 523.1920384736843 288.3861205 270.53588955999993 325.92743989999997 256.4929654390243 179.20867910526314 0.0797872340425532 0.15425531914893617 0.10106382978723404 0.05319148936170213 0.13297872340425532 0.1595744680851064 0.21808510638297873 0.10106382978723404 92.41864919431278 95.7048781470588 294.5871845932204 0.8194174757281554 0.06601941747572816 0.1145631067961165 0.6542553191489362 0.11170212765957446 0.05851063829787234 0.02127659574468085 0.0425531914893617 0.031914893617021274 0.05319148936170213 0.026595744680851064 0.608 0.224 0.088 0.058 0.022 dongzhenyu 9Сʱ_mousemovements
87.35497740384615 395.49508800000007 415.94913749999995 575.7293487 727.3907344999999 943.7986602500001 0 1356.5139279999999 409.52822566666663 358.7547167894737 333.21891966666664 782.3372587142858 275.9795141428571 370.14970177777775 259.0426686451613 266.5498731111111 0.06 0.19 0.12 0.07 0.07 0.09 0.31 0.09 74.11870738437499 79.70088916666667 276.8859627837838 0.8815426997245179 0.01652892561983471 0.10192837465564739 0.52 0.17 0.06 0.1 0.06 0.04 0.0 0.05 0.5276967930029155 0.22740524781341107 0.12244897959183673 0.09329446064139942 0.029154518950437316 dongzhenyu 9Сʱ_mousemovements
50.662591 0 0 872.354675 0 0 1051.468872 0 71.410652 29.91453 0 872.354675 0 0 1051.468872 0 0.25 0.25 0.0 0.25 0.0 0.0 0.25 0.0 199.5234199 0 29.91453 0.9090909090909091 0.0 0.09090909090909091 0.5 0.0 0.0 0.25 0.0 0.0 0.25 0.0 0.4444444444444444 0.2222222222222222 0.1111111111111111 0.2222222222222222 0.0 dongzhenyu 9Сʱ_mousemovements
127.78652758333335 456.2905225 424.1431152 407.2171175 937.1595000000001 873.1412356666666 735.5594686666667 912.8952025000001 491.056256 406.28192537499996 0 494.9141178 279.30712950000003 291.45874033333337 944.830363 307.2696497142857 0.10204081632653061 0.16326530612244897 0.0 0.10204081632653061 0.24489795918367346 0.1836734693877551 0.061224489795918366 0.14285714285714285 75.06871085294118 15.044826 318.17872275 0.8900523560209425 0.005235602094240838 0.10471204188481675 0.4897959183673469 0.12244897959183673 0.10204081632653061 0.04081632653061224 0.08163265306122448 0.061224489795918366 0.061224489795918366 0.04081632653061224 0.5 0.25842696629213485 0.0898876404494382 0.07865168539325842 0.07303370786516854 dongzhenyu 9Сʱ_mousemovements
97.82901090322576 282.7061822727273 357.2283465384616 518.2243347 599.2568054285714 662.1179503333333 1019.2782439999999 748.4954485714286 356.4469337777777 253.01092415789475 468.92586980000004 176.29471336363633 289.29249115384613 392.8740343333332 191.94938150000002 269.4451492 0.15384615384615385 0.1623931623931624 0.042735042735042736 0.09401709401709402 0.2222222222222222 0.1282051282051282 0.06837606837606838 0.1282051282051282 59.78728342465753 97.77233275 332.0449555945946 0.8990147783251231 0.009852216748768473 0.09113300492610837 0.5299145299145299 0.09401709401709402 0.1111111111111111 0.08547008547008547 0.05982905982905983 0.02564102564102564 0.03418803418803419 0.05982905982905983 0.5789473684210527 0.2 0.10789473684210527 0.07105263157894737 0.042105263157894736 dongzhenyu 9Сʱ_mousemovements
60.92945446666668 357.4658965 390.5684535 593.1378173333333 706.552704 610.3827975 652.809479 692.756897 447.814056 421.77955625 538.4324298571428 521.1333666 161.47602066666664 372.45129399999996 230.2823493 211.26439562500002 0.022727272727272728 0.09090909090909091 0.1590909090909091 0.11363636363636363 0.06818181818181818 0.13636363636363635 0.22727272727272727 0.18181818181818182 64.79817121874999 7.819603666666667 300.17721217391306 0.8311688311688312 0.01948051948051948 0.14935064935064934 0.3409090909090909 0.09090909090909091 0.2727272727272727 0.13636363636363635 0.045454545454545456 0.045454545454545456 0.045454545454545456 0.022727272727272728 0.6086956521739131 0.16666666666666666 0.11594202898550725 0.050724637681159424 0.057971014492753624 dongzhenyu 9Сʱ_mousemovements
132.92081946153849 526.1687149 435.53882271428574 481.0382385 1695.7493745000002 613.389099 1149.0561215 654.7932129999999 227.3921666363637 269.747542875 1565.043893 361.926366875 256.6884471199999 305.413849 175.51558333333332 317.641106117647 0.21359223300970873 0.07766990291262135 0.06796116504854369 0.07766990291262135 0.24271844660194175 0.038834951456310676 0.11650485436893204 0.1650485436893204 75.40614613353118 43.048992750000004 241.86082288372094 0.8685567010309279 0.020618556701030927 0.11082474226804123 0.6310679611650486 0.0970873786407767 0.06796116504854369 0.0970873786407767 0.05825242718446602 0.009708737864077669 0.019417475728155338 0.019417475728155338 0.6170798898071626 0.22038567493112948 0.0743801652892562 0.046831955922865015 0.04132231404958678 dongzhenyu 9Сʱ_mousemovements
98.58331909090911 245.691803 337.290405 375.526611 0 664.2396395 0 0 260.526703 824.945801 26.737968 0 127.26487844444445 213.99213874999998 0 503.533478 0.058823529411764705 0.058823529411764705 0.058823529411764705 0.0 0.5294117647058824 0.23529411764705882 0.0 0.058823529411764705 44.949686839285725 0 219.9827896 0.9180327868852459 0.0 0.08196721311475409 0.6470588235294118 0.11764705882352941 0.058823529411764705 0.058823529411764705 0.0 0.11764705882352941 0.0 0.0 0.6363636363636364 0.12727272727272726 0.03636363636363636 0.16363636363636364 0.03636363636363636 dongzhenyu 9Сʱ_mousemovements
156.555008 260.581909 0 0 0 267.972595 0 5691.494263 8307.364258 267.972595 208.5684585 0 0 3075.624268 0 0 0.2 0.2 0.4 0.0 0.0 0.2 0.0 0.0 842.8661030714285 0 267.972595 0.9333333333333333 0.0 0.06666666666666667 0.2 0.2 0.0 0.0 0.0 0.2 0.0 0.4 0.5384615384615384 0.3076923076923077 0.07692307692307693 0.07692307692307693 0.0 dongzhenyu 9Сʱ_mousemovements
224.88419866666666 191.648712 680.3026933333334 0 0 0 0 0 191.648712 0 454.012756 217.76591150000002 0 239.120773 0 793.447662 0.14285714285714285 0.0 0.14285714285714285 0.2857142857142857 0.0 0.14285714285714285 0.0 0.2857142857142857 98.58608044444445 0 122.69260799999999 0.9310344827586207 0.0 0.06896551724137931 0.42857142857142855 0.14285714285714285 0.42857142857142855 0.0 0.0 0.0 0.0 0.0 0.5925925925925926 0.25925925925925924 0.037037037037037035 0.1111111111111111 0.0 dongzhenyu 9Сʱ_mousemovements
0 0 0 0 0 0 0 0 0 0 0 0 0 0 0 0 0 0 0 0 0 0 0 0 0 0 0 0 0 0 0 0 0 0 0 0 0 0 0 0 0 0 0 dongzhenyu 9Сʱ_mousemovements
0 0 0 0 0 0 0 0 0 0 0 0 0 0 0 0 0 0 0 0 0 0 0 0 0 0 0 0 0 0 0 0 0 0 0 0 0 0 0 0 0 0 0 dongzhenyu 9Сʱ_mousemovements
97.6611954 222.02824514285717 291.075587 306.543579 2643.195557 887.686462 697.435913 908.4102175 136.87077 546.137466125 993.824524 202.44647199999997 89.856926625 403.145546 246.420879375 101.91855475000001 0.13043478260869565 0.17391304347826086 0.021739130434782608 0.08695652173913043 0.17391304347826086 0.06521739130434782 0.17391304347826086 0.17391304347826086 48.689066393103445 25.046846249999998 239.41264594736845 0.8630952380952381 0.023809523809523808 0.1130952380952381 0.6521739130434783 0.15217391304347827 0.06521739130434782 0.021739130434782608 0.021739130434782608 0.021739130434782608 0.021739130434782608 0.043478260869565216 0.5555555555555556 0.23529411764705882 0.12418300653594772 0.0392156862745098 0.0457516339869281 dongzhenyu 9Сʱ_mousemovements
103.97407519230771 260.28217000000006 363.85436045454543 413.69836399999997 510.46704850000003 412.645874 853.258789 564.174001 239.43915006666668 243.4748722 185.94985660000003 172.63708825 213.30875107692307 168.64291433333335 432.0189718333333 131.56653788235292 0.1875 0.125 0.0625 0.1 0.1625 0.075 0.075 0.2125 55.72454414782608 12.28548375 131.7745515483871 0.8679245283018868 0.01509433962264151 0.1169811320754717 0.65 0.0625 0.1375 0.025 0.05 0.025 0.0125 0.0375 0.5951417004048583 0.20242914979757085 0.09716599190283401 0.06477732793522267 0.04048582995951417 dongzhenyu 9Сʱ_mousemovements
