114.51047693333332 919.50426475 548.904968 1213.215576 0 0 516.873657 967.293152 21.276596 783.4150446666667 290.2674635 482.7910126 54.712261 859.401174 41.116753 216.3568858571428 0.041666666666666664 0.125 0.08333333333333333 0.20833333333333334 0.08333333333333333 0.125 0.041666666666666664 0.2916666666666667 79.7024185882353 12.820513 352.71607812499997 0.9042553191489362 0.010638297872340425 0.0851063829787234 0.625 0.16666666666666666 0.041666666666666664 0.041666666666666664 0.0 0.0 0.041666666666666664 0.08333333333333333 0.6904761904761905 0.20238095238095238 0.05952380952380952 0.03571428571428571 0.011904761904761904 dongzhenyu 8Сʱ_mousemovements
134.5961157142857 261.51225266666665 591.7293638 440.1182963333333 893.8033144999999 690.8906860000001 880.3291935 0 698.9910432500001 160.164632 913.442444 383.877434 154.35484675 116.128071 251.3707597142857 527.9012634 0.10256410256410256 0.07692307692307693 0.02564102564102564 0.23076923076923078 0.20512820512820512 0.05128205128205128 0.1794871794871795 0.1282051282051282 41.99054214634146 15.328686999999999 394.5163113333333 0.831081081081081 0.02702702702702703 0.14189189189189189 0.5384615384615384 0.07692307692307693 0.1282051282051282 0.07692307692307693 0.05128205128205128 0.07692307692307693 0.05128205128205128 0.0 0.6818181818181818 0.12878787878787878 0.08333333333333333 0.06818181818181818 0.03787878787878788 dongzhenyu 8Сʱ_mousemovements
157.44100609999995 187.384674 481.75003066666665 2235.0696716666666 798.3657836666666 1080.21582 895.9282226666668 1363.999023 329.7342453333333 44.290347999999994 677.92396525 725.5191831999999 164.48238642857146 53.387354 1313.1461399999998 695.90017675 0.17142857142857143 0.05714285714285714 0.11428571428571428 0.14285714285714285 0.2 0.05714285714285714 0.14285714285714285 0.11428571428571428 131.19549738461538 35.5336275 462.1890661999999 0.8272727272727273 0.03636363636363636 0.13636363636363635 0.5714285714285714 0.02857142857142857 0.08571428571428572 0.08571428571428572 0.08571428571428572 0.02857142857142857 0.08571428571428572 0.02857142857142857 0.67 0.17 0.09 0.05 0.02 dongzhenyu 8Сʱ_mousemovements
92.03390741666668 2678.530518 361.510376 570.978516 0 930.613525 1522.325684 880.03097525 872.8564015 194.30374666666668 0 368.8486046666667 260.9931603333333 183.3471728 418.6628184285714 207.849801 0.12121212121212122 0.09090909090909091 0.0 0.09090909090909091 0.2727272727272727 0.15151515151515152 0.21212121212121213 0.06060606060606061 80.2667499107143 38.831161 447.7544708333333 0.9256198347107438 0.024793388429752067 0.049586776859504134 0.7272727272727273 0.030303030303030304 0.030303030303030304 0.030303030303030304 0.0 0.030303030303030304 0.030303030303030304 0.12121212121212122 0.6330275229357798 0.1651376146788991 0.11926605504587157 0.045871559633027525 0.03669724770642202 dongzhenyu 8Сʱ_mousemovements
0 0 0 0 0 0 0 0 0 0 0 0 0 0 0 0 0 0 0 0 0 0 0 0 0 0 0 0 0 0 0 0 0 0 0 0 0 0 0 0 0 0 0 dongzhenyu 8Сʱ_mousemovements
93.7680238 388.99406450000004 589.987488 0 589.818634 1345.3500060000001 0 828.264648 484.90481550000004 0 611.373047 0 298.0368334 0 589.987488 718.5158327500001 0.15384615384615385 0.0 0.07692307692307693 0.0 0.38461538461538464 0.0 0.07692307692307693 0.3076923076923077 43.750758773584906 0 421.66274489999995 0.8412698412698413 0.0 0.15873015873015872 0.38461538461538464 0.15384615384615385 0.07692307692307693 0.0 0.15384615384615385 0.15384615384615385 0.0 0.07692307692307693 0.6785714285714286 0.10714285714285714 0.08928571428571429 0.07142857142857142 0.05357142857142857 dongzhenyu 8Сʱ_mousemovements
56.997066249999996 252.9500275 322.3813175 481.811066 0 384.124481 0 0 0 0 0 380.99363700000004 243.8125095 125.0 114.5509165 213.62412533333335 0.0 0.0 0.0 0.2 0.2 0.1 0.2 0.3 22.822848063829788 9.174312 166.10547585714286 0.8545454545454545 0.01818181818181818 0.12727272727272726 0.4 0.2 0.2 0.1 0.0 0.1 0.0 0.0 0.782608695652174 0.06521739130434782 0.0 0.08695652173913043 0.06521739130434782 dongzhenyu 8Сʱ_mousemovements
133.333328 174.781464 409.16788733333334 405.98483250000004 0 0 0 0 445.525482 0 423.415314 0 306.8072253333333 0 174.781464 383.444183 0.14285714285714285 0.0 0.14285714285714285 0.0 0.42857142857142855 0.0 0.14285714285714285 0.14285714285714285 28.49069166666667 0 281.47905879999996 0.868421052631579 0.0 0.13157894736842105 0.14285714285714285 0.14285714285714285 0.42857142857142855 0.2857142857142857 0.0 0.0 0.0 0.0 0.6451612903225806 0.16129032258064516 0.06451612903225806 0.0967741935483871 0.03225806451612903 dongzhenyu 8Сʱ_mousemovements
375.17651724999996 1908.745981666667 913.707489 0 705.512756 0 0 2135.055908 0 705.512756 2250.156738 804.479187 171.218704 1219.100342 2665.5998535 414.01383933333335 0.0 0.09090909090909091 0.09090909090909091 0.09090909090909091 0.18181818181818182 0.09090909090909091 0.18181818181818182 0.2727272727272727 411.16814480769233 0 301.13897275 0.8666666666666667 0.0 0.13333333333333333 0.36363636363636365 0.2727272727272727 0.18181818181818182 0.0 0.09090909090909091 0.0 0.0 0.09090909090909091 0.6538461538461539 0.19230769230769232 0.038461538461538464 0.11538461538461539 0.0 dongzhenyu 8Сʱ_mousemovements
0 3252.42749 0 0 0 0 0 0 0 0 0 0 0 3252.42749 0 0 0.0 0.0 0.0 0.0 0.0 1.0 0.0 0.0 1626.213745 0 0 1.0 0.0 0.0 0.0 1.0 0.0 0.0 0.0 0.0 0.0 0.0 1.0 0.0 0.0 0.0 0.0 dongzhenyu 8Сʱ_mousemovements
65.89836650000001 602.835083 675.5340983333334 2280.555908 0 0 1014.263916 751.151886 645.333435 0 0 1127.135193 355.723259 0 15.873015 837.9461419999999 0.08333333333333333 0.0 0.0 0.16666666666666666 0.3333333333333333 0.0 0.08333333333333333 0.3333333333333333 164.14527176666667 64.220184 540.3152206 0.8333333333333334 0.027777777777777776 0.1388888888888889 0.3333333333333333 0.08333333333333333 0.25 0.08333333333333333 0.0 0.0 0.08333333333333333 0.16666666666666666 0.7142857142857143 0.14285714285714285 0.03571428571428571 0.07142857142857142 0.03571428571428571 dongzhenyu 8Сʱ_mousemovements
105.36697155555557 240.45047749999998 283.009857 450.981659 0 637.999466 0 0 363.3022155 0 0 117.40839633333333 103.945465 386.812012 127.8525935 280.7860965 0.13333333333333333 0.0 0.0 0.2 0.13333333333333333 0.13333333333333333 0.13333333333333333 0.26666666666666666 34.607110354166664 11.7294055 194.9548932222222 0.8135593220338984 0.03389830508474576 0.15254237288135594 0.6 0.13333333333333333 0.06666666666666667 0.06666666666666667 0.0 0.13333333333333333 0.0 0.0 0.6296296296296297 0.14814814814814814 0.09259259259259259 0.12962962962962962 0.0 dongzhenyu 8Сʱ_mousemovements
0 0 0 0 0 0 0 0 0 0 0 0 0 0 0 0 0 0 0 0 0 0 0 0 0 0 0 0 0 0 0 0 0 0 0 0 0 0 0 0 0 0 0 dongzhenyu 8Сʱ_mousemovements
0 0 0 0 0 0 0 0 0 0 0 0 0 0 0 0 0 0 0 0 0 0 0 0 0 0 0 0 0 0 0 0 0 0 0 0 0 0 0 0 0 0 0 dongzhenyu 8Сʱ_mousemovements
0 0 0 0 0 0 0 0 0 0 0 0 0 0 0 0 0 0 0 0 0 0 0 0 0 0 0 0 0 0 0 0 0 0 0 0 0 0 0 0 0 0 0 dongzhenyu 8Сʱ_mousemovements
0 0 0 0 0 0 0 0 0 0 0 0 0 0 0 0 0 0 0 0 0 0 0 0 0 0 0 0 0 0 0 0 0 0 0 0 0 0 0 0 0 0 0 dongzhenyu 8Сʱ_mousemovements
0 0 0 0 0 0 0 0 0 0 0 0 0 0 0 0 0 0 0 0 0 0 0 0 0 0 0 0 0 0 0 0 0 0 0 0 0 0 0 0 0 0 0 dongzhenyu 8Сʱ_mousemovements
41.2917724 0 435.26707450000004 0 0 0 738.988159 0 73.263618 501.480438 0 22.447834 197.34736850000002 738.988159 85.106384 0.0 0.125 0.125 0.0 0.125 0.25 0.125 0.125 0.125 79.14647315384615 24.04443 738.988159 0.8125 0.125 0.0625 0.625 0.0 0.25 0.0 0.0 0.0 0.125 0.0 0.5 0.2857142857142857 0.14285714285714285 0.0 0.07142857142857142 dongzhenyu 8Сʱ_mousemovements
79.05784822222223 204.07126225 430.36518125 517.724869 0 500.29981975000004 1187.93070975 752.422363 227.0686265 196.42023677777777 290.03365866666667 745.3061158 162.1429994 232.757992 409.40140525 477.0182105714286 0.05128205128205128 0.23076923076923078 0.07692307692307693 0.1282051282051282 0.1282051282051282 0.10256410256410256 0.10256410256410256 0.1794871794871795 51.87592870731709 23.5370555 374.1693503684211 0.8541666666666666 0.013888888888888888 0.13194444444444445 0.46153846153846156 0.10256410256410256 0.10256410256410256 0.10256410256410256 0.0 0.10256410256410256 0.10256410256410256 0.02564102564102564 0.616 0.128 0.136 0.096 0.024 dongzhenyu 8Сʱ_mousemovements
114.9890553859649 679.7851063076923 355.2267089090909 513.702415 389.289148 841.4000854999999 545.5162505 1550.272461 463.1220073076923 307.06690646666664 368.45316757142854 575.2241604444445 99.10327299999999 246.04774213333332 213.03252493333335 163.12153914285713 0.13829787234042554 0.1595744680851064 0.07446808510638298 0.09574468085106383 0.06382978723404255 0.1595744680851064 0.1595744680851064 0.14893617021276595 77.37388582094596 20.197302714285712 159.47666184375 0.8835820895522388 0.020895522388059702 0.0955223880597015 0.6063829787234043 0.13829787234042554 0.11702127659574468 0.02127659574468085 0.05319148936170213 0.02127659574468085 0.02127659574468085 0.02127659574468085 0.5302013422818792 0.2684563758389262 0.10738255033557047 0.06711409395973154 0.026845637583892617 dongzhenyu 8Сʱ_mousemovements
