269.5447051111111 603.4681015 2167.863037 1137.405243 2208.6180115 443.793976 0 0 1767.59314 1669.6253510000001 808.0405376666666 276.0533348 748.7334595 1359.6731565 566.617981 29.333334 0.047619047619047616 0.19047619047619047 0.14285714285714285 0.23809523809523808 0.19047619047619047 0.09523809523809523 0.047619047619047616 0.047619047619047616 367.39520898 0 95.476924 0.9615384615384616 0.0 0.038461538461538464 0.42857142857142855 0.19047619047619047 0.047619047619047616 0.09523809523809523 0.19047619047619047 0.047619047619047616 0.0 0.0 0.5555555555555556 0.35555555555555557 0.0 0.06666666666666667 0.022222222222222223 renqiuchen 1Сʱ_mousemovements
0 0 0 0 0 0 0 0 0 0 0 0 0 0 0 0 0 0 0 0 0 0 0 0 0 0 0 0 0 0 0 0 0 0 0 0 0 0 0 0 0 0 0 renqiuchen 1Сʱ_mousemovements
0 0 0 0 0 0 0 0 0 0 0 0 0 0 0 0 0 0 0 0 0 0 0 0 0 0 0 0 0 0 0 0 0 0 0 0 0 0 0 0 0 0 0 renqiuchen 1Сʱ_mousemovements
391.7372585 0 0 0 856.437988 0 0 0 0 211.506927 0 0 0 714.2027889999999 0 0 0.0 0.3333333333333333 0.0 0.0 0.0 0.6666666666666666 0.0 0.0 204.98906312499997 0 0 1.0 0.0 0.0 0.6666666666666666 0.0 0.0 0.0 0.3333333333333333 0.0 0.0 0.0 0.5714285714285714 0.0 0.2857142857142857 0.14285714285714285 0.0 renqiuchen 1Сʱ_mousemovements
0 0 0 0 0 0 0 0 0 0 0 0 0 0 0 0 0 0 0 0 0 0 0 0 0 0 0 0 0 0 0 0 0 0 0 0 0 0 0 0 0 0 0 renqiuchen 1Сʱ_mousemovements
7.56607 521.129578 571.3232805 821.4761556666666 719.973999 0 3519.850342 0 0 0 1413.9471896666666 0 941.784912 817.5197346666667 248.99180066666668 0 0.0 0.0 0.3 0.0 0.1 0.3 0.3 0.0 232.353876125 731.843262 71.99792966666666 0.8888888888888888 0.027777777777777776 0.08333333333333333 0.2 0.1 0.2 0.3 0.1 0.0 0.1 0.0 0.6 0.26666666666666666 0.1 0.03333333333333333 0.0 renqiuchen 1Сʱ_mousemovements
227.22260544444444 552.215648625 837.5758665000001 1162.742188 1342.58183275 1322.6276094999998 1410.3761595 0 1187.3783315 228.142593 567.5331544000001 771.4652303333332 896.365991 0 353.7571505 696.9028108 0.2 0.03333333333333333 0.16666666666666666 0.1 0.2 0.0 0.13333333333333333 0.16666666666666666 239.98226146249993 608.8690875 394.31559250000004 0.9090909090909091 0.022727272727272728 0.06818181818181818 0.3 0.26666666666666666 0.06666666666666667 0.03333333333333333 0.13333333333333333 0.13333333333333333 0.06666666666666667 0.0 0.5061728395061729 0.25925925925925924 0.1728395061728395 0.037037037037037035 0.024691358024691357 renqiuchen 1Сʱ_mousemovements
0 0 0 0 0 0 0 0 0 0 0 0 0 0 0 0 0 0 0 0 0 0 0 0 0 0 0 0 0 0 0 0 0 0 0 0 0 0 0 0 0 0 0 renqiuchen 1Сʱ_mousemovements
0 0 0 0 0 0 0 0 0 0 0 0 0 0 0 0 0 0 0 0 0 0 0 0 0 0 0 0 0 0 0 0 0 0 0 0 0 0 0 0 0 0 0 renqiuchen 1Сʱ_mousemovements
0 0 0 0 0 0 0 0 0 0 0 0 0 0 0 0 0 0 0 0 0 0 0 0 0 0 0 0 0 0 0 0 0 0 0 0 0 0 0 0 0 0 0 renqiuchen 1Сʱ_mousemovements
0 0 0 0 0 0 0 0 0 0 0 0 0 0 0 0 0 0 0 0 0 0 0 0 0 0 0 0 0 0 0 0 0 0 0 0 0 0 0 0 0 0 0 renqiuchen 1Сʱ_mousemovements
0 0 0 0 0 0 0 0 0 0 0 0 0 0 0 0 0 0 0 0 0 0 0 0 0 0 0 0 0 0 0 0 0 0 0 0 0 0 0 0 0 0 0 renqiuchen 1Сʱ_mousemovements
0 0 0 0 0 0 0 0 0 0 0 0 0 0 0 0 0 0 0 0 0 0 0 0 0 0 0 0 0 0 0 0 0 0 0 0 0 0 0 0 0 0 0 renqiuchen 1Сʱ_mousemovements
0 0 0 0 0 0 0 0 0 0 0 0 0 0 0 0 0 0 0 0 0 0 0 0 0 0 0 0 0 0 0 0 0 0 0 0 0 0 0 0 0 0 0 renqiuchen 1Сʱ_mousemovements
0 0 0 0 0 0 0 0 0 0 0 0 0 0 0 0 0 0 0 0 0 0 0 0 0 0 0 0 0 0 0 0 0 0 0 0 0 0 0 0 0 0 0 renqiuchen 1Сʱ_mousemovements
0 0 0 0 0 0 0 0 0 0 0 0 0 0 0 0 0 0 0 0 0 0 0 0 0 0 0 0 0 0 0 0 0 0 0 0 0 0 0 0 0 0 0 renqiuchen 1Сʱ_mousemovements
0 0 0 0 0 0 0 0 0 0 0 0 0 0 0 0 0 0 0 0 0 0 0 0 0 0 0 0 0 0 0 0 0 0 0 0 0 0 0 0 0 0 0 renqiuchen 1Сʱ_mousemovements
0 0 0 0 0 0 0 0 0 0 0 0 0 0 0 0 0 0 0 0 0 0 0 0 0 0 0 0 0 0 0 0 0 0 0 0 0 0 0 0 0 0 0 renqiuchen 1Сʱ_mousemovements
0 0 0 0 0 0 0 0 0 0 0 0 0 0 0 0 0 0 0 0 0 0 0 0 0 0 0 0 0 0 0 0 0 0 0 0 0 0 0 0 0 0 0 renqiuchen 1Сʱ_mousemovements
0 0 0 0 0 0 0 0 0 0 0 0 0 0 0 0 0 0 0 0 0 0 0 0 0 0 0 0 0 0 0 0 0 0 0 0 0 0 0 0 0 0 0 renqiuchen 1Сʱ_mousemovements
