175.01184725581396 444.3934358571428 711.1126527000001 767.9336984285716 837.3144736666667 1069.633392 1013.5895874 710.78656 505.4638713000001 607.5098906666667 384.1836151875 503.1944217222224 283.9562075 265.0962264 443.83748253333334 418.01358833333336 0.11363636363636363 0.10227272727272728 0.18181818181818182 0.20454545454545456 0.06818181818181818 0.056818181818181816 0.17045454545454544 0.10227272727272728 125.16368067272724 205.1173584 128.61962400000002 0.889967637540453 0.016181229773462782 0.09385113268608414 0.48863636363636365 0.1590909090909091 0.11363636363636363 0.07954545454545454 0.06818181818181818 0.022727272727272728 0.056818181818181816 0.011363636363636364 0.5547945205479452 0.2705479452054795 0.09931506849315068 0.05821917808219178 0.017123287671232876 renqiuchen 4Сʱ_mousemovements
136.4315073846154 328.8188095 1097.1027530000001 920.4239296666666 836.8173220000001 1092.7017515 2413.441162 0 158.260435 202.74369566666667 345.14895842857146 501.10479499999997 137.8282264 296.171707 970.0057195 214.23718028571426 0.047619047619047616 0.07142857142857142 0.16666666666666666 0.21428571428571427 0.11904761904761904 0.07142857142857142 0.14285714285714285 0.16666666666666666 110.23017963909774 25.712975 128.860111625 0.8866666666666667 0.006666666666666667 0.10666666666666667 0.6190476190476191 0.14285714285714285 0.047619047619047616 0.07142857142857142 0.047619047619047616 0.047619047619047616 0.023809523809523808 0.0 0.55 0.2642857142857143 0.10714285714285714 0.07857142857142857 0.0 renqiuchen 4Сʱ_mousemovements
0 0 0 0 0 0 0 0 0 0 0 0 0 0 0 0 0 0 0 0 0 0 0 0 0 0 0 0 0 0 0 0 0 0 0 0 0 0 0 0 0 0 0 renqiuchen 4Сʱ_mousemovements
0 0 0 0 0 0 0 0 0 0 0 0 0 0 0 0 0 0 0 0 0 0 0 0 0 0 0 0 0 0 0 0 0 0 0 0 0 0 0 0 0 0 0 renqiuchen 4Сʱ_mousemovements
0 0 0 0 0 0 0 0 0 0 0 0 0 0 0 0 0 0 0 0 0 0 0 0 0 0 0 0 0 0 0 0 0 0 0 0 0 0 0 0 0 0 0 renqiuchen 4Сʱ_mousemovements
0 0 0 0 0 0 0 0 0 0 0 0 0 0 0 0 0 0 0 0 0 0 0 0 0 0 0 0 0 0 0 0 0 0 0 0 0 0 0 0 0 0 0 renqiuchen 4Сʱ_mousemovements
0 0 0 0 0 0 0 0 0 0 0 0 0 0 0 0 0 0 0 0 0 0 0 0 0 0 0 0 0 0 0 0 0 0 0 0 0 0 0 0 0 0 0 renqiuchen 4Сʱ_mousemovements
84.79163999999999 256.02211500000004 328.434601 1375.6237996666666 3493.865234 2801.084229 946.049377 1385.249146 1009.8162133333334 1046.336769 383.575378 391.537746 321.707917 103.079268 3493.865234 0 0.15 0.2 0.05 0.3 0.15 0.1 0.05 0.0 222.24667309677423 20.970562 113.0728907142857 0.8732394366197183 0.028169014084507043 0.09859154929577464 0.45 0.15 0.05 0.15 0.05 0.05 0.05 0.05 0.6764705882352942 0.14705882352941177 0.10294117647058823 0.04411764705882353 0.029411764705882353 renqiuchen 4Сʱ_mousemovements
268.6930369019607 454.6726405652174 704.4289856 536.0181601428571 880.3271454 1593.4440106666668 1365.8165477142854 915.903137 491.1247667142858 398.66966164705883 622.76661 541.9365224117646 412.76739505882364 435.53556825000004 672.4489707692308 735.4765031538461 0.125 0.15178571428571427 0.08035714285714286 0.15178571428571427 0.15178571428571427 0.10714285714285714 0.11607142857142858 0.11607142857142858 144.97930912827988 468.5338425 200.41666616216213 0.8932291666666666 0.010416666666666666 0.09635416666666667 0.45535714285714285 0.20535714285714285 0.08928571428571429 0.0625 0.08928571428571429 0.026785714285714284 0.0625 0.008928571428571428 0.5828571428571429 0.26 0.06857142857142857 0.06 0.02857142857142857 renqiuchen 4Сʱ_mousemovements
361.52087660000007 437.7389221666667 0 2063.543945 1577.4171143333333 1334.885742 1777.252686 2098.662598 1620.8501436666666 511.6860621999999 229.938896 288.95615399999997 401.2771302 977.1649782499999 13.801757 427.48019860000005 0.1875 0.15625 0.125 0.0625 0.15625 0.125 0.03125 0.15625 211.56071588888892 16.0 112.86706325 0.9166666666666666 0.009259259259259259 0.07407407407407407 0.6060606060606061 0.18181818181818182 0.0 0.030303030303030304 0.09090909090909091 0.030303030303030304 0.030303030303030304 0.030303030303030304 0.5392156862745098 0.28431372549019607 0.10784313725490197 0.058823529411764705 0.00980392156862745 renqiuchen 4Сʱ_mousemovements
147.134683882353 473.64818351851864 664.7265341428572 1438.2138823 1889.6929200000002 1748.2151262500001 1602.5192412499998 983.0037433333333 725.9433013499998 290.1001857058823 924.7584464545454 360.1577697857143 222.47694841666666 619.7677371249999 895.4279702857142 506.5298103 0.15625 0.1328125 0.0859375 0.109375 0.1875 0.0625 0.109375 0.15625 130.99617270709382 243.3522453333333 202.81491763636367 0.8973305954825462 0.012320328542094456 0.09034907597535935 0.53125 0.2109375 0.0546875 0.078125 0.0390625 0.03125 0.03125 0.0234375 0.5978021978021978 0.24615384615384617 0.07912087912087912 0.03956043956043956 0.03736263736263736 renqiuchen 4Сʱ_mousemovements
179.13908155882356 396.13803465217387 473.5625242 852.6014041874998 732.2943419999999 1517.2834014999999 601.3011475000001 1926.9286379999999 694.1236219166667 387.8461735789474 415.86435511111114 344.14826200000005 483.3340335416667 208.00999850000002 490.66859999999997 569.4072662941177 0.17518248175182483 0.1386861313868613 0.06569343065693431 0.13138686131386862 0.17518248175182483 0.043795620437956206 0.145985401459854 0.12408759124087591 118.7807190688889 345.143585 229.53308883018872 0.8910891089108911 0.0039603960396039604 0.10495049504950495 0.49635036496350365 0.1678832116788321 0.072992700729927 0.11678832116788321 0.0364963503649635 0.058394160583941604 0.014598540145985401 0.0364963503649635 0.591002044989775 0.25153374233128833 0.09611451942740286 0.0408997955010225 0.02044989775051125 renqiuchen 4Сʱ_mousemovements
254.80606651999994 309.369184 425.02061966666673 1171.3350462000003 1346.04126 0 1630.5297417142854 2488.7911985 1612.5944723333334 1035.1842151111111 343.125117 538.0996725714286 212.73749242857144 647.8373985 328.79117537499997 1237.7543031999999 0.06 0.18 0.06 0.14 0.14 0.16 0.16 0.1 174.1676993831169 292.00258133333335 396.68491276470587 0.8850574712643678 0.017241379310344827 0.09770114942528736 0.5 0.12 0.06 0.1 0.04 0.0 0.14 0.04 0.7212121212121212 0.12121212121212122 0.09090909090909091 0.05454545454545454 0.012121212121212121 renqiuchen 4Сʱ_mousemovements
329.09464122857145 444.34346557142857 0 651.9986473333333 1109.2756166000001 1240.3611653333335 1161.4364626666668 848.94873 641.4800324 725.502544375 187.79497725000002 564.6923928888889 294.2989539999999 805.4271044285715 338.3894622 778.0955962 0.08771929824561403 0.14035087719298245 0.07017543859649122 0.15789473684210525 0.24561403508771928 0.12280701754385964 0.08771929824561403 0.08771929824561403 154.08710628235295 498.0154523333333 208.0481596666667 0.918918918918919 0.016216216216216217 0.06486486486486487 0.6140350877192983 0.12280701754385964 0.0 0.05263157894736842 0.08771929824561403 0.05263157894736842 0.05263157894736842 0.017543859649122806 0.5952380952380952 0.27380952380952384 0.05952380952380952 0.047619047619047616 0.023809523809523808 renqiuchen 4Сʱ_mousemovements
154.96526679310347 511.0186020000001 598.3524822857144 1246.80578 1430.0262495714285 788.280518 1156.1940796 0 483.20936874999995 512.590645 900.6863962222221 420.389764 311.31634491666665 616.4234049999999 521.7646030000001 1273.19543475 0.125 0.203125 0.140625 0.140625 0.1875 0.109375 0.03125 0.0625 110.60712893333336 242.848001 316.62383264000005 0.9042553191489362 0.0070921985815602835 0.08865248226950355 0.453125 0.15625 0.109375 0.078125 0.109375 0.015625 0.078125 0.0 0.6185185185185185 0.23703703703703705 0.06296296296296296 0.05185185185185185 0.02962962962962963 renqiuchen 4Сʱ_mousemovements
200.77209840816326 462.73032366666666 798.9227628181819 831.1620953076924 1328.182838375 1178.8957169999999 828.1583253333333 1086.2112933333333 692.0472107499999 717.1263110714287 843.5791255333334 433.10456866666675 205.07809953333336 521.980072875 547.3256346666666 750.5311280000001 0.1553398058252427 0.13592233009708737 0.14563106796116504 0.14563106796116504 0.14563106796116504 0.07766990291262135 0.11650485436893204 0.07766990291262135 147.41604879213483 525.1898195 172.06485025000003 0.9081632653061225 0.01020408163265306 0.08163265306122448 0.47572815533980584 0.05825242718446602 0.10679611650485436 0.1262135922330097 0.07766990291262135 0.06796116504854369 0.02912621359223301 0.05825242718446602 0.6130790190735694 0.2098092643051771 0.11444141689373297 0.05449591280653951 0.008174386920980926 renqiuchen 4Сʱ_mousemovements
177.4225998 428.90137475 698.79129 0 0 0 0 0 437.811584 420.882557 107.768738 291.61341849999997 146.3358075 0 579.0190633333333 0 0.09090909090909091 0.18181818181818182 0.09090909090909091 0.18181818181818182 0.18181818181818182 0.0 0.2727272727272727 0.0 108.46825654838709 0 318.8925625 0.9393939393939394 0.0 0.06060606060606061 0.45454545454545453 0.36363636363636365 0.18181818181818182 0.0 0.0 0.0 0.0 0.0 0.5714285714285714 0.25 0.14285714285714285 0.03571428571428571 0.0 renqiuchen 4Сʱ_mousemovements
148.141954375 284.6789291333333 830.7662277500001 446.105484 1378.3069253333333 1201.6289427999998 1290.6193845 1373.818054 624.1911924444444 712.1113992727271 553.2484956000001 463.25501349999996 232.67194973333335 492.03632155555556 215.54414366666666 256.476878 0.13846153846153847 0.16923076923076924 0.07692307692307693 0.06153846153846154 0.23076923076923078 0.13846153846153847 0.13846153846153847 0.046153846153846156 96.91076422314053 261.422882 160.77789996774192 0.8832116788321168 0.0036496350364963502 0.11313868613138686 0.49230769230769234 0.23076923076923078 0.06153846153846154 0.03076923076923077 0.046153846153846156 0.07692307692307693 0.03076923076923077 0.03076923076923077 0.5214007782101168 0.2918287937743191 0.11284046692607004 0.03501945525291829 0.038910505836575876 renqiuchen 4Сʱ_mousemovements
223.66563000000002 0 554.0953876666667 508.993622 813.6500245 599.011841 0 0 580.77002 1077.983887 59.618996 0 574.1640015 0 315.46963 848.205139 0.09090909090909091 0.09090909090909091 0.09090909090909091 0.0 0.18181818181818182 0.0 0.45454545454545453 0.09090909090909091 134.33147065517244 599.011841 265.87656833333335 0.8787878787878788 0.030303030303030304 0.09090909090909091 0.36363636363636365 0.0 0.2727272727272727 0.09090909090909091 0.18181818181818182 0.09090909090909091 0.0 0.0 0.59375 0.21875 0.0625 0.0625 0.0625 renqiuchen 4Сʱ_mousemovements
0 0 0 0 0 0 0 0 0 0 0 0 0 0 0 0 0 0 0 0 0 0 0 0 0 0 0 0 0 0 0 0 0 0 0 0 0 0 0 0 0 0 0 renqiuchen 4Сʱ_mousemovements
