144.600653875 371.1224880909091 608.8863918571429 798.9284260000001 820.2292480000001 1337.1624956666667 2335.095703 582.535207 143.22235525 283.9633702857143 856.8922846666666 226.30429829999997 179.23480027272728 558.3011954285714 454.0196755454545 564.530487 0.06451612903225806 0.11290322580645161 0.14516129032258066 0.16129032258064516 0.1774193548387097 0.11290322580645161 0.1774193548387097 0.04838709677419355 101.46518986956521 245.23916050000003 259.9128896666667 0.9282511210762332 0.017937219730941704 0.053811659192825115 0.5161290322580645 0.1774193548387097 0.11290322580645161 0.04838709677419355 0.03225806451612903 0.04838709677419355 0.016129032258064516 0.04838709677419355 0.5404040404040404 0.23232323232323232 0.10606060606060606 0.0707070707070707 0.050505050505050504 renqiuchen 10Сʱ_mousemovements
0 0 0 0 0 0 0 0 0 0 0 0 0 0 0 0 0 0 0 0 0 0 0 0 0 0 0 0 0 0 0 0 0 0 0 0 0 0 0 0 0 0 0 renqiuchen 10Сʱ_mousemovements
0 0 0 0 0 0 0 0 0 0 0 0 0 0 0 0 0 0 0 0 0 0 0 0 0 0 0 0 0 0 0 0 0 0 0 0 0 0 0 0 0 0 0 renqiuchen 10Сʱ_mousemovements
0 0 0 0 0 0 0 0 0 0 0 0 0 0 0 0 0 0 0 0 0 0 0 0 0 0 0 0 0 0 0 0 0 0 0 0 0 0 0 0 0 0 0 renqiuchen 10Сʱ_mousemovements
202.03414587499995 431.3465112 546.3226013333334 906.8734739999999 792.8164186 980.76207 1349.840027 243.43367 638.0154517142857 282.9826355 659.1868811111111 234.33182050000002 208.08040568181815 297.028595125 598.6832433750001 730.7099867500001 0.1 0.08571428571428572 0.12857142857142856 0.08571428571428572 0.3142857142857143 0.11428571428571428 0.11428571428571428 0.05714285714285714 123.62583156281413 557.1429076 60.132722230769225 0.9170506912442397 0.02304147465437788 0.059907834101382486 0.5714285714285714 0.14285714285714285 0.08571428571428572 0.05714285714285714 0.07142857142857142 0.02857142857142857 0.02857142857142857 0.014285714285714285 0.49246231155778897 0.2914572864321608 0.10552763819095477 0.07537688442211055 0.035175879396984924 renqiuchen 10Сʱ_mousemovements
208.25995577551015 396.9713612857143 368.360129 1049.756195 0 0 0 0 299.304377 209.5484397142857 381.14140683333335 259.956718 180.11481716666665 406.403198 234.29371769999997 306.0583685714286 0.046875 0.21875 0.09375 0.109375 0.09375 0.171875 0.15625 0.109375 99.41553856547618 150.47808250000003 67.0883783 0.9230769230769231 0.02197802197802198 0.054945054945054944 0.765625 0.109375 0.078125 0.046875 0.0 0.0 0.0 0.0 0.5696969696969697 0.2727272727272727 0.09090909090909091 0.05454545454545454 0.012121212121212121 renqiuchen 10Сʱ_mousemovements
196.94398547368425 462.1349638333333 577.4779837142858 846.4025650000001 2482.1659395 1059.4864195 860.618408 734.948944 464.69467457142855 880.7520612857143 212.43656418181817 315.31719540000006 141.6101023043478 143.9335642 295.5822667857143 489.2223479166667 0.0660377358490566 0.1320754716981132 0.10377358490566038 0.14150943396226415 0.2169811320754717 0.09433962264150944 0.1320754716981132 0.11320754716981132 111.49187280906152 143.99611850000002 136.95096764705883 0.9363636363636364 0.012121212121212121 0.051515151515151514 0.7169811320754716 0.11320754716981132 0.0660377358490566 0.03773584905660377 0.018867924528301886 0.018867924528301886 0.009433962264150943 0.018867924528301886 0.6233333333333333 0.22333333333333333 0.08 0.05 0.023333333333333334 renqiuchen 10Сʱ_mousemovements
274.8281166470588 670.0315278 0 3914.877197 1862.1132200000002 0 0 0 113.88307566666667 2077.475151 829.316513 79.662865 386.28092166666664 876.592621 476.484985 520.9838066666666 0.12 0.08 0.08 0.04 0.24 0.16 0.04 0.24 204.37441575675675 79.662865 114.492407 0.9367088607594937 0.012658227848101266 0.05063291139240506 0.68 0.2 0.0 0.04 0.08 0.0 0.0 0.0 0.7323943661971831 0.18309859154929578 0.028169014084507043 0.04225352112676056 0.014084507042253521 renqiuchen 10Сʱ_mousemovements
266.70726559999997 548.4949992307692 444.21792600000003 582.9342296666667 817.982666 1473.3803916666668 761.544434 0 452.356081 213.38724355555556 513.8800252222222 570.9314410909092 263.399175 274.7192141111111 322.6911253888889 633.0594054444445 0.10256410256410256 0.11538461538461539 0.11538461538461539 0.14102564102564102 0.0641025641025641 0.11538461538461539 0.23076923076923078 0.11538461538461539 123.5896468043478 116.76383959999998 160.6179802352941 0.9126984126984127 0.01984126984126984 0.06746031746031746 0.6410256410256411 0.16666666666666666 0.05128205128205128 0.07692307692307693 0.01282051282051282 0.038461538461538464 0.01282051282051282 0.0 0.6140350877192983 0.25877192982456143 0.07456140350877193 0.02631578947368421 0.02631578947368421 renqiuchen 10Сʱ_mousemovements
253.34456944444446 367.03154690909093 988.2932435 940.8412475 2345.971374666667 1906.5892743333334 592.608215 1827.762878 802.8768983333334 291.44577011111113 558.5044922 638.1770971176471 341.40734294444445 347.792122 303.69254433333333 761.5362525 0.1125 0.1125 0.125 0.2125 0.225 0.0625 0.075 0.075 185.15756462380952 104.91534266666667 85.049409625 0.9170305676855895 0.013100436681222707 0.06986899563318777 0.675 0.1375 0.05 0.025 0.0375 0.0375 0.0125 0.025 0.6208530805687204 0.2559241706161137 0.08056872037914692 0.02843601895734597 0.014218009478672985 renqiuchen 10Сʱ_mousemovements
262.60707731034483 626.6516114 723.819682 911.678772 5447.592285 1311.4898985 1104.068359 0 341.883535 656.7861073333333 586.9350307142857 379.171181 94.56823966666667 993.6129 919.9145773636362 97.92448275 0.07142857142857142 0.14285714285714285 0.16666666666666666 0.047619047619047616 0.07142857142857142 0.047619047619047616 0.2619047619047619 0.19047619047619047 207.2206971545455 20.141895 27.46042514285714 0.9322033898305084 0.00847457627118644 0.059322033898305086 0.6904761904761905 0.11904761904761904 0.07142857142857142 0.023809523809523808 0.023809523809523808 0.047619047619047616 0.023809523809523808 0.0 0.6055045871559633 0.3211009174311927 0.06422018348623854 0.009174311926605505 0.0 renqiuchen 10Сʱ_mousemovements
113.45644069090908 427.75307888888887 666.3103639999999 700.024396 1287.5408935 581.456543 0 0 150.9674308 257.85062454545454 439.20769057142854 186.56176058333332 95.33552581250001 257.58054763636363 388.43435383333343 456.0408158749999 0.06578947368421052 0.14473684210526316 0.09210526315789473 0.15789473684210525 0.21052631578947367 0.14473684210526316 0.07894736842105263 0.10526315789473684 93.50481984000002 0 54.111210400000004 0.9523809523809523 0.0 0.047619047619047616 0.7236842105263158 0.11842105263157894 0.02631578947368421 0.06578947368421052 0.02631578947368421 0.039473684210526314 0.0 0.0 0.47282608695652173 0.32608695652173914 0.13043478260869565 0.043478260869565216 0.02717391304347826 renqiuchen 10Сʱ_mousemovements
217.94786088888893 446.922132 718.5969632857142 1681.977305333333 0 1315.288574 0 0 109.59017266666667 332.743289875 760.2368404545455 372.56463777777776 306.97702216666664 214.44602260000002 442.7593135999999 268.7093776666667 0.08695652173913043 0.11594202898550725 0.15942028985507245 0.13043478260869565 0.08695652173913043 0.07246376811594203 0.21739130434782608 0.13043478260869565 141.4824443891892 93.1334095 72.057962 0.9438775510204082 0.01020408163265306 0.04591836734693878 0.6521739130434783 0.18840579710144928 0.10144927536231885 0.043478260869565216 0.0 0.014492753623188406 0.0 0.0 0.5056179775280899 0.29775280898876405 0.0898876404494382 0.06179775280898876 0.0449438202247191 renqiuchen 10Сʱ_mousemovements
166.1305037627119 317.7369116666667 453.1643033333333 658.77027125 346.822052 0 700.605103 0 262.3209828571429 199.66170790909092 303.41206086666665 228.129474375 152.47857439999999 235.22634976923075 232.74678276923075 491.3909235714286 0.07608695652173914 0.11956521739130435 0.16304347826086957 0.17391304347826086 0.10869565217391304 0.14130434782608695 0.14130434782608695 0.07608695652173914 85.14302671255065 126.08035275 124.29806819999999 0.9320754716981132 0.03018867924528302 0.03773584905660377 0.6413043478260869 0.1956521739130435 0.09782608695652174 0.043478260869565216 0.010869565217391304 0.0 0.010869565217391304 0.0 0.5148936170212766 0.2723404255319149 0.09361702127659574 0.06382978723404255 0.05531914893617021 renqiuchen 10Сʱ_mousemovements
151.7381337105263 403.4796937 230.91818733333332 648.16832 776.14158625 1985.587402 1104.372559 0 160.7923725 215.06095022222223 539.8556682857143 271.61815433333334 159.13712585714285 206.00591500000002 162.4561324 600.277411 0.06779661016949153 0.15254237288135594 0.11864406779661017 0.2542372881355932 0.11864406779661017 0.06779661016949153 0.0847457627118644 0.13559322033898305 115.16245881699345 178.447662 31.026610833333336 0.95625 0.00625 0.0375 0.6440677966101694 0.1694915254237288 0.05084745762711865 0.03389830508474576 0.06779661016949153 0.01694915254237288 0.01694915254237288 0.0 0.46853146853146854 0.3006993006993007 0.13286713286713286 0.04895104895104895 0.04895104895104895 renqiuchen 10Сʱ_mousemovements
190.06481353191487 397.34966842105257 470.54556275 476.6148503333334 850.345215 1489.64856 1017.9651693333334 0 176.45028283333332 246.1763515333333 358.2990266818182 272.644633 155.51424422222223 387.51763253333337 268.09552477272723 250.01758154545453 0.09375 0.1171875 0.171875 0.171875 0.0703125 0.1171875 0.171875 0.0859375 102.26302692771088 96.22068437499999 59.314742357142855 0.9378531073446328 0.022598870056497175 0.03954802259887006 0.734375 0.1484375 0.03125 0.046875 0.0078125 0.0078125 0.0234375 0.0 0.5283018867924528 0.3018867924528302 0.09119496855345911 0.05660377358490566 0.0220125786163522 renqiuchen 10Сʱ_mousemovements
202.66728779245284 412.29834421052624 434.93567219999994 601.5115722 0 727.864014 0 773.977173 307.0976865 308.2016716 487.71437641666665 243.95613669230772 282.64074371428575 202.12738671428573 278.0967270625 262.9137429166667 0.023809523809523808 0.17857142857142858 0.14285714285714285 0.15476190476190477 0.08333333333333333 0.08333333333333333 0.19047619047619047 0.14285714285714285 96.11977720472439 72.506171 61.629345333333326 0.951310861423221 0.0149812734082397 0.033707865168539325 0.6309523809523809 0.2261904761904762 0.05952380952380952 0.05952380952380952 0.0 0.011904761904761904 0.0 0.011904761904761904 0.5596707818930041 0.25925925925925924 0.06995884773662552 0.05761316872427984 0.053497942386831275 renqiuchen 10Сʱ_mousemovements
156.4231291960785 341.4823814 587.0183969999999 488.881119 1930.2308810000002 1036.670532 0 0 153.40905500000002 234.1902000625 334.9189388571428 152.44549066666667 89.44125737499999 602.9289831666667 199.347794125 472.77217099999996 0.10144927536231885 0.2318840579710145 0.10144927536231885 0.13043478260869565 0.11594202898550725 0.17391304347826086 0.11594202898550725 0.028985507246376812 100.21453698907101 148.066882 24.206332250000003 0.9581151832460733 0.020942408376963352 0.020942408376963352 0.7391304347826086 0.14492753623188406 0.043478260869565216 0.028985507246376812 0.028985507246376812 0.014492753623188406 0.0 0.0 0.5310734463276836 0.288135593220339 0.07909604519774012 0.062146892655367235 0.03954802259887006 renqiuchen 10Сʱ_mousemovements
185.82231821874998 434.4383195714285 768.1290994999999 760.9547042500001 601.557953 1391.844971 1626.420288 0 372.83696560000004 257.62843815384616 396.42067063636364 290.5578681 226.703449 189.3810174444444 395.29895484615383 343.2153711428572 0.05434782608695652 0.14130434782608695 0.2391304347826087 0.10869565217391304 0.06521739130434782 0.09782608695652174 0.14130434782608695 0.15217391304347827 124.72468757510731 138.93623399999998 42.501228833333336 0.9433198380566802 0.008097165991902834 0.048582995951417005 0.6956521739130435 0.15217391304347827 0.06521739130434782 0.043478260869565216 0.021739130434782608 0.010869565217391304 0.010869565217391304 0.0 0.5176991150442478 0.26991150442477874 0.09292035398230089 0.09734513274336283 0.022123893805309734 renqiuchen 10Сʱ_mousemovements
150.16520632812504 476.7869773076924 497.88960057142856 0 374.743622 0 0 0 285.3818116666667 212.03616672727273 365.36598825000004 177.18985608333332 177.09651176923077 242.95014229999998 151.78920407692306 310.4509472 0.10588235294117647 0.12941176470588237 0.1411764705882353 0.1411764705882353 0.15294117647058825 0.11764705882352941 0.15294117647058825 0.058823529411764705 86.61938395000003 51.5959384 44.31632187500001 0.944206008583691 0.02145922746781116 0.034334763948497854 0.7529411764705882 0.15294117647058825 0.08235294117647059 0.0 0.011764705882352941 0.0 0.0 0.0 0.5071090047393365 0.2843601895734597 0.11848341232227488 0.07582938388625593 0.014218009478672985 renqiuchen 10Сʱ_mousemovements
