155.0206353 254.605774 425.860321 994.7191465000001 1266.3708393333334 0 1202.422974 0 312.113655 310.5561095 1478.0955425 388.27698525000005 8.72093 446.31847175 1370.267822 294.024109 0.1111111111111111 0.1111111111111111 0.1111111111111111 0.2222222222222222 0.1111111111111111 0.2222222222222222 0.05555555555555555 0.05555555555555555 190.7335487272727 17.44186 270.642743 0.9166666666666666 0.020833333333333332 0.0625 0.5555555555555556 0.05555555555555555 0.05555555555555555 0.1111111111111111 0.16666666666666666 0.0 0.05555555555555555 0.0 0.5952380952380952 0.23809523809523808 0.11904761904761904 0.047619047619047616 0.0 renqiuchen 3Сʱ_mousemovements
0 0 0 0 0 1557.520874 0 0 1557.520874 0 0 0 0 0 0 0 1.0 0.0 0.0 0.0 0.0 0.0 0.0 0.0 778.760437 0 0 1.0 0.0 0.0 0.0 0.0 0.0 0.0 0.0 1.0 0.0 0.0 0.0 1.0 0.0 0.0 0.0 renqiuchen 3Сʱ_mousemovements
0 0 0 0 0 0 0 0 0 0 0 0 0 0 0 0 0 0 0 0 0 0 0 0 0 0 0 0 0 0 0 0 0 0 0 0 0 0 0 0 0 0 0 renqiuchen 3Сʱ_mousemovements
143.57088781818183 1137.0103353333332 671.5466156666666 1330.8375446666666 0 0 1118.8726805000001 2521.038086 317.0953065 929.80059625 1435.625488 1345.008896 564.6244976666666 605.9565913333333 104.47484333333334 817.0864255 0.08695652173913043 0.17391304347826086 0.043478260869565216 0.08695652173913043 0.13043478260869565 0.2608695652173913 0.13043478260869565 0.08695652173913043 237.108421625 0 116.26154319999998 0.927536231884058 0.0 0.07246376811594203 0.4782608695652174 0.13043478260869565 0.13043478260869565 0.13043478260869565 0.0 0.0 0.08695652173913043 0.043478260869565216 0.5538461538461539 0.2923076923076923 0.12307692307692308 0.015384615384615385 0.015384615384615385 renqiuchen 3Сʱ_mousemovements
221.27423275 425.658203 641.878601 777.6169496 1863.9616496666665 669.260742 2129.236572 3537.860107 304.122378 1426.71557625 3537.860107 0 1221.5656126666665 769.8314616666667 415.8461 610.916992 0.17647058823529413 0.23529411764705882 0.058823529411764705 0.0 0.17647058823529413 0.17647058823529413 0.058823529411764705 0.11764705882352941 313.6609802037038 0 207.8169805 0.9310344827586207 0.0 0.06896551724137931 0.23529411764705882 0.058823529411764705 0.058823529411764705 0.29411764705882354 0.17647058823529413 0.058823529411764705 0.058823529411764705 0.058823529411764705 0.5789473684210527 0.22807017543859648 0.10526315789473684 0.017543859649122806 0.07017543859649122 renqiuchen 3Сʱ_mousemovements
185.25606178947373 676.3645338181818 954.5498859999999 999.8590189999999 845.3175046666667 1531.94338975 968.51416 0 251.84067081818182 163.86773433333335 1245.867698625 651.3253808181818 206.88598757142856 280.81526199999996 527.8384665833333 367.5888305 0.16666666666666666 0.045454545454545456 0.12121212121212122 0.16666666666666666 0.10606060606060606 0.06060606060606061 0.18181818181818182 0.15151515151515152 164.76760676373618 0 175.71057611764707 0.914572864321608 0.0 0.08542713567839195 0.5757575757575758 0.16666666666666666 0.045454545454545456 0.09090909090909091 0.045454545454545456 0.06060606060606061 0.015151515151515152 0.0 0.5376344086021505 0.2956989247311828 0.07526881720430108 0.053763440860215055 0.03763440860215054 renqiuchen 3Сʱ_mousemovements
356.5096503571429 639.4636075 1340.535645 423.97644 0 1278.44519 1157.88623 0 202.545715 367.674886 565.5461576666667 699.5874555 479.186964 1278.44519 425.33897400000006 602.8512143333334 0.09090909090909091 0.13636363636363635 0.13636363636363635 0.18181818181818182 0.09090909090909091 0.045454545454545456 0.18181818181818182 0.13636363636363635 187.14400570689656 0 179.0961418 0.9206349206349206 0.0 0.07936507936507936 0.6363636363636364 0.18181818181818182 0.045454545454545456 0.045454545454545456 0.0 0.045454545454545456 0.045454545454545456 0.0 0.6666666666666666 0.24561403508771928 0.07017543859649122 0.017543859649122806 0.0 renqiuchen 3Сʱ_mousemovements
180.77873711111113 326.213946 801.8603820000001 619.067191 469.328766 1429.183675 1590.235229 2225.204102 745.79991725 901.3253494 469.328766 603.730301 379.5091895 468.12481488888886 814.1805420000001 674.0210569999999 0.14814814814814814 0.18518518518518517 0.037037037037037035 0.07407407407407407 0.07407407407407407 0.3333333333333333 0.07407407407407407 0.07407407407407407 225.44494381081083 0 72.03914216666666 0.925 0.0 0.075 0.3333333333333333 0.1111111111111111 0.07407407407407407 0.25925925925925924 0.037037037037037035 0.1111111111111111 0.037037037037037035 0.037037037037037035 0.38461538461538464 0.3230769230769231 0.2 0.046153846153846156 0.046153846153846156 renqiuchen 3Сʱ_mousemovements
167.89637041666666 475.401418 234.790176 531.5923615 1131.2068485 1212.31374375 0 1376.287231 781.7417314 486.81259866666664 280.37225324999997 651.4174111428572 38.05228366666667 844.2926836666666 279.5617065 886.2645976666666 0.16666666666666666 0.1 0.13333333333333333 0.23333333333333334 0.1 0.1 0.06666666666666667 0.1 158.82798022471908 258.488899 205.71285581818182 0.8725490196078431 0.0196078431372549 0.10784313725490197 0.4 0.2 0.03333333333333333 0.06666666666666667 0.13333333333333333 0.13333333333333333 0.0 0.03333333333333333 0.45555555555555555 0.3888888888888889 0.05555555555555555 0.06666666666666667 0.03333333333333333 renqiuchen 3Сʱ_mousemovements
296.275988 612.5425720000001 554.928711 0 0 0 757.952026 0 193.7655375 314.1321375 458.71411149999994 522.6027525 0 643.966812 144.81234566666666 38.32085 0.1111111111111111 0.1111111111111111 0.2222222222222222 0.1111111111111111 0.0 0.2222222222222222 0.16666666666666666 0.05555555555555555 144.02794354166664 0 15.570573 0.96 0.0 0.04 0.7222222222222222 0.1111111111111111 0.1111111111111111 0.0 0.0 0.0 0.05555555555555555 0.0 0.6222222222222222 0.2 0.044444444444444446 0.044444444444444446 0.08888888888888889 renqiuchen 3Сʱ_mousemovements
143.84095968421053 1075.5314088 814.310303 0 0 2086.881897 0 0 13.526259000000001 102.59287666666667 2843.817627 948.1294612500001 255.24431919999998 311.18573 255.91611874999998 638.351793 0.1111111111111111 0.1111111111111111 0.037037037037037035 0.14814814814814814 0.18518518518518517 0.07407407407407407 0.14814814814814814 0.18518518518518517 211.09409114516131 0 10.875724 0.9841269841269841 0.0 0.015873015873015872 0.7037037037037037 0.18518518518518517 0.037037037037037035 0.0 0.0 0.07407407407407407 0.0 0.0 0.56 0.24 0.14 0.02 0.04 renqiuchen 3Сʱ_mousemovements
193.1430548387097 599.820186625 652.93638125 512.8877153333334 987.901733 0 1107.384033 1181.063477 609.1710815999999 191.9338991818182 514.9781888333333 374.16036988235294 440.72017675 359.6317086666666 291.07707066666666 625.4422167500001 0.09433962264150944 0.20754716981132076 0.11320754716981132 0.32075471698113206 0.07547169811320754 0.05660377358490566 0.05660377358490566 0.07547169811320754 118.09058300628932 483.571289 173.8361827777778 0.9408284023668639 0.005917159763313609 0.05325443786982249 0.5849056603773585 0.1509433962264151 0.1509433962264151 0.05660377358490566 0.018867924528301886 0.0 0.018867924528301886 0.018867924528301886 0.5686274509803921 0.21568627450980393 0.11764705882352941 0.06535947712418301 0.032679738562091505 renqiuchen 3Сʱ_mousemovements
291.7661178 583.173096 0 463.911896 0 945.504211 0 0 106.694176 0 913.011108 182.791397 189.951813 66.382095 704.7080535 583.173096 0.125 0.0 0.125 0.125 0.125 0.125 0.25 0.125 169.25188484999998 0 66.382095 0.9523809523809523 0.0 0.047619047619047616 0.625 0.125 0.0 0.125 0.0 0.125 0.0 0.0 0.4117647058823529 0.23529411764705882 0.29411764705882354 0.058823529411764705 0.0 renqiuchen 3Сʱ_mousemovements
154.7930589333333 309.8331835 312.02253733333333 381.591705 628.6491699999999 1099.1710815000001 1110.1399536666668 504.741638 468.3132095 341.36403399999995 204.29026566666664 748.4830320000001 197.86508149999997 619.6464042499999 260.4909202 38.46154 0.2 0.2 0.1 0.1 0.06666666666666667 0.13333333333333333 0.16666666666666666 0.03333333333333333 102.43673677659572 0 255.8402242222222 0.912621359223301 0.0 0.08737864077669903 0.5 0.06666666666666667 0.1 0.06666666666666667 0.06666666666666667 0.06666666666666667 0.1 0.03333333333333333 0.5824175824175825 0.17582417582417584 0.13186813186813187 0.10989010989010989 0.0 renqiuchen 3Сʱ_mousemovements
0 0 0 0 0 0 0 0 0 0 0 0 0 0 0 0 0 0 0 0 0 0 0 0 0 0 0 0 0 0 0 0 0 0 0 0 0 0 0 0 0 0 0 renqiuchen 3Сʱ_mousemovements
291.10458766666665 257.0346717142857 841.3784592 1328.82044975 1276.8002625 2001.4425760000001 1897.4569095 624.858398 1086.6216508333332 621.8187812857142 1190.9870096666666 496.757797 600.26512575 748.7839334666666 363.1083948888889 711.9297546 0.1016949152542373 0.11864406779661017 0.1016949152542373 0.05084745762711865 0.13559322033898305 0.2542372881355932 0.15254237288135594 0.0847457627118644 201.5006877526882 38.627419 255.38977984210524 0.9029126213592233 0.0048543689320388345 0.09223300970873786 0.4576271186440678 0.11864406779661017 0.1694915254237288 0.06779661016949153 0.03389830508474576 0.1016949152542373 0.03389830508474576 0.01694915254237288 0.634020618556701 0.24742268041237114 0.08247422680412371 0.030927835051546393 0.005154639175257732 renqiuchen 3Сʱ_mousemovements
737.7400670000001 0 0 0 542.276001 0 1387.322021 675.885071 1213.75 435.302155 0 0 675.885071 542.276001 0 0 0.4 0.2 0.0 0.0 0.2 0.2 0.0 0.0 220.21555038461537 0 609.0805359999999 0.8666666666666667 0.0 0.13333333333333333 0.4 0.0 0.0 0.0 0.2 0.0 0.2 0.2 0.8181818181818182 0.0 0.09090909090909091 0.0 0.09090909090909091 renqiuchen 3Сʱ_mousemovements
291.45039155555554 357.234711 1052.464478 2422.3021544999997 0 0 0 0 143.12723549999998 806.1338603333334 1033.6892898 210.135897 0 583.982727 0 0 0.15384615384615385 0.23076923076923078 0.38461538461538464 0.15384615384615385 0.0 0.07692307692307693 0.0 0.0 237.60239538888885 63.037083 86.87790166666666 0.9 0.025 0.075 0.6923076923076923 0.07692307692307693 0.07692307692307693 0.15384615384615385 0.0 0.0 0.0 0.0 0.5405405405405406 0.2972972972972973 0.13513513513513514 0.02702702702702703 0.0 renqiuchen 3Сʱ_mousemovements
0 0 0 0 0 0 0 0 0 0 0 0 0 0 0 0 0 0 0 0 0 0 0 0 0 0 0 0 0 0 0 0 0 0 0 0 0 0 0 0 0 0 0 renqiuchen 3Сʱ_mousemovements
199.2470395 0 462.850952 1043.345825 0 0 0 0 0 612.2826765000001 462.850952 0 0 0 217.274551 0 0.0 0.5 0.25 0.0 0.0 0.0 0.25 0.0 158.724238 0 0 1.0 0.0 0.0 0.5 0.0 0.25 0.25 0.0 0.0 0.0 0.0 0.3 0.4 0.2 0.0 0.1 renqiuchen 3Сʱ_mousemovements
