127.8692925789474 357.044586 537.424225 0 0 645.170532 0 0 150.41914530769233 93.85958385714287 384.271454 438.5259196666666 123.20325959999998 139.49971 189.9314195 104.55773900000001 0.30952380952380953 0.16666666666666666 0.047619047619047616 0.07142857142857142 0.23809523809523808 0.07142857142857142 0.047619047619047616 0.047619047619047616 57.44175868333334 0 43.085644 0.9917355371900827 0.0 0.008264462809917356 0.9047619047619048 0.023809523809523808 0.047619047619047616 0.0 0.0 0.023809523809523808 0.0 0.0 0.5961538461538461 0.23076923076923078 0.10576923076923077 0.04807692307692308 0.019230769230769232 liyajie 2Сʱ_mousemovements
65.67036499999999 0 1069.204956 0 0 0 586.749512 0 0 0 323.9726925 85.09866683333333 33.59565240909091 94.736773 586.749512 574.605858 0.0 0.0 0.05714285714285714 0.17142857142857143 0.6285714285714286 0.05714285714285714 0.02857142857142857 0.05714285714285714 30.19751533600001 48.387096 0 0.9920634920634921 0.007936507936507936 0.0 0.9428571428571428 0.0 0.02857142857142857 0.0 0.0 0.0 0.02857142857142857 0.0 0.7019230769230769 0.15384615384615385 0.0673076923076923 0.0673076923076923 0.009615384615384616 liyajie 2Сʱ_mousemovements
70.4471706170213 190.33959600000003 253.6160064 217.38089 461.807251 0 0 739.039841 324.5742495 367.9361306 306.4077225 91.981064 104.0578223 79.24268891304348 100.10840300000001 63.99726257142857 0.03333333333333333 0.08333333333333333 0.03333333333333333 0.03333333333333333 0.16666666666666666 0.38333333333333336 0.15 0.11666666666666667 39.0884222611111 0 461.807251 0.994475138121547 0.0 0.0055248618784530384 0.7833333333333333 0.06666666666666667 0.08333333333333333 0.016666666666666666 0.016666666666666666 0.0 0.0 0.03333333333333333 0.6114649681528662 0.22929936305732485 0.07643312101910828 0.07006369426751592 0.012738853503184714 liyajie 2Сʱ_mousemovements
0 0 0 0 0 0 0 0 0 0 0 0 0 0 0 0 0 0 0 0 0 0 0 0 0 0 0 0 0 0 0 0 0 0 0 0 0 0 0 0 0 0 0 liyajie 2Сʱ_mousemovements
80.38223785897432 215.08634180000004 513.9017705714285 631.8111266666666 464.479065 594.255005 1610.1643980000001 0 139.88415258333333 166.17072716666667 330.349083 229.67546422222222 129.74977625 392.1109249 223.92758600000002 146.10983863636363 0.11650485436893204 0.11650485436893204 0.038834951456310676 0.08737864077669903 0.23300970873786409 0.0970873786407767 0.20388349514563106 0.10679611650485436 63.52846668864468 27.7602754 265.80479036363636 0.9446366782006921 0.01730103806228374 0.03806228373702422 0.7572815533980582 0.04854368932038835 0.06796116504854369 0.05825242718446602 0.038834951456310676 0.009708737864077669 0.019417475728155338 0.0 0.5741444866920152 0.2585551330798479 0.07984790874524715 0.053231939163498096 0.034220532319391636 liyajie 2Сʱ_mousemovements
110.48349299999994 432.98414920000005 314.281097 507.103546 792.0293983333335 0 972.031738 0 186.99053659999998 51.82828775 1325.10083 511.9309354 194.53620988888892 63.014626333333325 111.88796937037039 134.4185075714286 0.07352941176470588 0.058823529411764705 0.029411764705882353 0.07352941176470588 0.1323529411764706 0.1323529411764706 0.39705882352941174 0.10294117647058823 45.14274441666665 568.886169 407.71119899999997 0.9622641509433962 0.0047169811320754715 0.0330188679245283 0.8382352941176471 0.07352941176470588 0.014705882352941176 0.014705882352941176 0.04411764705882353 0.0 0.014705882352941176 0.0 0.6649484536082474 0.17525773195876287 0.09278350515463918 0.030927835051546393 0.03608247422680412 liyajie 2Сʱ_mousemovements
136.19158925 270.758759 314.88710533333335 551.068039 557.960861 789.529785 0 0 452.7261046666667 316.5551963333333 665.1318665 317.293793 63.112908399999995 84.7852745 402.845769 246.123637 0.11538461538461539 0.11538461538461539 0.07692307692307693 0.11538461538461539 0.19230769230769232 0.15384615384615385 0.11538461538461539 0.11538461538461539 54.385736692307695 0 421.35934442857143 0.9176470588235294 0.0 0.08235294117647059 0.6153846153846154 0.038461538461538464 0.11538461538461539 0.07692307692307693 0.07692307692307693 0.07692307692307693 0.0 0.0 0.6216216216216216 0.14864864864864866 0.0945945945945946 0.0945945945945946 0.04054054054054054 liyajie 2Сʱ_mousemovements
83.18788933333333 212.871067125 0 0 0 688.822205 374.489746 0 366.8312875 178.59864988888887 167.18312162499998 175.900467 54.161657 97.5113566 56.42008121428572 124.862942625 0.02631578947368421 0.11842105263157894 0.10526315789473684 0.02631578947368421 0.23684210526315788 0.19736842105263158 0.18421052631578946 0.10526315789473684 29.328577378995437 118.54981744444444 153.35487619999998 0.9399141630901288 0.03862660944206009 0.02145922746781116 0.868421052631579 0.10526315789473684 0.0 0.0 0.0 0.013157894736842105 0.013157894736842105 0.0 0.678391959798995 0.21608040201005024 0.035175879396984924 0.04020100502512563 0.03015075376884422 liyajie 2Сʱ_mousemovements
0 0 0 0 0 0 0 0 0 0 0 0 0 0 0 0 0 0 0 0 0 0 0 0 0 0 0 0 0 0 0 0 0 0 0 0 0 0 0 0 0 0 0 liyajie 2Сʱ_mousemovements
70.69969071698111 133.5512085 401.10168450000003 0 705.82348625 1096.177124 0 0 102.58734580000001 102.71165400000001 835.6845653333334 36.062279 140.27851944444444 112.32701589473682 91.1762147142857 97.490109 0.08196721311475409 0.03278688524590164 0.04918032786885246 0.01639344262295082 0.14754098360655737 0.3114754098360656 0.22950819672131148 0.13114754098360656 44.250276622641515 20.930212333333333 204.659480375 0.9352941176470588 0.01764705882352941 0.047058823529411764 0.8548387096774194 0.03225806451612903 0.03225806451612903 0.0 0.06451612903225806 0.016129032258064516 0.0 0.0 0.5714285714285714 0.21768707482993196 0.1360544217687075 0.013605442176870748 0.061224489795918366 liyajie 2Сʱ_mousemovements
91.65279053999998 283.6959335 461.26864633333327 546.3053281428571 678.6515024285715 454.5624572 855.1090496666666 587.7631835 428.3284857142857 304.8512442 535.6188312857142 367.987227 160.73329363157893 208.3353188333333 163.4243583888889 327.68753621052633 0.07526881720430108 0.053763440860215055 0.07526881720430108 0.12903225806451613 0.20430107526881722 0.06451612903225806 0.1935483870967742 0.20430107526881722 65.61448400398407 127.29003785714288 351.96458179999996 0.8869257950530035 0.024734982332155476 0.08833922261484099 0.5376344086021505 0.10752688172043011 0.0967741935483871 0.07526881720430108 0.07526881720430108 0.053763440860215055 0.03225806451612903 0.021505376344086023 0.5877862595419847 0.2366412213740458 0.0648854961832061 0.06870229007633588 0.04198473282442748 liyajie 2Сʱ_mousemovements
95.57693557894737 232.4070327692308 472.75629879999997 455.6536211428571 552.9490644 848.110535 646.926117 1147.504883 205.96282581818184 340.0835366 315.84326599999997 257.2503910769231 173.5205095 361.2579234444445 182.09414629411762 119.56562571428572 0.11458333333333333 0.10416666666666667 0.14583333333333334 0.13541666666666666 0.08333333333333333 0.09375 0.17708333333333334 0.14583333333333334 57.11536336329587 16.784340875 225.98227718181823 0.8668831168831169 0.025974025974025976 0.10714285714285714 0.59375 0.13541666666666666 0.052083333333333336 0.07291666666666667 0.10416666666666667 0.010416666666666666 0.020833333333333332 0.010416666666666666 0.6183745583038869 0.18374558303886926 0.07420494699646643 0.07773851590106007 0.045936395759717315 liyajie 2Сʱ_mousemovements
97.85864631999999 177.353264 260.1110198 0 414.2535705 415.2397153333333 841.151489 1093.9111937500002 312.1028136 162.4524563636364 577.6079255000001 500.8780272 106.32854674999999 195.22321333333332 78.43320177777778 216.4870675 0.07246376811594203 0.15942028985507245 0.057971014492753624 0.07246376811594203 0.11594202898550725 0.08695652173913043 0.2608695652173913 0.17391304347826086 45.63690201639343 69.23766600000002 412.13125315384616 0.9014778325123153 0.034482758620689655 0.06403940886699508 0.7246376811594203 0.057971014492753624 0.07246376811594203 0.0 0.028985507246376812 0.043478260869565216 0.014492753623188406 0.057971014492753624 0.6978021978021978 0.15384615384615385 0.03296703296703297 0.04395604395604396 0.07142857142857142 liyajie 2Сʱ_mousemovements
47.83692624193549 205.92309833333334 367.3771537142857 349.87251549999996 364.2466925 348.22332775 1149.742432 0 243.0717534285714 223.23578412499998 257.4391445 169.12682074999998 86.26822265000001 147.43001999999998 100.21298178260871 163.09998814285717 0.07777777777777778 0.08888888888888889 0.044444444444444446 0.044444444444444446 0.2222222222222222 0.18888888888888888 0.25555555555555554 0.07777777777777778 30.764540303135888 94.2860718 154.9820957 0.9053627760252366 0.031545741324921134 0.06309148264984227 0.6888888888888889 0.06666666666666667 0.07777777777777778 0.06666666666666667 0.044444444444444446 0.044444444444444446 0.011111111111111112 0.0 0.6129032258064516 0.1935483870967742 0.12186379928315412 0.043010752688172046 0.02867383512544803 liyajie 2Сʱ_mousemovements
49.336118660714256 66.001732 482.3857727999999 653.9511666666667 594.1162616666667 678.144592 475.627563 0 143.519973 197.650203 792.9747010000001 260.46708187499996 52.64978359999999 66.33520467857144 95.13814889743593 41.94651152631579 0.023809523809523808 0.05555555555555555 0.015873015873015872 0.06349206349206349 0.15873015873015872 0.2222222222222222 0.30952380952380953 0.15079365079365079 28.896392070886066 57.39170949999999 114.11070628571427 0.9541062801932367 0.028985507246376812 0.016908212560386472 0.8888888888888888 0.007936507936507936 0.03968253968253968 0.023809523809523808 0.023809523809523808 0.007936507936507936 0.007936507936507936 0.0 0.6432432432432432 0.23513513513513515 0.06486486486486487 0.03513513513513514 0.021621621621621623 liyajie 2Сʱ_mousemovements
59.973342046153846 311.38764000000003 240.477844 394.251617 1023.459961 0 1018.303955 781.345642 351.75383750000003 382.96657033333327 0 339.889427 61.43001415151515 64.61578347368422 32.975861625 454.1648825 0.027777777777777776 0.041666666666666664 0.0 0.06944444444444445 0.4583333333333333 0.2638888888888889 0.1111111111111111 0.027777777777777776 26.110029596566534 0 473.811159 0.9831223628691983 0.0 0.016877637130801686 0.9027777777777778 0.027777777777777776 0.013888888888888888 0.013888888888888888 0.013888888888888888 0.0 0.013888888888888888 0.013888888888888888 0.6910994764397905 0.2094240837696335 0.07853403141361257 0.010471204188481676 0.010471204188481676 liyajie 2Сʱ_mousemovements
60.07231284615386 0 0 360.277679 0 0 0 0 360.277679 42.553192 0 72.4899765 56.053371125 0 0 0 0.07142857142857142 0.07142857142857142 0.0 0.2857142857142857 0.5714285714285714 0.0 0.0 0.0 16.615746106382982 0 360.277679 0.9791666666666666 0.0 0.020833333333333332 0.9285714285714286 0.0 0.0 0.07142857142857142 0.0 0.0 0.0 0.0 0.5581395348837209 0.27906976744186046 0.046511627906976744 0.046511627906976744 0.06976744186046512 liyajie 2Сʱ_mousemovements
54.4179563 440.0439605 0 473.07333000000006 457.280914 0 489.943985 494.633759 137.55808566666667 0 458.002838 342.2562715 164.74472599999999 69.27819047058824 35.36658366666666 334.9272662857143 0.075 0.0 0.025 0.05 0.175 0.425 0.075 0.175 57.59120043137254 0.0 231.2100645 0.9622641509433962 0.018867924528301886 0.018867924528301886 0.75 0.05 0.0 0.1 0.025 0.0 0.05 0.025 0.5978260869565217 0.21739130434782608 0.13043478260869565 0.03260869565217391 0.021739130434782608 liyajie 2Сʱ_mousemovements
47.383376442857156 218.330948 0 779.0375442499999 0 516.146179 0 0 103.12500666666666 287.13348325 0 277.936943 55.5247543125 79.82924988461538 57.28518957894737 57.034221 0.03896103896103896 0.1038961038961039 0.0 0.025974025974025976 0.2077922077922078 0.33766233766233766 0.24675324675324675 0.03896103896103896 30.331924699074076 17.3545994 124.55431183333332 0.9515418502202643 0.022026431718061675 0.02643171806167401 0.9090909090909091 0.025974025974025976 0.0 0.05194805194805195 0.0 0.012987012987012988 0.0 0.0 0.6091370558375635 0.18781725888324874 0.07614213197969544 0.04060913705583756 0.08629441624365482 liyajie 2Сʱ_mousemovements
45.74788055384616 180.9555435 0 630.49943575 0 0 0 0 176.25242966666667 171.5503982 0 186.132233 76.94151563157895 101.78256094736842 37.19567473333334 36.798553 0.04225352112676056 0.07042253521126761 0.0 0.014084507042253521 0.2676056338028169 0.2676056338028169 0.2112676056338028 0.1267605633802817 16.007490882575755 30.70084875 301.74801560000003 0.967032967032967 0.014652014652014652 0.018315018315018316 0.9154929577464789 0.028169014084507043 0.0 0.056338028169014086 0.0 0.0 0.0 0.0 0.6569037656903766 0.16317991631799164 0.08368200836820083 0.04602510460251046 0.0502092050209205 liyajie 2Сʱ_mousemovements
48.53050309722223 251.39499228571427 735.2680359999999 466.69351166666667 0 365.7505493333333 1117.677856 704.806503 311.97745275 179.2334535 236.548401 111.85691800000001 103.65878066666667 41.24820645454545 143.8158848 210.39312909999998 0.04395604395604396 0.06593406593406594 0.04395604395604396 0.06593406593406594 0.32967032967032966 0.12087912087912088 0.21978021978021978 0.10989010989010989 37.587091869888475 316.1106115 184.83636049999998 0.96415770609319 0.014336917562724014 0.021505376344086023 0.7912087912087912 0.07692307692307693 0.03296703296703297 0.03296703296703297 0.0 0.03296703296703297 0.01098901098901099 0.02197802197802198 0.5867768595041323 0.25206611570247933 0.09090909090909091 0.05371900826446281 0.01652892561983471 liyajie 2Сʱ_mousemovements
53.60857907042254 196.42645266666668 430.38180550000004 543.016541 220.077469 890.4428102000002 0 0 748.676367 46.199402 236.9846243333333 254.11779149999998 130.2588143636364 65.82088418181819 43.839482062500004 64.91820239130436 0.046511627906976744 0.011627906976744186 0.03488372093023256 0.06976744186046512 0.2558139534883721 0.12790697674418605 0.18604651162790697 0.26744186046511625 34.93807534050179 0 218.852747 0.9789473684210527 0.0 0.021052631578947368 0.8255813953488372 0.06976744186046512 0.023255813953488372 0.011627906976744186 0.011627906976744186 0.05813953488372093 0.0 0.0 0.615686274509804 0.1803921568627451 0.12549019607843137 0.058823529411764705 0.0196078431372549 liyajie 2Сʱ_mousemovements
84.38285440000001 285.5509994 673.8899385 410.87973775 651.52452075 669.4486390000001 710.3651884999999 747.0526885 284.28956450000004 285.70437174999995 361.5592254 636.6453154999999 201.35287915789473 84.98256850000001 116.34700736842105 304.33899600000007 0.07476635514018691 0.07476635514018691 0.04672897196261682 0.09345794392523364 0.17757009345794392 0.16822429906542055 0.17757009345794392 0.18691588785046728 56.77349246570395 62.716967125000004 483.7605532857143 0.9052287581699346 0.026143790849673203 0.06862745098039216 0.6542056074766355 0.09345794392523364 0.037383177570093455 0.037383177570093455 0.037383177570093455 0.028037383177570093 0.07476635514018691 0.037383177570093455 0.5921985815602837 0.16312056737588654 0.11347517730496454 0.0673758865248227 0.06382978723404255 liyajie 2Сʱ_mousemovements
78.03619255555553 241.71391854545453 395.26660759999993 471.5763306 626.3046447999999 685.59363575 571.0604860000001 797.7185304 169.34492816666665 85.23771081818182 334.91719824999996 222.09368716666665 143.17219400000002 287.29880766666673 211.55389044999993 281.3639383333333 0.10714285714285714 0.09821428571428571 0.14285714285714285 0.10714285714285714 0.09821428571428571 0.13392857142857142 0.17857142857142858 0.13392857142857142 53.63232447909969 118.96158009999999 438.8351643529411 0.9201183431952663 0.029585798816568046 0.05029585798816568 0.6428571428571429 0.09821428571428571 0.044642857142857144 0.044642857142857144 0.044642857142857144 0.03571428571428571 0.044642857142857144 0.044642857142857144 0.6065573770491803 0.16065573770491803 0.14426229508196722 0.05245901639344262 0.036065573770491806 liyajie 2Сʱ_mousemovements
