132.52171187179485 617.4220835 438.344574 1363.1698303333333 0 0 0 0 226.50231150000002 395.4064495 177.287521 550.3147735 326.6589916666667 181.4200591111111 275.54444907407407 275.51370233333336 0.04081632653061224 0.04081632653061224 0.02040816326530612 0.04081632653061224 0.061224489795918366 0.1836734693877551 0.5510204081632653 0.061224489795918366 80.99804946308727 0 666.0119794999999 0.9867549668874173 0.0 0.013245033112582781 0.7959183673469388 0.12244897959183673 0.02040816326530612 0.061224489795918366 0.0 0.0 0.0 0.0 0.5819672131147541 0.23770491803278687 0.10655737704918032 0.04918032786885246 0.02459016393442623 liyajie 7Сʱ_mousemovements
140.23552946969698 450.30375059999994 508.18121350000007 607.468033 213.584839 0 643.334106 1508.995728 335.2916015 143.69672714285713 332.34996 151.571294 171.8089114210526 186.833683125 342.9504867857143 177.9928867826087 0.05 0.0875 0.025 0.0375 0.2375 0.1 0.175 0.2875 73.62553896774195 16.129032 187.96138383333331 0.96875 0.004464285714285714 0.026785714285714284 0.825 0.0625 0.05 0.025 0.0125 0.0 0.0125 0.0125 0.5803108808290155 0.24352331606217617 0.10880829015544041 0.05181347150259067 0.015544041450777202 liyajie 7Сʱ_mousemovements
106.51176562857141 251.53951120000002 441.5484314 0 273.4240345 797.06073 962.983673 0 167.11613499999999 300.9576125714285 324.49443825000003 278.824554 123.32840283333333 610.95536425 156.666994125 61.83012442857143 0.14 0.14 0.08 0.02 0.24 0.08 0.16 0.14 75.02757843165467 8.59856325 0 0.972027972027972 0.027972027972027972 0.0 0.7 0.1 0.1 0.0 0.04 0.02 0.04 0.0 0.628099173553719 0.19008264462809918 0.0743801652892562 0.049586776859504134 0.05785123966942149 liyajie 7Сʱ_mousemovements
105.63760826086957 307.81841299999996 850.3532255 3218.70752 0 864.119141 1279.432861 0 93.47510533333333 159.044369 533.94025725 310.398865 174.85409112500002 292.5000558333333 63.69578571428571 308.1123295 0.05454545454545454 0.2545454545454545 0.14545454545454545 0.01818181818181818 0.14545454545454545 0.10909090909090909 0.12727272727272726 0.14545454545454545 91.06436030069928 43.788694 0 0.9794520547945206 0.02054794520547945 0.0 0.8363636363636363 0.07272727272727272 0.03636363636363636 0.01818181818181818 0.0 0.01818181818181818 0.01818181818181818 0.0 0.5606060606060606 0.24242424242424243 0.12878787878787878 0.045454545454545456 0.022727272727272728 liyajie 7Сʱ_mousemovements
164.04459188 91.152748 585.5718283333333 410.80191 1927.5962675 950.649536 3429.4970705 988.44043 983.8338777499999 267.92508433333336 353.33288775000005 2408.047317666667 69.962906 372.208579 213.00905483333335 222.5636655 0.10526315789473684 0.3157894736842105 0.10526315789473684 0.07894736842105263 0.02631578947368421 0.10526315789473684 0.15789473684210525 0.10526315789473684 142.04590636000003 43.0427265 198.388379875 0.9124087591240876 0.029197080291970802 0.058394160583941604 0.6578947368421053 0.05263157894736842 0.07894736842105263 0.05263157894736842 0.05263157894736842 0.02631578947368421 0.05263157894736842 0.02631578947368421 0.59375 0.2265625 0.078125 0.0625 0.0390625 liyajie 7Сʱ_mousemovements
144.10706135897436 371.35917666666677 442.2071495 555.8224183333333 1331.5802002 1415.6470645 941.6262815 1076.1177065 393.4337680000001 215.17840550000003 339.7533270833333 381.499919 249.17435354545458 371.1494108235295 441.1047457058823 112.44666855555555 0.08181818181818182 0.2727272727272727 0.10909090909090909 0.045454545454545456 0.1 0.15454545454545454 0.15454545454545454 0.08181818181818182 80.59493511746031 79.34247729411763 523.5251913846155 0.9130434782608695 0.04927536231884058 0.03768115942028986 0.7090909090909091 0.10909090909090909 0.05454545454545454 0.02727272727272727 0.045454545454545456 0.01818181818181818 0.01818181818181818 0.01818181818181818 0.5814696485623003 0.2715654952076677 0.0926517571884984 0.02875399361022364 0.025559105431309903 liyajie 7Сʱ_mousemovements
150.4046631785714 374.1054445 471.689636 1065.381348 1535.849304 1336.6034547499999 1012.0770263333334 1298.1131590000002 246.2078578333333 623.65359575 165.744232 2549.230225 375.84722325 622.8633404375 429.0559538571428 236.1937856 0.125 0.16666666666666666 0.020833333333333332 0.020833333333333332 0.08333333333333333 0.3333333333333333 0.14583333333333334 0.10416666666666667 121.11021794736843 180.044626 359.2896796875 0.8837209302325582 0.023255813953488372 0.09302325581395349 0.5714285714285714 0.12244897959183673 0.02040816326530612 0.02040816326530612 0.061224489795918366 0.08163265306122448 0.061224489795918366 0.061224489795918366 0.6486486486486487 0.18243243243243243 0.10135135135135136 0.06756756756756757 0.0 liyajie 7Сʱ_mousemovements
0 0 0 0 0 0 0 0 0 0 0 0 0 0 0 0 0 0 0 0 0 0 0 0 0 0 0 0 0 0 0 0 0 0 0 0 0 0 0 0 0 0 0 liyajie 7Сʱ_mousemovements
0 0 0 0 0 0 0 0 0 0 0 0 0 0 0 0 0 0 0 0 0 0 0 0 0 0 0 0 0 0 0 0 0 0 0 0 0 0 0 0 0 0 0 liyajie 7Сʱ_mousemovements
781.8599992499999 241.3188705 530.9627760000001 950.60662075 898.6028745 0 0 0 684.766418 186.83664 0 1672.7752380000002 571.1978349999999 155.50322 140.39386625 1239.9170111666667 0.05 0.15 0.0 0.1 0.15 0.05 0.2 0.3 217.01472112727276 143.33260825000002 325.31016266666666 0.8461538461538461 0.06153846153846154 0.09230769230769231 0.4 0.1 0.2 0.2 0.1 0.0 0.0 0.0 0.5645161290322581 0.27419354838709675 0.08064516129032258 0.06451612903225806 0.016129032258064516 liyajie 7Сʱ_mousemovements
205.46809350000004 634.0361533333333 951.361145 395.066772 1202.1427 520.783081 0 1001.952942 1215.440796 485.63117575 607.314214 1250.098297 473.01935119999996 0 540.4502545 0 0.05263157894736842 0.21052631578947367 0.15789473684210525 0.10526315789473684 0.2631578947368421 0.0 0.21052631578947367 0.0 182.58695288461539 5.319149 420.03188066666667 0.8666666666666667 0.03333333333333333 0.1 0.4 0.15 0.05 0.05 0.15 0.05 0.0 0.15 0.6296296296296297 0.2037037037037037 0.1111111111111111 0.018518518518518517 0.037037037037037035 liyajie 7Сʱ_mousemovements
153.75311708928572 523.9840926666667 400.30190999999996 818.084595 735.458618 513.151367 0 869.1629433333333 333.90483566666666 156.83761576923078 300.4565416666666 179.025818 341.5617466 601.8867646666666 140.01373600000002 199.2005018 0.04225352112676056 0.36619718309859156 0.16901408450704225 0.014084507042253521 0.2112676056338028 0.04225352112676056 0.08450704225352113 0.07042253521126761 72.26941400507616 113.23977266666668 387.5221511428571 0.9380952380952381 0.02857142857142857 0.03333333333333333 0.7887323943661971 0.08450704225352113 0.04225352112676056 0.014084507042253521 0.014084507042253521 0.014084507042253521 0.0 0.04225352112676056 0.6062176165803109 0.20207253886010362 0.10880829015544041 0.06217616580310881 0.02072538860103627 liyajie 7Сʱ_mousemovements
256.00495323999996 249.392204 418.209076 853.909119 643.972107 614.5902862500001 1305.3545835 1223.4927522500002 395.1782726666667 432.4515024444444 243.85328666666666 426.08646633333336 362.73877550000003 958.4125398 435.6338881666666 458.44768439999996 0.14634146341463414 0.21951219512195122 0.07317073170731707 0.07317073170731707 0.0975609756097561 0.12195121951219512 0.14634146341463414 0.12195121951219512 106.06154730769231 64.152727 546.9784870833333 0.8602941176470589 0.051470588235294115 0.08823529411764706 0.6097560975609756 0.04878048780487805 0.024390243902439025 0.024390243902439025 0.04878048780487805 0.0975609756097561 0.04878048780487805 0.0975609756097561 0.6896551724137931 0.15517241379310345 0.11206896551724138 0.034482758620689655 0.008620689655172414 liyajie 7Сʱ_mousemovements
149.41268465 344.08579850000007 488.1510134 323.1772278 665.6292113333334 597.339727 1620.7510985 1207.8247075 376.59789475 344.4963668947368 212.32454950000002 238.60785099999998 167.93904900000004 327.0240358571428 379.2259235384615 99.21989877777777 0.0425531914893617 0.20212765957446807 0.10638297872340426 0.0425531914893617 0.07446808510638298 0.2978723404255319 0.13829787234042554 0.09574468085106383 93.22205831205676 25.013345 131.5716302857143 0.9657534246575342 0.010273972602739725 0.023972602739726026 0.6382978723404256 0.14893617021276595 0.05319148936170213 0.05319148936170213 0.031914893617021274 0.031914893617021274 0.02127659574468085 0.02127659574468085 0.5059760956175299 0.2350597609561753 0.12749003984063745 0.09163346613545817 0.0398406374501992 liyajie 7Сʱ_mousemovements
137.77723887179485 321.40896899999996 460.2567405 787.412109 1394.652466 0 1147.171509 1286.348816 187.4081385 335.1171180526315 353.9528874285715 70.603441 530.83709525 347.94930525 496.155368 265.9873585 0.03508771929824561 0.3333333333333333 0.12280701754385964 0.07017543859649122 0.07017543859649122 0.14035087719298245 0.12280701754385964 0.10526315789473684 89.21199035532997 13.0436476 459.52492700000005 0.9563106796116505 0.024271844660194174 0.019417475728155338 0.6842105263157895 0.08771929824561403 0.07017543859649122 0.03508771929824561 0.03508771929824561 0.0 0.017543859649122806 0.07017543859649122 0.6353591160220995 0.1878453038674033 0.09392265193370165 0.049723756906077346 0.03314917127071823 liyajie 7Сʱ_mousemovements
