44.168137333333334 254.2447965 281.297882 0 0 519.508972 619.4238585 0 522.677185 109.045601 0 281.297882 519.508972 716.170532 132.987101 0 0.1111111111111111 0.1111111111111111 0.0 0.1111111111111111 0.1111111111111111 0.1111111111111111 0.4444444444444444 0.0 36.378854960000005 12.820513 586.1188963333334 0.8620689655172413 0.034482758620689655 0.10344827586206896 0.3333333333333333 0.2222222222222222 0.1111111111111111 0.0 0.0 0.1111111111111111 0.2222222222222222 0.0 0.64 0.08 0.08 0.08 0.12 niudanyang 4Сʱ_mousemovements
15.873015 0 302.2078555 0 0 0 0 0 0 136.2575525 0 0 0 347.773621 0 0 0.0 0.6666666666666666 0.0 0.0 0.0 0.3333333333333333 0.0 0.0 38.64151344444444 15.873015 256.64209 0.8181818181818182 0.09090909090909091 0.09090909090909091 0.3333333333333333 0.0 0.6666666666666666 0.0 0.0 0.0 0.0 0.0 0.6666666666666666 0.1111111111111111 0.0 0.0 0.2222222222222222 niudanyang 4Сʱ_mousemovements
0 0 0 0 0 0 0 0 0 0 0 0 0 0 0 0 0 0 0 0 0 0 0 0 0 0 0 0 0 0 0 0 0 0 0 0 0 0 0 0 0 0 0 niudanyang 4Сʱ_mousemovements
0 0 0 0 0 0 0 0 0 0 0 0 0 0 0 0 0 0 0 0 0 0 0 0 0 0 0 0 0 0 0 0 0 0 0 0 0 0 0 0 0 0 0 niudanyang 4Сʱ_mousemovements
67.1047257142857 437.77800175000004 461.921631 0 1123.6901855 550.5320126666667 575.134705 0 1013.9294130000001 669.505081 305.8016615 530.94635 250.26517066666668 303.1311493333333 463.908356 84.806282 0.1 0.1 0.2 0.05 0.3 0.15 0.05 0.05 120.2763755614035 10.3854 234.60813740000003 0.8507462686567164 0.07462686567164178 0.07462686567164178 0.35 0.2 0.15 0.0 0.1 0.15 0.05 0.0 0.5238095238095238 0.2698412698412698 0.12698412698412698 0.06349206349206349 0.015873015873015872 niudanyang 4Сʱ_mousemovements
142.76306166666666 0 351.949036 804.111816 2338.4937744999997 2220.818604 0 1114.033569 2220.818604 2693.806885 184.320496 804.111816 1114.033569 1983.180664 222.692093 351.949036 0.125 0.125 0.125 0.125 0.125 0.125 0.125 0.125 485.4191645789474 21.276596 175.974518 0.8636363636363636 0.045454545454545456 0.09090909090909091 0.3333333333333333 0.0 0.1111111111111111 0.1111111111111111 0.2222222222222222 0.1111111111111111 0.0 0.1111111111111111 0.5714285714285714 0.2857142857142857 0.047619047619047616 0.09523809523809523 0.0 niudanyang 4Сʱ_mousemovements
477.348393 623.5974576666667 0 584.236328 179.28891 0 0 488.303528 0 179.28891 375.45037049999996 0 0 673.6332015 469.097418 0 0.0 0.1 0.2 0.0 0.0 0.4 0.3 0.0 145.48074243333335 179.28891 488.303528 0.9375 0.03125 0.03125 0.4 0.3 0.0 0.1 0.1 0.0 0.0 0.1 0.68 0.2 0.04 0.08 0.0 niudanyang 4Сʱ_mousemovements
133.6731996 198.593002 319.8520585 814.9718935000001 0 446.84845 2677.031494 0 1191.2199196666668 80.05040466666667 406.0708485 0 528.286865 164.05478433333334 229.8344815 10.638298 0.17647058823529413 0.17647058823529413 0.23529411764705882 0.0 0.058823529411764705 0.17647058823529413 0.11764705882352941 0.058823529411764705 125.08349002040818 38.58009575 322.720726 0.8909090909090909 0.07272727272727272 0.03636363636363636 0.5882352941176471 0.058823529411764705 0.11764705882352941 0.11764705882352941 0.0 0.058823529411764705 0.058823529411764705 0.0 0.6122448979591837 0.24489795918367346 0.10204081632653061 0.02040816326530612 0.02040816326530612 niudanyang 4Сʱ_mousemovements
64.40237845454546 371.772858 357.424774 1364.2419586666667 192.911072 1121.67041 899.503876 0 499.3249575 213.06533566666667 0 371.772858 311.18539480000004 1341.5523833333334 8.72093 15.455052 0.2 0.15 0.0 0.05 0.25 0.15 0.05 0.15 102.8628402222222 10.638298 43.05864985714286 0.9101123595505618 0.011235955056179775 0.07865168539325842 0.55 0.05 0.05 0.15 0.05 0.05 0.1 0.0 0.5342465753424658 0.2328767123287671 0.1506849315068493 0.0547945205479452 0.0273972602739726 niudanyang 4Сʱ_mousemovements
80.44590000000001 629.68159 0 282.864014 384.790649 572.8827515 1356.153931 0 0 71.513237 669.998644 0 785.252747 508.42648299999996 337.414902 0 0.0 0.18181818181818182 0.36363636363636365 0.0 0.09090909090909091 0.18181818181818182 0.18181818181818182 0.0 167.2364184333333 0.0 282.864014 0.9090909090909091 0.06060606060606061 0.030303030303030304 0.2727272727272727 0.2727272727272727 0.0 0.09090909090909091 0.09090909090909091 0.18181818181818182 0.09090909090909091 0.0 0.5769230769230769 0.15384615384615385 0.15384615384615385 0.07692307692307693 0.038461538461538464 niudanyang 4Сʱ_mousemovements
183.91580349999998 343.40409099999994 0 0 1048.333496 1184.1928404999999 0 4131.555664 357.687622 1732.026411666667 0 0 212.04246775 789.3606923333333 423.475862 9.367151 0.06666666666666667 0.2 0.0 0.0 0.26666666666666666 0.2 0.2 0.06666666666666667 243.03882556410258 6.4102565 279.239416 0.9069767441860465 0.046511627906976744 0.046511627906976744 0.5333333333333333 0.2 0.0 0.0 0.06666666666666667 0.13333333333333333 0.0 0.06666666666666667 0.5526315789473685 0.39473684210526316 0.05263157894736842 0.0 0.0 niudanyang 4Сʱ_mousemovements
37.392559 255.43949099999998 245.9993135 0 757.516174 1060.399414 0 0 15.206597 245.9993135 602.1770094999999 366.924377 757.516174 62.08736 34.88372 0 0.1111111111111111 0.2222222222222222 0.2222222222222222 0.1111111111111111 0.1111111111111111 0.1111111111111111 0.1111111111111111 0.0 111.55739723999999 72.01797149999999 0 0.9259259259259259 0.07407407407407407 0.0 0.3333333333333333 0.2222222222222222 0.2222222222222222 0.0 0.1111111111111111 0.1111111111111111 0.0 0.0 0.5454545454545454 0.22727272727272727 0.09090909090909091 0.13636363636363635 0.0 niudanyang 4Сʱ_mousemovements
119.66007981818183 455.41459416666663 345.53488525 437.27850939999996 578.997803 257.136627 1352.46167 0 558.968506 358.9683934444445 0 170.111023 275.83312766666666 151.8859805 839.110321 365.9493816666666 0.06666666666666667 0.3 0.0 0.03333333333333333 0.3 0.13333333333333333 0.06666666666666667 0.1 91.49162003846155 159.45597516666666 254.64358 0.8387096774193549 0.06451612903225806 0.0967741935483871 0.36666666666666664 0.2 0.13333333333333333 0.16666666666666666 0.06666666666666667 0.03333333333333333 0.03333333333333333 0.0 0.5952380952380952 0.16666666666666666 0.07142857142857142 0.09523809523809523 0.07142857142857142 niudanyang 4Сʱ_mousemovements
76.33789433333334 178.362411 231.6318815 0 0 1285.3464355 680.5536195 2410.547607 2410.547607 129.76770766666667 0 749.45105 259.34632849999997 17.021276 12.820513 941.8241246666666 0.07142857142857142 0.21428571428571427 0.0 0.07142857142857142 0.2857142857142857 0.07142857142857142 0.07142857142857142 0.21428571428571427 167.3123619512195 2.6595745 95.25935316666664 0.803921568627451 0.0784313725490196 0.11764705882352941 0.42857142857142855 0.07142857142857142 0.14285714285714285 0.0 0.0 0.14285714285714285 0.14285714285714285 0.07142857142857142 0.7333333333333333 0.13333333333333333 0.022222222222222223 0.044444444444444446 0.06666666666666667 niudanyang 4Сʱ_mousemovements
89.65313064705882 332.1814595 436.67402625 321.855957 523.1295063333333 755.69831075 1171.666748 814.48761 200.5869932857143 504.198452 268.74050400000004 397.56575000000004 412.957566875 561.1789626000001 183.9429332857143 136.34380833333333 0.1794871794871795 0.10256410256410256 0.07692307692307693 0.05128205128205128 0.20512820512820512 0.1282051282051282 0.1794871794871795 0.07692307692307693 70.34339729850745 147.86822260000002 266.30867279999995 0.8993288590604027 0.03355704697986577 0.06711409395973154 0.4358974358974359 0.20512820512820512 0.10256410256410256 0.02564102564102564 0.07692307692307693 0.10256410256410256 0.02564102564102564 0.02564102564102564 0.5777777777777777 0.2222222222222222 0.1111111111111111 0.05185185185185185 0.037037037037037035 niudanyang 4Сʱ_mousemovements
142.9443025 196.00048099999998 0 631.469788 802.254837 0 471.62735 1114.265747 556.7857616666666 585.7565456666666 347.8503515 572.608582 585.6831586666667 454.79997249999997 182.050488 0 0.2608695652173913 0.13043478260869565 0.17391304347826086 0.043478260869565216 0.13043478260869565 0.08695652173913043 0.17391304347826086 0.0 200.51853561363635 12.390411714285715 773.6485594999999 0.8301886792452831 0.1320754716981132 0.03773584905660377 0.43478260869565216 0.08695652173913043 0.0 0.043478260869565216 0.34782608695652173 0.0 0.043478260869565216 0.043478260869565216 0.4782608695652174 0.1956521739130435 0.1956521739130435 0.13043478260869565 0.0 niudanyang 4Сʱ_mousemovements
118.34485380000001 119.706085 513.4412130000001 512.9829253333334 1103.568115 721.4320375 971.4077146666667 0 158.085709 540.3703943333334 673.676605 398.31935899999996 315.991852 219.916382 774.6201863333334 423.6446535 0.05555555555555555 0.3333333333333333 0.1111111111111111 0.1111111111111111 0.05555555555555555 0.05555555555555555 0.16666666666666666 0.1111111111111111 190.04055825641026 2.5316456 609.0393676666666 0.8297872340425532 0.10638297872340426 0.06382978723404255 0.2777777777777778 0.05555555555555555 0.16666666666666666 0.16666666666666666 0.05555555555555555 0.1111111111111111 0.16666666666666666 0.0 0.46153846153846156 0.28205128205128205 0.15384615384615385 0.10256410256410256 0.0 niudanyang 4Сʱ_mousemovements
316.48210412500003 370.363159 0 0 969.653656 470.943268 1623.549805 0 0 250.4083313333333 1623.549805 225.973428 526.1986845 510.54747399999997 370.363159 1204.561737 0.0 0.21428571428571427 0.07142857142857142 0.21428571428571427 0.14285714285714285 0.14285714285714285 0.07142857142857142 0.14285714285714285 172.64080364285712 9.174312 322.792984 0.9333333333333333 0.022222222222222223 0.044444444444444446 0.5714285714285714 0.07142857142857142 0.0 0.0 0.21428571428571427 0.07142857142857142 0.07142857142857142 0.0 0.5853658536585366 0.17073170731707318 0.12195121951219512 0.07317073170731707 0.04878048780487805 niudanyang 4Сʱ_mousemovements
129.03099125 257.27610480000004 134.430511 0 898.4393924999999 1372.3137817142856 725.001404 783.548584 12.974437 321.7676538333333 611.4365496666668 493.90834099999995 122.46531866666668 807.176895 32.04751025 662.4055175999999 0.02702702702702703 0.16216216216216217 0.16216216216216217 0.1891891891891892 0.08108108108108109 0.13513513513513514 0.10810810810810811 0.13513513513513514 147.7107556590909 29.480989599999997 538.1578084285715 0.88 0.05 0.07 0.5405405405405406 0.13513513513513514 0.02702702702702703 0.0 0.05405405405405406 0.1891891891891892 0.02702702702702703 0.02702702702702703 0.45977011494252873 0.3333333333333333 0.06896551724137931 0.08045977011494253 0.05747126436781609 niudanyang 4Сʱ_mousemovements
67.0877535 233.33391600000002 303.7613375 635.5036315 609.3153786666667 785.526754 729.6419832500001 433.807251 721.246948 28.021983000000002 560.247152 615.15329 193.011974 68.57933866666666 147.84710700000002 571.375761125 0.037037037037037035 0.1111111111111111 0.1111111111111111 0.14814814814814814 0.07407407407407407 0.1111111111111111 0.1111111111111111 0.2962962962962963 96.96471898461539 84.1655662 547.0631888571429 0.8441558441558441 0.06493506493506493 0.09090909090909091 0.37037037037037035 0.07407407407407407 0.07407407407407407 0.07407407407407407 0.1111111111111111 0.1111111111111111 0.14814814814814814 0.037037037037037035 0.5352112676056338 0.1267605633802817 0.09859154929577464 0.15492957746478872 0.08450704225352113 niudanyang 4Сʱ_mousemovements
207.75807208333333 183.878494 494.56026233333336 582.306641 637.2383575 910.551697 949.574646 0 577.491943 111.44776633333333 513.406894 426.047261 54.6356195 364.2435203333334 323.49999966666667 929.302124 0.045454545454545456 0.13636363636363635 0.22727272727272727 0.13636363636363635 0.09090909090909091 0.13636363636363635 0.13636363636363635 0.09090909090909091 127.62290019999999 168.22643625 547.976143 0.9016393442622951 0.06557377049180328 0.03278688524590164 0.5454545454545454 0.045454545454545456 0.13636363636363635 0.045454545454545456 0.09090909090909091 0.09090909090909091 0.045454545454545456 0.0 0.5 0.23214285714285715 0.14285714285714285 0.08928571428571429 0.03571428571428571 niudanyang 4Сʱ_mousemovements
280.6081628333333 0 272.58667 0 0 1429.945557 844.9831796666667 1234.9336545 871.450958 914.1513263333333 1034.547729 0 36.305301 481.758217 0 0 0.23076923076923078 0.23076923076923078 0.07692307692307693 0.0 0.15384615384615385 0.3076923076923077 0.0 0.0 215.8922160322581 0.0 849.1696775 0.8611111111111112 0.08333333333333333 0.05555555555555555 0.46153846153846156 0.0 0.07692307692307693 0.0 0.0 0.07692307692307693 0.23076923076923078 0.15384615384615385 0.7 0.1 0.06666666666666667 0.06666666666666667 0.06666666666666667 niudanyang 4Сʱ_mousemovements
197.69381954545455 311.9980773333333 817.9870606666667 475.79258200000004 704.6222026666666 3103.080322 960.495972 507.535156 507.535156 332.33889 583.3127575000001 890.218669 735.3106844999999 1105.829712 195.55591800000002 437.24722266666663 0.038461538461538464 0.15384615384615385 0.07692307692307693 0.11538461538461539 0.23076923076923078 0.038461538461538464 0.23076923076923078 0.11538461538461539 190.48600587500002 6.329114 368.29515725 0.9142857142857143 0.02857142857142857 0.05714285714285714 0.4230769230769231 0.11538461538461539 0.11538461538461539 0.11538461538461539 0.11538461538461539 0.038461538461538464 0.038461538461538464 0.038461538461538464 0.6491228070175439 0.10526315789473684 0.08771929824561403 0.08771929824561403 0.07017543859649122 niudanyang 4Сʱ_mousemovements
122.74602392857142 286.8440888 392.7289786666667 496.5665634 650.354187 806.6984986 378.586548 411.099121 296.83827 430.54484049999996 366.816082 222.352882 408.15336075 408.14237688888886 329.51708233333335 195.064133 0.15789473684210525 0.15789473684210525 0.05263157894736842 0.10526315789473684 0.10526315789473684 0.23684210526315788 0.15789473684210525 0.02631578947368421 84.35307377192983 63.392568000000004 266.8306153076923 0.8571428571428571 0.045112781954887216 0.09774436090225563 0.3684210526315789 0.13157894736842105 0.15789473684210525 0.13157894736842105 0.02631578947368421 0.13157894736842105 0.02631578947368421 0.02631578947368421 0.576271186440678 0.2288135593220339 0.0847457627118644 0.03389830508474576 0.07627118644067797 niudanyang 4Сʱ_mousemovements
122.23034655555554 320.507623 622.987326 543.190674 840.5982663333334 1572.160156 938.019775 951.975128 1402.5727232499999 578.54454775 447.1549363333333 399.43961128571425 223.2909035 433.62567440000004 349.06397050000004 156.7246474 0.0975609756097561 0.0975609756097561 0.14634146341463414 0.17073170731707318 0.0975609756097561 0.12195121951219512 0.14634146341463414 0.12195121951219512 158.4525222524272 26.252092400000002 361.36309662499997 0.8879310344827587 0.04310344827586207 0.06896551724137931 0.43902439024390244 0.14634146341463414 0.12195121951219512 0.04878048780487805 0.07317073170731707 0.07317073170731707 0.04878048780487805 0.04878048780487805 0.5480769230769231 0.22115384615384615 0.14423076923076922 0.0673076923076923 0.019230769230769232 niudanyang 4Сʱ_mousemovements
146.64950407692305 875.1534016666668 0 467.9374235 0 709.3765973333334 0 0 140.29069900000002 166.17017566666667 459.264328 320.0716325 1007.313965 617.832685 22.661974500000003 0 0.09523809523809523 0.2857142857142857 0.09523809523809523 0.09523809523809523 0.047619047619047616 0.2857142857142857 0.09523809523809523 0.0 115.48835028070177 52.660519 320.13730400000003 0.9344262295081968 0.01639344262295082 0.04918032786885246 0.6190476190476191 0.14285714285714285 0.0 0.09523809523809523 0.0 0.14285714285714285 0.0 0.0 0.46153846153846156 0.36538461538461536 0.057692307692307696 0.019230769230769232 0.09615384615384616 niudanyang 4Сʱ_mousemovements
142.89056627272726 455.8754465 367.41806 512.3064983333334 498.429031 358.778015 565.25415 870.1568295000001 540.4216490000001 244.16870155555554 331.375977 400.596076 125.103775 226.41655255555554 83.65196725 0 0.1388888888888889 0.25 0.027777777777777776 0.19444444444444445 0.027777777777777776 0.25 0.1111111111111111 0.0 87.09829474999998 22.591875666666667 351.00611660000004 0.9259259259259259 0.027777777777777776 0.046296296296296294 0.6111111111111112 0.1111111111111111 0.027777777777777776 0.08333333333333333 0.05555555555555555 0.027777777777777776 0.027777777777777776 0.05555555555555555 0.5666666666666667 0.23333333333333334 0.12222222222222222 0.05555555555555555 0.022222222222222223 niudanyang 4Сʱ_mousemovements
155.34394566666666 283.7145735 412.16407749999996 384.227997 1512.544922 1017.6056825000001 684.3841245 962.288818 511.9893862 451.62397375 559.0135093333333 349.88858 382.99833233333334 484.74894700000004 0 269.2623496666667 0.21739130434782608 0.17391304347826086 0.13043478260869565 0.043478260869565216 0.13043478260869565 0.17391304347826086 0.0 0.13043478260869565 117.27780533333333 10.752688 282.0068808888889 0.868421052631579 0.013157894736842105 0.11842105263157894 0.2608695652173913 0.34782608695652173 0.08695652173913043 0.043478260869565216 0.043478260869565216 0.08695652173913043 0.08695652173913043 0.043478260869565216 0.46774193548387094 0.3225806451612903 0.08064516129032258 0.06451612903225806 0.06451612903225806 niudanyang 4Сʱ_mousemovements
193.82591528571427 282.84894175 460.4119725 450.76170349999995 1096.826477 1020.808167 0 546.766571 393.063872 212.45992675 0 404.329498 278.718839 822.692151 378.231308 239.53904 0.15 0.2 0.0 0.05 0.15 0.25 0.1 0.1 145.2156457307692 250.584656 141.53397475 0.896551724137931 0.034482758620689655 0.06896551724137931 0.35 0.2 0.1 0.1 0.1 0.05 0.0 0.1 0.44680851063829785 0.2765957446808511 0.1702127659574468 0.06382978723404255 0.0425531914893617 niudanyang 4Сʱ_mousemovements
117.2688385 446.8397446 643.34935 384.8405 0 0 0 0 1365.294678 68.3312758 98.35459900000001 326.82686366666667 76.090942 200.16002766666665 190.322421 733.885376 0.047619047619047616 0.23809523809523808 0.14285714285714285 0.14285714285714285 0.047619047619047616 0.14285714285714285 0.14285714285714285 0.09523809523809523 87.65809801587302 20.313342 47.045471 0.9130434782608695 0.057971014492753624 0.028985507246376812 0.5714285714285714 0.23809523809523808 0.09523809523809523 0.09523809523809523 0.0 0.0 0.0 0.0 0.55 0.21666666666666667 0.18333333333333332 0.05 0.0 niudanyang 4Сʱ_mousemovements
0 0 0 0 0 0 0 0 0 0 0 0 0 0 0 0 0 0 0 0 0 0 0 0 0 0 0 0 0 0 0 0 0 0 0 0 0 0 0 0 0 0 0 niudanyang 4Сʱ_mousemovements
0 0 0 0 0 0 0 0 0 0 0 0 0 0 0 0 0 0 0 0 0 0 0 0 0 0 0 0 0 0 0 0 0 0 0 0 0 0 0 0 0 0 0 niudanyang 4Сʱ_mousemovements
124.14919520000001 464.14312 353.700714 0 418.68499233333335 0 583.8782856666667 0 426.123016 366.8019485 191.96932733333333 157.406345 388.3948363333334 305.08393266666667 217.223774 321.94576666666666 0.05263157894736842 0.10526315789473684 0.15789473684210525 0.10526315789473684 0.15789473684210525 0.15789473684210525 0.10526315789473684 0.15789473684210525 97.77149566666668 46.2040628 101.18610566666666 0.8135593220338984 0.0847457627118644 0.1016949152542373 0.5263157894736842 0.10526315789473684 0.05263157894736842 0.0 0.15789473684210525 0.0 0.15789473684210525 0.0 0.5769230769230769 0.21153846153846154 0.11538461538461539 0.07692307692307693 0.019230769230769232 niudanyang 4Сʱ_mousemovements
280.65127888888884 176.58876833333332 209.7941935 644.949646 538.3830770000001 0 0 0 0 46.669975 771.0291293333333 202.7539126 200.99172866666666 0 294.9221343333333 379.7490525 0.0 0.05263157894736842 0.15789473684210525 0.2631578947368421 0.15789473684210525 0.0 0.15789473684210525 0.21052631578947367 122.62842768750001 47.7411295 151.567839 0.8888888888888888 0.07407407407407407 0.037037037037037035 0.47368421052631576 0.15789473684210525 0.10526315789473684 0.10526315789473684 0.15789473684210525 0.0 0.0 0.0 0.46808510638297873 0.2127659574468085 0.1276595744680851 0.0851063829787234 0.10638297872340426 niudanyang 4Сʱ_mousemovements
118.84654716666667 328.9742861666667 255.99714649999999 541.232704 814.656382 1168.3707275 715.5682375 1667.433105 738.101173 605.815708 0 555.9950715 200.90870650000002 1219.6276245 425.71540533333336 303.4366254 0.08333333333333333 0.16666666666666666 0.0 0.16666666666666666 0.16666666666666666 0.08333333333333333 0.125 0.20833333333333334 116.24529525 0.0 429.17872600000004 0.8421052631578947 0.013157894736842105 0.14473684210526316 0.25 0.25 0.08333333333333333 0.08333333333333333 0.125 0.08333333333333333 0.08333333333333333 0.041666666666666664 0.5492957746478874 0.16901408450704225 0.09859154929577464 0.1267605633802817 0.056338028169014086 niudanyang 4Сʱ_mousemovements
37.475507428571426 264.5793495 649.0649363333333 293.715996 1247.7978823333333 885.9581605 0 0 415.616333 652.566517 169.835522 642.6185915 443.14594875 443.53054699999996 152.4232445 632.818762 0.05263157894736842 0.10526315789473684 0.10526315789473684 0.10526315789473684 0.21052631578947367 0.10526315789473684 0.10526315789473684 0.21052631578947367 149.07716734 128.19752866666667 143.2818667142857 0.8333333333333334 0.05 0.11666666666666667 0.3684210526315789 0.10526315789473684 0.15789473684210525 0.10526315789473684 0.15789473684210525 0.10526315789473684 0.0 0.0 0.62 0.18 0.1 0.08 0.02 niudanyang 4Сʱ_mousemovements
100.12413171428571 489.20090500000003 631.7664612 0 730.4191856250001 1095.464742 0 0 177.1141605 497.3500812857143 736.969696 725.529602 648.8051592857144 493.500112 608.6753235 557.205859 0.07407407407407407 0.25925925925925924 0.07407407407407407 0.037037037037037035 0.25925925925925924 0.1111111111111111 0.07407407407407407 0.1111111111111111 174.4681958493151 12.820513 366.20895816666666 0.9125 0.0125 0.075 0.25925925925925924 0.14814814814814814 0.18518518518518517 0.0 0.2962962962962963 0.1111111111111111 0.0 0.0 0.5142857142857142 0.2 0.14285714285714285 0.02857142857142857 0.11428571428571428 niudanyang 4Сʱ_mousemovements
146.07532670833334 196.168549 321.50103 545.309998 641.9944765 767.1230876666667 913.0459390000001 769.557251 492.75312825000003 277.1713488 70.752266 275.0041733333333 374.34508750000003 514.9118705714286 264.2786545 174.48297925 0.10526315789473684 0.13157894736842105 0.05263157894736842 0.15789473684210525 0.15789473684210525 0.18421052631578946 0.10526315789473684 0.10526315789473684 90.29093609000002 16.959650666666665 459.24080275 0.9009009009009009 0.02702702702702703 0.07207207207207207 0.631578947368421 0.02631578947368421 0.05263157894736842 0.02631578947368421 0.05263157894736842 0.07894736842105263 0.07894736842105263 0.05263157894736842 0.47572815533980584 0.2621359223300971 0.10679611650485436 0.08737864077669903 0.06796116504854369 niudanyang 4Сʱ_mousemovements
84.26531133333333 450.1950303333333 1176.724365 1140.164429 950.7058595999999 932.0639034999999 566.2578326666667 463.07795699999997 898.329346 779.0140158333334 222.40931933333334 45.763626 355.12505366666664 560.4882581666667 1175.130737 763.405899 0.043478260869565216 0.2608695652173913 0.13043478260869565 0.043478260869565216 0.13043478260869565 0.2608695652173913 0.043478260869565216 0.08695652173913043 183.86773959375 124.813242 229.77279360000003 0.8767123287671232 0.0547945205479452 0.0684931506849315 0.2608695652173913 0.13043478260869565 0.043478260869565216 0.043478260869565216 0.21739130434782608 0.08695652173913043 0.13043478260869565 0.08695652173913043 0.484375 0.34375 0.0625 0.03125 0.078125 niudanyang 4Сʱ_mousemovements
90.42936990000001 315.97713044444447 643.417409 647.2592366666667 790.370163 964.3311767499999 868.065002 1066.6223756666666 1033.90258025 362.5319456666666 385.420431 140.23802175 442.26069939999996 474.28811640000004 830.3498636666667 409.721374 0.11428571428571428 0.17142857142857143 0.11428571428571428 0.11428571428571428 0.14285714285714285 0.14285714285714285 0.08571428571428572 0.11428571428571428 137.9622629484536 158.8618976666667 279.06040799999994 0.8584070796460177 0.05309734513274336 0.08849557522123894 0.2857142857142857 0.2571428571428571 0.08571428571428572 0.08571428571428572 0.05714285714285714 0.11428571428571428 0.02857142857142857 0.08571428571428572 0.5046728971962616 0.27102803738317754 0.06542056074766354 0.102803738317757 0.056074766355140186 niudanyang 4Сʱ_mousemovements
103.868619625 0 676.88188575 866.406006 0 1062.6237795 0 0 140.87558 920.1641146 378.97699 0 148.7892403333333 729.921875 10.127509 106.456154 0.06666666666666667 0.3333333333333333 0.06666666666666667 0.0 0.2 0.06666666666666667 0.13333333333333333 0.13333333333333333 170.5210346216216 3.5460993333333337 105.106743 0.8809523809523809 0.07142857142857142 0.047619047619047616 0.5333333333333333 0.0 0.26666666666666666 0.06666666666666667 0.0 0.13333333333333333 0.0 0.0 0.6 0.17142857142857143 0.14285714285714285 0.05714285714285714 0.02857142857142857 niudanyang 4Сʱ_mousemovements
76.25639672222225 275.94402137500003 453.55272275 0 1063.727783 692.7004944 961.99441525 537.648987 623.5898895 321.1575108571429 318.1592866666667 158.70861175 477.39296575000003 303.81857375 409.65655300000003 266.86438319999996 0.04878048780487805 0.17073170731707318 0.07317073170731707 0.0975609756097561 0.1951219512195122 0.1951219512195122 0.0975609756097561 0.12195121951219512 133.53880154945054 83.74752508333334 164.31912342857143 0.8272727272727273 0.10909090909090909 0.06363636363636363 0.43902439024390244 0.1951219512195122 0.0975609756097561 0.0 0.024390243902439025 0.12195121951219512 0.0975609756097561 0.024390243902439025 0.4948453608247423 0.24742268041237114 0.15463917525773196 0.05154639175257732 0.05154639175257732 niudanyang 4Сʱ_mousemovements
65.116534 0 0 475.470688 0 0 424.407379 650.339966 0 424.407379 90.194962 0 0 251.83153533333333 475.470688 0 0.0 0.14285714285714285 0.14285714285714285 0.0 0.0 0.42857142857142855 0.2857142857142857 0.0 74.775133625 42.553192 327.36099766666666 0.8 0.05 0.15 0.42857142857142855 0.0 0.0 0.2857142857142857 0.0 0.0 0.14285714285714285 0.14285714285714285 0.6470588235294118 0.11764705882352941 0.11764705882352941 0.11764705882352941 0.0 niudanyang 4Сʱ_mousemovements
111.25660225 577.9411625 183.685028 489.27485650000006 1004.846191 4158.412598 2041.842346 627.811523 2154.12919625 153.699955 313.50106800000003 781.46283 627.811523 227.34560539999998 416.710907 284.646385 0.2222222222222222 0.1111111111111111 0.1111111111111111 0.05555555555555555 0.05555555555555555 0.2777777777777778 0.05555555555555555 0.1111111111111111 259.16875311999996 14.14812 22.631584 0.8771929824561403 0.07017543859649122 0.05263157894736842 0.4444444444444444 0.1111111111111111 0.05555555555555555 0.1111111111111111 0.05555555555555555 0.05555555555555555 0.1111111111111111 0.05555555555555555 0.68 0.14 0.16 0.0 0.02 niudanyang 4Сʱ_mousemovements
43.8307875 149.39093 418.7820895 497.81608600000004 0 1125.001343 0 0 0 43.8307875 849.9425355 0 0 418.7820895 285.069687 0 0.0 0.25 0.25 0.0 0.0 0.25 0.25 0.0 84.53960420833333 21.276596 381.67436733333335 0.8571428571428571 0.03571428571428571 0.10714285714285714 0.25 0.125 0.25 0.25 0.0 0.125 0.0 0.0 0.6521739130434783 0.08695652173913043 0.13043478260869565 0.043478260869565216 0.08695652173913043 niudanyang 4Сʱ_mousemovements
190.00572690909087 296.799553 827.371948 263.226349 767.4470825000001 791.8976745 894.0098345 1734.9694515 786.1558616 0 215.87762275000003 646.902832 155.26292466666666 896.5623070000001 465.1670835 616.683024 0.18518518518518517 0.0 0.14814814814814814 0.037037037037037035 0.2222222222222222 0.2222222222222222 0.07407407407407407 0.1111111111111111 146.33688909523812 21.75911533333333 310.7073185714286 0.8936170212765957 0.031914893617021274 0.07446808510638298 0.4074074074074074 0.14814814814814814 0.037037037037037035 0.037037037037037035 0.07407407407407407 0.07407407407407407 0.14814814814814814 0.07407407407407407 0.5185185185185185 0.2716049382716049 0.07407407407407407 0.09876543209876543 0.037037037037037035 niudanyang 4Сʱ_mousemovements
131.99777733333335 248.4589133333333 414.93984225 0 224.79776 178.340637 1713.060303 852.8160705 336.003693 391.7951503333333 0 0 144.043359 761.8155723333333 469.703125 178.340637 0.0625 0.375 0.0 0.0 0.125 0.1875 0.1875 0.0625 113.77435094 226.80342100000001 176.35841325 0.8928571428571429 0.03571428571428571 0.07142857142857142 0.1875 0.1875 0.25 0.0 0.125 0.0625 0.0625 0.125 0.4782608695652174 0.1956521739130435 0.13043478260869565 0.06521739130434782 0.13043478260869565 niudanyang 4Сʱ_mousemovements
81.07429340000002 267.13739 263.286835 3516.388672 947.0582680000001 1153.3893435 323.007286 763.8363340000001 562.7776463333333 838.793884 0 294.7021445 330.029991 1157.166504 97.6161575 21.441525 0.13636363636363635 0.045454545454545456 0.0 0.09090909090909091 0.09090909090909091 0.3181818181818182 0.09090909090909091 0.22727272727272727 126.54369997619044 31.9951812 277.9099716 0.8936170212765957 0.05319148936170213 0.05319148936170213 0.45454545454545453 0.045454545454545456 0.045454545454545456 0.045454545454545456 0.13636363636363635 0.09090909090909091 0.09090909090909091 0.09090909090909091 0.6818181818181818 0.17045454545454544 0.056818181818181816 0.056818181818181816 0.03409090909090909 niudanyang 4Сʱ_mousemovements
0 525.8650815 377.88947325000004 310.252563 902.197449 405.450745 0 0 0 0 607.5790813333333 0 183.77522299999998 0 637.5989075 357.851654 0.0 0.0 0.3333333333333333 0.0 0.2222222222222222 0.0 0.2222222222222222 0.2222222222222222 120.2992222413793 0.0 230.8371226666667 0.8787878787878788 0.030303030303030304 0.09090909090909091 0.0 0.2222222222222222 0.4444444444444444 0.1111111111111111 0.1111111111111111 0.1111111111111111 0.0 0.0 0.72 0.16 0.12 0.0 0.0 niudanyang 4Сʱ_mousemovements
244.993149 0 0 0 0 0 0 0 0 0 0 0 0 0 0 244.993149 0.0 0.0 0.0 0.0 0.0 0.0 0.0 1.0 122.4965745 0 0 1.0 0.0 0.0 1.0 0.0 0.0 0.0 0.0 0.0 0.0 0.0 0.5 0.0 0.0 0.0 0.5 niudanyang 4Сʱ_mousemovements
48.70525806666668 504.1633175 1384.6231994999998 0 278.601471 1101.598022 0 591.008545 87.05185800000001 84.651436 793.519806 119.54594833333333 31.523183500000002 335.73911300000003 624.7568162857142 201.9309162 0.15384615384615385 0.038461538461538464 0.07692307692307693 0.11538461538461539 0.07692307692307693 0.07692307692307693 0.2692307692307692 0.19230769230769232 108.5167776025641 0.0 10.568186666666668 0.9512195121951219 0.012195121951219513 0.036585365853658534 0.5769230769230769 0.23076923076923078 0.07692307692307693 0.0 0.038461538461538464 0.038461538461538464 0.0 0.038461538461538464 0.5342465753424658 0.2876712328767123 0.1232876712328767 0.0273972602739726 0.0273972602739726 niudanyang 4Сʱ_mousemovements
97.6150388076923 643.319626 344.3621013333333 1932.176514 0 0 868.0227053333334 0 193.77856816666667 496.97334724999996 453.05498524999996 569.2541200000001 101.63404955555556 379.08656833333333 193.7894624 135.8773765 0.17142857142857143 0.11428571428571428 0.11428571428571428 0.05714285714285714 0.2571428571428571 0.08571428571428572 0.14285714285714285 0.05714285714285714 101.60454147727272 9.373592222222221 61.39986916666666 0.8543689320388349 0.08737864077669903 0.05825242718446602 0.7428571428571429 0.05714285714285714 0.08571428571428572 0.02857142857142857 0.0 0.0 0.08571428571428572 0.0 0.5106382978723404 0.23404255319148937 0.13829787234042554 0.02127659574468085 0.09574468085106383 niudanyang 4Сʱ_mousemovements
53.543762 357.804932 0 0 968.050171 0 1325.8561405 0 823.509644 0 521.901978 193.707886 1828.202637 53.543762 968.050171 0 0.16666666666666666 0.0 0.16666666666666666 0.16666666666666666 0.16666666666666666 0.16666666666666666 0.16666666666666666 0.0 209.7297902352941 0.0 823.509644 0.85 0.1 0.05 0.16666666666666666 0.3333333333333333 0.0 0.0 0.16666666666666666 0.0 0.3333333333333333 0.0 0.4444444444444444 0.3333333333333333 0.1111111111111111 0.05555555555555555 0.05555555555555555 niudanyang 4Сʱ_mousemovements
310.62335962500003 771.4270872 469.1309103333333 519.0049285 1018.618042 1587.380249 1986.741455 0 965.877271 497.610031 918.855606 635.7203675 239.56497950000002 919.70526675 312.056534 297.973602 0.13636363636363635 0.09090909090909091 0.18181818181818182 0.09090909090909091 0.18181818181818182 0.18181818181818182 0.09090909090909091 0.045454545454545456 236.44757465454543 119.6066024 199.05826775 0.859375 0.078125 0.0625 0.36363636363636365 0.22727272727272727 0.13636363636363635 0.09090909090909091 0.09090909090909091 0.045454545454545456 0.045454545454545456 0.0 0.5254237288135594 0.288135593220339 0.0847457627118644 0.06779661016949153 0.03389830508474576 niudanyang 4Сʱ_mousemovements
74.426115 1694.652954 462.78121949999996 413.536255 759.378418 637.806732 0 0 612.7770995 209.5047065 877.0384876666667 597.016907 378.604797 0 227.12867549999999 0 0.18181818181818182 0.18181818181818182 0.2727272727272727 0.09090909090909091 0.09090909090909091 0.0 0.18181818181818182 0.0 113.74850219999999 0.0 385.20601400000004 0.8888888888888888 0.044444444444444446 0.06666666666666667 0.2727272727272727 0.09090909090909091 0.18181818181818182 0.18181818181818182 0.09090909090909091 0.18181818181818182 0.0 0.0 0.5476190476190477 0.2619047619047619 0.09523809523809523 0.047619047619047616 0.047619047619047616 niudanyang 4Сʱ_mousemovements
0 234.330658 0 0 0 0 0 0 0 0 234.330658 0 0 0 0 0 0.0 0.0 1.0 0.0 0.0 0.0 0.0 0.0 39.05510966666667 0 0 1.0 0.0 0.0 0.0 1.0 0.0 0.0 0.0 0.0 0.0 0.0 0.4 0.4 0.2 0.0 0.0 niudanyang 4Сʱ_mousemovements
0 0 0 0 0 0 0 0 0 0 0 0 0 0 0 0 0 0 0 0 0 0 0 0 0 0 0 0 0 0 0 0 0 0 0 0 0 0 0 0 0 0 0 niudanyang 4Сʱ_mousemovements
0 0 0 0 0 0 0 0 0 0 0 0 0 0 0 0 0 0 0 0 0 0 0 0 0 0 0 0 0 0 0 0 0 0 0 0 0 0 0 0 0 0 0 niudanyang 4Сʱ_mousemovements
0 354.878967 0 0 0 0 0 0 0 0 281.863037 0 0 427.894897 0 0 0.0 0.0 0.5 0.0 0.0 0.5 0.0 0.0 88.71974175 0 0 1.0 0.0 0.0 0.0 1.0 0.0 0.0 0.0 0.0 0.0 0.0 0.5 0.16666666666666666 0.3333333333333333 0.0 0.0 niudanyang 4Сʱ_mousemovements
0 0 0 0 0 0 0 0 0 0 0 0 0 0 0 0 0 0 0 0 0 0 0 0 0 0 0 0 0 0 0 0 0 0 0 0 0 0 0 0 0 0 0 niudanyang 4Сʱ_mousemovements
