79.97115844444446 335.206909 373.85437 0 495.859711 816.814392 572.487061 0 0 572.487061 106.44390849999999 72.599266 0 567.6081925 140.67195825 146.56083800000002 0.0 0.06666666666666667 0.13333333333333333 0.06666666666666667 0.0 0.26666666666666666 0.26666666666666666 0.2 27.633407815384615 0 259.4006392222222 0.8783783783783784 0.0 0.12162162162162163 0.6 0.06666666666666667 0.06666666666666667 0.0 0.06666666666666667 0.13333333333333333 0.06666666666666667 0.0 0.5223880597014925 0.26865671641791045 0.11940298507462686 0.029850746268656716 0.05970149253731343 wanghe 2Сʱ_mousemovements
0 0 0 0 0 0 0 0 0 0 0 0 0 0 0 0 0 0 0 0 0 0 0 0 0 0 0 0 0 0 0 0 0 0 0 0 0 0 0 0 0 0 0 wanghe 2Сʱ_mousemovements
0 0 0 0 0 0 0 0 0 0 0 0 0 0 0 0 0 0 0 0 0 0 0 0 0 0 0 0 0 0 0 0 0 0 0 0 0 0 0 0 0 0 0 wanghe 2Сʱ_mousemovements
279.7350670588236 559.5941770000001 0 0 0 0 0 0 191.2304008 0 967.304504 210.6439475 1000.978549 208.13671300000004 26.962331666666667 86.58238700000001 0.25 0.0 0.05 0.1 0.15 0.2 0.15 0.1 81.05221402816902 0 75.50794166666667 0.8875 0.0 0.1125 0.85 0.15 0.0 0.0 0.0 0.0 0.0 0.0 0.5694444444444444 0.2361111111111111 0.16666666666666666 0.0 0.027777777777777776 wanghe 2Сʱ_mousemovements
82.70542516666667 781.6679483333334 0 0 2944.082764 1144.4277345 0 1226.868774 0 2944.082764 0 380.982605 1106.588623 81.5604935 665.3120446666667 672.2639235 0.0 0.08333333333333333 0.0 0.08333333333333333 0.08333333333333333 0.16666666666666666 0.25 0.3333333333333333 188.9137850952381 21.276596 448.462611 0.9130434782608695 0.021739130434782608 0.06521739130434782 0.46153846153846156 0.23076923076923078 0.0 0.0 0.07692307692307693 0.15384615384615385 0.0 0.07692307692307693 0.7073170731707317 0.14634146341463414 0.14634146341463414 0.0 0.0 wanghe 2Сʱ_mousemovements
172.50228060869566 403.79535283333325 573.4201985000001 270.706085 695.79276275 0 0 0 0 341.239784 423.10073850000003 561.8371086666667 123.23430160000001 456.595327 277.79407328571426 371.02901716666673 0.0 0.11904761904761904 0.14285714285714285 0.07142857142857142 0.11904761904761904 0.07142857142857142 0.3333333333333333 0.14285714285714285 90.68150398275863 790.0030325 175.68206981818182 0.8992248062015504 0.015503875968992248 0.08527131782945736 0.5476190476190477 0.14285714285714285 0.19047619047619047 0.023809523809523808 0.09523809523809523 0.0 0.0 0.0 0.5377358490566038 0.20754716981132076 0.14150943396226415 0.05660377358490566 0.05660377358490566 wanghe 2Сʱ_mousemovements
107.98893629411765 410.13788024999997 411.961884 861.529251 959.9997966666666 736.1111856666666 676.6768645 726.752889 289.74066666666664 618.3320058333333 373.4698485 379.17429866666663 303.94483183333335 258.7334504 709.1021626666667 379.8468479999999 0.07692307692307693 0.15384615384615385 0.10256410256410256 0.07692307692307693 0.15384615384615385 0.1282051282051282 0.07692307692307693 0.23076923076923078 98.90001671929826 266.696564 254.85777752941175 0.8636363636363636 0.007575757575757576 0.12878787878787878 0.4358974358974359 0.20512820512820512 0.02564102564102564 0.05128205128205128 0.07692307692307693 0.07692307692307693 0.05128205128205128 0.07692307692307693 0.5454545454545454 0.21487603305785125 0.14049586776859505 0.08264462809917356 0.01652892561983471 wanghe 2Сʱ_mousemovements
158.15576170454543 348.82309216666664 797.9850692499999 642.2870485000001 968.9724427142858 628.5361754 974.7134803333332 0 486.7508892222222 173.542076 357.6621429 449.8293523636364 432.0786064 340.3472245 264.7873823333333 526.8629474999999 0.1232876712328767 0.136986301369863 0.136986301369863 0.1506849315068493 0.0684931506849315 0.0547945205479452 0.1643835616438356 0.1643835616438356 114.5339059408602 170.7596192 305.8557975 0.8899521531100478 0.023923444976076555 0.0861244019138756 0.6027397260273972 0.0821917808219178 0.0547945205479452 0.0547945205479452 0.0958904109589041 0.0684931506849315 0.0410958904109589 0.0 0.581151832460733 0.17277486910994763 0.14136125654450263 0.06806282722513089 0.03664921465968586 wanghe 2Сʱ_mousemovements
198.0651793125 430.46307558333336 450.7245299 1213.2338356666667 1143.6164245 785.5718872 875.3504335 3124.610352 446.423299 455.55602259999995 628.5481138461538 410.6477381666666 213.8397127857143 644.9509908571429 599.8749111666667 452.202026 0.08695652173913043 0.14492753623188406 0.18840579710144928 0.08695652173913043 0.2028985507246377 0.10144927536231885 0.17391304347826086 0.014492753623188406 114.26858342452826 1291.6695555 296.1879527142857 0.902127659574468 0.00851063829787234 0.08936170212765958 0.463768115942029 0.17391304347826086 0.14492753623188406 0.043478260869565216 0.057971014492753624 0.07246376811594203 0.028985507246376812 0.014492753623188406 0.5645933014354066 0.215311004784689 0.10047846889952153 0.10047846889952153 0.019138755980861243 wanghe 2Сʱ_mousemovements
157.05972545454546 514.140503 1191.5683589999999 0 390.790436 638.358337 0 0 338.884735 535.9113235000001 0 0 202.69922799999998 345.822714 54.170879 0 0.0625 0.375 0.0 0.0 0.1875 0.25 0.125 0.0 138.78933769999998 0 34.169822 0.9302325581395349 0.0 0.06976744186046512 0.6875 0.0625 0.125 0.0 0.0625 0.0625 0.0 0.0 0.3888888888888889 0.25 0.08333333333333333 0.19444444444444445 0.08333333333333333 wanghe 2Сʱ_mousemovements
47.820643499999996 409.8560945 519.4504469999999 380.973991 0 1355.897644 1085.8375853333334 0 80.023048 1024.0001933333333 180.84988266666664 152.3389185 409.72502099999997 514.55176425 1532.870239 501.97180433333324 0.05263157894736842 0.15789473684210525 0.15789473684210525 0.10526315789473684 0.10526315789473684 0.21052631578947367 0.05263157894736842 0.15789473684210525 119.29908190625001 0 456.11052440000003 0.927536231884058 0.0 0.07246376811594203 0.3157894736842105 0.10526315789473684 0.21052631578947367 0.10526315789473684 0.0 0.10526315789473684 0.15789473684210525 0.0 0.42857142857142855 0.2857142857142857 0.125 0.08928571428571429 0.07142857142857142 wanghe 2Сʱ_mousemovements
133.6031269166667 513.865859875 569.8337783750001 715.0883865000001 971.04759 858.180435 1147.759766 905.37010175 353.8247694 326.4806789 954.1345804444445 386.4813888 637.845581 475.8603493636363 509.9057416153846 280.181312 0.08333333333333333 0.16666666666666666 0.15 0.08333333333333333 0.016666666666666666 0.18333333333333332 0.21666666666666667 0.1 126.09488978074864 10.638298 267.18861104347826 0.8862559241706162 0.004739336492890996 0.10900473933649289 0.4 0.13333333333333333 0.13333333333333333 0.06666666666666667 0.11666666666666667 0.06666666666666667 0.016666666666666666 0.06666666666666667 0.56353591160221 0.20994475138121546 0.09944751381215469 0.09392265193370165 0.03314917127071823 wanghe 2Сʱ_mousemovements
104.151218 489.3312793636364 279.02570349999996 583.2373657142856 491.292847 0 765.9160766666668 949.3267515 380.189997125 413.519432625 350.356974 427.26840200000004 153.93300779999998 492.5135429999999 100.29435266666667 282.03853733333335 0.13333333333333333 0.13333333333333333 0.05 0.03333333333333333 0.3333333333333333 0.16666666666666666 0.05 0.1 70.22143048876401 54.80989866666666 349.2717943125 0.9035532994923858 0.015228426395939087 0.08121827411167512 0.5666666666666667 0.18333333333333332 0.03333333333333333 0.11666666666666667 0.016666666666666666 0.0 0.05 0.03333333333333333 0.5771428571428572 0.22285714285714286 0.09142857142857143 0.06857142857142857 0.04 wanghe 2Сʱ_mousemovements
128.8340646363636 318.01789866666667 0 0 0 0 0 0 269.709595 0 292.9252984285714 0 113.33952400000001 84.3484694 158.05504337500003 84.694908 0.03571428571428571 0.0 0.25 0.0 0.17857142857142858 0.17857142857142858 0.2857142857142857 0.07142857142857142 57.704573233766226 0 59.84093499999999 0.9390243902439024 0.0 0.06097560975609756 0.7857142857142857 0.21428571428571427 0.0 0.0 0.0 0.0 0.0 0.0 0.38333333333333336 0.31666666666666665 0.15 0.05 0.1 wanghe 2Сʱ_mousemovements
142.9105374137931 846.8001710000001 758.4921516666667 524.3460386666667 0 0 0 1342.132935 458.25156025000007 512.689941 166.45568450000002 419.61561200000006 729.8336736 229.18777842857142 181.8696111818182 467.53009288888893 0.09302325581395349 0.023255813953488372 0.046511627906976744 0.09302325581395349 0.11627906976744186 0.16279069767441862 0.2558139534883721 0.20930232558139536 102.9988646328125 0 332.584466 0.9411764705882353 0.0 0.058823529411764705 0.6590909090909091 0.11363636363636363 0.13636363636363635 0.06818181818181818 0.0 0.0 0.0 0.022727272727272728 0.5423728813559322 0.2627118644067797 0.11016949152542373 0.059322033898305086 0.025423728813559324 wanghe 2Сʱ_mousemovements
162.83418945833338 346.05218999999994 328.0580445 617.2961831666667 467.938202 1265.5658875 451.985291 513.666992 469.69377333333324 199.19916262499999 498.77200000000005 245.06606299999999 323.69592933333337 389.1609843 235.86029675 331.319878 0.1276595744680851 0.1702127659574468 0.10638297872340426 0.0425531914893617 0.1276595744680851 0.2127659574468085 0.1702127659574468 0.0425531914893617 84.06153262773724 0 236.8125358888889 0.8838709677419355 0.0 0.11612903225806452 0.5106382978723404 0.14893617021276595 0.0851063829787234 0.1276595744680851 0.0425531914893617 0.0425531914893617 0.02127659574468085 0.02127659574468085 0.4094488188976378 0.2677165354330709 0.12598425196850394 0.14173228346456693 0.05511811023622047 wanghe 2Сʱ_mousemovements
154.91286236363635 665.528839 510.168884 537.7410735 1329.799072 676.757996 576.866394 0 342.635231 0 573.4506023333333 496.0243375 1329.799072 103.5195625 292.71775214285714 295.3896966666667 0.1 0.0 0.15 0.1 0.05 0.1 0.35 0.15 100.78300340740738 0 303.427539 0.8709677419354839 0.0 0.12903225806451613 0.55 0.15 0.05 0.1 0.05 0.05 0.05 0.0 0.66 0.16 0.06 0.1 0.02 wanghe 2Сʱ_mousemovements
122.18889263636365 594.9910580000001 658.118695 379.114288 0 0 544.1020505 0 150.92311850000002 125.0 533.9610491666667 33.338863 8.0 303.12696066666666 705.6464843333333 544.361206 0.09523809523809523 0.047619047619047616 0.2857142857142857 0.09523809523809523 0.14285714285714285 0.14285714285714285 0.14285714285714285 0.047619047619047616 129.4252283392857 0 44.159012 0.9824561403508771 0.0 0.017543859649122806 0.5238095238095238 0.09523809523809523 0.23809523809523808 0.047619047619047616 0.0 0.0 0.09523809523809523 0.0 0.5434782608695652 0.2391304347826087 0.10869565217391304 0.021739130434782608 0.08695652173913043 wanghe 2Сʱ_mousemovements
126.37969 541.6759424285714 640.0045304 517.406845 0 0 0 0 408.8085733333334 261.8744395 691.747213 328.79228774999996 105.03526666666666 345.3896025 488.30567899999994 382.2771295 0.12 0.08 0.12 0.16 0.12 0.08 0.08 0.24 156.2851730166667 0.0 39.634148 0.967741935483871 0.016129032258064516 0.016129032258064516 0.44 0.28 0.2 0.08 0.0 0.0 0.0 0.0 0.4897959183673469 0.3469387755102041 0.08163265306122448 0.061224489795918366 0.02040816326530612 wanghe 2Сʱ_mousemovements
137.229863375 348.923166 413.845551 440.552429 632.031799 1034.874756 940.190552 890.341675 632.031799 415.9156014 271.879013 890.341675 0 630.762787 174.70946550000002 272.05463899999995 0.05263157894736842 0.2631578947368421 0.10526315789473684 0.05263157894736842 0.0 0.10526315789473684 0.21052631578947367 0.21052631578947367 41.2788391147541 0 334.02016521428567 0.8133333333333334 0.0 0.18666666666666668 0.42105263157894735 0.2631578947368421 0.05263157894736842 0.05263157894736842 0.05263157894736842 0.05263157894736842 0.05263157894736842 0.05263157894736842 0.647887323943662 0.2112676056338028 0.028169014084507043 0.07042253521126761 0.04225352112676056 wanghe 2Сʱ_mousemovements
176.798747 356.48408166666667 769.5156046666667 340.899456 1031.107056 0 467.917389 369.552582 346.622101 254.87027057142856 624.850332 493.9328155 204.407728 392.8728148 249.48465925 176.49585340000002 0.05405405405405406 0.1891891891891892 0.08108108108108109 0.10810810810810811 0.1891891891891892 0.13513513513513514 0.10810810810810811 0.13513513513513514 70.4415394587156 609.118408 195.05930700000002 0.8582677165354331 0.007874015748031496 0.13385826771653545 0.5405405405405406 0.24324324324324326 0.08108108108108109 0.05405405405405406 0.02702702702702703 0.0 0.02702702702702703 0.02702702702702703 0.6346153846153846 0.23076923076923078 0.09615384615384616 0.028846153846153848 0.009615384615384616 wanghe 2Сʱ_mousemovements
175.82195218181818 438.11916116666674 1112.097656 1633.844727 0 0 0 0 0 427.3529216 56.326241 0 16.129032 246.04428799999997 741.527157 0.0 0.0 0.5263157894736842 0.05263157894736842 0.0 0.05263157894736842 0.15789473684210525 0.15789473684210525 0.05263157894736842 110.04089417241379 22.498416 176.26602599999998 0.8923076923076924 0.03076923076923077 0.07692307692307693 0.5789473684210527 0.3157894736842105 0.05263157894736842 0.05263157894736842 0.0 0.0 0.0 0.0 0.6792452830188679 0.20754716981132076 0.07547169811320754 0.03773584905660377 0.0 wanghe 2Сʱ_mousemovements
117.140149875 219.81594699999997 570.6225890000001 1462.952372 0 0 0 0 0 475.01029614285716 221.301979 0 49.356753999999995 504.66597 485.0662826666667 0 0.0 0.3684210526315789 0.10526315789473684 0.0 0.10526315789473684 0.10526315789473684 0.3157894736842105 0.0 98.9718793898305 34.88372 212.4327301111111 0.855072463768116 0.014492753623188406 0.13043478260869565 0.42105263157894735 0.3157894736842105 0.10526315789473684 0.15789473684210525 0.0 0.0 0.0 0.0 0.6181818181818182 0.12727272727272726 0.12727272727272726 0.05454545454545454 0.07272727272727272 wanghe 2Сʱ_mousemovements
187.51503015789476 446.36084279999994 889.601135 0 0 2313.4555665 1341.9224245 1623.5194093333332 486.09977128571427 710.0437405000001 473.755005 168.16601333333332 85.379158 2313.4555665 474.725754 516.041754 0.21875 0.1875 0.09375 0.09375 0.0625 0.0625 0.125 0.15625 115.90323272815534 5.319149 532.0641433076923 0.8728813559322034 0.01694915254237288 0.11016949152542373 0.59375 0.15625 0.03125 0.0 0.0 0.0625 0.0625 0.09375 0.6090909090909091 0.16363636363636364 0.15454545454545454 0.02727272727272727 0.045454545454545456 wanghe 2Сʱ_mousemovements
135.21893615384616 382.86490728571425 332.106022 583.17511 0 0 0 0 340.647614 268.2664892857143 189.046248 12.974437 227.10228733333335 351.497253 306.86651866666665 12.658228 0.043478260869565216 0.30434782608695654 0.13043478260869565 0.043478260869565216 0.13043478260869565 0.043478260869565216 0.2608695652173913 0.043478260869565216 49.83580474603175 12.974437 361.8082198571429 0.8873239436619719 0.014084507042253521 0.09859154929577464 0.5652173913043478 0.30434782608695654 0.08695652173913043 0.043478260869565216 0.0 0.0 0.0 0.0 0.7142857142857143 0.14285714285714285 0.10714285714285714 0.03571428571428571 0.0 wanghe 2Сʱ_mousemovements
246.84715892857145 2044.2001546666668 409.821116 1827.534424 815.5493622500001 728.7187345 650.4833065 0 285.409256 2000.0470990000001 449.302246 355.2056463333334 576.117798 521.016418 637.99237525 482.97726980000004 0.06896551724137931 0.10344827586206896 0.10344827586206896 0.20689655172413793 0.034482758620689655 0.034482758620689655 0.27586206896551724 0.1724137931034483 129.40578826530614 0 374.01829637500003 0.8596491228070176 0.0 0.14035087719298245 0.4827586206896552 0.10344827586206896 0.10344827586206896 0.034482758620689655 0.13793103448275862 0.06896551724137931 0.06896551724137931 0.0 0.6632653061224489 0.1326530612244898 0.1326530612244898 0.07142857142857142 0.0 wanghe 2Сʱ_mousemovements
95.64139916666666 455.9853035714286 606.626241 1036.2635500000001 431.018036 866.2487484999999 0 227.885773 555.6240652500001 382.76361799999995 73.5078645 1.675609 69.148937 520.4084775 597.972292 329.4519045 0.14285714285714285 0.25 0.14285714285714285 0.03571428571428571 0.07142857142857142 0.07142857142857142 0.21428571428571427 0.07142857142857142 89.17768991566264 9.864603500000001 246.3018133846154 0.8469387755102041 0.02040816326530612 0.1326530612244898 0.42857142857142855 0.25 0.10714285714285714 0.07142857142857142 0.03571428571428571 0.07142857142857142 0.0 0.03571428571428571 0.5866666666666667 0.24 0.05333333333333334 0.08 0.04 wanghe 2Сʱ_mousemovements
130.3112168 483.4341492 610.0118709999999 0 0 580.066055 0 0 74.723427 234.23604600000002 394.73424525 904.939575 0 501.60908500000005 581.699951 127.5962675 0.07142857142857142 0.14285714285714285 0.2857142857142857 0.07142857142857142 0.0 0.14285714285714285 0.14285714285714285 0.14285714285714285 91.129426375 0 450.92640675 0.9090909090909091 0.0 0.09090909090909091 0.35714285714285715 0.35714285714285715 0.14285714285714285 0.0 0.0 0.14285714285714285 0.0 0.0 0.5806451612903226 0.22580645161290322 0.16129032258064516 0.03225806451612903 0.0 wanghe 2Сʱ_mousemovements
172.00545849999997 0 414.511383 0 474.007507 859.762085 0 0 414.511383 0 0 474.007507 172.00545849999997 0 0 859.762085 0.2 0.0 0.0 0.2 0.4 0.0 0.0 0.2 17.282816555555556 0 445.3002985 0.8181818181818182 0.0 0.18181818181818182 0.4 0.0 0.2 0.0 0.2 0.2 0.0 0.0 0.6666666666666666 0.16666666666666666 0.1111111111111111 0.05555555555555555 0.0 wanghe 2Сʱ_mousemovements
0 0 0 0 0 0 0 0 0 0 0 0 0 0 0 0 0 0 0 0 0 0 0 0 0 0 0 0 0 0 0 0 0 0 0 0 0 0 0 0 0 0 0 wanghe 2Сʱ_mousemovements
