99.92477768224296 581.8591504999999 554.0584328181818 1455.6314764444444 1534.021614 1262.893967 1994.8993736666664 0 851.2552083571428 266.9360972142857 168.8134576 405.7056412 330.0026610666667 260.6202843888889 199.5673389534884 646.3883829444444 0.09210526315789473 0.09210526315789473 0.03289473684210526 0.06578947368421052 0.19736842105263158 0.11842105263157894 0.28289473684210525 0.11842105263157894 99.88632933269228 96.8441152 164.55235926666668 0.9541284403669725 0.01834862385321101 0.027522935779816515 0.6993464052287581 0.10457516339869281 0.0718954248366013 0.058823529411764705 0.032679738562091505 0.013071895424836602 0.0196078431372549 0.0 0.669260700389105 0.19844357976653695 0.07587548638132295 0.038910505836575876 0.017509727626459144 leishengchuan 4Сʱ_mousemovements
99.01225297183097 550.9357039333333 396.216285625 1327.7922408 935.238525 0 632.5065106666667 753.177063 610.6476603636364 324.05685600000004 262.7079136363637 257.6448454285714 156.57990353333332 202.87231618750002 120.92948546666665 353.5481171875 0.10576923076923077 0.125 0.10576923076923077 0.0673076923076923 0.14423076923076922 0.15384615384615385 0.14423076923076922 0.15384615384615385 87.92605811688313 45.690907166666655 211.80306860000002 0.9476923076923077 0.036923076923076927 0.015384615384615385 0.6826923076923077 0.14423076923076922 0.07692307692307693 0.04807692307692308 0.009615384615384616 0.0 0.028846153846153848 0.009615384615384616 0.5337837837837838 0.3108108108108108 0.0777027027027027 0.04054054054054054 0.037162162162162164 leishengchuan 4Сʱ_mousemovements
137.0947761868132 252.04583941666672 660.9658076666667 528.1203554 1197.1641845 1604.7875573333333 1375.1620785 1130.729126 361.5875757 446.3289520833334 221.0274612142857 217.98355971428572 121.47041919047618 491.03504583333336 188.35306073333334 185.58628593333333 0.08064516129032258 0.1935483870967742 0.11290322580645161 0.056451612903225805 0.1693548387096774 0.14516129032258066 0.12096774193548387 0.12096774193548387 89.78093439522549 19.739716000000005 99.12468293750001 0.8997613365155132 0.06205250596658711 0.03818615751789976 0.7338709677419355 0.0967741935483871 0.04838709677419355 0.04032258064516129 0.016129032258064516 0.024193548387096774 0.03225806451612903 0.008064516129032258 0.5623409669211196 0.272264631043257 0.10687022900763359 0.04071246819338423 0.017811704834605598 leishengchuan 4Сʱ_mousemovements
0 0 0 0 0 0 0 0 0 0 0 0 0 0 0 0 0 0 0 0 0 0 0 0 0 0 0 0 0 0 0 0 0 0 0 0 0 0 0 0 0 0 0 leishengchuan 4Сʱ_mousemovements
0 0 0 0 0 0 0 0 0 0 0 0 0 0 0 0 0 0 0 0 0 0 0 0 0 0 0 0 0 0 0 0 0 0 0 0 0 0 0 0 0 0 0 leishengchuan 4Сʱ_mousemovements
0 0 0 0 0 0 0 0 0 0 0 0 0 0 0 0 0 0 0 0 0 0 0 0 0 0 0 0 0 0 0 0 0 0 0 0 0 0 0 0 0 0 0 leishengchuan 4Сʱ_mousemovements
0 0 0 0 0 0 0 0 0 0 0 0 0 0 0 0 0 0 0 0 0 0 0 0 0 0 0 0 0 0 0 0 0 0 0 0 0 0 0 0 0 0 0 leishengchuan 4Сʱ_mousemovements
0 0 0 0 0 0 0 0 0 0 0 0 0 0 0 0 0 0 0 0 0 0 0 0 0 0 0 0 0 0 0 0 0 0 0 0 0 0 0 0 0 0 0 leishengchuan 4Сʱ_mousemovements
0 0 0 0 0 0 0 0 0 0 0 0 0 0 0 0 0 0 0 0 0 0 0 0 0 0 0 0 0 0 0 0 0 0 0 0 0 0 0 0 0 0 0 leishengchuan 4Сʱ_mousemovements
0 0 0 0 0 0 0 0 0 0 0 0 0 0 0 0 0 0 0 0 0 0 0 0 0 0 0 0 0 0 0 0 0 0 0 0 0 0 0 0 0 0 0 leishengchuan 4Сʱ_mousemovements
0 0 0 0 0 0 0 0 0 0 0 0 0 0 0 0 0 0 0 0 0 0 0 0 0 0 0 0 0 0 0 0 0 0 0 0 0 0 0 0 0 0 0 leishengchuan 4Сʱ_mousemovements
109.01114614705881 360.1084278571429 449.63793933333335 689.066693 894.055786 440.684723 0 642.881958 457.9290238 171.49739083333336 266.8589943333333 278.847377 188.6314979 190.6202303 312.24892690909087 347.12173740000003 0.0847457627118644 0.1016949152542373 0.15254237288135594 0.05084745762711865 0.1694915254237288 0.1694915254237288 0.1864406779661017 0.0847457627118644 108.38990897761194 58.639962357142856 174.559433 0.8993288590604027 0.09395973154362416 0.006711409395973154 0.576271186440678 0.23728813559322035 0.05084745762711865 0.0847457627118644 0.01694915254237288 0.01694915254237288 0.0 0.01694915254237288 0.5579710144927537 0.2753623188405797 0.10869565217391304 0.028985507246376812 0.028985507246376812 leishengchuan 4Сʱ_mousemovements
101.60021964799999 452.15387618181813 581.1093478125 895.3916915833333 333.2879995 1506.03088375 698.451477 692.428711 429.1863667333334 387.0230041935484 247.653677875 220.82064730434783 132.4484204074074 274.31299339130436 288.4106805769231 313.41933394736844 0.0797872340425532 0.16489361702127658 0.1276595744680851 0.12234042553191489 0.14361702127659576 0.12234042553191489 0.13829787234042554 0.10106382978723404 90.38328102146693 45.54094196153846 181.45074083333336 0.9458544839255499 0.043993231810490696 0.01015228426395939 0.6648936170212766 0.11702127659574468 0.0851063829787234 0.06382978723404255 0.031914893617021274 0.02127659574468085 0.005319148936170213 0.010638297872340425 0.6105072463768116 0.21739130434782608 0.11413043478260869 0.02717391304347826 0.030797101449275364 leishengchuan 4Сʱ_mousemovements
125.95646502343756 398.8253890555556 746.236788 816.056885 1605.579346 1599.4535034 1540.0777180000002 938.229553 240.56488141176473 375.24537244000004 431.35111516666666 173.20097575000003 166.98786072727273 325.40997822727275 449.5197092432432 379.6472103750001 0.09550561797752809 0.1404494382022472 0.06741573033707865 0.0898876404494382 0.1853932584269663 0.12359550561797752 0.20786516853932585 0.0898876404494382 96.73510590000002 17.5940263 287.38239827777784 0.9330985915492958 0.035211267605633804 0.03169014084507042 0.7231638418079096 0.1016949152542373 0.07909604519774012 0.022598870056497175 0.005649717514124294 0.02824858757062147 0.03389830508474576 0.005649717514124294 0.6228893058161351 0.20825515947467166 0.1050656660412758 0.03189493433395872 0.03189493433395872 leishengchuan 4Сʱ_mousemovements
120.51486215517248 423.22779175 364.2763197272727 670.9636840999999 473.484436 676.880361 0 0 310.39889149999993 183.04430000000002 338.476111 202.67955027272728 139.3863297222222 201.73682562499994 261.57450920833327 205.66584396551724 0.08484848484848485 0.15757575757575756 0.11515151515151516 0.06666666666666667 0.10909090909090909 0.14545454545454545 0.14545454545454545 0.17575757575757575 74.09984622075055 76.39913515384616 138.798849 0.9207317073170732 0.052845528455284556 0.026422764227642278 0.703030303030303 0.14545454545454545 0.06666666666666667 0.06060606060606061 0.006060606060606061 0.01818181818181818 0.0 0.0 0.562363238512035 0.25820568927789933 0.10284463894967177 0.05470459518599562 0.02188183807439825 leishengchuan 4Сʱ_mousemovements
129.17418563636363 440.70500181818187 972.5158115555555 807.7377523333333 605.4098003333334 779.26177175 2642.4525556666667 0 598.5456717999999 735.8114614000001 388.69279716666665 455.22509633333334 248.38913857142862 533.6156518461538 432.92277209999986 363.4276923333333 0.18072289156626506 0.12048192771084337 0.07228915662650602 0.07228915662650602 0.1686746987951807 0.1566265060240964 0.12048192771084337 0.10843373493975904 178.6323825428572 34.11109230000001 156.0424161 0.9130434782608695 0.043478260869565216 0.043478260869565216 0.5301204819277109 0.13253012048192772 0.10843373493975904 0.10843373493975904 0.03614457831325301 0.04819277108433735 0.03614457831325301 0.0 0.627906976744186 0.21395348837209302 0.07441860465116279 0.05581395348837209 0.027906976744186046 leishengchuan 4Сʱ_mousemovements
126.54829436206893 489.7520009090909 468.709142 1068.6006407999998 516.663452 2396.4094845 1384.818726 1336.838562 304.8435877142857 496.10933199999994 406.1092295 160.1659767142857 49.241074125 456.2464937499999 593.8487757272727 376.78080290909094 0.08139534883720931 0.09302325581395349 0.06976744186046512 0.08139534883720931 0.18604651162790697 0.23255813953488372 0.12790697674418605 0.12790697674418605 118.94704551724136 13.128368846153846 413.9876758333333 0.9243027888446215 0.05179282868525897 0.02390438247011952 0.6744186046511628 0.12790697674418605 0.06976744186046512 0.05813953488372093 0.011627906976744186 0.023255813953488372 0.011627906976744186 0.023255813953488372 0.6167400881057269 0.19383259911894274 0.0881057268722467 0.06607929515418502 0.03524229074889868 leishengchuan 4Сʱ_mousemovements
164.63751091666666 292.799072 588.6168210000001 0 0 0 762.578552 3134.3035275 276.804764 0 656.446594 117.20700249999999 125.46644175 1480.846313 1687.832404 224.43194833333334 0.1111111111111111 0.0 0.16666666666666666 0.1111111111111111 0.2222222222222222 0.05555555555555555 0.16666666666666666 0.16666666666666666 197.08741628301888 19.313709 2.3843360000000002 0.8983050847457628 0.01694915254237288 0.0847457627118644 0.6666666666666666 0.05555555555555555 0.1111111111111111 0.0 0.0 0.0 0.05555555555555555 0.1111111111111111 0.6428571428571429 0.21428571428571427 0.07142857142857142 0.03571428571428571 0.03571428571428571 leishengchuan 4Сʱ_mousemovements
98.7696295526316 325.48352685714286 738.654114 1885.977173 0 1586.03418 0 0 161.4214614 182.786005 392.96408399999996 206.0180605 279.73119336363635 60.21654816666666 202.37042766666664 188.76291071428574 0.10416666666666667 0.14583333333333334 0.10416666666666667 0.08333333333333333 0.22916666666666666 0.125 0.0625 0.14583333333333334 61.51929147590361 15.0468465 0 0.9880952380952381 0.011904761904761904 0.0 0.7916666666666666 0.14583333333333334 0.020833333333333332 0.020833333333333332 0.0 0.020833333333333332 0.0 0.0 0.6291390728476821 0.2847682119205298 0.046357615894039736 0.033112582781456956 0.006622516556291391 leishengchuan 4Сʱ_mousemovements
128.73081332258067 424.7820003 571.5592702499999 1009.1631224444445 921.1540219999999 0 1461.946594 2511.846436 138.316717 407.07089221739125 449.9957145 544.1286557999999 110.07780211111111 609.9675065833334 363.0686804000001 182.67838153333335 0.04081632653061224 0.23469387755102042 0.10204081632653061 0.05102040816326531 0.09183673469387756 0.12244897959183673 0.20408163265306123 0.15306122448979592 99.36135834437084 333.4647855 239.94163266666666 0.94375 0.0375 0.01875 0.6326530612244898 0.10204081632653061 0.12244897959183673 0.09183673469387756 0.02040816326530612 0.0 0.02040816326530612 0.01020408163265306 0.6127946127946128 0.21885521885521886 0.09764309764309764 0.04713804713804714 0.02356902356902357 leishengchuan 4Сʱ_mousemovements
