185.793304 0 0 0 0 0 0 0 0 0 0 185.793304 0 0 0 0 0.0 0.0 0.0 1.0 0.0 0.0 0.0 0.0 92.896652 0 0 1.0 0.0 0.0 1.0 0.0 0.0 0.0 0.0 0.0 0.0 0.0 0.0 1.0 0.0 0.0 0.0 renqiuchen 8Сʱ_mousemovements
0 0 0 0 0 0 0 0 0 0 0 0 0 0 0 0 0 0 0 0 0 0 0 0 0 0 0 0 0 0 0 0 0 0 0 0 0 0 0 0 0 0 0 renqiuchen 8Сʱ_mousemovements
0 0 0 0 0 0 0 0 0 0 0 0 0 0 0 0 0 0 0 0 0 0 0 0 0 0 0 0 0 0 0 0 0 0 0 0 0 0 0 0 0 0 0 renqiuchen 8Сʱ_mousemovements
0 0 0 0 0 0 0 0 0 0 0 0 0 0 0 0 0 0 0 0 0 0 0 0 0 0 0 0 0 0 0 0 0 0 0 0 0 0 0 0 0 0 0 renqiuchen 8Сʱ_mousemovements
0 0 0 0 0 0 0 0 0 0 0 0 0 0 0 0 0 0 0 0 0 0 0 0 0 0 0 0 0 0 0 0 0 0 0 0 0 0 0 0 0 0 0 renqiuchen 8Сʱ_mousemovements
179.9338645 617.3453065 0 1083.3270265 981.460632 0 0 0 524.383072 617.3453065 0 507.1890065 0 0 1444.838257 0 0.2857142857142857 0.2857142857142857 0.0 0.2857142857142857 0.0 0.0 0.14285714285714285 0.0 247.8818761052632 0 32.917381 0.95 0.0 0.05 0.2857142857142857 0.2857142857142857 0.0 0.2857142857142857 0.14285714285714285 0.0 0.0 0.0 0.35294117647058826 0.35294117647058826 0.29411764705882354 0.0 0.0 renqiuchen 8Сʱ_mousemovements
180.182043 302.97345 465.157806 410.289856 0 2314.581299 767.226257 1076.177368 0 113.63699266666667 0 560.754383 410.289856 0 0 1081.0326283333334 0.0 0.2727272727272727 0.0 0.36363636363636365 0.09090909090909091 0.0 0.0 0.2727272727272727 173.76427021212123 465.157806 18.968764 0.9166666666666666 0.027777777777777776 0.05555555555555555 0.45454545454545453 0.09090909090909091 0.09090909090909091 0.09090909090909091 0.0 0.09090909090909091 0.09090909090909091 0.09090909090909091 0.4411764705882353 0.35294117647058826 0.11764705882352941 0.029411764705882353 0.058823529411764705 renqiuchen 8Сʱ_mousemovements
100.28915275 0 360.130432 311.218109 1321.703247 0 0 0 0 14.234876 771.3796615 0 0 311.218109 251.302139 23.391813 0.0 0.14285714285714285 0.2857142857142857 0.0 0.0 0.14285714285714285 0.2857142857142857 0.14285714285714285 94.034337 0 162.7264925 0.9166666666666666 0.0 0.08333333333333333 0.5714285714285714 0.0 0.14285714285714285 0.14285714285714285 0.14285714285714285 0.0 0.0 0.0 0.75 0.15 0.05 0.05 0.0 renqiuchen 8Сʱ_mousemovements
0 0 0 0 0 0 0 0 0 0 0 0 0 0 0 0 0 0 0 0 0 0 0 0 0 0 0 0 0 0 0 0 0 0 0 0 0 0 0 0 0 0 0 renqiuchen 8Сʱ_mousemovements
0 237.043884 0 0 0 0 0 0 0 0 0 237.043884 0 0 0 0 0.0 0.0 0.0 1.0 0.0 0.0 0.0 0.0 0.0 0 237.043884 0.8333333333333334 0.0 0.16666666666666666 0.0 1.0 0.0 0.0 0.0 0.0 0.0 0.0 0.8 0.0 0.0 0.2 0.0 renqiuchen 8Сʱ_mousemovements
128.3278352 208.11980439999996 741.7706605000001 2001.074951 0 523.799316 1235.714844 2240.958893 2751.1325685 355.96475200000003 0 156.7295835 264.9861372857143 338.67359899999997 214.63183414285712 443.3183025 0.07407407407407407 0.1111111111111111 0.0 0.07407407407407407 0.25925925925925924 0.07407407407407407 0.25925925925925924 0.14814814814814814 142.96585656 0 492.28138150000007 0.9493670886075949 0.0 0.05063291139240506 0.5555555555555556 0.18518518518518517 0.07407407407407407 0.037037037037037035 0.0 0.037037037037037035 0.037037037037037035 0.07407407407407407 0.5671641791044776 0.2537313432835821 0.1044776119402985 0.014925373134328358 0.05970149253731343 renqiuchen 8Сʱ_mousemovements
163.7124314444444 505.93332885714284 620.1472044 618.1498056666666 801.3062987999999 1937.8227845 571.46310425 2265.630127 165.65288930000003 304.13383825 456.818876 590.2247085 284.2496527142857 367.640588 802.1226180000001 615.6576958333334 0.15151515151515152 0.12121212121212122 0.13636363636363635 0.06060606060606061 0.10606060606060606 0.18181818181818182 0.15151515151515152 0.09090909090909091 151.69938126436784 130.86533575 219.91520175 0.9354838709677419 0.021505376344086023 0.043010752688172046 0.5454545454545454 0.10606060606060606 0.07575757575757576 0.09090909090909091 0.07575757575757576 0.030303030303030304 0.06060606060606061 0.015151515151515152 0.5029940119760479 0.2994011976047904 0.10778443113772455 0.059880239520958084 0.029940119760479042 renqiuchen 8Сʱ_mousemovements
161.70987027272727 382.5388092 608.93475325 536.073433125 991.4714965000001 4651.2485965000005 647.930084 1724.2663575000001 230.31570925000003 1557.4229781428571 372.34023037500003 443.0229871666666 264.5931217000001 298.14231233333334 539.0518081818182 363.14014683333335 0.06896551724137931 0.1206896551724138 0.13793103448275862 0.10344827586206896 0.1724137931034483 0.10344827586206896 0.1896551724137931 0.10344827586206896 172.96685180645167 516.4978715 270.052692375 0.9393939393939394 0.012121212121212121 0.048484848484848485 0.5689655172413793 0.08620689655172414 0.06896551724137931 0.13793103448275862 0.034482758620689655 0.034482758620689655 0.034482758620689655 0.034482758620689655 0.5625 0.2569444444444444 0.09722222222222222 0.041666666666666664 0.041666666666666664 renqiuchen 8Сʱ_mousemovements
128.03019289795913 776.3042860769231 838.6220296666667 822.4766599999999 613.9903413333333 0 0 919.11615 345.7118315 287.08268709090913 1086.2673654 237.4997556153846 207.06241800000004 311.524316923077 289.09508415384613 269.641241 0.05 0.1375 0.125 0.1625 0.1 0.1625 0.1625 0.1 137.02994027777777 146.83644537499998 257.9984441428571 0.9295774647887324 0.03755868544600939 0.03286384976525822 0.6125 0.1625 0.075 0.0625 0.075 0.0 0.0 0.0125 0.5323383084577115 0.24875621890547264 0.09950248756218906 0.03482587064676617 0.0845771144278607 renqiuchen 8Сʱ_mousemovements
186.12394909999995 392.43131999999997 774.9297347272728 547.0260925 986.614685 354.441414 1789.833862 689.32782 0 248.63230325 623.315827 485.62406599999997 166.4777407857143 256.5829452 555.9204457500001 196.4845353 0.0 0.11940298507462686 0.19402985074626866 0.07462686567164178 0.208955223880597 0.07462686567164178 0.1791044776119403 0.14925373134328357 145.04370039393942 205.69252749999998 85.23653719999999 0.9593023255813954 0.011627906976744186 0.029069767441860465 0.5970149253731343 0.13432835820895522 0.16417910447761194 0.029850746268656716 0.014925373134328358 0.029850746268656716 0.014925373134328358 0.014925373134328358 0.47297297297297297 0.30405405405405406 0.12162162162162163 0.06756756756756757 0.033783783783783786 renqiuchen 8Сʱ_mousemovements
157.5904707272727 462.4869902999999 792.1504514285714 1327.3947145000002 638.2246703333334 660.0689086666666 808.617859 836.364258 388.56751342857143 138.94814166666666 636.9365521249999 338.6704461578948 223.19949214285717 267.48262975 377.06967712500006 380.4816115833333 0.09859154929577464 0.08450704225352113 0.11267605633802817 0.2676056338028169 0.09859154929577464 0.056338028169014086 0.11267605633802817 0.16901408450704225 127.50122218390806 428.978333 383.48072357142854 0.9560439560439561 0.005494505494505495 0.038461538461538464 0.6197183098591549 0.14084507042253522 0.09859154929577464 0.028169014084507043 0.04225352112676056 0.04225352112676056 0.014084507042253521 0.014084507042253521 0.4970414201183432 0.25443786982248523 0.14792899408284024 0.047337278106508875 0.05325443786982249 renqiuchen 8Сʱ_mousemovements
159.1243200612245 320.45495342857146 593.0845388333333 445.8868406666667 0 1243.765991 1609.1632690000001 5001.127441 1178.5516196666665 306.7207275 310.45236857142856 310.534898 266.38361205555555 280.4792408181818 244.25716387500003 881.2689514285713 0.07317073170731707 0.12195121951219512 0.08536585365853659 0.08536585365853659 0.21951219512195122 0.13414634146341464 0.1951219512195122 0.08536585365853659 147.86899303255817 0 59.160755 0.9513274336283186 0.0 0.048672566371681415 0.5975609756097561 0.17073170731707318 0.07317073170731707 0.07317073170731707 0.0 0.024390243902439025 0.04878048780487805 0.012195121951219513 0.5388349514563107 0.2621359223300971 0.08737864077669903 0.07766990291262135 0.03398058252427184 renqiuchen 8Сʱ_mousemovements
185.57196035714293 556.7583783846154 337.42661275 783.029846 1254.0080565 893.4131469999999 2539.2036745 1205.11467 1094.6749288571427 305.37904771428566 190.957308 396.6261070666667 456.42923249999996 375.6731041111111 119.96275466666667 510.71774966666675 0.10144927536231885 0.10144927536231885 0.057971014492753624 0.21739130434782608 0.08695652173913043 0.13043478260869565 0.13043478260869565 0.17391304347826086 142.7622344129353 0 95.52505641666669 0.9436619718309859 0.0 0.056338028169014086 0.6086956521739131 0.18840579710144928 0.057971014492753624 0.014492753623188406 0.028985507246376812 0.043478260869565216 0.028985507246376812 0.028985507246376812 0.5309278350515464 0.27835051546391754 0.10824742268041238 0.041237113402061855 0.041237113402061855 renqiuchen 8Сʱ_mousemovements
203.57141180000002 494.5023864 792.5571975 773.7094116666667 603.796829 360.717377 682.451599 1967.932739 564.8487642000001 413.21029944444444 354.052922 444.48235379999994 314.811909375 281.9558044 222.95986927272727 788.54341875 0.078125 0.140625 0.140625 0.078125 0.25 0.078125 0.171875 0.0625 110.63638629787233 214.1512268 164.24074107692306 0.912621359223301 0.024271844660194174 0.06310679611650485 0.625 0.15625 0.0625 0.046875 0.0625 0.015625 0.015625 0.015625 0.5803108808290155 0.2538860103626943 0.09326424870466321 0.03626943005181347 0.03626943005181347 renqiuchen 8Сʱ_mousemovements
218.26510632142862 1433.526733 1065.5223899999999 2173.19165 526.99472 3089.065186 1396.7076415000001 0 1114.9992359999999 234.3838836 1612.5211586666667 485.36380475 234.2924258 487.3506775 622.3858083333333 493.71308899999997 0.07692307692307693 0.1282051282051282 0.07692307692307693 0.10256410256410256 0.2564102564102564 0.15384615384615385 0.15384615384615385 0.05128205128205128 188.72875490566037 0 213.24285866666665 0.9464285714285714 0.0 0.05357142857142857 0.717948717948718 0.05128205128205128 0.07692307692307693 0.02564102564102564 0.05128205128205128 0.02564102564102564 0.05128205128205128 0.0 0.5204081632653061 0.24489795918367346 0.14285714285714285 0.07142857142857142 0.02040816326530612 renqiuchen 8Сʱ_mousemovements
202.9750695121951 800.28677375 537.4894621999999 1576.27247625 582.2238666666666 1398.7045086666667 1717.838867 1875.310974 230.64483624999997 636.2530317777778 736.9540567499998 405.52764887499995 306.5884351 462.0851413333333 647.5256157 824.6642475 0.05970149253731343 0.13432835820895522 0.11940298507462686 0.11940298507462686 0.14925373134328357 0.08955223880597014 0.14925373134328357 0.1791044776119403 190.21614050847455 917.618801 277.2042366666667 0.9414893617021277 0.010638297872340425 0.047872340425531915 0.6119402985074627 0.05970149253731343 0.07462686567164178 0.05970149253731343 0.04477611940298507 0.08955223880597014 0.014925373134328358 0.04477611940298507 0.5058139534883721 0.3081395348837209 0.06395348837209303 0.05813953488372093 0.06395348837209303 renqiuchen 8Сʱ_mousemovements
121.51784876190474 572.1063535999999 1493.09272775 1459.05299375 735.7628986666667 806.7273560000001 0 720.585876 2764.014648 321.7908801666667 748.2380601 319.4195813333333 406.8929543333333 21.267204 400.6776714 1374.80835 0.025 0.15 0.25 0.075 0.075 0.025 0.375 0.025 179.885227877193 0 179.34325485714288 0.9421487603305785 0.0 0.05785123966942149 0.525 0.125 0.1 0.1 0.075 0.05 0.0 0.025 0.5092592592592593 0.3148148148148148 0.12962962962962962 0.027777777777777776 0.018518518518518517 renqiuchen 8Сʱ_mousemovements
217.0897049111111 617.1905118461539 994.5248385454544 832.092132625 613.8516932857143 1215.6260558 553.0837705 592.0495605 659.4303097333334 436.53607544444446 461.9168302307692 471.8907680833334 618.0502358181818 409.61626812500003 382.514021 626.5275089166668 0.16129032258064516 0.0967741935483871 0.13978494623655913 0.12903225806451613 0.11827956989247312 0.08602150537634409 0.13978494623655913 0.12903225806451613 182.41571753974898 19.12079025 230.55488426315782 0.9122137404580153 0.015267175572519083 0.07251908396946564 0.4838709677419355 0.13978494623655913 0.11827956989247312 0.08602150537634409 0.07526881720430108 0.053763440860215055 0.021505376344086023 0.021505376344086023 0.508130081300813 0.2926829268292683 0.09349593495934959 0.07723577235772358 0.028455284552845527 renqiuchen 8Сʱ_mousemovements
129.6062956153846 433.80044316666664 770.2749126666666 841.8916933333334 774.5360923333333 1261.8758392500001 1723.167908 0 566.5091524285715 104.7528998 209.29212199999998 268.48992764705883 243.03392654545453 959.587036 210.31071485714287 947.1918357777777 0.11666666666666667 0.08333333333333333 0.05 0.2833333333333333 0.18333333333333332 0.016666666666666666 0.11666666666666667 0.15 129.40248322360247 194.04068 570.8887442500001 0.9698795180722891 0.006024096385542169 0.024096385542168676 0.65 0.1 0.05 0.05 0.05 0.06666666666666667 0.03333333333333333 0.0 0.5555555555555556 0.2875816993464052 0.0457516339869281 0.0718954248366013 0.0392156862745098 renqiuchen 8Сʱ_mousemovements
155.32658994736838 408.84306844444444 518.4004087999999 1153.7681393999999 870.5227890000001 1424.6106925000001 0 744.7883987499999 336.99365716666665 786.9894470833336 281.79213671428573 269.1858711538461 468.29730745454543 405.7860438571429 284.1343207333333 597.8238546666666 0.06382978723404255 0.1276595744680851 0.14893617021276595 0.13829787234042554 0.11702127659574468 0.14893617021276595 0.1595744680851064 0.09574468085106383 126.42242364944657 425.224548 213.60657677272727 0.9217687074829932 0.003401360544217687 0.07482993197278912 0.6063829787234043 0.09574468085106383 0.05319148936170213 0.05319148936170213 0.0851063829787234 0.06382978723404255 0.0 0.0425531914893617 0.5948905109489051 0.21532846715328466 0.10218978102189781 0.043795620437956206 0.043795620437956206 renqiuchen 8Сʱ_mousemovements
55.21830333333333 123.947144 188.236427 0 0 0 0 0 224.561401 54.734218999999996 0 151.911453 64.45349816666666 0 56.490765 12.820513 0.05555555555555555 0.1111111111111111 0.0 0.05555555555555555 0.6666666666666666 0.0 0.05555555555555555 0.05555555555555555 30.899873209302317 0 0 1.0 0.0 0.0 0.8333333333333334 0.05555555555555555 0.1111111111111111 0.0 0.0 0.0 0.0 0.0 0.6285714285714286 0.2571428571428571 0.08571428571428572 0.02857142857142857 0.0 renqiuchen 8Сʱ_mousemovements
203.76525962857144 508.389682625 414.09299949999996 1115.8522185 817.7350829 758.6389159999999 620.241333 1304.6736246666667 753.3978940000001 613.800418 559.7325584 356.2135761428572 517.0259409333333 296.541159 386.4886942727273 525.1528302727273 0.05714285714285714 0.07142857142857142 0.07142857142857142 0.2 0.21428571428571427 0.07142857142857142 0.15714285714285714 0.15714285714285714 123.5995179321267 56.236983 335.67239847058823 0.9208333333333333 0.008333333333333333 0.07083333333333333 0.5 0.11428571428571428 0.08571428571428572 0.05714285714285714 0.14285714285714285 0.04285714285714286 0.014285714285714285 0.04285714285714286 0.5882352941176471 0.22171945701357465 0.09954751131221719 0.06334841628959276 0.027149321266968326 renqiuchen 8Сʱ_mousemovements
162.64642464705886 342.326285875 178.78139233333332 498.43153680000006 0 876.00983425 0 515.523376 432.0890228 337.842677 349.7722255 171.69261625000001 246.53652671428569 230.68686519999997 252.48077985714286 431.788989 0.07936507936507936 0.14285714285714285 0.06349206349206349 0.19047619047619047 0.2222222222222222 0.07936507936507936 0.1111111111111111 0.1111111111111111 95.7453116686747 0 196.50380445454547 0.9378531073446328 0.0 0.062146892655367235 0.5396825396825397 0.25396825396825395 0.047619047619047616 0.07936507936507936 0.0 0.06349206349206349 0.0 0.015873015873015872 0.564935064935065 0.23376623376623376 0.09740259740259741 0.06493506493506493 0.03896103896103896 renqiuchen 8Сʱ_mousemovements
233.73941316666665 511.365739875 755.147583 0 897.5994870000001 0 0 0 489.10324328571426 271.8772936666667 214.75472233333335 301.8493615 829.1447246666667 332.5420936666667 346.1111243333333 245.51085328571432 0.19444444444444445 0.16666666666666666 0.08333333333333333 0.1111111111111111 0.08333333333333333 0.08333333333333333 0.08333333333333333 0.19444444444444445 133.66533371428568 0 24.7075875 0.98 0.0 0.02 0.6666666666666666 0.2222222222222222 0.027777777777777776 0.0 0.08333333333333333 0.0 0.0 0.0 0.5783132530120482 0.2891566265060241 0.04819277108433735 0.060240963855421686 0.024096385542168676 renqiuchen 8Сʱ_mousemovements
283.84307768 602.2329510000001 654.8694635 1491.0053830000002 925.2622578888889 2137.3770388000003 953.272278 2097.229248 1205.346176 990.0897372 432.64044842857146 547.5705790999999 465.8147773076923 711.9189215714285 565.8790824 1281.8705861818182 0.08695652173913043 0.07246376811594203 0.10144927536231885 0.14492753623188406 0.18840579710144928 0.10144927536231885 0.14492753623188406 0.15942028985507245 246.61532188082907 0 353.48630699999995 0.946078431372549 0.0 0.05392156862745098 0.36231884057971014 0.21739130434782608 0.08695652173913043 0.07246376811594203 0.13043478260869565 0.07246376811594203 0.043478260869565216 0.014492753623188406 0.5459459459459459 0.23243243243243245 0.15135135135135136 0.043243243243243246 0.02702702702702703 renqiuchen 8Сʱ_mousemovements
223.53321287804883 597.83875275 908.8330483333334 1321.4732971666667 944.6267178571428 906.4986163333333 1561.6545335 782.458496 885.51192275 670.640564 1171.2400400000001 469.51897207142855 351.23543623076927 166.07340183333335 421.7855017272726 779.7843212500001 0.11594202898550725 0.014492753623188406 0.057971014492753624 0.2028985507246377 0.18840579710144928 0.08695652173913043 0.15942028985507245 0.17391304347826086 178.00712062814077 39.558349 303.0423119 0.9386792452830188 0.014150943396226415 0.04716981132075472 0.5942028985507246 0.057971014492753624 0.043478260869565216 0.08695652173913043 0.10144927536231885 0.043478260869565216 0.057971014492753624 0.014492753623188406 0.5663265306122449 0.21428571428571427 0.07653061224489796 0.07653061224489796 0.0663265306122449 renqiuchen 8Сʱ_mousemovements
163.2618145151515 336.34511911111105 739.9834822500001 335.2376555 2435.9182124999998 1546.37087 802.6020050000001 2793.748535 244.77887466666667 159.5795721111111 371.31711049999996 501.742546076923 94.82238816666667 764.937582 204.74103642857145 1197.1864810000002 0.05263157894736842 0.15789473684210525 0.10526315789473684 0.22807017543859648 0.10526315789473684 0.07017543859649122 0.12280701754385964 0.15789473684210525 173.62362651677856 119.4208945 162.224159 0.9612903225806452 0.012903225806451613 0.025806451612903226 0.5789473684210527 0.15789473684210525 0.07017543859649122 0.03508771929824561 0.03508771929824561 0.05263157894736842 0.05263157894736842 0.017543859649122806 0.5035971223021583 0.2949640287769784 0.12949640287769784 0.03597122302158273 0.03597122302158273 renqiuchen 8Сʱ_mousemovements
109.10380347826089 523.56190475 287.41358975 677.725641 872.7947386666666 631.3074035 1347.8478759999998 1274.033081 396.8653155 455.1383065 604.0687621999999 517.2411529999999 327.20975300000003 599.5028961 168.02163274999998 1594.5803936666664 0.1111111111111111 0.18518518518518517 0.09259259259259259 0.09259259259259259 0.12962962962962962 0.18518518518518517 0.14814814814814814 0.05555555555555555 155.01134238036812 4.926108 140.06342441666666 0.9261363636363636 0.005681818181818182 0.06818181818181818 0.42592592592592593 0.14814814814814814 0.07407407407407407 0.09259259259259259 0.05555555555555555 0.037037037037037035 0.09259259259259259 0.07407407407407407 0.5460122699386503 0.22085889570552147 0.1165644171779141 0.07975460122699386 0.03680981595092025 renqiuchen 8Сʱ_mousemovements
154.1062695 0 0 866.5521543333334 615.5063175 877.533508 0 784.9486999999999 515.914307 62.803594749999995 317.3518755 621.202858 138.001129 1453.080688 511.3862163333333 403.639183 0.05555555555555555 0.2222222222222222 0.1111111111111111 0.2222222222222222 0.05555555555555555 0.05555555555555555 0.16666666666666666 0.1111111111111111 113.30527101724138 515.914307 146.308535 0.90625 0.015625 0.078125 0.5555555555555556 0.0 0.0 0.16666666666666666 0.1111111111111111 0.05555555555555555 0.0 0.1111111111111111 0.65 0.16666666666666666 0.06666666666666667 0.08333333333333333 0.03333333333333333 renqiuchen 8Сʱ_mousemovements
153.76139253846156 490.2998785714285 855.314941 1625.08348075 1112.2243655 0 2969.910645 1423.554321 452.417503 43.525837 596.4309645999999 282.11144533333334 243.795233 174.82797466666668 358.61490499999996 943.7290058333334 0.09523809523809523 0.023809523809523808 0.11904761904761904 0.14285714285714285 0.19047619047619047 0.07142857142857142 0.07142857142857142 0.2857142857142857 173.92210467768595 77.632723 40.723561000000004 0.9453125 0.015625 0.0390625 0.6190476190476191 0.16666666666666666 0.023809523809523808 0.09523809523809523 0.047619047619047616 0.0 0.023809523809523808 0.023809523809523808 0.5416666666666666 0.275 0.11666666666666667 0.025 0.041666666666666664 renqiuchen 8Сʱ_mousemovements
148.70280051612903 305.70043433333336 1019.0918092 1962.0791629999999 766.8161041999999 967.1634369999999 830.3341673333333 541.1768696666667 870.1627238333334 0 702.0103715714285 336.00277875 215.23104746666667 233.6408845 614.5445999000001 607.8929641428571 0.1016949152542373 0.0 0.11864406779661017 0.2033898305084746 0.2542372881355932 0.03389830508474576 0.1694915254237288 0.11864406779661017 119.50805808510636 12.5090355 360.68709543750003 0.912621359223301 0.009708737864077669 0.07766990291262135 0.5254237288135594 0.05084745762711865 0.0847457627118644 0.03389830508474576 0.1694915254237288 0.03389830508474576 0.05084745762711865 0.05084745762711865 0.5513513513513514 0.2810810810810811 0.05945945945945946 0.043243243243243246 0.06486486486486487 renqiuchen 8Сʱ_mousemovements
145.35364876595744 511.503067 553.588147 748.758728 938.2559000000001 1551.450114 832.100159 0 302.18434083333335 314.05523587500005 431.82239400000003 316.68627925000004 168.45216133333335 257.165425375 404.7784424285714 461.63836483333324 0.08823529411764706 0.11764705882352941 0.1323529411764706 0.17647058823529413 0.08823529411764706 0.11764705882352941 0.10294117647058823 0.17647058823529413 135.48276928070175 46.237791 32.21692433333333 0.9553072625698324 0.0111731843575419 0.0335195530726257 0.6911764705882353 0.07352941176470588 0.07352941176470588 0.058823529411764705 0.04411764705882353 0.04411764705882353 0.014705882352941176 0.0 0.5333333333333333 0.25333333333333335 0.16666666666666666 0.03333333333333333 0.013333333333333334 renqiuchen 8Сʱ_mousemovements
182.09391473529413 445.2970971111111 795.1197966666667 1125.434906 728.9792175 1066.078888 0 0 482.46834949999993 674.0532099999999 318.99428366666666 353.9446716 233.2898448571428 244.38277866666667 667.8559392499999 540.9154616 0.13559322033898305 0.1016949152542373 0.1016949152542373 0.0847457627118644 0.23728813559322035 0.1016949152542373 0.06779661016949153 0.1694915254237288 144.70121280745343 0 122.64363633333336 0.9470588235294117 0.0 0.052941176470588235 0.576271186440678 0.15254237288135594 0.1016949152542373 0.03389830508474576 0.06779661016949153 0.06779661016949153 0.0 0.0 0.5163398692810458 0.23529411764705882 0.11764705882352941 0.0915032679738562 0.0392156862745098 renqiuchen 8Сʱ_mousemovements
136.37719121518987 588.9130947142858 517.957428 591.8139953333333 643.1885225 439.880219 1600.07724 1987.2928463333335 137.30723583333335 408.74816293333333 379.76801881818176 277.53550079999997 129.2528549189189 252.18168655555553 418.6275135 1452.091034 0.05825242718446602 0.14563106796116504 0.10679611650485436 0.14563106796116504 0.3592233009708738 0.08737864077669903 0.05825242718446602 0.038834951456310676 106.2876086931408 0 111.45445436363637 0.9618055555555556 0.0 0.03819444444444445 0.7669902912621359 0.06796116504854369 0.05825242718446602 0.02912621359223301 0.019417475728155338 0.009708737864077669 0.019417475728155338 0.02912621359223301 0.5787545787545788 0.2087912087912088 0.11355311355311355 0.06227106227106227 0.03663003663003663 renqiuchen 8Сʱ_mousemovements
195.77874740909087 368.0466382 587.3380226666667 784.2810008333335 702.9813945 1325.9240926666666 2940.5519565 539.862488 381.75364824999997 902.8550905 268.30492523076924 450.4956838666667 151.92707712499998 217.02607319999998 320.744157 537.1447053333333 0.11764705882352941 0.0784313725490196 0.12745098039215685 0.14705882352941177 0.1568627450980392 0.09803921568627451 0.09803921568627451 0.17647058823529413 146.4304089496124 20.488846 189.6000911111111 0.9591078066914498 0.007434944237918215 0.03345724907063197 0.6470588235294118 0.14705882352941177 0.029411764705882353 0.058823529411764705 0.058823529411764705 0.029411764705882353 0.0196078431372549 0.00980392156862745 0.6023622047244095 0.2125984251968504 0.0984251968503937 0.05905511811023622 0.027559055118110236 renqiuchen 8Сʱ_mousemovements
