111.03704045283015 272.41765733333335 479.1871643333334 343.401184 821.2769773333333 608.9541624999999 926.0816649999999 1159.995819 247.2048630833333 138.20182043478255 439.90871177777785 478.7397195 108.336847125 209.98557399999999 642.8221055 107.145373 0.16666666666666666 0.3194444444444444 0.125 0.05555555555555555 0.1111111111111111 0.05555555555555555 0.05555555555555555 0.1111111111111111 53.84377334347826 316.8420816666667 238.73324225000005 0.9236947791164659 0.012048192771084338 0.0642570281124498 0.7361111111111112 0.08333333333333333 0.041666666666666664 0.013888888888888888 0.041666666666666664 0.027777777777777776 0.027777777777777776 0.027777777777777776 0.6589861751152074 0.2304147465437788 0.05069124423963134 0.03225806451612903 0.027649769585253458 wangcheng 4Сʱ_mousemovements
97.53795082978725 417.7827678571427 514.2878248888887 923.7944946153841 711.1160585 684.2179766666667 1227.0199280000002 0 674.6001188333333 161.39043047826087 190.94082749999998 632.0773331 138.731696125 357.11430788888885 451.5421742857143 414.66632974999993 0.14457831325301204 0.27710843373493976 0.07228915662650602 0.12048192771084337 0.0963855421686747 0.10843373493975904 0.08433734939759036 0.0963855421686747 114.37061715833336 0 187.61855021428573 0.9448818897637795 0.0 0.05511811023622047 0.5662650602409639 0.08433734939759036 0.10843373493975904 0.1566265060240964 0.024096385542168676 0.03614457831325301 0.024096385542168676 0.0 0.6088888888888889 0.20444444444444446 0.08444444444444445 0.044444444444444446 0.057777777777777775 wangcheng 4Сʱ_mousemovements
132.7774726933334 344.13261814285715 589.2193655 869.0709365 889.6409606666666 1098.4702269999998 648.741943 0 283.80544566666674 238.38012135999995 389.2496561428572 267.03643345454543 220.74630230769228 405.054062909091 519.3197130869567 142.94973512499996 0.0967741935483871 0.20161290322580644 0.1693548387096774 0.08870967741935484 0.10483870967741936 0.08870967741935484 0.18548387096774194 0.06451612903225806 79.63937744972063 123.95820739999996 278.48951580000005 0.8774509803921569 0.024509803921568627 0.09803921568627451 0.6048387096774194 0.1693548387096774 0.04838709677419355 0.08064516129032258 0.04838709677419355 0.04032258064516129 0.008064516129032258 0.0 0.6279683377308707 0.20052770448548812 0.08970976253298153 0.055408970976253295 0.026385224274406333 wangcheng 4Сʱ_mousemovements
130.14445722826093 360.3574391428573 451.1075848000001 540.2448883750001 719.384664 456.0333913333333 636.6791893333334 1129.827393 178.10541166666664 149.063057131579 304.80837212499995 455.29255471428587 219.0712068461539 358.771262 276.84179383333327 193.9999285714286 0.06474820143884892 0.2733812949640288 0.11510791366906475 0.10071942446043165 0.09352517985611511 0.07913669064748201 0.17266187050359713 0.10071942446043165 71.47279162432436 201.43738133333332 226.43319451612902 0.9090909090909091 0.014742014742014743 0.07616707616707617 0.6618705035971223 0.10071942446043165 0.1079136690647482 0.05755395683453238 0.02158273381294964 0.02158273381294964 0.02158273381294964 0.007194244604316547 0.601078167115903 0.21293800539083557 0.1078167115902965 0.05929919137466307 0.018867924528301886 wangcheng 4Сʱ_mousemovements
93.30089613636368 341.48483087499994 364.3762205 0 0 0 0 2713.552002 723.8685274 128.28454779999998 107.87119233333333 165.55706720000003 270.94473849999997 249.06789675 123.492342 40.497372 0.15151515151515152 0.15151515151515152 0.18181818181818182 0.15151515151515152 0.12121212121212122 0.12121212121212122 0.09090909090909091 0.030303030303030304 106.56427067123286 34.71597875 154.3735655 0.9240506329113924 0.05063291139240506 0.02531645569620253 0.6666666666666666 0.24242424242424243 0.06060606060606061 0.0 0.0 0.0 0.0 0.030303030303030304 0.5066666666666667 0.25333333333333335 0.13333333333333333 0.08 0.02666666666666667 wangcheng 4Сʱ_mousemovements
172.643112 0 0 0 0 0 0 0 0 172.643112 0 0 0 0 0 0 0.0 1.0 0.0 0.0 0.0 0.0 0.0 0.0 86.321556 0 0 1.0 0.0 0.0 1.0 0.0 0.0 0.0 0.0 0.0 0.0 0.0 1.0 0.0 0.0 0.0 0.0 wangcheng 4Сʱ_mousemovements
0 0 0 0 0 0 0 0 0 0 0 0 0 0 0 0 0 0 0 0 0 0 0 0 0 0 0 0 0 0 0 0 0 0 0 0 0 0 0 0 0 0 0 wangcheng 4Сʱ_mousemovements
203.54759216666665 112.082687 382.356888 0 0 0 316.276794 0 462.04212950000004 205.26519940000003 316.276794 35.589073 0 112.082687 0 0 0.2 0.5 0.1 0.1 0.0 0.1 0.0 0.0 51.792181862068965 112.082687 266.76761633333336 0.8787878787878788 0.030303030303030304 0.09090909090909091 0.6 0.1 0.2 0.0 0.0 0.0 0.1 0.0 0.6666666666666666 0.23333333333333334 0.06666666666666667 0.03333333333333333 0.0 wangcheng 4Сʱ_mousemovements
112.84606456666667 343.7400485454545 375.500641 599.21466475 227.102615 453.25161749999995 1510.320068 0 113.80549425000001 308.9667393333333 135.45943820000002 130.444041125 289.41783200000003 610.0137755999999 368.17455533333333 173.49360019999997 0.08 0.18 0.1 0.16 0.12 0.1 0.06 0.2 79.81244805755394 35.956417 181.615124 0.9391891891891891 0.006756756756756757 0.05405405405405406 0.6 0.22 0.02 0.08 0.02 0.04 0.02 0.0 0.6183206106870229 0.20610687022900764 0.0916030534351145 0.04580152671755725 0.03816793893129771 wangcheng 4Сʱ_mousemovements
146.4500361025642 441.6977426363638 365.426971 635.4473544 821.1567200000002 1070.7790224999999 948.5797626666666 968.9451295 323.65501180000007 433.1446606923078 531.6466074285714 283.4831176 264.05422433333337 471.5656027272726 334.678114 195.9861678333333 0.07352941176470588 0.19117647058823528 0.10294117647058823 0.07352941176470588 0.1323529411764706 0.16176470588235295 0.17647058823529413 0.08823529411764706 99.57471249714285 63.97825666666666 301.0540821999999 0.8620689655172413 0.014778325123152709 0.12315270935960591 0.5735294117647058 0.16176470588235295 0.014705882352941176 0.07352941176470588 0.07352941176470588 0.029411764705882353 0.04411764705882353 0.029411764705882353 0.631578947368421 0.22105263157894736 0.09473684210526316 0.031578947368421054 0.021052631578947368 wangcheng 4Сʱ_mousemovements
140.62115064102565 362.8260514 523.1899689999999 754.54823 846.6969755 887.6629433333333 916.716003 1036.4171549999999 281.4888047777778 280.7897785294118 471.09322480000003 178.41163540000002 618.2394833333334 744.2672978749999 343.76608828571426 109.79144540000001 0.12857142857142856 0.24285714285714285 0.07142857142857142 0.07142857142857142 0.12857142857142856 0.11428571428571428 0.1 0.14285714285714285 85.16211708612437 137.85263849999998 341.0151289090909 0.8969957081545065 0.008583690987124463 0.0944206008583691 0.5571428571428572 0.14285714285714285 0.07142857142857142 0.07142857142857142 0.05714285714285714 0.04285714285714286 0.014285714285714285 0.04285714285714286 0.6009389671361502 0.2347417840375587 0.0892018779342723 0.056338028169014086 0.018779342723004695 wangcheng 4Сʱ_mousemovements
96.75264860416665 404.6610610000001 680.7623108 548.3926207999999 0 1377.3917999999996 488.316803 1390.5278523333334 174.58243649999997 277.7412465 649.5158055833332 222.10783874999998 153.37265833333336 356.76529955555543 291.6234303333333 222.63734537500002 0.0547945205479452 0.2465753424657534 0.1643835616438356 0.0547945205479452 0.0821917808219178 0.1232876712328767 0.1643835616438356 0.1095890410958904 56.41118616666667 36.5723295 437.01327277777784 0.8713692946058091 0.016597510373443983 0.11203319502074689 0.6575342465753424 0.0958904109589041 0.0684931506849315 0.0684931506849315 0.0 0.0547945205479452 0.0136986301369863 0.0410958904109589 0.6438356164383562 0.2420091324200913 0.0639269406392694 0.0365296803652968 0.0136986301369863 wangcheng 4Сʱ_mousemovements
113.10793409259256 354.86678500000005 506.8343828888891 801.5584462222224 734.74530025 1032.040963285714 964.0118816666667 923.726715 153.07156325 371.501596470588 627.8255396874999 186.56409222222226 140.28345012500003 777.0643208333335 346.02919094444445 375.45470075000003 0.08 0.17 0.16 0.09 0.16 0.12 0.18 0.04 77.53698957971014 39.16662066666665 457.53587986486457 0.8652037617554859 0.018808777429467086 0.11598746081504702 0.54 0.08 0.09 0.09 0.08 0.07 0.03 0.02 0.6344827586206897 0.18620689655172415 0.07241379310344828 0.07586206896551724 0.03103448275862069 wangcheng 4Сʱ_mousemovements
121.53422118032788 319.66110988888875 396.51067809999984 771.2061007500001 835.5437959999998 708.7692361666667 1398.9654052 1358.2378235 120.02055142857144 221.26276261538462 464.37180409999985 490.6452993749999 354.98346808333343 331.8372541538461 533.1142379 442.6454116000001 0.0660377358490566 0.24528301886792453 0.09433962264150944 0.07547169811320754 0.11320754716981132 0.12264150943396226 0.18867924528301888 0.09433962264150944 71.80059777922085 178.78972033333335 393.62757186486493 0.8627450980392157 0.03361344537815126 0.10364145658263306 0.5754716981132075 0.08490566037735849 0.09433962264150944 0.03773584905660377 0.08490566037735849 0.05660377358490566 0.04716981132075472 0.018867924528301886 0.6330275229357798 0.21712538226299694 0.07339449541284404 0.04892966360856269 0.027522935779816515 wangcheng 4Сʱ_mousemovements
95.36000855932198 417.3015926363636 743.4273276666667 466.6058113333334 689.2485108 634.7334812857143 1470.880371 830.1552126666666 219.06684312500002 117.20560954166667 750.8461185454545 562.646988 323.2074265 185.36783559999998 310.42512539999996 152.7105885 0.08163265306122448 0.24489795918367346 0.11224489795918367 0.04081632653061224 0.08163265306122448 0.10204081632653061 0.25510204081632654 0.08163265306122448 53.28577459191174 80.31138908333332 420.6305768709678 0.8634920634920635 0.0380952380952381 0.09841269841269841 0.6020408163265306 0.11224489795918367 0.030612244897959183 0.09183673469387756 0.05102040816326531 0.07142857142857142 0.01020408163265306 0.030612244897959183 0.6550522648083623 0.1986062717770035 0.06968641114982578 0.041811846689895474 0.03484320557491289 wangcheng 4Сʱ_mousemovements
112.1539225842697 707.9050446000001 354.653326076923 546.057065857143 732.8034566666665 635.0040183333334 774.5087646 556.297791 220.85415929166666 132.16264438888888 411.62247252941194 148.65145741666663 221.3197468571428 633.0968729411768 226.60346366666664 278.72486890476176 0.17266187050359713 0.12949640287769784 0.1223021582733813 0.08633093525179857 0.1510791366906475 0.1223021582733813 0.06474820143884892 0.1510791366906475 79.63179539348369 375.20486450000004 190.5354157105263 0.908883826879271 0.004555808656036446 0.08656036446469248 0.6402877697841727 0.1079136690647482 0.09352517985611511 0.050359712230215826 0.04316546762589928 0.02158273381294964 0.03597122302158273 0.007194244604316547 0.5965770171149144 0.21271393643031786 0.11735941320293398 0.05134474327628362 0.022004889975550123 wangcheng 4Сʱ_mousemovements
116.90410402325578 240.29226032142864 315.99427617647063 422.0542145000001 452.614685 1003.3154605 645.596375 579.2746735 226.4527698125001 138.7449179047619 223.46980788888888 235.80656465217385 166.4703289130435 218.97266942857146 261.2126691333333 196.48525537931036 0.11188811188811189 0.14685314685314685 0.06293706293706294 0.16083916083916083 0.16083916083916083 0.04895104895104895 0.1048951048951049 0.20279720279720279 46.440269546038515 148.07828150000003 131.43005856603781 0.8946360153256705 0.0038314176245210726 0.10153256704980843 0.6013986013986014 0.1958041958041958 0.11888111888111888 0.04195804195804196 0.006993006993006993 0.013986013986013986 0.006993006993006993 0.013986013986013986 0.5523613963039015 0.2464065708418891 0.09034907597535935 0.06365503080082136 0.04722792607802875 wangcheng 4Сʱ_mousemovements
109.67337897560977 216.31946388235295 428.2110648333334 500.5119705 445.52372750000006 720.013804 342.686401 658.28302 204.52950159999995 240.0352717 158.68300599999998 259.68640206666663 118.80309000000001 237.83967757142858 364.3691717142857 181.8834489411765 0.13333333333333333 0.13333333333333333 0.02666666666666667 0.2 0.09333333333333334 0.09333333333333334 0.09333333333333334 0.22666666666666666 56.334739182266006 96.5957765 269.9231598235295 0.8903508771929824 0.03508771929824561 0.07456140350877193 0.5466666666666666 0.22666666666666666 0.08 0.05333333333333334 0.02666666666666667 0.04 0.013333333333333334 0.013333333333333334 0.5660377358490566 0.21226415094339623 0.08962264150943396 0.07075471698113207 0.06132075471698113 wangcheng 4Сʱ_mousemovements
110.47520020289858 350.1801555714286 370.18275262500003 599.9296451111109 632.4602966666667 612.8007100000001 831.84045375 981.5244243333333 242.7385609285714 317.85257974999996 415.5620605789474 99.61532185714285 147.04381425 472.820899 339.0716074375 77.68205583333334 0.1206896551724138 0.1724137931034483 0.16379310344827586 0.0603448275862069 0.13793103448275862 0.10344827586206896 0.13793103448275862 0.10344827586206896 70.828945141994 107.09610500000001 234.76909042857156 0.8803191489361702 0.026595744680851064 0.09308510638297872 0.5948275862068966 0.1206896551724138 0.06896551724137931 0.07758620689655173 0.02586206896551724 0.05172413793103448 0.034482758620689655 0.02586206896551724 0.5947521865889213 0.20116618075801748 0.11370262390670553 0.05539358600583091 0.03498542274052478 wangcheng 4Сʱ_mousemovements
145.77509721212124 305.5712752999999 397.4330953333333 625.3326837499999 608.95354475 772.8103636666668 842.3896485714284 723.9284670000001 335.56508599999995 346.74782106249995 306.83129349999996 334.30069733333323 226.64543578947365 343.4108076363636 307.5481203529411 388.5537132 0.10185185185185185 0.14814814814814814 0.1111111111111111 0.1111111111111111 0.17592592592592593 0.10185185185185185 0.1574074074074074 0.09259259259259259 82.5829623161512 89.251987125 323.6118753103448 0.8871951219512195 0.024390243902439025 0.08841463414634146 0.6111111111111112 0.09259259259259259 0.027777777777777776 0.07407407407407407 0.07407407407407407 0.027777777777777776 0.06481481481481481 0.027777777777777776 0.5860927152317881 0.20198675496688742 0.10927152317880795 0.06291390728476821 0.039735099337748346 wangcheng 4Сʱ_mousemovements
132.62095796875 436.2980115 359.82257066666665 399.57398950000004 727.8518270000001 553.237854 1386.4445193333333 1362.9018963333333 417.9788518333334 174.52460453333333 899.9647590000001 234.46582500000002 484.077715 359.4184204 292.130669625 267.4432753333333 0.1111111111111111 0.2777777777777778 0.16666666666666666 0.07407407407407407 0.07407407407407407 0.09259259259259259 0.14814814814814814 0.05555555555555555 109.07706419402987 20.775937500000005 396.03975643749993 0.8701298701298701 0.025974025974025976 0.1038961038961039 0.5925925925925926 0.07407407407407407 0.05555555555555555 0.037037037037037035 0.1111111111111111 0.018518518518518517 0.05555555555555555 0.05555555555555555 0.6095890410958904 0.19863013698630136 0.07534246575342465 0.06164383561643835 0.0547945205479452 wangcheng 4Сʱ_mousemovements
88.70895621428572 431.4241610000001 965.4916686666666 570.8377135999999 2056.3126098000002 980.769836 1595.8560485 1255.2715453333333 344.81130225 716.6126792 874.035085625 81.60136950000002 118.62559733333335 386.63350628571425 270.17265059999994 121.30231666666664 0.12121212121212122 0.22727272727272727 0.12121212121212122 0.030303030303030304 0.09090909090909091 0.21212121212121213 0.15151515151515152 0.045454545454545456 145.3425023169399 82.43518339999999 177.7228948125 0.8970588235294118 0.024509803921568627 0.0784313725490196 0.6363636363636364 0.07575757575757576 0.045454545454545456 0.07575757575757576 0.07575757575757576 0.015151515151515152 0.030303030303030304 0.045454545454545456 0.6108108108108108 0.22702702702702704 0.10270270270270271 0.04864864864864865 0.010810810810810811 wangcheng 4Сʱ_mousemovements
83.35136325 0 603.211975 776.647522 0 0 1592.140808 0 154.024841 25.641026 1592.140808 433.94355399999995 603.211975 0 0 62.5 0.125 0.125 0.25 0.25 0.125 0.0 0.0 0.125 134.30946319230767 25.641026 689.9297485 0.896551724137931 0.034482758620689655 0.06896551724137931 0.5 0.0 0.125 0.125 0.0 0.0 0.25 0.0 0.6666666666666666 0.2222222222222222 0.1111111111111111 0.0 0.0 wangcheng 4Сʱ_mousemovements
89.29470092592591 174.935776 622.546509 714.199097 514.035217 1442.7015685 888.4349976666666 845.14734625 948.43834825 65.5637076 362.5156401428571 81.71514333333333 320.7999618 272.1167137777778 586.54444125 59.83799375000001 0.0975609756097561 0.12195121951219512 0.17073170731707318 0.07317073170731707 0.12195121951219512 0.21951219512195122 0.0975609756097561 0.0975609756097561 36.01327519205297 42.9534465 348.65197252173914 0.8579545454545454 0.011363636363636364 0.13068181818181818 0.6585365853658537 0.04878048780487805 0.024390243902439025 0.024390243902439025 0.024390243902439025 0.04878048780487805 0.07317073170731707 0.0975609756097561 0.6932515337423313 0.147239263803681 0.049079754601226995 0.06748466257668712 0.04294478527607362 wangcheng 4Сʱ_mousemovements
