79.97115844444446 335.206909 373.85437 0 495.859711 816.814392 572.487061 0 0 572.487061 106.44390849999999 72.599266 0 567.6081925 140.67195825 146.56083800000002 0.0 0.06666666666666667 0.13333333333333333 0.06666666666666667 0.0 0.26666666666666666 0.26666666666666666 0.2 27.633407815384615 0 259.4006392222222 0.8783783783783784 0.0 0.12162162162162163 0.6 0.06666666666666667 0.06666666666666667 0.0 0.06666666666666667 0.13333333333333333 0.06666666666666667 0.0 0.5223880597014925 0.26865671641791045 0.11940298507462686 0.029850746268656716 0.05970149253731343 wanghe 2Сʱ_mousemovements
0 0 0 0 0 0 0 0 0 0 0 0 0 0 0 0 0 0 0 0 0 0 0 0 0 0 0 0 0 0 0 0 0 0 0 0 0 0 0 0 0 0 0 wanghe 2Сʱ_mousemovements
0 0 0 0 0 0 0 0 0 0 0 0 0 0 0 0 0 0 0 0 0 0 0 0 0 0 0 0 0 0 0 0 0 0 0 0 0 0 0 0 0 0 0 wanghe 2Сʱ_mousemovements
0 0 0 0 0 0 0 0 0 0 0 0 0 0 0 0 0 0 0 0 0 0 0 0 0 0 0 0 0 0 0 0 0 0 0 0 0 0 0 0 0 0 0 wanghe 2Сʱ_mousemovements
0 0 0 0 0 0 0 0 0 0 0 0 0 0 0 0 0 0 0 0 0 0 0 0 0 0 0 0 0 0 0 0 0 0 0 0 0 0 0 0 0 0 0 wanghe 2Сʱ_mousemovements
0 0 0 0 0 0 0 0 0 0 0 0 0 0 0 0 0 0 0 0 0 0 0 0 0 0 0 0 0 0 0 0 0 0 0 0 0 0 0 0 0 0 0 wanghe 2Сʱ_mousemovements
0 0 0 0 0 0 0 0 0 0 0 0 0 0 0 0 0 0 0 0 0 0 0 0 0 0 0 0 0 0 0 0 0 0 0 0 0 0 0 0 0 0 0 wanghe 2Сʱ_mousemovements
279.7350670588236 559.5941770000001 0 0 0 0 0 0 191.2304008 0 967.304504 210.6439475 1000.978549 208.13671300000004 26.962331666666667 86.58238700000001 0.25 0.0 0.05 0.1 0.15 0.2 0.15 0.1 81.05221402816902 0 75.50794166666667 0.8875 0.0 0.1125 0.85 0.15 0.0 0.0 0.0 0.0 0.0 0.0 0.5694444444444444 0.2361111111111111 0.16666666666666666 0.0 0.027777777777777776 wanghe 2Сʱ_mousemovements
65.481621 982.01062 0 0 0 0 0 0 0 0 0 0 0 65.481621 982.01062 0 0.0 0.0 0.0 0.0 0.0 0.3333333333333333 0.6666666666666666 0.0 140.28723142857143 0 65.481621 0.9333333333333333 0.0 0.06666666666666667 0.3333333333333333 0.6666666666666666 0.0 0.0 0.0 0.0 0.0 0.0 0.8 0.2 0.0 0.0 0.0 wanghe 2Сʱ_mousemovements
86.150186 380.982605 0 0 2944.082764 1144.4277345 0 1226.868774 0 2944.082764 0 380.982605 1106.588623 97.639366 31.914894 672.2639235 0.0 0.1111111111111111 0.0 0.1111111111111111 0.1111111111111111 0.1111111111111111 0.1111111111111111 0.4444444444444444 213.22706192857143 21.276596 639.9531059999999 0.9032258064516129 0.03225806451612903 0.06451612903225806 0.5 0.1 0.0 0.0 0.1 0.2 0.0 0.1 0.6538461538461539 0.11538461538461539 0.23076923076923078 0.0 0.0 wanghe 2Сʱ_mousemovements
107.3040974 0 0 0 844.3620455 0 0 0 0 35.281898 0 0 0 136.472626 317.2640704285714 123.054016 0.0 0.08333333333333333 0.0 0.0 0.0 0.08333333333333333 0.5833333333333334 0.25 63.14178762857143 0 183.934166 0.9210526315789473 0.0 0.07894736842105263 0.8333333333333334 0.0 0.0 0.0 0.16666666666666666 0.0 0.0 0.0 0.6451612903225806 0.16129032258064516 0.0967741935483871 0.06451612903225806 0.03225806451612903 wanghe 2Сʱ_mousemovements
222.65472923076925 403.79535283333325 573.4201985000001 270.706085 547.22348 0 0 0 0 417.72925549999997 423.10073850000003 561.8371086666667 123.23430160000001 616.6566775 238.32407614285714 619.0040183333334 0.0 0.13333333333333333 0.2 0.1 0.16666666666666666 0.06666666666666667 0.23333333333333334 0.1 102.58138141975309 790.0030325 172.58753374999998 0.8901098901098901 0.02197802197802198 0.08791208791208792 0.43333333333333335 0.2 0.26666666666666666 0.03333333333333333 0.06666666666666667 0.0 0.0 0.0 0.49333333333333335 0.22666666666666666 0.16 0.05333333333333334 0.06666666666666667 wanghe 2Сʱ_mousemovements
128.4551335 440.76303399999995 0 0 1076.4573975 780.092529 462.684479 0 289.74066666666664 116.600609 56.685394 606.067627 522.104477 500.293945 462.684479 819.1881663333334 0.23076923076923078 0.07692307692307693 0.07692307692307693 0.07692307692307693 0.15384615384615385 0.07692307692307693 0.07692307692307693 0.23076923076923078 112.18171468292684 0 252.3128675 0.8723404255319149 0.0 0.1276595744680851 0.3076923076923077 0.38461538461538464 0.0 0.0 0.15384615384615385 0.07692307692307693 0.07692307692307693 0.0 0.5227272727272727 0.20454545454545456 0.18181818181818182 0.09090909090909091 0.0 wanghe 2Сʱ_mousemovements
101.69164484615385 359.0959573333333 411.961884 861.529251 727.084595 714.120514 890.66925 726.752889 0 718.6782851999999 479.06466666666665 265.7276345 194.86500925 198.34332675000002 832.3110045000001 160.17618883333333 0.0 0.19230769230769232 0.11538461538461539 0.07692307692307693 0.15384615384615385 0.15384615384615385 0.07692307692307693 0.23076923076923078 91.44043293150688 266.696564 256.24591027272726 0.8588235294117647 0.011764705882352941 0.12941176470588237 0.5 0.11538461538461539 0.038461538461538464 0.07692307692307693 0.038461538461538464 0.07692307692307693 0.038461538461538464 0.11538461538461539 0.5584415584415584 0.22077922077922077 0.11688311688311688 0.07792207792207792 0.025974025974025976 wanghe 2Сʱ_mousemovements
140.46679920000003 260.233363 866.3197123333333 720.430969 1059.988403 554.42351525 1034.833618 0 506.46845571428565 71.93848059999999 96.34262833333332 243.009159 536.098258 659.056152 416.182281 354.53433524999997 0.21212121212121213 0.15151515151515152 0.09090909090909091 0.12121212121212122 0.12121212121212122 0.030303030303030304 0.030303030303030304 0.24242424242424243 83.75107567010309 318.143494 231.66203558333328 0.8818181818181818 0.00909090909090909 0.10909090909090909 0.6060606060606061 0.09090909090909091 0.09090909090909091 0.030303030303030304 0.030303030303030304 0.12121212121212122 0.030303030303030304 0.0 0.5841584158415841 0.1782178217821782 0.1188118811881188 0.07920792079207921 0.039603960396039604 wanghe 2Сʱ_mousemovements
172.8965637916667 437.41282133333334 592.98114 616.2390750000001 953.803116 924.986816 944.6534115 0 417.73940650000003 275.1456714 469.6562205714286 568.01232 16.0 234.11091533333334 251.02420972727276 871.520172 0.05 0.125 0.175 0.175 0.025 0.075 0.275 0.1 148.08373219101125 133.9136505 454.24332133333337 0.898989898989899 0.04040404040404041 0.06060606060606061 0.6 0.075 0.025 0.075 0.15 0.025 0.05 0.0 0.5777777777777777 0.16666666666666666 0.16666666666666666 0.05555555555555555 0.03333333333333333 wanghe 2Сʱ_mousemovements
258.9669876923077 477.723404 405.02635799999996 2583.339111 1777.409424 662.270935 1332.692505 3124.610352 700.6069333333334 479.45192259999993 967.849388 148.55115266666667 195.8755186 1144.0346273333332 813.3079241666668 0 0.10344827586206896 0.1724137931034483 0.13793103448275862 0.10344827586206896 0.1724137931034483 0.10344827586206896 0.20689655172413793 0.0 144.03456377419354 2583.339111 236.5452112222222 0.9029126213592233 0.009708737864077669 0.08737864077669903 0.4482758620689655 0.13793103448275862 0.1724137931034483 0.034482758620689655 0.034482758620689655 0.10344827586206896 0.034482758620689655 0.034482758620689655 0.5454545454545454 0.22727272727272727 0.11363636363636363 0.07954545454545454 0.03409090909090909 wanghe 2Сʱ_mousemovements
156.39552094736845 406.832911375 496.4227018 528.181198 932.3520913333333 970.5233155000001 418.008362 0 192.2396646666667 431.66012259999997 477.74754755555557 672.7443236666667 223.8198206666667 270.6382635 386.4418981666667 452.202026 0.075 0.125 0.225 0.075 0.225 0.1 0.15 0.025 91.00609457983194 0.0 340.9200088333334 0.9015151515151515 0.007575757575757576 0.09090909090909091 0.475 0.2 0.125 0.05 0.075 0.05 0.025 0.0 0.5785123966942148 0.2066115702479339 0.09090909090909091 0.11570247933884298 0.008264462809917356 wanghe 2Сʱ_mousemovements
831.99054 514.140503 0 0 0 0 0 0 0 0 0 0 514.140503 831.99054 0 0 0.0 0.0 0.0 0.0 0.5 0.5 0.0 0.0 224.3551738333333 0 0 1.0 0.0 0.0 0.5 0.5 0.0 0.0 0.0 0.0 0.0 0.0 0.5 0.25 0.25 0.0 0.0 wanghe 2Сʱ_mousemovements
89.56664399999998 0 1191.5683589999999 0 390.790436 638.358337 0 0 338.884735 535.9113235000001 0 0 46.9785905 183.76677199999997 54.170879 0 0.07142857142857142 0.42857142857142855 0.0 0.0 0.14285714285714285 0.21428571428571427 0.14285714285714285 0.0 123.68948426470588 0 34.169822 0.918918918918919 0.0 0.08108108108108109 0.7142857142857143 0.0 0.14285714285714285 0.0 0.07142857142857142 0.07142857142857142 0.0 0.0 0.375 0.25 0.0625 0.21875 0.09375 wanghe 2Сʱ_mousemovements
48.094907 366.990326 629.1758729999999 380.973991 0 1841.52417 1084.6549375 0 0 1024.0001933333333 44.9138925 152.3389185 0 588.0210265 1532.870239 366.990326 0.0 0.2727272727272727 0.18181818181818182 0.18181818181818182 0.0 0.18181818181818182 0.09090909090909091 0.09090909090909091 151.2947412352941 0 466.129206 0.918918918918919 0.0 0.08108108108108109 0.2727272727272727 0.09090909090909091 0.18181818181818182 0.18181818181818182 0.0 0.09090909090909091 0.18181818181818182 0.0 0.4642857142857143 0.35714285714285715 0.14285714285714285 0.0 0.03571428571428571 wanghe 2Сʱ_mousemovements
47.54638 452.721863 409.72502099999997 0 0 870.271118 1088.202881 0 80.023048 0 452.721863 0 409.72502099999997 441.082502 0 569.4625434999999 0.125 0.0 0.125 0.0 0.25 0.25 0.0 0.25 83.03733466666667 0 441.082502 0.9375 0.0 0.0625 0.375 0.125 0.25 0.0 0.0 0.125 0.125 0.0 0.39285714285714285 0.21428571428571427 0.10714285714285714 0.17857142857142858 0.10714285714285714 wanghe 2Сʱ_mousemovements
162.93468046153845 635.743579 182.059448 287.604004 830.73468 1188.168823 0 1133.522369 353.8247694 30.367497666666665 1029.538223 400.1278685 0 213.556412 427.6542745555555 10.638298 0.19230769230769232 0.11538461538461539 0.15384615384615385 0.07692307692307693 0.0 0.07692307692307693 0.34615384615384615 0.038461538461538464 94.03735707407408 10.638298 286.46752841666665 0.8617021276595744 0.010638297872340425 0.1276595744680851 0.5 0.19230769230769232 0.07692307692307693 0.038461538461538464 0.07692307692307693 0.038461538461538464 0.0 0.07692307692307693 0.6666666666666666 0.13333333333333333 0.09333333333333334 0.08 0.02666666666666667 wanghe 2Сʱ_mousemovements
98.93856363636361 310.736328 699.0918885000001 857.5831806666666 1027.172754 748.1843056666667 1147.759766 677.2178345 0 453.38632800000005 893.8116664000001 377.3837356666667 637.845581 534.1501132222222 694.9715424999999 334.0899148 0.0 0.20588235294117646 0.14705882352941177 0.08823529411764706 0.029411764705882353 0.2647058823529412 0.11764705882352941 0.14705882352941177 150.59168364150943 0 246.15706481818185 0.905982905982906 0.0 0.09401709401709402 0.3235294117647059 0.08823529411764706 0.17647058823529413 0.08823529411764706 0.14705882352941177 0.08823529411764706 0.029411764705882353 0.058823529411764705 0.49056603773584906 0.2641509433962264 0.10377358490566038 0.10377358490566038 0.03773584905660377 wanghe 2Сʱ_mousemovements
129.43254475 584.5661798333334 279.02570349999996 655.5412979999999 491.292847 0 765.9160766666668 949.3267515 432.5693232857143 437.4905941999999 0 427.26840200000004 307.1516823333333 594.9040528333334 135.8441505 282.03853733333335 0.20588235294117646 0.14705882352941177 0.0 0.058823529411764705 0.17647058823529413 0.17647058823529413 0.058823529411764705 0.17647058823529413 93.78479926373626 69.900697 433.8191679090909 0.875 0.019230769230769232 0.10576923076923077 0.47058823529411764 0.17647058823529413 0.058823529411764705 0.11764705882352941 0.029411764705882353 0.0 0.08823529411764706 0.058823529411764705 0.5208333333333334 0.23958333333333334 0.11458333333333333 0.09375 0.03125 wanghe 2Сʱ_mousemovements
81.67892755555556 375.0493988 0 486.8321226666667 0 0 0 0 13.534714 373.5674966666667 350.356974 0 88.2678615714286 338.92777825 29.194757 0 0.038461538461538464 0.11538461538461539 0.11538461538461539 0.0 0.5384615384615384 0.15384615384615385 0.038461538461538464 0.0 45.574688436781614 24.628302 163.2675724 0.9354838709677419 0.010752688172043012 0.053763440860215055 0.6923076923076923 0.19230769230769232 0.0 0.11538461538461539 0.0 0.0 0.0 0.0 0.6455696202531646 0.20253164556962025 0.06329113924050633 0.0379746835443038 0.05063291139240506 wanghe 2Сʱ_mousemovements
177.40618633333335 343.81912250000005 0 0 0 0 0 0 0 0 320.2053223333333 0 115.19603 85.54873633333334 419.617157 0 0.0 0.0 0.375 0.0 0.125 0.375 0.125 0.0 116.80502419999999 0 0 1.0 0.0 0.0 0.75 0.25 0.0 0.0 0.0 0.0 0.0 0.0 0.5 0.3 0.2 0.0 0.0 wanghe 2Сʱ_mousemovements
110.619519 305.11728675 0 0 0 0 0 0 269.709595 0 272.4652805 0 112.87539749999999 82.548069 120.68902714285714 84.694908 0.05 0.0 0.2 0.0 0.2 0.1 0.35 0.1 43.40607703225806 0 59.84093499999999 0.9253731343283582 0.0 0.07462686567164178 0.8 0.2 0.0 0.0 0.0 0.0 0.0 0.0 0.36 0.32 0.14 0.06 0.12 wanghe 2Сʱ_mousemovements
131.78822040909088 263.7205505 517.668747 524.3460386666667 0 0 0 0 213.008316 0 236.666534 168.951472 162.292092 271.089461 184.3955371 291.09919099999996 0.03571428571428571 0.0 0.03571428571428571 0.10714285714285714 0.14285714285714285 0.10714285714285714 0.35714285714285715 0.21428571428571427 65.0990321948052 0 170.42201350000002 0.927710843373494 0.0 0.07228915662650602 0.7586206896551724 0.06896551724137931 0.06896551724137931 0.10344827586206896 0.0 0.0 0.0 0.0 0.5972222222222222 0.2222222222222222 0.09722222222222222 0.041666666666666664 0.041666666666666664 wanghe 2Сʱ_mousemovements
177.86639085714287 1235.519918 878.903854 0 0 0 0 1342.132935 539.9993083333334 512.689941 96.244835 1171.608032 3000.0 197.7615165 156.610352 820.3918966666666 0.2 0.06666666666666667 0.06666666666666667 0.06666666666666667 0.06666666666666667 0.26666666666666666 0.06666666666666667 0.2 160.2201802745098 0 819.0718235 0.9622641509433962 0.0 0.03773584905660377 0.4666666666666667 0.2 0.26666666666666666 0.0 0.0 0.0 0.0 0.06666666666666667 0.45652173913043476 0.32608695652173914 0.13043478260869565 0.08695652173913043 0.0 wanghe 2Сʱ_mousemovements
157.97215152631583 371.92837525 328.0580445 560.13385 467.938202 763.786804 0 0 346.81566899999996 183.68296199999997 518.8434193333334 245.06606299999999 289.3028386666667 256.622563625 212.3859406 331.319878 0.12121212121212122 0.18181818181818182 0.09090909090909091 0.06060606060606061 0.09090909090909091 0.24242424242424243 0.15151515151515152 0.06060606060606061 75.11349186170214 0 176.7344234166667 0.8867924528301887 0.0 0.11320754716981132 0.5757575757575758 0.12121212121212122 0.12121212121212122 0.09090909090909091 0.06060606060606061 0.030303030303030304 0.0 0.0 0.42696629213483145 0.2247191011235955 0.1348314606741573 0.14606741573033707 0.06741573033707865 wanghe 2Сʱ_mousemovements
181.3099336 311.5506096666667 0 674.4585163333334 0 1767.344971 451.985291 513.666992 715.449982 245.74776450000002 468.66487100000006 0 358.08901999999995 919.314667 274.98422366666665 0 0.14285714285714285 0.14285714285714285 0.14285714285714285 0.0 0.21428571428571427 0.14285714285714285 0.21428571428571427 0.0 103.62236593023256 0 356.96876083333336 0.8775510204081632 0.0 0.12244897959183673 0.35714285714285715 0.21428571428571427 0.0 0.21428571428571427 0.0 0.07142857142857142 0.07142857142857142 0.07142857142857142 0.3684210526315789 0.3684210526315789 0.10526315789473684 0.13157894736842105 0.02631578947368421 wanghe 2Сʱ_mousemovements
138.86011725 0 0 0 0 676.757996 0 0 0 0 468.64663700000006 0 0 103.5195625 87.866066 0 0.0 0.0 0.4 0.0 0.0 0.4 0.2 0.0 94.49869184615385 0 3.715471 0.9285714285714286 0.0 0.07142857142857142 0.8 0.0 0.0 0.0 0.0 0.2 0.0 0.0 0.5 0.125 0.0 0.25 0.125 wanghe 2Сʱ_mousemovements
164.08585957142859 665.528839 510.168884 537.7410735 1329.799072 0 576.866394 0 342.635231 0 783.058533 496.0243375 1329.799072 0 326.8596998333333 295.3896966666667 0.13333333333333333 0.0 0.06666666666666667 0.13333333333333333 0.06666666666666667 0.0 0.4 0.2 102.77559 0 346.2435487142857 0.8541666666666666 0.0 0.14583333333333334 0.4666666666666667 0.2 0.06666666666666667 0.13333333333333333 0.06666666666666667 0.0 0.06666666666666667 0.0 0.6904761904761905 0.16666666666666666 0.07142857142857142 0.07142857142857142 0.0 wanghe 2Сʱ_mousemovements
104.02711914285715 612.360168 671.1156006666666 379.114288 0 0 0 0 0 0 499.6736143333333 33.338863 8.0 360.16956700000003 878.612183 544.361206 0.0 0.0 0.25 0.16666666666666666 0.25 0.16666666666666666 0.08333333333333333 0.08333333333333333 116.656596625 0 0 1.0 0.0 0.0 0.5833333333333334 0.08333333333333333 0.25 0.08333333333333333 0.0 0.0 0.0 0.0 0.5 0.2692307692307692 0.11538461538461539 0.038461538461538464 0.07692307692307693 wanghe 2Сʱ_mousemovements
153.97199625 577.621948 638.6233365 0 0 0 544.1020505 0 150.92311850000002 125.0 568.2484840000001 0 0 189.041748 619.163635 0 0.2222222222222222 0.1111111111111111 0.3333333333333333 0.0 0.0 0.1111111111111111 0.2222222222222222 0.0 146.450070625 0 44.159012 0.96 0.0 0.04 0.4444444444444444 0.1111111111111111 0.2222222222222222 0.0 0.0 0.0 0.2222222222222222 0.0 0.6 0.2 0.1 0.0 0.1 wanghe 2Сʱ_mousemovements
121.37237999999999 488.74037666666663 913.9473876666667 592.100159 0 0 0 0 0 428.694855 825.8022005 516.961746 58.875507 345.3896025 0 385.786973 0.0 0.08333333333333333 0.16666666666666666 0.16666666666666666 0.08333333333333333 0.16666666666666666 0.0 0.3333333333333333 186.44915006896554 0.0 0 0.9666666666666667 0.03333333333333333 0.0 0.4166666666666667 0.25 0.25 0.08333333333333333 0.0 0.0 0.0 0.0 0.5652173913043478 0.30434782608695654 0.13043478260869565 0.0 0.0 wanghe 2Сʱ_mousemovements
130.55244833333336 581.37761675 229.0902445 442.713531 0 0 0 0 408.8085733333334 95.054024 423.637238 140.6228295 128.1151465 0 488.30567899999994 375.25744249999997 0.23076923076923078 0.07692307692307693 0.07692307692307693 0.15384615384615385 0.15384615384615385 0.0 0.15384615384615385 0.15384615384615385 128.067259 0 39.634148 0.96875 0.0 0.03125 0.46153846153846156 0.3076923076923077 0.15384615384615385 0.07692307692307693 0.0 0.0 0.0 0.0 0.4230769230769231 0.38461538461538464 0.038461538461538464 0.11538461538461539 0.038461538461538464 wanghe 2Сʱ_mousemovements
122.68215466666668 348.923166 413.845551 0 632.031799 0 0 890.341675 632.031799 253.75577933333332 271.879013 890.341675 0 321.335022 89.9876835 272.05463899999995 0.07142857142857142 0.21428571428571427 0.14285714285714285 0.07142857142857142 0.0 0.07142857142857142 0.14285714285714285 0.2857142857142857 39.00045313043478 0 238.44608536363637 0.8070175438596491 0.0 0.19298245614035087 0.42857142857142855 0.35714285714285715 0.07142857142857142 0.0 0.07142857142857142 0.0 0.0 0.07142857142857142 0.6296296296296297 0.24074074074074073 0.018518518518518517 0.07407407407407407 0.037037037037037035 wanghe 2Сʱ_mousemovements
180.87298950000002 0 0 440.552429 0 1034.874756 940.190552 0 0 659.1553345 0 0 0 940.190552 259.43124750000004 0 0.0 0.4 0.0 0.0 0.0 0.2 0.4 0.0 48.26588946666667 0 684.4584580000001 0.8333333333333334 0.0 0.16666666666666666 0.4 0.0 0.0 0.2 0.0 0.2 0.2 0.0 0.7058823529411765 0.11764705882352941 0.058823529411764705 0.058823529411764705 0.058823529411764705 wanghe 2Сʱ_mousemovements
176.6259376428571 374.5729034 1313.485474 340.899456 1031.107056 0 467.917389 369.552582 346.622101 176.42392 624.850332 616.3327686666667 167.8181966666667 533.2700955 220.11433166666666 176.49585340000002 0.08 0.04 0.12 0.12 0.24 0.08 0.12 0.2 82.47650992424244 609.118408 215.69209940000002 0.8571428571428571 0.012987012987012988 0.12987012987012986 0.56 0.2 0.04 0.08 0.04 0.0 0.04 0.04 0.6470588235294118 0.23529411764705882 0.10294117647058823 0.014705882352941176 0.0 wanghe 2Сʱ_mousemovements
177.20196883333332 333.87305449999997 497.53067 0 0 0 0 0 0 267.94466233333327 0 126.732956 423.944916 299.2746276666667 337.595642 0 0.0 0.5 0.0 0.08333333333333333 0.08333333333333333 0.25 0.08333333333333333 0.0 51.96925920930232 0 165.58388928571426 0.86 0.0 0.14 0.5 0.3333333333333333 0.16666666666666666 0.0 0.0 0.0 0.0 0.0 0.6111111111111112 0.2222222222222222 0.08333333333333333 0.05555555555555555 0.027777777777777776 wanghe 2Сʱ_mousemovements
56.34630333333333 428.23409440000006 0 0 0 0 0 0 0 276.00652325 56.326241 0 16.129032 356.015091 295.368372 0.0 0.0 0.36363636363636365 0.09090909090909091 0.0 0.09090909090909091 0.18181818181818182 0.18181818181818182 0.09090909090909091 58.33028137931034 19.313709 256.11880766666667 0.8787878787878788 0.030303030303030304 0.09090909090909091 0.5454545454545454 0.45454545454545453 0.0 0.0 0.0 0.0 0.0 0.0 0.6538461538461539 0.2692307692307692 0.07692307692307693 0.0 0.0 wanghe 2Сʱ_mousemovements
319.1927308 487.544495 1112.097656 1633.844727 0 0 0 0 0 528.2505205 0 0 0 26.102682 1633.844727 0 0.0 0.75 0.0 0.0 0.0 0.125 0.125 0.0 161.75150696551725 25.683123 56.4868535 0.90625 0.03125 0.0625 0.625 0.125 0.125 0.125 0.0 0.0 0.0 0.0 0.7037037037037037 0.14814814814814814 0.07407407407407407 0.07407407407407407 0.0 wanghe 2Сʱ_mousemovements
128.89106842857143 255.06239874999997 422.903198 1905.2562865 0 0 0 0 0 521.80463 221.301979 0 63.829788 290.98996 556.9128397500001 0 0.0 0.42857142857142855 0.14285714285714285 0.0 0.07142857142857142 0.07142857142857142 0.2857142857142857 0.0 128.0249726 0 172.48399016666664 0.8695652173913043 0.0 0.13043478260869565 0.5 0.2857142857142857 0.07142857142857142 0.14285714285714285 0.0 0.0 0.0 0.0 0.6216216216216216 0.16216216216216217 0.10810810810810811 0.02702702702702703 0.08108108108108109 wanghe 2Сʱ_mousemovements
34.88372 149.32304349999998 718.34198 578.344543 0 0 0 0 0 194.244293 0 0 34.88372 718.34198 341.3731685 0 0.0 0.2 0.0 0.0 0.2 0.2 0.4 0.0 37.807472631578946 34.88372 292.33021 0.8260869565217391 0.043478260869565216 0.13043478260869565 0.2 0.4 0.2 0.2 0.0 0.0 0.0 0.0 0.6111111111111112 0.05555555555555555 0.16666666666666666 0.1111111111111111 0.05555555555555555 wanghe 2Сʱ_mousemovements
166.7308957857143 498.820568 0 0 0 0 1341.9224245 1294.926819 603.02251725 674.1322616 558.6757815 168.16601333333332 85.379158 0 474.725754 64.475494 0.18181818181818182 0.22727272727272727 0.09090909090909091 0.13636363636363635 0.09090909090909091 0.0 0.18181818181818182 0.09090909090909091 54.89578696491228 10.638298 646.3515144999999 0.8382352941176471 0.014705882352941176 0.14705882352941177 0.6363636363636364 0.18181818181818182 0.0 0.0 0.0 0.0 0.09090909090909091 0.09090909090909091 0.640625 0.125 0.15625 0.046875 0.03125 wanghe 2Сʱ_mousemovements
245.71060640000002 236.521942 889.601135 0 0 2313.4555665 0 2280.70459 330.2027766666667 889.601135 303.913452 0 0 2313.4555665 0 817.0859273333332 0.3 0.1 0.1 0.0 0.0 0.2 0.0 0.3 191.4994155217391 0.0 151.10623933333332 0.92 0.02 0.06 0.5 0.1 0.1 0.0 0.0 0.2 0.0 0.1 0.5652173913043478 0.21739130434782608 0.15217391304347827 0.0 0.06521739130434782 wanghe 2Сʱ_mousemovements
136.29006625 412.05788399999994 0 583.17511 0 0 0 0 0 268.2664892857143 51.366245 0 133.333328 351.497253 302.554975 0 0.0 0.5384615384615384 0.07692307692307693 0.0 0.07692307692307693 0.07692307692307693 0.23076923076923078 0.0 59.62771617142857 0 411.58570333333336 0.9210526315789473 0.0 0.07894736842105263 0.6153846153846154 0.3076923076923077 0.0 0.07692307692307693 0.0 0.0 0.0 0.0 0.6875 0.15625 0.09375 0.0625 0.0 wanghe 2Сʱ_mousemovements
133.505128 343.94093833333335 332.106022 0 0 0 0 0 340.647614 0 257.8862495 12.974437 273.986767 0 311.17806233333334 12.658228 0.1 0.0 0.2 0.1 0.2 0.0 0.3 0.1 37.59591546428572 12.974437 324.47510725 0.8484848484848485 0.030303030303030304 0.12121212121212122 0.5 0.3 0.2 0.0 0.0 0.0 0.0 0.0 0.75 0.125 0.125 0.0 0.0 wanghe 2Сʱ_mousemovements
221.88972700000002 2414.965271 409.821116 1827.534424 827.9378053333334 0 241.257751 0 285.409256 2348.7356875 251.586273 639.2452085000001 576.117798 521.016418 505.3760336666667 486.453434 0.1111111111111111 0.1111111111111111 0.05555555555555555 0.1111111111111111 0.05555555555555555 0.05555555555555555 0.3333333333333333 0.16666666666666666 159.01841381034484 0 351.5610328888889 0.8656716417910447 0.0 0.13432835820895522 0.4444444444444444 0.1111111111111111 0.16666666666666666 0.05555555555555555 0.16666666666666666 0.0 0.05555555555555555 0.0 0.65 0.16666666666666666 0.13333333333333333 0.05 0.0 wanghe 2Сʱ_mousemovements
280.12373483333334 1302.669922 0 0 778.384033 728.7187345 1059.708862 0 0 1302.669922 548.1602325 213.18586525 0 0 1035.8414 477.76302350000003 0.0 0.09090909090909091 0.18181818181818182 0.36363636363636365 0.0 0.0 0.18181818181818182 0.18181818181818182 86.467481225 0 402.89192085714285 0.851063829787234 0.0 0.14893617021276595 0.5454545454545454 0.09090909090909091 0.0 0.0 0.09090909090909091 0.18181818181818182 0.09090909090909091 0.0 0.6842105263157895 0.07894736842105263 0.13157894736842105 0.10526315789473684 0.0 wanghe 2Сʱ_mousemovements
107.19392169999999 532.4580229999999 729.1250305000001 1036.2635500000001 431.018036 679.188293 0 227.885773 389.72901900000005 520.7175506 71.73338133333333 1.675609 69.148937 679.188293 627.4116111999999 329.4519045 0.13636363636363635 0.22727272727272727 0.13636363636363635 0.045454545454545456 0.09090909090909091 0.045454545454545456 0.22727272727272727 0.09090909090909091 95.17836962121211 10.638298 231.06879020000002 0.8571428571428571 0.012987012987012988 0.12987012987012986 0.45454545454545453 0.22727272727272727 0.09090909090909091 0.09090909090909091 0.045454545454545456 0.045454545454545456 0.0 0.045454545454545456 0.5483870967741935 0.27419354838709675 0.04838709677419355 0.08064516129032258 0.04838709677419355 wanghe 2Сʱ_mousemovements
37.8787865 264.803505 361.628662 0 0 1053.309204 0 0 1053.309204 37.8787865 78.831314 0 0 361.628662 450.775696 0 0.16666666666666666 0.3333333333333333 0.16666666666666666 0.0 0.0 0.16666666666666666 0.16666666666666666 0.0 65.8809334117647 9.090909 297.0785573333333 0.8095238095238095 0.047619047619047616 0.14285714285714285 0.3333333333333333 0.3333333333333333 0.16666666666666666 0.0 0.0 0.16666666666666666 0.0 0.0 0.7692307692307693 0.07692307692307693 0.07692307692307693 0.07692307692307693 0.0 wanghe 2Сʱ_mousemovements
108.360565 526.9717203333333 610.0118709999999 0 0 580.066055 0 0 0 0 429.32543933333335 904.939575 0 501.60908500000005 618.10498 255.192535 0.0 0.0 0.375 0.125 0.0 0.25 0.125 0.125 104.11188418518519 0 419.470235 0.9 0.0 0.1 0.125 0.375 0.25 0.0 0.0 0.25 0.0 0.0 0.5789473684210527 0.15789473684210525 0.2631578947368421 0.0 0.0 wanghe 2Сʱ_mousemovements
135.79887975 418.12779250000006 0 0 0 0 0 0 74.723427 234.23604600000002 290.960663 0 0 0 545.294922 0.0 0.16666666666666666 0.3333333333333333 0.16666666666666666 0.0 0.0 0.0 0.16666666666666666 0.16666666666666666 64.16586015384615 0 545.294922 0.9285714285714286 0.0 0.07142857142857142 0.6666666666666666 0.3333333333333333 0.0 0.0 0.0 0.0 0.0 0.0 0.5833333333333334 0.3333333333333333 0.0 0.08333333333333333 0.0 wanghe 2Сʱ_mousemovements
0 0 0 0 0 0 0 0 0 0 0 0 0 0 0 0 0 0 0 0 0 0 0 0 0 0 0 0 0 0 0 0 0 0 0 0 0 0 0 0 0 0 0 wanghe 2Сʱ_mousemovements
172.00545849999997 0 414.511383 0 474.007507 859.762085 0 0 414.511383 0 0 474.007507 172.00545849999997 0 0 859.762085 0.2 0.0 0.0 0.2 0.4 0.0 0.0 0.2 17.282816555555556 0 445.3002985 0.8181818181818182 0.0 0.18181818181818182 0.4 0.0 0.2 0.0 0.2 0.2 0.0 0.0 0.6666666666666666 0.16666666666666666 0.1111111111111111 0.05555555555555555 0.0 wanghe 2Сʱ_mousemovements
0 0 0 0 0 0 0 0 0 0 0 0 0 0 0 0 0 0 0 0 0 0 0 0 0 0 0 0 0 0 0 0 0 0 0 0 0 0 0 0 0 0 0 wanghe 2Сʱ_mousemovements
0 0 0 0 0 0 0 0 0 0 0 0 0 0 0 0 0 0 0 0 0 0 0 0 0 0 0 0 0 0 0 0 0 0 0 0 0 0 0 0 0 0 0 wanghe 2Сʱ_mousemovements
