129.19499436 314.37665833333335 456.1296235 391.99012000000005 0 839.7903266666667 0 755.726074 145.5432775 208.3223988888889 312.6837872 382.9105176666667 212.314087 223.079943 520.031154 103.14248160000002 0.04878048780487805 0.21951219512195122 0.12195121951219512 0.07317073170731707 0.07317073170731707 0.17073170731707318 0.17073170731707318 0.12195121951219512 96.97513981651377 69.67692433333333 90.64999379999999 0.9316239316239316 0.02564102564102564 0.042735042735042736 0.6097560975609756 0.07317073170731707 0.0975609756097561 0.12195121951219512 0.0 0.07317073170731707 0.0 0.024390243902439025 0.5454545454545454 0.24242424242424243 0.13131313131313133 0.04040404040404041 0.04040404040404041 leishengchuan 8Сʱ_mousemovements
156.68510334883717 367.1919982 727.6813656666667 559.566345 1201.93711875 1581.936401 0 0 299.0738783333333 234.55337564285713 672.0425225 234.24019533333336 120.70323179999998 198.44188219999998 799.2938846 261.72876931250005 0.047619047619047616 0.2222222222222222 0.09523809523809523 0.14285714285714285 0.07936507936507936 0.07936507936507936 0.07936507936507936 0.25396825396825395 106.87890436419754 15.248663666666667 192.5261857142857 0.8901098901098901 0.03296703296703297 0.07692307692307693 0.6825396825396826 0.15873015873015872 0.047619047619047616 0.031746031746031744 0.06349206349206349 0.015873015873015872 0.0 0.0 0.5555555555555556 0.2037037037037037 0.09876543209876543 0.09259259259259259 0.04938271604938271 leishengchuan 8Сʱ_mousemovements
98.01096720000001 0 0 0 0 0 0 0 0 64.516129 0 0 0 27.313709 57.4005545 283.423889 0.0 0.2 0.0 0.0 0.0 0.2 0.4 0.2 49.005483600000005 0 0 1.0 0.0 0.0 1.0 0.0 0.0 0.0 0.0 0.0 0.0 0.0 0.5555555555555556 0.1111111111111111 0.2222222222222222 0.0 0.1111111111111111 leishengchuan 8Сʱ_mousemovements
0 0 0 0 0 0 0 0 0 0 0 0 0 0 0 0 0 0 0 0 0 0 0 0 0 0 0 0 0 0 0 0 0 0 0 0 0 0 0 0 0 0 0 leishengchuan 8Сʱ_mousemovements
0 0 0 0 0 0 0 0 0 0 0 0 0 0 0 0 0 0 0 0 0 0 0 0 0 0 0 0 0 0 0 0 0 0 0 0 0 0 0 0 0 0 0 leishengchuan 8Сʱ_mousemovements
24.0 378.133362 198.354279 1239.135864 0 0 1177.654785 0 24.0 198.354279 0 0 0 777.8940735 0 1239.135864 0.2 0.2 0.0 0.0 0.0 0.4 0.0 0.2 230.25217615384616 0 24.0 0.9285714285714286 0.0 0.07142857142857142 0.2 0.2 0.2 0.2 0.0 0.0 0.2 0.0 0.0 0.8 0.1 0.1 0.0 leishengchuan 8Сʱ_mousemovements
153.132218125 527.7422945000001 0 483.07193 0 0 0 0 435.310028 483.07193 620.174561 0 0 140.70273400000002 138.83743233333334 245.734512 0.09090909090909091 0.09090909090909091 0.09090909090909091 0.0 0.0 0.36363636363636365 0.2727272727272727 0.09090909090909091 98.70050942857142 0 0 1.0 0.0 0.0 0.7272727272727273 0.18181818181818182 0.0 0.09090909090909091 0.0 0.0 0.0 0.0 0.5384615384615384 0.38461538461538464 0.0 0.07692307692307693 0.0 leishengchuan 8Сʱ_mousemovements
1277.443115 0 0 0 0 0 2806.513428 0 0 2806.513428 0 0 0 0 1277.443115 0 0.0 0.5 0.0 0.0 0.0 0.0 0.5 0.0 510.49456787500003 0 0 1.0 0.0 0.0 0.5 0.0 0.0 0.0 0.0 0.0 0.5 0.0 0.8571428571428571 0.14285714285714285 0.0 0.0 0.0 leishengchuan 8Сʱ_mousemovements
0 0 0 0 0 0 0 0 0 0 0 0 0 0 0 0 0 0 0 0 0 0 0 0 0 0 0 0 0 0 0 0 0 0 0 0 0 0 0 0 0 0 0 leishengchuan 8Сʱ_mousemovements
143.81561416666668 0 931.633667 0 0 0 0 820.416443 177.52425675 0 0 0 0 876.025055 76.398329 0 0.5 0.0 0.0 0.0 0.0 0.25 0.25 0.0 163.43398718749998 0 0 1.0 0.0 0.0 0.75 0.0 0.125 0.0 0.0 0.0 0.0 0.125 0.5384615384615384 0.07692307692307693 0.15384615384615385 0.07692307692307693 0.15384615384615385 leishengchuan 8Сʱ_mousemovements
156.3943452727273 1159.858643 475.171356 998.3290813333334 3286.886475 1046.306152 0 0 129.60355800000002 689.4751807499999 430.23375799999997 3286.886475 121.721424 446.416336 50.653461 583.03921425 0.1111111111111111 0.2222222222222222 0.1111111111111111 0.05555555555555555 0.1111111111111111 0.1111111111111111 0.05555555555555555 0.2222222222222222 295.06266413888886 10.638298 50.653461 0.9473684210526315 0.02631578947368421 0.02631578947368421 0.6111111111111112 0.05555555555555555 0.05555555555555555 0.16666666666666666 0.05555555555555555 0.05555555555555555 0.0 0.0 0.5882352941176471 0.17647058823529413 0.11764705882352941 0.08823529411764706 0.029411764705882353 leishengchuan 8Сʱ_mousemovements
185.6930344705882 432.5025742857143 749.0870419 258.242302 377.394714 716.527832 689.2116699999999 0 371.98631280000006 211.073125 748.826032 307.68400825 355.5284425 326.805416 293.87089119999996 598.003479 0.12195121951219512 0.07317073170731707 0.21951219512195122 0.1951219512195122 0.04878048780487805 0.07317073170731707 0.24390243902439024 0.024390243902439025 90.6609355671642 69.3572025 272.64488505882355 0.8758169934640523 0.013071895424836602 0.1111111111111111 0.4146341463414634 0.17073170731707318 0.24390243902439024 0.07317073170731707 0.024390243902439025 0.024390243902439025 0.04878048780487805 0.0 0.5390070921985816 0.22695035460992907 0.15602836879432624 0.04964539007092199 0.028368794326241134 leishengchuan 8Сʱ_mousemovements
100.25973991304349 874.104614 496.24566649999997 411.482452 0 0 0 0 46.79224925 159.94378566666668 580.481689 223.07351666666668 215.62318825000003 265.2724 82.078852 137.06108949999998 0.14814814814814814 0.2222222222222222 0.037037037037037035 0.1111111111111111 0.14814814814814814 0.07407407407407407 0.1111111111111111 0.14814814814814814 53.45034946753246 7.092198 230.64165500000001 0.9625 0.0125 0.025 0.8518518518518519 0.037037037037037035 0.07407407407407407 0.037037037037037035 0.0 0.0 0.0 0.0 0.746268656716418 0.1791044776119403 0.029850746268656716 0.029850746268656716 0.014925373134328358 leishengchuan 8Сʱ_mousemovements
181.68623779166668 198.82125075 491.7666762 238.024673 635.167969 657.259338 0 0 343.6651538888889 288.6234055 187.9330065 253.3546215 222.510254 565.525838 126.3154325 114.21090299999999 0.25 0.05555555555555555 0.2222222222222222 0.05555555555555555 0.08333333333333333 0.08333333333333333 0.16666666666666666 0.08333333333333333 89.32015283333332 76.74463783333334 215.25282966666666 0.9090909090909091 0.06060606060606061 0.030303030303030304 0.6666666666666666 0.1111111111111111 0.1388888888888889 0.027777777777777776 0.027777777777777776 0.027777777777777776 0.0 0.0 0.4819277108433735 0.20481927710843373 0.1927710843373494 0.060240963855421686 0.060240963855421686 leishengchuan 8Сʱ_mousemovements
720.3222045 261.59433 0 0 0 0 0 0 261.59433 720.3222045 0 0 0 0 0 0 0.3333333333333333 0.6666666666666666 0.0 0.0 0.0 0.0 0.0 0.0 212.779842375 0 0 1.0 0.0 0.0 0.6666666666666666 0.3333333333333333 0.0 0.0 0.0 0.0 0.0 0.0 0.42857142857142855 0.2857142857142857 0.2857142857142857 0.0 0.0 leishengchuan 8Сʱ_mousemovements
0 0 0 0 0 0 0 0 0 0 0 0 0 0 0 0 0 0 0 0 0 0 0 0 0 0 0 0 0 0 0 0 0 0 0 0 0 0 0 0 0 0 0 leishengchuan 8Сʱ_mousemovements
108.6931042 392.932266 348.539215 851.7099304999999 0 0 1537.088745 875.299072 0 216.54757874999999 385.921356 1009.548767 348.539215 727.9202013333334 112.48234133333331 875.299072 0.0 0.2222222222222222 0.1111111111111111 0.05555555555555555 0.05555555555555555 0.16666666666666666 0.3333333333333333 0.05555555555555555 162.35805463414636 36.6972465 0.0 0.9318181818181818 0.045454545454545456 0.022727272727272728 0.5555555555555556 0.16666666666666666 0.05555555555555555 0.1111111111111111 0.0 0.0 0.05555555555555555 0.05555555555555555 0.5121951219512195 0.21951219512195122 0.0975609756097561 0.12195121951219512 0.04878048780487805 leishengchuan 8Сʱ_mousemovements
0 0 0 0 0 0 0 0 0 0 0 0 0 0 0 0 0 0 0 0 0 0 0 0 0 0 0 0 0 0 0 0 0 0 0 0 0 0 0 0 0 0 0 leishengchuan 8Сʱ_mousemovements
640.866379 0 5501.682617 0 0 1580.551147 0 0 1580.551147 571.779724 3650.9833985000005 0 0 94.627419 96.774193 0 0.16666666666666666 0.16666666666666666 0.3333333333333333 0.0 0.0 0.16666666666666666 0.16666666666666666 0.0 602.856205 0 0 1.0 0.0 0.0 0.6666666666666666 0.0 0.16666666666666666 0.0 0.0 0.16666666666666666 0.0 0.0 0.8333333333333334 0.16666666666666666 0.0 0.0 0.0 leishengchuan 8Сʱ_mousemovements
31.914894 0 0 0 0 0 0 0 0 31.914894 0 0 0 0 0 0 0.0 1.0 0.0 0.0 0.0 0.0 0.0 0.0 15.957447 0 0 1.0 0.0 0.0 1.0 0.0 0.0 0.0 0.0 0.0 0.0 0.0 1.0 0.0 0.0 0.0 0.0 leishengchuan 8Сʱ_mousemovements
85.18484500000001 732.849548 468.748596 405.439911 0 0 0 5109.28302 265.624298 805.059845 105.728508 0 0 87.326027 4873.3679045 0 0.25 0.25 0.125 0.0 0.0 0.125 0.25 0.0 555.9866056666666 0 405.439911 0.9545454545454546 0.0 0.045454545454545456 0.375 0.125 0.125 0.125 0.0 0.0 0.0 0.25 0.4444444444444444 0.16666666666666666 0.05555555555555555 0.1111111111111111 0.2222222222222222 leishengchuan 8Сʱ_mousemovements
111.72279458064516 192.15715718181818 52.973705 666.57942975 1064.187012 85.970131 1295.907318 0 42.553192 365.78558483333336 429.27738639999995 138.71571609090913 76.46471749999999 284.10768375 342.1633241111112 185.8933802857143 0.0196078431372549 0.11764705882352941 0.09803921568627451 0.21568627450980393 0.1568627450980392 0.0784313725490196 0.17647058823529413 0.13725490196078433 75.56020819014086 29.717090833333334 141.318307 0.9102564102564102 0.038461538461538464 0.05128205128205128 0.6078431372549019 0.21568627450980393 0.0196078431372549 0.0784313725490196 0.0196078431372549 0.0196078431372549 0.0392156862745098 0.0 0.5384615384615384 0.24615384615384617 0.09230769230769231 0.05384615384615385 0.06923076923076923 leishengchuan 8Сʱ_mousemovements
54.67005985714286 322.956066 235.28828025 454.81253033333337 0 411.054727 798.8731076666667 489.3601075 236.06939075 88.87512791666666 89.04969100000001 244.2982787 264.43320736363637 311.2773111666667 38.31817830769231 176.4171207142857 0.1111111111111111 0.16666666666666666 0.06944444444444445 0.1388888888888889 0.1527777777777778 0.08333333333333333 0.18055555555555555 0.09722222222222222 57.44370064516131 22.921546062499996 108.45834641666666 0.8691588785046729 0.07476635514018691 0.056074766355140186 0.6805555555555556 0.08333333333333333 0.05555555555555555 0.041666666666666664 0.0 0.06944444444444445 0.041666666666666664 0.027777777777777776 0.5401069518716578 0.23529411764705882 0.13903743315508021 0.058823529411764705 0.026737967914438502 leishengchuan 8Сʱ_mousemovements
253.3113165 0 1262.569946 0 0 353.022217 0 1478.212769 83.698051 353.022217 0 1059.5580445 0 0 0 517.0712803333333 0.14285714285714285 0.14285714285714285 0.0 0.2857142857142857 0.0 0.0 0.0 0.42857142857142855 220.8251753529412 0 353.022217 0.9444444444444444 0.0 0.05555555555555555 0.5714285714285714 0.0 0.14285714285714285 0.0 0.0 0.14285714285714285 0.0 0.14285714285714285 0.4 0.26666666666666666 0.26666666666666666 0.06666666666666667 0.0 leishengchuan 8Сʱ_mousemovements
161.60985111111114 1506.588989 990.259827 0 0 351.099609 0 0 0 112.88480716666665 1506.588989 0 0 351.099609 0 441.859911 0.0 0.5 0.08333333333333333 0.0 0.0 0.08333333333333333 0.0 0.3333333333333333 107.47675205000003 0 3.367003 0.975609756097561 0.0 0.024390243902439025 0.75 0.08333333333333333 0.08333333333333333 0.0 0.0 0.08333333333333333 0.0 0.0 0.6470588235294118 0.3235294117647059 0.029411764705882353 0.0 0.0 leishengchuan 8Сʱ_mousemovements
128.82613633333335 0 0 0 0 0 0 0 79.3735275 227.731354 0 0 0 0 0 0 0.6666666666666666 0.3333333333333333 0.0 0.0 0.0 0.0 0.0 0.0 27.605600642857148 0 0 1.0 0.0 0.0 1.0 0.0 0.0 0.0 0.0 0.0 0.0 0.0 0.6363636363636364 0.09090909090909091 0.2727272727272727 0.0 0.0 leishengchuan 8Сʱ_mousemovements
60.814958499999996 339.379547 0 0 1260.624146 1060.343628 0 0 39.8159885 480.49270900000005 0 0 48.958332 1060.343628 43.010662 212.2429655 0.18181818181818182 0.2727272727272727 0.0 0.0 0.18181818181818182 0.09090909090909091 0.09090909090909091 0.18181818181818182 104.89556630000003 0 0 1.0 0.0 0.0 0.7272727272727273 0.09090909090909091 0.0 0.0 0.09090909090909091 0.09090909090909091 0.0 0.0 0.5769230769230769 0.2692307692307692 0.15384615384615385 0.0 0.0 leishengchuan 8Сʱ_mousemovements
108.00154978571429 282.0910186666667 254.263178 328.222698 499.37804166666666 669.253174 0 600.0799865 381.46822 153.64739483333335 180.92259822222223 162.669027 313.80974266666664 143.7661075 249.56548687500003 67.01524366666666 0.047619047619047616 0.14285714285714285 0.21428571428571427 0.14285714285714285 0.14285714285714285 0.047619047619047616 0.19047619047619047 0.07142857142857142 50.88776131623932 17.265934166666668 236.33045209090912 0.8731343283582089 0.04477611940298507 0.08208955223880597 0.6666666666666666 0.07142857142857142 0.07142857142857142 0.047619047619047616 0.07142857142857142 0.023809523809523808 0.0 0.047619047619047616 0.5454545454545454 0.2231404958677686 0.0743801652892562 0.10743801652892562 0.049586776859504134 leishengchuan 8Сʱ_mousemovements
68.5521852777778 260.5677083333333 47.61462 551.3125846 399.141113 0 0 419.995972 49.130120999999995 154.31667362500002 259.83627516666667 106.73545250000001 7.142857 46.198643 452.7600770000001 59.136387 0.13793103448275862 0.27586206896551724 0.20689655172413793 0.06896551724137931 0.034482758620689655 0.034482758620689655 0.1724137931034483 0.06896551724137931 51.23218509278351 28.91727825 184.58867366666666 0.9326923076923077 0.038461538461538464 0.028846153846153848 0.6206896551724138 0.10344827586206896 0.034482758620689655 0.1724137931034483 0.034482758620689655 0.0 0.0 0.034482758620689655 0.6091954022988506 0.22988505747126436 0.09195402298850575 0.04597701149425287 0.022988505747126436 leishengchuan 8Сʱ_mousemovements
99.8985617142857 381.46463 0 0 0 898.929321 0 0 898.929321 156.33316666666667 61.902912 0 144.11951625 0 354.838715 0 0.1 0.3 0.1 0.0 0.4 0.0 0.1 0.0 65.77469226666666 0 387.907745 0.967741935483871 0.0 0.03225806451612903 0.7 0.2 0.0 0.0 0.0 0.1 0.0 0.0 0.56 0.24 0.12 0.04 0.04 leishengchuan 8Сʱ_mousemovements
39.245252125 0 0 0 0 0 0 0 30.690536 25.991542399999997 0 53.18057266666667 35.53588233333333 94.280907 0 35.61517133333333 0.0625 0.3125 0.0 0.1875 0.1875 0.0625 0.0 0.1875 15.69810085 0 0 1.0 0.0 0.0 1.0 0.0 0.0 0.0 0.0 0.0 0.0 0.0 0.5151515151515151 0.36363636363636365 0.09090909090909091 0.030303030303030304 0.0 leishengchuan 8Сʱ_mousemovements
71.40060657971011 285.7941583846154 421.16052249999996 477.7945565 99.309555 0 0 0 78.93384875 42.6490428 208.56930633333332 128.1905239230769 116.58480072727274 118.56322316666667 157.66868675 172.99105849999998 0.0898876404494382 0.11235955056179775 0.1348314606741573 0.14606741573033707 0.24719101123595505 0.06741573033707865 0.0898876404494382 0.11235955056179775 34.66553987044533 30.929344399999998 117.54505833333334 0.872791519434629 0.053003533568904596 0.07420494699646643 0.7752808988764045 0.14606741573033707 0.02247191011235955 0.0449438202247191 0.011235955056179775 0.0 0.0 0.0 0.6335877862595419 0.1717557251908397 0.1297709923664122 0.04961832061068702 0.015267175572519083 leishengchuan 8Сʱ_mousemovements
90.87296597368419 270.2032731428572 365.5794396666667 273.6806375 0 894.8386536666667 1764.8287355 853.225647 133.36098466666667 306.07530460000004 311.9052196 176.41182066666667 119.6359136875 229.39530985714285 761.2881461999999 155.43229399999998 0.05357142857142857 0.08928571428571429 0.17857142857142858 0.10714285714285714 0.2857142857142857 0.125 0.08928571428571429 0.07142857142857142 68.70423260240963 32.611740625 159.35318366666667 0.8783068783068783 0.042328042328042326 0.07936507936507936 0.6785714285714286 0.125 0.05357142857142857 0.03571428571428571 0.0 0.05357142857142857 0.03571428571428571 0.017857142857142856 0.5529411764705883 0.2411764705882353 0.11764705882352941 0.047058823529411764 0.041176470588235294 leishengchuan 8Сʱ_mousemovements
69.3640370576923 312.89486875 324.903732 537.489441 0 1494.882446 1992.422607 0 151.13022999999998 384.9270997692308 140.07978583333332 193.01276042857145 107.64288109090909 98.97388525000001 226.57831433333334 141.50226075 0.06060606060606061 0.19696969696969696 0.09090909090909091 0.10606060606060606 0.16666666666666666 0.18181818181818182 0.13636363636363635 0.06060606060606061 50.0890300652174 8.547008666666667 196.393938 0.8975609756097561 0.014634146341463415 0.08780487804878048 0.7878787878787878 0.12121212121212122 0.030303030303030304 0.015151515151515152 0.0 0.015151515151515152 0.030303030303030304 0.0 0.5677083333333334 0.22916666666666666 0.10416666666666667 0.078125 0.020833333333333332 leishengchuan 8Сʱ_mousemovements
114.18696284210527 216.1950316 317.115234 1127.19102475 0 0 728.804749 0 370.15560899999997 112.06616425000001 299.62787199999997 0 167.75647 254.42777883333335 558.9799423333333 133.09535575 0.1 0.13333333333333333 0.16666666666666666 0.0 0.06666666666666667 0.2 0.2 0.13333333333333333 104.40796482500002 8.879432666666666 141.97868333333332 0.9302325581395349 0.03488372093023256 0.03488372093023256 0.6333333333333333 0.16666666666666666 0.03333333333333333 0.13333333333333333 0.0 0.0 0.03333333333333333 0.0 0.5789473684210527 0.15789473684210525 0.18421052631578946 0.039473684210526314 0.039473684210526314 leishengchuan 8Сʱ_mousemovements
96.96813656666669 469.3304322 907.9846482 842.308533 1380.3729094999999 539.090271 0 0 102.16197283333334 152.77946866666665 463.874819 413.0578215714285 129.94436183333335 117.8875005 749.2433914000001 362.444164625 0.13636363636363635 0.13636363636363635 0.09090909090909091 0.1590909090909091 0.13636363636363635 0.045454545454545456 0.11363636363636363 0.18181818181818182 91.36759791489364 0.0 175.822136 0.9527027027027027 0.006756756756756757 0.04054054054054054 0.6818181818181818 0.11363636363636363 0.11363636363636363 0.022727272727272728 0.045454545454545456 0.022727272727272728 0.0 0.0 0.5813953488372093 0.2248062015503876 0.11627906976744186 0.06201550387596899 0.015503875968992248 leishengchuan 8Сʱ_mousemovements
89.89467432 521.1085351666667 2115.450928 419.318634 558.521118 310.549988 0 0 172.6282425 201.2233215 281.749221 574.51495575 269.350233 234.7424408 78.664832625 459.8869095 0.05714285714285714 0.17142857142857143 0.11428571428571428 0.11428571428571428 0.11428571428571428 0.14285714285714285 0.22857142857142856 0.05714285714285714 93.77598040909089 35.154717 113.81575675000002 0.9361702127659575 0.02127659574468085 0.0425531914893617 0.7142857142857143 0.17142857142857143 0.02857142857142857 0.02857142857142857 0.02857142857142857 0.02857142857142857 0.0 0.0 0.573170731707317 0.2682926829268293 0.10975609756097561 0.024390243902439025 0.024390243902439025 leishengchuan 8Сʱ_mousemovements
61.27880866666666 432.354187 332.841461 267.546661 492.451172 0 0 0 0 67.918213 0 432.354187 332.841461 0 492.451172 157.7733305 0.0 0.2857142857142857 0.0 0.14285714285714285 0.14285714285714285 0.0 0.14285714285714285 0.2857142857142857 53.00188670588235 492.451172 157.7733305 0.85 0.05 0.1 0.42857142857142855 0.14285714285714285 0.14285714285714285 0.14285714285714285 0.14285714285714285 0.0 0.0 0.0 0.5294117647058824 0.35294117647058826 0.058823529411764705 0.058823529411764705 0.0 leishengchuan 8Сʱ_mousemovements
0 0 0 0 0 0 0 0 0 0 0 0 0 0 0 0 0 0 0 0 0 0 0 0 0 0 0 0 0 0 0 0 0 0 0 0 0 0 0 0 0 0 0 leishengchuan 8Сʱ_mousemovements
0 0 0 0 0 0 0 0 0 0 0 0 0 0 0 0 0 0 0 0 0 0 0 0 0 0 0 0 0 0 0 0 0 0 0 0 0 0 0 0 0 0 0 leishengchuan 8Сʱ_mousemovements
