0 1364.021729 0 0 0 0 0 0 0 0 0 0 0 0 0 1364.021729 0.0 0.0 0.0 0.0 0.0 0.0 0.0 1.0 682.0108645 0 0 1.0 0.0 0.0 0.0 1.0 0.0 0.0 0.0 0.0 0.0 0.0 1.0 0.0 0.0 0.0 0.0 leishengchuan 9Сʱ_mousemovements
0 0 1919.716675 0 0 0 0 0 0 1919.716675 0 0 0 0 0 0 0.0 1.0 0.0 0.0 0.0 0.0 0.0 0.0 639.9055583333333 0 0 1.0 0.0 0.0 0.0 0.0 1.0 0.0 0.0 0.0 0.0 0.0 1.0 0.0 0.0 0.0 0.0 leishengchuan 9Сʱ_mousemovements
0 0 0 0 0 0 0 0 0 0 0 0 0 0 0 0 0 0 0 0 0 0 0 0 0 0 0 0 0 0 0 0 0 0 0 0 0 0 0 0 0 0 0 leishengchuan 9Сʱ_mousemovements
58.090482800000004 181.047623 0 0 0 0 0 1788.521118 0 0 0 92.21515933333335 34.9272795 0 1788.521118 0 0.0 0.0 0.0 0.5 0.3333333333333333 0.0 0.16666666666666666 0.0 113.00105775 0 0 1.0 0.0 0.0 0.7142857142857143 0.14285714285714285 0.0 0.0 0.0 0.0 0.0 0.14285714285714285 0.5555555555555556 0.2777777777777778 0.1111111111111111 0.05555555555555555 0.0 leishengchuan 9Сʱ_mousemovements
76.95388 0 0 0 0 0 0 0 0 0 0 76.95388 0 0 0 0 0.0 0.0 0.0 1.0 0.0 0.0 0.0 0.0 38.47694 0 0 1.0 0.0 0.0 1.0 0.0 0.0 0.0 0.0 0.0 0.0 0.0 1.0 0.0 0.0 0.0 0.0 leishengchuan 9Сʱ_mousemovements
271.424744 0 0 0 0 0 0 0 0 0 0 0 271.424744 0 0 0 0.0 0.0 0.0 0.0 1.0 0.0 0.0 0.0 135.712372 0 0 1.0 0.0 0.0 1.0 0.0 0.0 0.0 0.0 0.0 0.0 0.0 0.0 1.0 0.0 0.0 0.0 leishengchuan 9Сʱ_mousemovements
148.64981849999998 0 0 752.090881 0 0 0 0 0 752.090881 0 184.780411 0 172.651367 64.516129 0 0.0 0.2 0.0 0.2 0.0 0.4 0.2 0.0 134.66901549999997 0 0 1.0 0.0 0.0 0.8 0.0 0.0 0.2 0.0 0.0 0.0 0.0 0.5714285714285714 0.2857142857142857 0.14285714285714285 0.0 0.0 leishengchuan 9Сʱ_mousemovements
497.7844453333333 664.8600513333334 0 0 0 0 0 0 47.619049 238.797653 1501.413696 0 321.5958555 2166.729248 160.51773450000002 62.5 0.1111111111111111 0.1111111111111111 0.1111111111111111 0.0 0.2222222222222222 0.1111111111111111 0.2222222222222222 0.1111111111111111 216.57768808695656 0 0 1.0 0.0 0.0 0.6666666666666666 0.3333333333333333 0.0 0.0 0.0 0.0 0.0 0.0 0.5882352941176471 0.23529411764705882 0.11764705882352941 0.058823529411764705 0.0 leishengchuan 9Сʱ_mousemovements
170.72328700000003 0 315.46050499999996 628.42926 0 0 967.082947 974.572021 242.61444100000003 502.417297 801.5006404999999 0 114.145378 0 967.082947 0 0.3333333333333333 0.1111111111111111 0.2222222222222222 0.0 0.2222222222222222 0.0 0.1111111111111111 0.0 74.68256445454546 967.082947 472.845413 0.8461538461538461 0.038461538461538464 0.11538461538461539 0.3333333333333333 0.0 0.3333333333333333 0.1111111111111111 0.0 0.0 0.1111111111111111 0.1111111111111111 0.5 0.045454545454545456 0.22727272727272727 0.18181818181818182 0.045454545454545456 leishengchuan 9Сʱ_mousemovements
0 316.758759 0 0 0 0 0 0 0 0 0 0 0 316.758759 0 0 0.0 0.0 0.0 0.0 0.0 1.0 0.0 0.0 158.3793795 0 0 1.0 0.0 0.0 0.0 1.0 0.0 0.0 0.0 0.0 0.0 0.0 0.0 0.0 1.0 0.0 0.0 leishengchuan 9Сʱ_mousemovements
33.474215125 0 0 0 0 0 0 0 43.105892 27.522936 0 31.746031 36.0355665 0 0 21.276596 0.125 0.125 0.0 0.125 0.5 0.0 0.0 0.125 14.877428944444445 0 0 1.0 0.0 0.0 1.0 0.0 0.0 0.0 0.0 0.0 0.0 0.0 0.8235294117647058 0.17647058823529413 0.0 0.0 0.0 leishengchuan 9Сʱ_mousemovements
54.028904302325586 0 0 0 0 0 0 0 37.70294725 36.14716333333333 29.1752235 59.534978 34.406374416666665 42.553192 21.73913 90.91453399999999 0.09302325581395349 0.13953488372093023 0.046511627906976744 0.09302325581395349 0.27906976744186046 0.023255813953488372 0.023255813953488372 0.3023255813953488 18.735829717741936 0 0 1.0 0.0 0.0 1.0 0.0 0.0 0.0 0.0 0.0 0.0 0.0 0.6728971962616822 0.12149532710280374 0.1308411214953271 0.037383177570093455 0.037383177570093455 leishengchuan 9Сʱ_mousemovements
18.771463285714283 405.646301 0 466.369202 0 2418.904541 0 0 0 56.024544 0 21.3220585 816.8435993333333 244.81250799999998 8.6998575 71.07090571428571 0.0 0.058823529411764705 0.0 0.11764705882352941 0.17647058823529413 0.11764705882352941 0.11764705882352941 0.4117647058823529 52.99539372727273 0 56.024544 0.9850746268656716 0.0 0.014925373134328358 0.8235294117647058 0.058823529411764705 0.0 0.058823529411764705 0.0 0.058823529411764705 0.0 0.0 0.6065573770491803 0.21311475409836064 0.09836065573770492 0.08196721311475409 0.0 leishengchuan 9Сʱ_mousemovements
35.2155732 0 0 0 0 0 0 0 0 45.454544 0 0 34.88372 54.733799 9.090909 31.914894 0.0 0.2 0.0 0.0 0.2 0.2 0.2 0.2 5.178760764705882 0 0 1.0 0.0 0.0 1.0 0.0 0.0 0.0 0.0 0.0 0.0 0.0 0.8461538461538461 0.038461538461538464 0.0 0.038461538461538464 0.07692307692307693 leishengchuan 9Сʱ_mousemovements
210.11702025 1026.611206 4629.426758 218.149681 0 0 0 0 438.462827 536.1409375000001 125.0 0 0 2453.969452 102.33118633333333 0 0.23076923076923078 0.3076923076923077 0.07692307692307693 0.0 0.0 0.15384615384615385 0.23076923076923078 0.0 233.5702021081081 0 157.787216 0.9736842105263158 0.0 0.02631578947368421 0.6153846153846154 0.15384615384615385 0.07692307692307693 0.15384615384615385 0.0 0.0 0.0 0.0 0.6896551724137931 0.2413793103448276 0.034482758620689655 0.034482758620689655 0.0 leishengchuan 9Сʱ_mousemovements
0 0 0 0 0 0 0 0 0 0 0 0 0 0 0 0 0 0 0 0 0 0 0 0 0 0 0 0 0 0 0 0 0 0 0 0 0 0 0 0 0 0 0 leishengchuan 9Сʱ_mousemovements
100.3620035 466.971771 0 965.862122 0 0 0 0 0 83.124596 541.7307665 0 0 0 425.690338 508.253204 0.0 0.2 0.4 0.0 0.0 0.0 0.2 0.2 141.6378757142857 0 117.599411 0.9333333333333333 0.0 0.06666666666666667 0.4 0.4 0.0 0.2 0.0 0.0 0.0 0.0 0.6153846153846154 0.3076923076923077 0.0 0.07692307692307693 0.0 leishengchuan 9Сʱ_mousemovements
170.20535483333333 347.52266699999996 959.5049439999999 790.6557005 0 1584.833984 0 528.455627 510.954376 1584.833984 529.9600067142858 240.2032386 596.0937574999999 509.78401433333335 185.00657940000002 47.619049 0.04 0.04 0.28 0.2 0.08 0.12 0.2 0.04 148.0489685797101 21.276596 116.015169 0.9324324324324325 0.013513513513513514 0.05405405405405406 0.48 0.24 0.12 0.08 0.0 0.04 0.0 0.04 0.4461538461538462 0.3384615384615385 0.1076923076923077 0.06153846153846154 0.046153846153846156 leishengchuan 9Сʱ_mousemovements
106.78666099999998 282.80977225 404.2111895 417.58655799999997 646.375122 0 0 952.9023745 229.69362999999998 203.63643727272728 96.75538399999999 217.12539854545454 146.867666 391.83145840000003 257.9004933333333 109.27475424999999 0.037037037037037035 0.2037037037037037 0.05555555555555555 0.2037037037037037 0.14814814814814814 0.09259259259259259 0.1111111111111111 0.14814814814814814 44.410472362068965 67.72960525 195.69284053333334 0.9015544041450777 0.02072538860103627 0.07772020725388601 0.7037037037037037 0.14814814814814814 0.037037037037037035 0.05555555555555555 0.018518518518518517 0.0 0.0 0.037037037037037035 0.56 0.22285714285714286 0.08571428571428572 0.11428571428571428 0.017142857142857144 leishengchuan 9Сʱ_mousemovements
30.03171778947368 400.74742150000003 0 1342.320679 0 1751.830322 0 0 30.571269666666666 456.83296375 0 0 233.71504275 345.73196525 40.1442516 7.9365075 0.13636363636363635 0.18181818181818182 0.0 0.0 0.18181818181818182 0.18181818181818182 0.22727272727272727 0.09090909090909091 50.94284432142857 12.558940333333334 37.3431845 0.9230769230769231 0.03296703296703297 0.04395604395604396 0.8260869565217391 0.08695652173913043 0.0 0.043478260869565216 0.0 0.043478260869565216 0.0 0.0 0.5394736842105263 0.34210526315789475 0.05263157894736842 0.039473684210526314 0.02631578947368421 leishengchuan 9Сʱ_mousemovements
31.6137835 132.393814 0 1077.236084 0 0 0 0 1077.236084 0 0 0 0 132.393814 0 31.6137835 0.25 0.0 0.0 0.0 0.0 0.25 0.0 0.5 113.76623599999999 0 21.428869 0.9166666666666666 0.0 0.08333333333333333 0.5 0.25 0.0 0.25 0.0 0.0 0.0 0.0 0.0 0.8 0.0 0.1 0.1 leishengchuan 9Сʱ_mousemovements
0 0 0 0 0 0 0 0 0 0 0 0 0 0 0 0 0 0 0 0 0 0 0 0 0 0 0 0 0 0 0 0 0 0 0 0 0 0 0 0 0 0 0 leishengchuan 9Сʱ_mousemovements
105.61844966666666 0 477.204468 0 0 0 0 0 477.204468 0 0 0 291.012543 0 0 12.921403000000002 0.25 0.0 0.0 0.0 0.25 0.0 0.0 0.5 41.79262194736842 0 0 1.0 0.0 0.0 0.75 0.0 0.25 0.0 0.0 0.0 0.0 0.0 0.5384615384615384 0.23076923076923078 0.23076923076923078 0.0 0.0 leishengchuan 9Сʱ_mousemovements
116.13665883333334 0 0 0 0 1089.040527 0 0 0 102.37934866666667 31.914894 228.196533 0 129.57048 1089.040527 0 0.0 0.42857142857142855 0.14285714285714285 0.14285714285714285 0.0 0.14285714285714285 0.14285714285714285 0.0 15.395348965517243 0 0 1.0 0.0 0.0 0.8571428571428571 0.0 0.0 0.0 0.0 0.14285714285714285 0.0 0.0 0.6990291262135923 0.11650485436893204 0.08737864077669903 0.05825242718446602 0.038834951456310676 leishengchuan 9Сʱ_mousemovements
104.69665545454542 498.15110766666663 484.7481995 1821.223267 626.640625 526.242188 1813.0650025 0 17.1463415 626.640625 621.64469825 139.93785075 32.258064 1017.824547 712.9067978 438.072183 0.09523809523809523 0.047619047619047616 0.19047619047619047 0.19047619047619047 0.047619047619047616 0.09523809523809523 0.23809523809523808 0.09523809523809523 134.64852654838708 0 373.5280742 0.9253731343283582 0.0 0.07462686567164178 0.5238095238095238 0.14285714285714285 0.09523809523809523 0.047619047619047616 0.047619047619047616 0.047619047619047616 0.09523809523809523 0.0 0.5932203389830508 0.23728813559322035 0.06779661016949153 0.0847457627118644 0.01694915254237288 leishengchuan 9Сʱ_mousemovements
163.08552076923075 525.7398329 410.179962 467.45643100000007 659.264946 0 1390.578735 0 169.05041500000002 513.3407593333333 619.6121123999999 255.288826 116.87212900000002 704.0210443333334 442.52160137500005 80.16797100000001 0.1 0.1 0.16666666666666666 0.06666666666666667 0.1 0.1 0.26666666666666666 0.1 101.85768453125 0 141.3886844 0.8648648648648649 0.0 0.13513513513513514 0.43333333333333335 0.3333333333333333 0.03333333333333333 0.1 0.06666666666666667 0.0 0.03333333333333333 0.0 0.42424242424242425 0.35353535353535354 0.10101010101010101 0.0707070707070707 0.050505050505050504 leishengchuan 9Сʱ_mousemovements
46.439579499999994 310.494217 270.8511735 1981.491943 2396.681152 0 0 0 684.7558986666667 208.070313 0 0 21.505377 271.00853966666665 1314.8765945 0 0.3 0.1 0.0 0.0 0.1 0.3 0.2 0.0 184.65901137931036 0 123.83695466666667 0.90625 0.0 0.09375 0.4 0.2 0.2 0.1 0.1 0.0 0.0 0.0 0.16666666666666666 0.5666666666666667 0.16666666666666666 0.06666666666666667 0.03333333333333333 leishengchuan 9Сʱ_mousemovements
0 0 0 0 0 0 0 0 0 0 0 0 0 0 0 0 0 0 0 0 0 0 0 0 0 0 0 0 0 0 0 0 0 0 0 0 0 0 0 0 0 0 0 leishengchuan 9Сʱ_mousemovements
0 0 0 0 0 0 0 0 0 0 0 0 0 0 0 0 0 0 0 0 0 0 0 0 0 0 0 0 0 0 0 0 0 0 0 0 0 0 0 0 0 0 0 leishengchuan 9Сʱ_mousemovements
189.4080781111111 296.03592933333334 880.08893575 1515.0038759999998 0 856.28717 0 3592.842529 856.28717 975.123989 341.016327 446.6012855999999 910.425415 942.372498 348.9602965 629.966156 0.05 0.2 0.05 0.25 0.15 0.05 0.1 0.15 216.83650154385964 0 246.51861939999998 0.9193548387096774 0.0 0.08064516129032258 0.45 0.15 0.2 0.1 0.0 0.05 0.0 0.05 0.6037735849056604 0.18867924528301888 0.09433962264150944 0.07547169811320754 0.03773584905660377 leishengchuan 9Сʱ_mousemovements
126.8027541851852 0 265.034968 916.4494223333332 687.895813 0 676.311462 1723.941925 907.1468572499999 207.25614544444446 60.0285145 351.0569115 450.3186593333333 0 171.38380275000003 304.6809632222222 0.10810810810810811 0.24324324324324326 0.05405405405405406 0.05405405405405406 0.08108108108108109 0.0 0.21621621621621623 0.24324324324324326 108.68429460396038 4.0 265.034968 0.9528301886792453 0.018867924528301886 0.02830188679245283 0.7297297297297297 0.0 0.08108108108108109 0.08108108108108109 0.02702702702702703 0.0 0.02702702702702703 0.05405405405405406 0.5977011494252874 0.2413793103448276 0.11494252873563218 0.011494252873563218 0.034482758620689655 leishengchuan 9Сʱ_mousemovements
166.933083 388.456977 463.64663619999993 296.159744 387.551392 1016.7146605 862.489563 0 549.88277425 370.5552388333333 359.71109383333334 422.2585145 322.2047983333333 115.21354775 494.79770916666666 115.24190549999999 0.0975609756097561 0.14634146341463414 0.14634146341463414 0.04878048780487805 0.07317073170731707 0.1951219512195122 0.14634146341463414 0.14634146341463414 73.55853433333331 58.55577925 194.33072352631578 0.8424657534246576 0.0273972602739726 0.13013698630136986 0.5365853658536586 0.1951219512195122 0.12195121951219512 0.04878048780487805 0.024390243902439025 0.04878048780487805 0.024390243902439025 0.0 0.584 0.296 0.048 0.048 0.024 leishengchuan 9Сʱ_mousemovements
117.70056880434782 278.3998615555555 430.99368283333337 654.841377 928.1730146666667 606.009583 681.19290175 0 253.08805855555556 270.9706516 76.932699 451.040548909091 236.5441624285714 241.30601537500002 156.51622533333332 263.40203349999996 0.1232876712328767 0.2054794520547945 0.0547945205479452 0.1506849315068493 0.0958904109589041 0.1095890410958904 0.1232876712328767 0.136986301369863 88.24813856410253 10.877707666666666 111.07958972222224 0.9027777777777778 0.013888888888888888 0.08333333333333333 0.6301369863013698 0.1232876712328767 0.0821917808219178 0.0547945205479452 0.0410958904109589 0.0136986301369863 0.0547945205479452 0.0 0.5357142857142857 0.20918367346938777 0.1377551020408163 0.07653061224489796 0.04081632653061224 leishengchuan 9Сʱ_mousemovements
95.9871390576923 172.5556775 477.0761985 535.8579103333333 0 889.3045045 848.51123 0 53.264282 156.38351393333335 271.354386125 245.17117319999997 53.72043 229.6020841111111 117.68726753846155 137.39934975 0.015151515151515152 0.22727272727272727 0.12121212121212122 0.15151515151515152 0.030303030303030304 0.13636363636363635 0.19696969696969696 0.12121212121212122 45.37835506944444 34.027760666666666 71.13869362962963 0.8780487804878049 0.012195121951219513 0.10975609756097561 0.7878787878787878 0.06060606060606061 0.06060606060606061 0.045454545454545456 0.0 0.030303030303030304 0.015151515151515152 0.0 0.5882352941176471 0.22624434389140272 0.09049773755656108 0.058823529411764705 0.03619909502262444 leishengchuan 9Сʱ_mousemovements
161.63560767741933 296.66034157142855 519.5646788 349.91684 0 0 724.835205 0 131.232807 175.48263566666665 181.97764200000003 0 530.0107725 206.38416150000003 413.63207716666665 43.734201 0.08695652173913043 0.2608695652173913 0.13043478260869565 0.0 0.043478260869565216 0.17391304347826086 0.2608695652173913 0.043478260869565216 80.95671740909088 44.4410972 237.23188733333336 0.8527131782945736 0.07751937984496124 0.06976744186046512 0.6739130434782609 0.15217391304347827 0.10869565217391304 0.021739130434782608 0.0 0.0 0.043478260869565216 0.0 0.6186440677966102 0.211864406779661 0.05084745762711865 0.0423728813559322 0.07627118644067797 leishengchuan 9Сʱ_mousemovements
162.1435333488372 363.3071288333333 267.7119825 540.5928853333334 618.027374 487.82354699999996 0 0 833.232727 195.6938596111111 223.42188585714285 394.61695100000003 354.7443773333334 247.9187209230769 109.33781014285715 194.04695800000002 0.017241379310344827 0.3103448275862069 0.1206896551724138 0.06896551724137931 0.05172413793103448 0.22413793103448276 0.1206896551724138 0.08620689655172414 71.95687449019609 80.43258449999999 156.41335964285716 0.8947368421052632 0.023391812865497075 0.08187134502923976 0.7413793103448276 0.10344827586206896 0.034482758620689655 0.05172413793103448 0.034482758620689655 0.034482758620689655 0.0 0.0 0.564625850340136 0.2653061224489796 0.12244897959183673 0.02040816326530612 0.027210884353741496 leishengchuan 9Сʱ_mousemovements
94.91398564705885 431.71334299999995 224.6504975 483.5681455 0 777.886292 0 0 66.2359525 248.69839060000004 278.896725 81.9548385 58.3619652 28.667538 342.8678008 345.8106425 0.08 0.2 0.12 0.08 0.2 0.04 0.2 0.08 53.80968347692308 144.90036 263.1142434 0.9027777777777778 0.027777777777777776 0.06944444444444445 0.68 0.12 0.08 0.08 0.0 0.04 0.0 0.0 0.6290322580645161 0.16129032258064516 0.0967741935483871 0.0967741935483871 0.016129032258064516 leishengchuan 9Сʱ_mousemovements
131.68447726923077 125.759548 370.74057 350.80224599999997 635.3945615 350.27594500000004 449.145996 0 451.229038 236.73065866666664 270.232338 218.790457 107.6452782 150.15046160000003 173.81917566666664 0 0.05405405405405406 0.16216216216216217 0.08108108108108109 0.1891891891891892 0.13513513513513514 0.13513513513513514 0.24324324324324326 0.0 59.94845178095238 143.86549525 81.04676287500001 0.8974358974358975 0.03418803418803419 0.06837606837606838 0.7027027027027027 0.05405405405405406 0.02702702702702703 0.05405405405405406 0.05405405405405406 0.08108108108108109 0.02702702702702703 0.0 0.5673076923076923 0.22115384615384615 0.0673076923076923 0.125 0.019230769230769232 leishengchuan 9Сʱ_mousemovements
46.156877099999996 0 0 0 0 0 0 0 21.759683250000002 16.815480400000002 38.938927 0 0 47.619049 47.379031999999995 81.52933814285714 0.2 0.25 0.05 0.0 0.0 0.05 0.1 0.35 12.189169260273973 0 16.664093 0.9733333333333334 0.0 0.02666666666666667 1.0 0.0 0.0 0.0 0.0 0.0 0.0 0.0 0.6417910447761194 0.19402985074626866 0.05970149253731343 0.05970149253731343 0.04477611940298507 leishengchuan 9Сʱ_mousemovements
117.41202482352944 418.4365446 502.045868 274.631302 505.732254 882.598694 324.7700805 748.319946 147.22602375000002 185.7124565 217.38934719999997 521.891937 281.4703723333334 328.3093515 748.319946 171.01012433333332 0.12903225806451613 0.1935483870967742 0.16129032258064516 0.0967741935483871 0.0967741935483871 0.1935483870967742 0.03225806451612903 0.0967741935483871 76.83423902439023 96.0997832 275.08540166666666 0.8817204301075269 0.053763440860215055 0.06451612903225806 0.5483870967741935 0.16129032258064516 0.03225806451612903 0.06451612903225806 0.06451612903225806 0.03225806451612903 0.06451612903225806 0.03225806451612903 0.5609756097560976 0.18292682926829268 0.13414634146341464 0.08536585365853659 0.036585365853658534 leishengchuan 9Сʱ_mousemovements
