341.8316325 0 0 929.3629455 0 0 0 0 638.578735 0 770.83136 45.08453 0 0 1087.894531 0 0.25 0.0 0.25 0.25 0.0 0.0 0.25 0.0 207.78494642857143 1087.894531 0 0.875 0.125 0.0 0.5 0.0 0.0 0.5 0.0 0.0 0.0 0.0 0.3333333333333333 0.5 0.16666666666666666 0.0 0.0 wanghe 6Сʱ_mousemovements
151.6465 0 0 0 2809.274658 0 0 0 0 0 0 1480.4605789999998 0 0 0 0 0.0 0.0 0.0 1.0 0.0 0.0 0.0 0.0 370.11514474999996 0 0 1.0 0.0 0.0 0.5 0.0 0.0 0.0 0.5 0.0 0.0 0.0 0.8333333333333334 0.16666666666666666 0.0 0.0 0.0 wanghe 6Сʱ_mousemovements
0 0 0 0 0 0 0 0 0 0 0 0 0 0 0 0 0 0 0 0 0 0 0 0 0 0 0 0 0 0 0 0 0 0 0 0 0 0 0 0 0 0 0 wanghe 6Сʱ_mousemovements
157.77750283333333 198.012192 0 0 1655.470093 0 0 0 177.493561 35.8428435 0 587.81284725 163.831131 157.596054 170.16901383333334 199.964798 0.0625 0.125 0.0 0.25 0.0625 0.0625 0.375 0.0625 80.82045534042554 0 86.06882549999999 0.9215686274509803 0.0 0.0784313725490196 0.75 0.1875 0.0 0.0 0.0625 0.0 0.0 0.0 0.6829268292682927 0.12195121951219512 0.07317073170731707 0.07317073170731707 0.04878048780487805 wanghe 6Сʱ_mousemovements
90.80275130769232 200.115906 556.24042525 348.5410005 1509.690674 0 0 0 0 235.136494 218.505432 176.477561 199.254528 656.9018249999999 54.939516 446.320634 0.0 0.14285714285714285 0.047619047619047616 0.23809523809523808 0.19047619047619047 0.09523809523809523 0.09523809523809523 0.19047619047619047 93.46181349056602 0 286.269978 0.9464285714285714 0.0 0.05357142857142857 0.6190476190476191 0.047619047619047616 0.19047619047619047 0.09523809523809523 0.047619047619047616 0.0 0.0 0.0 0.6511627906976745 0.16279069767441862 0.06976744186046512 0.06976744186046512 0.046511627906976744 wanghe 6Сʱ_mousemovements
141.32421538461543 491.76888275 598.1471688571428 432.41516133333334 640.41164375 925.2009075 948.988831 0 457.68873099999996 625.6956126666666 324.978199 75.9674332 265.15156571428577 309.8560214444444 309.3261402 846.129328 0.058823529411764705 0.23529411764705882 0.0392156862745098 0.09803921568627451 0.13725490196078433 0.17647058823529413 0.19607843137254902 0.058823529411764705 121.30959689361704 321.084379 221.89088436363636 0.9155844155844156 0.012987012987012988 0.07142857142857142 0.5098039215686274 0.0784313725490196 0.13725490196078433 0.058823529411764705 0.0784313725490196 0.11764705882352941 0.0196078431372549 0.0 0.5271317829457365 0.26356589147286824 0.09302325581395349 0.07751937984496124 0.03875968992248062 wanghe 6Сʱ_mousemovements
103.7023549 252.684036 766.363322 708.416321 0 1138.726898 0 789.746887 1287.177124 176.955659 329.03368475 368.16506949999996 38.21656 789.746887 619.18209975 94.606865 0.05555555555555555 0.16666666666666666 0.2222222222222222 0.1111111111111111 0.05555555555555555 0.05555555555555555 0.2222222222222222 0.1111111111111111 95.61705633333334 819.0745213333333 297.0915416666666 0.875 0.0625 0.0625 0.5555555555555556 0.05555555555555555 0.16666666666666666 0.05555555555555555 0.0 0.1111111111111111 0.0 0.05555555555555555 0.5217391304347826 0.2826086956521739 0.08695652173913043 0.021739130434782608 0.08695652173913043 wanghe 6Сʱ_mousemovements
151.087126 490.55789749999997 0 0 1316.424072 1084.9724735 987.331299 675.981445 401.2948885 0 695.5969505 435.50775150000004 431.98033150000003 479.138641 1224.136475 966.5698855 0.16666666666666666 0.0 0.16666666666666666 0.16666666666666666 0.16666666666666666 0.08333333333333333 0.08333333333333333 0.16666666666666666 232.17104849999998 439.029374 675.981445 0.8571428571428571 0.10714285714285714 0.03571428571428571 0.25 0.3333333333333333 0.0 0.0 0.08333333333333333 0.16666666666666666 0.08333333333333333 0.08333333333333333 0.42857142857142855 0.42857142857142855 0.09523809523809523 0.047619047619047616 0.0 wanghe 6Сʱ_mousemovements
161.23539539393934 205.7960395 797.7866699 782.3723450000001 465.68606580000005 640.082642 0 0 107.412151 322.48247335714285 598.6995727999999 543.119232 151.6852695 288.86113254545455 411.89698050000004 386.995926 0.03571428571428571 0.25 0.08928571428571429 0.03571428571428571 0.10714285714285714 0.19642857142857142 0.25 0.03571428571428571 108.46415310077522 413.7244398888889 246.0076002857143 0.8896551724137931 0.06206896551724138 0.04827586206896552 0.5892857142857143 0.07142857142857142 0.17857142857142858 0.05357142857142857 0.08928571428571429 0.017857142857142856 0.0 0.0 0.5267175572519084 0.17557251908396945 0.13740458015267176 0.06870229007633588 0.0916030534351145 wanghe 6Сʱ_mousemovements
300.0903473333334 556.9286143333334 684.7772216666667 0 603.015991 628.20813 0 0 603.015991 674.8385546666667 372.8822173333333 0 429.549072 776.9116515000001 294.0022585 227.51262100000002 0.058823529411764705 0.17647058823529413 0.17647058823529413 0.0 0.11764705882352941 0.11764705882352941 0.11764705882352941 0.23529411764705882 137.2123718409091 0 404.9525985 0.9166666666666666 0.0 0.08333333333333333 0.5294117647058824 0.17647058823529413 0.17647058823529413 0.0 0.058823529411764705 0.058823529411764705 0.0 0.0 0.6052631578947368 0.2631578947368421 0.02631578947368421 0.05263157894736842 0.05263157894736842 wanghe 6Сʱ_mousemovements
162.05947220000002 0 382.4806623333333 0 1040.032715 0 0 641.791931 431.017891 88.679968 516.865967 41.724525 355.12384399999996 228.791153 0 76.352249 0.26666666666666666 0.13333333333333333 0.13333333333333333 0.06666666666666667 0.13333333333333333 0.2 0.0 0.06666666666666667 91.97341073913044 0 73.02815366666667 0.9387755102040817 0.0 0.061224489795918366 0.6666666666666666 0.0 0.2 0.0 0.06666666666666667 0.0 0.0 0.06666666666666667 0.35 0.3 0.2 0.125 0.025 wanghe 6Сʱ_mousemovements
132.33885313333334 536.9696756666666 474.3615723333333 874.1758419999999 839.453613 2202.127197 0 0 642.9384 1149.7949214999999 476.6014693999999 92.081293 57.513298 354.44196780000004 509.809387 381.192078 0.08 0.08 0.2 0.24 0.08 0.2 0.08 0.04 95.29714258904112 446.069458 401.0413613333333 0.9125 0.0125 0.075 0.6 0.12 0.12 0.08 0.04 0.04 0.0 0.0 0.5223880597014925 0.2537313432835821 0.14925373134328357 0.029850746268656716 0.04477611940298507 wanghe 6Сʱ_mousemovements
205.71766287878785 491.2889175 304.1869735 0 623.0271606666666 637.7758025 0 1308.963745 273.8484061666667 283.54874225 251.549723 417.82711800000004 265.8921577 303.70952315384613 460.108902 456.629848 0.1276595744680851 0.0851063829787234 0.06382978723404255 0.0425531914893617 0.2127659574468085 0.2765957446808511 0.0425531914893617 0.14893617021276595 104.7214416875 0 210.877049125 0.9411764705882353 0.0 0.058823529411764705 0.7021276595744681 0.0851063829787234 0.0425531914893617 0.0 0.06382978723404255 0.0851063829787234 0.0 0.02127659574468085 0.49137931034482757 0.2672413793103448 0.10344827586206896 0.08620689655172414 0.05172413793103448 wanghe 6Сʱ_mousemovements
201.00757379999996 340.51869175 557.64938375 778.7236084 735.013041 0 1211.142456 1176.323975 693.4122237500001 414.3415734 164.35445760000002 206.4261935 472.89631649999995 430.7220347499999 815.521423 215.3049666 0.09302325581395349 0.23255813953488372 0.11627906976744186 0.046511627906976744 0.09302325581395349 0.27906976744186046 0.023255813953488372 0.11627906976744186 110.37815294399998 0 220.44774166666667 0.8928571428571429 0.0 0.10714285714285714 0.5813953488372093 0.09302325581395349 0.09302325581395349 0.11627906976744186 0.06976744186046512 0.0 0.023255813953488372 0.023255813953488372 0.48623853211009177 0.22935779816513763 0.1743119266055046 0.09174311926605505 0.01834862385321101 wanghe 6Сʱ_mousemovements
155.72833626470583 400.7743866 652.627388 620.07528675 674.46698 716.71344 491.75156666666663 0 411.30055350000004 169.07652916666666 367.74055875 361.7902231428571 169.27388425 295.65999642857145 151.77586075000002 579.8608396666667 0.11538461538461539 0.11538461538461539 0.07692307692307693 0.1346153846153846 0.07692307692307693 0.2692307692307692 0.15384615384615385 0.057692307692307696 106.10297736842104 97.26226333333334 80.08737357142857 0.910958904109589 0.0410958904109589 0.04794520547945205 0.6538461538461539 0.09615384615384616 0.07692307692307693 0.07692307692307693 0.019230769230769232 0.019230769230769232 0.057692307692307696 0.0 0.5503875968992248 0.21705426356589147 0.09302325581395349 0.10852713178294573 0.031007751937984496 wanghe 6Сʱ_mousemovements
167.54288709523811 676.4819795000001 335.12680880000005 598.2652344 0 0 0 1189.1651914999998 525.9154550000001 478.750536 423.32070079999994 242.96452099999996 45.5440425 288.8462151666667 285.76117700000003 265.7208556666667 0.13513513513513514 0.21621621621621623 0.13513513513513514 0.13513513513513514 0.05405405405405406 0.16216216216216217 0.08108108108108109 0.08108108108108109 113.61186755319149 114.32593166666668 224.71258010000003 0.8785046728971962 0.028037383177570093 0.09345794392523364 0.5675675675675675 0.10810810810810811 0.13513513513513514 0.13513513513513514 0.0 0.0 0.0 0.05405405405405406 0.4787234042553192 0.30851063829787234 0.10638297872340426 0.0851063829787234 0.02127659574468085 wanghe 6Сʱ_mousemovements
0 0 0 456.370667 0 708.353271 750.181091 0 0 0 0 708.353271 0 456.370667 0 750.181091 0.0 0.0 0.0 0.3333333333333333 0.0 0.3333333333333333 0.0 0.3333333333333333 0.0 0 638.3016763333334 0.8928571428571429 0.0 0.10714285714285714 0.0 0.0 0.0 0.3333333333333333 0.0 0.3333333333333333 0.3333333333333333 0.0 0.6923076923076923 0.11538461538461539 0.038461538461538464 0.11538461538461539 0.038461538461538464 wanghe 6Сʱ_mousemovements
0 0 0 0 0 0 0 0 0 0 0 0 0 0 0 0 0 0 0 0 0 0 0 0 0 0 0 0 0 0 0 0 0 0 0 0 0 0 0 0 0 0 0 wanghe 6Сʱ_mousemovements
89.75103487499999 497.782715 471.14608799999996 0 0 0 0 0 0 259.59714533333334 332.477936 360.049744 115.5482715 137.255717 0 346.48859666666664 0.0 0.23076923076923078 0.07692307692307693 0.07692307692307693 0.15384615384615385 0.23076923076923078 0.0 0.23076923076923078 47.96372575675675 162.64531233333335 178.21096200000002 0.8222222222222222 0.06666666666666667 0.1111111111111111 0.6153846153846154 0.23076923076923078 0.15384615384615385 0.0 0.0 0.0 0.0 0.0 0.5714285714285714 0.16666666666666666 0.21428571428571427 0.047619047619047616 0.0 wanghe 6Сʱ_mousemovements
143.24923828571428 1053.7563599999999 0 622.973389 0 0 0 1816.666382 220.3621055 925.34285 211.772461 592.9181922857143 1270.07605 108.32489050000001 62.5 72.5041485 0.19047619047619047 0.14285714285714285 0.047619047619047616 0.3333333333333333 0.047619047619047616 0.09523809523809523 0.047619047619047616 0.09523809523809523 138.00092643939394 5.319149 120.10612259999998 0.9166666666666666 0.013888888888888888 0.06944444444444445 0.6666666666666666 0.23809523809523808 0.0 0.047619047619047616 0.0 0.0 0.0 0.047619047619047616 0.578125 0.21875 0.171875 0.015625 0.015625 wanghe 6Сʱ_mousemovements
195.76175566666666 429.1396485 629.506027 831.955627 375.620758 0 0 0 385.4053365 173.8657685 0 0 29.341112000000003 375.620758 590.0743468 427.2503205 0.14285714285714285 0.14285714285714285 0.0 0.0 0.14285714285714285 0.07142857142857142 0.35714285714285715 0.14285714285714285 173.0563416153846 429.1263425 0 0.9285714285714286 0.07142857142857142 0.0 0.42857142857142855 0.2857142857142857 0.14285714285714285 0.07142857142857142 0.07142857142857142 0.0 0.0 0.0 0.3333333333333333 0.42857142857142855 0.14285714285714285 0.0 0.09523809523809523 wanghe 6Сʱ_mousemovements
250.73877466666667 0 0 40.335896 0 678.342102 0 0 0 328.29675299999997 0 95.622818 0 359.338999 0 0 0.0 0.4 0.0 0.2 0.0 0.4 0.0 0.0 178.81980325 40.335896 0 0.8888888888888888 0.1111111111111111 0.0 0.6 0.0 0.0 0.2 0.0 0.2 0.0 0.0 0.5 0.3333333333333333 0.0 0.0 0.16666666666666666 wanghe 6Сʱ_mousemovements
104.31466754166665 134.93841533333332 588.8610128333333 755.8866575999999 949.2451418 406.3826525 1480.712372 0 582.71427075 175.397676375 344.31710814285714 405.4087568 267.70852930000007 291.073822 817.1559526666666 481.58234039999996 0.0851063829787234 0.1702127659574468 0.14893617021276595 0.10638297872340426 0.2127659574468085 0.0425531914893617 0.1276595744680851 0.10638297872340426 91.84701132800001 585.918193875 514.6320846 0.9057971014492754 0.057971014492753624 0.036231884057971016 0.5106382978723404 0.06382978723404255 0.1276595744680851 0.10638297872340426 0.10638297872340426 0.0425531914893617 0.0425531914893617 0.0 0.4915254237288136 0.288135593220339 0.13559322033898305 0.0423728813559322 0.0423728813559322 wanghe 6Сʱ_mousemovements
101.15463279166664 318.9689026666667 0 0 0 0 0 1840.485962 405.58894333333336 125.363698 0 220.06378629999995 34.9444374 560.028503 522.135193 0 0.10714285714285714 0.10714285714285714 0.0 0.35714285714285715 0.35714285714285715 0.03571428571428571 0.03571428571428571 0.0 73.59301207042252 0 0 1.0 0.0 0.0 0.8571428571428571 0.10714285714285714 0.0 0.0 0.0 0.0 0.0 0.03571428571428571 0.6666666666666666 0.25396825396825395 0.015873015873015872 0.047619047619047616 0.015873015873015872 wanghe 6Сʱ_mousemovements
