116.77214775 133.490631 608.0105135 0 720.516479 4364.02002 0 0 0 720.516479 0 150.888351 74.782967 898.151315 31.4235555 72.131226 0.0 0.07692307692307693 0.0 0.07692307692307693 0.07692307692307693 0.5384615384615384 0.15384615384615385 0.07692307692307693 216.96823457575758 74.782967 133.490631 0.9428571428571428 0.02857142857142857 0.02857142857142857 0.6153846153846154 0.07692307692307693 0.15384615384615385 0.0 0.07692307692307693 0.07692307692307693 0.0 0.0 0.5185185185185185 0.25925925925925924 0.07407407407407407 0.07407407407407407 0.07407407407407407 wanghe 7Сʱ_mousemovements
0 0 0 0 0 0 0 0 0 0 0 0 0 0 0 0 0 0 0 0 0 0 0 0 0 0 0 0 0 0 0 0 0 0 0 0 0 0 0 0 0 0 0 wanghe 7Сʱ_mousemovements
0 0 0 0 0 0 0 0 0 0 0 0 0 0 0 0 0 0 0 0 0 0 0 0 0 0 0 0 0 0 0 0 0 0 0 0 0 0 0 0 0 0 0 wanghe 7Сʱ_mousemovements
0 0 0 0 0 0 0 0 0 0 0 0 0 0 0 0 0 0 0 0 0 0 0 0 0 0 0 0 0 0 0 0 0 0 0 0 0 0 0 0 0 0 0 wanghe 7Сʱ_mousemovements
122.3270779090909 369.181961 318.639709 548.708862 0 0 972.118347 1309.378296 0 220.629242 318.639709 0 88.15433900000001 389.3306626666667 396.61608724999996 0 0.0 0.058823529411764705 0.058823529411764705 0.0 0.23529411764705882 0.17647058823529413 0.47058823529411764 0.0 92.11825818867925 0 116.84643633333333 0.9464285714285714 0.0 0.05357142857142857 0.6470588235294118 0.11764705882352941 0.058823529411764705 0.058823529411764705 0.0 0.0 0.058823529411764705 0.058823529411764705 0.5 0.23076923076923078 0.1346153846153846 0.11538461538461539 0.019230769230769232 wanghe 7Сʱ_mousemovements
177.77320335483867 386.2725846 1051.8866881666665 1146.70753475 700.233612 2031.889435 946.080607 920.928406 1287.7799173333333 435.89646812499996 454.48082860000005 462.4539560714285 151.281414 581.244171 1175.1094933333334 537.7878994444444 0.05 0.13333333333333333 0.08333333333333333 0.23333333333333334 0.18333333333333332 0.11666666666666667 0.05 0.15 175.77608727450976 110.38622475 357.526137375 0.9272727272727272 0.024242424242424242 0.048484848484848485 0.5166666666666667 0.16666666666666666 0.1 0.06666666666666667 0.05 0.03333333333333333 0.05 0.016666666666666666 0.647887323943662 0.1619718309859155 0.1056338028169014 0.04929577464788732 0.035211267605633804 wanghe 7Сʱ_mousemovements
107.89209962500001 321.1113585 392.130798 622.498535 462.9617005 411.853882 1124.1166385 780.7852479999999 780.7852479999999 411.853882 327.271782 219.47570857142858 107.28747424999999 685.61622625 219.18615849999998 0 0.07407407407407407 0.037037037037037035 0.1111111111111111 0.25925925925925924 0.2962962962962963 0.14814814814814814 0.07407407407407407 0.0 71.63743794444443 0 347.22288083333336 0.9375 0.0 0.0625 0.5925925925925926 0.07407407407407407 0.037037037037037035 0.037037037037037035 0.07407407407407407 0.037037037037037035 0.07407407407407407 0.07407407407407407 0.6296296296296297 0.14814814814814814 0.08641975308641975 0.07407407407407407 0.06172839506172839 wanghe 7Сʱ_mousemovements
168.79646007692307 419.26037974999997 733.3997905 646.352745 548.326176 0 0 713.4441835 465.61161825 354.942173 209.583898 10.029883 489.53348560000006 301.9218304444444 441.70021485714284 241.9440815 0.09090909090909091 0.09090909090909091 0.06818181818181818 0.022727272727272728 0.11363636363636363 0.4090909090909091 0.1590909090909091 0.045454545454545456 111.0257497542373 171.39185125000003 265.40681816666665 0.921875 0.03125 0.046875 0.5909090909090909 0.09090909090909091 0.13636363636363635 0.045454545454545456 0.09090909090909091 0.0 0.0 0.045454545454545456 0.5775862068965517 0.2672413793103448 0.08620689655172414 0.02586206896551724 0.04310344827586207 wanghe 7Сʱ_mousemovements
168.97374846153843 481.74212275 385.527458 497.584229 878.8594725999999 1586.783488 545.187927 1044.249634 311.14324759999994 269.4372561 362.6892395 650.1181536666667 446.4131794 498.08000799999996 332.22094175 561.24094775 0.16666666666666666 0.16666666666666666 0.06666666666666667 0.05 0.16666666666666666 0.11666666666666667 0.2 0.06666666666666667 93.11664773913047 0 367.9858949411764 0.9154228855721394 0.0 0.0845771144278607 0.65 0.06666666666666667 0.06666666666666667 0.016666666666666666 0.08333333333333333 0.05 0.016666666666666666 0.05 0.6277777777777778 0.20555555555555555 0.07777777777777778 0.044444444444444446 0.044444444444444446 wanghe 7Сʱ_mousemovements
194.36016046153853 575.16496275 398.307739 776.032206 1622.076111 711.343506 0 0 981.910278 545.907745 580.482422 110.891525 254.35497716666669 903.888874 288.91155625 489.3621446 0.041666666666666664 0.08333333333333333 0.041666666666666664 0.041666666666666664 0.25 0.16666666666666666 0.16666666666666666 0.20833333333333334 143.21625456164384 0 210.8910878 0.9358974358974359 0.0 0.0641025641025641 0.5416666666666666 0.16666666666666666 0.041666666666666664 0.125 0.08333333333333333 0.041666666666666664 0.0 0.0 0.6153846153846154 0.16923076923076924 0.12307692307692308 0.09230769230769231 0.0 wanghe 7Сʱ_mousemovements
98.49493388888887 329.76651 576.8864135 639.440308 578.098572 387.308899 0 984.972595 0 215.38914788888889 357.96162025 78.93008359999999 122.419565 110.90829162499999 163.16210533333336 282.75054524999996 0.0 0.20930232558139536 0.09302325581395349 0.11627906976744186 0.16279069767441862 0.18604651162790697 0.13953488372093023 0.09302325581395349 52.50862124637681 0 53.283942714285715 0.9517241379310345 0.0 0.04827586206896552 0.8372093023255814 0.023255813953488372 0.046511627906976744 0.023255813953488372 0.023255813953488372 0.023255813953488372 0.0 0.023255813953488372 0.6271186440677966 0.19491525423728814 0.0847457627118644 0.05084745762711865 0.0423728813559322 wanghe 7Сʱ_mousemovements
153.2678818 349.4499585 368.69253175 0 807.3615723333332 976.1994423333332 560.0751495 0 516.4587093333333 234.307635 1330.69519 121.643264 290.84325879999994 527.414446375 120.85434599999999 249.5387005 0.10344827586206896 0.20689655172413793 0.034482758620689655 0.06896551724137931 0.1724137931034483 0.27586206896551724 0.06896551724137931 0.06896551724137931 75.05509144642859 0 211.44594766666668 0.9032258064516129 0.0 0.0967741935483871 0.5172413793103449 0.06896551724137931 0.13793103448275862 0.0 0.10344827586206896 0.10344827586206896 0.06896551724137931 0.0 0.6017699115044248 0.1504424778761062 0.12389380530973451 0.08849557522123894 0.035398230088495575 wanghe 7Сʱ_mousemovements
137.60294838461533 587.76039125 803.9130758333334 942.0478396000001 1090.2180986666667 994.2701783999998 906.2304893333334 0 563.5302381428571 242.09595454545453 701.3664054999999 68.852509 466.54433214285706 817.3063033999999 519.9149553333333 122.83840666666669 0.125 0.19642857142857142 0.14285714285714285 0.017857142857142856 0.125 0.17857142857142858 0.16071428571428573 0.05357142857142857 154.18577793464053 250.836769 334.43403821428575 0.9053254437869822 0.011834319526627219 0.08284023668639054 0.4642857142857143 0.14285714285714285 0.10714285714285714 0.08928571428571429 0.05357142857142857 0.08928571428571429 0.05357142857142857 0.0 0.5592105263157895 0.23684210526315788 0.125 0.039473684210526314 0.039473684210526314 wanghe 7Сʱ_mousemovements
180.62370276 567.7199034166666 559.7899308 620.8653971666666 551.5355834 1165.4361287142858 872.236613 1523.204346 254.96592 667.3738697272727 357.06275258333335 544.8032798749999 196.9408873 677.3390101818181 369.00253492307695 207.95621733333334 0.08602150537634409 0.11827956989247312 0.12903225806451613 0.08602150537634409 0.10752688172043011 0.23655913978494625 0.13978494623655913 0.0967741935483871 118.71124379865776 123.66394224999999 196.3075442413793 0.9003021148036254 0.012084592145015106 0.08761329305135952 0.5376344086021505 0.12903225806451613 0.053763440860215055 0.06451612903225806 0.053763440860215055 0.07526881720430108 0.06451612903225806 0.021505376344086023 0.6066666666666667 0.19666666666666666 0.11333333333333333 0.06666666666666667 0.016666666666666666 wanghe 7Сʱ_mousemovements
139.1041106521739 275.3470535 604.7849733333333 734.055176 1543.800293 938.18097675 2768.956787 0 166.562317 493.8860782499999 239.78318266666668 673.4044835 362.38696 557.5141143333334 360.51534757142855 401.1046768 0.05714285714285714 0.22857142857142856 0.08571428571428572 0.05714285714285714 0.14285714285714285 0.08571428571428572 0.2 0.14285714285714285 143.48641260869562 39.2430285 135.59296475 0.9019607843137255 0.0196078431372549 0.0784313725490196 0.6571428571428571 0.05714285714285714 0.08571428571428572 0.02857142857142857 0.02857142857142857 0.11428571428571428 0.02857142857142857 0.0 0.5604395604395604 0.15384615384615385 0.1978021978021978 0.07692307692307693 0.01098901098901099 wanghe 7Сʱ_mousemovements
162.55036825 961.11673 471.08828725 0 0 1194.82605 1327.69519 0 1327.69519 615.2701685 0 322.89789775 0 0 174.8923015 926.5658669999999 0.08333333333333333 0.16666666666666666 0.0 0.3333333333333333 0.0 0.0 0.16666666666666666 0.25 130.93694565714287 22.4442995 587.90690625 0.8536585365853658 0.04878048780487805 0.0975609756097561 0.3333333333333333 0.16666666666666666 0.3333333333333333 0.0 0.0 0.08333333333333333 0.08333333333333333 0.0 0.75 0.05555555555555555 0.08333333333333333 0.1111111111111111 0.0 wanghe 7Сʱ_mousemovements
140.0928634888889 468.00115583333326 603.6540431249999 585.5980123333334 685.5792497142857 584.397369 1203.357513 0 470.1610504166667 412.85047162499995 590.4250537142858 329.64629725 264.3330803333333 469.1187427777778 280.54621263636363 185.51296787500002 0.14634146341463414 0.0975609756097561 0.08536585365853659 0.04878048780487805 0.18292682926829268 0.10975609756097561 0.13414634146341464 0.1951219512195122 102.67388348051948 57.25855157142856 205.41366877272728 0.8884615384615384 0.026923076923076925 0.08461538461538462 0.5487804878048781 0.14634146341463414 0.0975609756097561 0.07317073170731707 0.08536585365853659 0.024390243902439025 0.024390243902439025 0.0 0.5854700854700855 0.21367521367521367 0.12393162393162394 0.05128205128205128 0.02564102564102564 wanghe 7Сʱ_mousemovements
199.83539403773577 407.67595315384614 564.2329405 1060.325018888889 952.7909749999999 971.4204810000001 736.7048687142857 1190.1327515 286.975274375 394.3804616086957 507.49562530000003 287.7935085 689.1200867 640.5427842142857 313.49893423076924 290.326379375 0.0851063829787234 0.24468085106382978 0.10638297872340426 0.0851063829787234 0.10638297872340426 0.14893617021276595 0.13829787234042554 0.0851063829787234 125.48688747407408 156.464584 248.67249846428572 0.903010033444816 0.0033444816053511705 0.09364548494983277 0.5638297872340425 0.13829787234042554 0.0425531914893617 0.09574468085106383 0.031914893617021274 0.031914893617021274 0.07446808510638298 0.02127659574468085 0.5481481481481482 0.24074074074074073 0.0962962962962963 0.05925925925925926 0.05555555555555555 wanghe 7Сʱ_mousemovements
186.24453045098042 372.36596112499996 470.049347 1011.5222322499999 507.134655 1024.8275145 919.5393676666666 0 663.2033806666667 437.4617185000001 344.51257455555555 180.83200444444444 325.6311040909091 423.4209195 270.42814825000005 145.0564581 0.04054054054054054 0.21621621621621623 0.12162162162162163 0.12162162162162163 0.14864864864864866 0.10810810810810811 0.10810810810810811 0.13513513513513514 90.07869544396553 19.23077 186.87106855555555 0.9206349206349206 0.007936507936507936 0.07142857142857142 0.6891891891891891 0.10810810810810811 0.02702702702702703 0.05405405405405406 0.05405405405405406 0.02702702702702703 0.04054054054054054 0.0 0.54337899543379 0.2420091324200913 0.0547945205479452 0.1050228310502283 0.0547945205479452 wanghe 7Сʱ_mousemovements
170.42638149999996 325.93921512500003 338.4706666 535.9565735 681.10935975 1312.97029125 713.3966979999999 1004.020142 497.37748180000006 501.4191403749999 359.9299125555556 257.29535549999997 296.132018 567.4102881428571 205.82034485714286 86.228599 0.14285714285714285 0.22857142857142856 0.08571428571428572 0.05714285714285714 0.12380952380952381 0.13333333333333333 0.13333333333333333 0.09523809523809523 89.6894610377907 52.066419399999994 248.61678097142857 0.8958333333333334 0.013020833333333334 0.09114583333333333 0.5523809523809524 0.1523809523809524 0.047619047619047616 0.05714285714285714 0.0380952380952381 0.0761904761904762 0.047619047619047616 0.02857142857142857 0.5942857142857143 0.19428571428571428 0.12285714285714286 0.06571428571428571 0.022857142857142857 wanghe 7Сʱ_mousemovements
111.19074379999998 546.454094 586.3833656666667 395.02384175 564.975213 1812.0798037499999 1213.226227 987.8929688000001 369.2254743333333 505.30998326666673 428.2586841666667 240.63296068749997 557.6641671 700.9801618461538 320.55917736363637 241.1059533636364 0.03296703296703297 0.16483516483516483 0.13186813186813187 0.17582417582417584 0.10989010989010989 0.14285714285714285 0.12087912087912088 0.12087912087912088 131.93396541568634 15.417750499999999 219.9738992272727 0.9074733096085409 0.014234875444839857 0.07829181494661921 0.4945054945054945 0.17582417582417584 0.06593406593406594 0.04395604395604396 0.0989010989010989 0.04395604395604396 0.02197802197802198 0.054945054945054944 0.6194331983805668 0.17408906882591094 0.10121457489878542 0.06072874493927125 0.044534412955465584 wanghe 7Сʱ_mousemovements
152.218403969697 499.2287086666666 593.82695 474.06198133333334 0 606.5417276666667 0 1494.2537235 365.23438000000004 403.310809625 395.74756750000006 417.49884975 226.25145407142858 406.64956659999996 248.71399949999997 185.75423166666667 0.057692307692307696 0.15384615384615385 0.07692307692307693 0.07692307692307693 0.2692307692307692 0.19230769230769232 0.11538461538461539 0.057692307692307696 111.4884137372263 8.133255 196.06985112499999 0.9319727891156463 0.013605442176870748 0.05442176870748299 0.6346153846153846 0.11538461538461539 0.038461538461538464 0.11538461538461539 0.0 0.057692307692307696 0.0 0.038461538461538464 0.5303030303030303 0.18181818181818182 0.16666666666666666 0.07575757575757576 0.045454545454545456 wanghe 7Сʱ_mousemovements
109.92535078378378 461.46559219047623 543.7549843333333 510.79592125000005 458.480316 930.155182 960.514038 0 748.432727 328.57721385714285 265.8224578 153.35985744444443 180.5954559090909 531.8156382222221 294.0713726 645.6831354999999 0.06756756756756757 0.0945945945945946 0.06756756756756757 0.12162162162162163 0.2972972972972973 0.12162162162162163 0.20270270270270271 0.02702702702702703 76.56934547435897 115.624372 274.9629341666666 0.9176470588235294 0.011764705882352941 0.07058823529411765 0.5 0.28378378378378377 0.04054054054054054 0.10810810810810811 0.02702702702702703 0.02702702702702703 0.013513513513513514 0.0 0.6188340807174888 0.19730941704035873 0.09865470852017937 0.04484304932735426 0.04035874439461883 wanghe 7Сʱ_mousemovements
169.44455785185187 360.75832455555553 651.4845275 666.186015 555.621704 1335.8781735 1087.92749 1397.9277345 858.2599260000001 339.72437040000005 472.075849 174.48914333333335 411.6592444285714 226.4645881 317.022203875 173.986969 0.1276595744680851 0.10638297872340426 0.1276595744680851 0.06382978723404255 0.14893617021276595 0.2127659574468085 0.1702127659574468 0.0425531914893617 131.01969751562498 54.018952999999996 225.9928175 0.9411764705882353 0.014705882352941176 0.04411764705882353 0.574468085106383 0.19148936170212766 0.0425531914893617 0.06382978723404255 0.02127659574468085 0.0425531914893617 0.02127659574468085 0.0425531914893617 0.584 0.192 0.112 0.072 0.04 wanghe 7Сʱ_mousemovements
