131.33087759999998 453.7048035 603.75058 150.191193 0 849.257772 0 0 578.684265 0 150.191193 345.3493575 192.02507671428572 236.0280075 670.152532 439.96036549999997 0.05555555555555555 0.0 0.05555555555555555 0.1111111111111111 0.3888888888888889 0.1111111111111111 0.16666666666666666 0.1111111111111111 81.9701246 150.191193 268.2123755714286 0.8620689655172413 0.017241379310344827 0.1206896551724138 0.5555555555555556 0.1111111111111111 0.1111111111111111 0.05555555555555555 0.0 0.16666666666666666 0.0 0.0 0.673469387755102 0.14285714285714285 0.08163265306122448 0.08163265306122448 0.02040816326530612 wanghe 3Сʱ_mousemovements
139.0567245 304.6748655 0 0 0 0 0 0 0 0.0 0 379.257019 181.226898 0 187.5 208.796356 0.0 0.16666666666666666 0.0 0.16666666666666666 0.16666666666666666 0.0 0.16666666666666666 0.3333333333333333 34.764181125 0 304.6748655 0.8888888888888888 0.0 0.1111111111111111 0.6666666666666666 0.3333333333333333 0.0 0.0 0.0 0.0 0.0 0.0 0.625 0.0625 0.25 0.0625 0.0 wanghe 3Сʱ_mousemovements
0 0 1455.134277 340.853821 0 0 0 0 0 340.853821 0 0 0 0 1455.134277 0 0.0 0.5 0.0 0.0 0.0 0.0 0.5 0.0 207.8763252857143 0 340.853821 0.875 0.0 0.125 0.0 0.0 0.5 0.5 0.0 0.0 0.0 0.0 0.6 0.0 0.4 0.0 0.0 wanghe 3Сʱ_mousemovements
144.04118775 139.833038 400.062149 626.249054 519.109619 848.7942045 546.437317 0 673.901611 88.99946874999999 718.273438 442.2746055 608.7412006666667 218.435684 292.71208879999995 339.04559375 0.043478260869565216 0.17391304347826086 0.043478260869565216 0.17391304347826086 0.13043478260869565 0.043478260869565216 0.21739130434782608 0.17391304347826086 58.37746476388889 177.304962 363.74463872727273 0.8571428571428571 0.011904761904761904 0.13095238095238096 0.5217391304347826 0.043478260869565216 0.08695652173913043 0.08695652173913043 0.043478260869565216 0.17391304347826086 0.043478260869565216 0.0 0.5789473684210527 0.17105263157894737 0.06578947368421052 0.13157894736842105 0.05263157894736842 wanghe 3Сʱ_mousemovements
164.42910587499998 556.391052 217.459244 1101.331177 488.54883140000004 808.222595 0 1033.391968 230.489914 571.4491505 136.4910585 318.168888 442.35153175000005 759.6099603333332 322.279572 441.87111674999994 0.047619047619047616 0.09523809523809523 0.09523809523809523 0.19047619047619047 0.19047619047619047 0.14285714285714285 0.047619047619047616 0.19047619047619047 107.79906693650793 0 283.21308925 0.8873239436619719 0.0 0.11267605633802817 0.38095238095238093 0.09523809523809523 0.09523809523809523 0.047619047619047616 0.23809523809523808 0.09523809523809523 0.0 0.047619047619047616 0.4406779661016949 0.3389830508474576 0.1016949152542373 0.03389830508474576 0.0847457627118644 wanghe 3Сʱ_mousemovements
168.86187248 382.86066450000004 332.209440125 481.1398925 1200.6167525 0 538.47249625 1868.237274 695.1914113333333 333.4486921111111 830.9568422499999 159.97297666666665 300.75770471428575 370.4736794285714 391.27162666666663 418.90418150000005 0.11320754716981132 0.16981132075471697 0.07547169811320754 0.11320754716981132 0.1320754716981132 0.2641509433962264 0.05660377358490566 0.07547169811320754 128.51339669565218 68.60668533333333 261.1821555 0.8903225806451613 0.01935483870967742 0.09032258064516129 0.4716981132075472 0.1509433962264151 0.1509433962264151 0.03773584905660377 0.07547169811320754 0.0 0.07547169811320754 0.03773584905660377 0.5038759689922481 0.2558139534883721 0.13178294573643412 0.08527131782945736 0.023255813953488372 wanghe 3Сʱ_mousemovements
119.409582 344.1250672 370.7601015 587.47673025 0 1014.216614 676.802124 0 0 363.3938673333334 420.6735023333333 92.991135 664.9610445000001 273.6488558 209.52947350000002 1057.811401 0.0 0.14285714285714285 0.14285714285714285 0.047619047619047616 0.09523809523809523 0.23809523809523808 0.2857142857142857 0.047619047619047616 98.99142168750001 10.638298 185.376428 0.9014084507042254 0.014084507042253521 0.08450704225352113 0.38095238095238093 0.23809523809523808 0.09523809523809523 0.19047619047619047 0.0 0.047619047619047616 0.047619047619047616 0.0 0.5901639344262295 0.14754098360655737 0.09836065573770492 0.08196721311475409 0.08196721311475409 wanghe 3Сʱ_mousemovements
0 0 0 0 0 0 0 0 0 0 0 0 0 0 0 0 0 0 0 0 0 0 0 0 0 0 0 0 0 0 0 0 0 0 0 0 0 0 0 0 0 0 0 wanghe 3Сʱ_mousemovements
131.76954953333333 0 0 0 0 0 0 0 19.771236 452.052063 76.19454950000001 52.583076 22.638298 118.21085366666667 266.97129466666667 49.462363999999994 0.06666666666666667 0.06666666666666667 0.13333333333333333 0.06666666666666667 0.13333333333333333 0.2 0.2 0.13333333333333333 54.90397897222222 0 0 1.0 0.0 0.0 1.0 0.0 0.0 0.0 0.0 0.0 0.0 0.0 0.6153846153846154 0.3076923076923077 0.038461538461538464 0.0 0.038461538461538464 wanghe 3Сʱ_mousemovements
83.6014258 282.07606799999996 320.536804 799.1915584999999 1037.094279 962.966492 1519.4844973333336 1747.040039 2402.283936 698.5369469999999 465.59121700000003 84.28257433333334 300.162118 597.1844161666667 205.888195 384.588608 0.027777777777777776 0.1388888888888889 0.1111111111111111 0.25 0.19444444444444445 0.16666666666666666 0.05555555555555555 0.05555555555555555 124.26589517021277 70.674301 395.414321 0.8952380952380953 0.01904761904761905 0.08571428571428572 0.5555555555555556 0.1388888888888889 0.027777777777777776 0.05555555555555555 0.08333333333333333 0.027777777777777776 0.08333333333333333 0.027777777777777776 0.5494505494505495 0.26373626373626374 0.12087912087912088 0.04395604395604396 0.02197802197802198 wanghe 3Сʱ_mousemovements
125.63646700000001 245.561432 0 626.903442 0 0 0 0 0 190.038376 245.561432 0 0 0 234.8527335 0 0.0 0.16666666666666666 0.16666666666666666 0.0 0.0 0.0 0.6666666666666666 0.0 33.50305786666667 0 436.232437 0.8823529411764706 0.0 0.11764705882352941 0.6666666666666666 0.16666666666666666 0.0 0.16666666666666666 0.0 0.0 0.0 0.0 0.6 0.13333333333333333 0.13333333333333333 0.06666666666666667 0.06666666666666667 wanghe 3Сʱ_mousemovements
272.777587 323.50196800000003 0 451.505219 933.339539 0 0 0 188.844604 0 713.4128649999999 177.72319800000002 144.0 158.94625100000002 261.6568595 370.71006766666665 0.0625 0.0 0.1875 0.125 0.0625 0.125 0.25 0.1875 134.6394557222222 0 458.159332 0.972972972972973 0.0 0.02702702702702703 0.75 0.125 0.0 0.0625 0.0625 0.0 0.0 0.0 0.6333333333333333 0.1 0.13333333333333333 0.06666666666666667 0.06666666666666667 wanghe 3Сʱ_mousemovements
234.52491008333334 232.64605125 0 300.689484 727.3547365 2140.213867 0 2026.065308 315.324814 1414.6886595 127.38042200000001 283.36159016666664 21.276596 251.912155 835.4976543333333 448.18059666666664 0.09523809523809523 0.09523809523809523 0.14285714285714285 0.2857142857142857 0.047619047619047616 0.047619047619047616 0.14285714285714285 0.14285714285714285 200.1991245111111 74.106697 169.79575366666668 0.9 0.04 0.06 0.5714285714285714 0.19047619047619047 0.0 0.047619047619047616 0.09523809523809523 0.047619047619047616 0.0 0.047619047619047616 0.5897435897435898 0.2564102564102564 0.05128205128205128 0.07692307692307693 0.02564102564102564 wanghe 3Сʱ_mousemovements
153.66827264285718 544.7892324285715 606.9097903333333 738.5408325 517.991867 0 1478.057129 1679.354004 345.85767375 356.1833491428571 399.6381033333334 305.3822782857143 400.23240435714285 374.1817587272728 198.60040375 445.3400618333333 0.06349206349206349 0.1111111111111111 0.09523809523809523 0.1111111111111111 0.2222222222222222 0.1746031746031746 0.12698412698412698 0.09523809523809523 121.36034875151512 64.0914234 146.24290385714286 0.8967391304347826 0.02717391304347826 0.07608695652173914 0.6666666666666666 0.1111111111111111 0.047619047619047616 0.09523809523809523 0.031746031746031744 0.0 0.015873015873015872 0.031746031746031744 0.4233128834355828 0.34355828220858897 0.15950920245398773 0.03680981595092025 0.03680981595092025 wanghe 3Сʱ_mousemovements
168.53971835 779.7225495 330.392456 971.7803162 903.54129025 661.703186 524.729492 850.62796 621.612724 703.0415661666666 201.36212075 0 236.1559165714286 689.1426148 550.481740125 802.9010695000001 0.05263157894736842 0.15789473684210525 0.21052631578947367 0.0 0.18421052631578946 0.13157894736842105 0.21052631578947367 0.05263157894736842 177.98653585567013 15.957447 221.05587225 0.941747572815534 0.019417475728155338 0.038834951456310676 0.5263157894736842 0.10526315789473684 0.02631578947368421 0.13157894736842105 0.10526315789473684 0.02631578947368421 0.02631578947368421 0.05263157894736842 0.5555555555555556 0.19753086419753085 0.1111111111111111 0.1111111111111111 0.024691358024691357 wanghe 3Сʱ_mousemovements
183.8096282 312.641296 0 162.414215 1520.859253 2258.393494 0 0 0 0 1788.421021 0 696.8025510000001 1423.6065520000002 162.414215 181.09796666666668 0.0 0.0 0.1 0.0 0.3 0.2 0.1 0.3 291.520355875 158.2071075 118.847137 0.8888888888888888 0.07407407407407407 0.037037037037037035 0.5 0.1 0.0 0.1 0.1 0.2 0.0 0.0 0.5 0.4166666666666667 0.08333333333333333 0.0 0.0 wanghe 3Сʱ_mousemovements
182.3462104285714 325.9036991666666 680.8103257500001 595.4755246666667 838.58361825 935.4798989999999 1132.3351236666667 1055.9693605 574.29393 564.3623046666668 275.427300375 314.07991000000004 377.1506239333333 610.3315462857142 374.0182928333333 510.37690299999997 0.07547169811320754 0.11320754716981132 0.1509433962264151 0.03773584905660377 0.2830188679245283 0.1320754716981132 0.11320754716981132 0.09433962264150944 141.0242502481203 123.249973 429.78078644444446 0.9047619047619048 0.034013605442176874 0.061224489795918366 0.5283018867924528 0.11320754716981132 0.07547169811320754 0.05660377358490566 0.07547169811320754 0.05660377358490566 0.05660377358490566 0.03773584905660377 0.5348837209302325 0.31007751937984496 0.07751937984496124 0.03875968992248062 0.03875968992248062 wanghe 3Сʱ_mousemovements
152.2333425121951 361.5306539166667 678.3069407777778 741.433571 1232.7983092499999 900.7001953333333 712.3676145 1785.048218 466.8301354 427.6641878571428 751.0756214166666 306.42347062500005 310.89825325 386.7738664545454 239.89021566666668 205.44224560000004 0.13157894736842105 0.09210526315789473 0.15789473684210525 0.10526315789473684 0.10526315789473684 0.14473684210526316 0.19736842105263158 0.06578947368421052 135.46136517647057 73.80707625 286.2944304705882 0.8990384615384616 0.019230769230769232 0.08173076923076923 0.5394736842105263 0.15789473684210525 0.11842105263157894 0.05263157894736842 0.05263157894736842 0.039473684210526314 0.02631578947368421 0.013157894736842105 0.5108695652173914 0.28804347826086957 0.11413043478260869 0.04891304347826087 0.03804347826086957 wanghe 3Сʱ_mousemovements
98.0342914 417.5608545 574.3780761999999 648.09137 1173.753784 1493.2876993333332 819.7877805 477.687988 567.483032 492.96766683333334 719.2372895 2074.373291 373.149465 361.08123363636366 506.4900816666666 130.5281905 0.027777777777777776 0.16666666666666666 0.1111111111111111 0.027777777777777776 0.1388888888888889 0.3055555555555556 0.16666666666666666 0.05555555555555555 140.5750017307692 0 299.4449068 0.9122807017543859 0.0 0.08771929824561403 0.4166666666666667 0.16666666666666666 0.1388888888888889 0.027777777777777776 0.08333333333333333 0.08333333333333333 0.05555555555555555 0.027777777777777776 0.49523809523809526 0.23809523809523808 0.12380952380952381 0.10476190476190476 0.0380952380952381 wanghe 3Сʱ_mousemovements
123.84073717647061 351.5443485714286 568.509628 797.774994 0 1231.387817 2179.628067 761.9072470000001 745.8960780000001 425.56300360000006 372.7388725 285.947235 103.83709979999999 874.6182455 365.1509397 295.189178 0.09090909090909091 0.15151515151515152 0.06060606060606061 0.030303030303030304 0.15151515151515152 0.18181818181818182 0.30303030303030304 0.030303030303030304 123.22200417346937 140.63603399999997 230.61248754545457 0.8672566371681416 0.035398230088495575 0.09734513274336283 0.5 0.20588235294117646 0.058823529411764705 0.058823529411764705 0.0 0.029411764705882353 0.058823529411764705 0.08823529411764706 0.48484848484848486 0.26262626262626265 0.1111111111111111 0.08080808080808081 0.06060606060606061 wanghe 3Сʱ_mousemovements
209.66551258823534 428.37906175 334.37017299999997 1120.308228 1135.6838173333333 0 565.3633425 541.0593415 634.909607 336.80888350000004 975.1820373333334 85.260017 454.45563025 244.540474875 300.80867 386.99677 0.03125 0.1875 0.09375 0.03125 0.25 0.25 0.0625 0.09375 121.3344088777778 96.6289195 317.9651483333333 0.9183673469387755 0.02040816326530612 0.061224489795918366 0.53125 0.125 0.09375 0.03125 0.09375 0.0 0.0625 0.0625 0.5421686746987951 0.20481927710843373 0.1566265060240964 0.03614457831325301 0.060240963855421686 wanghe 3Сʱ_mousemovements
0 0 0 0 0 0 0 0 0 0 0 0 0 0 0 0 0 0 0 0 0 0 0 0 0 0 0 0 0 0 0 0 0 0 0 0 0 0 0 0 0 0 0 wanghe 3Сʱ_mousemovements
0 0 0 0 0 0 0 0 0 0 0 0 0 0 0 0 0 0 0 0 0 0 0 0 0 0 0 0 0 0 0 0 0 0 0 0 0 0 0 0 0 0 0 wanghe 3Сʱ_mousemovements
176.74821125 889.9588165 577.4865113333334 885.7820839999999 0 0 0 0 919.269226 308.30582449999997 1222.441162 788.3334924999999 154.7329755 515.635864 572.2084756666667 0 0.08333333333333333 0.16666666666666666 0.08333333333333333 0.16666666666666666 0.16666666666666666 0.08333333333333333 0.25 0.0 176.5186151111111 0 261.02306 0.9473684210526315 0.0 0.05263157894736842 0.3333333333333333 0.16666666666666666 0.25 0.25 0.0 0.0 0.0 0.0 0.45454545454545453 0.3333333333333333 0.12121212121212122 0.09090909090909091 0.0 wanghe 3Сʱ_mousemovements
