131.07711033333334 0 0 0 521.539856 0 0 0 0 521.539856 127.181313 0 0 79.489883 0 186.560135 0.0 0.25 0.25 0.0 0.0 0.25 0.0 0.25 14.350779615384615 0 242.73701733333334 0.8125 0.0 0.1875 0.75 0.0 0.0 0.0 0.25 0.0 0.0 0.0 0.7333333333333333 0.06666666666666667 0.0 0.2 0.0 maoyu 8Сʱ_mousemovements
0 0 0 0 0 0 0 0 0 0 0 0 0 0 0 0 0 0 0 0 0 0 0 0 0 0 0 0 0 0 0 0 0 0 0 0 0 0 0 0 0 0 0 maoyu 8Сʱ_mousemovements
440.5503774285713 499.65123000000006 1024.2121275 1141.556885 1349.400879 2628.265137 3940.206299 458.026093 984.8755314999999 893.6783914999999 1657.584717 0 387.5038605 458.84655775 248.07430033333333 1145.280029 0.23076923076923078 0.3076923076923077 0.07692307692307693 0.0 0.07692307692307693 0.15384615384615385 0.11538461538461539 0.038461538461538464 271.06359180882356 0 813.8074646666668 0.9577464788732394 0.0 0.04225352112676056 0.5384615384615384 0.15384615384615385 0.07692307692307693 0.07692307692307693 0.038461538461538464 0.038461538461538464 0.038461538461538464 0.038461538461538464 0.676923076923077 0.1076923076923077 0.13846153846153847 0.06153846153846154 0.015384615384615385 maoyu 8Сʱ_mousemovements
21.73913 1185.443039 0 0 0 0 0 0 0 0 0 0 0 1860.151367 21.73913 510.734711 0.0 0.0 0.0 0.0 0.0 0.3333333333333333 0.3333333333333333 0.3333333333333333 299.078151 0 0 1.0 0.0 0.0 0.3333333333333333 0.6666666666666666 0.0 0.0 0.0 0.0 0.0 0.0 0.6666666666666666 0.16666666666666666 0.16666666666666666 0.0 0.0 maoyu 8Сʱ_mousemovements
386.72867199999996 0 0 1909.180054 0 0 0 0 169.971497 418.543121 1909.180054 0 704.091553 0 254.308517 0 0.2 0.2 0.2 0.0 0.2 0.0 0.2 0.0 345.60947419999997 0 0 1.0 0.0 0.0 0.8 0.0 0.0 0.2 0.0 0.0 0.0 0.0 0.5555555555555556 0.4444444444444444 0.0 0.0 0.0 maoyu 8Сʱ_mousemovements
114.599525 0 0 559.031494 0 1046.491455 0 0 559.031494 0 0 114.599525 1046.491455 0 0 0 0.3333333333333333 0.0 0.0 0.3333333333333333 0.3333333333333333 0.0 0.0 0.0 104.6491455 0 336.81550949999996 0.8333333333333334 0.0 0.16666666666666666 0.3333333333333333 0.0 0.0 0.3333333333333333 0.0 0.3333333333333333 0.0 0.0 0.45454545454545453 0.18181818181818182 0.2727272727272727 0.09090909090909091 0.0 maoyu 8Сʱ_mousemovements
122.47007166666668 542.2691652 469.3171635 425.0036315 0 2324.326904 0 0 259.288666 428.17833887499995 31.96347 0 248.5832113333333 465.778038 799.159851 58.942215000000004 0.08333333333333333 0.3333333333333333 0.041666666666666664 0.0 0.125 0.25 0.08333333333333333 0.08333333333333333 124.40810322388062 106.061684 197.79622675 0.9305555555555556 0.013888888888888888 0.05555555555555555 0.5 0.20833333333333334 0.16666666666666666 0.08333333333333333 0.0 0.041666666666666664 0.0 0.0 0.5692307692307692 0.2153846153846154 0.09230769230769231 0.09230769230769231 0.03076923076923077 maoyu 8Сʱ_mousemovements
426.79946037499997 0 591.000252 590.456299 2138.314128 1135.108398 2497.730133 2122.622355 1871.4571571666665 753.6167601999999 752.99707 1933.702942 793.9839325 586.402756 318.6003725 333.324341 0.2727272727272727 0.22727272727272727 0.045454545454545456 0.13636363636363635 0.09090909090909091 0.09090909090909091 0.09090909090909091 0.045454545454545456 256.81491824390235 0.0 603.3439724285714 0.9010989010989011 0.02197802197802198 0.07692307692307693 0.36363636363636365 0.0 0.18181818181818182 0.045454545454545456 0.13636363636363635 0.045454545454545456 0.09090909090909091 0.13636363636363635 0.7093023255813954 0.18604651162790697 0.05813953488372093 0.023255813953488372 0.023255813953488372 maoyu 8Сʱ_mousemovements
184.68299692592592 1140.5477861428574 645.3259945 610.797882 759.43689 892.8403663750001 1126.45440675 1760.8152007500003 521.369234 463.6784958 738.9922767 214.4950915 678.6567458333333 697.7037583333334 724.5541493846154 730.3566465714285 0.12903225806451613 0.16129032258064516 0.16129032258064516 0.03225806451612903 0.0967741935483871 0.0967741935483871 0.20967741935483872 0.11290322580645161 178.3305642956989 3.030303 311.89697025 0.8899521531100478 0.014354066985645933 0.09569377990430622 0.43548387096774194 0.11290322580645161 0.12903225806451613 0.04838709677419355 0.016129032258064516 0.12903225806451613 0.06451612903225806 0.06451612903225806 0.6494845360824743 0.16494845360824742 0.09278350515463918 0.05670103092783505 0.03608247422680412 maoyu 8Сʱ_mousemovements
120.00581380000001 439.1906585 3964.840576 1734.0918683333332 0 1124.0131535 1023.609924 0 285.08577375 2835.932129 1761.825684 497.818207 283.9696235 1390.012782 270.34317799999997 336.42193599999996 0.21052631578947367 0.05263157894736842 0.10526315789473684 0.05263157894736842 0.21052631578947367 0.15789473684210525 0.10526315789473684 0.10526315789473684 176.03387354929578 22.800953 246.64811737500003 0.8765432098765432 0.024691358024691357 0.09876543209876543 0.5263157894736842 0.10526315789473684 0.05263157894736842 0.15789473684210525 0.0 0.10526315789473684 0.05263157894736842 0.0 0.75 0.14473684210526316 0.06578947368421052 0.02631578947368421 0.013157894736842105 maoyu 8Сʱ_mousemovements
170.767303 0 0 0 814.518799 0 1126.7565916666665 1627.723877 454.39985299999995 636.4505690000001 0 698.228793 0 883.795288 738.1317493333332 0 0.2 0.2 0.0 0.2 0.0 0.1 0.3 0.0 129.50921565714285 0 535.8816045 0.8974358974358975 0.0 0.10256410256410256 0.5 0.0 0.0 0.0 0.1 0.0 0.3 0.1 0.6388888888888888 0.16666666666666666 0.1111111111111111 0.05555555555555555 0.027777777777777776 maoyu 8Сʱ_mousemovements
225.41508081818176 393.21468350000004 0 386.380127 712.453674 1947.16626 1742.623901 5860.908203 1570.0448046666668 317.8442093333333 184.680359 0 0 143.32700866666667 230.908051 1742.623901 0.3333333333333333 0.3333333333333333 0.05555555555555555 0.0 0.0 0.16666666666666666 0.05555555555555555 0.05555555555555555 201.66178977777776 0 201.8057775 0.9130434782608695 0.0 0.08695652173913043 0.6111111111111112 0.1111111111111111 0.0 0.05555555555555555 0.05555555555555555 0.05555555555555555 0.05555555555555555 0.05555555555555555 0.578125 0.28125 0.09375 0.03125 0.015625 maoyu 8Сʱ_mousemovements
259.93307342857145 329.00410450000004 810.3226216666666 1262.465454 388.556152 1085.4317935 819.830322 824.639038 985.6172795 584.0591367999999 388.556152 1262.465454 448.32820740000005 409.7875235 380.56907133333334 1030.1774295 0.09523809523809523 0.23809523809523808 0.047619047619047616 0.047619047619047616 0.23809523809523808 0.09523809523809523 0.14285714285714285 0.09523809523809523 118.61857321333333 0.0 434.38189055555563 0.8823529411764706 0.011764705882352941 0.10588235294117647 0.3333333333333333 0.09523809523809523 0.2857142857142857 0.047619047619047616 0.047619047619047616 0.09523809523809523 0.047619047619047616 0.047619047619047616 0.6351351351351351 0.17567567567567569 0.0945945945945946 0.06756756756756757 0.02702702702702703 maoyu 8Сʱ_mousemovements
190.5948926363636 0 0 567.260498 603.00824 1048.721207 1068.6861952499999 1419.0729985 285.54205179999997 725.8797426 1633.7333375 632.7267605000001 1159.01123 448.274002 394.11521700000003 31.25 0.21739130434782608 0.21739130434782608 0.08695652173913043 0.08695652173913043 0.043478260869565216 0.08695652173913043 0.21739130434782608 0.043478260869565216 153.89705550704224 0.0 453.45392433333336 0.9102564102564102 0.01282051282051282 0.07692307692307693 0.4782608695652174 0.0 0.0 0.08695652173913043 0.08695652173913043 0.08695652173913043 0.17391304347826086 0.08695652173913043 0.6086956521739131 0.2028985507246377 0.08695652173913043 0.07246376811594203 0.028985507246376812 maoyu 8Сʱ_mousemovements
181.06571586363637 599.04467775 1035.1165774 1057.830738 488.97695899999997 1616.9382019999998 965.9897666666667 854.067566 137.794406 1040.0516406250001 614.3543826000001 437.70519066666674 414.47436450000004 432.6537397142857 389.842928125 1228.93881225 0.06382978723404255 0.1702127659574468 0.10638297872340426 0.1276595744680851 0.1276595744680851 0.14893617021276595 0.1702127659574468 0.0851063829787234 198.10213325619836 63.70804333333333 329.9194595454546 0.8768115942028986 0.043478260869565216 0.07971014492753623 0.46808510638297873 0.0851063829787234 0.10638297872340426 0.1702127659574468 0.0425531914893617 0.0425531914893617 0.06382978723404255 0.02127659574468085 0.7213114754098361 0.1721311475409836 0.040983606557377046 0.02459016393442623 0.040983606557377046 maoyu 8Сʱ_mousemovements
212.70780713333335 0 2283.12530525 923.1006165 555.567169 743.196472 1641.261963 0 616.769348 695.8642397142856 386.265653 592.6986873333333 347.72997166666664 2270.187582666667 203.67875933333332 443.659505 0.038461538461538464 0.2692307692307692 0.11538461538461539 0.11538461538461539 0.11538461538461539 0.11538461538461539 0.11538461538461539 0.11538461538461539 175.93155230434783 31.52496866666667 277.1716835714285 0.9019607843137255 0.029411764705882353 0.06862745098039216 0.5769230769230769 0.0 0.15384615384615385 0.07692307692307693 0.11538461538461539 0.038461538461538464 0.038461538461538464 0.0 0.7578947368421053 0.10526315789473684 0.08421052631578947 0.031578947368421054 0.021052631578947368 maoyu 8Сʱ_mousemovements
168.46473873333335 398.6406683333334 361.8919357777778 1016.1401671666666 623.450684 569.728546 603.547638 1418.219116 697.614508 273.3993002 375.0503605714286 71.211678 629.5287617142858 455.34275333333335 403.6434512 325.02708425 0.11904761904761904 0.11904761904761904 0.16666666666666666 0.023809523809523808 0.16666666666666666 0.07142857142857142 0.23809523809523808 0.09523809523809523 122.43006071544713 58.43287825 259.0982079230769 0.8785714285714286 0.02857142857142857 0.09285714285714286 0.35714285714285715 0.14285714285714285 0.21428571428571427 0.14285714285714285 0.023809523809523808 0.047619047619047616 0.047619047619047616 0.023809523809523808 0.6946564885496184 0.13740458015267176 0.061068702290076333 0.05343511450381679 0.05343511450381679 maoyu 8Сʱ_mousemovements
272.3617393333333 179.7999573333333 359.625977 2044.845215 1394.582275 2152.99707 0 1527.386149 942.8157502500001 603.0580701249999 911.1737458 1080.384369 668.8172756666667 792.5664635 169.91579049999999 259.8565734 0.12121212121212122 0.24242424242424243 0.15151515151515152 0.06060606060606061 0.09090909090909091 0.06060606060606061 0.12121212121212122 0.15151515151515152 206.7445438421053 0 155.270518375 0.9223300970873787 0.0 0.07766990291262135 0.6363636363636364 0.09090909090909091 0.030303030303030304 0.09090909090909091 0.030303030303030304 0.030303030303030304 0.0 0.09090909090909091 0.6947368421052632 0.12631578947368421 0.12631578947368421 0.021052631578947368 0.031578947368421054 maoyu 8Сʱ_mousemovements
201.11003272972968 527.2892662727272 613.3993316 1332.9277916249998 1161.1294905714287 1635.8078716666666 1911.7637939999997 855.1180420000001 337.240550375 889.493562 740.0094198333333 353.47331722222225 294.0326825714286 886.5861461000001 766.8711996363636 428.95523823076917 0.09302325581395349 0.13953488372093023 0.06976744186046512 0.10465116279069768 0.08139534883720931 0.23255813953488372 0.12790697674418605 0.1511627906976744 233.73520542358085 0 105.81287266666665 0.950207468879668 0.0 0.04979253112033195 0.43023255813953487 0.12790697674418605 0.11627906976744186 0.09302325581395349 0.08139534883720931 0.03488372093023256 0.03488372093023256 0.08139534883720931 0.4647887323943662 0.30985915492957744 0.13145539906103287 0.06103286384976526 0.03286384976525822 maoyu 8Сʱ_mousemovements
170.40153478723406 511.35673525000004 298.62028833333335 1366.1552733333335 832.7140863636363 1330.7253420000002 1113.9887845 793.5661532 297.57143179999997 583.9394014545454 684.4415975000001 415.89445499999994 185.1792345 514.352789764706 468.04179778571427 117.87862738461537 0.06097560975609756 0.13414634146341464 0.14634146341463414 0.07317073170731707 0.04878048780487805 0.2073170731707317 0.17073170731707318 0.15853658536585366 140.16405522707421 79.81805877777778 240.97478485714285 0.9087301587301587 0.03571428571428571 0.05555555555555555 0.573170731707317 0.04878048780487805 0.07317073170731707 0.036585365853658534 0.13414634146341464 0.024390243902439025 0.04878048780487805 0.06097560975609756 0.5377777777777778 0.23555555555555555 0.10666666666666667 0.08 0.04 maoyu 8Сʱ_mousemovements
224.63005112 202.07372199999998 564.1481323333334 443.17852800000003 846.4201966 2157.3341675 794.354004 1327.380707 712.04172725 474.1487175 315.62400837499996 300.7300642857143 231.92721109999997 593.0374146666667 186.0877208 1109.5193791666668 0.08163265306122448 0.12244897959183673 0.16326530612244897 0.14285714285714285 0.20408163265306123 0.061224489795918366 0.10204081632653061 0.12244897959183673 118.91798700632914 279.616961 166.30156849999997 0.8977272727272727 0.011363636363636364 0.09090909090909091 0.5102040816326531 0.1836734693877551 0.061224489795918366 0.04081632653061224 0.10204081632653061 0.04081632653061224 0.02040816326530612 0.04081632653061224 0.5128205128205128 0.24358974358974358 0.1346153846153846 0.05128205128205128 0.057692307692307696 maoyu 8Сʱ_mousemovements
223.43979214285713 1194.963135 630.791382 666.58783 1231.078857 0 0 0 728.170868 6.410256 710.409851 191.80803650000001 0 930.7754825 125.0 0 0.3 0.1 0.1 0.2 0.0 0.2 0.1 0.0 150.43112837142857 11.205128 0.0 0.9210526315789473 0.05263157894736842 0.02631578947368421 0.6363636363636364 0.09090909090909091 0.09090909090909091 0.09090909090909091 0.09090909090909091 0.0 0.0 0.0 0.5882352941176471 0.35294117647058826 0.058823529411764705 0.0 0.0 maoyu 8Сʱ_mousemovements
139.923004 1023.615631 0 2320.625732 424.763153 0 0 0 0 0 2320.625732 0 0 823.9981383333334 139.923004 0 0.0 0.0 0.2 0.0 0.0 0.6 0.2 0.0 181.99404141666665 0 282.3430785 0.9230769230769231 0.0 0.07692307692307693 0.2 0.4 0.0 0.2 0.2 0.0 0.0 0.0 0.8695652173913043 0.043478260869565216 0.08695652173913043 0.0 0.0 maoyu 8Сʱ_mousemovements
146.6136895 994.0279290000002 0 818.524597 1053.6521605 980.668091 0 0 1051.660034 839.783621 0 0 357.35628060000005 0 1383.187012 93.75 0.07692307692307693 0.3076923076923077 0.0 0.0 0.38461538461538464 0.0 0.07692307692307693 0.15384615384615385 224.25099297058824 0 71.864586 0.9444444444444444 0.0 0.05555555555555555 0.46153846153846156 0.23076923076923078 0.0 0.07692307692307693 0.15384615384615385 0.07692307692307693 0.0 0.0 0.6451612903225806 0.16129032258064516 0.16129032258064516 0.0 0.03225806451612903 maoyu 8Сʱ_mousemovements
67.874733 552.471436 0 0 0 0 0 0 0 0 0 0 67.874733 552.471436 0 0 0.0 0.0 0.0 0.0 0.5 0.5 0.0 0.0 206.78205633333334 0 0 1.0 0.0 0.0 0.5 0.5 0.0 0.0 0.0 0.0 0.0 0.0 0.6666666666666666 0.3333333333333333 0.0 0.0 0.0 maoyu 8Сʱ_mousemovements
263.49166239999994 0 160.892143 671.0326230000001 364.074951 0 1299.682983 0 962.786804 412.60240150000004 681.9515835 219.498695 468.783794 152.0031234 295.9726485 446.178375 0.058823529411764705 0.11764705882352941 0.11764705882352941 0.11764705882352941 0.11764705882352941 0.29411764705882354 0.11764705882352941 0.058823529411764705 127.57278054347826 57.641502333333335 142.6633145 0.9019607843137255 0.058823529411764705 0.0392156862745098 0.5882352941176471 0.0 0.11764705882352941 0.11764705882352941 0.11764705882352941 0.0 0.058823529411764705 0.0 0.6744186046511628 0.13953488372093023 0.06976744186046512 0.11627906976744186 0.0 maoyu 8Сʱ_mousemovements
160.64165253846153 0 258.363312 0 944.1121519999999 0 0 0 87.832314 0 332.75677475 0 0 906.07837675 119.99783144444444 0 0.05555555555555555 0.0 0.2222222222222222 0.0 0.0 0.2222222222222222 0.5 0.0 111.35385777083333 25.2847595 242.53290366666667 0.9056603773584906 0.03773584905660377 0.05660377358490566 0.7222222222222222 0.0 0.05555555555555555 0.0 0.2222222222222222 0.0 0.0 0.0 0.5833333333333334 0.20833333333333334 0.125 0.0625 0.020833333333333332 maoyu 8Сʱ_mousemovements
163.63122231578944 734.3414203333333 1148.958659 719.3036195 1393.190506 1458.8926999999999 1709.5881195714287 485.770111 1256.5436877142859 389.30942372727276 352.9379403333333 1412.3961180000001 838.6679655999999 273.681946 0 874.1793321666665 0.17073170731707318 0.2682926829268293 0.07317073170731707 0.04878048780487805 0.24390243902439024 0.04878048780487805 0.0 0.14634146341463414 244.28636671551732 0 350.46456674999996 0.9354838709677419 0.0 0.06451612903225806 0.4634146341463415 0.07317073170731707 0.07317073170731707 0.04878048780487805 0.0975609756097561 0.04878048780487805 0.17073170731707318 0.024390243902439025 0.6504854368932039 0.23300970873786409 0.05825242718446602 0.02912621359223301 0.02912621359223301 maoyu 8Сʱ_mousemovements
155.01588048275863 343.8990388 282.48193375 516.924316 0 0 0 0 123.86179733333334 152.376999 213.68070966666667 144.243591 52.692961999999994 280.91786918181816 282.2129487 210.76912433333334 0.13636363636363635 0.11363636363636363 0.13636363636363635 0.022727272727272728 0.045454545454545456 0.25 0.22727272727272727 0.06818181818181818 73.90847344545458 163.514374 113.901914 0.9090909090909091 0.03305785123966942 0.05785123966942149 0.6590909090909091 0.22727272727272727 0.09090909090909091 0.022727272727272728 0.0 0.0 0.0 0.0 0.5229357798165137 0.29357798165137616 0.09174311926605505 0.07339449541284404 0.01834862385321101 maoyu 8Сʱ_mousemovements
125.02818506666667 367.43586728571427 455.788589375 1142.6376750000002 0 685.320923 0 1420.161621 52.395071125 320.11959786666665 340.8847012 206.24168849999998 204.9388895 393.3817449166667 325.93529183333334 70.783589 0.12307692307692308 0.23076923076923078 0.15384615384615385 0.09230769230769231 0.03076923076923077 0.18461538461538463 0.09230769230769231 0.09230769230769231 98.78373623602484 139.41064724999998 91.619956 0.92 0.022857142857142857 0.05714285714285714 0.6923076923076923 0.1076923076923077 0.12307692307692308 0.046153846153846156 0.0 0.015384615384615385 0.0 0.015384615384615385 0.5900621118012422 0.19875776397515527 0.14285714285714285 0.037267080745341616 0.031055900621118012 maoyu 8Сʱ_mousemovements
