269.983925 1078.8198849999999 293.72699 0 0 0 0 0 0 1132.470581 598.770622 0 0 0 330.66139250000003 0 0.0 0.2 0.4 0.0 0.0 0.0 0.4 0.0 213.66675785714284 0 0.0 0.9333333333333333 0.0 0.06666666666666667 0.4 0.4 0.2 0.0 0.0 0.0 0.0 0.0 0.8461538461538461 0.07692307692307693 0.0 0.07692307692307693 0.0 maoyu 7Сʱ_mousemovements
425.33228499999996 332.013031 468.7294925 0 0 1233.7201842499999 1570.809346666667 619.728333 640.428772 1434.005167666667 1116.2826943333334 1488.838013 398.6767796666666 647.79016125 260.59074050000004 0 0.058823529411764705 0.17647058823529413 0.17647058823529413 0.058823529411764705 0.17647058823529413 0.23529411764705882 0.11764705882352941 0.0 135.722156 0 420.806564 0.9080459770114943 0.0 0.09195402298850575 0.35294117647058826 0.058823529411764705 0.11764705882352941 0.0 0.0 0.23529411764705882 0.17647058823529413 0.058823529411764705 0.5194805194805194 0.2857142857142857 0.09090909090909091 0.06493506493506493 0.03896103896103896 maoyu 7Сʱ_mousemovements
68.412251 229.3527145 0 619.107605 906.043823 1571.22315975 0 905.718475 906.043823 1840.6122435000002 400.83750150000003 0 1069.559692 465.20487225 948.8442269999999 0 0.08333333333333333 0.16666666666666666 0.16666666666666666 0.0 0.08333333333333333 0.3333333333333333 0.16666666666666666 0.0 152.56141660869568 6.410256 532.1292546666667 0.8679245283018868 0.018867924528301886 0.11320754716981132 0.16666666666666666 0.16666666666666666 0.0 0.08333333333333333 0.08333333333333333 0.3333333333333333 0.0 0.16666666666666666 0.7083333333333334 0.125 0.08333333333333333 0.08333333333333333 0.0 maoyu 7Сʱ_mousemovements
82.2590465 0 0 0 1762.2145695 0 703.361694 0 1519.3961355 121.254631 0 528.90033 703.361694 0 0 0 0.4 0.2 0.0 0.2 0.2 0.0 0.0 0.0 108.52829539285713 0 451.1722183333334 0.9032258064516129 0.0 0.0967741935483871 0.4 0.0 0.0 0.0 0.4 0.0 0.2 0.0 0.6896551724137931 0.1724137931034483 0.034482758620689655 0.034482758620689655 0.06896551724137931 maoyu 7Сʱ_mousemovements
179.49970615384615 416.288086 868.139669 0 0 997.379852 462.481262 0 63.25834 260.48796450000003 867.4578855000001 577.0335693333333 112.071457 360.49744180000005 96.774193 541.1146506666668 0.15 0.1 0.1 0.15 0.05 0.25 0.05 0.15 114.17474415517243 0 396.4363593333333 0.9508196721311475 0.0 0.04918032786885246 0.65 0.05 0.15 0.0 0.0 0.1 0.05 0.0 0.6346153846153846 0.23076923076923078 0.11538461538461539 0.0 0.019230769230769232 maoyu 7Сʱ_mousemovements
370.1593385 863.3648989999999 1036.756592 1098.149414 864.7851255 810.151917 2471.6641845 1069.4717813333334 818.9748802 813.7680664999999 366.647827 1153.941528 820.6896365 738.8866423333333 1438.74992 954.1506655000001 0.25 0.2 0.05 0.05 0.1 0.15 0.1 0.1 261.347195137931 0 589.05976875 0.9354838709677419 0.0 0.06451612903225806 0.4 0.1 0.05 0.05 0.1 0.05 0.1 0.15 0.509090909090909 0.23636363636363636 0.10909090909090909 0.10909090909090909 0.03636363636363636 maoyu 7Сʱ_mousemovements
149.2862814375 472.860789 0 1534.3936159999998 462.825714 961.7873535000001 700.6842246666666 335.416138 535.8768323333334 325.0432282 393.2404558 1338.24646 598.653019 142.03239066666666 387.6027246 201.9005435 0.10714285714285714 0.17857142857142858 0.17857142857142858 0.03571428571428571 0.14285714285714285 0.10714285714285714 0.17857142857142858 0.07142857142857142 72.73409512149532 0 435.2523507777778 0.9224137931034483 0.0 0.07758620689655173 0.5714285714285714 0.10714285714285714 0.0 0.07142857142857142 0.03571428571428571 0.07142857142857142 0.10714285714285714 0.03571428571428571 0.5980392156862745 0.20588235294117646 0.10784313725490197 0.029411764705882353 0.058823529411764705 maoyu 7Сʱ_mousemovements
195.08720829629624 721.501404 1030.817688 0 1260.704468 1158.259369 0 560.093018 58.5876275 610.86956775 221.78330200000002 84.60513833333333 563.0958836666667 960.030421 173.47406175 80.64981257142857 0.05714285714285714 0.22857142857142856 0.05714285714285714 0.08571428571428572 0.17142857142857143 0.08571428571428572 0.11428571428571428 0.2 119.68530767326732 0 565.2046205 0.9805825242718447 0.0 0.019417475728155338 0.7714285714285715 0.02857142857142857 0.08571428571428572 0.0 0.02857142857142857 0.05714285714285714 0.0 0.02857142857142857 0.6063829787234043 0.2127659574468085 0.09574468085106383 0.06382978723404255 0.02127659574468085 maoyu 7Сʱ_mousemovements
197.3541042857143 238.42729300000002 0 401.9249115 1228.0697175 1616.17688 0 1577.7986246666667 227.529648 1207.047125 262.3653366666667 96.201988 350.5549826666667 656.8281555 1054.5193076666667 0 0.058823529411764705 0.23529411764705882 0.17647058823529413 0.058823529411764705 0.17647058823529413 0.11764705882352941 0.17647058823529413 0.0 181.12083590000003 0 401.97558883333335 0.8928571428571429 0.0 0.10714285714285714 0.4117647058823529 0.11764705882352941 0.0 0.11764705882352941 0.11764705882352941 0.058823529411764705 0.0 0.17647058823529413 0.5208333333333334 0.25 0.041666666666666664 0.125 0.0625 maoyu 7Сʱ_mousemovements
4.0 411.27171300000003 0 0 0 1885.099243 0 0 0 717.8928729999999 0 0 0 0 0 557.96405 0.0 0.75 0.0 0.0 0.0 0.0 0.0 0.25 174.50452092857145 0 134.289688 0.875 0.0 0.125 0.25 0.5 0.0 0.0 0.0 0.25 0.0 0.0 0.6428571428571429 0.2857142857142857 0.07142857142857142 0.0 0.0 maoyu 7Сʱ_mousemovements
268.44496955555553 414.243805 740.706818 0 0 339.160309 0 839.332275 121.05883800000001 642.8347066666666 34.738491 446.715881 0 642.9369874 121.3668213333333 0 0.13333333333333333 0.2 0.06666666666666667 0.06666666666666667 0.0 0.3333333333333333 0.2 0.0 99.85800265306122 186.9494 321.3068796666667 0.9074074074074074 0.037037037037037035 0.05555555555555555 0.6 0.06666666666666667 0.2 0.0 0.0 0.06666666666666667 0.0 0.06666666666666667 0.5531914893617021 0.2978723404255319 0.06382978723404255 0.06382978723404255 0.02127659574468085 maoyu 7Сʱ_mousemovements
184.93227047368424 72.175049 1207.2534485 0 989.2236939999999 0 0 1719.116333 238.8997658 439.438965 617.7224937999999 259.356689 116.63747599999999 301.48697557142856 827.5712790000001 0 0.19230769230769232 0.11538461538461539 0.19230769230769232 0.038461538461538464 0.07692307692307693 0.2692307692307692 0.11538461538461539 0.0 154.03473369696974 72.75480533333332 75.656415 0.9041095890410958 0.0410958904109589 0.0547945205479452 0.7307692307692307 0.038461538461538464 0.07692307692307693 0.0 0.11538461538461539 0.0 0.0 0.038461538461538464 0.463768115942029 0.30434782608695654 0.13043478260869565 0.07246376811594203 0.028985507246376812 maoyu 7Сʱ_mousemovements
0 0 0 0 0 0 0 0 0 0 0 0 0 0 0 0 0 0 0 0 0 0 0 0 0 0 0 0 0 0 0 0 0 0 0 0 0 0 0 0 0 0 0 maoyu 7Сʱ_mousemovements
156.90957245833332 600.309616 788.5775679999999 590.3642376666667 156.791412 489.28216533333335 657.299988 0 373.8640076 580.9801255 592.7054823333332 245.99501049999998 492.90409642857145 474.75867114285717 94.91723133333335 98.9188685 0.1111111111111111 0.08888888888888889 0.13333333333333333 0.044444444444444446 0.15555555555555556 0.15555555555555556 0.13333333333333333 0.17777777777777778 115.15684720535714 163.40596 298.8172397000001 0.896 0.024 0.08 0.5333333333333333 0.2 0.08888888888888889 0.06666666666666667 0.022222222222222223 0.06666666666666667 0.022222222222222223 0.0 0.6578947368421053 0.21052631578947367 0.08771929824561403 0.043859649122807015 0.0 maoyu 7Сʱ_mousemovements
135.28434763636363 402.9476293333334 0 0 681.77832 0 0 0 65.97353749999999 148.55264675 0 0 386.298553 294.9230005 120.28087866666665 725.758179 0.13333333333333333 0.26666666666666666 0.0 0.0 0.06666666666666667 0.26666666666666666 0.2 0.06666666666666667 78.42345694999999 96.786156 72.512299 0.9302325581395349 0.023255813953488372 0.046511627906976744 0.7333333333333333 0.2 0.0 0.0 0.06666666666666667 0.0 0.0 0.0 0.475 0.3 0.15 0.025 0.05 maoyu 7Сʱ_mousemovements
112.84811080952379 240.784164 0 0 0 0 363.736801 887.300537 100.98269633333332 267.75656125 86.586569 100.23812600000001 138.54739566666666 323.91653740000004 79.171173 18.181818 0.12 0.16 0.12 0.12 0.12 0.2 0.12 0.04 45.02499256756757 277.487701 205.34382633333334 0.9487179487179487 0.01282051282051282 0.038461538461538464 0.84 0.04 0.0 0.0 0.0 0.0 0.08 0.04 0.6515151515151515 0.24242424242424243 0.07575757575757576 0.015151515151515152 0.015151515151515152 maoyu 7Сʱ_mousemovements
133.74356633333335 454.454132 1156.7709654999999 692.609314 916.832855 618.889099 0 0 451.50756049999995 652.0905730000001 618.889099 0 235.161758 559.039429 503.4121003333333 83.281143 0.14285714285714285 0.35714285714285715 0.07142857142857142 0.0 0.07142857142857142 0.07142857142857142 0.21428571428571427 0.07142857142857142 109.0949181627907 732.7442015 337.8352773333333 0.8958333333333334 0.041666666666666664 0.0625 0.42857142857142855 0.14285714285714285 0.14285714285714285 0.07142857142857142 0.14285714285714285 0.07142857142857142 0.0 0.0 0.7111111111111111 0.13333333333333333 0.06666666666666667 0.022222222222222223 0.06666666666666667 maoyu 7Сʱ_mousemovements
199.96882267857146 590.5290894000001 383.67535066666665 250.57555133333335 519.0617255 432.595703 0 1357.5873105 227.37902999999997 297.22263525 446.4475460909091 281.043981 256.777874 394.7671218333333 188.8856544736842 262.6372813333333 0.0625 0.15 0.1375 0.1 0.05 0.15 0.2375 0.1125 86.96687477777775 99.46888136363637 182.3760645625 0.8928571428571429 0.04365079365079365 0.06349206349206349 0.7 0.0625 0.1125 0.0375 0.05 0.0125 0.0 0.025 0.5672268907563025 0.2857142857142857 0.07563025210084033 0.046218487394957986 0.025210084033613446 maoyu 7Сʱ_mousemovements
172.97521214285715 385.8269465 1118.754395 3818.9491780000003 1124.57959 679.544922 0 0 2842.197855666667 3033.283447 639.40686 0 541.2139475 649.135834 231.1649964 466.017431 0.17647058823529413 0.058823529411764705 0.058823529411764705 0.0 0.11764705882352941 0.11764705882352941 0.29411764705882354 0.17647058823529413 384.87141386046517 102.12253566666668 139.0111545 0.8958333333333334 0.0625 0.041666666666666664 0.4117647058823529 0.23529411764705882 0.058823529411764705 0.17647058823529413 0.058823529411764705 0.058823529411764705 0.0 0.0 0.6829268292682927 0.0975609756097561 0.0975609756097561 0.024390243902439025 0.0975609756097561 maoyu 7Сʱ_mousemovements
247.51025775 369.262482 1999.135742 0 0 0 0 0 0 1999.135742 0 0 217.520981 373.685257 197.206009 0 0.0 0.16666666666666666 0.0 0.0 0.16666666666666666 0.3333333333333333 0.3333333333333333 0.0 186.8235483125 0 369.262482 0.9411764705882353 0.0 0.058823529411764705 0.6666666666666666 0.16666666666666666 0.16666666666666666 0.0 0.0 0.0 0.0 0.0 0.7333333333333333 0.13333333333333333 0.06666666666666667 0.06666666666666667 0.0 maoyu 7Сʱ_mousemovements
142.19677199999998 1234.942871 247.738754 0 396.567963 1326.79834 0 0 31.75065 222.421356 1326.79834 639.659004 0 346.062653 0 0 0.125 0.25 0.125 0.25 0.0 0.25 0.0 0.0 98.52911329032257 0 180.108126 0.8857142857142857 0.0 0.11428571428571428 0.5 0.125 0.125 0.0 0.125 0.125 0.0 0.0 0.6363636363636364 0.18181818181818182 0.09090909090909091 0.06060606060606061 0.030303030303030304 maoyu 7Сʱ_mousemovements
0 0 0 0 0 0 0 0 0 0 0 0 0 0 0 0 0 0 0 0 0 0 0 0 0 0 0 0 0 0 0 0 0 0 0 0 0 0 0 0 0 0 0 maoyu 7Сʱ_mousemovements
731.099548 2423.243408 1181.916336 1398.533569 0 0 0 0 2423.243408 1398.533569 0 0 343.772369 1375.5799255 0 0 0.2 0.2 0.0 0.0 0.2 0.4 0.0 0.0 328.64684139999997 0 343.772369 0.9523809523809523 0.0 0.047619047619047616 0.2 0.2 0.4 0.2 0.0 0.0 0.0 0.0 0.7777777777777778 0.16666666666666666 0.0 0.05555555555555555 0.0 maoyu 7Сʱ_mousemovements
301.12886612499994 297.7904663333333 911.8329366666667 736.3389892499999 2497.564209 1523.9280395 0 0 930.0005187500001 572.12604125 480.319794 0 1335.4157103333334 567.3198882 227.381447 371.12094149999996 0.19047619047619047 0.19047619047619047 0.047619047619047616 0.0 0.14285714285714285 0.23809523809523808 0.09523809523809523 0.09523809523809523 172.70858040789474 5.606262 279.443802 0.926829268292683 0.012195121951219513 0.06097560975609756 0.38095238095238093 0.14285714285714285 0.14285714285714285 0.19047619047619047 0.047619047619047616 0.09523809523809523 0.0 0.0 0.68 0.17333333333333334 0.06666666666666667 0.04 0.04 maoyu 7Сʱ_mousemovements
153.31100390000003 442.3592336363636 1070.0991006666666 2077.3316849999997 749.9158692000001 2104.62193325 1674.527466 0 1396.6026367999998 373.77085880000004 499.42629999999997 621.4726654 971.0776573333334 607.057060142857 453.0901381666667 1711.172971 0.13513513513513514 0.13513513513513514 0.05405405405405406 0.13513513513513514 0.08108108108108109 0.1891891891891892 0.16216216216216217 0.10810810810810811 252.1680730471698 67.5374145 313.22865988888884 0.905982905982906 0.017094017094017096 0.07692307692307693 0.2702702702702703 0.2972972972972973 0.08108108108108109 0.08108108108108109 0.13513513513513514 0.10810810810810811 0.02702702702702703 0.0 0.6428571428571429 0.1875 0.11607142857142858 0.044642857142857144 0.008928571428571428 maoyu 7Сʱ_mousemovements
131.7138985641026 233.979291 278.08169799999996 817.56929 924.9939575000001 1128.649658 765.391052 0 91.02083728571428 169.1264717142857 233.23736 121.071404 45.989538 441.57482572727264 349.16552483333334 127.92684433333334 0.12962962962962962 0.25925925925925924 0.18518518518518517 0.018518518518518517 0.037037037037037035 0.2037037037037037 0.1111111111111111 0.05555555555555555 72.14757861805552 112.6973128 175.79085681818182 0.9 0.03125 0.06875 0.7222222222222222 0.05555555555555555 0.1111111111111111 0.037037037037037035 0.037037037037037035 0.018518518518518517 0.018518518518518517 0.0 0.5608108108108109 0.25 0.13513513513513514 0.033783783783783786 0.02027027027027027 maoyu 7Сʱ_mousemovements
154.89726775000003 1223.2144166666667 931.9042661999999 0 523.890686 1433.725952 3835.2146 0 382.82594159999996 596.435246 111.93876649999999 0 664.4370937499999 501.3884211428571 91.837326 1933.736332 0.16129032258064516 0.25806451612903225 0.06451612903225806 0.0 0.12903225806451613 0.22580645161290322 0.0967741935483871 0.06451612903225806 186.0955806046512 62.07315199999999 171.583631 0.9052631578947369 0.031578947368421054 0.06315789473684211 0.6451612903225806 0.0967741935483871 0.16129032258064516 0.0 0.03225806451612903 0.03225806451612903 0.03225806451612903 0.0 0.6744186046511628 0.1744186046511628 0.09302325581395349 0.03488372093023256 0.023255813953488372 maoyu 7Сʱ_mousemovements
0 0 0 0 0 0 0 0 0 0 0 0 0 0 0 0 0 0 0 0 0 0 0 0 0 0 0 0 0 0 0 0 0 0 0 0 0 0 0 0 0 0 0 maoyu 7Сʱ_mousemovements
0 0 0 0 0 0 0 0 0 0 0 0 0 0 0 0 0 0 0 0 0 0 0 0 0 0 0 0 0 0 0 0 0 0 0 0 0 0 0 0 0 0 0 maoyu 7Сʱ_mousemovements
104.51661266666666 274.03610025 376.672231 1138.154907 1392.678467 849.381653 0 0 148.7293115 273.69560433333334 169.99103075 1421.189575 0 443.0003145714286 154.93283728571427 118.144638 0.1875 0.1875 0.125 0.03125 0.0 0.21875 0.21875 0.03125 90.8085216847826 61.60313166666666 80.0373008 0.92 0.03 0.05 0.65625 0.125 0.09375 0.0625 0.03125 0.03125 0.0 0.0 0.5869565217391305 0.25 0.10869565217391304 0.010869565217391304 0.043478260869565216 maoyu 7Сʱ_mousemovements
