161.39756144444445 272.377258 0 898.6965329999999 0 1141.314789 937.432861 1118.89851375 456.59679133333333 434.24863325 0 757.5977294 1208.6301575 1052.783203 86.943736 745.526562 0.15 0.2 0.0 0.25 0.1 0.05 0.15 0.1 62.023165382716044 8.0 544.9865390769231 0.8526315789473684 0.010526315789473684 0.1368421052631579 0.45 0.05 0.0 0.15 0.0 0.1 0.05 0.2 0.7093023255813954 0.12790697674418605 0.09302325581395349 0.023255813953488372 0.046511627906976744 shenyanping 10Сʱ_mousemovements
0 0 0 0 0 0 0 0 0 0 0 0 0 0 0 0 0 0 0 0 0 0 0 0 0.0 0 0 1.0 0.0 0.0 0 0 0 0 0 0 0 0 1.0 0.0 0.0 0.0 0.0 shenyanping 10Сʱ_mousemovements
0 0 0 0 0 0 0 0 0 0 0 0 0 0 0 0 0 0 0 0 0 0 0 0 0 0 0 0 0 0 0 0 0 0 0 0 0 0 0 0 0 0 0 shenyanping 10Сʱ_mousemovements
18.181818 0 0 0 0 0 0 0 18.181818 0 0 0 0 0 0 0 1.0 0.0 0.0 0.0 0.0 0.0 0.0 0.0 3.6363636 0 0 1.0 0.0 0.0 1.0 0.0 0.0 0.0 0.0 0.0 0.0 0.0 1.0 0.0 0.0 0.0 0.0 shenyanping 10Сʱ_mousemovements
0 0 0 0 0 0 0 0 0 0 0 0 0 0 0 0 0 0 0 0 0 0 0 0 0 0 0 0 0 0 0 0 0 0 0 0 0 0 0 0 0 0 0 shenyanping 10Сʱ_mousemovements
26.223436 0 2116.605469 0 0 0 0 0 0 26.223436 0 0 0 0 2116.605469 0 0.0 0.5 0.0 0.0 0.0 0.0 0.5 0.0 264.575683625 0 26.223436 0.8888888888888888 0.0 0.1111111111111111 0.5 0.0 0.5 0.0 0.0 0.0 0.0 0.0 0.625 0.25 0.0 0.125 0.0 shenyanping 10Сʱ_mousemovements
0 0 0 0 0 0 0 0 0 0 0 0 0 0 0 0 0 0 0 0 0 0 0 0 0 0 0 0 0 0 0 0 0 0 0 0 0 0 0 0 0 0 0 shenyanping 10Сʱ_mousemovements
0 0 0 0 0 0 0 0 0 0 0 0 0 0 0 0 0 0 0 0 0 0 0 0 0 0 0 0 0 0 0 0 0 0 0 0 0 0 0 0 0 0 0 shenyanping 10Сʱ_mousemovements
1048.561951 0 0 0 1131.432983 0 1930.80188 0 0 0 1287.3671264999998 0 1930.80188 0 653.822632 0 0.0 0.0 0.5 0.0 0.25 0.0 0.25 0.0 644.9198456249999 0 0 1.0 0.0 0.0 0.5 0.0 0.0 0.0 0.25 0.0 0.25 0.0 0.2857142857142857 0.42857142857142855 0.2857142857142857 0.0 0.0 shenyanping 10Сʱ_mousemovements
77.2410735 0 416.102829 0 0 0 0 0 0 0 159.00748557142856 112.36061566666667 0 0 0 0 0.0 0.0 0.7 0.3 0.0 0.0 0.0 0.0 51.79050878571428 0 0 1.0 0.0 0.0 0.8 0.0 0.2 0.0 0.0 0.0 0.0 0.0 0.6086956521739131 0.17391304347826086 0.13043478260869565 0.043478260869565216 0.043478260869565216 shenyanping 10Сʱ_mousemovements
76.436982 0 0 0 0 0 0 0 0 0 76.436982 0 0 0 0 0 0.0 0.0 1.0 0.0 0.0 0.0 0.0 0.0 21.839137714285716 0 0 1.0 0.0 0.0 1.0 0.0 0.0 0.0 0.0 0.0 0.0 0.0 0.4 0.3 0.3 0.0 0.0 shenyanping 10Сʱ_mousemovements
0 0 0 0 0 0 0 0 0 0 0 0 0 0 0 0 0 0 0 0 0 0 0 0 0 0 0 0 0 0 0 0 0 0 0 0 0 0 0 0 0 0 0 shenyanping 10Сʱ_mousemovements
47.68460657142857 0 0 0 0 0 0 0 0 16.129032 69.89140425 19.0487985 0 0 0 0 0.0 0.14285714285714285 0.5714285714285714 0.2857142857142857 0.0 0.0 0.0 0.0 9.817419 0 0 1.0 0.0 0.0 1.0 0.0 0.0 0.0 0.0 0.0 0.0 0.0 0.6551724137931034 0.20689655172413793 0.06896551724137931 0.06896551724137931 0.0 shenyanping 10Сʱ_mousemovements
100.22774633333334 143.352859 0 0 0 0 0 0 0 64.516129 99.04057925000001 188.561813 0 0 0 0 0.0 0.1 0.8 0.1 0.0 0.0 0.0 0.0 47.51829890909091 0 0 1.0 0.0 0.0 0.9 0.1 0.0 0.0 0.0 0.0 0.0 0.0 0.8125 0.125 0.0 0.0 0.0625 shenyanping 10Сʱ_mousemovements
0 0 0 0 0 0 0 0 0 0 0 0 0 0 0 0 0 0 0 0 0 0 0 0 0 0 0 0 0 0 0 0 0 0 0 0 0 0 0 0 0 0 0 shenyanping 10Сʱ_mousemovements
0 0 0 0 0 0 0 0 0 0 0 0 0 0 0 0 0 0 0 0 0 0 0 0 0 0 0 0 0 0 0 0 0 0 0 0 0 0 0 0 0 0 0 shenyanping 10Сʱ_mousemovements
0 0 0 0 0 0 0 0 0 0 0 0 0 0 0 0 0 0 0 0 0 0 0 0 0 0 0 0 0 0 0 0 0 0 0 0 0 0 0 0 0 0 0 shenyanping 10Сʱ_mousemovements
0 0 0 0 0 0 0 0 0 0 0 0 0 0 0 0 0 0 0 0 0 0 0 0 0 0 0 0 0 0 0 0 0 0 0 0 0 0 0 0 0 0 0 shenyanping 10Сʱ_mousemovements
69.5395365 299.953949 0 0 0 1060.854126 0 0 0 0 299.953949 1060.854126 0 29.24338 109.835693 0 0.0 0.0 0.25 0.25 0.0 0.25 0.25 0.0 61.615253631578945 0 164.5986645 0.9047619047619048 0.0 0.09523809523809523 0.5 0.25 0.0 0.0 0.0 0.25 0.0 0.0 0.631578947368421 0.10526315789473684 0.2631578947368421 0.0 0.0 shenyanping 10Сʱ_mousemovements
676.761047 0 0 1928.2882085 0 0 0 1165.070679 0 0 1109.6542766666666 2369.445313 0 0 0 0 0.0 0.0 0.75 0.25 0.0 0.0 0.0 0.0 569.8408143 0 0 1.0 0.0 0.0 0.25 0.0 0.0 0.5 0.0 0.0 0.0 0.25 0.3333333333333333 0.5 0.0 0.16666666666666666 0.0 shenyanping 10Сʱ_mousemovements
0 0 0 0 0 0 0 0 0 0 0 0 0 0 0 0 0 0 0 0 0 0 0 0 0 0 0 0 0 0 0 0 0 0 0 0 0 0 0 0 0 0 0 shenyanping 10Сʱ_mousemovements
647.173462 336.17395 0 1128.276855 564.538696 0 1235.7401735 1449.987854 0 783.230062 990.3378905 1254.396301 0 1128.276855 727.357056 0 0.0 0.3333333333333333 0.2222222222222222 0.2222222222222222 0.0 0.1111111111111111 0.1111111111111111 0.0 217.73225670588238 0 430.6319173333333 0.918918918918919 0.0 0.08108108108108109 0.2222222222222222 0.1111111111111111 0.0 0.1111111111111111 0.1111111111111111 0.0 0.2222222222222222 0.2222222222222222 0.6764705882352942 0.23529411764705882 0.058823529411764705 0.0 0.029411764705882353 shenyanping 10Сʱ_mousemovements
189.3607024285714 205.911575 0 1350.254639 0 2747.736328 0 0 2747.736328 761.1408465 105.739441 0 0.0 317.7412616666666 150.223106 0 0.1 0.2 0.1 0.0 0.1 0.3 0.2 0.0 128.97010256410255 94.534637 126.2647055 0.8863636363636364 0.022727272727272728 0.09090909090909091 0.7 0.1 0.0 0.1 0.0 0.1 0.0 0.0 0.6818181818181818 0.22727272727272727 0.0 0.045454545454545456 0.045454545454545456 shenyanping 10Сʱ_mousemovements
296.37143847058826 320.318161 466.1013335 408.144379 738.8983663333333 925.6822998 675.640442 0 205.075526 693.3928147500001 902.7155353333334 655.697815 317.0314283333333 652.6726685 249.715641 210.1429731111111 0.08571428571428572 0.11428571428571428 0.08571428571428572 0.08571428571428572 0.08571428571428572 0.17142857142857143 0.11428571428571428 0.2571428571428571 108.40364399115045 0 297.64214458333333 0.904 0.0 0.096 0.4857142857142857 0.17142857142857143 0.05714285714285714 0.02857142857142857 0.08571428571428572 0.14285714285714285 0.02857142857142857 0.0 0.5775862068965517 0.1724137931034483 0.1206896551724138 0.08620689655172414 0.04310344827586207 shenyanping 10Сʱ_mousemovements
422.856018 276.5757905 0 0 0 0 0 0 0 0 0 0 422.209686 130.941895 0 422.856018 0.0 0.0 0.0 0.0 0.3333333333333333 0.3333333333333333 0.0 0.3333333333333333 38.44145618181818 0 276.5757905 0.8461538461538461 0.0 0.15384615384615385 0.3333333333333333 0.6666666666666666 0.0 0.0 0.0 0.0 0.0 0.0 0.7692307692307693 0.07692307692307693 0.07692307692307693 0.0 0.07692307692307693 shenyanping 10Сʱ_mousemovements
318.438049 847.5991515000001 0 0 0 0 0 0 1251.190552 0 0 0 0 0 0 381.2229 0.3333333333333333 0.0 0.0 0.0 0.0 0.0 0.0 0.6666666666666666 196.203575125 0.0 444.007751 0.8 0.1 0.1 0.3333333333333333 0.6666666666666666 0.0 0.0 0.0 0.0 0.0 0.0 0.875 0.125 0.0 0.0 0.0 shenyanping 10Сʱ_mousemovements
305.3477845714286 450.4153391666667 362.29938266666665 0 939.404541 0 690.125 772.599731 203.4417115 322.150416 78.869667 441.19129325 498.092758 339.01532 687.111511 600.6401444999999 0.10526315789473684 0.15789473684210525 0.05263157894736842 0.21052631578947367 0.10526315789473684 0.05263157894736842 0.10526315789473684 0.21052631578947367 45.35248012328767 148.666672 442.68692963636363 0.8588235294117647 0.011764705882352941 0.12941176470588237 0.3684210526315789 0.3157894736842105 0.15789473684210525 0.0 0.05263157894736842 0.0 0.05263157894736842 0.05263157894736842 0.6153846153846154 0.21794871794871795 0.08974358974358974 0.05128205128205128 0.02564102564102564 shenyanping 10Сʱ_mousemovements
195.32655952631578 296.855014875 600.1958926666667 593.5544331666666 809.680176 0 1414.3265790000003 0 349.984015 334.18578775000003 379.0658919999999 163.10585 473.70135500000004 422.60971462500004 649.892568888889 335.608818 0.07142857142857142 0.19047619047619047 0.14285714285714285 0.047619047619047616 0.09523809523809523 0.19047619047619047 0.21428571428571427 0.047619047619047616 134.64720289719625 159.5256142 291.5100511 0.8770491803278688 0.040983606557377046 0.08196721311475409 0.4523809523809524 0.19047619047619047 0.07142857142857142 0.14285714285714285 0.07142857142857142 0.0 0.07142857142857142 0.0 0.5229357798165137 0.22018348623853212 0.10091743119266056 0.09174311926605505 0.06422018348623854 shenyanping 10Сʱ_mousemovements
207.7668473529412 438.21162119999997 1260.614868 408.384583 618.6455535 0 2820.696777 1831.0385740000002 427.694855 444.3149706666666 1012.1799113333333 1555.1548615000002 158.8751156666667 531.996627375 482.6926496666667 466.57724775 0.10344827586206896 0.10344827586206896 0.10344827586206896 0.06896551724137931 0.10344827586206896 0.27586206896551724 0.10344827586206896 0.13793103448275862 133.4074009072165 142.1485145 343.40856220000006 0.8738738738738738 0.036036036036036036 0.09009009009009009 0.5666666666666667 0.16666666666666666 0.03333333333333333 0.03333333333333333 0.06666666666666667 0.0 0.03333333333333333 0.1 0.6288659793814433 0.16494845360824742 0.10309278350515463 0.10309278350515463 0.0 shenyanping 10Сʱ_mousemovements
250.11065240000002 570.88475025 917.5830839999999 894.595703 1367.6579590000001 1283.023804 2309.855957 1085.089722 465.9000815 25.507550000000002 216.005753 1231.24751275 864.646576 1536.925293 877.3108215 1137.6223346666666 0.21052631578947367 0.10526315789473684 0.05263157894736842 0.21052631578947367 0.10526315789473684 0.05263157894736842 0.10526315789473684 0.15789473684210525 202.43123128985508 0 217.3661947142857 0.9078947368421053 0.0 0.09210526315789473 0.2631578947368421 0.21052631578947367 0.15789473684210525 0.10526315789473684 0.10526315789473684 0.05263157894736842 0.05263157894736842 0.05263157894736842 0.6142857142857143 0.2 0.12857142857142856 0.02857142857142857 0.02857142857142857 shenyanping 10Сʱ_mousemovements
128.517458 476.4617410000001 687.027893 898.3744815 429.184021 788.678894 0 4133.564453 456.764852 231.45046125 2197.132019 309.0957365 0 329.8730786666667 375.12248850000003 215.660428 0.13043478260869565 0.17391304347826086 0.08695652173913043 0.17391304347826086 0.0 0.13043478260869565 0.17391304347826086 0.13043478260869565 86.91561624509802 26.560847 306.47418685714285 0.918918918918919 0.018018018018018018 0.06306306306306306 0.6086956521739131 0.13043478260869565 0.043478260869565216 0.08695652173913043 0.043478260869565216 0.043478260869565216 0.0 0.043478260869565216 0.6237623762376238 0.21782178217821782 0.1188118811881188 0.0297029702970297 0.009900990099009901 shenyanping 10Сʱ_mousemovements
120.398043 303.98177016666665 506.3810974444445 512.1128695 675.697144 518.320984 0 2430.860352 214.102142 285.9206953333333 488.32701428571437 565.6349592 389.754242 398.9660035 260.0256663636364 294.0197318 0.02857142857142857 0.08571428571428572 0.2 0.14285714285714285 0.02857142857142857 0.05714285714285714 0.3142857142857143 0.14285714285714285 81.66982285714285 134.078226 286.819282 0.9015151515151515 0.030303030303030304 0.06818181818181818 0.42857142857142855 0.17142857142857143 0.2571428571428571 0.05714285714285714 0.02857142857142857 0.02857142857142857 0.0 0.02857142857142857 0.5217391304347826 0.3391304347826087 0.06956521739130435 0.034782608695652174 0.034782608695652174 shenyanping 10Сʱ_mousemovements
67.97745925 304.8692095 0 1476.2394100000001 0 0 0 0 0 0 464.844196 26.313316 1125.452774 116.054841 0 395.110138 0.0 0.0 0.25 0.125 0.25 0.25 0.0 0.125 103.68289506060606 0 206.2957695 0.9428571428571428 0.0 0.05714285714285714 0.5 0.25 0.0 0.25 0.0 0.0 0.0 0.0 0.6060606060606061 0.24242424242424243 0.12121212121212122 0.0 0.030303030303030304 shenyanping 10Сʱ_mousemovements
333.787497 0 0 946.895325 0 0 0 0 0 504.0478236666667 68.405663 0 946.895325 88.388351 0 0 0.0 0.5 0.16666666666666666 0.0 0.16666666666666666 0.16666666666666666 0.0 0.0 153.8725182352941 0 0.0 0.9444444444444444 0.0 0.05555555555555555 0.8333333333333334 0.0 0.0 0.16666666666666666 0.0 0.0 0.0 0.0 0.4666666666666667 0.5333333333333333 0.0 0.0 0.0 shenyanping 10Сʱ_mousemovements
83.62161549999999 0 0 0 0 0 0 0 0 83.62161549999999 0 0 0 0 0 0 0.0 1.0 0.0 0.0 0.0 0.0 0.0 0.0 20.905403874999998 0 0 1.0 0.0 0.0 1.0 0.0 0.0 0.0 0.0 0.0 0.0 0.0 0.5 0.3333333333333333 0.0 0.0 0.16666666666666666 shenyanping 10Сʱ_mousemovements
0 0 0 0 0 0 0 0 0 0 0 0 0 0 0 0 0 0 0 0 0 0 0 0 0 0 0 0 0 0 0 0 0 0 0 0 0 0 0 0 0 0 0 shenyanping 10Сʱ_mousemovements
54.947193 455.817841 0 7258.797363 0 0 0 0 7258.797363 0 0 0 0 54.947193 455.817841 0 0.3333333333333333 0.0 0.0 0.0 0.0 0.3333333333333333 0.3333333333333333 0.0 857.1794671111111 0 54.947193 0.9 0.0 0.1 0.3333333333333333 0.3333333333333333 0.0 0.3333333333333333 0.0 0.0 0.0 0.0 0.6 0.3 0.0 0.1 0.0 shenyanping 10Сʱ_mousemovements
291.82496420000007 628.2994512857142 519.3911439999999 656.297974 2947.468506 0 1087.029419 1584.679565 467.9884495 0 750.8059893333334 740.1047879999999 438.687973 52.1504745 592.4328893333333 867.1055145714284 0.08333333333333333 0.0 0.125 0.20833333333333334 0.08333333333333333 0.08333333333333333 0.125 0.2916666666666667 150.87887407228916 0 319.46864239999996 0.8924731182795699 0.0 0.10752688172043011 0.4166666666666667 0.2916666666666667 0.08333333333333333 0.041666666666666664 0.041666666666666664 0.0 0.08333333333333333 0.041666666666666664 0.627906976744186 0.1744186046511628 0.08139534883720931 0.08139534883720931 0.03488372093023256 shenyanping 10Сʱ_mousemovements
144.99541475 314.169678 422.748047 0 0 0 650.007446 0 254.585682 384.003723 308.116867 107.874535 0 279.789429 0 0 0.25 0.25 0.25 0.125 0.0 0.125 0.0 0.0 13.412797928571427 348.549927 311.3936478 0.8235294117647058 0.029411764705882353 0.14705882352941177 0.5 0.25 0.125 0.0 0.0 0.0 0.125 0.0 0.6 0.23333333333333334 0.06666666666666667 0.06666666666666667 0.03333333333333333 shenyanping 10Сʱ_mousemovements
141.70628349999998 0 723.4349873333334 0 0 0 2405.806885 0 0 0 464.735413 1323.6876983333334 0 0 200.0 169.04615766666666 0.0 0.0 0.125 0.375 0.0 0.0 0.125 0.375 201.78000895833335 0 300.216766 0.96 0.0 0.04 0.5 0.0 0.375 0.0 0.0 0.0 0.125 0.0 0.4782608695652174 0.2608695652173913 0.08695652173913043 0.13043478260869565 0.043478260869565216 shenyanping 10Сʱ_mousemovements
336.3167345 0 392.695343 729.4418335 822.040649 0 0 0 0 205.059555 559.160965 0 0 0 648.622528 0 0.0 0.14285714285714285 0.5714285714285714 0.0 0.0 0.0 0.2857142857142857 0.0 179.07986590909093 589.689982 0 0.7857142857142857 0.21428571428571427 0.0 0.2857142857142857 0.0 0.2857142857142857 0.2857142857142857 0.14285714285714285 0.0 0.0 0.0 0.6153846153846154 0.0 0.3076923076923077 0.07692307692307693 0.0 shenyanping 10Сʱ_mousemovements
75.03587512499999 178.29944625 771.914734 661.972107 1977.841064 813.3592020000001 312.662262 1418.2679849999997 123.78394025000001 673.4479996666666 693.8550645 365.077423 169.458481 908.1486108000001 593.124293 79.718285 0.17391304347826086 0.13043478260869565 0.17391304347826086 0.043478260869565216 0.08695652173913043 0.21739130434782608 0.13043478260869565 0.043478260869565216 168.47412557627118 286.9977727142857 111.44270075 0.8428571428571429 0.1 0.05714285714285714 0.34782608695652173 0.17391304347826086 0.043478260869565216 0.08695652173913043 0.043478260869565216 0.13043478260869565 0.043478260869565216 0.13043478260869565 0.59375 0.203125 0.140625 0.0625 0.0 shenyanping 10Сʱ_mousemovements
229.82580625 139.233673 0 0 0 0 899.408325 2803.654541 337.678341 121.9732715 0 2803.654541 899.408325 0 139.233673 0 0.2857142857142857 0.2857142857142857 0.0 0.14285714285714285 0.14285714285714285 0.0 0.14285714285714285 0.0 148.30642922580648 0 82.050229 0.9393939393939394 0.0 0.06060606060606061 0.5714285714285714 0.14285714285714285 0.0 0.0 0.0 0.0 0.14285714285714285 0.14285714285714285 0.41935483870967744 0.3870967741935484 0.03225806451612903 0.12903225806451613 0.03225806451612903 shenyanping 10Сʱ_mousemovements
362.00797339999997 296.3818156666667 404.56527675 0 1172.3310343333333 851.6245425 1695.291748 1143.116516 372.532486 666.6666056666667 1497.62854 188.86822500000002 263.947998 954.08192725 1149.0044146666667 790.338989 0.19047619047619047 0.14285714285714285 0.047619047619047616 0.14285714285714285 0.047619047619047616 0.19047619047619047 0.14285714285714285 0.09523809523809523 164.54877275 393.19696 342.201822 0.8717948717948718 0.01282051282051282 0.11538461538461539 0.23809523809523808 0.14285714285714285 0.19047619047619047 0.0 0.14285714285714285 0.09523809523809523 0.047619047619047616 0.14285714285714285 0.5921052631578947 0.17105263157894737 0.11842105263157894 0.05263157894736842 0.06578947368421052 shenyanping 10Сʱ_mousemovements
612.903198 490.0776263333334 0 0 0 0 0 0 0 612.903198 0 0 274.648834 0 303.200012 892.384033 0.0 0.25 0.0 0.0 0.25 0.0 0.25 0.25 88.54630770588236 0 288.92442300000005 0.8947368421052632 0.0 0.10526315789473684 0.25 0.75 0.0 0.0 0.0 0.0 0.0 0.0 0.8235294117647058 0.0 0.11764705882352941 0.058823529411764705 0.0 shenyanping 10Сʱ_mousemovements
166.7532526363636 361.83182857142856 422.24227579999996 661.3384810000001 1137.3085694 1290.4728132857142 0 1899.3033856666668 477.32819750000004 375.00508260000004 799.8270240909092 388.4453306 388.23671349999995 1027.370296375 371.91432812500005 491.7854151428572 0.07692307692307693 0.09615384615384616 0.21153846153846154 0.09615384615384616 0.07692307692307693 0.15384615384615385 0.15384615384615385 0.1346153846153846 165.3195598707483 313.64924871428565 263.55398968750006 0.8647058823529412 0.041176470588235294 0.09411764705882353 0.4230769230769231 0.1346153846153846 0.09615384615384616 0.057692307692307696 0.09615384615384616 0.1346153846153846 0.0 0.057692307692307696 0.525 0.275 0.1125 0.05 0.0375 shenyanping 10Сʱ_mousemovements
126.68672591666667 329.377823 625.1097259999999 1734.1083835 0 460.224106 430.7572555 1927.12390125 858.0106657499998 57.922760000000004 302.6443405 1791.0568999999998 410.00720171428566 720.079224 699.3279328000001 249.69421133333333 0.13793103448275862 0.06896551724137931 0.13793103448275862 0.10344827586206896 0.2413793103448276 0.034482758620689655 0.1724137931034483 0.10344827586206896 149.7728635 87.49601933333332 313.3177064 0.905982905982906 0.05128205128205128 0.042735042735042736 0.41379310344827586 0.10344827586206896 0.13793103448275862 0.06896551724137931 0.0 0.06896551724137931 0.06896551724137931 0.13793103448275862 0.5047619047619047 0.29523809523809524 0.08571428571428572 0.0761904761904762 0.0380952380952381 shenyanping 10Сʱ_mousemovements
142.34880492857144 230.994614 608.0998995 394.6957855 499.549255 318.336395 1422.402527 2341.567139 1295.7770695000002 667.9676562000001 415.17685425 159.224688 0.646412 209.5822036 258.7225678 212.002228 0.08 0.2 0.16 0.08 0.04 0.2 0.2 0.04 122.13642877922076 35.008371499999996 330.06665033333337 0.9390243902439024 0.024390243902439025 0.036585365853658534 0.56 0.08 0.08 0.08 0.04 0.04 0.08 0.04 0.5142857142857142 0.24285714285714285 0.04285714285714286 0.1 0.1 shenyanping 10Сʱ_mousemovements
65.71134956249999 192.05388000000002 578.3923939999999 0 1399.3429159999998 0 0 762.674805 93.984443 236.56436790909092 980.9012846666666 0 0 175.6282175 542.2182271249999 86.50781675 0.09090909090909091 0.3333333333333333 0.09090909090909091 0.0 0.0 0.12121212121212122 0.24242424242424243 0.12121212121212122 136.93326297499996 36.2639048 77.174622 0.9302325581395349 0.05813953488372093 0.011627906976744186 0.48484848484848486 0.18181818181818182 0.21212121212121213 0.0 0.09090909090909091 0.0 0.0 0.030303030303030304 0.5211267605633803 0.2535211267605634 0.056338028169014086 0.09859154929577464 0.07042253521126761 shenyanping 10Сʱ_mousemovements
227.99114075 370.7893384 397.108124 0 4865.356445 643.70997625 0 0 19.313709 968.148186125 128.4356045 397.108124 282.89764533333334 538.993362 339.9666322 345.74895233333336 0.037037037037037035 0.2962962962962963 0.14814814814814814 0.037037037037037035 0.1111111111111111 0.07407407407407407 0.18518518518518517 0.1111111111111111 123.50841903296703 80.669563 201.9173723 0.8921568627450981 0.00980392156862745 0.09803921568627451 0.5925925925925926 0.18518518518518517 0.037037037037037035 0.0 0.037037037037037035 0.14814814814814814 0.0 0.0 0.5842696629213483 0.20224719101123595 0.06741573033707865 0.11235955056179775 0.033707865168539325 shenyanping 10Сʱ_mousemovements
0 0 0 0 0 0 0 0 0 0 0 0 0 0 0 0 0 0 0 0 0 0 0 0 0 0 0 0 0 0 0 0 0 0 0 0 0 0 0 0 0 0 0 shenyanping 10Сʱ_mousemovements
473.179047 0 0 0 0 0 0 0 473.179047 0 0 0 0 0 0 0 1.0 0.0 0.0 0.0 0.0 0.0 0.0 0.0 236.5895235 0 0 1.0 0.0 0.0 1.0 0.0 0.0 0.0 0.0 0.0 0.0 0.0 1.0 0.0 0.0 0.0 0.0 shenyanping 10Сʱ_mousemovements
0 0 0 0 0 0 0 0 0 0 0 0 0 0 0 0 0 0 0 0 0 0 0 0 0 0 0 0 0 0 0 0 0 0 0 0 0 0 0 0 0 0 0 shenyanping 10Сʱ_mousemovements
0 0 0 0 0 0 0 0 0 0 0 0 0 0 0 0 0 0 0 0 0 0 0 0 0 0 0 0 0 0 0 0 0 0 0 0 0 0 0 0 0 0 0 shenyanping 10Сʱ_mousemovements
0 0 0 0 0 0 0 0 0 0 0 0 0 0 0 0 0 0 0 0 0 0 0 0 0 0 0 0 0 0 0 0 0 0 0 0 0 0 0 0 0 0 0 shenyanping 10Сʱ_mousemovements
0 0 0 0 0 0 0 0 0 0 0 0 0 0 0 0 0 0 0 0 0 0 0 0 0.0 0 0 1.0 0.0 0.0 0 0 0 0 0 0 0 0 1.0 0.0 0.0 0.0 0.0 shenyanping 10Сʱ_mousemovements
0 0 0 0 0 0 0 0 0 0 0 0 0 0 0 0 0 0 0 0 0 0 0 0 0 0 0 0 0 0 0 0 0 0 0 0 0 0 0 0 0 0 0 shenyanping 10Сʱ_mousemovements
0 0 0 0 0 0 0 0 0 0 0 0 0 0 0 0 0 0 0 0 0 0 0 0 0 0 0 0 0 0 0 0 0 0 0 0 0 0 0 0 0 0 0 shenyanping 10Сʱ_mousemovements
0 0 0 0 0 0 0 0 0 0 0 0 0 0 0 0 0 0 0 0 0 0 0 0 0 0 0 0 0 0 0 0 0 0 0 0 0 0 0 0 0 0 0 shenyanping 10Сʱ_mousemovements
236.28727500000002 0 0 0 0 0 0 0 0 0 74.158272 484.01236 150.691193 0 0 0 0.0 0.0 0.3333333333333333 0.3333333333333333 0.3333333333333333 0.0 0.0 0.0 48.401236 0 112.4247325 0.8333333333333334 0.0 0.16666666666666666 1.0 0.0 0.0 0.0 0.0 0.0 0.0 0.0 0.6666666666666666 0.25 0.0 0.08333333333333333 0.0 shenyanping 10Сʱ_mousemovements
