105.83777305882353 282.62986500000005 334.95302833333335 973.520935 0 0 0 0 30.089651 219.40621175 335.39556699999997 328.0090105 176.9188615 58.19450366666666 91.82762749999999 91.71889325000001 0.041666666666666664 0.16666666666666666 0.08333333333333333 0.25 0.08333333333333333 0.125 0.08333333333333333 0.16666666666666666 46.52575329729729 26.867107500000003 161.26739971428574 0.891566265060241 0.024096385542168676 0.08433734939759036 0.7083333333333334 0.125 0.125 0.041666666666666664 0.0 0.0 0.0 0.0 0.45454545454545453 0.30303030303030304 0.10606060606060606 0.10606060606060606 0.030303030303030304 shenyanping 4Сʱ_mousemovements
399.521454 0 0 0 3565.184814 0 0 0 0 0 3565.184814 0 0 0 399.521454 0 0.0 0.0 0.5 0.0 0.0 0.0 0.5 0.0 792.9412536000001 0 0 1.0 0.0 0.0 0.5 0.0 0.0 0.0 0.5 0.0 0.0 0.0 1.0 0.0 0.0 0.0 0.0 shenyanping 4Сʱ_mousemovements
131.57408095 309.70221485714285 351.33489000000003 253.006226 1212.73938 0 2394.4460445 0 92.75491833333335 387.7309485 439.01814871428576 0 84.78831899999999 780.261536 574.610985 65.39829733333333 0.08823529411764706 0.35294117647058826 0.20588235294117646 0.0 0.08823529411764706 0.029411764705882353 0.14705882352941177 0.08823529411764706 81.17666874637682 4.5454545 74.71402433333334 0.9078947368421053 0.013157894736842105 0.07894736842105263 0.5882352941176471 0.20588235294117646 0.08823529411764706 0.029411764705882353 0.029411764705882353 0.0 0.058823529411764705 0.0 0.5285714285714286 0.29285714285714287 0.11428571428571428 0.03571428571428571 0.02857142857142857 shenyanping 4Сʱ_mousemovements
0 0 0 0 0 0 0 0 0 0 0 0 0 0 0 0 0 0 0 0 0 0 0 0 0 0 0 0 0 0 0 0 0 0 0 0 0 0 0 0 0 0 0 shenyanping 4Сʱ_mousemovements
176.3001434 403.8145904 386.4422455 756.878906 0 0 0 0 215.9897155 228.813324 515.3412373333333 211.571228 310.894142 0 136.647354 520.9712525 0.15384615384615385 0.07692307692307693 0.23076923076923078 0.15384615384615385 0.15384615384615385 0.0 0.07692307692307693 0.15384615384615385 104.67688347368421 0 150.87183133333335 0.926829268292683 0.0 0.07317073170731707 0.38461538461538464 0.38461538461538464 0.15384615384615385 0.07692307692307693 0.0 0.0 0.0 0.0 0.5555555555555556 0.16666666666666666 0.16666666666666666 0.0 0.1111111111111111 shenyanping 4Сʱ_mousemovements
0 0 0 0 0 0 0 0 0 0 0 0 0 0 0 0 0 0 0 0 0 0 0 0 0 0 0 0 0 0 0 0 0 0 0 0 0 0 0 0 0 0 0 shenyanping 4Сʱ_mousemovements
239.6499696666667 440.47753150000005 594.49292 911.597595 1909.2306519999997 1297.982483 0 0 594.49292 500.463958 0 1269.9031269999998 585.945923 309.766678 230.01475533333334 845.5890146666667 0.05263157894736842 0.3157894736842105 0.0 0.15789473684210525 0.05263157894736842 0.10526315789473684 0.15789473684210525 0.15789473684210525 216.09598589795917 9.174312 206.89983616666666 0.875 0.017857142857142856 0.10714285714285714 0.47368421052631576 0.21052631578947367 0.05263157894736842 0.05263157894736842 0.10526315789473684 0.10526315789473684 0.0 0.0 0.660377358490566 0.20754716981132076 0.07547169811320754 0.018867924528301886 0.03773584905660377 shenyanping 4Сʱ_mousemovements
179.676035 0 1329.796387 286.455841 0 0 1227.474243 0 0 300.6088255 0 0 1227.474243 1329.796387 0 44.59026 0.0 0.4 0.0 0.0 0.2 0.2 0.0 0.2 179.5020275 0 165.5230505 0.8888888888888888 0.0 0.1111111111111111 0.4 0.0 0.2 0.2 0.0 0.0 0.2 0.0 0.6875 0.125 0.125 0.0625 0.0 shenyanping 4Сʱ_mousemovements
0 0 0 0 0 0 0 0 0 0 0 0 0 0 0 0 0 0 0 0 0 0 0 0 0 0 0 0 0 0 0 0 0 0 0 0 0 0 0 0 0 0 0 shenyanping 4Сʱ_mousemovements
0 0 0 0 0 0 0 0 0 0 0 0 0 0 0 0 0 0 0 0 0 0 0 0 0 0 0 0 0 0 0 0 0 0 0 0 0 0 0 0 0 0 0 shenyanping 4Сʱ_mousemovements
423.03777783333334 270.364063 491.752228 1109.054932 1612.68689 2243.0678559999997 796.0632325 0 0 230.544424 1083.2473415 0 783.004761 1109.054932 535.220598 1540.385671 0.0 0.125 0.25 0.0 0.0625 0.0625 0.3125 0.1875 238.10218433333333 56.941721 610.152405 0.8888888888888888 0.037037037037037035 0.07407407407407407 0.375 0.125 0.0625 0.0625 0.125 0.125 0.125 0.0 0.7083333333333334 0.16666666666666666 0.08333333333333333 0.020833333333333332 0.020833333333333332 shenyanping 4Сʱ_mousemovements
164.21110105263162 402.39980066666664 407.864777 1131.7989195 515.1152853333333 1297.969727 1992.4695636666668 1484.0629275000001 936.7769683999999 324.87945133333335 596.8885653333333 628.487076 455.22877600000004 795.6777366666666 820.0367788333333 212.7537348333333 0.14285714285714285 0.17142857142857143 0.08571428571428572 0.05714285714285714 0.11428571428571428 0.08571428571428572 0.17142857142857143 0.17142857142857143 143.46197720869563 17.122082 357.0243333 0.9126984126984127 0.007936507936507936 0.07936507936507936 0.5428571428571428 0.08571428571428572 0.02857142857142857 0.05714285714285714 0.08571428571428572 0.05714285714285714 0.08571428571428572 0.05714285714285714 0.5583333333333333 0.25833333333333336 0.1 0.058333333333333334 0.025 shenyanping 4Сʱ_mousemovements
0 0 0 0 0 0 0 0 0 0 0 0 0 0 0 0 0 0 0 0 0 0 0 0 0 0 0 0 0 0 0 0 0 0 0 0 0 0 0 0 0 0 0 shenyanping 4Сʱ_mousemovements
0 0 0 0 0 0 0 0 0 0 0 0 0 0 0 0 0 0 0 0 0 0 0 0 0 0 0 0 0 0 0 0 0 0 0 0 0 0 0 0 0 0 0 shenyanping 4Сʱ_mousemovements
0 0 0 0 0 0 0 0 0 0 0 0 0 0 0 0 0 0 0 0 0 0 0 0 0 0 0 0 0 0 0 0 0 0 0 0 0 0 0 0 0 0 0 shenyanping 4Сʱ_mousemovements
0 0 0 0 0 0 0 0 0 0 0 0 0 0 0 0 0 0 0 0 0 0 0 0 0 0 0 0 0 0 0 0 0 0 0 0 0 0 0 0 0 0 0 shenyanping 4Сʱ_mousemovements
0 0 0 0 0 0 0 0 0 0 0 0 0 0 0 0 0 0 0 0 0 0 0 0 0 0 0 0 0 0 0 0 0 0 0 0 0 0 0 0 0 0 0 shenyanping 4Сʱ_mousemovements
276.91369725 0 0 909.1391295 0 422.69519 0 0 343.878235 1092.032837 726.245422 90.953247 40.129215 527.694641 0 0 0.14285714285714285 0.14285714285714285 0.14285714285714285 0.14285714285714285 0.14285714285714285 0.2857142857142857 0.0 0.0 186.0349021111111 0 0 1.0 0.0 0.0 0.5714285714285714 0.0 0.0 0.2857142857142857 0.0 0.14285714285714285 0.0 0.0 0.6666666666666666 0.13333333333333333 0.13333333333333333 0.06666666666666667 0.0 shenyanping 4Сʱ_mousemovements
59.26939533333333 959.522461 0 620.226196 0 0 0 0 0 0 789.8743285 0 77.116669 64.715065 35.976452 0 0.0 0.0 0.4 0.0 0.2 0.2 0.2 0.0 118.34752328571429 0 50.3457585 0.875 0.0 0.125 0.6 0.2 0.0 0.2 0.0 0.0 0.0 0.0 0.6428571428571429 0.14285714285714285 0.07142857142857142 0.14285714285714285 0.0 shenyanping 4Сʱ_mousemovements
529.882599 103.297913 834.480286 1908.652222 1755.808594 0 0 0 180.3375245 1908.652222 0 0 0 1295.14444 802.388062 0 0.3333333333333333 0.16666666666666666 0.0 0.0 0.0 0.3333333333333333 0.16666666666666666 0.0 292.5634894736842 0 103.297913 0.95 0.0 0.05 0.3333333333333333 0.16666666666666666 0.16666666666666666 0.16666666666666666 0.16666666666666666 0.0 0.0 0.0 0.6111111111111112 0.2222222222222222 0.1111111111111111 0.0 0.05555555555555555 shenyanping 4Сʱ_mousemovements
229.69079439130437 576.6448995714285 875.582651 714.9218235000001 601.791504 2732.9940185 3171.5851843333335 2298.54126 692.5649955555556 755.938205 920.2002339999999 639.7549333333333 1042.279618111111 834.117686 1479.392633 189.2699590833333 0.16981132075471697 0.09433962264150944 0.1320754716981132 0.05660377358490566 0.16981132075471697 0.05660377358490566 0.09433962264150944 0.22641509433962265 222.31515487654323 0 244.34122674999998 0.9101123595505618 0.0 0.0898876404494382 0.4339622641509434 0.1320754716981132 0.1509433962264151 0.1509433962264151 0.018867924528301886 0.03773584905660377 0.05660377358490566 0.018867924528301886 0.6287425149700598 0.2155688622754491 0.07784431137724551 0.04790419161676647 0.029940119760479042 shenyanping 4Сʱ_mousemovements
110.13109838461538 618.8259429999999 593.091675 348.809479 627.491516 0 706.846313 0 68.2997615 232.059634 326.75079324999996 314.43019300000003 495.97716233333335 348.809479 127.45576799999999 180.760773 0.21052631578947367 0.10526315789473684 0.21052631578947367 0.10526315789473684 0.15789473684210525 0.05263157894736842 0.10526315789473684 0.05263157894736842 60.047592833333326 0 167.84244725 0.8823529411764706 0.0 0.11764705882352941 0.6842105263157895 0.10526315789473684 0.05263157894736842 0.05263157894736842 0.05263157894736842 0.0 0.05263157894736842 0.0 0.6190476190476191 0.2222222222222222 0.047619047619047616 0.047619047619047616 0.06349206349206349 shenyanping 4Сʱ_mousemovements
0 0 0 0 0 0 0 0 0 0 0 0 0 0 0 0 0 0 0 0 0 0 0 0 0 0 0 0 0 0 0 0 0 0 0 0 0 0 0 0 0 0 0 shenyanping 4Сʱ_mousemovements
205.7728478125 49.094225 835.9164226666667 727.0824990000001 2161.550049 0 0 0 412.91160775 227.31915850000001 179.374023 161.292019 929.241089 397.783235 722.9027896 260.8329315 0.16 0.16 0.04 0.08 0.04 0.16 0.2 0.16 153.05662251562498 49.094225 115.76284600000001 0.927536231884058 0.028985507246376812 0.043478260869565216 0.64 0.08 0.12 0.12 0.04 0.0 0.0 0.0 0.5967741935483871 0.25806451612903225 0.04838709677419355 0.04838709677419355 0.04838709677419355 shenyanping 4Сʱ_mousemovements
308.5300740714286 550.7928525 680.7211765 1198.425781 536.7859903333334 1546.238647 2367.165039 5723.828613 839.5840959999999 1301.3045908888887 219.098312 193.375824 659.8549955 555.193489 368.21368725 307.23447550000003 0.1111111111111111 0.3333333333333333 0.037037037037037035 0.037037037037037035 0.07407407407407407 0.1111111111111111 0.14814814814814814 0.14814814814814814 281.63188377142853 7.142857 121.73522600000001 0.9210526315789473 0.013157894736842105 0.06578947368421052 0.5185185185185185 0.14814814814814814 0.07407407407407407 0.037037037037037035 0.1111111111111111 0.037037037037037035 0.037037037037037035 0.037037037037037035 0.6031746031746031 0.25396825396825395 0.07936507936507936 0.031746031746031744 0.031746031746031744 shenyanping 4Сʱ_mousemovements
130.17791105263154 366.31219160000006 382.4397355 947.8700275000001 1794.606781 1424.1078917999998 1067.8809813333335 3701.963623 560.8914547142857 756.3968236249999 1708.8363708000002 392.55570500000005 247.348852 494.41282700000005 668.0919655 0 0.15555555555555556 0.17777777777777778 0.1111111111111111 0.06666666666666667 0.13333333333333333 0.13333333333333333 0.2222222222222222 0.0 222.05422168595044 98.40560157142856 363.70593722222225 0.8832116788321168 0.051094890510948905 0.06569343065693431 0.4222222222222222 0.1111111111111111 0.08888888888888889 0.08888888888888889 0.08888888888888889 0.1111111111111111 0.06666666666666667 0.022222222222222223 0.6554621848739496 0.16806722689075632 0.13445378151260504 0.03361344537815126 0.008403361344537815 shenyanping 4Сʱ_mousemovements
71.59077083333334 399.47433716666666 476.52465825 0 1099.207642 2092.0625 0 911.276245 1617.3840945000002 188.21260750000002 126.550232 457.0674745 1077.8809709999998 521.1973800000001 158.40186183333333 222.489487 0.07692307692307693 0.3076923076923077 0.07692307692307693 0.07692307692307693 0.11538461538461539 0.07692307692307693 0.23076923076923078 0.038461538461538464 141.16600332 89.09495366666665 83.6512805 0.8928571428571429 0.03571428571428571 0.07142857142857142 0.46153846153846156 0.23076923076923078 0.15384615384615385 0.0 0.038461538461538464 0.07692307692307693 0.0 0.038461538461538464 0.5540540540540541 0.28378378378378377 0.12162162162162163 0.02702702702702703 0.013513513513513514 shenyanping 4Сʱ_mousemovements
0 0 0 0 0 0 0 0 0 0 0 0 0 0 0 0 0 0 0 0 0 0 0 0 0 0 0 0 0 0 0 0 0 0 0 0 0 0 0 0 0 0 0 shenyanping 4Сʱ_mousemovements
249.9837418333333 632.9797421999999 417.874664 1279.1591596666665 1066.205933 3076.878418 0 1642.2853189999998 1015.741745 521.6365814000001 1825.3403624999999 0 670.1370507500001 1025.874466 1156.9570615 64.516129 0.22727272727272727 0.22727272727272727 0.09090909090909091 0.0 0.18181818181818182 0.13636363636363635 0.09090909090909091 0.045454545454545456 311.98812243333333 95.40599333333334 156.22296133333336 0.9090909090909091 0.045454545454545456 0.045454545454545456 0.2727272727272727 0.22727272727272727 0.09090909090909091 0.13636363636363635 0.09090909090909091 0.045454545454545456 0.0 0.13636363636363635 0.6551724137931034 0.13793103448275862 0.08620689655172414 0.08620689655172414 0.034482758620689655 shenyanping 4Сʱ_mousemovements
349.0833526 263.7228775 508.96996033333335 896.1860603333333 0 0 1948.4890745 0 1107.6142883333334 450.70040866666676 0 923.359507 237.79827899999998 658.85977925 473.9374643333333 76.427406 0.15 0.15 0.0 0.15 0.1 0.2 0.15 0.1 243.29837889583334 227.328079 112.537613 0.9411764705882353 0.0196078431372549 0.0392156862745098 0.5 0.1 0.15 0.15 0.0 0.0 0.1 0.0 0.5869565217391305 0.2608695652173913 0.06521739130434782 0.043478260869565216 0.043478260869565216 shenyanping 4Сʱ_mousemovements
325.6333363333333 363.664948 863.2763723333334 0 0 0 1157.365601 0 1469.836243 0 147.154739 608.1629946666667 0 0 62.5 113.943466 0.25 0.0 0.125 0.375 0.0 0.0 0.125 0.125 290.62381976470584 147.154739 0 0.9444444444444444 0.05555555555555555 0.0 0.375 0.125 0.375 0.0 0.0 0.0 0.125 0.0 0.5714285714285714 0.2857142857142857 0.14285714285714285 0.0 0.0 shenyanping 4Сʱ_mousemovements
367.32895322222225 335.75647 1267.022583 0 2454.655762 0 0 0 0 1485.9940185 0 0 0 619.711403 387.09677899999997 284.59204675 0.0 0.16666666666666666 0.0 0.0 0.0 0.3333333333333333 0.16666666666666666 0.3333333333333333 271.8058265555555 0 24.638077 0.9642857142857143 0.0 0.03571428571428571 0.75 0.08333333333333333 0.08333333333333333 0.0 0.08333333333333333 0.0 0.0 0.0 0.6956521739130435 0.21739130434782608 0.0 0.043478260869565216 0.043478260869565216 shenyanping 4Сʱ_mousemovements
0 0 0 0 0 0 0 0 0 0 0 0 0 0 0 0 0 0 0 0 0 0 0 0 0 0 0 0 0 0 0 0 0 0 0 0 0 0 0 0 0 0 0 shenyanping 4Сʱ_mousemovements
0 0 0 0 0 0 0 0 0 0 0 0 0 0 0 0 0 0 0 0 0 0 0 0 0 0 0 0 0 0 0 0 0 0 0 0 0 0 0 0 0 0 0 shenyanping 4Сʱ_mousemovements
398.28783999999996 955.321228 0 0 0 1164.4513550000001 0 0 0 1059.668823 822.045715 0 1269.233887 955.321228 17.97909 354.838715 0.0 0.16666666666666666 0.16666666666666666 0.0 0.16666666666666666 0.16666666666666666 0.16666666666666666 0.16666666666666666 318.6505977142857 0 17.97909 0.9333333333333333 0.0 0.06666666666666667 0.5 0.16666666666666666 0.0 0.0 0.0 0.3333333333333333 0.0 0.0 0.5833333333333334 0.16666666666666666 0.25 0.0 0.0 shenyanping 4Сʱ_mousemovements
258.7085013076923 388.7984136666667 440.919117 722.4736836666667 0 1449.127563 0 0 291.3455735 565.209674 528.3970335 661.006714 432.931854 292.2872525 275.4939804 468.938034 0.08333333333333333 0.20833333333333334 0.08333333333333333 0.041666666666666664 0.125 0.16666666666666666 0.20833333333333334 0.08333333333333333 142.86175616666668 19.447021 153.83597066666667 0.9428571428571428 0.014285714285714285 0.04285714285714286 0.5416666666666666 0.125 0.16666666666666666 0.125 0.0 0.041666666666666664 0.0 0.0 0.5 0.28125 0.09375 0.078125 0.046875 shenyanping 4Сʱ_mousemovements
299.7346015909091 492.505591 519.7786103333334 637.8115236666666 2011.5589295 2170.530273 0 0 408.5556976000001 550.64068975 755.2099548 90.5211925 390.74777380000006 682.0679933333333 733.50411325 316.00491342857146 0.1282051282051282 0.10256410256410256 0.1282051282051282 0.05128205128205128 0.1282051282051282 0.07692307692307693 0.20512820512820512 0.1794871794871795 165.45926623008847 21.276596 223.46712499999998 0.9338842975206612 0.008264462809917356 0.05785123966942149 0.5641025641025641 0.1282051282051282 0.15384615384615385 0.07692307692307693 0.05128205128205128 0.02564102564102564 0.0 0.0 0.6548672566371682 0.19469026548672566 0.07079646017699115 0.04424778761061947 0.035398230088495575 shenyanping 4Сʱ_mousemovements
261.9412327692308 828.8935698333333 477.588145 782.715027 0 1836.069458 3254.765625 0 1006.279017 1181.1239676666667 557.2024955 43.209179 31.914894 446.75442485714285 948.5424373333334 406.9729005 0.12 0.12 0.16 0.04 0.08 0.28 0.12 0.08 232.50405460000002 27.459953 181.56282933333333 0.9420289855072463 0.014492753623188406 0.043478260869565216 0.52 0.24 0.12 0.04 0.0 0.04 0.04 0.0 0.5692307692307692 0.24615384615384617 0.13846153846153847 0.0 0.046153846153846156 shenyanping 4Сʱ_mousemovements
0.0 0 0 719.9353945 0 0 0 1940.893799 0.0 647.457947 0 0 0 0 1366.6533205 0 0.25 0.25 0.0 0.0 0.0 0.0 0.5 0.0 422.5955735 0 0 1.0 0.0 0.0 0.25 0.0 0.0 0.5 0.0 0.0 0.0 0.25 0.5 0.16666666666666666 0.3333333333333333 0.0 0.0 shenyanping 4Сʱ_mousemovements
355.04011022222227 507.53671299999996 747.5943602 0 955.7230426666666 0 0 501.957581 388.24101766666666 871.7038229999999 185.94371 1021.547485 1173.3320615 395.2608185 267.4022116666667 412.042023 0.14285714285714285 0.19047619047619047 0.047619047619047616 0.047619047619047616 0.09523809523809523 0.19047619047619047 0.14285714285714285 0.14285714285714285 183.23312082456138 146.904114 308.46941 0.9193548387096774 0.016129032258064516 0.06451612903225806 0.42857142857142855 0.14285714285714285 0.23809523809523808 0.0 0.14285714285714285 0.0 0.0 0.047619047619047616 0.5961538461538461 0.3269230769230769 0.07692307692307693 0.0 0.0 shenyanping 4Сʱ_mousemovements
0 0 0 0 0 0 0 0 0 0 0 0 0 0 0 0 0 0 0 0 0 0 0 0 0 0 0 0 0 0 0 0 0 0 0 0 0 0 0 0 0 0 0 shenyanping 4Сʱ_mousemovements
0 0 0 0 0 0 0 0 0 0 0 0 0 0 0 0 0 0 0 0 0 0 0 0 0 0 0 0 0 0 0 0 0 0 0 0 0 0 0 0 0 0 0 shenyanping 4Сʱ_mousemovements
495.16602642857146 0 1106.887675 574.974365 0 1983.09729 0 0 0 1228.13588325 1511.893677 0 172.107956 0 574.4002685 399.8877905 0.0 0.3333333333333333 0.08333333333333333 0.0 0.08333333333333333 0.0 0.16666666666666666 0.3333333333333333 274.8499077941176 0 0 1.0 0.0 0.0 0.5833333333333334 0.0 0.25 0.08333333333333333 0.0 0.08333333333333333 0.0 0.0 0.625 0.21875 0.09375 0.03125 0.03125 shenyanping 4Сʱ_mousemovements
46.375435 0 0 0 549.540588 0 1654.9746095 0 0 1613.675781 0 0 46.375435 1696.273438 549.540588 0 0.0 0.25 0.0 0.0 0.25 0.25 0.25 0.0 390.5865242 0 0 1.0 0.0 0.0 0.25 0.0 0.0 0.0 0.25 0.0 0.5 0.0 0.125 0.75 0.0 0.0 0.125 shenyanping 4Сʱ_mousemovements
0 0 0 0 0 0 0 0 0 0 0 0 0 0 0 0 0 0 0 0 0 0 0 0 0 0 0 0 0 0 0 0 0 0 0 0 0 0 0 0 0 0 0 shenyanping 4Сʱ_mousemovements
202.9079875909091 504.9848817999999 721.2380676666667 376.859009 1977.983887 1560.624512 0 4553.153809 932.3984040000001 416.72815533333323 1238.57573425 98.94467549999999 281.315071 402.252533 306.8867984 188.16902925 0.14705882352941177 0.2647058823529412 0.11764705882352941 0.058823529411764705 0.058823529411764705 0.08823529411764706 0.14705882352941177 0.11764705882352941 198.10674484883722 6.4617070000000005 142.78302125000002 0.9347826086956522 0.021739130434782608 0.043478260869565216 0.6470588235294118 0.14705882352941177 0.08823529411764706 0.029411764705882353 0.029411764705882353 0.029411764705882353 0.0 0.029411764705882353 0.6071428571428571 0.27380952380952384 0.047619047619047616 0.03571428571428571 0.03571428571428571 shenyanping 4Сʱ_mousemovements
225.34655231818178 493.42113025000003 514.6183201111111 1114.6744324 689.005066 458.725372 1288.456009 995.9408492499999 479.04755380000006 566.6631718749999 857.1816672499999 335.5927306 251.05228271428572 600.5248902000001 727.9576142857142 465.3291356153846 0.08620689655172414 0.13793103448275862 0.13793103448275862 0.08620689655172414 0.1206896551724138 0.08620689655172414 0.1206896551724138 0.22413793103448276 143.8885018 65.7242225 356.6546777368421 0.8900523560209425 0.010471204188481676 0.09947643979057591 0.3793103448275862 0.20689655172413793 0.15517241379310345 0.08620689655172414 0.017241379310344827 0.017241379310344827 0.06896551724137931 0.06896551724137931 0.5714285714285714 0.21142857142857144 0.13714285714285715 0.04 0.04 shenyanping 4Сʱ_mousemovements
121.13991567857144 350.7757351428571 575.4708785 1025.1649883333332 834.2285969999999 0 3972.508789 0 376.6328735 801.62134425 791.840701 399.99237274999996 210.90980850000003 474.78665724999996 299.95725355555555 207.10238933333332 0.037037037037037035 0.14814814814814814 0.14814814814814814 0.14814814814814814 0.1111111111111111 0.07407407407407407 0.16666666666666666 0.16666666666666666 122.20473373529408 7.7718695 191.510257 0.8900523560209425 0.010471204188481676 0.09947643979057591 0.5185185185185185 0.12962962962962962 0.1111111111111111 0.1111111111111111 0.1111111111111111 0.0 0.018518518518518517 0.0 0.5580110497237569 0.22099447513812154 0.11049723756906077 0.06077348066298342 0.049723756906077346 shenyanping 4Сʱ_mousemovements
117.32456860000002 267.945856 639.507744 758.568909 1040.638092 0 2661.4415894999997 884.947876 264.0709305 225.67163325 135.8452133333333 326.6628016 647.5761516666666 154.60933699999998 868.1570434999999 868.2795868333334 0.058823529411764705 0.11764705882352941 0.17647058823529413 0.14705882352941177 0.08823529411764706 0.058823529411764705 0.17647058823529413 0.17647058823529413 98.0704821151079 0.0 182.3739736875 0.8910256410256411 0.00641025641025641 0.10256410256410256 0.4411764705882353 0.23529411764705882 0.11764705882352941 0.029411764705882353 0.08823529411764706 0.0 0.058823529411764705 0.029411764705882353 0.5714285714285714 0.21768707482993196 0.12244897959183673 0.04081632653061224 0.047619047619047616 shenyanping 4Сʱ_mousemovements
104.67123499999998 312.78182975000004 396.76768999999996 626.434424 1205.3613486666668 897.51123025 1123.085307 700.832031 220.4314 292.760641125 549.4223201666667 193.27630422222222 409.27029085714287 168.0548155 408.3838228181819 494.96036730769237 0.06666666666666667 0.13333333333333333 0.1 0.15 0.11666666666666667 0.03333333333333333 0.18333333333333332 0.21666666666666667 78.62038567647059 9.623804666666667 233.00882870370373 0.8607594936708861 0.02531645569620253 0.11392405063291139 0.48333333333333334 0.2 0.05 0.08333333333333333 0.05 0.06666666666666667 0.05 0.016666666666666666 0.6322869955156951 0.19730941704035873 0.09417040358744394 0.03587443946188341 0.04035874439461883 shenyanping 4Сʱ_mousemovements
135.41712731578946 382.29450144444445 890.957318 465.04976400000004 1065.564087 511.8197175 2438.292969 1130.3192339999998 452.890592 301.944885 1230.6477153333333 436.14626857142855 389.3930375714286 777.7098984 24.700106 256.3970665 0.13953488372093023 0.046511627906976744 0.06976744186046512 0.16279069767441862 0.16279069767441862 0.11627906976744186 0.023255813953488372 0.27906976744186046 106.26172586486487 354.609075 199.42689026666667 0.891566265060241 0.018072289156626505 0.09036144578313253 0.4418604651162791 0.20930232558139536 0.11627906976744186 0.06976744186046512 0.023255813953488372 0.046511627906976744 0.023255813953488372 0.06976744186046512 0.6178343949044586 0.1592356687898089 0.10828025477707007 0.07006369426751592 0.044585987261146494 shenyanping 4Сʱ_mousemovements
111.6650004375 211.7640611666667 206.10582 360.025696 774.20751975 0 0 0 190.72192560000002 206.10582 451.225708 305.10318459999996 171.39166724999998 283.0730224 439.846085 37.96980775 0.17857142857142858 0.03571428571428571 0.07142857142857142 0.17857142857142858 0.14285714285714285 0.17857142857142858 0.07142857142857142 0.14285714285714285 60.76031987640453 7.092198 118.67502745454544 0.8811881188118812 0.009900990099009901 0.10891089108910891 0.5714285714285714 0.21428571428571427 0.03571428571428571 0.03571428571428571 0.14285714285714285 0.0 0.0 0.0 0.6111111111111112 0.16666666666666666 0.1111111111111111 0.06666666666666667 0.044444444444444446 shenyanping 4Сʱ_mousemovements
306.69471662499996 261.0985616666667 727.44043 408.874695 497.97879 422.917297 3827.256104 1195.82666 1188.8476166 1133.581871 366.2142636666667 210.9686386 386.12078925000003 60.150391 295.5825334 50.711533 0.19230769230769232 0.07692307692307693 0.11538461538461539 0.19230769230769232 0.15384615384615385 0.038461538461538464 0.19230769230769232 0.038461538461538464 181.8929820606061 74.9506495 223.88457366666663 0.8918918918918919 0.02702702702702703 0.08108108108108109 0.6153846153846154 0.11538461538461539 0.07692307692307693 0.038461538461538464 0.038461538461538464 0.038461538461538464 0.038461538461538464 0.038461538461538464 0.7014925373134329 0.1044776119402985 0.08955223880597014 0.05970149253731343 0.04477611940298507 shenyanping 4Сʱ_mousemovements
0 0 0 0 0 0 0 1418.570435 0 1418.570435 0 0 0 0 0 0 0.0 1.0 0.0 0.0 0.0 0.0 0.0 0.0 202.6529192857143 0 0 1.0 0.0 0.0 0.0 0.0 0.0 0.0 0.0 0.0 0.0 1.0 0.75 0.0 0.25 0.0 0.0 shenyanping 4Сʱ_mousemovements
239.62471133333332 621.1998900000001 779.62171175 1492.8371990000003 604.5518393333333 814.595825 0 0 1024.4396033333335 825.753235 313.040863 182.4430175 806.258785 583.536957 311.7248305 486.8658525 0.2727272727272727 0.045454545454545456 0.045454545454545456 0.09090909090909091 0.09090909090909091 0.09090909090909091 0.18181818181818182 0.18181818181818182 210.79044533333334 5.656854 193.1063082 0.8955223880597015 0.029850746268656716 0.07462686567164178 0.4090909090909091 0.09090909090909091 0.18181818181818182 0.13636363636363635 0.13636363636363635 0.045454545454545456 0.0 0.0 0.609375 0.203125 0.125 0.046875 0.015625 shenyanping 4Сʱ_mousemovements
88.388351 127.06016149999999 247.869751 0 1682.4363405 0 0 0 0 1845.86438 0 842.63311 0 88.388351 167.86607750000002 0 0.0 0.16666666666666666 0.0 0.3333333333333333 0.0 0.16666666666666666 0.3333333333333333 0.0 203.13300188235297 247.869751 127.06016149999999 0.85 0.05 0.1 0.16666666666666666 0.3333333333333333 0.16666666666666666 0.0 0.3333333333333333 0.0 0.0 0.0 0.6111111111111112 0.1111111111111111 0.1111111111111111 0.1111111111111111 0.05555555555555555 shenyanping 4Сʱ_mousemovements
323.19183733333335 365.616211 540.9381306666667 0 1641.931519 0 0 0 205.515358 860.9556583333333 0 0 469.05661 641.377543 129.590458 288.861511 0.16666666666666666 0.25 0.0 0.0 0.08333333333333333 0.25 0.16666666666666666 0.08333333333333333 247.29705654166665 0 0 1.0 0.0 0.0 0.5 0.16666666666666666 0.25 0.0 0.08333333333333333 0.0 0.0 0.0 0.3181818181818182 0.5 0.13636363636363635 0.0 0.045454545454545456 shenyanping 4Сʱ_mousemovements
294.4287736666667 287.424164 1014.554626 1005.156799 0 3422.480957 0 0 708.7368164999999 1411.0180280000002 0 239.1070405 0 0 62.5 121.63294966666668 0.2857142857142857 0.2857142857142857 0.0 0.14285714285714285 0.0 0.0 0.07142857142857142 0.21428571428571427 197.53043745652175 0 99.41072833333334 0.9387755102040817 0.0 0.061224489795918366 0.6428571428571429 0.07142857142857142 0.07142857142857142 0.14285714285714285 0.0 0.07142857142857142 0.0 0.0 0.7380952380952381 0.2619047619047619 0.0 0.0 0.0 shenyanping 4Сʱ_mousemovements
0 0 0 2599.159912 0 0 0 0 0 0 0 2599.159912 0 0 0 0 0.0 0.0 0.0 1.0 0.0 0.0 0.0 0.0 1299.579956 0 0 1.0 0.0 0.0 0.0 0.0 0.0 1.0 0.0 0.0 0.0 0.0 1.0 0.0 0.0 0.0 0.0 shenyanping 4Сʱ_mousemovements
144.99366515789475 218.111832 0 1082.705078 471.4209595 0 534.763672 665.656067 484.153778 188.0075694 336.4258575 308.1612622 192.1733285 0 172.1390845 272.4078446 0.038461538461538464 0.19230769230769232 0.07692307692307693 0.19230769230769232 0.07692307692307693 0.0 0.23076923076923078 0.19230769230769232 44.60454679761905 9.852217 190.031135 0.8484848484848485 0.010101010101010102 0.1414141414141414 0.7307692307692307 0.07692307692307693 0.0 0.038461538461538464 0.07692307692307693 0.0 0.038461538461538464 0.038461538461538464 0.6785714285714286 0.17857142857142858 0.047619047619047616 0.07142857142857142 0.023809523809523808 shenyanping 4Сʱ_mousemovements
