235.97275066666668 629.8324686666666 548.904968 0 0 0 0 0 0 548.904968 524.50946 0 46.924522 682.493973 0 330.496865 0.0 0.14285714285714285 0.14285714285714285 0.0 0.14285714285714285 0.2857142857142857 0.0 0.2857142857142857 156.2854488 0 20.61165 0.9523809523809523 0.0 0.047619047619047616 0.42857142857142855 0.42857142857142855 0.14285714285714285 0.0 0.0 0.0 0.0 0.0 0.45 0.4 0.1 0.05 0.0 dongzhenyu 8Сʱ_mousemovements
0 0 0 0 0 0 0 0 0 0 0 0 0 0 0 0 0 0 0 0 0 0 0 0 0 0 0 0 0 0 0 0 0 0 0 0 0 0 0 0 0 0 0 dongzhenyu 8Сʱ_mousemovements
82.282898 0 0 0 0 0 516.873657 0 0 0 0 0 0 0 41.116753 320.16134999999997 0.0 0.0 0.0 0.0 0.0 0.0 0.3333333333333333 0.6666666666666666 1.7876849130434784 0 320.16134999999997 0.92 0.0 0.08 0.6666666666666666 0.0 0.0 0.0 0.0 0.0 0.3333333333333333 0.0 0.7619047619047619 0.09523809523809523 0.09523809523809523 0.047619047619047616 0.0 dongzhenyu 8Сʱ_mousemovements
96.23157412500001 0 0 1213.215576 0 0 0 1080.589722 21.276596 0 56.025467 389.98962025 0 1213.215576 0 71.06059033333334 0.1 0.0 0.1 0.4 0.0 0.1 0.0 0.3 58.56200659999999 0 326.69942325 0.8823529411764706 0.0 0.11764705882352941 0.8 0.0 0.0 0.1 0.0 0.0 0.0 0.1 0.71875 0.21875 0.03125 0.03125 0.0 dongzhenyu 8Сʱ_mousemovements
0 0 0 0 0 0 0 0 0 0 0 0 0 0 0 0 0 0 0 0 0 0 0 0 0 0 0 0 0 0 0 0 0 0 0 0 0 0 0 0 0 0 0 dongzhenyu 8Сʱ_mousemovements
37.6602565 1788.519653 0 0 0 0 0 853.996582 0 900.670083 0 853.996582 62.5 0 0 0 0.0 0.5 0.0 0.25 0.25 0.0 0.0 0.0 154.25163775000001 12.820513 853.996582 0.8571428571428571 0.07142857142857142 0.07142857142857142 0.5 0.25 0.0 0.0 0.0 0.0 0.0 0.25 0.9090909090909091 0.0 0.0 0.0 0.09090909090909091 dongzhenyu 8Сʱ_mousemovements
69.319244 0 0 0 0 0 0 0 0 69.319244 0 0 0 0 0 0 0.0 1.0 0.0 0.0 0.0 0.0 0.0 0.0 34.659622 0 0 1.0 0.0 0.0 1.0 0.0 0.0 0.0 0.0 0.0 0.0 0.0 0.0 1.0 0.0 0.0 0.0 dongzhenyu 8Сʱ_mousemovements
69.788163 0 447.58551 0 0 0 0 0 0 0 0 87.759879 15.873015 0 0 447.58551 0.0 0.0 0.0 0.6 0.2 0.0 0.0 0.2 0.8818341666666667 14.285714 232.19314433333332 0.8181818181818182 0.045454545454545456 0.13636363636363635 0.8 0.0 0.2 0.0 0.0 0.0 0.0 0.0 0.7777777777777778 0.1111111111111111 0.05555555555555555 0.05555555555555555 0.0 dongzhenyu 8Сʱ_mousemovements
196.6860161666667 200.162155 543.190735 0 0 648.402283 0 0 446.24350000000004 46.660767 0 458.66156 148.70338700000002 0 269.290222 0 0.2222222222222222 0.1111111111111111 0.0 0.2222222222222222 0.3333333333333333 0.0 0.1111111111111111 0.0 18.74504506060606 0 279.0406832857143 0.825 0.0 0.175 0.6666666666666666 0.1111111111111111 0.1111111111111111 0.0 0.0 0.1111111111111111 0.0 0.0 0.7027027027027027 0.16216216216216217 0.08108108108108109 0.02702702702702703 0.02702702702702703 dongzhenyu 8Сʱ_mousemovements
159.15700133333334 0 801.6783445000001 641.997925 874.164185 0 0 0 951.7385865000001 0 0 0 333.094467 143.985199 441.6692485 0 0.2857142857142857 0.0 0.0 0.0 0.2857142857142857 0.14285714285714285 0.2857142857142857 0.0 115.31839599999999 9.174312 619.346517 0.7894736842105263 0.05263157894736842 0.15789473684210525 0.42857142857142855 0.0 0.2857142857142857 0.14285714285714285 0.14285714285714285 0.0 0.0 0.0 0.7222222222222222 0.1111111111111111 0.1111111111111111 0.05555555555555555 0.0 dongzhenyu 8Сʱ_mousemovements
158.0204734 275.493652 0 339.17848200000003 0 712.1348875 880.3291935 0 0 0 0 750.4947510000001 53.333332 88.270943 145.269239 547.98020175 0.0 0.0 0.0 0.25 0.16666666666666666 0.08333333333333333 0.16666666666666666 0.3333333333333333 44.381135382352944 15.044826 567.4796193333333 0.8292682926829268 0.024390243902439025 0.14634146341463414 0.4166666666666667 0.08333333333333333 0.0 0.16666666666666666 0.0 0.16666666666666666 0.16666666666666666 0.0 0.6153846153846154 0.10256410256410256 0.05128205128205128 0.1282051282051282 0.10256410256410256 dongzhenyu 8Сʱ_mousemovements
15.178533 308.880951 364.513885 0 913.442444 0 0 0 0 364.513885 913.442444 22.809896 0 0 158.2140605 0 0.0 0.2 0.2 0.2 0.0 0.0 0.4 0.0 58.20587595238095 22.809896 186.0305275 0.875 0.041666666666666664 0.08333333333333333 0.4 0.2 0.2 0.0 0.2 0.0 0.0 0.0 0.6842105263157895 0.10526315789473684 0.15789473684210525 0.05263157894736842 0.0 dongzhenyu 8Сʱ_mousemovements
243.19779499999999 0 0 0 737.281067 0 0 0 260.570557 50.119156 490.756042 310.125549 104.417671 0 737.281067 0 0.16666666666666666 0.16666666666666666 0.16666666666666666 0.16666666666666666 0.16666666666666666 0.0 0.16666666666666666 0.0 99.92962305555554 0 77.2684135 0.9 0.0 0.1 0.8333333333333334 0.0 0.0 0.0 0.16666666666666666 0.0 0.0 0.0 0.6666666666666666 0.16666666666666666 0.05555555555555555 0.1111111111111111 0.0 dongzhenyu 8Сʱ_mousemovements
76.63788875 187.384674 0 0 0 0 596.576904 0 0 0 596.576904 0 107.60653166666667 19.23077 0 151.885864 0.0 0.0 0.16666666666666666 0.0 0.5 0.16666666666666666 0.0 0.16666666666666666 8.59253838888889 0 311.9491473333333 0.8571428571428571 0.0 0.14285714285714285 0.6666666666666666 0.16666666666666666 0.0 0.0 0.0 0.0 0.16666666666666666 0.0 0.47368421052631576 0.3684210526315789 0.05263157894736842 0.10526315789473684 0.0 dongzhenyu 8Сʱ_mousemovements
0 0 0 0 0 0 0 0 0 0 0 0 0 0 0 0 0 0 0 0 0 0 0 0 0 0 0 0 0 0 0 0 0 0 0 0 0 0 0 0 0 0 0 dongzhenyu 8Сʱ_mousemovements
216.741665 0 737.239685 0 891.051208 1080.21582 1305.062134 0 737.239685 0 0 1098.056671 0 87.543938 345.939392 1080.21582 0.16666666666666666 0.0 0.0 0.3333333333333333 0.0 0.16666666666666666 0.16666666666666666 0.16666666666666666 117.92868042857143 87.543938 902.835571 0.7777777777777778 0.05555555555555555 0.16666666666666666 0.3333333333333333 0.0 0.16666666666666666 0.0 0.16666666666666666 0.16666666666666666 0.16666666666666666 0.0 0.7333333333333333 0.06666666666666667 0.2 0.0 0.0 dongzhenyu 8Сʱ_mousemovements
31.746031 0 0 0 0 0 786.14563 1363.999023 0 0 0 786.14563 0 0 31.746031 1363.999023 0.0 0.0 0.0 0.3333333333333333 0.0 0.0 0.3333333333333333 0.3333333333333333 2.645502583333333 0 1075.0723265000001 0.8571428571428571 0.0 0.14285714285714285 0.3333333333333333 0.0 0.0 0.0 0.0 0.0 0.3333333333333333 0.3333333333333333 0.75 0.08333333333333333 0.08333333333333333 0.0 0.08333333333333333 dongzhenyu 8Сʱ_mousemovements
145.131278875 0 354.0052035 2235.0696716666666 766.765076 0 0 0 245.1488075 38.46154 812.1814575000001 335.211395 241.379813 0 2725.3821049999997 187.5 0.2857142857142857 0.07142857142857142 0.14285714285714285 0.07142857142857142 0.21428571428571427 0.0 0.14285714285714285 0.07142857142857142 286.2980620344828 18.19685733333333 196.7600716 0.7837837837837838 0.08108108108108109 0.13513513513513514 0.5714285714285714 0.0 0.14285714285714285 0.21428571428571427 0.07142857142857142 0.0 0.0 0.0 0.7222222222222222 0.1388888888888889 0.08333333333333333 0.027777777777777776 0.027777777777777776 dongzhenyu 8Сʱ_mousemovements
90.85179225000002 0 0 570.978516 0 0 0 429.701996 94.902168 429.701996 0 0 104.4926324 226.65858475 54.838708999999994 27.522936 0.07142857142857142 0.07142857142857142 0.0 0.0 0.35714285714285715 0.2857142857142857 0.14285714285714285 0.07142857142857142 26.79354875806452 0 429.701996 0.9841269841269841 0.0 0.015873015873015872 0.8571428571428571 0.0 0.0 0.07142857142857142 0.0 0.0 0.0 0.07142857142857142 0.5357142857142857 0.25 0.10714285714285714 0.05357142857142857 0.05357142857142857 dongzhenyu 8Сʱ_mousemovements
74.0725762 2678.530518 361.510376 0 0 930.613525 0 950.4320220000001 937.098877 76.604622 0 509.500938 173.2974245 10.101525 564.1924622 388.176666 0.13333333333333333 0.13333333333333333 0.0 0.13333333333333333 0.13333333333333333 0.06666666666666667 0.3333333333333333 0.06666666666666667 125.36426618181818 14.4747725 266.816742 0.88 0.04 0.08 0.6666666666666666 0.06666666666666667 0.06666666666666667 0.0 0.0 0.06666666666666667 0.0 0.13333333333333333 0.7446808510638298 0.0851063829787234 0.1276595744680851 0.02127659574468085 0.02127659574468085 dongzhenyu 8Сʱ_mousemovements
0 0 0 0 0 0 0 0 0 0 0 0 0 0 0 0 0 0 0 0 0 0 0 0 0 0 0 0 0 0 0 0 0 0 0 0 0 0 0 0 0 0 0 dongzhenyu 8Сʱ_mousemovements
188.93325449999998 0 0 0 0 0 1522.325684 1189.557861 1522.325684 0 0 87.543938 739.940216 0 0 0 0.25 0.0 0.0 0.25 0.5 0.0 0.0 0.0 302.10804249999995 87.543938 1189.557861 0.75 0.125 0.125 0.5 0.0 0.0 0.0 0.0 0.0 0.25 0.25 0.6666666666666666 0.0 0.16666666666666666 0.16666666666666666 0.0 dongzhenyu 8Сʱ_mousemovements
0 0 0 0 0 0 0 0 0 0 0 0 0 0 0 0 0 0 0 0 0 0 0 0 0 0 0 0 0 0 0 0 0 0 0 0 0 0 0 0 0 0 0 dongzhenyu 8Сʱ_mousemovements
0 0 0 0 0 0 0 0 0 0 0 0 0 0 0 0 0 0 0 0 0 0 0 0 0 0 0 0 0 0 0 0 0 0 0 0 0 0 0 0 0 0 0 dongzhenyu 8Сʱ_mousemovements
0 0 0 0 0 0 0 0 0 0 0 0 0 0 0 0 0 0 0 0 0 0 0 0 0 0 0 0 0 0 0 0 0 0 0 0 0 0 0 0 0 0 0 dongzhenyu 8Сʱ_mousemovements
0 0 0 0 0 0 0 0 0 0 0 0 0 0 0 0 0 0 0 0 0 0 0 0 0 0 0 0 0 0 0 0 0 0 0 0 0 0 0 0 0 0 0 dongzhenyu 8Сʱ_mousemovements
0 0 0 0 0 0 0 0 0 0 0 0 0 0 0 0 0 0 0 0 0 0 0 0 0 0 0 0 0 0 0 0 0 0 0 0 0 0 0 0 0 0 0 dongzhenyu 8Сʱ_mousemovements
0 0 0 0 0 0 0 0 0 0 0 0 0 0 0 0 0 0 0 0 0 0 0 0 0 0 0 0 0 0 0 0 0 0 0 0 0 0 0 0 0 0 0 dongzhenyu 8Сʱ_mousemovements
0 0 0 0 0 0 0 0 0 0 0 0 0 0 0 0 0 0 0 0 0 0 0 0 0 0 0 0 0 0 0 0 0 0 0 0 0 0 0 0 0 0 0 dongzhenyu 8Сʱ_mousemovements
0 0 0 0 0 0 0 0 0 0 0 0 0 0 0 0 0 0 0 0 0 0 0 0 0 0 0 0 0 0 0 0 0 0 0 0 0 0 0 0 0 0 0 dongzhenyu 8Сʱ_mousemovements
0 0 0 0 0 0 0 0 0 0 0 0 0 0 0 0 0 0 0 0 0 0 0 0 0 0 0 0 0 0 0 0 0 0 0 0 0 0 0 0 0 0 0 dongzhenyu 8Сʱ_mousemovements
0 0 0 0 0 0 0 0 0 0 0 0 0 0 0 0 0 0 0 0 0 0 0 0 0 0 0 0 0 0 0 0 0 0 0 0 0 0 0 0 0 0 0 dongzhenyu 8Сʱ_mousemovements
0 0 0 0 0 0 0 0 0 0 0 0 0 0 0 0 0 0 0 0 0 0 0 0 0 0 0 0 0 0 0 0 0 0 0 0 0 0 0 0 0 0 0 dongzhenyu 8Сʱ_mousemovements
0 0 0 0 0 0 0 0 0 0 0 0 0 0 0 0 0 0 0 0 0 0 0 0 0 0 0 0 0 0 0 0 0 0 0 0 0 0 0 0 0 0 0 dongzhenyu 8Сʱ_mousemovements
108.35357933333331 0 589.987488 0 568.264221 1798.568115 0 828.264648 568.264221 0 0 0 344.597285 0 589.987488 959.050823 0.14285714285714285 0.0 0.0 0.0 0.42857142857142855 0.0 0.14285714285714285 0.2857142857142857 62.01959017241379 0 385.2628491666667 0.8285714285714286 0.0 0.17142857142857143 0.42857142857142855 0.0 0.14285714285714285 0.0 0.14285714285714285 0.14285714285714285 0.0 0.14285714285714285 0.6451612903225806 0.0967741935483871 0.12903225806451613 0.06451612903225806 0.06451612903225806 dongzhenyu 8Сʱ_mousemovements
71.8896905 388.99406450000004 0 0 611.373047 892.131897 0 0 401.54541 0 611.373047 0 228.196156 0 0 477.9808425 0.16666666666666666 0.0 0.16666666666666666 0.0 0.3333333333333333 0.0 0.0 0.3333333333333333 21.675920833333333 0 476.2625885 0.8571428571428571 0.0 0.14285714285714285 0.3333333333333333 0.3333333333333333 0.0 0.0 0.16666666666666666 0.16666666666666666 0.0 0.0 0.72 0.12 0.04 0.08 0.04 dongzhenyu 8Сʱ_mousemovements
0 0 0 0 0 0 0 0 0 0 0 0 0 0 0 0 0 0 0 0 0 0 0 0 0 0 0 0 0 0 0 0 0 0 0 0 0 0 0 0 0 0 0 dongzhenyu 8Сʱ_mousemovements
0 0 0 0 0 0 0 0 0 0 0 0 0 0 0 0 0 0 0 0 0 0 0 0 0 0 0 0 0 0 0 0 0 0 0 0 0 0 0 0 0 0 0 dongzhenyu 8Сʱ_mousemovements
0 0 0 0 0 0 0 0 0 0 0 0 0 0 0 0 0 0 0 0 0 0 0 0 0 0 0 0 0 0 0 0 0 0 0 0 0 0 0 0 0 0 0 dongzhenyu 8Сʱ_mousemovements
0 0 0 0 0 0 0 0 0 0 0 0 0 0 0 0 0 0 0 0 0 0 0 0 0 0 0 0 0 0 0 0 0 0 0 0 0 0 0 0 0 0 0 dongzhenyu 8Сʱ_mousemovements
46.662755 377.862793 0 0 0 0 0 0 0 0 0 377.862793 5.813953 125.0 9.174312 0 0.0 0.0 0.0 0.25 0.25 0.25 0.25 0.0 38.68175330769231 9.174312 5.813953 0.8666666666666667 0.06666666666666667 0.06666666666666667 0.75 0.25 0.0 0.0 0.0 0.0 0.0 0.0 0.8333333333333334 0.08333333333333333 0.0 0.0 0.08333333333333333 dongzhenyu 8Сʱ_mousemovements
88.0 128.037262 322.3813175 481.811066 0 384.124481 0 0 0 0 0 384.124481 481.811066 0 219.927521 213.62412533333335 0.0 0.0 0.0 0.16666666666666666 0.16666666666666666 0.0 0.16666666666666666 0.5 16.759149 0 192.8207296666667 0.85 0.0 0.15 0.16666666666666666 0.16666666666666666 0.3333333333333333 0.16666666666666666 0.0 0.16666666666666666 0.0 0.0 0.7647058823529411 0.058823529411764705 0.0 0.11764705882352941 0.058823529411764705 dongzhenyu 8Сʱ_mousemovements
133.333328 0 0 0 0 0 0 0 0 0 0 0 133.333328 0 0 0 0.0 0.0 0.0 0.0 1.0 0.0 0.0 0.0 12.121211636363636 0 0 1.0 0.0 0.0 1.0 0.0 0.0 0.0 0.0 0.0 0.0 0.0 0.75 0.25 0.0 0.0 0.0 dongzhenyu 8Сʱ_mousemovements
0 174.781464 390.98909000000003 405.98483250000004 0 0 0 0 0 0 423.415314 0 393.544174 0 174.781464 383.444183 0.0 0.0 0.2 0.0 0.4 0.0 0.2 0.2 42.466289315789474 0 240.467453 0.8260869565217391 0.0 0.17391304347826086 0.0 0.2 0.4 0.4 0.0 0.0 0.0 0.0 0.6 0.15 0.05 0.15 0.05 dongzhenyu 8Сʱ_mousemovements
0 0 0 0 0 0 0 0 0 0 0 0 0 0 0 0 0 0 0 0 0 0 0 0 0 0 0 0 0 0 0 0 0 0 0 0 0 0 0 0 0 0 0 dongzhenyu 8Сʱ_mousemovements
0 0 445.525482 0 0 0 0 0 445.525482 0 0 0 0 0 0 0 1.0 0.0 0.0 0.0 0.0 0.0 0.0 0.0 0.0 0 445.525482 0.75 0.0 0.25 0.0 0.0 1.0 0.0 0.0 0.0 0.0 0.0 0.6666666666666666 0.0 0.3333333333333333 0.0 0.0 dongzhenyu 8Сʱ_mousemovements
0 0 0 0 0 0 0 0 0 0 0 0 0 0 0 0 0 0 0 0 0 0 0 0 0 0 0 0 0 0 0 0 0 0 0 0 0 0 0 0 0 0 0 dongzhenyu 8Сʱ_mousemovements
0 0 0 0 0 0 0 0 0 0 0 0 0 0 0 0 0 0 0 0 0 0 0 0 0 0 0 0 0 0 0 0 0 0 0 0 0 0 0 0 0 0 0 dongzhenyu 8Сʱ_mousemovements
62.5 279.937408 0 0 0 0 0 0 0 0 0 0 171.218704 0 0 0 0.0 0.0 0.0 0.0 1.0 0.0 0.0 0.0 15.625 0 279.937408 0.8 0.0 0.2 0.5 0.5 0.0 0.0 0.0 0.0 0.0 0.0 0.75 0.0 0.25 0.0 0.0 dongzhenyu 8Сʱ_mousemovements
109.5528635 2250.156738 913.707489 0 705.512756 0 0 2135.055908 0 705.512756 2250.156738 804.479187 0 0 2135.055908 414.01383933333335 0.0 0.14285714285714285 0.14285714285714285 0.14285714285714285 0.0 0.0 0.14285714285714285 0.42857142857142855 345.1459791111111 0 308.206161 0.8571428571428571 0.0 0.14285714285714285 0.2857142857142857 0.14285714285714285 0.2857142857142857 0.0 0.14285714285714285 0.0 0.0 0.14285714285714285 0.6 0.25 0.0 0.15 0.0 dongzhenyu 8Сʱ_mousemovements
0 0 0 0 0 0 0 0 0 0 0 0 0 0 0 0 0 0 0 0 0 0 0 0 0 0 0 0 0 0 0 0 0 0 0 0 0 0 0 0 0 0 0 dongzhenyu 8Сʱ_mousemovements
0 0 0 0 0 0 0 0 0 0 0 0 0 0 0 0 0 0 0 0 0 0 0 0 0 0 0 0 0 0 0 0 0 0 0 0 0 0 0 0 0 0 0 dongzhenyu 8Сʱ_mousemovements
0 0 0 0 0 0 0 0 0 0 0 0 0 0 0 0 0 0 0 0 0 0 0 0 0 0 0 0 0 0 0 0 0 0 0 0 0 0 0 0 0 0 0 dongzhenyu 8Сʱ_mousemovements
1219.100342 3196.143799 0 0 0 0 0 0 0 0 0 0 0 1219.100342 3196.143799 0 0.0 0.0 0.0 0.0 0.0 0.5 0.5 0.0 1103.81103525 0 0 1.0 0.0 0.0 0.5 0.5 0.0 0.0 0.0 0.0 0.0 0.0 1.0 0.0 0.0 0.0 0.0 dongzhenyu 8Сʱ_mousemovements
0 3252.42749 0 0 0 0 0 0 0 0 0 0 0 3252.42749 0 0 0.0 0.0 0.0 0.0 0.0 1.0 0.0 0.0 1626.213745 0 0 1.0 0.0 0.0 0.0 1.0 0.0 0.0 0.0 0.0 0.0 0.0 1.0 0.0 0.0 0.0 0.0 dongzhenyu 8Сʱ_mousemovements
0 0 0 0 0 0 0 0 0 0 0 0 0 0 0 0 0 0 0 0 0 0 0 0 0 0 0 0 0 0 0 0 0 0 0 0 0 0 0 0 0 0 0 dongzhenyu 8Сʱ_mousemovements
0 0 0 0 0 0 0 0 0 0 0 0 0 0 0 0 0 0 0 0 0 0 0 0 0 0 0 0 0 0 0 0 0 0 0 0 0 0 0 0 0 0 0 dongzhenyu 8Сʱ_mousemovements
0 0 0 0 0 0 0 0 0 0 0 0 0 0 0 0 0 0 0 0 0 0 0 0 0 0 0 0 0 0 0 0 0 0 0 0 0 0 0 0 0 0 0 dongzhenyu 8Сʱ_mousemovements
0 0 0 0 0 0 0 0 0 0 0 0 0 0 0 0 0 0 0 0 0 0 0 0 0 0 0 0 0 0 0 0 0 0 0 0 0 0 0 0 0 0 0 dongzhenyu 8Сʱ_mousemovements
0 0 0 0 0 0 0 0 0 0 0 0 0 0 0 0 0 0 0 0 0 0 0 0 0 0 0 0 0 0 0 0 0 0 0 0 0 0 0 0 0 0 0 dongzhenyu 8Сʱ_mousemovements
0 0 0 0 0 0 0 0 0 0 0 0 0 0 0 0 0 0 0 0 0 0 0 0 0 0 0 0 0 0 0 0 0 0 0 0 0 0 0 0 0 0 0 dongzhenyu 8Сʱ_mousemovements
0 0 0 0 0 0 0 0 0 0 0 0 0 0 0 0 0 0 0 0 0 0 0 0 0 0 0 0 0 0 0 0 0 0 0 0 0 0 0 0 0 0 0 dongzhenyu 8Сʱ_mousemovements
0 0 0 0 0 0 0 0 0 0 0 0 0 0 0 0 0 0 0 0 0 0 0 0 0 0 0 0 0 0 0 0 0 0 0 0 0 0 0 0 0 0 0 dongzhenyu 8Сʱ_mousemovements
29.809520000000003 0 832.3270110000001 2280.555908 0 0 1014.263916 751.151886 645.333435 0 0 1127.135193 856.970337 0 15.873015 916.3164949999999 0.125 0.0 0.0 0.25 0.125 0.0 0.125 0.375 190.08040127272727 0 584.9069575 0.8461538461538461 0.0 0.15384615384615385 0.25 0.0 0.25 0.125 0.0 0.0 0.125 0.25 0.75 0.1 0.05 0.05 0.05 dongzhenyu 8Сʱ_mousemovements
101.987213 602.835083 361.948273 0 0 0 0 0 0 0 0 0 188.64089966666666 0 0 602.835083 0.0 0.0 0.0 0.0 0.75 0.0 0.0 0.25 92.823665625 64.220184 361.948273 0.8 0.1 0.1 0.5 0.25 0.25 0.0 0.0 0.0 0.0 0.0 0.625 0.25 0.0 0.125 0.0 dongzhenyu 8Сʱ_mousemovements
0 0 0 0 0 0 0 0 0 0 0 0 0 0 0 0 0 0 0 0 0 0 0 0 0 0 0 0 0 0 0 0 0 0 0 0 0 0 0 0 0 0 0 dongzhenyu 8Сʱ_mousemovements
0 0 0 0 0 0 0 0 0 0 0 0 0 0 0 0 0 0 0 0 0 0 0 0 0 0 0 0 0 0 0 0 0 0 0 0 0 0 0 0 0 0 0 dongzhenyu 8Сʱ_mousemovements
0 0 0 0 0 0 0 0 0 0 0 0 0 0 0 0 0 0 0 0 0 0 0 0 0 0 0 0 0 0 0 0 0 0 0 0 0 0 0 0 0 0 0 dongzhenyu 8Сʱ_mousemovements
83.65328966666667 0 0 0 0 832.404358 0 0 0 0 0 94.930641 145.39093 0 0 421.521328 0.0 0.0 0.0 0.25 0.25 0.0 0.0 0.5 83.2404358 10.638298 120.1607855 0.7692307692307693 0.07692307692307693 0.15384615384615385 0.75 0.0 0.0 0.0 0.0 0.25 0.0 0.0 0.5384615384615384 0.15384615384615385 0.07692307692307693 0.23076923076923078 0.0 dongzhenyu 8Сʱ_mousemovements
90.46999925 0 283.009857 0 0 0 0 0 283.009857 0 0 128.64727399999998 62.5 0 0 42.085449 0.2 0.0 0.0 0.4 0.2 0.0 0.0 0.2 2.840909090909091 0 145.5974635 0.8461538461538461 0.0 0.15384615384615385 0.8 0.0 0.2 0.0 0.0 0.0 0.0 0.0 0.6 0.2 0.12 0.08 0.0 dongzhenyu 8Сʱ_mousemovements
167.731439 240.45047749999998 0 450.981659 0 443.594574 0 0 443.594574 0 0 0 0 386.812012 127.8525935 238.016281 0.16666666666666666 0.0 0.0 0.0 0.0 0.3333333333333333 0.3333333333333333 0.16666666666666666 47.8898086875 12.820513 310.62753799999996 0.8 0.05 0.15 0.3333333333333333 0.3333333333333333 0.0 0.16666666666666666 0.0 0.16666666666666666 0.0 0.0 0.75 0.0625 0.0625 0.125 0.0 dongzhenyu 8Сʱ_mousemovements
0 0 0 0 0 0 0 0 0 0 0 0 0 0 0 0 0 0 0 0 0 0 0 0 0 0 0 0 0 0 0 0 0 0 0 0 0 0 0 0 0 0 0 dongzhenyu 8Сʱ_mousemovements
0 0 0 0 0 0 0 0 0 0 0 0 0 0 0 0 0 0 0 0 0 0 0 0 0 0 0 0 0 0 0 0 0 0 0 0 0 0 0 0 0 0 0 dongzhenyu 8Сʱ_mousemovements
0 0 0 0 0 0 0 0 0 0 0 0 0 0 0 0 0 0 0 0 0 0 0 0 0 0 0 0 0 0 0 0 0 0 0 0 0 0 0 0 0 0 0 dongzhenyu 8Сʱ_mousemovements
0 0 0 0 0 0 0 0 0 0 0 0 0 0 0 0 0 0 0 0 0 0 0 0 0 0 0 0 0 0 0 0 0 0 0 0 0 0 0 0 0 0 0 dongzhenyu 8Сʱ_mousemovements
0 0 0 0 0 0 0 0 0 0 0 0 0 0 0 0 0 0 0 0 0 0 0 0 0 0 0 0 0 0 0 0 0 0 0 0 0 0 0 0 0 0 0 dongzhenyu 8Сʱ_mousemovements
0 0 0 0 0 0 0 0 0 0 0 0 0 0 0 0 0 0 0 0 0 0 0 0 0 0 0 0 0 0 0 0 0 0 0 0 0 0 0 0 0 0 0 dongzhenyu 8Сʱ_mousemovements
0 0 0 0 0 0 0 0 0 0 0 0 0 0 0 0 0 0 0 0 0 0 0 0 0 0 0 0 0 0 0 0 0 0 0 0 0 0 0 0 0 0 0 dongzhenyu 8Сʱ_mousemovements
0 0 0 0 0 0 0 0 0 0 0 0 0 0 0 0 0 0 0 0 0 0 0 0 0 0 0 0 0 0 0 0 0 0 0 0 0 0 0 0 0 0 0 dongzhenyu 8Сʱ_mousemovements
0 0 0 0 0 0 0 0 0 0 0 0 0 0 0 0 0 0 0 0 0 0 0 0 0 0 0 0 0 0 0 0 0 0 0 0 0 0 0 0 0 0 0 dongzhenyu 8Сʱ_mousemovements
0 0 0 0 0 0 0 0 0 0 0 0 0 0 0 0 0 0 0 0 0 0 0 0 0 0 0 0 0 0 0 0 0 0 0 0 0 0 0 0 0 0 0 dongzhenyu 8Сʱ_mousemovements
0 0 0 0 0 0 0 0 0 0 0 0 0 0 0 0 0 0 0 0 0 0 0 0 0 0 0 0 0 0 0 0 0 0 0 0 0 0 0 0 0 0 0 dongzhenyu 8Сʱ_mousemovements
0 0 0 0 0 0 0 0 0 0 0 0 0 0 0 0 0 0 0 0 0 0 0 0 0 0 0 0 0 0 0 0 0 0 0 0 0 0 0 0 0 0 0 dongzhenyu 8Сʱ_mousemovements
0 0 0 0 0 0 0 0 0 0 0 0 0 0 0 0 0 0 0 0 0 0 0 0 0 0 0 0 0 0 0 0 0 0 0 0 0 0 0 0 0 0 0 dongzhenyu 8Сʱ_mousemovements
0 0 0 0 0 0 0 0 0 0 0 0 0 0 0 0 0 0 0 0 0 0 0 0 0 0 0 0 0 0 0 0 0 0 0 0 0 0 0 0 0 0 0 dongzhenyu 8Сʱ_mousemovements
0 0 0 0 0 0 0 0 0 0 0 0 0 0 0 0 0 0 0 0 0 0 0 0 0 0 0 0 0 0 0 0 0 0 0 0 0 0 0 0 0 0 0 dongzhenyu 8Сʱ_mousemovements
0 0 0 0 0 0 0 0 0 0 0 0 0 0 0 0 0 0 0 0 0 0 0 0 0 0 0 0 0 0 0 0 0 0 0 0 0 0 0 0 0 0 0 dongzhenyu 8Сʱ_mousemovements
0 0 0 0 0 0 0 0 0 0 0 0 0 0 0 0 0 0 0 0 0 0 0 0 0 0 0 0 0 0 0 0 0 0 0 0 0 0 0 0 0 0 0 dongzhenyu 8Сʱ_mousemovements
0 0 0 0 0 0 0 0 0 0 0 0 0 0 0 0 0 0 0 0 0 0 0 0 0 0 0 0 0 0 0 0 0 0 0 0 0 0 0 0 0 0 0 dongzhenyu 8Сʱ_mousemovements
0 0 0 0 0 0 0 0 0 0 0 0 0 0 0 0 0 0 0 0 0 0 0 0 0 0 0 0 0 0 0 0 0 0 0 0 0 0 0 0 0 0 0 dongzhenyu 8Сʱ_mousemovements
0 0 0 0 0 0 0 0 0 0 0 0 0 0 0 0 0 0 0 0 0 0 0 0 0 0 0 0 0 0 0 0 0 0 0 0 0 0 0 0 0 0 0 dongzhenyu 8Сʱ_mousemovements
0 0 0 0 0 0 0 0 0 0 0 0 0 0 0 0 0 0 0 0 0 0 0 0 0 0 0 0 0 0 0 0 0 0 0 0 0 0 0 0 0 0 0 dongzhenyu 8Сʱ_mousemovements
0 0 0 0 0 0 0 0 0 0 0 0 0 0 0 0 0 0 0 0 0 0 0 0 0 0 0 0 0 0 0 0 0 0 0 0 0 0 0 0 0 0 0 dongzhenyu 8Сʱ_mousemovements
0 0 0 0 0 0 0 0 0 0 0 0 0 0 0 0 0 0 0 0 0 0 0 0 0 0 0 0 0 0 0 0 0 0 0 0 0 0 0 0 0 0 0 dongzhenyu 8Сʱ_mousemovements
0 0 0 0 0 0 0 0 0 0 0 0 0 0 0 0 0 0 0 0 0 0 0 0 0 0 0 0 0 0 0 0 0 0 0 0 0 0 0 0 0 0 0 dongzhenyu 8Сʱ_mousemovements
0 0 0 0 0 0 0 0 0 0 0 0 0 0 0 0 0 0 0 0 0 0 0 0 0 0 0 0 0 0 0 0 0 0 0 0 0 0 0 0 0 0 0 dongzhenyu 8Сʱ_mousemovements
0 0 0 0 0 0 0 0 0 0 0 0 0 0 0 0 0 0 0 0 0 0 0 0 0 0 0 0 0 0 0 0 0 0 0 0 0 0 0 0 0 0 0 dongzhenyu 8Сʱ_mousemovements
0 0 0 0 0 0 0 0 0 0 0 0 0 0 0 0 0 0 0 0 0 0 0 0 0 0 0 0 0 0 0 0 0 0 0 0 0 0 0 0 0 0 0 dongzhenyu 8Сʱ_mousemovements
0 0 0 0 0 0 0 0 0 0 0 0 0 0 0 0 0 0 0 0 0 0 0 0 0 0 0 0 0 0 0 0 0 0 0 0 0 0 0 0 0 0 0 dongzhenyu 8Сʱ_mousemovements
0 0 0 0 0 0 0 0 0 0 0 0 0 0 0 0 0 0 0 0 0 0 0 0 0 0 0 0 0 0 0 0 0 0 0 0 0 0 0 0 0 0 0 dongzhenyu 8Сʱ_mousemovements
0 0 0 0 0 0 0 0 0 0 0 0 0 0 0 0 0 0 0 0 0 0 0 0 0 0 0 0 0 0 0 0 0 0 0 0 0 0 0 0 0 0 0 dongzhenyu 8Сʱ_mousemovements
0 0 0 0 0 0 0 0 0 0 0 0 0 0 0 0 0 0 0 0 0 0 0 0 0 0 0 0 0 0 0 0 0 0 0 0 0 0 0 0 0 0 0 dongzhenyu 8Сʱ_mousemovements
0 0 0 0 0 0 0 0 0 0 0 0 0 0 0 0 0 0 0 0 0 0 0 0 0 0 0 0 0 0 0 0 0 0 0 0 0 0 0 0 0 0 0 dongzhenyu 8Сʱ_mousemovements
0 0 0 0 0 0 0 0 0 0 0 0 0 0 0 0 0 0 0 0 0 0 0 0 0 0 0 0 0 0 0 0 0 0 0 0 0 0 0 0 0 0 0 dongzhenyu 8Сʱ_mousemovements
0 0 0 0 0 0 0 0 0 0 0 0 0 0 0 0 0 0 0 0 0 0 0 0 0 0 0 0 0 0 0 0 0 0 0 0 0 0 0 0 0 0 0 dongzhenyu 8Сʱ_mousemovements
0.0 0 0 0 0 0 0 0 0 0 0 0 0 0 0 0.0 0.0 0.0 0.0 0.0 0.0 0.0 0.0 1.0 0.0 0 0 1.0 0.0 0.0 1.0 0.0 0.0 0.0 0.0 0.0 0.0 0.0 0.6666666666666666 0.3333333333333333 0.0 0.0 0.0 dongzhenyu 8Сʱ_mousemovements
0 0 0 0 0 0 0 0 0 0 0 0 0 0 0 0 0 0 0 0 0 0 0 0 0 0 0 0 0 0 0 0 0 0 0 0 0 0 0 0 0 0 0 dongzhenyu 8Сʱ_mousemovements
51.6147155 0 435.26707450000004 0 0 0 738.988159 0 73.263618 501.480438 0 22.447834 197.34736850000002 738.988159 85.106384 0 0.14285714285714285 0.14285714285714285 0.0 0.14285714285714285 0.2857142857142857 0.14285714285714285 0.14285714285714285 0.0 114.32268344444444 24.04443 738.988159 0.75 0.16666666666666666 0.08333333333333333 0.5714285714285714 0.0 0.2857142857142857 0.0 0.0 0.0 0.14285714285714285 0.0 0.45454545454545453 0.2727272727272727 0.18181818181818182 0.0 0.09090909090909091 dongzhenyu 8Сʱ_mousemovements
70.46991 204.07126225 473.1014 0 0 411.1547646666667 1069.690399 0 151.980728 210.9953535 650.180115 475.7254485 241.821583 168.2972605 282.013397 823.84021 0.07142857142857142 0.14285714285714285 0.07142857142857142 0.14285714285714285 0.14285714285714285 0.14285714285714285 0.07142857142857142 0.21428571428571427 58.0277920652174 0 342.23285844444445 0.8363636363636363 0.0 0.16363636363636364 0.14285714285714285 0.2857142857142857 0.21428571428571427 0.0 0.0 0.21428571428571427 0.14285714285714285 0.0 0.6086956521739131 0.08695652173913043 0.15217391304347827 0.10869565217391304 0.043478260869565216 dongzhenyu 8Сʱ_mousemovements
24.570968 0 0 796.923462 0 0 1552.738892 0 0 36.321423 0 1552.738892 0 0 0 404.8719875 0.0 0.25 0.0 0.25 0.0 0.0 0.0 0.5 196.87357225000002 36.321423 0 0.9230769230769231 0.07692307692307693 0.0 0.5 0.0 0.0 0.25 0.0 0.0 0.25 0.0 0.4166666666666667 0.08333333333333333 0.4166666666666667 0.08333333333333333 0.0 dongzhenyu 8Сʱ_mousemovements
75.3217735 0 302.156525 488.9934695 0 0 0 0 302.156525 92.780678 0 469.918427 0 508.068512 0 57.862869 0.2 0.2 0.0 0.2 0.0 0.2 0.0 0.2 0.0 0 238.46450183333332 0.7857142857142857 0.0 0.21428571428571427 0.4 0.0 0.2 0.4 0.0 0.0 0.0 0.0 0.7692307692307693 0.038461538461538464 0.038461538461538464 0.11538461538461539 0.038461538461538464 dongzhenyu 8Сʱ_mousemovements
0.0 0 0 0 0 767.734985 1059.603149 0 0 767.734985 0 0 0 0 1059.603149 0.0 0.0 0.3333333333333333 0.0 0.0 0.0 0.0 0.3333333333333333 0.3333333333333333 0.0 0 913.669067 0.8 0.0 0.2 0.3333333333333333 0.0 0.0 0.0 0.0 0.3333333333333333 0.3333333333333333 0.0 0.5555555555555556 0.1111111111111111 0.1111111111111111 0.2222222222222222 0.0 dongzhenyu 8Сʱ_mousemovements
45.362053 0 0 0 0 0 0 0 0 45.362053 0 0 0 0 0 0 0.0 1.0 0.0 0.0 0.0 0.0 0.0 0.0 15.120684333333335 0 0 1.0 0.0 0.0 1.0 0.0 0.0 0.0 0.0 0.0 0.0 0.0 0.5 0.0 0.5 0.0 0.0 dongzhenyu 8Сʱ_mousemovements
103.69539119999999 0 0 295.989075 0 0 0 752.422363 0 134.53076166666665 109.9604305 752.422363 109.02394366666665 86.368935 147.9945375 0 0.0 0.25 0.16666666666666666 0.08333333333333333 0.25 0.08333333333333333 0.16666666666666666 0.0 40.737996124999995 10.752688 385.498393 0.9142857142857143 0.02857142857142857 0.05714285714285714 0.8333333333333334 0.0 0.0 0.08333333333333333 0.0 0.0 0.0 0.08333333333333333 0.6 0.3 0.06666666666666667 0.03333333333333333 0.0 dongzhenyu 8Сʱ_mousemovements
60.002387625000004 340.71982375000005 125.361588 222.214828 387.641296 925.723694 0 1847.793579 63.433151 208.095909 125.361588 950.0535479999999 68.020309 132.8296234 464.6412065 117.51767050000001 0.058823529411764705 0.11764705882352941 0.058823529411764705 0.17647058823529413 0.058823529411764705 0.29411764705882354 0.11764705882352941 0.11764705882352941 72.35145504838711 0 108.230396 0.8857142857142857 0.0 0.11428571428571428 0.47058823529411764 0.23529411764705882 0.058823529411764705 0.058823529411764705 0.058823529411764705 0.058823529411764705 0.0 0.058823529411764705 0.576271186440678 0.22033898305084745 0.11864406779661017 0.06779661016949153 0.01694915254237288 dongzhenyu 8Сʱ_mousemovements
135.03917166666668 0 393.176712 0 0 757.076477 0 0 0 0 577.6938325 0 388.042236 0 42.553192 181.2821615 0.0 0.0 0.3333333333333333 0.0 0.16666666666666666 0.0 0.16666666666666666 0.3333333333333333 79.85476344444444 0 255.580837 0.9 0.0 0.1 0.5 0.0 0.3333333333333333 0.0 0.0 0.16666666666666666 0.0 0.0 0.7058823529411765 0.11764705882352941 0.058823529411764705 0.11764705882352941 0.0 dongzhenyu 8Сʱ_mousemovements
138.50524416666664 3720.663574 562.774582 805.190002 338.01944000000003 0 545.5162505 1252.751343 1540.0448276666666 374.53664399999997 638.652344 0 30.872287 427.71939100000003 57.735628 83.749527 0.14285714285714285 0.2857142857142857 0.047619047619047616 0.0 0.09523809523809523 0.2857142857142857 0.09523809523809523 0.047619047619047616 165.24186775438596 15.458920500000001 294.52803033333333 0.9193548387096774 0.03225806451612903 0.04838709677419355 0.5714285714285714 0.047619047619047616 0.09523809523809523 0.047619047619047616 0.09523809523809523 0.0 0.09523809523809523 0.047619047619047616 0.5789473684210527 0.19298245614035087 0.15789473684210525 0.017543859649122806 0.05263157894736842 dongzhenyu 8Сʱ_mousemovements
121.11887210526315 469.20793912500005 368.0301026 0 402.813538 0 0 0 206.43687425000002 344.45869360000006 89.90927500000001 455.02174140000005 32.258064 115.06291725 232.47866644444446 236.70006033333334 0.12121212121212122 0.15151515151515152 0.06060606060606061 0.15151515151515152 0.030303030303030304 0.12121212121212122 0.2727272727272727 0.09090909090909091 63.631357340425524 21.448180999999998 206.6947438181818 0.8785046728971962 0.018691588785046728 0.102803738317757 0.5757575757575758 0.24242424242424243 0.15151515151515152 0.0 0.030303030303030304 0.0 0.0 0.0 0.46938775510204084 0.3469387755102041 0.11224489795918367 0.061224489795918366 0.01020408163265306 dongzhenyu 8Сʱ_mousemovements
113.7278694 0 30.079109 0 479.952026 0 0 0 102.2541928 110.1492235 479.952026 51.748093 44.554455 0 15.873015 148.708696 0.29411764705882354 0.11764705882352941 0.058823529411764705 0.058823529411764705 0.058823529411764705 0.0 0.058823529411764705 0.35294117647058826 24.297849169230766 22.522305333333335 71.127758 0.8552631578947368 0.039473684210526314 0.10526315789473684 0.8823529411764706 0.0 0.058823529411764705 0.0 0.058823529411764705 0.0 0.0 0.0 0.4925373134328358 0.29850746268656714 0.05970149253731343 0.1044776119402985 0.04477611940298507 dongzhenyu 8Сʱ_mousemovements
0 0 0 0 0 0 0 0 0 0 0 0 0 0 0 0 0 0 0 0 0 0 0 0 0 0 0 0 0 0 0 0 0 0 0 0 0 0 0 0 0 0 0 dongzhenyu 8Сʱ_mousemovements
