55.8399785 0 722.2604983333334 0 420.44104 4684.225098 728.219971 2045.043701 235.50851725 4684.225098 0 632.546021 953.03272 1140.567871 9.6 0 0.36363636363636365 0.09090909090909091 0.0 0.09090909090909091 0.2727272727272727 0.09090909090909091 0.09090909090909091 0.0 203.5731233695652 9.6 223.526886 0.9019607843137255 0.0196078431372549 0.0784313725490196 0.36363636363636365 0.0 0.2727272727272727 0.0 0.09090909090909091 0.09090909090909091 0.09090909090909091 0.09090909090909091 0.4418604651162791 0.32558139534883723 0.09302325581395349 0.06976744186046512 0.06976744186046512 chenyu 10Сʱ_mousemovements
163.60101933333334 579.7182923333334 583.2470705 502.152374 485.924805 1231.444946 2785.141113 0 1231.444946 487.73756325 502.152374 0 2785.141113 644.8575135 54.976768 293.3674165 0.08333333333333333 0.3333333333333333 0.08333333333333333 0.0 0.08333333333333333 0.16666666666666666 0.08333333333333333 0.16666666666666666 190.55193405 0 194.759488 0.9090909090909091 0.0 0.09090909090909091 0.25 0.25 0.16666666666666666 0.08333333333333333 0.08333333333333333 0.08333333333333333 0.08333333333333333 0.0 0.34210526315789475 0.2631578947368421 0.23684210526315788 0.10526315789473684 0.05263157894736842 chenyu 10Сʱ_mousemovements
207.4202345 417.243103 0 0 0 0 0 0 207.4202345 0 0 417.243103 0 0 0 0 0.6666666666666666 0.0 0.0 0.3333333333333333 0.0 0.0 0.0 0.0 69.34029766666667 0 0 1.0 0.0 0.0 0.6666666666666666 0.3333333333333333 0.0 0.0 0.0 0.0 0.0 0.0 0.7142857142857143 0.14285714285714285 0.0 0.0 0.14285714285714285 chenyu 10Сʱ_mousemovements
301.401036 1097.643555 0 0 1605.626953 0 1238.255737 1808.844604 1576.516296 922.8720509999999 77.586044 0 522.366821 868.379326 62.5 1097.643555 0.2 0.2 0.1 0.0 0.1 0.2 0.1 0.1 261.9593134333333 0 212.284121 0.9090909090909091 0.0 0.09090909090909091 0.5 0.1 0.0 0.0 0.1 0.0 0.2 0.1 0.44 0.24 0.16 0.12 0.04 chenyu 10Сʱ_mousemovements
336.399017 838.1839295 0 1231.514893 0 0 0 0 670.922292 0 0 0 1231.514893 0 0 0 0.75 0.0 0.0 0.0 0.25 0.0 0.0 0.0 270.35681408333335 0 0 1.0 0.0 0.0 0.25 0.5 0.0 0.25 0.0 0.0 0.0 0.0 0.7142857142857143 0.14285714285714285 0.14285714285714285 0.0 0.0 chenyu 10Сʱ_mousemovements
492.8498456666666 0 2002.143311 0 0 0 0 0 804.0261474 0 0 0 469.555824 0 0 0 0.7142857142857143 0.0 0.0 0.0 0.2857142857142857 0.0 0.0 0.0 275.5134658333333 0 0 1.0 0.0 0.0 0.8571428571428571 0.0 0.14285714285714285 0.0 0.0 0.0 0.0 0.0 0.75 0.0 0.0 0.16666666666666666 0.08333333333333333 chenyu 10Сʱ_mousemovements
119.50162833333333 708.4419656666668 619.5443065000001 683.660065 1715.0340728750002 1842.60022 996.933777 0 1589.3689292857143 273.725159 0 193.060516 1070.0627095454545 132.7948835 0 171.6160928 0.25925925925925924 0.037037037037037035 0.0 0.037037037037037035 0.4074074074074074 0.07407407407407407 0.0 0.18518518518518517 254.0206478351648 0 171.35615787499998 0.9191919191919192 0.0 0.08080808080808081 0.2222222222222222 0.1111111111111111 0.2222222222222222 0.07407407407407407 0.2962962962962963 0.037037037037037035 0.037037037037037035 0.0 0.3918918918918919 0.3108108108108108 0.17567567567567569 0.05405405405405406 0.06756756756756757 chenyu 10Сʱ_mousemovements
219.19348775000003 458.08364500000005 656.0580322 1512.3605931666668 1069.3668010000001 3124.6931966666666 1318.9084475 3253.911133 1794.54318 333.718141 75.132599 0 1431.8241306666666 465.34729 195.728122 216.05008933333337 0.3125 0.1875 0.03125 0.0 0.28125 0.03125 0.0625 0.09375 343.25870106185573 0 186.35837 0.941747572815534 0.0 0.05825242718446602 0.25 0.125 0.15625 0.1875 0.09375 0.09375 0.0625 0.03125 0.3875 0.25 0.225 0.1 0.0375 chenyu 10Сʱ_mousemovements
247.510801 650.1344833333334 751.503113 661.9774628 693.674683 1645.4241533333334 1774.6715496666666 1470.487427 813.5560631428572 226.9252562857143 216.902134 0 1288.819788125 1035.018982 62.5 665.8686826666666 0.23333333333333334 0.23333333333333334 0.06666666666666667 0.0 0.26666666666666666 0.06666666666666667 0.03333333333333333 0.1 231.4981634516129 243.56189 48.12309125 0.9117647058823529 0.00980392156862745 0.0784313725490196 0.4 0.1 0.06666666666666667 0.16666666666666666 0.03333333333333333 0.1 0.1 0.03333333333333333 0.40789473684210525 0.25 0.19736842105263158 0.06578947368421052 0.07894736842105263 chenyu 10Сʱ_mousemovements
312.7731587272728 445.848755 824.339437 0 1077.53244 1110.063095 0 438.462433 223.4793055 284.469757 419.174103 438.462433 942.162222 159.20459 626.4570160000001 570.571487375 0.09523809523809523 0.09523809523809523 0.047619047619047616 0.047619047619047616 0.19047619047619047 0.047619047619047616 0.09523809523809523 0.38095238095238093 181.19103330000002 0 149.48241439999998 0.9230769230769231 0.0 0.07692307692307693 0.5238095238095238 0.09523809523809523 0.14285714285714285 0.0 0.09523809523809523 0.09523809523809523 0.0 0.047619047619047616 0.4772727272727273 0.3181818181818182 0.1590909090909091 0.045454545454545456 0.0 chenyu 10Сʱ_mousemovements
199.18831766666665 250.5367775 353.9426758 688.3579482499999 561.0049134999999 967.5399780000001 1620.2455077999998 2607.300049 417.46022380000005 845.6487045 407.26707020000003 632.7689435 1013.2658538 1193.4441633333333 780.7102355 426.16177719999996 0.15151515151515152 0.12121212121212122 0.15151515151515152 0.06060606060606061 0.15151515151515152 0.09090909090909091 0.12121212121212122 0.15151515151515152 183.3962660535714 0 177.6415803333333 0.9032258064516129 0.0 0.0967741935483871 0.2727272727272727 0.06060606060606061 0.15151515151515152 0.12121212121212122 0.12121212121212122 0.09090909090909091 0.15151515151515152 0.030303030303030304 0.3181818181818182 0.37272727272727274 0.19090909090909092 0.06363636363636363 0.05454545454545454 chenyu 10Сʱ_mousemovements
170.6329788 200.430603 652.4816129999999 489.40648999999996 0 757.416672 1736.8709716666665 2021.621358 469.37517275000005 686.9326142499999 861.7417856666666 1007.9012252 0 1248.1723023333334 827.4611246666667 41.52780766666667 0.16 0.16 0.12 0.2 0.0 0.12 0.12 0.12 207.8430670229885 5.347594 103.8199008 0.925531914893617 0.02127659574468085 0.05319148936170213 0.38461538461538464 0.038461538461538464 0.11538461538461539 0.15384615384615385 0.0 0.07692307692307693 0.11538461538461539 0.11538461538461539 0.379746835443038 0.3670886075949367 0.17721518987341772 0.06329113924050633 0.012658227848101266 chenyu 10Сʱ_mousemovements
154.9559645 228.154597 657.7257005 937.2397766666668 0 1262.4438883333332 1409.519394 0 823.62003325 1076.8412476666665 0 1064.266586 614.5635414000001 164.402939 631.4386316666667 338.323578 0.17391304347826086 0.13043478260869565 0.0 0.08695652173913043 0.21739130434782608 0.043478260869565216 0.13043478260869565 0.21739130434782608 191.5856088311688 0 120.76659983333333 0.927710843373494 0.0 0.07228915662650602 0.34782608695652173 0.13043478260869565 0.08695652173913043 0.13043478260869565 0.0 0.13043478260869565 0.17391304347826086 0.0 0.36619718309859156 0.29577464788732394 0.18309859154929578 0.09859154929577464 0.056338028169014086 chenyu 10Сʱ_mousemovements
171.85899142857144 139.01640700000002 437.421093 797.6004636666667 1067.036499 1444.803467 1193.561849 0 304.94145960000003 707.5143395 1296.6521 218.81999466666664 337.86118239999996 489.89311050000003 1142.0167235 733.087524 0.21739130434782608 0.17391304347826086 0.043478260869565216 0.13043478260869565 0.21739130434782608 0.08695652173913043 0.08695652173913043 0.043478260869565216 102.11154600000002 123.724953 151.19576376923075 0.8738738738738738 0.009009009009009009 0.11711711711711711 0.30434782608695654 0.17391304347826086 0.17391304347826086 0.13043478260869565 0.043478260869565216 0.043478260869565216 0.13043478260869565 0.0 0.4270833333333333 0.2916666666666667 0.17708333333333334 0.052083333333333336 0.052083333333333336 chenyu 10Сʱ_mousemovements
0 0 0 0 0 0 0 0 0 0 0 0 0 0 0 0 0 0 0 0 0 0 0 0 0.0 0 0.0 0.75 0.0 0.25 0 0 0 0 0 0 0 0 1.0 0.0 0.0 0.0 0.0 chenyu 10Сʱ_mousemovements
105.63399393333333 290.047777 571.4488396666667 369.6230395 1303.6737135 0 1707.68259425 937.6068115 831.6621027142857 607.0150478333334 557.9772839999999 523.9938416 495.181627 1208.21323975 451.3667706666667 1021.8152465 0.18421052631578946 0.15789473684210525 0.07894736842105263 0.13157894736842105 0.21052631578947367 0.10526315789473684 0.07894736842105263 0.05263157894736842 178.3264687786259 337.337225 136.73007042857142 0.891156462585034 0.013605442176870748 0.09523809523809523 0.39473684210526316 0.10526315789473684 0.07894736842105263 0.05263157894736842 0.10526315789473684 0.0 0.21052631578947367 0.05263157894736842 0.32558139534883723 0.4186046511627907 0.12403100775193798 0.09302325581395349 0.03875968992248062 chenyu 10Сʱ_mousemovements
126.825287 448.5459648 613.4756775 266.795906 1237.159058 1917.1047365 3122.801758 0 804.95181 827.507385 1147.242381 71.05122466666667 886.5726515 969.9516645 147.38958350000001 216.844078 0.24 0.04 0.12 0.12 0.24 0.08 0.08 0.08 164.1020434 0 88.9701283 0.9090909090909091 0.0 0.09090909090909091 0.4 0.2 0.08 0.08 0.04 0.16 0.04 0.0 0.4111111111111111 0.34444444444444444 0.13333333333333333 0.05555555555555555 0.05555555555555555 chenyu 10Сʱ_mousemovements
185.12933675 297.04092166666663 769.377057 827.090485 0 1636.919556 2273.1483765000003 0 717.8887695999999 280.33412675 0 244.207458 725.1107157272728 0 0 466.43792099999996 0.2 0.16 0.0 0.04 0.44 0.0 0.0 0.16 220.55254093939396 0 60.122417 0.9428571428571428 0.0 0.05714285714285714 0.48 0.12 0.2 0.08 0.0 0.04 0.08 0.0 0.2641509433962264 0.37735849056603776 0.1320754716981132 0.16981132075471697 0.05660377358490566 chenyu 10Сʱ_mousemovements
328.91257575000003 109.902466 1163.038574 827.8820345 794.0820106666666 1345.164435 2175.458537 0 996.6143795 833.1413233333333 847.151052 463.604767 1977.8174643333334 1209.792399 389.017273 809.7472383333334 0.10526315789473684 0.15789473684210525 0.15789473684210525 0.05263157894736842 0.15789473684210525 0.15789473684210525 0.05263157894736842 0.15789473684210525 288.616425515625 0 201.04971385714288 0.9014084507042254 0.0 0.09859154929577464 0.21052631578947367 0.05263157894736842 0.05263157894736842 0.10526315789473684 0.15789473684210525 0.2631578947368421 0.15789473684210525 0.0 0.36363636363636365 0.32727272727272727 0.21818181818181817 0.07272727272727272 0.01818181818181818 chenyu 10Сʱ_mousemovements
94.59032644444446 205.06011208333334 280.565539 953.0558410000001 888.920795625 1274.9241105 1203.943115 2023.23843375 741.5097638333332 776.1928707499999 614.5148147777778 755.5620755 261.30077 780.2327521428571 863.0913568333334 517.2260371666666 0.1111111111111111 0.14814814814814814 0.16666666666666666 0.1111111111111111 0.1111111111111111 0.12962962962962962 0.1111111111111111 0.1111111111111111 173.37763334574467 510.311432 162.70217127777775 0.9082125603864735 0.004830917874396135 0.08695652173913043 0.16666666666666666 0.2222222222222222 0.1111111111111111 0.18518518518518517 0.14814814814814814 0.07407407407407407 0.018518518518518517 0.07407407407407407 0.3005464480874317 0.36065573770491804 0.1912568306010929 0.09289617486338798 0.0546448087431694 chenyu 10Сʱ_mousemovements
122.60792136363638 424.95158900000007 693.6205953333333 1043.1981813333334 858.3861999999999 1044.720093 1246.56665 1731.0683595 467.3868916666666 320.30760380000004 691.1052644285713 713.2309724999999 523.891943 411.7249645 1569.5677896666666 254.13281325 0.17142857142857143 0.14285714285714285 0.2 0.11428571428571428 0.11428571428571428 0.05714285714285714 0.08571428571428572 0.11428571428571428 201.81446805 0 79.90366114285715 0.9345794392523364 0.0 0.06542056074766354 0.3142857142857143 0.17142857142857143 0.2571428571428571 0.08571428571428572 0.05714285714285714 0.02857142857142857 0.02857142857142857 0.05714285714285714 0.38636363636363635 0.32954545454545453 0.19318181818181818 0.022727272727272728 0.06818181818181818 chenyu 10Сʱ_mousemovements
0 48.374031 0 343.322281 1407.3183977500003 0 2633.372803 2236.083984 981.174431 0 2236.083984 858.334778 3057.375977 856.781418 0 424.868103 0.3333333333333333 0.0 0.1111111111111111 0.1111111111111111 0.1111111111111111 0.2222222222222222 0.0 0.1111111111111111 354.40264789655174 48.374031 453.8490755 0.90625 0.03125 0.0625 0.0 0.1111111111111111 0.0 0.2222222222222222 0.4444444444444444 0.0 0.1111111111111111 0.1111111111111111 0.3333333333333333 0.3333333333333333 0.20833333333333334 0.041666666666666664 0.08333333333333333 chenyu 10Сʱ_mousemovements
148.30624 139.039291 651.025269 576.8909455 0 2132.14209 1783.417358 2086.7707926666667 1057.826889 1783.417358 651.025269 98.835472 1000.8884885 1287.2959445 1566.1461485 197.777008 0.16666666666666666 0.08333333333333333 0.08333333333333333 0.08333333333333333 0.16666666666666666 0.16666666666666666 0.16666666666666666 0.08333333333333333 385.90875709677414 0 296.099289 0.9393939393939394 0.0 0.06060606060606061 0.16666666666666666 0.16666666666666666 0.08333333333333333 0.16666666666666666 0.0 0.08333333333333333 0.08333333333333333 0.25 0.17857142857142858 0.5714285714285714 0.14285714285714285 0.07142857142857142 0.03571428571428571 chenyu 10Сʱ_mousemovements
208.39369525 1622.85144 1015.581482 0 0 0 930.367249 0 1622.85144 0 0 0 145.06958 342.5863495 349.9206732 516.6263240000001 0.09090909090909091 0.0 0.0 0.0 0.09090909090909091 0.18181818181818182 0.45454545454545453 0.18181818181818182 149.41260461764705 7.092198 49.60965933333333 0.8947368421052632 0.02631578947368421 0.07894736842105263 0.7272727272727273 0.09090909090909091 0.09090909090909091 0.0 0.0 0.0 0.09090909090909091 0.0 0.6666666666666666 0.25 0.027777777777777776 0.027777777777777776 0.027777777777777776 chenyu 10Сʱ_mousemovements
201.70663751515153 460.9676626666666 1308.7722063333333 744.3864745 751.0134887999999 1057.292038 733.9836425 1808.565918 759.4807297777778 303.8302014615385 600.850418 129.1352235 216.24165483333334 583.2078584999999 387.462209875 311.91449099999994 0.15 0.21666666666666667 0.1 0.03333333333333333 0.1 0.16666666666666666 0.13333333333333333 0.1 105.56233965517245 895.122406 207.63561876470587 0.9144144144144144 0.009009009009009009 0.07657657657657657 0.55 0.2 0.05 0.03333333333333333 0.08333333333333333 0.03333333333333333 0.03333333333333333 0.016666666666666666 0.5990338164251208 0.2463768115942029 0.07729468599033816 0.05314009661835749 0.024154589371980676 chenyu 10Сʱ_mousemovements
198.39502443589745 722.5412065555556 887.3821452857144 1238.8746691666668 1494.6903075 1434.790405 1302.2224735 952.246358 472.46854571428565 897.6135645714285 871.861498125 215.01447833333336 442.4960693 552.1287512142857 666.1071919090908 358.8802892727272 0.09859154929577464 0.09859154929577464 0.11267605633802817 0.04225352112676056 0.14084507042253522 0.19718309859154928 0.15492957746478872 0.15492957746478872 165.205221738938 718.6532183333334 114.77959270000001 0.9456066945606695 0.012552301255230125 0.04184100418410042 0.5492957746478874 0.1267605633802817 0.09859154929577464 0.08450704225352113 0.028169014084507043 0.04225352112676056 0.028169014084507043 0.04225352112676056 0.5458515283842795 0.2794759825327511 0.1091703056768559 0.043668122270742356 0.021834061135371178 chenyu 10Сʱ_mousemovements
181.99580993103447 461.3472393157895 501.303375 601.5372703333334 1207.875122 746.0659076666667 0 1638.8078206666667 326.6736345 612.3981094166667 555.1995161666667 501.303375 522.9823005 606.308927117647 342.3013356666667 458.70043133333337 0.11267605633802817 0.16901408450704225 0.08450704225352113 0.014084507042253521 0.08450704225352113 0.23943661971830985 0.16901408450704225 0.1267605633802817 122.50643015767633 306.75564875 236.2330036 0.909433962264151 0.01509433962264151 0.07547169811320754 0.4084507042253521 0.2676056338028169 0.014084507042253521 0.1267605633802817 0.014084507042253521 0.08450704225352113 0.0 0.08450704225352113 0.5697211155378487 0.2749003984063745 0.06772908366533864 0.06772908366533864 0.0199203187250996 chenyu 10Сʱ_mousemovements
149.59928418421052 748.2460175000001 373.95184325 542.0581256666667 826.5699060000001 1353.9052430000002 893.427002 900.507507 253.62772158333328 273.4631625 504.41725933333333 474.76825800000006 300.996478 403.0311425 657.7652147142857 258.8087385555556 0.2033898305084746 0.1016949152542373 0.05084745762711865 0.06779661016949153 0.13559322033898305 0.1694915254237288 0.11864406779661017 0.15254237288135594 95.71346820670391 55.665565 251.7752040588235 0.9086294416243654 0.005076142131979695 0.08629441624365482 0.6440677966101694 0.06779661016949153 0.06779661016949153 0.05084745762711865 0.05084745762711865 0.03389830508474576 0.05084745762711865 0.03389830508474576 0.5668449197860963 0.21390374331550802 0.11229946524064172 0.0748663101604278 0.03208556149732621 chenyu 10Сʱ_mousemovements
186.16322363157897 260.797109 1300.5662845 375.299988 860.808044 0 1110.84314 688.488403 478.6105104 328.12093525 765.769226 129.433945 126.86127466666666 370.4158745 406.1050351666666 96.89283233333333 0.17857142857142858 0.14285714285714285 0.07142857142857142 0.03571428571428571 0.10714285714285714 0.14285714285714285 0.21428571428571427 0.10714285714285714 106.43422334090911 49.888542 179.98817466666665 0.9565217391304348 0.010869565217391304 0.03260869565217391 0.6785714285714286 0.10714285714285714 0.07142857142857142 0.03571428571428571 0.03571428571428571 0.0 0.03571428571428571 0.03571428571428571 0.5294117647058824 0.24705882352941178 0.11764705882352941 0.047058823529411764 0.058823529411764705 chenyu 10Сʱ_mousemovements
133.3531737857143 308.798523 672.978882 803.6747285 0 0 0 0 94.37859233333332 392.5204625 803.6747285 235.3284656666667 71.196991 204.615143 341.489441 54.98802575 0.15789473684210525 0.10526315789473684 0.10526315789473684 0.15789473684210525 0.05263157894736842 0.10526315789473684 0.10526315789473684 0.21052631578947367 74.67847622580646 0 44.934764 0.9538461538461539 0.0 0.046153846153846156 0.7368421052631579 0.10526315789473684 0.05263157894736842 0.10526315789473684 0.0 0.0 0.0 0.0 0.5294117647058824 0.3333333333333333 0.058823529411764705 0.058823529411764705 0.0196078431372549 chenyu 10Сʱ_mousemovements
119.9309454 615.180664 0 0 0 0 0 0 85.703609 148.446014 0 111.44709 137.540009 144.93379 369.3536375 48.476191375000006 0.09523809523809523 0.047619047619047616 0.0 0.047619047619047616 0.047619047619047616 0.19047619047619047 0.19047619047619047 0.38095238095238093 42.23035159420291 0 49.952656 0.971830985915493 0.0 0.028169014084507043 0.9523809523809523 0.047619047619047616 0.0 0.0 0.0 0.0 0.0 0.0 0.46296296296296297 0.2777777777777778 0.1111111111111111 0.14814814814814814 0.0 chenyu 10Сʱ_mousemovements
131.6698500625 289.30248275 278.031952 870.229126 0 0 0 3078.177734 209.455551 213.54071033333335 390.0200756666666 469.335632 128.4264645 185.500671 156.51593466666668 1051.0450383333334 0.08695652173913043 0.13043478260869565 0.13043478260869565 0.043478260869565216 0.17391304347826086 0.043478260869565216 0.2608695652173913 0.13043478260869565 99.93810018309858 0 131.587077 0.9594594594594594 0.0 0.04054054054054054 0.6956521739130435 0.17391304347826086 0.043478260869565216 0.043478260869565216 0.0 0.0 0.0 0.043478260869565216 0.5538461538461539 0.24615384615384617 0.16923076923076924 0.03076923076923077 0.0 chenyu 10Сʱ_mousemovements
122.37035946511627 445.693939 438.768677 408.87272624999997 911.773621 1540.2805790000002 917.644714 1040.0952763333335 37.485561 449.1671722 626.4254627500001 339.2024214 123.30985500000004 133.32115972727271 299.09429133333333 300.741689 0.017543859649122806 0.08771929824561403 0.14035087719298245 0.08771929824561403 0.22807017543859648 0.19298245614035087 0.21052631578947367 0.03508771929824561 99.11022671974521 147.103485 90.58398283333334 0.9573170731707317 0.006097560975609756 0.036585365853658534 0.7543859649122807 0.017543859649122806 0.03508771929824561 0.07017543859649122 0.017543859649122806 0.03508771929824561 0.017543859649122806 0.05263157894736842 0.5633802816901409 0.21830985915492956 0.11971830985915492 0.07746478873239436 0.02112676056338028 chenyu 10Сʱ_mousemovements
111.26596833333332 0 0 429.433746 0 0 862.782471 0 0 0 862.782471 0 122.9724315 136.8506505 182.1537055 91.2832375 0.0 0.0 0.09090909090909091 0.0 0.18181818181818182 0.18181818181818182 0.36363636363636365 0.18181818181818182 74.87540093103449 0 122.223305 0.9666666666666667 0.0 0.03333333333333333 0.8181818181818182 0.0 0.0 0.09090909090909091 0.0 0.0 0.09090909090909091 0.0 0.6 0.12 0.12 0.08 0.08 chenyu 10Сʱ_mousemovements
116.14137450000001 371.02562966666665 457.135498 0 984.503906 0 832.342224 1882.157349 126.5834885 176.470581 708.491618 734.8193663333333 141.4771995 142.29831549999997 163.09012755555557 124.87057171428572 0.05714285714285714 0.02857142857142857 0.08571428571428572 0.08571428571428572 0.11428571428571428 0.17142857142857143 0.2571428571428571 0.2 83.00209188 0 73.65505466666667 0.970873786407767 0.0 0.02912621359223301 0.8 0.08571428571428572 0.02857142857142857 0.0 0.02857142857142857 0.0 0.02857142857142857 0.02857142857142857 0.46987951807228917 0.1686746987951807 0.26506024096385544 0.060240963855421686 0.03614457831325301 chenyu 10Сʱ_mousemovements
186.1767518888889 314.46244816666666 872.79419525 1031.519897 1067.170288 0 0 0 409.097479 525.3363247999999 468.69045560000006 309.28151325 726.3828545 140.87785833333336 212.2471885 86.59509333333334 0.13333333333333333 0.16666666666666666 0.16666666666666666 0.13333333333333333 0.06666666666666667 0.1 0.13333333333333333 0.1 116.80349090909094 0 109.82319779999997 0.946236559139785 0.0 0.053763440860215055 0.6 0.2 0.13333333333333333 0.03333333333333333 0.03333333333333333 0.0 0.0 0.0 0.44 0.3466666666666667 0.09333333333333334 0.06666666666666667 0.05333333333333334 chenyu 10Сʱ_mousemovements
124.75433501923084 334.05763233333334 629.6175460000001 1167.2650148 519.437683 1064.687012 0 0 233.06931566666665 185.40095928571432 469.38785533333333 139.342963 144.301694375 523.085713777778 163.78106150000002 239.7352194 0.045454545454545456 0.10606060606060606 0.09090909090909091 0.10606060606060606 0.12121212121212122 0.13636363636363635 0.09090909090909091 0.30303030303030304 97.88586964161847 0 98.8125646 0.9719101123595506 0.0 0.028089887640449437 0.7878787878787878 0.045454545454545456 0.06060606060606061 0.07575757575757576 0.015151515151515152 0.015151515151515152 0.0 0.0 0.47560975609756095 0.32926829268292684 0.08536585365853659 0.06707317073170732 0.042682926829268296 chenyu 10Сʱ_mousemovements
65.57216525 0 674.688538 0 0 0 0 0 0 0 674.688538 0 0 87.384895 58.30125533333333 0 0.0 0.0 0.1111111111111111 0.0 0.0 0.2222222222222222 0.6666666666666666 0.0 31.088076027777774 0 80.095123 0.972972972972973 0.0 0.02702702702702703 0.8888888888888888 0.0 0.1111111111111111 0.0 0.0 0.0 0.0 0.0 0.6071428571428571 0.25 0.07142857142857142 0.07142857142857142 0.0 chenyu 10Сʱ_mousemovements
131.31437410344827 213.06117733333335 115.272568 363.827454 633.72229 0 0 0 194.973468 198.39709200000001 166.078243 284.77779333333336 193.89841242857145 72.47788188888889 16.02564 101.7091542 0.05714285714285714 0.08571428571428572 0.05714285714285714 0.17142857142857143 0.2 0.2571428571428571 0.02857142857142857 0.14285714285714285 51.176163735294104 0 56.692332 0.9444444444444444 0.0 0.05555555555555555 0.8285714285714286 0.08571428571428572 0.02857142857142857 0.02857142857142857 0.02857142857142857 0.0 0.0 0.0 0.5052631578947369 0.24210526315789474 0.12631578947368421 0.06315789473684211 0.06315789473684211 chenyu 10Сʱ_mousemovements
156.69273345652172 461.8126404545455 701.4223892857143 0 915.1094969999999 471.054321 1041.2818605 1539.86145 494.368498875 371.7712374999999 0 534.8386121428571 224.1695708333333 589.0316781666667 174.50213935714282 293.520402875 0.11267605633802817 0.11267605633802817 0.0 0.09859154929577464 0.16901408450704225 0.08450704225352113 0.19718309859154928 0.22535211267605634 105.10231602463057 39.65997775 181.5828162857143 0.918552036199095 0.01809954751131222 0.06334841628959276 0.647887323943662 0.15492957746478872 0.09859154929577464 0.0 0.04225352112676056 0.014084507042253521 0.028169014084507043 0.014084507042253521 0.5355450236966824 0.25118483412322273 0.12322274881516587 0.05687203791469194 0.03317535545023697 chenyu 10Сʱ_mousemovements
