124.28582059999997 373.7499125 753.7926331666666 505.927612 1179.230835 1139.082397 0 0 0 199.41555712500002 705.67572 149.97674014285712 226.335617 579.1323455 343.95383383333336 273.7922325 0.0 0.24242424242424243 0.15151515151515152 0.21212121212121213 0.030303030303030304 0.12121212121212122 0.18181818181818182 0.06060606060606061 89.76269112612614 45.541069 102.28589858333332 0.8809523809523809 0.023809523809523808 0.09523809523809523 0.6060606060606061 0.12121212121212122 0.18181818181818182 0.030303030303030304 0.030303030303030304 0.030303030303030304 0.0 0.0 0.6324786324786325 0.2222222222222222 0.07692307692307693 0.042735042735042736 0.02564102564102564 chenyu 3Сʱ_mousemovements
0 0 0 0 0 0 0 0 0 0 0 0 0 0 0 0 0 0 0 0 0 0 0 0 0 0 0 0 0 0 0 0 0 0 0 0 0 0 0 0 0 0 0 chenyu 3Сʱ_mousemovements
0 0 0 0 0 0 0 0 0 0 0 0 0 0 0 0 0 0 0 0 0 0 0 0 0 0 0 0 0 0 0 0 0 0 0 0 0 0 0 0 0 0 0 chenyu 3Сʱ_mousemovements
0 0 0 0 0 0 0 0 0 0 0 0 0 0 0 0 0 0 0 0 0 0 0 0 0 0 0 0 0 0 0 0 0 0 0 0 0 0 0 0 0 0 0 chenyu 3Сʱ_mousemovements
111.68280353333333 563.825415 552.523438 968.630493 0 0 0 0 0 446.46362660000005 431.041901 0 417.2795105 494.23186233333337 100.9267391 25.641026 0.0 0.22727272727272727 0.045454545454545456 0.0 0.09090909090909091 0.13636363636363635 0.45454545454545453 0.045454545454545456 79.67691583870969 968.630493 35.64126133333333 0.9393939393939394 0.015151515151515152 0.045454545454545456 0.6818181818181818 0.22727272727272727 0.045454545454545456 0.045454545454545456 0.0 0.0 0.0 0.0 0.6 0.25 0.11666666666666667 0.03333333333333333 0.0 chenyu 3Сʱ_mousemovements
327.1958475 599.963562 0 0 0 0 0 0 0 0 599.963562 0 0 1021.287598 95.83193066666666 0 0.0 0.0 0.2 0.0 0.0 0.2 0.6 0.0 95.4373476 0 0 1.0 0.0 0.0 0.8 0.2 0.0 0.0 0.0 0.0 0.0 0.0 0.7142857142857143 0.21428571428571427 0.07142857142857142 0.0 0.0 chenyu 3Сʱ_mousemovements
109.16267327272729 399.08160399999997 0 1793.484985 0 0 1718.257813 0 60.02047 955.401154 992.5948635 0 215.11002242857145 110.62190210526313 93.06312911538463 243.23149366666664 0.016666666666666666 0.03333333333333333 0.03333333333333333 0.0 0.11666666666666667 0.31666666666666665 0.43333333333333335 0.05 66.58071356250001 0 60.02047 0.9937888198757764 0.0 0.006211180124223602 0.9166666666666666 0.05 0.0 0.016666666666666666 0.0 0.0 0.016666666666666666 0.0 0.496551724137931 0.2896551724137931 0.1103448275862069 0.08275862068965517 0.020689655172413793 chenyu 3Сʱ_mousemovements
301.1390590526316 544.228882 446.47252557142855 479.04785525 566.074158 401.225922 554.202209 908.508179 341.5775954 520.9715811666666 844.5571642000001 352.71282199999996 18.79000866666667 338.24864355555553 0 174.96876500000002 0.14285714285714285 0.17142857142857143 0.14285714285714285 0.05714285714285714 0.08571428571428572 0.2571428571428571 0.0 0.14285714285714285 105.46498293162391 22.5352955 122.99154345454545 0.9 0.015384615384615385 0.08461538461538462 0.5428571428571428 0.02857142857142857 0.2 0.11428571428571428 0.02857142857142857 0.02857142857142857 0.02857142857142857 0.02857142857142857 0.5042735042735043 0.2222222222222222 0.1452991452991453 0.10256410256410256 0.02564102564102564 chenyu 3Сʱ_mousemovements
131.1420643103448 586.4600144999999 599.1293837000001 565.4592437499999 608.690315 705.774475 722.6769715 665.6478275 540.0420483333334 698.1787652857143 550.663581 160.28052637499997 47.226505375 389.70131100000003 455.01897166666663 173.22545725 0.05172413793103448 0.1206896551724138 0.1724137931034483 0.13793103448275862 0.13793103448275862 0.15517241379310345 0.15517241379310345 0.06896551724137931 89.5396256595745 80.0754344 236.78135715 0.8826291079812206 0.023474178403755867 0.09389671361502347 0.5 0.034482758620689655 0.1724137931034483 0.06896551724137931 0.06896551724137931 0.08620689655172414 0.034482758620689655 0.034482758620689655 0.578125 0.21875 0.109375 0.057291666666666664 0.036458333333333336 chenyu 3Сʱ_mousemovements
243.60390800000002 205.4862195 564.771606 1176.368342 0 690.521642 787.6498310000001 0 82.233505 143.95052800000002 641.64588925 67.366295 545.892582 494.3046705999999 739.15374775 773.4672545 0.03125 0.15625 0.25 0.03125 0.125 0.15625 0.125 0.125 112.77595744761906 479.3150635 327.7068286666667 0.8898305084745762 0.03389830508474576 0.07627118644067797 0.375 0.125 0.03125 0.09375 0.0 0.1875 0.1875 0.0 0.580952380952381 0.23809523809523808 0.09523809523809523 0.047619047619047616 0.0380952380952381 chenyu 3Сʱ_mousemovements
178.71890971428567 209.86439380000002 702.0109865 1293.4102785 587.157593 1037.638672 1124.254639 1100.34082 234.70759833333332 404.19645060000005 570.81400125 497.0134533333333 138.45912199999998 436.95898416666665 587.1312626666667 103.59816541666665 0.07317073170731707 0.12195121951219512 0.0975609756097561 0.14634146341463414 0.04878048780487805 0.14634146341463414 0.07317073170731707 0.2926829268292683 111.84469340740745 1075.636597 147.764442 0.9473684210526315 0.008771929824561403 0.043859649122807015 0.6829268292682927 0.12195121951219512 0.04878048780487805 0.04878048780487805 0.024390243902439025 0.024390243902439025 0.024390243902439025 0.024390243902439025 0.4752475247524752 0.22772277227722773 0.18811881188118812 0.07920792079207921 0.0297029702970297 chenyu 3Сʱ_mousemovements
163.4036408 285.4914756666667 155.309479 775.6528867999999 832.384735 0 0 944.0268149999998 298.1621991666667 206.810009125 86.923347 361.686371 353.9510825714286 373.6555968 520.1591116666666 437.8374215 0.15384615384615385 0.20512820512820512 0.02564102564102564 0.05128205128205128 0.1794871794871795 0.1282051282051282 0.15384615384615385 0.10256410256410256 99.92490975396824 9.319149 123.25890685714286 0.9333333333333333 0.014814814814814815 0.05185185185185185 0.6410256410256411 0.07692307692307693 0.02564102564102564 0.1282051282051282 0.05128205128205128 0.0 0.0 0.07692307692307693 0.5819672131147541 0.16393442622950818 0.13114754098360656 0.09836065573770492 0.02459016393442623 chenyu 3Сʱ_mousemovements
144.6408196666667 369.54192520000004 856.744995 591.077698 968.572693 0 664.2554935000001 746.299622 284.206604 310.9735426666667 101.87133 126.963852 604.573484 415.48974883333335 561.658684 80.0853935 0.05 0.15 0.05 0.05 0.2 0.3 0.1 0.1 89.02629853225805 475.401637 173.71189449999997 0.8985507246376812 0.043478260869565216 0.057971014492753624 0.45 0.25 0.05 0.05 0.05 0.0 0.1 0.05 0.5 0.2727272727272727 0.12121212121212122 0.07575757575757576 0.030303030303030304 chenyu 3Сʱ_mousemovements
65.68450427586205 289.55529177777777 518.36377 1197.551758 425.271484 502.765076 609.888977 882.644684 219.4770058 238.88605359999997 55.039512 472.328828 148.27609200000003 420.1988114444444 63.1794524 76.70946712500002 0.1111111111111111 0.1111111111111111 0.08888888888888889 0.06666666666666667 0.13333333333333333 0.2 0.1111111111111111 0.17777777777777778 51.319544130137 200.415931 205.15392100000003 0.9358974358974359 0.019230769230769232 0.04487179487179487 0.6444444444444445 0.2 0.022222222222222223 0.022222222222222223 0.022222222222222223 0.022222222222222223 0.022222222222222223 0.044444444444444446 0.45925925925925926 0.3037037037037037 0.1259259259259259 0.07407407407407407 0.037037037037037035 chenyu 3Сʱ_mousemovements
139.50219880000003 319.4599854 834.756775 853.0654451999999 347.05990633333334 1084.250732 1529.8348386666667 1208.200195 515.4078744545454 223.09247366666668 114.94205216666667 700.7640244285714 413.3269569 207.60883272727276 65.20164671428572 156.13079740000003 0.15942028985507245 0.17391304347826086 0.08695652173913043 0.10144927536231885 0.14492753623188406 0.15942028985507245 0.10144927536231885 0.07246376811594203 73.3084709385246 48.730755 300.90838425 0.9457364341085271 0.007751937984496124 0.046511627906976744 0.7246376811594203 0.07246376811594203 0.014492753623188406 0.07246376811594203 0.043478260869565216 0.014492753623188406 0.043478260869565216 0.014492753623188406 0.5846774193548387 0.25806451612903225 0.10080645161290322 0.036290322580645164 0.020161290322580645 chenyu 3Сʱ_mousemovements
156.93748726666666 451.8348951875001 772.9491182 591.8379957777778 572.9051514285713 794.8223023999999 1240.0540163333333 898.655304 506.6280720666666 845.6353912000001 693.4289883333332 346.57248505882353 521.6916110000001 230.7149822857143 301.11008125 373.536657875 0.19480519480519481 0.06493506493506493 0.07792207792207792 0.22077922077922077 0.14285714285714285 0.09090909090909091 0.1038961038961039 0.1038961038961039 97.19007534599157 411.390808 285.56740768421054 0.8745387453874539 0.055350553505535055 0.07011070110701106 0.38961038961038963 0.2077922077922078 0.06493506493506493 0.11688311688311688 0.09090909090909091 0.06493506493506493 0.03896103896103896 0.025974025974025976 0.5590551181102362 0.25196850393700787 0.0984251968503937 0.05905511811023622 0.031496062992125984 chenyu 3Сʱ_mousemovements
169.56033887499996 525.0942797777776 566.5018484999999 746.5381620833333 869.0392836249999 799.8927067142857 848.6793213000001 1430.3289884285716 931.8877367142858 872.937032 751.5735199000002 921.4927703999999 406.2629927058823 369.3828295882353 558.8619279999999 497.16865208333337 0.06542056074766354 0.16822429906542055 0.09345794392523364 0.09345794392523364 0.1588785046728972 0.1588785046728972 0.14953271028037382 0.11214953271028037 222.9849515308057 492.6802698181819 416.918179 0.83399209486166 0.13043478260869565 0.03557312252964427 0.22429906542056074 0.16822429906542055 0.1308411214953271 0.11214953271028037 0.07476635514018691 0.1308411214953271 0.09345794392523364 0.06542056074766354 0.5352697095435685 0.21161825726141079 0.11203319502074689 0.1037344398340249 0.03734439834024896 chenyu 3Сʱ_mousemovements
227.32784896428575 455.26010650000006 824.57733525 683.4332732857144 1039.9909770000002 790.1741792500001 1605.6319275 2558.1939695 556.9798498333334 633.8803592 653.9335479285713 972.6699966 303.3777284 517.98840325 787.0147192727272 433.65766700000006 0.16666666666666666 0.1388888888888889 0.19444444444444445 0.06944444444444445 0.06944444444444445 0.05555555555555555 0.1527777777777778 0.1527777777777778 147.90934420502091 373.30455774999996 288.54673808000007 0.8917910447761194 0.014925373134328358 0.09328358208955224 0.3888888888888889 0.16666666666666666 0.1111111111111111 0.09722222222222222 0.125 0.05555555555555555 0.027777777777777776 0.027777777777777776 0.5984251968503937 0.23228346456692914 0.1141732283464567 0.03543307086614173 0.01968503937007874 chenyu 3Сʱ_mousemovements
157.78560826666663 139.7568625 508.04669149999995 753.140076 0 1048.279663 817.989502 206.364075 92.41414266666668 107.538432 663.622963 139.92379833333334 74.88751725 64.9256555 413.09256142857146 186.23194999999998 0.07894736842105263 0.15789473684210525 0.10526315789473684 0.15789473684210525 0.10526315789473684 0.05263157894736842 0.18421052631578946 0.15789473684210525 78.30755047706423 0 79.8564175 0.9646017699115044 0.0 0.035398230088495575 0.7894736842105263 0.05263157894736842 0.05263157894736842 0.02631578947368421 0.0 0.02631578947368421 0.02631578947368421 0.02631578947368421 0.46078431372549017 0.30392156862745096 0.13725490196078433 0.08823529411764706 0.00980392156862745 chenyu 3Сʱ_mousemovements
0 0 0 0 0 0 0 0 0 0 0 0 0 0 0 0 0 0 0 0 0 0 0 0 0 0 0 0 0 0 0 0 0 0 0 0 0 0 0 0 0 0 0 chenyu 3Сʱ_mousemovements
0 0 0 0 0 0 0 0 0 0 0 0 0 0 0 0 0 0 0 0 0 0 0 0 0 0 0 0 0 0 0 0 0 0 0 0 0 0 0 0 0 0 0 chenyu 3Сʱ_mousemovements
459.998657 0 0 0 0 0 0 0 459.998657 0 0 0 0 0 0 0 1.0 0.0 0.0 0.0 0.0 0.0 0.0 0.0 229.9993285 0 0 1.0 0.0 0.0 1.0 0.0 0.0 0.0 0.0 0.0 0.0 0.0 1.0 0.0 0.0 0.0 0.0 chenyu 3Сʱ_mousemovements
0 0 0 0 0 0 0 0 0 0 0 0 0 0 0 0 0 0 0 0 0 0 0 0 0 0 0 0 0 0 0 0 0 0 0 0 0 0 0 0 0 0 0 chenyu 3Сʱ_mousemovements
161.5975425 302.24848433333335 576.087769 717.2574155 340.812653 0 1940.295166 1510.9572145 313.1105394 268.732178 275.668365 1505.3170775 253.248167 76.5893605 720.4049806666667 785.8366245 0.2777777777777778 0.05555555555555555 0.05555555555555555 0.1111111111111111 0.1111111111111111 0.1111111111111111 0.16666666666666666 0.1111111111111111 150.63603703571428 0 153.93322385714285 0.8888888888888888 0.0 0.1111111111111111 0.4444444444444444 0.16666666666666666 0.05555555555555555 0.1111111111111111 0.05555555555555555 0.0 0.05555555555555555 0.1111111111111111 0.5818181818181818 0.23636363636363636 0.14545454545454545 0.03636363636363636 0.0 chenyu 3Сʱ_mousemovements
174.4263636410256 460.65291928571435 766.1123412000001 915.4368793333333 352.344727 1294.524414 877.7255250000001 2728.878418 283.30078944444443 664.82537975 2728.878418 387.7511214 402.633247 128.32977163636363 311.75096833333333 238.02600675 0.15254237288135594 0.13559322033898305 0.01694915254237288 0.1694915254237288 0.1694915254237288 0.1864406779661017 0.1016949152542373 0.06779661016949153 117.5278510054645 0 175.38183371428573 0.9631578947368421 0.0 0.03684210526315789 0.6610169491525424 0.11864406779661017 0.0847457627118644 0.05084745762711865 0.01694915254237288 0.01694915254237288 0.03389830508474576 0.01694915254237288 0.5 0.25882352941176473 0.11176470588235295 0.07058823529411765 0.058823529411764705 chenyu 3Сʱ_mousemovements
182.2522927 895.7900033333334 0 1166.491699 1408.014526 873.56605 0 0 155.865326 667.9660339999999 0 1408.014526 104.35281900000001 504.6623955 299.8094215 560.058989 0.07142857142857142 0.10714285714285714 0.0 0.03571428571428571 0.21428571428571427 0.14285714285714285 0.21428571428571427 0.21428571428571427 164.8305007846154 0 271.21256266666666 0.9558823529411765 0.0 0.04411764705882353 0.7142857142857143 0.10714285714285714 0.0 0.03571428571428571 0.03571428571428571 0.10714285714285714 0.0 0.0 0.5555555555555556 0.1746031746031746 0.1746031746031746 0.07936507936507936 0.015873015873015872 chenyu 3Сʱ_mousemovements
155.4641436 495.521624625 497.56362175000004 1082.0434265 648.102783 0 1010.44104 0 230.4918276666667 192.1722205 662.158188 524.5427998333332 172.1225433333333 257.8322662352942 196.40024352380954 431.6515106 0.0967741935483871 0.03225806451612903 0.03225806451612903 0.0967741935483871 0.04838709677419355 0.27419354838709675 0.3387096774193548 0.08064516129032258 96.54464862804878 12.2706 156.318383 0.9318181818181818 0.011363636363636364 0.056818181818181816 0.7258064516129032 0.12903225806451613 0.06451612903225806 0.03225806451612903 0.03225806451612903 0.0 0.016129032258064516 0.0 0.5161290322580645 0.23870967741935484 0.12903225806451613 0.07741935483870968 0.03870967741935484 chenyu 3Сʱ_mousemovements
149.476728027027 433.399836 428.5837706666667 645.7048278 452.84002675 1584.16214 479.814209 0 881.7346305 285.3245678181818 463.0203363333333 312.57682300000005 256.1858211578948 290.45387488888883 96.2472515263158 147.37654566666666 0.043478260869565216 0.11956521739130435 0.03260869565217391 0.06521739130434782 0.20652173913043478 0.09782608695652174 0.20652173913043478 0.22826086956521738 79.13392415139442 9.065472 205.2975829166667 0.9507575757575758 0.003787878787878788 0.045454545454545456 0.8043478260869565 0.03260869565217391 0.03260869565217391 0.05434782608695652 0.043478260869565216 0.021739130434782608 0.010869565217391304 0.0 0.5959183673469388 0.1836734693877551 0.1469387755102041 0.04081632653061224 0.0326530612244898 chenyu 3Сʱ_mousemovements
0 0 806.43103 0 0 0 0 0 0 0 0 806.43103 0 0 0 0 0.0 0.0 0.0 1.0 0.0 0.0 0.0 0.0 115.20443285714285 0 0 1.0 0.0 0.0 0.0 0.0 1.0 0.0 0.0 0.0 0.0 0.0 0.3333333333333333 0.16666666666666666 0.3333333333333333 0.16666666666666666 0.0 chenyu 3Сʱ_mousemovements
138.3931431818182 204.73432549999998 336.774445 1030.282837 0 340.614197 968.134766 1648.55188 106.64271316666667 454.81369357142864 1030.282837 968.134766 0 340.614197 0 46.7837085 0.3333333333333333 0.3888888888888889 0.05555555555555555 0.05555555555555555 0.0 0.05555555555555555 0.0 0.1111111111111111 103.88808496226416 0 250.027616 0.9464285714285714 0.0 0.05357142857142857 0.6111111111111112 0.1111111111111111 0.05555555555555555 0.05555555555555555 0.0 0.05555555555555555 0.05555555555555555 0.05555555555555555 0.5283018867924528 0.18867924528301888 0.16981132075471697 0.09433962264150944 0.018867924528301886 chenyu 3Сʱ_mousemovements
98.05986648484844 269.686447 744.14599 487.6310933333334 0 646.5752156666666 614.399597 877.4839324999999 70.760645 489.63396199999994 462.90515124999996 599.0562866 81.06746366666668 255.73451099999997 194.11367966666668 282.91089775 0.07547169811320754 0.11320754716981132 0.07547169811320754 0.09433962264150944 0.11320754716981132 0.2641509433962264 0.11320754716981132 0.1509433962264151 83.59903246308727 453.226898 221.07690425 0.9197530864197531 0.006172839506172839 0.07407407407407407 0.6226415094339622 0.07547169811320754 0.09433962264150944 0.05660377358490566 0.0 0.05660377358490566 0.018867924528301886 0.07547169811320754 0.5555555555555556 0.2222222222222222 0.1388888888888889 0.05555555555555555 0.027777777777777776 chenyu 3Сʱ_mousemovements
113.8478325909091 381.6113464 517.0192392857142 570.7902223333334 610.790771 833.257263 0 1906.7194825000001 202.987474 266.0295816666667 766.3340272000002 949.9433476666667 318.59552 635.3777769999999 254.538987625 219.37054823076917 0.13953488372093023 0.06976744186046512 0.11627906976744186 0.06976744186046512 0.023255813953488372 0.09302325581395349 0.18604651162790697 0.3023255813953488 116.2989780252101 263.164276 292.87584537500004 0.9296875 0.0078125 0.0625 0.5116279069767442 0.11627906976744186 0.16279069767441862 0.06976744186046512 0.046511627906976744 0.046511627906976744 0.0 0.046511627906976744 0.45161290322580644 0.3064516129032258 0.13709677419354838 0.06451612903225806 0.04032258064516129 chenyu 3Сʱ_mousemovements
98.08097975000001 0 438.554825 0 0 0 0 0 166.593491 185.60466 319.363068 0 0 0 557.746582 20.062884 0.16666666666666666 0.16666666666666666 0.16666666666666666 0.0 0.0 0.0 0.16666666666666666 0.3333333333333333 50.17947678571428 283.460447 0 0.875 0.125 0.0 0.6666666666666666 0.0 0.3333333333333333 0.0 0.0 0.0 0.0 0.0 0.7333333333333333 0.2 0.0 0.06666666666666667 0.0 chenyu 3Сʱ_mousemovements
0 0 0 0 0 0 0 0 0 0 0 0 0 0 0 0 0 0 0 0 0 0 0 0 0 0 0 0 0 0 0 0 0 0 0 0 0 0 0 0 0 0 0 chenyu 3Сʱ_mousemovements
0 0 0 0 0 0 0 0 0 0 0 0 0 0 0 0 0 0 0 0 0 0 0 0 0 0 0 0 0 0 0 0 0 0 0 0 0 0 0 0 0 0 0 chenyu 3Сʱ_mousemovements
196.08177585714287 529.470459 0 455.9847105 1521.171631 2388.633789 1908.425537 0 0 557.566895 91.859818 1686.1676025000002 160.355118 9.065472 293.1389098 1511.456543 0.0 0.07142857142857142 0.07142857142857142 0.2857142857142857 0.07142857142857142 0.07142857142857142 0.35714285714285715 0.07142857142857142 180.22054967307693 9.065472 290.0336875 0.9122807017543859 0.017543859649122806 0.07017543859649122 0.5 0.07142857142857142 0.0 0.14285714285714285 0.07142857142857142 0.07142857142857142 0.14285714285714285 0.0 0.5636363636363636 0.23636363636363636 0.07272727272727272 0.09090909090909091 0.03636363636363636 chenyu 3Сʱ_mousemovements
160.29998981818179 486.4973910000001 405.4087448333333 778.17755875 838.6853333333335 910.1421713333333 677.414612 1062.0406189999999 230.1618855 547.0067233999999 522.1476415000001 566.248127875 345.9415064545455 182.41695415384612 350.94735412499995 302.69344149999995 0.136986301369863 0.0684931506849315 0.0821917808219178 0.1095890410958904 0.1506849315068493 0.1780821917808219 0.2191780821917808 0.0547945205479452 127.89340900549458 12.820513 301.601349875 0.9528795811518325 0.005235602094240838 0.041884816753926704 0.6027397260273972 0.1232876712328767 0.0821917808219178 0.0547945205479452 0.0410958904109589 0.0410958904109589 0.0273972602739726 0.0273972602739726 0.4425287356321839 0.2471264367816092 0.1781609195402299 0.08045977011494253 0.05172413793103448 chenyu 3Сʱ_mousemovements
95.39728335714285 526.050173875 380.2454027142857 716.6069739999999 894.8130495 942.472839 907.216705 0 692.5629830000001 342.17341275000007 424.514876 86.88534566666668 219.84386210000002 192.96938876470585 123.08522679166673 256.09885125 0.0759493670886076 0.10126582278481013 0.0379746835443038 0.0379746835443038 0.12658227848101267 0.21518987341772153 0.3037974683544304 0.10126582278481013 90.55671263366335 0 102.71073266666667 0.9711538461538461 0.0 0.028846153846153848 0.7088607594936709 0.10126582278481013 0.08860759493670886 0.0379746835443038 0.02531645569620253 0.012658227848101266 0.02531645569620253 0.0 0.43386243386243384 0.2698412698412698 0.18518518518518517 0.0582010582010582 0.05291005291005291 chenyu 3Сʱ_mousemovements
195.30719922222224 815.5098556 702.6013297499999 424.42709349999996 0 1766.9544065 2453.361572 558.689819 68.786919 761.3495845555556 675.4386061666665 624.3669686666666 270.93462116666666 536.8696785 347.9663416666667 134.647385 0.030303030303030304 0.2727272727272727 0.18181818181818182 0.09090909090909091 0.18181818181818182 0.12121212121212122 0.09090909090909091 0.030303030303030304 164.6997880102041 0 165.7719349 0.9074074074074074 0.0 0.09259259259259259 0.5454545454545454 0.15151515151515152 0.12121212121212122 0.06060606060606061 0.0 0.06060606060606061 0.030303030303030304 0.030303030303030304 0.6224489795918368 0.16326530612244897 0.16326530612244897 0.030612244897959183 0.02040816326530612 chenyu 3Сʱ_mousemovements
0 0 0 0 0 0 0 0 0 0 0 0 0 0 0 0 0 0 0 0 0 0 0 0 0 0 0 0 0 0 0 0 0 0 0 0 0 0 0 0 0 0 0 chenyu 3Сʱ_mousemovements
