269.5447051111111 603.4681015 2167.863037 1137.405243 2208.6180115 443.793976 0 0 1767.59314 1669.6253510000001 808.0405376666666 276.0533348 748.7334595 1359.6731565 566.617981 29.333334 0.047619047619047616 0.19047619047619047 0.14285714285714285 0.23809523809523808 0.19047619047619047 0.09523809523809523 0.047619047619047616 0.047619047619047616 367.39520898 0 95.476924 0.9615384615384616 0.0 0.038461538461538464 0.42857142857142855 0.19047619047619047 0.047619047619047616 0.09523809523809523 0.19047619047619047 0.047619047619047616 0.0 0.0 0.5555555555555556 0.35555555555555557 0.0 0.06666666666666667 0.022222222222222223 renqiuchen 1Сʱ_mousemovements
0 0 0 0 0 0 0 0 0 0 0 0 0 0 0 0 0 0 0 0 0 0 0 0 0 0 0 0 0 0 0 0 0 0 0 0 0 0 0 0 0 0 0 renqiuchen 1Сʱ_mousemovements
0 0 0 0 0 0 0 0 0 0 0 0 0 0 0 0 0 0 0 0 0 0 0 0 0 0 0 0 0 0 0 0 0 0 0 0 0 0 0 0 0 0 0 renqiuchen 1Сʱ_mousemovements
0 0 0 0 0 0 0 0 0 0 0 0 0 0 0 0 0 0 0 0 0 0 0 0 0 0 0 0 0 0 0 0 0 0 0 0 0 0 0 0 0 0 0 renqiuchen 1Сʱ_mousemovements
0 0 0 0 0 0 0 0 0 0 0 0 0 0 0 0 0 0 0 0 0 0 0 0 0 0 0 0 0 0 0 0 0 0 0 0 0 0 0 0 0 0 0 renqiuchen 1Сʱ_mousemovements
391.7372585 0 0 0 856.437988 0 0 0 0 211.506927 0 0 0 714.2027889999999 0 0 0.0 0.3333333333333333 0.0 0.0 0.0 0.6666666666666666 0.0 0.0 204.98906312499997 0 0 1.0 0.0 0.0 0.6666666666666666 0.0 0.0 0.0 0.3333333333333333 0.0 0.0 0.0 0.5714285714285714 0.0 0.2857142857142857 0.14285714285714285 0.0 renqiuchen 1Сʱ_mousemovements
0 0 0 0 0 0 0 0 0 0 0 0 0 0 0 0 0 0 0 0 0 0 0 0 0 0 0 0 0 0 0 0 0 0 0 0 0 0 0 0 0 0 0 renqiuchen 1Сʱ_mousemovements
0 0 0 0 0 0 0 0 0 0 0 0 0 0 0 0 0 0 0 0 0 0 0 0 0 0 0 0 0 0 0 0 0 0 0 0 0 0 0 0 0 0 0 renqiuchen 1Сʱ_mousemovements
7.56607 521.129578 571.3232805 821.4761556666666 719.973999 0 3519.850342 0 0 0 1413.9471896666666 0 941.784912 817.5197346666667 248.99180066666668 0 0.0 0.0 0.3 0.0 0.1 0.3 0.3 0.0 232.353876125 731.843262 71.99792966666666 0.8888888888888888 0.027777777777777776 0.08333333333333333 0.2 0.1 0.2 0.3 0.1 0.0 0.1 0.0 0.6 0.26666666666666666 0.1 0.03333333333333333 0.0 renqiuchen 1Сʱ_mousemovements
295.4794984 699.20098125 1087.589355 1162.742188 1495.7440490000001 954.24585 1516.167358 0 1192.0512186666667 0 558.5164186666667 988.0168765 894.116516 0 446.5419463333333 841.6517486666667 0.2 0.0 0.2 0.13333333333333333 0.06666666666666667 0.0 0.2 0.2 274.7218987948718 608.8690875 54.542038 0.9285714285714286 0.047619047619047616 0.023809523809523808 0.3333333333333333 0.26666666666666666 0.06666666666666667 0.06666666666666667 0.13333333333333333 0.06666666666666667 0.06666666666666667 0.0 0.5405405405405406 0.2972972972972973 0.16216216216216217 0.0 0.0 renqiuchen 1Сʱ_mousemovements
141.90148925 405.230316 587.562378 0 1189.4196165 1445.4215293333334 1304.584961 0 1182.7054443333334 228.142593 581.058258 338.361938 896.815886 0 75.402763 479.779404 0.2 0.06666666666666667 0.13333333333333333 0.06666666666666667 0.3333333333333333 0.0 0.06666666666666667 0.13333333333333333 206.93724058536583 0 462.2703034 0.8913043478260869 0.0 0.10869565217391304 0.26666666666666666 0.26666666666666666 0.06666666666666667 0.0 0.13333333333333333 0.2 0.06666666666666667 0.0 0.4772727272727273 0.22727272727272727 0.18181818181818182 0.06818181818181818 0.045454545454545456 renqiuchen 1Сʱ_mousemovements
0 0 0 0 0 0 0 0 0 0 0 0 0 0 0 0 0 0 0 0 0 0 0 0 0 0 0 0 0 0 0 0 0 0 0 0 0 0 0 0 0 0 0 renqiuchen 1Сʱ_mousemovements
0 0 0 0 0 0 0 0 0 0 0 0 0 0 0 0 0 0 0 0 0 0 0 0 0 0 0 0 0 0 0 0 0 0 0 0 0 0 0 0 0 0 0 renqiuchen 1Сʱ_mousemovements
0 0 0 0 0 0 0 0 0 0 0 0 0 0 0 0 0 0 0 0 0 0 0 0 0 0 0 0 0 0 0 0 0 0 0 0 0 0 0 0 0 0 0 renqiuchen 1Сʱ_mousemovements
0 0 0 0 0 0 0 0 0 0 0 0 0 0 0 0 0 0 0 0 0 0 0 0 0 0 0 0 0 0 0 0 0 0 0 0 0 0 0 0 0 0 0 renqiuchen 1Сʱ_mousemovements
0 0 0 0 0 0 0 0 0 0 0 0 0 0 0 0 0 0 0 0 0 0 0 0 0 0 0 0 0 0 0 0 0 0 0 0 0 0 0 0 0 0 0 renqiuchen 1Сʱ_mousemovements
0 0 0 0 0 0 0 0 0 0 0 0 0 0 0 0 0 0 0 0 0 0 0 0 0 0 0 0 0 0 0 0 0 0 0 0 0 0 0 0 0 0 0 renqiuchen 1Сʱ_mousemovements
0 0 0 0 0 0 0 0 0 0 0 0 0 0 0 0 0 0 0 0 0 0 0 0 0 0 0 0 0 0 0 0 0 0 0 0 0 0 0 0 0 0 0 renqiuchen 1Сʱ_mousemovements
0 0 0 0 0 0 0 0 0 0 0 0 0 0 0 0 0 0 0 0 0 0 0 0 0 0 0 0 0 0 0 0 0 0 0 0 0 0 0 0 0 0 0 renqiuchen 1Сʱ_mousemovements
0 0 0 0 0 0 0 0 0 0 0 0 0 0 0 0 0 0 0 0 0 0 0 0 0 0 0 0 0 0 0 0 0 0 0 0 0 0 0 0 0 0 0 renqiuchen 1Сʱ_mousemovements
0 0 0 0 0 0 0 0 0 0 0 0 0 0 0 0 0 0 0 0 0 0 0 0 0 0 0 0 0 0 0 0 0 0 0 0 0 0 0 0 0 0 0 renqiuchen 1Сʱ_mousemovements
0 0 0 0 0 0 0 0 0 0 0 0 0 0 0 0 0 0 0 0 0 0 0 0 0 0 0 0 0 0 0 0 0 0 0 0 0 0 0 0 0 0 0 renqiuchen 1Сʱ_mousemovements
0 0 0 0 0 0 0 0 0 0 0 0 0 0 0 0 0 0 0 0 0 0 0 0 0 0 0 0 0 0 0 0 0 0 0 0 0 0 0 0 0 0 0 renqiuchen 1Сʱ_mousemovements
0 0 0 0 0 0 0 0 0 0 0 0 0 0 0 0 0 0 0 0 0 0 0 0 0 0 0 0 0 0 0 0 0 0 0 0 0 0 0 0 0 0 0 renqiuchen 1Сʱ_mousemovements
0 0 0 0 0 0 0 0 0 0 0 0 0 0 0 0 0 0 0 0 0 0 0 0 0 0 0 0 0 0 0 0 0 0 0 0 0 0 0 0 0 0 0 renqiuchen 1Сʱ_mousemovements
0 0 0 0 0 0 0 0 0 0 0 0 0 0 0 0 0 0 0 0 0 0 0 0 0 0 0 0 0 0 0 0 0 0 0 0 0 0 0 0 0 0 0 renqiuchen 1Сʱ_mousemovements
0 0 0 0 0 0 0 0 0 0 0 0 0 0 0 0 0 0 0 0 0 0 0 0 0 0 0 0 0 0 0 0 0 0 0 0 0 0 0 0 0 0 0 renqiuchen 1Сʱ_mousemovements
0 0 0 0 0 0 0 0 0 0 0 0 0 0 0 0 0 0 0 0 0 0 0 0 0 0 0 0 0 0 0 0 0 0 0 0 0 0 0 0 0 0 0 renqiuchen 1Сʱ_mousemovements
0 0 0 0 0 0 0 0 0 0 0 0 0 0 0 0 0 0 0 0 0 0 0 0 0 0 0 0 0 0 0 0 0 0 0 0 0 0 0 0 0 0 0 renqiuchen 1Сʱ_mousemovements
0 0 0 0 0 0 0 0 0 0 0 0 0 0 0 0 0 0 0 0 0 0 0 0 0 0 0 0 0 0 0 0 0 0 0 0 0 0 0 0 0 0 0 renqiuchen 1Сʱ_mousemovements
