155.0206353 254.605774 425.860321 994.7191465000001 1266.3708393333334 0 1202.422974 0 312.113655 310.5561095 1478.0955425 388.27698525000005 8.72093 446.31847175 1370.267822 294.024109 0.1111111111111111 0.1111111111111111 0.1111111111111111 0.2222222222222222 0.1111111111111111 0.2222222222222222 0.05555555555555555 0.05555555555555555 190.7335487272727 17.44186 270.642743 0.9166666666666666 0.020833333333333332 0.0625 0.5555555555555556 0.05555555555555555 0.05555555555555555 0.1111111111111111 0.16666666666666666 0.0 0.05555555555555555 0.0 0.5952380952380952 0.23809523809523808 0.11904761904761904 0.047619047619047616 0.0 renqiuchen 3Сʱ_mousemovements
0 0 0 0 0 1557.520874 0 0 1557.520874 0 0 0 0 0 0 0 1.0 0.0 0.0 0.0 0.0 0.0 0.0 0.0 778.760437 0 0 1.0 0.0 0.0 0.0 0.0 0.0 0.0 0.0 1.0 0.0 0.0 0.0 1.0 0.0 0.0 0.0 renqiuchen 3Сʱ_mousemovements
0 0 0 0 0 0 0 0 0 0 0 0 0 0 0 0 0 0 0 0 0 0 0 0 0 0 0 0 0 0 0 0 0 0 0 0 0 0 0 0 0 0 0 renqiuchen 3Сʱ_mousemovements
0 0 0 0 0 0 0 0 0 0 0 0 0 0 0 0 0 0 0 0 0 0 0 0 0 0 0 0 0 0 0 0 0 0 0 0 0 0 0 0 0 0 0 renqiuchen 3Сʱ_mousemovements
0 0 0 0 0 0 0 0 0 0 0 0 0 0 0 0 0 0 0 0 0 0 0 0 0 0 0 0 0 0 0 0 0 0 0 0 0 0 0 0 0 0 0 renqiuchen 3Сʱ_mousemovements
143.57088781818183 1137.0103353333332 671.5466156666666 1330.8375446666666 0 0 1118.8726805000001 2521.038086 317.0953065 929.80059625 1435.625488 1345.008896 564.6244976666666 605.9565913333333 104.47484333333334 817.0864255 0.08695652173913043 0.17391304347826086 0.043478260869565216 0.08695652173913043 0.13043478260869565 0.2608695652173913 0.13043478260869565 0.08695652173913043 237.108421625 0 116.26154319999998 0.927536231884058 0.0 0.07246376811594203 0.4782608695652174 0.13043478260869565 0.13043478260869565 0.13043478260869565 0.0 0.0 0.08695652173913043 0.043478260869565216 0.5538461538461539 0.2923076923076923 0.12307692307692308 0.015384615384615385 0.015384615384615385 renqiuchen 3Сʱ_mousemovements
0 0 0 0 0 0 0 0 0 0 0 0 0 0 0 0 0 0 0 0 0 0 0 0 0 0 0 0 0 0 0 0 0 0 0 0 0 0 0 0 0 0 0 renqiuchen 3Сʱ_mousemovements
208.09338193750006 584.5227287777778 876.3820647499999 1019.3814799999998 1354.6395771666666 1487.9049069999999 1548.8753659999998 3537.860107 291.0440009166667 972.6272113333333 1500.5335217777779 585.1602676666666 746.7085673333332 550.773875 536.413973818182 441.21731750000004 0.1791044776119403 0.08955223880597014 0.13432835820895522 0.13432835820895522 0.08955223880597014 0.08955223880597014 0.16417910447761194 0.11940298507462686 205.4470984554456 0 190.7204201 0.9099099099099099 0.0 0.09009009009009009 0.47761194029850745 0.13432835820895522 0.05970149253731343 0.13432835820895522 0.08955223880597014 0.05970149253731343 0.029850746268656716 0.014925373134328358 0.5566037735849056 0.28773584905660377 0.08962264150943396 0.0330188679245283 0.0330188679245283 renqiuchen 3Сʱ_mousemovements
126.58390569999999 868.3211719999999 0 356.40277100000003 0 845.414673 0 0 95.043251 362.70224 0 949.0683899999999 158.16183675 128.112183 424.6769935 341.99593725 0.125 0.0625 0.0 0.125 0.25 0.0625 0.125 0.25 159.56127864705883 0 3.939314 0.9714285714285714 0.0 0.02857142857142857 0.625 0.1875 0.0 0.125 0.0 0.0625 0.0 0.0 0.4838709677419355 0.22580645161290322 0.03225806451612903 0.12903225806451613 0.12903225806451613 renqiuchen 3Сʱ_mousemovements
356.5096503571429 639.4636075 1340.535645 423.97644 0 1278.44519 1157.88623 0 202.545715 367.674886 565.5461576666667 699.5874555 479.186964 1278.44519 425.33897400000006 602.8512143333334 0.09090909090909091 0.13636363636363635 0.13636363636363635 0.18181818181818182 0.09090909090909091 0.045454545454545456 0.18181818181818182 0.13636363636363635 187.14400570689656 0 179.0961418 0.9206349206349206 0.0 0.07936507936507936 0.6363636363636364 0.18181818181818182 0.045454545454545456 0.045454545454545456 0.0 0.045454545454545456 0.045454545454545456 0.0 0.6666666666666666 0.24561403508771928 0.07017543859649122 0.017543859649122806 0.0 renqiuchen 3Сʱ_mousemovements
0 0 0 0 0 0 0 0 0 0 0 0 0 0 0 0 0 0 0 0 0 0 0 0 0 0 0 0 0 0 0 0 0 0 0 0 0 0 0 0 0 0 0 renqiuchen 3Сʱ_mousemovements
180.77873711111113 326.213946 801.8603820000001 619.067191 469.328766 1429.183675 1590.235229 2225.204102 745.79991725 901.3253494 469.328766 603.730301 379.5091895 468.12481488888886 814.1805420000001 674.0210569999999 0.14814814814814814 0.18518518518518517 0.037037037037037035 0.07407407407407407 0.07407407407407407 0.3333333333333333 0.07407407407407407 0.07407407407407407 225.44494381081083 0 72.03914216666666 0.925 0.0 0.075 0.3333333333333333 0.1111111111111111 0.07407407407407407 0.25925925925925924 0.037037037037037035 0.1111111111111111 0.037037037037037035 0.037037037037037035 0.38461538461538464 0.3230769230769231 0.2 0.046153846153846156 0.046153846153846156 renqiuchen 3Сʱ_mousemovements
167.89637041666666 475.401418 234.790176 531.5923615 1131.2068485 1212.31374375 0 1376.287231 781.7417314 486.81259866666664 280.37225324999997 651.4174111428572 38.05228366666667 844.2926836666666 279.5617065 886.2645976666666 0.16666666666666666 0.1 0.13333333333333333 0.23333333333333334 0.1 0.1 0.06666666666666667 0.1 158.82798022471908 258.488899 205.71285581818182 0.8725490196078431 0.0196078431372549 0.10784313725490197 0.4 0.2 0.03333333333333333 0.06666666666666667 0.13333333333333333 0.13333333333333333 0.0 0.03333333333333333 0.45555555555555555 0.3888888888888889 0.05555555555555555 0.06666666666666667 0.03333333333333333 renqiuchen 3Сʱ_mousemovements
0 0 0 0 0 0 0 0 0 0 0 0 0 0 0 0 0 0 0 0 0 0 0 0 0 0 0 0 0 0 0 0 0 0 0 0 0 0 0 0 0 0 0 renqiuchen 3Сʱ_mousemovements
296.275988 612.5425720000001 554.928711 0 0 0 757.952026 0 193.7655375 314.1321375 458.71411149999994 522.6027525 0 643.966812 144.81234566666666 38.32085 0.1111111111111111 0.1111111111111111 0.2222222222222222 0.1111111111111111 0.0 0.2222222222222222 0.16666666666666666 0.05555555555555555 144.02794354166664 0 15.570573 0.96 0.0 0.04 0.7222222222222222 0.1111111111111111 0.1111111111111111 0.0 0.0 0.0 0.05555555555555555 0.0 0.6222222222222222 0.2 0.044444444444444446 0.044444444444444446 0.08888888888888889 renqiuchen 3Сʱ_mousemovements
143.84095968421053 1075.5314088 814.310303 0 0 2086.881897 0 0 13.526259000000001 102.59287666666667 2843.817627 948.1294612500001 255.24431919999998 311.18573 255.91611874999998 638.351793 0.1111111111111111 0.1111111111111111 0.037037037037037035 0.14814814814814814 0.18518518518518517 0.07407407407407407 0.14814814814814814 0.18518518518518517 211.09409114516131 0 10.875724 0.9841269841269841 0.0 0.015873015873015872 0.7037037037037037 0.18518518518518517 0.037037037037037035 0.0 0.0 0.07407407407407407 0.0 0.0 0.56 0.24 0.14 0.02 0.04 renqiuchen 3Сʱ_mousemovements
0 0 0 0 0 0 0 0 0 0 0 0 0 0 0 0 0 0 0 0 0 0 0 0 0 0 0 0 0 0 0 0 0 0 0 0 0 0 0 0 0 0 0 renqiuchen 3Сʱ_mousemovements
193.1430548387097 599.820186625 652.93638125 512.8877153333334 987.901733 0 1107.384033 1181.063477 609.1710815999999 191.9338991818182 514.9781888333333 374.16036988235294 440.72017675 359.6317086666666 291.07707066666666 625.4422167500001 0.09433962264150944 0.20754716981132076 0.11320754716981132 0.32075471698113206 0.07547169811320754 0.05660377358490566 0.05660377358490566 0.07547169811320754 118.09058300628932 483.571289 173.8361827777778 0.9408284023668639 0.005917159763313609 0.05325443786982249 0.5849056603773585 0.1509433962264151 0.1509433962264151 0.05660377358490566 0.018867924528301886 0.0 0.018867924528301886 0.018867924528301886 0.5686274509803921 0.21568627450980393 0.11764705882352941 0.06535947712418301 0.032679738562091505 renqiuchen 3Сʱ_mousemovements
121.00936133333335 583.173096 0 463.911896 0 0 0 0 106.694176 0 0 0 189.951813 66.382095 463.911896 583.173096 0.2 0.0 0.0 0.0 0.2 0.2 0.2 0.2 95.98078435714285 0 66.382095 0.9333333333333333 0.0 0.06666666666666667 0.6 0.2 0.0 0.2 0.0 0.0 0.0 0.0 0.5 0.25 0.16666666666666666 0.08333333333333333 0.0 renqiuchen 3Сʱ_mousemovements
232.6845983 381.656891 205.253967 256.576019 0 1047.9487913333335 1241.621704 0 322.16024733333336 421.7241819999999 491.2852783333333 182.791397 197.86508149999997 1312.432129 749.576202 38.46154 0.17647058823529413 0.23529411764705882 0.17647058823529413 0.058823529411764705 0.11764705882352941 0.058823529411764705 0.11764705882352941 0.058823529411764705 149.12834020833333 0 99.41015199999998 0.9230769230769231 0.0 0.07692307692307693 0.5882352941176471 0.058823529411764705 0.058823529411764705 0.058823529411764705 0.0 0.17647058823529413 0.058823529411764705 0.0 0.5813953488372093 0.11627906976744186 0.20930232558139536 0.09302325581395349 0.0 renqiuchen 3Сʱ_mousemovements
155.836058 238.009476 365.4068225 506.607391 628.6491699999999 0 1044.3990785 504.741638 614.4661716666666 180.643738 52.02607 748.4830320000001 0 388.7178293333333 187.201602 0 0.1875 0.125 0.0625 0.1875 0.0 0.1875 0.25 0.0 86.77307005769231 0 380.984282 0.9122807017543859 0.0 0.08771929824561403 0.4375 0.0625 0.125 0.0625 0.125 0.0 0.125 0.0625 0.5471698113207547 0.22641509433962265 0.11320754716981132 0.11320754716981132 0.0 renqiuchen 3Сʱ_mousemovements
0 0 0 0 0 0 0 0 0 0 0 0 0 0 0 0 0 0 0 0 0 0 0 0 0 0 0 0 0 0 0 0 0 0 0 0 0 0 0 0 0 0 0 renqiuchen 3Сʱ_mousemovements
189.4169532 314.043892 779.056946 2092.01001 0 1533.8132625 0 0 0 178.624802 1500.24588 199.463913 581.3531256 614.2599640000001 0 0 0.0 0.09090909090909091 0.18181818181818182 0.09090909090909091 0.45454545454545453 0.18181818181818182 0.0 0.0 172.92951360465116 0 25.965648666666667 0.9347826086956522 0.0 0.06521739130434782 0.45454545454545453 0.18181818181818182 0.09090909090909091 0.09090909090909091 0.0 0.18181818181818182 0.0 0.0 0.6888888888888889 0.2222222222222222 0.08888888888888889 0.0 0.0 renqiuchen 3Сʱ_mousemovements
314.2154136818182 234.2309836 848.3030717777777 1074.4239296666667 1276.8002625 2235.25723275 1897.4569095 624.858398 1086.6216508333332 695.6844445 1036.3575744999998 645.4047390000001 631.7851259999999 769.4799287692308 363.1083948888889 711.9297546 0.125 0.125 0.08333333333333333 0.041666666666666664 0.0625 0.2708333333333333 0.1875 0.10416666666666667 210.0920198391608 38.627419 298.4068044375 0.89375 0.00625 0.1 0.4583333333333333 0.10416666666666667 0.1875 0.0625 0.041666666666666664 0.08333333333333333 0.041666666666666664 0.020833333333333332 0.6174496644295302 0.2550335570469799 0.08053691275167785 0.040268456375838924 0.006711409395973154 renqiuchen 3Сʱ_mousemovements
0 0 0 0 542.276001 0 1387.322021 0 1387.322021 0 0 0 0 542.276001 0 0 0.5 0.0 0.0 0.0 0.0 0.5 0.0 0.0 231.22033683333333 0 542.276001 0.8571428571428571 0.0 0.14285714285714285 0.0 0.0 0.0 0.0 0.5 0.0 0.5 0.0 0.6666666666666666 0.0 0.16666666666666666 0.0 0.16666666666666666 renqiuchen 3Сʱ_mousemovements
372.59396890909085 357.234711 1052.464478 2422.3021544999997 0 0 0 675.885071 442.14415 713.4259340000001 1033.6892898 210.135897 675.885071 583.982727 0 0 0.1875 0.25 0.3125 0.125 0.0625 0.0625 0.0 0.0 233.2364271627907 63.037083 234.129694 0.8958333333333334 0.020833333333333332 0.08333333333333333 0.6875 0.0625 0.0625 0.125 0.0 0.0 0.0 0.0625 0.5952380952380952 0.2619047619047619 0.11904761904761904 0.023809523809523808 0.0 renqiuchen 3Сʱ_mousemovements
0 0 0 0 0 0 0 0 0 0 0 0 0 0 0 0 0 0 0 0 0 0 0 0 0 0 0 0 0 0 0 0 0 0 0 0 0 0 0 0 0 0 0 renqiuchen 3Сʱ_mousemovements
0 0 0 0 0 0 0 0 0 0 0 0 0 0 0 0 0 0 0 0 0 0 0 0 0 0 0 0 0 0 0 0 0 0 0 0 0 0 0 0 0 0 0 renqiuchen 3Сʱ_mousemovements
0 0 0 0 0 0 0 0 0 0 0 0 0 0 0 0 0 0 0 0 0 0 0 0 0 0 0 0 0 0 0 0 0 0 0 0 0 0 0 0 0 0 0 renqiuchen 3Сʱ_mousemovements
199.2470395 0 462.850952 1043.345825 0 0 0 0 0 612.2826765000001 462.850952 0 0 0 217.274551 0 0.0 0.5 0.25 0.0 0.0 0.0 0.25 0.0 158.724238 0 0 1.0 0.0 0.0 0.5 0.0 0.25 0.25 0.0 0.0 0.0 0.0 0.3 0.4 0.2 0.0 0.1 renqiuchen 3Сʱ_mousemovements
