151.55462791666667 724.213562 540.6578902499999 439.707352 764.4628605 617.144836 627.0250446666668 710.78656 108.5557555 669.4300842499999 385.027102125 450.78853625000005 129.032257 83.81569250000001 444.01258033333335 457.97171000000003 0.07692307692307693 0.15384615384615385 0.3076923076923077 0.15384615384615385 0.038461538461538464 0.07692307692307693 0.11538461538461539 0.07692307692307693 115.49011654166667 370.867523 180.83202514285716 0.8888888888888888 0.024691358024691357 0.08641975308641975 0.46153846153846156 0.038461538461538464 0.15384615384615385 0.07692307692307693 0.07692307692307693 0.038461538461538464 0.11538461538461539 0.038461538461538464 0.589041095890411 0.1917808219178082 0.1095890410958904 0.0821917808219178 0.0273972602739726 renqiuchen 4Сʱ_mousemovements
167.78845619148933 414.85004518750003 945.1956397142859 899.224237 861.4326275 1123.746185 1866.7713216666668 0 568.7152213333334 470.01667728571425 378.95677075000003 509.02898000000005 228.22320955555557 308.56148525000003 630.0655049333334 316.22974199999993 0.10465116279069768 0.08139534883720931 0.13953488372093023 0.20930232558139536 0.10465116279069768 0.046511627906976744 0.1744186046511628 0.13953488372093023 126.61746487318838 94.61724866666667 114.07596253333332 0.8932038834951457 0.009708737864077669 0.0970873786407767 0.5465116279069767 0.18604651162790697 0.08139534883720931 0.05813953488372093 0.06976744186046512 0.023255813953488372 0.03488372093023256 0.0 0.5290102389078498 0.2935153583617747 0.09897610921501707 0.06825938566552901 0.010238907849829351 renqiuchen 4Сʱ_mousemovements
136.80156479999997 277.53555800000004 526.330994 920.4239296666666 0 1460.033081 0 0 35.61108 107.983025 311.76082866666667 520.3533921999999 209.837234 406.0594635 564.8587466666667 275.5411165 0.05555555555555555 0.05555555555555555 0.16666666666666666 0.2777777777777778 0.05555555555555555 0.1111111111111111 0.16666666666666666 0.1111111111111111 96.98195634999999 25.712975 137.95347875 0.8695652173913043 0.014492753623188406 0.11594202898550725 0.5555555555555556 0.16666666666666666 0.05555555555555555 0.16666666666666666 0.0 0.05555555555555555 0.0 0.0 0.6212121212121212 0.24242424242424243 0.10606060606060606 0.030303030303030304 0.0 renqiuchen 4Сʱ_mousemovements
0 0 0 0 0 0 0 0 0 0 0 0 0 0 0 0 0 0 0 0 0 0 0 0 0 0 0 0 0 0 0 0 0 0 0 0 0 0 0 0 0 0 0 renqiuchen 4Сʱ_mousemovements
0 0 0 0 0 0 0 0 0 0 0 0 0 0 0 0 0 0 0 0 0 0 0 0 0 0 0 0 0 0 0 0 0 0 0 0 0 0 0 0 0 0 0 renqiuchen 4Сʱ_mousemovements
0 0 0 0 0 0 0 0 0 0 0 0 0 0 0 0 0 0 0 0 0 0 0 0 0 0 0 0 0 0 0 0 0 0 0 0 0 0 0 0 0 0 0 renqiuchen 4Сʱ_mousemovements
0 0 0 0 0 0 0 0 0 0 0 0 0 0 0 0 0 0 0 0 0 0 0 0 0 0 0 0 0 0 0 0 0 0 0 0 0 0 0 0 0 0 0 renqiuchen 4Сʱ_mousemovements
0 0 0 0 0 0 0 0 0 0 0 0 0 0 0 0 0 0 0 0 0 0 0 0 0 0 0 0 0 0 0 0 0 0 0 0 0 0 0 0 0 0 0 renqiuchen 4Сʱ_mousemovements
0 0 0 0 0 0 0 0 0 0 0 0 0 0 0 0 0 0 0 0 0 0 0 0 0 0 0 0 0 0 0 0 0 0 0 0 0 0 0 0 0 0 0 renqiuchen 4Сʱ_mousemovements
0 0 0 0 0 0 0 0 0 0 0 0 0 0 0 0 0 0 0 0 0 0 0 0 0 0 0 0 0 0 0 0 0 0 0 0 0 0 0 0 0 0 0 renqiuchen 4Сʱ_mousemovements
0 0 0 0 0 0 0 0 0 0 0 0 0 0 0 0 0 0 0 0 0 0 0 0 0 0 0 0 0 0 0 0 0 0 0 0 0 0 0 0 0 0 0 renqiuchen 4Сʱ_mousemovements
84.79163999999999 256.02211500000004 328.434601 1375.6237996666666 3493.865234 2801.084229 946.049377 1385.249146 1009.8162133333334 1046.336769 383.575378 391.537746 321.707917 103.079268 3493.865234 0 0.15 0.2 0.05 0.3 0.15 0.1 0.05 0.0 222.24667309677423 20.970562 113.0728907142857 0.8732394366197183 0.028169014084507043 0.09859154929577464 0.45 0.15 0.05 0.15 0.05 0.05 0.05 0.05 0.6764705882352942 0.14705882352941177 0.10294117647058823 0.04411764705882353 0.029411764705882353 renqiuchen 4Сʱ_mousemovements
269.0150800444444 470.8623921333334 704.4289856 536.0181601428571 924.5119743750001 1593.4440106666668 1365.8165477142854 915.903137 585.7085433000001 369.9090710625 631.1019831428572 517.2092236249999 456.09081492307695 448.29307700000004 682.7916726666667 826.8619741818183 0.10416666666666667 0.16666666666666666 0.07291666666666667 0.16666666666666666 0.13541666666666666 0.11458333333333333 0.125 0.11458333333333333 146.46470296666666 441.93294066666664 210.08195848571424 0.8875739644970414 0.008875739644970414 0.10355029585798817 0.46875 0.15625 0.10416666666666667 0.07291666666666667 0.08333333333333333 0.03125 0.07291666666666667 0.010416666666666666 0.6006493506493507 0.24675324675324675 0.06818181818181818 0.05844155844155844 0.025974025974025976 renqiuchen 4Сʱ_mousemovements
266.27771333333334 424.316856375 0 0 703.5878295 0 0 0 254.66532525 858.839111 593.592804 937.573303 271.96628050000004 295.202972 548.336548 232.8564125 0.25 0.0625 0.125 0.0625 0.25 0.0625 0.0625 0.125 134.6160963023256 548.336548 31.2740505 0.9347826086956522 0.021739130434782608 0.043478260869565216 0.375 0.5 0.0 0.0 0.125 0.0 0.0 0.0 0.4523809523809524 0.35714285714285715 0.07142857142857142 0.07142857142857142 0.047619047619047616 renqiuchen 4Сʱ_mousemovements
361.52087660000007 437.7389221666667 0 2063.543945 1577.4171143333333 1334.885742 1777.252686 2098.662598 1620.8501436666666 511.6860621999999 229.938896 288.95615399999997 401.2771302 977.1649782499999 13.801757 427.48019860000005 0.1875 0.15625 0.125 0.0625 0.15625 0.125 0.03125 0.15625 211.56071588888892 16.0 112.86706325 0.9166666666666666 0.009259259259259259 0.07407407407407407 0.6060606060606061 0.18181818181818182 0.0 0.030303030303030304 0.09090909090909091 0.030303030303030304 0.030303030303030304 0.030303030303030304 0.5392156862745098 0.28431372549019607 0.10784313725490197 0.058823529411764705 0.00980392156862745 renqiuchen 4Сʱ_mousemovements
159.9803295333333 518.5765602631578 592.0653319999999 1903.846623666667 1887.0356446666667 1195.578583 1602.5192412499998 934.793762 900.6023289230768 250.43720960000005 1101.7521446666667 345.79619841666675 193.41390930769228 898.4566385999999 872.036679 287.4023162142857 0.1511627906976744 0.11627906976744186 0.10465116279069768 0.13953488372093023 0.1511627906976744 0.05813953488372093 0.11627906976744186 0.16279069767441862 142.44108500354614 243.3522453333333 213.32299476666668 0.8867924528301887 0.018867924528301886 0.09433962264150944 0.5232558139534884 0.22093023255813954 0.05813953488372093 0.06976744186046512 0.03488372093023256 0.03488372093023256 0.046511627906976744 0.011627906976744186 0.5791245791245792 0.24579124579124578 0.09427609427609428 0.04040404040404041 0.04040404040404041 renqiuchen 4Сʱ_mousemovements
123.79299215094336 432.8522307727273 673.892526 874.4394028571429 1064.1184822857142 1608.6339460000002 563.288391 1686.196106 799.7706853888889 340.6478772 340.73906987500004 333.3407255833333 395.93837933333333 184.405177 782.0431336428572 549.1591893333333 0.16071428571428573 0.13392857142857142 0.07142857142857142 0.10714285714285714 0.21428571428571427 0.05357142857142857 0.125 0.13392857142857142 122.36125935263156 8.0 232.22578253658529 0.9004739336492891 0.002369668246445498 0.0971563981042654 0.4732142857142857 0.19642857142857142 0.044642857142857144 0.125 0.0625 0.0625 0.008928571428571428 0.026785714285714284 0.571072319201995 0.2743142144638404 0.08229426433915212 0.04488778054862843 0.02743142144638404 renqiuchen 4Сʱ_mousemovements
221.74927992105265 280.44133666666664 436.98881299999994 726.4216513333332 0 2141.977173 639.313904 1647.5680849999999 390.31771846153845 426.06274554545456 424.48008200000004 385.904300625 447.5056038181818 202.49587766666664 268.03929230000006 943.6874332499999 0.19402985074626866 0.16417910447761194 0.04477611940298507 0.11940298507462686 0.16417910447761194 0.04477611940298507 0.14925373134328357 0.11940298507462686 106.80438457333331 682.28717 198.77550603846157 0.8928571428571429 0.003968253968253968 0.10317460317460317 0.5671641791044776 0.13432835820895522 0.1044776119402985 0.08955223880597014 0.0 0.029850746268656716 0.014925373134328358 0.05970149253731343 0.6504065040650406 0.21138211382113822 0.08943089430894309 0.032520325203252036 0.016260162601626018 renqiuchen 4Сʱ_mousemovements
254.80606651999994 309.369184 425.02061966666673 1171.3350462000003 1346.04126 0 1630.5297417142854 2488.7911985 1612.5944723333334 1035.1842151111111 343.125117 538.0996725714286 212.73749242857144 647.8373985 328.79117537499997 1237.7543031999999 0.06 0.18 0.06 0.14 0.14 0.16 0.16 0.1 174.1676993831169 292.00258133333335 396.68491276470587 0.8850574712643678 0.017241379310344827 0.09770114942528736 0.5 0.12 0.06 0.1 0.04 0.0 0.14 0.04 0.7212121212121212 0.12121212121212122 0.09090909090909091 0.05454545454545454 0.012121212121212121 renqiuchen 4Сʱ_mousemovements
141.5392112857143 0 0 0 716.629883 1235.143311 0 0 0 716.629883 143.8180695 0 140.627668 1235.143311 0 0 0.0 0.1111111111111111 0.2222222222222222 0.0 0.5555555555555556 0.1111111111111111 0.0 0.0 121.03055908333334 0 37.814255 0.96 0.0 0.04 0.7777777777777778 0.0 0.0 0.0 0.1111111111111111 0.1111111111111111 0.0 0.0 0.55 0.35 0.05 0.05 0.0 renqiuchen 4Сʱ_mousemovements
375.9834987142857 444.34346557142857 0 651.9986473333333 1207.4370500000002 1242.9700925 1161.4364626666668 848.94873 641.4800324 726.7700674285713 231.771885 564.6923928888889 379.6718906666667 733.8077366666666 338.3894622 778.0955962 0.10416666666666667 0.14583333333333334 0.041666666666666664 0.1875 0.1875 0.125 0.10416666666666667 0.10416666666666667 159.5210592465754 498.0154523333333 223.5239691818182 0.9125 0.01875 0.06875 0.5833333333333334 0.14583333333333334 0.0 0.0625 0.08333333333333333 0.041666666666666664 0.0625 0.020833333333333332 0.6013513513513513 0.2635135135135135 0.060810810810810814 0.0472972972972973 0.02702702702702703 renqiuchen 4Сʱ_mousemovements
142.63737042857144 157.255264 613.3458066000001 1617.981496333333 675.587662 788.280518 1818.5460205 0 318.47340933333334 218.605614 1328.2821778 532.759505 147.6759512 978.32221875 474.382294 0 0.10714285714285714 0.25 0.17857142857142858 0.10714285714285714 0.17857142857142858 0.14285714285714285 0.03571428571428571 0.0 95.27835363768116 474.382294 222.86047590000004 0.9261744966442953 0.006711409395973154 0.06711409395973154 0.5 0.03571428571428571 0.17857142857142858 0.10714285714285714 0.07142857142857142 0.03571428571428571 0.07142857142857142 0.0 0.6595744680851063 0.19148936170212766 0.07092198581560284 0.03546099290780142 0.0425531914893617 renqiuchen 4Сʱ_mousemovements
207.74573602857143 526.9818185384615 944.7662293999999 914.3074515714286 1613.9781291666666 1383.1005859999998 714.626119 1240.3596596666666 608.5858878461538 854.6019637999998 747.1332888888888 503.52336833333334 333.4793308571428 278.15421200000003 443.38329699999997 985.8555623750001 0.17333333333333334 0.13333333333333333 0.12 0.16 0.18666666666666668 0.06666666666666667 0.05333333333333334 0.10666666666666667 147.26730643083008 11.313708 274.0726194285714 0.8971631205673759 0.0035460992907801418 0.09929078014184398 0.4666666666666667 0.17333333333333334 0.06666666666666667 0.09333333333333334 0.08 0.04 0.04 0.04 0.6037037037037037 0.2518518518518518 0.07037037037037037 0.06296296296296296 0.011111111111111112 renqiuchen 4Сʱ_mousemovements
174.61384868965519 439.2745285 648.257198375 723.129936125 1371.5146221428572 1025.74206525 828.1583253333333 932.062927 758.924194 662.7187804 739.4253960000001 293.279719 175.6096555 531.1240805000001 595.9468155555555 802.5465660000001 0.125 0.15625 0.15625 0.140625 0.125 0.09375 0.140625 0.0625 137.62677235909092 525.1898195 185.212259 0.9053497942386831 0.01646090534979424 0.07818930041152264 0.453125 0.03125 0.125 0.125 0.109375 0.0625 0.046875 0.046875 0.6017699115044248 0.20353982300884957 0.13274336283185842 0.05309734513274336 0.008849557522123894 renqiuchen 4Сʱ_mousemovements
177.4225998 333.22903433333335 738.345764 0 0 0 0 0 437.811584 420.882557 107.768738 291.61341849999997 146.3358075 0 361.901978 0 0.1111111111111111 0.2222222222222222 0.1111111111111111 0.2222222222222222 0.2222222222222222 0.0 0.1111111111111111 0.0 76.43695157692306 0 318.8925625 0.9285714285714286 0.0 0.07142857142857142 0.5555555555555556 0.3333333333333333 0.1111111111111111 0.0 0.0 0.0 0.0 0.0 0.6153846153846154 0.19230769230769232 0.15384615384615385 0.038461538461538464 0.0 renqiuchen 4Сʱ_mousemovements
232.4081131818182 334.82480250000003 753.154663 503.000549 1378.3069253333333 0 0 2051.621826 432.28798900000004 1689.599121 0 0 234.277857 503.000549 584.55946525 190.1101075 0.22727272727272727 0.13636363636363635 0.0 0.0 0.3181818181818182 0.045454545454545456 0.18181818181818182 0.09090909090909091 171.40363003076925 261.422882 137.79641959999998 0.9154929577464789 0.014084507042253521 0.07042253521126761 0.5 0.18181818181818182 0.09090909090909091 0.045454545454545456 0.13636363636363635 0.0 0.0 0.045454545454545456 0.5454545454545454 0.3181818181818182 0.045454545454545456 0.030303030303030304 0.06060606060606061 renqiuchen 4Сʱ_mousemovements
104.00253785714287 303.90026025 825.3308003333333 389.210419 0 1201.6289427999998 1290.6193845 696.014282 864.07019675 345.55350362499996 553.2484956000001 463.25501349999996 231.266780875 490.665793125 139.54494914285715 389.210419 0.08888888888888889 0.17777777777777778 0.1111111111111111 0.08888888888888889 0.17777777777777778 0.17777777777777778 0.15555555555555556 0.022222222222222223 75.19958352747253 0 165.19741542307696 0.875 0.0 0.125 0.4666666666666667 0.26666666666666666 0.06666666666666667 0.022222222222222223 0.0 0.1111111111111111 0.044444444444444446 0.022222222222222223 0.5077720207253886 0.29015544041450775 0.13471502590673576 0.03626943005181347 0.031088082901554404 renqiuchen 4Сʱ_mousemovements
223.66563000000002 0 554.0953876666667 508.993622 813.6500245 599.011841 0 0 580.77002 1077.983887 59.618996 0 574.1640015 0 315.46963 848.205139 0.09090909090909091 0.09090909090909091 0.09090909090909091 0.0 0.18181818181818182 0.0 0.45454545454545453 0.09090909090909091 134.33147065517244 599.011841 265.87656833333335 0.8787878787878788 0.030303030303030304 0.09090909090909091 0.36363636363636365 0.0 0.2727272727272727 0.09090909090909091 0.18181818181818182 0.09090909090909091 0.0 0.0 0.59375 0.21875 0.0625 0.0625 0.0625 renqiuchen 4Сʱ_mousemovements
0 0 0 0 0 0 0 0 0 0 0 0 0 0 0 0 0 0 0 0 0 0 0 0 0 0 0 0 0 0 0 0 0 0 0 0 0 0 0 0 0 0 0 renqiuchen 4Сʱ_mousemovements
0 0 0 0 0 0 0 0 0 0 0 0 0 0 0 0 0 0 0 0 0 0 0 0 0 0 0 0 0 0 0 0 0 0 0 0 0 0 0 0 0 0 0 renqiuchen 4Сʱ_mousemovements
