185.793304 0 0 0 0 0 0 0 0 0 0 185.793304 0 0 0 0 0.0 0.0 0.0 1.0 0.0 0.0 0.0 0.0 92.896652 0 0 1.0 0.0 0.0 1.0 0.0 0.0 0.0 0.0 0.0 0.0 0.0 0.0 1.0 0.0 0.0 0.0 renqiuchen 8Сʱ_mousemovements
0 0 0 0 0 0 0 0 0 0 0 0 0 0 0 0 0 0 0 0 0 0 0 0 0 0 0 0 0 0 0 0 0 0 0 0 0 0 0 0 0 0 0 renqiuchen 8Сʱ_mousemovements
151.08495954545455 512.5546876666666 412.644119 722.0405045 1151.5819394999999 2314.581299 767.226257 1076.177368 524.383072 264.9727445 771.3796615 542.8992575000001 410.289856 311.218109 649.1475116666667 816.6224245000001 0.08 0.24 0.08 0.24 0.04 0.04 0.12 0.16 169.0909726621622 465.157806 79.26157880000001 0.925 0.0125 0.0625 0.44 0.12 0.08 0.16 0.08 0.04 0.04 0.04 0.5070422535211268 0.29577464788732394 0.14084507042253522 0.028169014084507043 0.028169014084507043 renqiuchen 8Сʱ_mousemovements
220.566449 164.06232999999997 696.6427 2001.074951 0 523.799316 1235.714844 2240.958893 2751.1325685 355.96475200000003 0 183.50101700000002 419.4851606666667 523.799316 417.543915 688.8850025 0.13333333333333333 0.2 0.0 0.2 0.2 0.06666666666666667 0.06666666666666667 0.13333333333333333 169.84123504 0 441.2338820000001 0.9090909090909091 0.0 0.09090909090909091 0.3333333333333333 0.26666666666666666 0.06666666666666667 0.06666666666666667 0.0 0.06666666666666667 0.06666666666666667 0.13333333333333333 0.6136363636363636 0.20454545454545456 0.045454545454545456 0.045454545454545456 0.09090909090909091 renqiuchen 8Сʱ_mousemovements
155.33880627586208 627.5191342105262 677.9809569166666 582.4695008 769.7620035555555 3294.5356905 596.9520975 1904.7209473333332 238.1689804375 803.855079117647 565.21791645 561.9015127272727 237.67139155999993 335.9910524285714 558.1690515666667 467.1897649333333 0.1032258064516129 0.10967741935483871 0.12903225806451613 0.07096774193548387 0.16129032258064516 0.13548387096774195 0.1935483870967742 0.0967741935483871 161.97259186881192 289.26497885714286 236.12488583333328 0.9417249417249417 0.016317016317016316 0.04195804195804196 0.5612903225806452 0.12258064516129032 0.07741935483870968 0.0967741935483871 0.05806451612903226 0.025806451612903226 0.03870967741935484 0.01935483870967742 0.5195822454308094 0.2845953002610966 0.1122715404699739 0.04699738903394256 0.03655352480417755 renqiuchen 8Сʱ_mousemovements
153.52080412799998 459.3135142962962 785.8461178636364 890.208587625 705.855899875 537.8179108 1299.2258605 814.936076 318.8786625555556 245.65878443478263 708.8216150000001 299.6798818611111 193.59702544 285.0469038 391.21474356666664 274.075807137931 0.045 0.115 0.14 0.18 0.125 0.1 0.15 0.145 128.55356940040656 154.66571849999997 269.7665922352941 0.9479768786127167 0.019267822736030827 0.03275529865125241 0.625 0.135 0.11 0.04 0.04 0.025 0.01 0.015 0.510548523206751 0.2616033755274262 0.12025316455696203 0.04852320675105485 0.05907172995780591 renqiuchen 8Сʱ_mousemovements
179.6351794296875 450.5203278648649 598.4816377692308 577.9479125 820.5339048333334 921.4148 1742.5017177142856 2344.82238 975.4598911666666 345.02288484 321.1008488947368 383.16843188888896 311.96680507692304 315.04434432 206.67605488888893 688.0601524090908 0.08530805687203792 0.11848341232227488 0.09004739336492891 0.12796208530805686 0.1848341232227488 0.11848341232227488 0.17061611374407584 0.10426540284360189 137.48903020648467 214.1512268 106.21945447058822 0.9376 0.008 0.0544 0.6066350710900474 0.17535545023696683 0.061611374407582936 0.04739336492890995 0.02843601895734597 0.02843601895734597 0.03317535545023697 0.018957345971563982 0.5511265164644714 0.2651646447140381 0.09532062391681109 0.053726169844020795 0.03466204506065858 renqiuchen 8Сʱ_mousemovements
206.53807732051288 987.5889542857142 678.4437852000001 1590.4992811111108 548.6028695 1551.33242825 1503.7513833333335 1586.6296995 878.9489626249999 487.4137546875 883.0525851333334 423.05172428571433 303.3984354782609 474.7179094166667 544.5723136190476 785.78446725 0.064 0.128 0.12 0.112 0.184 0.096 0.168 0.128 185.78356280116958 917.618801 265.44288020000005 0.9395604395604396 0.005494505494505495 0.054945054945054944 0.624 0.056 0.08 0.072 0.048 0.064 0.024 0.032 0.5077399380804953 0.29102167182662536 0.09287925696594428 0.058823529411764705 0.04953560371517028 renqiuchen 8Сʱ_mousemovements
166.05712518181818 549.6473461739131 1095.3368638235295 834.7647400909092 694.7418874166666 1180.972116 1138.12583925 592.0495605 629.8644869545454 304.2680142631579 505.44082147826083 348.2743000333333 414.2180350434783 425.7784385 374.28582563333333 763.9550775714285 0.12359550561797752 0.10674157303370786 0.12921348314606743 0.16853932584269662 0.12921348314606743 0.056179775280898875 0.16853932584269662 0.11797752808988764 160.23617383298097 54.1047682 248.35834829629627 0.9366336633663367 0.009900990099009901 0.053465346534653464 0.5561797752808989 0.12921348314606743 0.09550561797752809 0.06179775280898876 0.06741573033707865 0.056179775280898875 0.02247191011235955 0.011235955056179775 0.5255319148936171 0.29148936170212764 0.08723404255319149 0.06595744680851064 0.029787234042553193 renqiuchen 8Сʱ_mousemovements
142.95658084782605 398.3823088571429 447.32617675 1075.458208142857 823.174908764706 1202.6201003333333 620.241333 1098.6480041999998 514.3903441 618.3360105294119 317.05686447058827 321.55830573076923 358.6625312068966 378.73982016666673 248.00466618181815 581.987997611111 0.06369426751592357 0.10828025477707007 0.10828025477707007 0.16560509554140126 0.18471337579617833 0.11464968152866242 0.14012738853503184 0.11464968152866242 111.17883837204302 226.28987 273.8361963947368 0.9207920792079208 0.0039603960396039604 0.07524752475247524 0.5859872611464968 0.08917197452229299 0.07643312101910828 0.044585987261146494 0.10828025477707007 0.05732484076433121 0.006369426751592357 0.03184713375796178 0.6012931034482759 0.20905172413793102 0.10129310344827586 0.05603448275862069 0.032327586206896554 renqiuchen 8Сʱ_mousemovements
216.73171607500004 462.7797517647059 487.5923765714286 980.2509187777778 1014.5046386 1593.7600963333334 684.922638 638.4859413333334 594.3042865 440.3157742631579 390.854179 270.4808575 408.17097013333336 391.92862825000003 506.2099153181817 612.0868720999999 0.10596026490066225 0.12582781456953643 0.07947019867549669 0.13245033112582782 0.1986754966887417 0.07947019867549669 0.1456953642384106 0.13245033112582782 159.17293337810943 85.118774 248.7485778235294 0.9571428571428572 0.002380952380952381 0.04047619047619048 0.5298013245033113 0.2251655629139073 0.046357615894039736 0.059602649006622516 0.06622516556291391 0.039735099337748346 0.013245033112582781 0.019867549668874173 0.5570652173913043 0.2608695652173913 0.09782608695652174 0.05434782608695652 0.029891304347826088 renqiuchen 8Сʱ_mousemovements
207.732983076087 480.85864445454536 689.0103411818181 1129.8439579999997 1125.5746281666668 1331.8858235555554 1268.049463375 1891.1454263333333 803.0014124285714 421.0604043846155 617.7310637857142 477.35765957142854 291.5461292142857 488.1381360000001 310.21323095238085 945.7296712758621 0.08333333333333333 0.07738095238095238 0.08333333333333333 0.20833333333333334 0.16666666666666666 0.08333333333333333 0.125 0.17261904761904762 179.9196716257928 71.5033672 252.26819695454543 0.946 0.01 0.044 0.5476190476190477 0.13095238095238096 0.06547619047619048 0.06547619047619048 0.07142857142857142 0.05357142857142857 0.047619047619047616 0.017857142857142856 0.545054945054945 0.24175824175824176 0.10989010989010989 0.05274725274725275 0.05054945054945055 renqiuchen 8Сʱ_mousemovements
136.55767977192983 528.7136050833334 287.41358975 722.8332336000001 867.692226 713.3827716666666 1618.191670833333 1155.6548635714285 430.0937986 323.0748854 553.10019875 429.2169789999999 293.8837592857143 569.4709695 282.4411732857143 793.8456187142856 0.09433962264150944 0.14150943396226415 0.11320754716981132 0.12264150943396226 0.1320754716981132 0.1320754716981132 0.1320754716981132 0.1320754716981132 142.12429689341693 169.02646525 119.30043333333333 0.9273255813953488 0.011627906976744186 0.061046511627906974 0.5377358490566038 0.11320754716981132 0.03773584905660377 0.09433962264150944 0.0660377358490566 0.02830188679245283 0.05660377358490566 0.0660377358490566 0.5514018691588785 0.2336448598130841 0.11214953271028037 0.06542056074766354 0.037383177570093455 renqiuchen 8Сʱ_mousemovements
151.31262640229883 419.33182766666664 779.9330256923078 1527.2520074444444 806.9735168666666 1218.1322073333333 830.77566525 541.1768696666667 546.5132940714286 314.05523587500005 534.9263421666668 365.1750941785714 187.7561463333333 252.4605172 581.12318495 658.1550338518516 0.09395973154362416 0.053691275167785234 0.12080536912751678 0.18791946308724833 0.1610738255033557 0.06711409395973154 0.1342281879194631 0.18120805369127516 138.32005821990742 29.37341325 243.2906775185185 0.9330453563714903 0.008639308855291577 0.058315334773218146 0.5838926174496645 0.08053691275167785 0.087248322147651 0.06040268456375839 0.10067114093959731 0.040268456375838924 0.026845637583892617 0.020134228187919462 0.551980198019802 0.26485148514851486 0.10148514851485149 0.04207920792079208 0.039603960396039604 renqiuchen 8Сʱ_mousemovements
165.27940105232562 445.6476981000001 632.3125233846155 716.6209229000001 679.8508270999998 1137.4074315714286 2270.31459825 1625.43525675 362.13473948000006 599.9442216551723 312.54206874999994 347.9218887575758 158.7384317575757 236.24770332000003 338.06245911764705 693.0658376296296 0.1 0.116 0.112 0.132 0.264 0.1 0.068 0.108 129.9441024442725 20.488846 141.69007192 0.9598811292719168 0.0029717682020802376 0.03714710252600297 0.688 0.12 0.052 0.04 0.04 0.028 0.016 0.016 0.5766192733017378 0.21169036334913113 0.11058451816745656 0.06635071090047394 0.03475513428120063 renqiuchen 8Сʱ_mousemovements
