164.48666061016957 433.04789911764703 798.0910035454546 767.9336984285716 837.19018575 954.8790686666666 1246.8981831666667 710.78656 485.049863909091 542.5306434545454 381.3849033 498.43980840909103 218.30411429999998 233.64622099999997 599.0566841666667 336.4785945714286 0.09821428571428571 0.09821428571428571 0.17857142857142858 0.19642857142857142 0.08928571428571429 0.05357142857142857 0.16071428571428573 0.125 124.31525487356318 205.1173584 126.70548789189192 0.8923076923076924 0.01282051282051282 0.09487179487179487 0.5267857142857143 0.15178571428571427 0.09821428571428571 0.0625 0.07142857142857142 0.026785714285714284 0.05357142857142857 0.008928571428571428 0.5409836065573771 0.273224043715847 0.10109289617486339 0.07103825136612021 0.01366120218579235 renqiuchen 4Сʱ_mousemovements
136.80156479999997 277.53555800000004 526.330994 920.4239296666666 0 1460.033081 0 0 35.61108 107.983025 311.76082866666667 520.3533921999999 209.837234 406.0594635 564.8587466666667 275.5411165 0.05555555555555555 0.05555555555555555 0.16666666666666666 0.2777777777777778 0.05555555555555555 0.1111111111111111 0.16666666666666666 0.1111111111111111 96.98195634999999 25.712975 137.95347875 0.8695652173913043 0.014492753623188406 0.11594202898550725 0.5555555555555556 0.16666666666666666 0.05555555555555555 0.16666666666666666 0.0 0.05555555555555555 0.0 0.0 0.6212121212121212 0.24242424242424243 0.10606060606060606 0.030303030303030304 0.0 renqiuchen 4Сʱ_mousemovements
0 0 0 0 0 0 0 0 0 0 0 0 0 0 0 0 0 0 0 0 0 0 0 0 0 0 0 0 0 0 0 0 0 0 0 0 0 0 0 0 0 0 0 renqiuchen 4Сʱ_mousemovements
0 0 0 0 0 0 0 0 0 0 0 0 0 0 0 0 0 0 0 0 0 0 0 0 0 0 0 0 0 0 0 0 0 0 0 0 0 0 0 0 0 0 0 renqiuchen 4Сʱ_mousemovements
0 0 0 0 0 0 0 0 0 0 0 0 0 0 0 0 0 0 0 0 0 0 0 0 0 0 0 0 0 0 0 0 0 0 0 0 0 0 0 0 0 0 0 renqiuchen 4Сʱ_mousemovements
84.79163999999999 256.02211500000004 328.434601 1375.6237996666666 3493.865234 2801.084229 946.049377 1385.249146 1009.8162133333334 1046.336769 383.575378 391.537746 321.707917 103.079268 3493.865234 0 0.15 0.2 0.05 0.3 0.15 0.1 0.05 0.0 222.24667309677423 20.970562 113.0728907142857 0.8732394366197183 0.028169014084507043 0.09859154929577464 0.45 0.15 0.05 0.15 0.05 0.05 0.05 0.05 0.6764705882352942 0.14705882352941177 0.10294117647058823 0.04411764705882353 0.029411764705882353 renqiuchen 4Сʱ_mousemovements
268.6930369019607 454.6726405652174 704.4289856 536.0181601428571 880.3271454 1593.4440106666668 1365.8165477142854 915.903137 491.1247667142858 398.66966164705883 622.76661 541.9365224117646 412.76739505882364 435.53556825000004 672.4489707692308 735.4765031538461 0.125 0.15178571428571427 0.08035714285714286 0.15178571428571427 0.15178571428571427 0.10714285714285714 0.11607142857142858 0.11607142857142858 144.97930912827988 468.5338425 200.41666616216213 0.8932291666666666 0.010416666666666666 0.09635416666666667 0.45535714285714285 0.20535714285714285 0.08928571428571429 0.0625 0.08928571428571429 0.026785714285714284 0.0625 0.008928571428571428 0.5828571428571429 0.26 0.06857142857142857 0.06 0.02857142857142857 renqiuchen 4Сʱ_mousemovements
221.99280555384613 499.17552712 592.0653319999999 1926.6605267142857 1732.2263795 1230.40537275 1637.4659302 1516.72818 1128.0490072631576 337.5201604666666 833.5019143076926 337.67619207142855 251.1536928888889 933.4381228888888 794.0153224545454 324.26491684210527 0.16101694915254236 0.1271186440677966 0.11016949152542373 0.11864406779661017 0.15254237288135594 0.07627118644067797 0.09322033898305085 0.16101694915254236 160.40130405249346 210.8733531428571 192.17437760526312 0.8943661971830986 0.01643192488262911 0.0892018779342723 0.5462184873949579 0.21008403361344538 0.04201680672268908 0.058823529411764705 0.05042016806722689 0.03361344537815126 0.04201680672268908 0.01680672268907563 0.568922305764411 0.2556390977443609 0.09774436090225563 0.045112781954887216 0.03258145363408521 renqiuchen 4Сʱ_mousemovements
164.69781561538457 388.6039066774194 535.6986934166667 830.0340774 1064.1184822857142 1727.1546631111112 601.3011475000001 1664.1229511428571 628.0646024838711 376.78493688461543 363.57752772727275 354.3661556 412.1452213142857 190.43541055555553 567.8748664166667 686.3864046086956 0.17318435754189945 0.1452513966480447 0.061452513966480445 0.11173184357541899 0.19553072625698323 0.05027932960893855 0.1340782122905028 0.12849162011173185 116.57564476528931 345.143585 219.24507822388057 0.8976261127596439 0.002967359050445104 0.09940652818991098 0.5083798882681564 0.17318435754189945 0.0670391061452514 0.11173184357541899 0.03910614525139665 0.05027932960893855 0.0111731843575419 0.03910614525139665 0.6012364760432767 0.250386398763524 0.08500772797527048 0.0401854714064915 0.023183925811437404 renqiuchen 4Сʱ_mousemovements
230.02894193749998 309.369184 425.02061966666673 1171.3350462000003 1136.2374676666666 1235.143311 1630.5297417142854 2488.7911985 1612.5944723333334 1003.3287819 263.402298 538.0996725714286 182.69173225 713.0936109999999 328.79117537499997 1237.7543031999999 0.05084745762711865 0.1694915254237288 0.0847457627118644 0.11864406779661017 0.2033898305084746 0.15254237288135594 0.13559322033898305 0.0847457627118644 167.0031411404495 292.00258133333335 376.747654 0.8944723618090452 0.01507537688442211 0.09045226130653267 0.5423728813559322 0.1016949152542373 0.05084745762711865 0.0847457627118644 0.05084745762711865 0.01694915254237288 0.11864406779661017 0.03389830508474576 0.7027027027027027 0.14594594594594595 0.08648648648648649 0.05405405405405406 0.010810810810810811 renqiuchen 4Сʱ_mousemovements
298.2014559523809 408.457440375 613.3458066000001 1134.990071833333 1030.1539206666669 1091.406901 1424.2802858 848.94873 520.35254875 472.6878407142857 1014.9935227142857 556.7091709166667 296.816198 831.6135295 361.05493416666667 778.0955962 0.10526315789473684 0.18421052631578946 0.09210526315789473 0.15789473684210525 0.18421052631578946 0.13157894736842105 0.07894736842105263 0.06578947368421052 128.30453328169014 492.10716275 223.20802000000003 0.919093851132686 0.012944983818770227 0.06796116504854369 0.5526315789473685 0.10526315789473684 0.06578947368421052 0.07894736842105263 0.07894736842105263 0.039473684210526314 0.06578947368421052 0.013157894736842105 0.629757785467128 0.22837370242214533 0.0657439446366782 0.04152249134948097 0.03460207612456748 renqiuchen 4Сʱ_mousemovements
192.73284957812498 515.2875132 762.2991333846154 812.34611 1483.4208561538462 1178.8957169999999 771.3922221666667 1086.2112933333333 665.8576235238094 758.6603720999999 743.0765031578948 413.4189471904763 276.0721761818181 416.1377766363637 549.0041944615384 924.7525635833334 0.1510791366906475 0.14388489208633093 0.1366906474820144 0.1510791366906475 0.15827338129496402 0.07913669064748201 0.09352517985611511 0.08633093525179857 142.78333709513737 422.4145972 238.15034606382974 0.900952380952381 0.009523809523809525 0.08952380952380952 0.460431654676259 0.1079136690647482 0.09352517985611511 0.1079136690647482 0.09352517985611511 0.050359712230215826 0.04316546762589928 0.04316546762589928 0.6028225806451613 0.22983870967741934 0.09879032258064516 0.05846774193548387 0.010080645161290322 renqiuchen 4Сʱ_mousemovements
215.22514025 334.1409018571429 748.2183633333334 503.000549 1378.3069253333333 0 0 2051.621826 433.2085881666667 1182.1124954000002 107.768738 291.61341849999997 214.73517933333335 503.000549 540.0279677999999 190.1101075 0.1935483870967742 0.16129032258064516 0.03225806451612903 0.06451612903225806 0.2903225806451613 0.03225806451612903 0.16129032258064516 0.06451612903225806 144.27029332967032 261.422882 189.53817471428576 0.9191919191919192 0.010101010101010102 0.0707070707070707 0.5161290322580645 0.22580645161290322 0.0967741935483871 0.03225806451612903 0.0967741935483871 0.0 0.0 0.03225806451612903 0.5652173913043478 0.2826086956521739 0.07608695652173914 0.03260869565217391 0.043478260869565216 renqiuchen 4Сʱ_mousemovements
123.1486326 303.90026025 689.7130940000001 449.1020205 813.6500245 1101.1927591666665 1290.6193845 696.014282 807.4101614 426.93465733333335 470.97691233333336 463.25501349999996 299.846225 490.665793125 212.84689949999998 618.7077790000001 0.08928571428571429 0.16071428571428573 0.10714285714285714 0.07142857142857142 0.17857142857142858 0.14285714285714285 0.21428571428571427 0.03571428571428571 83.32671493364928 599.011841 175.61250020689656 0.8755186721991701 0.004149377593360996 0.12033195020746888 0.44642857142857145 0.21428571428571427 0.10714285714285714 0.03571428571428571 0.03571428571428571 0.10714285714285714 0.03571428571428571 0.017857142857142856 0.52 0.28 0.12444444444444444 0.04 0.035555555555555556 renqiuchen 4Сʱ_mousemovements
0 0 0 0 0 0 0 0 0 0 0 0 0 0 0 0 0 0 0 0 0 0 0 0 0 0 0 0 0 0 0 0 0 0 0 0 0 0 0 0 0 0 0 renqiuchen 4Сʱ_mousemovements
