99.0146628 253.0955505 300.535156 808.060211 1214.772583 632.7130533333334 783.6216585000001 0 205.528872 90.04074424999999 770.6377640000001 0 201.062286 1222.598999 353.80609875 587.308594 0.19047619047619047 0.19047619047619047 0.19047619047619047 0.0 0.14285714285714285 0.047619047619047616 0.19047619047619047 0.047619047619047616 75.70341831343283 0 302.1019340000001 0.8701298701298701 0.0 0.12987012987012986 0.47619047619047616 0.09523809523809523 0.047619047619047616 0.09523809523809523 0.047619047619047616 0.14285714285714285 0.09523809523809523 0.0 0.5285714285714286 0.18571428571428572 0.15714285714285714 0.1 0.02857142857142857 dongzhenyu 9Сʱ_mousemovements
0 0 0 0 0 0 0 0 0 0 0 0 0 0 0 0 0 0 0 0 0 0 0 0 0 0 0 0 0 0 0 0 0 0 0 0 0 0 0 0 0 0 0 dongzhenyu 9Сʱ_mousemovements
1087.242432 0 0 0 0 0 0 0 0 0 0 0 0 1087.242432 0 0 0.0 0.0 0.0 0.0 0.0 1.0 0.0 0.0 543.621216 0 0 1.0 0.0 0.0 1.0 0.0 0.0 0.0 0.0 0.0 0.0 0.0 1.0 0.0 0.0 0.0 0.0 dongzhenyu 9Сʱ_mousemovements
0 0 0 0 0 0 0 0 0 0 0 0 0 0 0 0 0 0 0 0 0 0 0 0 0 0 0 0 0 0 0 0 0 0 0 0 0 0 0 0 0 0 0 dongzhenyu 9Сʱ_mousemovements
0 0 0 0 0 0 0 0 0 0 0 0 0 0 0 0 0 0 0 0 0 0 0 0 0 0 0 0 0 0 0 0 0 0 0 0 0 0 0 0 0 0 0 dongzhenyu 9Сʱ_mousemovements
0 0 0 0 0 0 0 0 0 0 0 0 0 0 0 0 0 0 0 0 0 0 0 0 0 0 0 0 0 0 0 0 0 0 0 0 0 0 0 0 0 0 0 dongzhenyu 9Сʱ_mousemovements
10.752688 0 0 1449.19873 0 0 0 0 0 0 0 0 10.752688 1449.19873 0 0 0.0 0.0 0.0 0.0 0.5 0.5 0.0 0.0 243.32523633333335 0 0 1.0 0.0 0.0 0.5 0.0 0.0 0.5 0.0 0.0 0.0 0.0 0.4 0.4 0.2 0.0 0.0 dongzhenyu 9Сʱ_mousemovements
0 0 0 0 0 0 0 0 0 0 0 0 0 0 0 0 0 0 0 0 0 0 0 0 0 0 0 0 0 0 0 0 0 0 0 0 0 0 0 0 0 0 0 dongzhenyu 9Сʱ_mousemovements
321.82829879999997 1245.3026925 1991.879097 2708.4101565 3843.58221425 0 0 0 1873.1369628571429 1316.993958625 699.3623428333334 258.72409433333337 2099.7283896666668 972.6715437142857 1956.300049 785.38538 0.16666666666666666 0.19047619047619047 0.14285714285714285 0.07142857142857142 0.14285714285714285 0.16666666666666666 0.023809523809523808 0.09523809523809523 467.76176817857146 51.6543865 90.36323614285713 0.9256198347107438 0.01652892561983471 0.05785123966942149 0.47619047619047616 0.19047619047619047 0.19047619047619047 0.047619047619047616 0.09523809523809523 0.0 0.0 0.0 0.6695652173913044 0.22608695652173913 0.06086956521739131 0.017391304347826087 0.02608695652173913 dongzhenyu 9Сʱ_mousemovements
124.38353831818178 383.8197023333334 531.0786285 793.367798 826.1450195 607.381958 0 0 289.304993 651.810903 399.9300966 216.23301112500002 114.26757055555555 91.74929800000001 418.3386638333334 496.159963 0.02564102564102564 0.07692307692307693 0.1282051282051282 0.20512820512820512 0.23076923076923078 0.10256410256410256 0.15384615384615385 0.07692307692307693 91.6671945392157 246.3683166666667 89.98428833333334 0.8947368421052632 0.05263157894736842 0.05263157894736842 0.5641025641025641 0.23076923076923078 0.10256410256410256 0.02564102564102564 0.05128205128205128 0.02564102564102564 0.0 0.0 0.6019417475728155 0.17475728155339806 0.11650485436893204 0.05825242718446602 0.04854368932038835 dongzhenyu 9Сʱ_mousemovements
91.86923532142859 468.9144145384616 644.9512023333333 587.1003313333334 435.76152049999996 0 579.90830225 0 456.1693420000001 140.9752593 194.715452 596.3693796666666 186.05852653846154 307.200714 431.58124788888887 138.48803533333333 0.11320754716981132 0.18867924528301888 0.03773584905660377 0.11320754716981132 0.24528301886792453 0.018867924528301886 0.16981132075471697 0.11320754716981132 84.5823283414634 177.86600928571428 229.81461047058824 0.8367346938775511 0.047619047619047616 0.11564625850340136 0.5283018867924528 0.24528301886792453 0.05660377358490566 0.05660377358490566 0.03773584905660377 0.0 0.07547169811320754 0.0 0.5864661654135338 0.21052631578947367 0.08270676691729323 0.07518796992481203 0.045112781954887216 dongzhenyu 9Сʱ_mousemovements
103.0304106862745 266.00300949999996 400.9218243333333 396.50314849999995 534.033315 620.6669816666666 342.639709 0 183.8815368 239.83960109999998 158.2816385 469.71862425 147.6616514 175.4122823333333 202.6327357 114.71392666666668 0.07042253521126761 0.14084507042253522 0.08450704225352113 0.056338028169014086 0.2112676056338028 0.2112676056338028 0.14084507042253522 0.08450704225352113 53.9056442793296 23.17559225 188.822631 0.8774509803921569 0.0196078431372549 0.10294117647058823 0.7183098591549296 0.056338028169014086 0.04225352112676056 0.08450704225352113 0.04225352112676056 0.04225352112676056 0.014084507042253521 0.0 0.680628272251309 0.16753926701570682 0.07329842931937172 0.04712041884816754 0.031413612565445025 dongzhenyu 9Сʱ_mousemovements
144.341528244186 372.94382635714277 663.3834026666667 572.08851625 588.7976685 1195.391626 694.75859075 829.6964965999999 301.8091202 404.40185154999995 504.21343084615387 294.1438716666667 267.597683368421 306.4196498636363 245.78779124999994 177.5236550769231 0.07692307692307693 0.15384615384615385 0.1 0.06923076923076923 0.14615384615384616 0.16923076923076924 0.18461538461538463 0.1 92.7465654983051 47.80496885714286 278.51998367441865 0.8217270194986073 0.0584958217270195 0.11977715877437325 0.6615384615384615 0.1076923076923077 0.046153846153846156 0.03076923076923077 0.046153846153846156 0.038461538461538464 0.03076923076923077 0.038461538461538464 0.5931232091690545 0.2349570200573066 0.09169054441260745 0.06303724928366762 0.017191977077363897 dongzhenyu 9Сʱ_mousemovements
128.38485570270268 454.68909557142854 541.8222842 0 858.343689 803.728271 1022.0314736666666 0 335.65287379999995 395.9978053333333 564.312355 236.56636 279.8402091666667 379.57386249999996 271.6061525294117 182.85956450000003 0.08620689655172414 0.15517241379310345 0.10344827586206896 0.017241379310344827 0.10344827586206896 0.13793103448275862 0.29310344827586204 0.10344827586206896 91.65695384251966 173.0816546923077 337.76778706249996 0.8141025641025641 0.08333333333333333 0.10256410256410256 0.6379310344827587 0.1206896551724138 0.08620689655172414 0.0 0.034482758620689655 0.017241379310344827 0.10344827586206896 0.0 0.6423841059602649 0.1986754966887417 0.07947019867549669 0.046357615894039736 0.033112582781456956 dongzhenyu 9Сʱ_mousemovements
79.48297173913043 436.76968574999995 411.18121349999996 821.586586 526.5017205 1022.0663656666669 0 989.8808793333334 119.381237 792.5931702 460.915516 350.8192675 179.7622194 355.3615668 370.2234904375 150.06116774999998 0.044444444444444446 0.1111111111111111 0.08888888888888889 0.08888888888888889 0.1111111111111111 0.1111111111111111 0.35555555555555557 0.08888888888888889 91.8524860687023 129.34939333333332 325.1833117692308 0.891156462585034 0.02040816326530612 0.08843537414965986 0.5111111111111111 0.08888888888888889 0.08888888888888889 0.08888888888888889 0.08888888888888889 0.06666666666666667 0.0 0.06666666666666667 0.4701492537313433 0.20149253731343283 0.15671641791044777 0.13432835820895522 0.03731343283582089 dongzhenyu 9Сʱ_mousemovements
93.59829224137931 382.79521176923083 425.4849855 411.8245238333334 1129.1687625 708.995544 0 1906.463501 554.60172 203.812412 269.37062149999997 1357.6945803333333 516.522751 388.63487050000003 140.44979206666667 359.74083740000003 0.07272727272727272 0.2545454545454545 0.14545454545454545 0.05454545454545454 0.03636363636363636 0.07272727272727272 0.2727272727272727 0.09090909090909091 61.827040677248675 30.052385000000005 250.72489874999997 0.875 0.013888888888888888 0.1111111111111111 0.5272727272727272 0.23636363636363636 0.03636363636363636 0.10909090909090909 0.03636363636363636 0.01818181818181818 0.0 0.03636363636363636 0.5645933014354066 0.24401913875598086 0.10047846889952153 0.06698564593301436 0.023923444976076555 dongzhenyu 9Сʱ_mousemovements
71.410652 0 0 0 0 0 0 0 71.410652 0 0 0 0 0 0 0 1.0 0.0 0.0 0.0 0.0 0.0 0.0 0.0 35.705326 0 0 1.0 0.0 0.0 1.0 0.0 0.0 0.0 0.0 0.0 0.0 0.0 0.0 0.0 0.0 1.0 0.0 dongzhenyu 9Сʱ_mousemovements
29.91453 0 0 872.354675 0 0 1051.468872 0 0 29.91453 0 872.354675 0 0 1051.468872 0 0.0 0.3333333333333333 0.0 0.3333333333333333 0.0 0.0 0.3333333333333333 0.0 240.477943375 0 29.91453 0.8888888888888888 0.0 0.1111111111111111 0.3333333333333333 0.0 0.0 0.3333333333333333 0.0 0.0 0.3333333333333333 0.0 0.5 0.25 0.125 0.125 0.0 dongzhenyu 9Сʱ_mousemovements
175.610616875 530.4224245 444.21083825000005 588.919312 1146.406494 873.1412356666666 793.129395 987.217834 657.2414446666667 476.42678379999995 0 793.129395 471.21525700000007 348.2000655 999.6557315 253.63858175000001 0.13043478260869565 0.21739130434782608 0.0 0.043478260869565216 0.17391304347826086 0.17391304347826086 0.08695652173913043 0.17391304347826086 83.60947216091954 0 347.0408875 0.8787878787878788 0.0 0.12121212121212122 0.34782608695652173 0.17391304347826086 0.17391304347826086 0.043478260869565216 0.043478260869565216 0.13043478260869565 0.043478260869565216 0.043478260869565216 0.47368421052631576 0.30526315789473685 0.09473684210526316 0.08421052631578947 0.042105263157894736 dongzhenyu 9Сʱ_mousemovements
103.87448293749999 308.0267185 343.872223 225.514923 867.4105020000001 0 706.7745055 838.572571 241.778473 289.373828 0 420.3602985 183.35306575 246.0656802 835.179626 378.77774033333327 0.07692307692307693 0.11538461538461539 0.0 0.15384615384615385 0.3076923076923077 0.19230769230769232 0.038461538461538464 0.11538461538461539 66.11634659036145 15.044826 274.88547562499997 0.9021739130434783 0.010869565217391304 0.08695652173913043 0.6153846153846154 0.07692307692307693 0.038461538461538464 0.038461538461538464 0.11538461538461539 0.0 0.07692307692307693 0.038461538461538464 0.5301204819277109 0.20481927710843373 0.08433734939759036 0.07228915662650602 0.10843373493975904 dongzhenyu 9Сʱ_mousemovements
79.2258512093023 241.673935 326.495697 438.27586375 472.0307923333333 651.689941 1099.9844054999999 706.1054566 250.6400012222222 159.77664736363636 526.179657 186.67180739999998 161.1631918 439.479692 137.66539724999998 168.24509225000003 0.1267605633802817 0.15492957746478872 0.056338028169014086 0.14084507042253522 0.2112676056338028 0.14084507042253522 0.056338028169014086 0.11267605633802817 58.83382397115385 119.61042233333335 256.0837690625 0.9162995594713657 0.013215859030837005 0.07048458149779736 0.6056338028169014 0.08450704225352113 0.09859154929577464 0.056338028169014086 0.04225352112676056 0.014084507042253521 0.028169014084507043 0.07042253521126761 0.5592417061611374 0.2132701421800948 0.10426540284360189 0.08530805687203792 0.037914691943127965 dongzhenyu 9Сʱ_mousemovements
139.93089863157897 331.944879 393.0831043333333 571.5233153333334 694.67631525 667.331955 938.5720825000001 854.4704285 462.25386633333335 381.20805475 239.910721 72.523773 464.01426299999997 299.66271900000004 246.23336575000002 385.10235714285716 0.1956521739130435 0.17391304347826086 0.021739130434782608 0.021739130434782608 0.2391304347826087 0.10869565217391304 0.08695652173913043 0.15217391304347827 61.05046537579617 32.258064 389.92014533333327 0.8770949720670391 0.00558659217877095 0.11731843575418995 0.41304347826086957 0.10869565217391304 0.13043478260869565 0.13043478260869565 0.08695652173913043 0.043478260869565216 0.043478260869565216 0.043478260869565216 0.6035502958579881 0.1834319526627219 0.11242603550295859 0.05325443786982249 0.047337278106508875 dongzhenyu 9Сʱ_mousemovements
60.92945446666668 357.4658965 385.62768554545454 593.1378173333333 706.552704 610.3827975 563.15918 692.756897 447.814056 421.77955625 538.4324298571428 465.80176375 161.47602066666664 372.45129399999996 230.2823493 177.8854662857143 0.023809523809523808 0.09523809523809523 0.16666666666666666 0.09523809523809523 0.07142857142857142 0.14285714285714285 0.23809523809523808 0.16666666666666666 63.815032642276414 7.819603666666667 280.0734591818182 0.831081081081081 0.02027027027027027 0.14864864864864866 0.35714285714285715 0.09523809523809523 0.2619047619047619 0.14285714285714285 0.047619047619047616 0.047619047619047616 0.023809523809523808 0.023809523809523808 0.6119402985074627 0.17164179104477612 0.11194029850746269 0.05223880597014925 0.05223880597014925 dongzhenyu 9Сʱ_mousemovements
0 0 444.916901 0 0 0 742.459778 0 0 0 0 742.459778 0 0 0 444.916901 0.0 0.0 0.0 0.5 0.0 0.0 0.0 0.5 88.9833802 0 742.459778 0.8333333333333334 0.0 0.16666666666666666 0.0 0.0 0.5 0.0 0.0 0.0 0.5 0.0 0.5 0.0 0.25 0.0 0.25 dongzhenyu 9Сʱ_mousemovements
136.27636911999997 894.3609005000001 465.4716614 489.37983166666663 2891.4528403333334 613.389099 1149.0561215 0 327.4535378333333 344.44124200000005 2222.60351575 412.7145795 278.5801628749999 236.83426649999998 256.26695624999996 331.0293699 0.14634146341463414 0.07317073170731707 0.0975609756097561 0.0975609756097561 0.1951219512195122 0.04878048780487805 0.0975609756097561 0.24390243902439024 109.83117579136695 0 312.379721117647 0.8910256410256411 0.0 0.10897435897435898 0.6097560975609756 0.04878048780487805 0.12195121951219512 0.07317073170731707 0.07317073170731707 0.024390243902439025 0.04878048780487805 0.0 0.6326530612244898 0.21768707482993196 0.061224489795918366 0.04081632653061224 0.047619047619047616 dongzhenyu 9Сʱ_mousemovements
130.823600925 434.1206685000001 360.706726 477.46327 500.0459086666667 0 0 654.7932129999999 189.86915243749996 224.93132339999997 688.2977293333333 311.13815425 246.38646323529406 373.9934315 135.13989687499998 298.515015 0.25806451612903225 0.08064516129032258 0.04838709677419355 0.06451612903225806 0.27419354838709675 0.03225806451612903 0.12903225806451613 0.11290322580645161 51.239079858585875 43.048992750000004 195.7523125 0.853448275862069 0.034482758620689655 0.11206896551724138 0.6451612903225806 0.12903225806451613 0.03225806451612903 0.11290322580645161 0.04838709677419355 0.0 0.0 0.03225806451612903 0.6064814814814815 0.2222222222222222 0.08333333333333333 0.05092592592592592 0.037037037037037035 dongzhenyu 9Сʱ_mousemovements
98.58331909090911 245.691803 337.290405 375.526611 0 664.2396395 0 0 260.526703 824.945801 26.737968 0 127.26487844444445 213.99213874999998 0 503.533478 0.058823529411764705 0.058823529411764705 0.058823529411764705 0.0 0.5294117647058824 0.23529411764705882 0.0 0.058823529411764705 44.949686839285725 0 219.9827896 0.9180327868852459 0.0 0.08196721311475409 0.6470588235294118 0.11764705882352941 0.058823529411764705 0.058823529411764705 0.0 0.11764705882352941 0.0 0.0 0.6363636363636364 0.12727272727272726 0.03636363636363636 0.16363636363636364 0.03636363636363636 dongzhenyu 9Сʱ_mousemovements
0 0 0 0 0 0 0 0 0 0 0 0 0 0 0 0 0 0 0 0 0 0 0 0 0 0 0 0 0 0 0 0 0 0 0 0 0 0 0 0 0 0 0 dongzhenyu 9Сʱ_mousemovements
156.555008 0 0 0 0 0 0 5691.494263 8307.364258 0 156.555008 0 0 3075.624268 0 0 0.3333333333333333 0.0 0.3333333333333333 0.0 0.0 0.3333333333333333 0.0 0.0 1923.2572556666664 0 0 1.0 0.0 0.0 0.3333333333333333 0.0 0.0 0.0 0.0 0.0 0.0 0.6666666666666666 0.6666666666666666 0.3333333333333333 0.0 0.0 0.0 dongzhenyu 9Сʱ_mousemovements
0 260.581909 0 0 0 267.972595 0 0 0 267.972595 260.581909 0 0 0 0 0 0.0 0.5 0.5 0.0 0.0 0.0 0.0 0.0 32.572738625 0 267.972595 0.8888888888888888 0.0 0.1111111111111111 0.0 0.5 0.0 0.0 0.0 0.5 0.0 0.0 0.42857142857142855 0.2857142857142857 0.14285714285714285 0.14285714285714285 0.0 dongzhenyu 9Сʱ_mousemovements
0 0 0 0 0 0 0 0 0 0 0 0 0 0 0 0 0 0 0 0 0 0 0 0 0 0 0 0 0 0 0 0 0 0 0 0 0 0 0 0 0 0 0 dongzhenyu 9Сʱ_mousemovements
224.88419866666666 191.648712 680.3026933333334 0 0 0 0 0 191.648712 0 454.012756 217.76591150000002 0 239.120773 0 793.447662 0.14285714285714285 0.0 0.14285714285714285 0.2857142857142857 0.0 0.14285714285714285 0.0 0.2857142857142857 98.58608044444445 0 122.69260799999999 0.9310344827586207 0.0 0.06896551724137931 0.42857142857142855 0.14285714285714285 0.42857142857142855 0.0 0.0 0.0 0.0 0.0 0.5925925925925926 0.25925925925925924 0.037037037037037035 0.1111111111111111 0.0 dongzhenyu 9Сʱ_mousemovements
0 0 0 0 0 0 0 0 0 0 0 0 0 0 0 0 0 0 0 0 0 0 0 0 0 0 0 0 0 0 0 0 0 0 0 0 0 0 0 0 0 0 0 dongzhenyu 9Сʱ_mousemovements
0 0 0 0 0 0 0 0 0 0 0 0 0 0 0 0 0 0 0 0 0 0 0 0 0 0 0 0 0 0 0 0 0 0 0 0 0 0 0 0 0 0 0 dongzhenyu 9Сʱ_mousemovements
0 0 0 0 0 0 0 0 0 0 0 0 0 0 0 0 0 0 0 0 0 0 0 0 0 0 0 0 0 0 0 0 0 0 0 0 0 0 0 0 0 0 0 dongzhenyu 9Сʱ_mousemovements
0 0 0 0 0 0 0 0 0 0 0 0 0 0 0 0 0 0 0 0 0 0 0 0 0 0 0 0 0 0 0 0 0 0 0 0 0 0 0 0 0 0 0 dongzhenyu 9Сʱ_mousemovements
48.6858968 120.302616 356.244781 0 0 887.686462 697.435913 993.824524 158.04454 25.641026 993.824524 35.598495 42.969535 887.686462 380.22244 91.824959 0.09090909090909091 0.09090909090909091 0.09090909090909091 0.09090909090909091 0.18181818181818182 0.09090909090909091 0.2727272727272727 0.09090909090909091 31.803808735294115 12.820513 330.3222675714286 0.7906976744186046 0.046511627906976744 0.16279069767441862 0.45454545454545453 0.18181818181818182 0.09090909090909091 0.0 0.0 0.09090909090909091 0.09090909090909091 0.09090909090909091 0.6052631578947368 0.23684210526315788 0.05263157894736842 0.05263157894736842 0.05263157894736842 dongzhenyu 9Сʱ_mousemovements
107.45625511999998 262.71849679999997 258.49099 306.543579 2643.195557 0 0 822.995911 132.63601599999998 620.4941004285713 0 258.0624643333333 105.48605716666667 160.875088 166.13994299999996 103.36049700000001 0.14285714285714285 0.2 0.0 0.08571428571428572 0.17142857142857143 0.05714285714285714 0.14285714285714285 0.2 53.861127297297294 37.2731795 186.3820333333333 0.888 0.016 0.096 0.7142857142857143 0.14285714285714285 0.05714285714285714 0.02857142857142857 0.02857142857142857 0.0 0.0 0.02857142857142857 0.5391304347826087 0.23478260869565218 0.14782608695652175 0.034782608695652174 0.043478260869565216 dongzhenyu 9Сʱ_mousemovements
103.97407519230771 260.28217000000006 363.85436045454543 413.69836399999997 510.46704850000003 412.645874 853.258789 564.174001 239.43915006666668 243.4748722 185.94985660000003 172.63708825 213.30875107692307 168.64291433333335 432.0189718333333 131.56653788235292 0.1875 0.125 0.0625 0.1 0.1625 0.075 0.075 0.2125 55.72454414782608 12.28548375 131.7745515483871 0.8679245283018868 0.01509433962264151 0.1169811320754717 0.65 0.0625 0.1375 0.025 0.05 0.025 0.0125 0.0375 0.5951417004048583 0.20242914979757085 0.09716599190283401 0.06477732793522267 0.04048582995951417 dongzhenyu 9Сʱ_mousemovements
0 0 0 0 0 0 0 0 0 0 0 0 0 0 0 0 0 0 0 0 0 0 0 0 0 0 0 0 0 0 0 0 0 0 0 0 0 0 0 0 0 0 0 dongzhenyu 9Сʱ_mousemovements
