74.01941776923076 419.0938400000001 1274.7134096 604.7089030000001 679.2409118 876.3155825 2139.1304625000002 607.244751 904.7814646666667 547.4902291428572 420.80004260000004 0 210.504656 349.7767988181819 200.9325862222222 1526.6197410000002 0.1111111111111111 0.12962962962962962 0.09259259259259259 0.0 0.24074074074074073 0.2037037037037037 0.16666666666666666 0.05555555555555555 154.59576459398488 82.06468216666667 234.56097392857146 0.869281045751634 0.0392156862745098 0.0915032679738562 0.48148148148148145 0.18518518518518517 0.09259259259259259 0.05555555555555555 0.09259259259259259 0.037037037037037035 0.037037037037037035 0.018518518518518517 0.5174825174825175 0.1958041958041958 0.18181818181818182 0.06993006993006994 0.03496503496503497 dongzhenyu 7Сʱ_mousemovements
132.94164505555557 747.7183226666666 474.20759599999997 286.787537 1325.042969 620.572632 0 0 279.958557 711.8665470000001 599.352173 586.635498 288.7761798 395.12671925 248.59142957142856 32.543160799999995 0.038461538461538464 0.07692307692307693 0.038461538461538464 0.038461538461538464 0.19230769230769232 0.15384615384615385 0.2692307692307692 0.19230769230769232 90.69210398765433 7.703113999999999 223.876572 0.9418604651162791 0.03488372093023256 0.023255813953488372 0.6923076923076923 0.11538461538461539 0.07692307692307693 0.038461538461538464 0.038461538461538464 0.038461538461538464 0.0 0.0 0.6533333333333333 0.16 0.06666666666666667 0.08 0.04 dongzhenyu 7Сʱ_mousemovements
98.49002383333332 442.9764175 239.80860366666664 601.03626275 0 1117.954712 509.580093 0 218.0384785 505.43811199999993 195.9855805 234.795929 220.824698 532.7374805000001 284.06749414285713 281.248505 0.07692307692307693 0.19230769230769232 0.15384615384615385 0.07692307692307693 0.11538461538461539 0.07692307692307693 0.2692307692307692 0.038461538461538464 105.58420768115943 9.0654715 227.75761074999997 0.92 0.02666666666666667 0.05333333333333334 0.46153846153846156 0.15384615384615385 0.11538461538461539 0.15384615384615385 0.0 0.038461538461538464 0.07692307692307693 0.0 0.6617647058823529 0.19117647058823528 0.10294117647058823 0.029411764705882353 0.014705882352941176 dongzhenyu 7Сʱ_mousemovements
0 0 0 0 0 0 0 0 0 0 0 0 0 0 0 0 0 0 0 0 0 0 0 0 0 0 0 0 0 0 0 0 0 0 0 0 0 0 0 0 0 0 0 dongzhenyu 7Сʱ_mousemovements
0 0 0 0 0 0 0 0 0 0 0 0 0 0 0 0 0 0 0 0 0 0 0 0 0 0 0 0 0 0 0 0 0 0 0 0 0 0 0 0 0 0 0 dongzhenyu 7Сʱ_mousemovements
0 0 0 0 0 0 0 0 0 0 0 0 0 0 0 0 0 0 0 0 0 0 0 0 0 0 0 0 0 0 0 0 0 0 0 0 0 0 0 0 0 0 0 dongzhenyu 7Сʱ_mousemovements
98.27535266666666 248.295898 2281.422363 0 0 0 0 810.112976 382.172325 0 0 64.516129 1211.8120955000002 0 0 0 0.5 0.0 0.0 0.16666666666666666 0.3333333333333333 0.0 0.0 0.0 97.74743716666667 0 322.17970075 0.8571428571428571 0.0 0.14285714285714285 0.5 0.16666666666666666 0.16666666666666666 0.0 0.0 0.0 0.0 0.16666666666666666 0.8148148148148148 0.1111111111111111 0.037037037037037035 0.0 0.037037037037037035 dongzhenyu 7Сʱ_mousemovements
0 0 0 0 0 0 0 0 0 0 0 0 0 0 0 0 0 0 0 0 0 0 0 0 0 0 0 0 0 0 0 0 0 0 0 0 0 0 0 0 0 0 0 dongzhenyu 7Сʱ_mousemovements
0 0 0 0 0 0 0 0 0 0 0 0 0 0 0 0 0 0 0 0 0 0 0 0 0 0 0 0 0 0 0 0 0 0 0 0 0 0 0 0 0 0 0 dongzhenyu 7Сʱ_mousemovements
0 0 0 0 0 0 0 0 0 0 0 0 0 0 0 0 0 0 0 0 0 0 0 0 0 0 0 0 0 0 0 0 0 0 0 0 0 0 0 0 0 0 0 dongzhenyu 7Сʱ_mousemovements
70.67103885714285 271.68180083333334 458.95821400000005 283.07901 0 479.655457 0 2492.818115 177.83683875 288.214825 785.148683 122.37934100000001 58.494069100000004 295.722776 170.07499966666668 326.336235 0.11764705882352941 0.058823529411764705 0.11764705882352941 0.11764705882352941 0.29411764705882354 0.08823529411764706 0.08823529411764706 0.11764705882352941 58.282593680672264 75.0774745 223.95689240000002 0.9444444444444444 0.015873015873015872 0.03968253968253968 0.6176470588235294 0.17647058823529413 0.11764705882352941 0.029411764705882353 0.0 0.029411764705882353 0.0 0.029411764705882353 0.5803571428571429 0.17857142857142858 0.125 0.08035714285714286 0.03571428571428571 dongzhenyu 7Сʱ_mousemovements
93.74040910344829 412.773407 433.62536 300.946411 363.029114 691.1196595 450.30722 0 188.57932150000002 139.65057066666665 414.1373686 171.921382 160.1585824285714 368.325867 276.78738749999997 192.80631325000004 0.18604651162790697 0.13953488372093023 0.11627906976744186 0.13953488372093023 0.16279069767441862 0.023255813953488372 0.046511627906976744 0.18604651162790697 59.10178791150443 25.6410255 164.6021622142857 0.875968992248062 0.015503875968992248 0.10852713178294573 0.6744186046511628 0.09302325581395349 0.11627906976744186 0.023255813953488372 0.023255813953488372 0.046511627906976744 0.023255813953488372 0.0 0.5798319327731093 0.20168067226890757 0.08403361344537816 0.12605042016806722 0.008403361344537815 dongzhenyu 7Сʱ_mousemovements
108.2034360952381 247.17598485714282 525.3619904 696.6924287500001 586.99105075 733.3841855000001 827.2987263333334 477.2974653333333 339.2501966666667 507.35866262499997 524.1840895714287 567.263855 180.1049601111111 343.9803761818182 121.792379125 99.3609212352941 0.12857142857142856 0.11428571428571428 0.1 0.014285714285714285 0.12857142857142856 0.15714285714285714 0.11428571428571428 0.24285714285714285 67.08732091555557 66.28626766666667 257.71068856249997 0.9221311475409836 0.012295081967213115 0.06557377049180328 0.6 0.1 0.07142857142857142 0.05714285714285714 0.05714285714285714 0.02857142857142857 0.04285714285714286 0.04285714285714286 0.5745614035087719 0.2236842105263158 0.10964912280701754 0.04824561403508772 0.043859649122807015 dongzhenyu 7Сʱ_mousemovements
107.84775064516127 298.9363146666667 434.6812484 832.1777997142856 481.66020166666664 909.6152143333334 1188.2176004444445 741.581909 683.6802682857143 454.306104 439.97461944444444 697.2223041428572 168.63654630000002 216.75816975 637.1361922727273 360.0730794444444 0.1044776119402985 0.08955223880597014 0.13432835820895522 0.1044776119402985 0.14925373134328357 0.11940298507462686 0.16417910447761194 0.13432835820895522 116.49166348543686 23.563291749999998 282.37985771428566 0.8917748917748918 0.017316017316017316 0.09090909090909091 0.4626865671641791 0.04477611940298507 0.14925373134328357 0.1044776119402985 0.04477611940298507 0.04477611940298507 0.13432835820895522 0.014925373134328358 0.6164383561643836 0.1963470319634703 0.0776255707762557 0.0684931506849315 0.0410958904109589 dongzhenyu 7Сʱ_mousemovements
122.7948505757576 232.332653 500.56654325 698.7850443333333 558.9446716 782.92966475 1314.4440306666665 0 0 330.67782492307686 406.2005375454546 287.3146766666667 124.85210311111112 277.5925351428571 539.7035039375 206.82252499999998 0.0 0.21311475409836064 0.18032786885245902 0.04918032786885246 0.14754098360655737 0.11475409836065574 0.26229508196721313 0.03278688524590164 93.15614022826085 10.752688 207.80416309090907 0.8803827751196173 0.014354066985645933 0.10526315789473684 0.5409836065573771 0.06557377049180328 0.06557377049180328 0.04918032786885246 0.16393442622950818 0.06557377049180328 0.04918032786885246 0.0 0.6063829787234043 0.18617021276595744 0.11702127659574468 0.047872340425531915 0.0425531914893617 dongzhenyu 7Сʱ_mousemovements
85.8056055 439.18932599999994 484.16834 861.5542257500001 969.7504679999998 729.7539675 0 0 135.3861065 349.076206 589.6856535999999 839.4138795 83.1781430909091 244.9940896666667 307.63677777777775 288.3426351428571 0.041666666666666664 0.1875 0.10416666666666667 0.041666666666666664 0.22916666666666666 0.0625 0.1875 0.14583333333333334 76.83209244871793 15.225454000000001 175.75200378571427 0.9069767441860465 0.011627906976744186 0.08139534883720931 0.625 0.125 0.0625 0.08333333333333333 0.0625 0.041666666666666664 0.0 0.0 0.6862745098039216 0.1568627450980392 0.08496732026143791 0.058823529411764705 0.013071895424836602 dongzhenyu 7Сʱ_mousemovements
128.5541979259259 279.30198666666666 387.66543950000005 315.503632 490.958252 834.3986585 628.147705 602.510803 0 293.468998 664.2268146666667 424.9756342857143 105.28953316666667 338.6970836666667 232.41519690909098 168.5124778888889 0.0 0.09302325581395349 0.06976744186046512 0.16279069767441862 0.13953488372093023 0.06976744186046512 0.2558139534883721 0.20930232558139536 56.355573875 69.412994 268.9111308333333 0.9212121212121213 0.006060606060606061 0.07272727272727272 0.627906976744186 0.06976744186046512 0.09302325581395349 0.023255813953488372 0.023255813953488372 0.09302325581395349 0.046511627906976744 0.023255813953488372 0.6319444444444444 0.14583333333333334 0.1111111111111111 0.034722222222222224 0.0763888888888889 dongzhenyu 7Сʱ_mousemovements
86.42247804166668 270.2214287272727 594.5923567499999 521.345558375 764.63562 576.4407345 492.214417 0 82.19301683333333 338.2745716363637 530.5157820000001 142.752137 223.93728057894734 170.83927116666666 160.8689064 204.5583429 0.0759493670886076 0.13924050632911392 0.08860759493670886 0.05063291139240506 0.24050632911392406 0.1518987341772152 0.12658227848101267 0.12658227848101267 70.69881959728507 133.13731128571428 111.85583405882352 0.9020408163265307 0.02857142857142857 0.06938775510204082 0.6075949367088608 0.13924050632911392 0.10126582278481013 0.10126582278481013 0.012658227848101266 0.02531645569620253 0.012658227848101266 0.0 0.4666666666666667 0.29333333333333333 0.14666666666666667 0.04888888888888889 0.044444444444444446 dongzhenyu 7Сʱ_mousemovements
126.25475290624998 286.72108075000006 411.5746575 363.2031405 751.290451 1152.414744 859.5933535 589.768982 286.58502200000004 338.36771978571426 301.8790815 294.30136625 363.4025049090909 481.8242645 310.12272774999997 246.15678416666665 0.09259259259259259 0.25925925925925924 0.037037037037037035 0.07407407407407407 0.2037037037037037 0.07407407407407407 0.14814814814814814 0.1111111111111111 98.15815256115107 55.670075499999996 339.8633830833333 0.9084967320261438 0.013071895424836602 0.0784313725490196 0.5925925925925926 0.07407407407407407 0.07407407407407407 0.037037037037037035 0.1111111111111111 0.05555555555555555 0.037037037037037035 0.018518518518518517 0.6102941176470589 0.19117647058823528 0.10294117647058823 0.058823529411764705 0.03676470588235294 dongzhenyu 7Сʱ_mousemovements
99.73554614814815 308.10934475 405.2628884999999 286.413054 0 815.946472 711.0930783333333 862.523987 415.56250900000003 261.4139550666667 550.8374936666667 153.714966 127.53982383333334 459.15449820000003 134.1695001666667 95.067085625 0.06382978723404255 0.3191489361702128 0.06382978723404255 0.02127659574468085 0.1276595744680851 0.10638297872340426 0.1276595744680851 0.1702127659574468 36.17916120915033 202.73952599999998 303.1699542777778 0.8793103448275862 0.017241379310344827 0.10344827586206896 0.574468085106383 0.0851063829787234 0.1276595744680851 0.10638297872340426 0.0 0.02127659574468085 0.06382978723404255 0.02127659574468085 0.6013071895424836 0.20261437908496732 0.05228758169934641 0.05228758169934641 0.0915032679738562 dongzhenyu 7Сʱ_mousemovements
87.77966986666667 92.531937 481.514038 0 0 855.3435975 851.821289 485.75708 0 25.641026 0 229.10926475 131.84650283333332 272.22120325000003 100.0861329375 366.45631860000003 0.0 0.027777777777777776 0.0 0.1111111111111111 0.16666666666666666 0.1111111111111111 0.4444444444444444 0.1388888888888889 53.727009473214295 5.319149 75.87942533333333 0.9572649572649573 0.017094017094017096 0.02564102564102564 0.8333333333333334 0.027777777777777776 0.027777777777777776 0.0 0.0 0.05555555555555555 0.027777777777777776 0.027777777777777776 0.6019417475728155 0.18446601941747573 0.08737864077669903 0.10679611650485436 0.019417475728155338 dongzhenyu 7Сʱ_mousemovements
153.65008175 460.943405 413.46463 0 737.773315 783.166382 1232.30542 0 0 783.166382 0 737.773315 369.09955099999996 554.195251 0 413.46463 0.0 0.18181818181818182 0.0 0.09090909090909091 0.5454545454545454 0.09090909090909091 0.0 0.09090909090909091 88.39603297222223 0 768.0353596666667 0.9230769230769231 0.0 0.07692307692307693 0.36363636363636365 0.18181818181818182 0.09090909090909091 0.0 0.09090909090909091 0.18181818181818182 0.09090909090909091 0.0 0.6285714285714286 0.17142857142857143 0.08571428571428572 0.11428571428571428 0.0 dongzhenyu 7Сʱ_mousemovements
130.59919273684213 324.84396366666664 0 0 700.532593 753.0418496666667 0 0 229.91629266666666 157.579933375 71.269447 762.740051 288.6397656666667 299.853561 193.80078949999998 1103.571167 0.1111111111111111 0.2962962962962963 0.037037037037037035 0.037037037037037035 0.1111111111111111 0.14814814814814814 0.2222222222222222 0.037037037037037035 97.66842834920632 30.059823333333338 96.97964800000001 0.84 0.04 0.12 0.7037037037037037 0.1111111111111111 0.0 0.0 0.07407407407407407 0.1111111111111111 0.0 0.0 0.5492957746478874 0.2112676056338028 0.1267605633802817 0.08450704225352113 0.028169014084507043 dongzhenyu 7Сʱ_mousemovements
99.17556117647058 365.69965 0 827.274963 0 0 902.03772 1021.314209 0 598.2965925 0 549.2134070000001 183.4395125 67.811246 233.20519849999997 119.7922745 0.0 0.08333333333333333 0.0 0.125 0.16666666666666666 0.125 0.25 0.25 90.65128081034483 45.522763999999995 137.64755424999998 0.90625 0.03125 0.0625 0.7083333333333334 0.16666666666666666 0.0 0.041666666666666664 0.0 0.0 0.041666666666666664 0.041666666666666664 0.5932203389830508 0.22033898305084745 0.0847457627118644 0.0847457627118644 0.01694915254237288 dongzhenyu 7Сʱ_mousemovements
119.22415431249999 435.6209716666666 501.743149 442.3491106666667 0 502.267334 973.4511259999999 1216.2047730000002 485.7489435 434.50634244444444 250.59157340000002 178.6260824 216.63038255555554 203.64144249999998 278.9545304375 145.63524325 0.057971014492753624 0.13043478260869565 0.07246376811594203 0.07246376811594203 0.2608695652173913 0.11594202898550725 0.2318840579710145 0.057971014492753624 58.31097021052631 41.53520875 388.79996325 0.9126637554585153 0.017467248908296942 0.06986899563318777 0.6956521739130435 0.13043478260869565 0.028985507246376812 0.043478260869565216 0.0 0.028985507246376812 0.028985507246376812 0.043478260869565216 0.6342592592592593 0.2222222222222222 0.10648148148148148 0.013888888888888888 0.023148148148148147 dongzhenyu 7Сʱ_mousemovements
224.62209344444446 263.9862702 366.34008000000006 499.8791196666666 339.902995 751.6630555 819.7656963333334 1511.977295 733.2296332499999 304.181896 410.05474050000004 298.6327516 115.15701100000001 251.61703000000006 320.4553952 631.4479421428571 0.10256410256410256 0.10256410256410256 0.05128205128205128 0.1282051282051282 0.1282051282051282 0.1794871794871795 0.1282051282051282 0.1794871794871795 117.68249176699028 80.3423515 264.4189037777778 0.8879310344827587 0.034482758620689655 0.07758620689655173 0.46153846153846156 0.1282051282051282 0.10256410256410256 0.07692307692307693 0.07692307692307693 0.05128205128205128 0.07692307692307693 0.02564102564102564 0.6116504854368932 0.1553398058252427 0.0970873786407767 0.08737864077669903 0.04854368932038835 dongzhenyu 7Сʱ_mousemovements
175.65959264285715 584.92778 475.4177856666667 943.5640259999999 794.3624512 687.317139 2026.6549886666664 0 1319.054851142857 375.81554099999994 308.3187865 708.4092813333333 539.8494414285714 416.355104 131.551951 61.473003500000004 0.21212121212121213 0.09090909090909091 0.06060606060606061 0.09090909090909091 0.21212121212121213 0.18181818181818182 0.09090909090909091 0.06060606060606061 173.65911879545453 125.626648 484.90209133333326 0.8888888888888888 0.020202020202020204 0.09090909090909091 0.42424242424242425 0.09090909090909091 0.09090909090909091 0.09090909090909091 0.15151515151515152 0.06060606060606061 0.09090909090909091 0.0 0.5977011494252874 0.1839080459770115 0.10344827586206896 0.08045977011494253 0.034482758620689655 dongzhenyu 7Сʱ_mousemovements
108.22077459574464 349.3841522000001 0 837.203125 819.047546 506.908752 964.548065 0 333.66184233333337 315.47581385714284 706.0991515000001 0 83.16557966666664 235.12848549999998 111.99977983333332 198.67514299999996 0.05172413793103448 0.1206896551724138 0.034482758620689655 0.0 0.3103448275862069 0.27586206896551724 0.10344827586206896 0.10344827586206896 64.08878366891891 30.771486333333332 240.79398044444446 0.925 0.01875 0.05625 0.8103448275862069 0.08620689655172414 0.0 0.017241379310344827 0.034482758620689655 0.017241379310344827 0.034482758620689655 0.0 0.7236842105263158 0.16447368421052633 0.09210526315789473 0.013157894736842105 0.006578947368421052 dongzhenyu 7Сʱ_mousemovements
275.573547 0 0 516.209961 0 0 0 0 0 275.573547 0 0 516.209961 0 0 0 0.0 0.5 0.0 0.0 0.5 0.0 0.0 0.0 34.446693375 0 516.209961 0.8888888888888888 0.0 0.1111111111111111 0.5 0.0 0.0 0.5 0.0 0.0 0.0 0.0 0.75 0.125 0.0 0.125 0.0 dongzhenyu 7Сʱ_mousemovements
115.46361390909091 666.666687 522.030701 1227.868896 583.335754 0 568.375732 5554.492188 1227.868896 279.9876044 80.184647 441.338287 32.34952166666667 583.335754 1970.790413 209.446014 0.058823529411764705 0.29411764705882354 0.058823529411764705 0.11764705882352941 0.17647058823529413 0.058823529411764705 0.17647058823529413 0.058823529411764705 133.91229515625 0 260.3546887142857 0.9014084507042254 0.0 0.09859154929577464 0.6470588235294118 0.058823529411764705 0.058823529411764705 0.058823529411764705 0.058823529411764705 0.0 0.058823529411764705 0.058823529411764705 0.8412698412698413 0.09523809523809523 0.031746031746031744 0.031746031746031744 0.0 dongzhenyu 7Сʱ_mousemovements
82.59670288235294 1194.6645406666667 534.462311 636.9375 0 588.33905 0 0 1636.133301 412.009746 31.477985 339.646057 169.51947220000002 69.92174225 202.254242 112.891464 0.08333333333333333 0.125 0.041666666666666664 0.041666666666666664 0.4166666666666667 0.16666666666666666 0.041666666666666664 0.08333333333333333 85.32288906249998 18.139662 357.07890380000003 0.9014084507042254 0.028169014084507043 0.07042253521126761 0.7083333333333334 0.125 0.08333333333333333 0.041666666666666664 0.0 0.041666666666666664 0.0 0.0 0.6515151515151515 0.19696969696969696 0.06060606060606061 0.06060606060606061 0.030303030303030304 dongzhenyu 7Сʱ_mousemovements
65.21568144444444 0 717.664856 1402.7279965 0 0 0 0 2254.936279 0 81.098602 146.0892525 163.5368526 0 283.980787 96.202759 0.08333333333333333 0.0 0.08333333333333333 0.16666666666666666 0.4166666666666667 0.0 0.16666666666666666 0.08333333333333333 123.11465989285715 16.129032 323.3612365 0.9032258064516129 0.03225806451612903 0.06451612903225806 0.75 0.0 0.08333333333333333 0.16666666666666666 0.0 0.0 0.0 0.0 0.6428571428571429 0.21428571428571427 0.07142857142857142 0.07142857142857142 0.0 dongzhenyu 7Сʱ_mousemovements
0 0 0 0 0 0 0 0 0 0 0 0 0 0 0 0 0 0 0 0 0 0 0 0 0 0 0 0 0 0 0 0 0 0 0 0 0 0 0 0 0 0 0 dongzhenyu 7Сʱ_mousemovements
0 0 0 0 0 0 0 0 0 0 0 0 0 0 0 0 0 0 0 0 0 0 0 0 0 0 0 0 0 0 0 0 0 0 0 0 0 0 0 0 0 0 0 dongzhenyu 7Сʱ_mousemovements
0 0 0 0 0 0 0 0 0 0 0 0 0 0 0 0 0 0 0 0 0 0 0 0 0 0 0 0 0 0 0 0 0 0 0 0 0 0 0 0 0 0 0 dongzhenyu 7Сʱ_mousemovements
0 0 0 0 0 0 0 0 0 0 0 0 0 0 0 0 0 0 0 0 0 0 0 0 0 0 0 0 0 0 0 0 0 0 0 0 0 0 0 0 0 0 0 dongzhenyu 7Сʱ_mousemovements
0 0 0 0 0 0 0 0 0 0 0 0 0 0 0 0 0 0 0 0 0 0 0 0 0 0 0 0 0 0 0 0 0 0 0 0 0 0 0 0 0 0 0 dongzhenyu 7Сʱ_mousemovements
0 0 0 0 0 0 0 0 0 0 0 0 0 0 0 0 0 0 0 0 0 0 0 0 0 0 0 0 0 0 0 0 0 0 0 0 0 0 0 0 0 0 0 dongzhenyu 7Сʱ_mousemovements
0 0 0 0 0 0 0 0 0 0 0 0 0 0 0 0 0 0 0 0 0 0 0 0 0 0 0 0 0 0 0 0 0 0 0 0 0 0 0 0 0 0 0 dongzhenyu 7Сʱ_mousemovements
89.28907828571428 10658.219727 2223.841797 0 0 0 0 539.079651 1381.460724 0 0 90.69824249999999 90.450476 10658.219727 0 86.1378175 0.2 0.0 0.0 0.2 0.3 0.1 0.0 0.2 534.9387924615385 0 137.756119 0.9629629629629629 0.0 0.037037037037037035 0.7 0.1 0.1 0.0 0.0 0.0 0.0 0.1 0.7391304347826086 0.21739130434782608 0.043478260869565216 0.0 0.0 dongzhenyu 7Сʱ_mousemovements
