230.37315106666665 916.87868875 2181.1360212857144 4022.611816666667 1605.5285265 4342.11377 0 1532.160278 1960.2823246 1374.67265125 520.0460744999999 642.536176 1612.77978 1490.924045625 91.09341599999999 2264.8865355000003 0.11627906976744186 0.18604651162790697 0.13953488372093023 0.13953488372093023 0.13953488372093023 0.18604651162790697 0.046511627906976744 0.046511627906976744 434.3602954000001 438.89328 136.1619095 0.9230769230769231 0.015384615384615385 0.06153846153846154 0.3488372093023256 0.27906976744186046 0.16279069767441862 0.06976744186046512 0.09302325581395349 0.023255813953488372 0.0 0.023255813953488372 0.648 0.208 0.088 0.04 0.016 dongzhenyu 4Сʱ_mousemovements
325.2423025 1472.5087367142858 2347.1560056666667 4164.634277 3727.947998 0 0 0 1605.5480725 3145.3021849999996 1274.0004350000002 1384.324665 1544.1228713333333 1207.805725 1693.67375175 2391.661377 0.09090909090909091 0.09090909090909091 0.18181818181818182 0.13636363636363635 0.13636363636363635 0.13636363636363635 0.18181818181818182 0.045454545454545456 627.6243767719299 0 99.55723675 0.9344262295081968 0.0 0.06557377049180328 0.36363636363636365 0.3181818181818182 0.13636363636363635 0.13636363636363635 0.045454545454545456 0.0 0.0 0.0 0.603448275862069 0.29310344827586204 0.05172413793103448 0.05172413793103448 0.0 dongzhenyu 4Сʱ_mousemovements
0 0 0 0 0 0 0 0 0 0 0 0 0 0 0 0 0 0 0 0 0 0 0 0 0 0 0 0 0 0 0 0 0 0 0 0 0 0 0 0 0 0 0 dongzhenyu 4Сʱ_mousemovements
0 0 0 0 0 0 0 0 0 0 0 0 0 0 0 0 0 0 0 0 0 0 0 0 0 0 0 0 0 0 0 0 0 0 0 0 0 0 0 0 0 0 0 dongzhenyu 4Сʱ_mousemovements
258.1450012 1274.627327 1710.11084 3333.005127 4023.984131 5677.940918 0 0 2046.2028275000002 0 0 1106.705811 2645.289854 335.14872499999996 256.152618 0 0.3076923076923077 0.0 0.0 0.07692307692307693 0.3076923076923077 0.23076923076923078 0.07692307692307693 0.0 532.8686077435897 0 88.099907 0.9069767441860465 0.0 0.09302325581395349 0.38461538461538464 0.3076923076923077 0.07692307692307693 0.07692307692307693 0.07692307692307693 0.07692307692307693 0.0 0.0 0.717948717948718 0.1794871794871795 0.07692307692307693 0.0 0.02564102564102564 dongzhenyu 4Сʱ_mousemovements
219.23197 967.7728817142857 2062.843994 3586.4409180000002 0 0 0 0 2316.9490355 43.558544 323.643715 2267.7885135 304.722595 1410.829224 1131.778687 1870.474182 0.16666666666666666 0.08333333333333333 0.16666666666666666 0.16666666666666666 0.08333333333333333 0.08333333333333333 0.08333333333333333 0.16666666666666666 386.5350431463415 0 150.16579325 0.9111111111111111 0.0 0.08888888888888889 0.16666666666666666 0.5833333333333334 0.08333333333333333 0.16666666666666666 0.0 0.0 0.0 0.0 0.7317073170731707 0.1951219512195122 0.07317073170731707 0.0 0.0 dongzhenyu 4Сʱ_mousemovements
275.26768725 1008.7689774999999 1070.189641166667 4701.691650000001 0 0 0 0 2566.1496429999997 856.0224226666668 485.89270675000006 1444.03418 1108.5098022 854.0780094285714 257.678436 115.30806 0.15384615384615385 0.11538461538461539 0.15384615384615385 0.038461538461538464 0.19230769230769232 0.2692307692307692 0.038461538461538464 0.038461538461538464 432.97833820634924 174.8234025 243.53515399999998 0.9402985074626866 0.029850746268656716 0.029850746268656716 0.3076923076923077 0.38461538461538464 0.23076923076923078 0.07692307692307693 0.0 0.0 0.0 0.0 0.515625 0.328125 0.078125 0.0625 0.015625 dongzhenyu 4Сʱ_mousemovements
194.08952112500003 990.7917301666666 0 1706.3393097500002 0 6475.901367 0 0 2656.4313538 114.8882445 59.279346 1396.143555 443.333654 767.0207690000001 656.81921 0 0.2631578947368421 0.10526315789473684 0.05263157894736842 0.05263157894736842 0.2631578947368421 0.15789473684210525 0.10526315789473684 0.0 324.2990930327869 0 127.060060125 0.8840579710144928 0.0 0.11594202898550725 0.42105263157894735 0.3157894736842105 0.0 0.21052631578947367 0.0 0.05263157894736842 0.0 0.0 0.546875 0.28125 0.140625 0.015625 0.015625 dongzhenyu 4Сʱ_mousemovements
168.55970716 799.393243473684 1941.465085181818 2810.942627 2844.6466065 0 0 0 1618.415039 680.4426450714285 679.962772 499.714606 1168.6858464444445 384.981724125 781.5982231250001 1616.9618886666667 0.08620689655172414 0.2413793103448276 0.13793103448275862 0.05172413793103448 0.15517241379310345 0.13793103448275862 0.13793103448275862 0.05172413793103448 278.8274493905326 349.82269299999996 84.54892641176471 0.898936170212766 0.010638297872340425 0.09042553191489362 0.43103448275862066 0.3275862068965517 0.1896551724137931 0.017241379310344827 0.034482758620689655 0.0 0.0 0.0 0.5846994535519126 0.22950819672131148 0.11475409836065574 0.0546448087431694 0.01639344262295082 dongzhenyu 4Сʱ_mousemovements
275.3289059 882.4608802 1453.297953 3262.428222666667 0 0 0 0 547.547546 1436.1240671666667 53.853046 163.606012 2152.438415666667 1036.9861983333333 508.8837785 0 0.047619047619047616 0.2857142857142857 0.047619047619047616 0.14285714285714285 0.14285714285714285 0.14285714285714285 0.19047619047619047 0.0 334.1289949523809 53.853046 41.7584518 0.9130434782608695 0.014492753623188406 0.07246376811594203 0.47619047619047616 0.23809523809523808 0.14285714285714285 0.14285714285714285 0.0 0.0 0.0 0.0 0.6190476190476191 0.25396825396825395 0.06349206349206349 0.047619047619047616 0.015873015873015872 dongzhenyu 4Сʱ_mousemovements
167.48980033333336 1139.3751364000002 1959.0826354 2693.5796405 3593.8546142500004 3946.8012694999998 0 0 2381.7958983333333 2014.4875821818182 694.184344 1650.3899012857141 507.4701095714286 1325.3729561111113 1430.7792510909092 2569.295166 0.05555555555555555 0.2037037037037037 0.09259259259259259 0.12962962962962962 0.12962962962962962 0.16666666666666666 0.2037037037037037 0.018518518518518517 464.46007927439024 729.143188 87.58374685714286 0.9162011173184358 0.00558659217877095 0.0782122905027933 0.32727272727272727 0.2727272727272727 0.18181818181818182 0.10909090909090909 0.07272727272727272 0.03636363636363636 0.0 0.0 0.6107784431137725 0.2754491017964072 0.05389221556886228 0.03592814371257485 0.023952095808383235 dongzhenyu 4Сʱ_mousemovements
275.6877964166667 667.8091415454545 1677.3939437777774 1948.6250659999998 0 4622.624023 0 686.80426 2040.0523225000002 661.6891754000001 1336.857837 22.622004333333333 603.5312987857143 1193.19407025 121.8376265 148.77813533333332 0.08163265306122448 0.20408163265306123 0.10204081632653061 0.061224489795918366 0.2857142857142857 0.16326530612244897 0.04081632653061224 0.061224489795918366 261.1147868533335 63.085405428571434 121.088156 0.9259259259259259 0.043209876543209874 0.030864197530864196 0.4897959183673469 0.22448979591836735 0.1836734693877551 0.061224489795918366 0.0 0.02040816326530612 0.0 0.02040816326530612 0.528169014084507 0.33098591549295775 0.07042253521126761 0.056338028169014086 0.014084507042253521 dongzhenyu 4Сʱ_mousemovements
249.641641 772.5184555000001 1985.8343505000003 3304.387939 0 0 0 0 0 0 132.124466 728.8714658 0 334.63080599999995 3304.387939 2319.17041 0.0 0.0 0.1 0.5 0.0 0.2 0.1 0.1 350.1135346428572 0 88.70759533333334 0.9032258064516129 0.0 0.0967741935483871 0.5 0.2 0.2 0.1 0.0 0.0 0.0 0.0 0.6666666666666666 0.23333333333333334 0.06666666666666667 0.0 0.03333333333333333 dongzhenyu 4Сʱ_mousemovements
422.22161028571423 1562.9736346666666 3458.9248859999993 0 3639.9799805000002 0 5510.063477 0 2943.0872799999997 2043.7233414999998 0 0 1616.7600503333333 1455.8745152222225 0 0 0.09090909090909091 0.36363636363636365 0.0 0.0 0.13636363636363635 0.4090909090909091 0.0 0.0 672.689719 0 100.0837318 0.921875 0.0 0.078125 0.3181818181818182 0.4090909090909091 0.13636363636363635 0.0 0.09090909090909091 0.0 0.045454545454545456 0.0 0.6833333333333333 0.23333333333333334 0.05 0.03333333333333333 0.0 dongzhenyu 4Сʱ_mousemovements
228.65495441666664 1286.700698875 1850.8645327499999 2847.829102 2625.565186 1286.863647 0 0 1745.5651856666666 906.7444271428573 1385.285767 1512.1874695000001 1347.5843505 1348.831772 410.40124014285715 244.309387 0.1111111111111111 0.25925925925925924 0.037037037037037035 0.07407407407407407 0.07407407407407407 0.14814814814814814 0.25925925925925924 0.037037037037037035 301.7322524886364 0 81.092861375 0.9166666666666666 0.0 0.08333333333333333 0.4444444444444444 0.2962962962962963 0.14814814814814814 0.037037037037037035 0.037037037037037035 0.037037037037037035 0.0 0.0 0.625 0.2840909090909091 0.06818181818181818 0.022727272727272728 0.0 dongzhenyu 4Сʱ_mousemovements
285.85952080000004 1307.3238831666667 2016.1600955000001 2189.48815925 2459.838623333333 0 0 0 0 1611.5223117142857 1500.4389376000004 1305.322266 295.4127686 1671.203667 1267.041391 2175.8544924999997 0.0 0.2413793103448276 0.1724137931034483 0.034482758620689655 0.1724137931034483 0.13793103448275862 0.1724137931034483 0.06896551724137931 500.49534849350664 0 79.7651506 0.9390243902439024 0.0 0.06097560975609756 0.3448275862068966 0.20689655172413793 0.20689655172413793 0.13793103448275862 0.10344827586206896 0.0 0.0 0.0 0.6103896103896104 0.2987012987012987 0.025974025974025976 0.03896103896103896 0.025974025974025976 dongzhenyu 4Сʱ_mousemovements
204.10667520000004 773.2053264545456 3341.498779 2894.552002 3441.689209 0 0 0 0 1911.724228 529.1885530000001 137.670975 353.498179 1255.5991185 1020.968628 736.396667 0.0 0.2222222222222222 0.1111111111111111 0.05555555555555555 0.16666666666666666 0.3333333333333333 0.05555555555555555 0.05555555555555555 339.2032171090909 0 91.22583600000002 0.9016393442622951 0.0 0.09836065573770492 0.2631578947368421 0.5789473684210527 0.05263157894736842 0.05263157894736842 0.05263157894736842 0.0 0.0 0.0 0.6727272727272727 0.2 0.05454545454545454 0.07272727272727272 0.0 dongzhenyu 4Сʱ_mousemovements
109.02774333333332 1004.0154158571429 2140.1208678 0 0 3247.094482 0 0 212.834641 1774.7115391428572 141.552662 0 0 1660.2668547999997 82.634949 0 0.0625 0.4375 0.125 0.0 0.0 0.3125 0.0625 0.0 472.85916240909086 0 124.271704 0.9166666666666666 0.0 0.08333333333333333 0.1875 0.4375 0.3125 0.0 0.0 0.0625 0.0 0.0 0.5777777777777777 0.26666666666666666 0.044444444444444446 0.1111111111111111 0.0 dongzhenyu 4Сʱ_mousemovements
34.24236183333334 1226.8385237500001 1847.6492513333333 3190.9226685000003 3423.8188475 0 0 6850.183594 2287.9979496666665 668.932504 1273.8338823333333 934.1380096 12.872832166666667 1479.4059815714284 745.72640075 1071.0740168000002 0.06818181818181818 0.13636363636363635 0.06818181818181818 0.22727272727272727 0.13636363636363635 0.1590909090909091 0.09090909090909091 0.11363636363636363 200.00963390384615 5.499114199999999 116.1948197 0.8927038626609443 0.06437768240343347 0.04291845493562232 0.625 0.16666666666666666 0.0625 0.08333333333333333 0.041666666666666664 0.0 0.0 0.020833333333333332 0.5207373271889401 0.2995391705069124 0.08755760368663594 0.07834101382488479 0.013824884792626729 dongzhenyu 4Сʱ_mousemovements
100.366562625 1985.93335 2633.950276666667 0 0 0 0 0 854.51931 24.426555999999998 0 0 2102.928856 459.236237 45.27919 12.820513 0.18181818181818182 0.18181818181818182 0.0 0.0 0.36363636363636365 0.09090909090909091 0.09090909090909091 0.09090909090909091 313.88335347058825 0 18.682663 0.9714285714285714 0.0 0.02857142857142857 0.6666666666666666 0.08333333333333333 0.25 0.0 0.0 0.0 0.0 0.0 0.71875 0.03125 0.125 0.0625 0.0625 dongzhenyu 4Сʱ_mousemovements
202.2651291666667 1573.188441 2981.23132325 3848.0126139999998 0 0 0 974.267456 2750.279053 2344.690372 200.794373 523.1203 148.022598 2053.2624786 0 75.025368 0.058823529411764705 0.4117647058823529 0.058823529411764705 0.058823529411764705 0.058823529411764705 0.29411764705882354 0.0 0.058823529411764705 592.9351781836734 0 264.5125916 0.9074074074074074 0.0 0.09259259259259259 0.35294117647058826 0.17647058823529413 0.23529411764705882 0.17647058823529413 0.0 0.0 0.0 0.058823529411764705 0.74 0.16 0.04 0.04 0.02 dongzhenyu 4Сʱ_mousemovements
186.04426914285713 978.1215871333333 1539.5074942857143 2279.9468181666666 4041.598755 0 0 0 1203.0256195 1690.1145403333333 1212.42864625 737.2667133333333 898.6504517999999 1166.9578347777776 628.192598375 45.520447 0.045454545454545456 0.2727272727272727 0.09090909090909091 0.06818181818181818 0.11363636363636363 0.20454545454545456 0.18181818181818182 0.022727272727272728 403.7697195775863 1273.496948 170.5090035 0.9133858267716536 0.007874015748031496 0.07874015748031496 0.3181818181818182 0.3409090909090909 0.1590909090909091 0.13636363636363635 0.045454545454545456 0.0 0.0 0.0 0.6638655462184874 0.2184873949579832 0.058823529411764705 0.05042016806722689 0.008403361344537815 dongzhenyu 4Сʱ_mousemovements
247.9884034 1194.442314 817.710449 2690.9868165 0 4074.489014 0 0 0 1385.8216606666665 530.6158826666667 0 1254.5894314999998 2071.134762 1297.0411173333334 0 0.0 0.23076923076923078 0.23076923076923078 0.0 0.15384615384615385 0.15384615384615385 0.23076923076923078 0.0 388.6928234634147 0 88.86965175 0.9111111111111111 0.0 0.08888888888888889 0.38461538461538464 0.3076923076923077 0.07692307692307693 0.15384615384615385 0.0 0.07692307692307693 0.0 0.0 0.5714285714285714 0.2619047619047619 0.07142857142857142 0.09523809523809523 0.0 dongzhenyu 4Сʱ_mousemovements
184.30840499999996 717.5450577333335 2692.83831775 2085.438944666667 4102.23229975 3469.248291 0 0 371.394602 1457.9053795454545 959.2963746000001 306.237518 1760.3796555999998 1770.3189819 297.9366897142857 72.422623 0.046511627906976744 0.2558139534883721 0.11627906976744186 0.023255813953488372 0.11627906976744186 0.23255813953488372 0.16279069767441862 0.046511627906976744 333.4240904794521 0 107.6689295 0.8902439024390244 0.0 0.10975609756097561 0.37209302325581395 0.3488372093023256 0.09302325581395349 0.06976744186046512 0.09302325581395349 0.023255813953488372 0.0 0.0 0.55625 0.28125 0.05625 0.0875 0.01875 dongzhenyu 4Сʱ_mousemovements
260.552447 1853.4926096666666 2236.5338135 2724.2723997499997 3119.308594 0 0 0 1076.4096476666666 1718.3543564000004 1039.0815583333333 137.663792 3.205128 1593.7334375 2196.900635 2312.952148 0.125 0.20833333333333334 0.125 0.08333333333333333 0.041666666666666664 0.3333333333333333 0.041666666666666664 0.041666666666666664 413.50396658441565 72.8929698 272.228119 0.927710843373494 0.060240963855421686 0.012048192771084338 0.4583333333333333 0.25 0.08333333333333333 0.16666666666666666 0.041666666666666664 0.0 0.0 0.0 0.68 0.14666666666666667 0.08 0.06666666666666667 0.02666666666666667 dongzhenyu 4Сʱ_mousemovements
0 0 0 0 0 0 0 0 0 0 0 0 0 0 0 0 0 0 0 0 0 0 0 0 0 0 0 0 0 0 0 0 0 0 0 0 0 0 0 0 0 0 0 dongzhenyu 4Сʱ_mousemovements
55.335083 440.656464 0 2289.230713 0 0 0 0 0 55.335083 0 440.656464 2289.230713 0 0 0 0.0 0.3333333333333333 0.0 0.3333333333333333 0.3333333333333333 0.0 0.0 0.0 303.32079744444445 0 55.335083 0.9 0.0 0.1 0.3333333333333333 0.3333333333333333 0.0 0.3333333333333333 0.0 0.0 0.0 0.0 0.6666666666666666 0.2222222222222222 0.1111111111111111 0.0 0.0 dongzhenyu 4Сʱ_mousemovements
381.31949311111106 198.693451 1338.6325318 3624.671582 0 0 0 0 198.693451 3139.800008333333 2935.267781666667 208.1844865 1474.249664 898.48053 587.0404474 941.5471896666667 0.09523809523809523 0.14285714285714285 0.14285714285714285 0.09523809523809523 0.09523809523809523 0.047619047619047616 0.23809523809523808 0.14285714285714285 457.15766356896563 1074.621216 176.00286766666667 0.8923076923076924 0.015384615384615385 0.09230769230769231 0.42857142857142855 0.09523809523809523 0.23809523809523808 0.23809523809523808 0.0 0.0 0.0 0.0 0.5714285714285714 0.31746031746031744 0.047619047619047616 0.031746031746031744 0.031746031746031744 dongzhenyu 4Сʱ_mousemovements
122.64556420000001 918.001465 1585.225779333333 2580.610352 3448.074219 0 0 0 0 0 1506.4316024999998 0 0 2352.5158695 191.6499785 1162.401827 0.0 0.0 0.3333333333333333 0.0 0.0 0.16666666666666666 0.16666666666666666 0.3333333333333333 445.3402880588235 25.641026 198.81819800000002 0.8947368421052632 0.02631578947368421 0.07894736842105263 0.4166666666666667 0.08333333333333333 0.25 0.08333333333333333 0.16666666666666666 0.0 0.0 0.0 0.5675675675675675 0.24324324324324326 0.10810810810810811 0.05405405405405406 0.02702702702702703 dongzhenyu 4Сʱ_mousemovements
404.464882 355.680176 0 2759.9846495 0 6458.859863 0 0 5539.7185055 732.045044 0 0 899.392151 216.28244800000002 0 0 0.3333333333333333 0.16666666666666666 0.0 0.0 0.16666666666666666 0.3333333333333333 0.0 0.0 933.325313 0 76.88472 0.9333333333333333 0.0 0.06666666666666667 0.3333333333333333 0.16666666666666666 0.0 0.3333333333333333 0.0 0.16666666666666666 0.0 0.0 0.5333333333333333 0.3333333333333333 0.13333333333333333 0.0 0.0 dongzhenyu 4Сʱ_mousemovements
172.43345266666668 1050.6763306666664 1890.123901 3507.715088 0 0 0 0 0 1786.034714 0 1167.308838 661.5733846666667 910.25177 64.80748349999999 0 0.0 0.18181818181818182 0.0 0.09090909090909091 0.2727272727272727 0.2727272727272727 0.18181818181818182 0.0 326.6779274827586 0 55.404399999999995 0.9354838709677419 0.0 0.06451612903225806 0.5454545454545454 0.2727272727272727 0.09090909090909091 0.09090909090909091 0.0 0.0 0.0 0.0 0.7241379310344828 0.1724137931034483 0.0 0.10344827586206896 0.0 dongzhenyu 4Сʱ_mousemovements
0 0 0 0 0 0 0 0 0 0 0 0 0 0 0 0 0 0 0 0 0 0 0 0 0 0 0 0 0 0 0 0 0 0 0 0 0 0 0 0 0 0 0 dongzhenyu 4Сʱ_mousemovements
0 0 0 0 0 0 0 0 0 0 0 0 0 0 0 0 0 0 0 0 0 0 0 0 0 0 0 0 0 0 0 0 0 0 0 0 0 0 0 0 0 0 0 dongzhenyu 4Сʱ_mousemovements
0 0 0 0 0 0 0 0 0 0 0 0 0 0 0 0 0 0 0 0 0 0 0 0 0 0 0 0 0 0 0 0 0 0 0 0 0 0 0 0 0 0 0 dongzhenyu 4Сʱ_mousemovements
0 0 0 0 0 0 0 0 0 0 0 0 0 0 0 0 0 0 0 0 0 0 0 0 0 0 0 0 0 0 0 0 0 0 0 0 0 0 0 0 0 0 0 dongzhenyu 4Сʱ_mousemovements
0 0 0 0 0 0 0 0 0 0 0 0 0 0 0 0 0 0 0 0 0 0 0 0 0 0 0 0 0 0 0 0 0 0 0 0 0 0 0 0 0 0 0 dongzhenyu 4Сʱ_mousemovements
357.5470863571428 1684.0788088823529 2181.2484294 1779.6552425 0 2785.55542 0 0 0 1633.9548132352943 1413.9387055 0 1382.3829114 1418.5229511500002 1362.2216979999998 0 0.0 0.3469387755102041 0.04081632653061224 0.0 0.10204081632653061 0.40816326530612246 0.10204081632653061 0.0 529.4203493481482 0 122.6844144 0.9310344827586207 0.0 0.06896551724137931 0.2857142857142857 0.3469387755102041 0.30612244897959184 0.04081632653061224 0.0 0.02040816326530612 0.0 0.0 0.6985294117647058 0.17647058823529413 0.07352941176470588 0.04411764705882353 0.007352941176470588 dongzhenyu 4Сʱ_mousemovements
243.92918328571432 865.0860466923076 1546.0776977142855 2846.7957356666666 1307.805054 0 0 0 0 1198.016463076923 399.7766466666667 970.79106125 117.673439 956.9339603999999 244.37373716666664 978.1001377499999 0.0 0.28888888888888886 0.13333333333333333 0.08888888888888889 0.044444444444444446 0.2222222222222222 0.13333333333333333 0.08888888888888889 225.4880054155844 456.3840825 93.42977346666666 0.9005847953216374 0.011695906432748537 0.08771929824561403 0.4666666666666667 0.28888888888888886 0.15555555555555556 0.06666666666666667 0.022222222222222223 0.0 0.0 0.0 0.6265822784810127 0.23417721518987342 0.056962025316455694 0.06962025316455696 0.012658227848101266 dongzhenyu 4Сʱ_mousemovements
309.12267592307694 1181.706907375 2477.1346127499996 3330.2902830000003 3215.1188965 0 0 0 775.5104903333332 1729.9684256666667 3134.387085 2590.811035 651.6268876 1332.7053555999998 624.8806832 0 0.1 0.3 0.06666666666666667 0.03333333333333333 0.16666666666666666 0.16666666666666666 0.16666666666666666 0.0 497.5120142025317 0 83.0746695 0.9294117647058824 0.0 0.07058823529411765 0.43333333333333335 0.26666666666666666 0.13333333333333333 0.1 0.06666666666666667 0.0 0.0 0.0 0.5974025974025974 0.22077922077922077 0.09090909090909091 0.06493506493506493 0.025974025974025976 dongzhenyu 4Сʱ_mousemovements
0 0 0 0 0 0 0 0 0 0 0 0 0 0 0 0 0 0 0 0 0 0 0 0 0 0 0 0 0 0 0 0 0 0 0 0 0 0 0 0 0 0 0 dongzhenyu 4Сʱ_mousemovements
