164.98747983333334 722.05542 755.903503 0 0 3468.24585 0 0 0 552.973694 2112.0746765 0 0 160.362396 199.7288418 0 0.0 0.1111111111111111 0.2222222222222222 0.0 0.0 0.1111111111111111 0.5555555555555556 0.0 237.44518607999998 0 0 1.0 0.0 0.0 0.6666666666666666 0.1111111111111111 0.1111111111111111 0.0 0.0 0.1111111111111111 0.0 0.0 0.42857142857142855 0.23809523809523808 0.23809523809523808 0.09523809523809523 0.0 shenyanping 8Сʱ_mousemovements
247.08016933333332 1555.6890947499999 0 0 0 0 0 0 287.846954 1046.799561 286.868469 0 0 478.401398 2348.77771 166.525085 0.14285714285714285 0.14285714285714285 0.14285714285714285 0.0 0.0 0.14285714285714285 0.2857142857142857 0.14285714285714285 435.24980543749996 0 0 1.0 0.0 0.0 0.42857142857142855 0.5714285714285714 0.0 0.0 0.0 0.0 0.0 0.0 0.6428571428571429 0.35714285714285715 0.0 0.0 0.0 shenyanping 8Сʱ_mousemovements
185.72249216666668 0 0 0 849.2513119999999 1923.957214 0 0 849.2513119999999 132.557343 0 1847.115356 832.0820183333332 314.16568 21.276596 150.888351 0.2 0.1 0.0 0.1 0.3 0.1 0.1 0.1 289.5979132608696 0 0 1.0 0.0 0.0 0.6 0.0 0.0 0.0 0.2 0.2 0.0 0.0 0.631578947368421 0.21052631578947367 0.05263157894736842 0.10526315789473684 0.0 shenyanping 8Сʱ_mousemovements
52.690379400000005 404.37393199999997 0 0 740.827209 0 0 0 519.12648 0 0 511.322113 0 0 0 52.690379400000005 0.25 0.0 0.0 0.125 0.0 0.0 0.0 0.625 63.15005079166667 297.425751 0 0.96 0.04 0.0 0.625 0.25 0.0 0.0 0.125 0.0 0.0 0.0 0.6818181818181818 0.13636363636363635 0.09090909090909091 0.09090909090909091 0.0 shenyanping 8Сʱ_mousemovements
0 0 0 0 0 0 0 0 0 0 0 0 0 0 0 0 0 0 0 0 0 0 0 0 0 0 0 0 0 0 0 0 0 0 0 0 0 0 0 0 0 0 0 shenyanping 8Сʱ_mousemovements
93.17420675 0 531.647888 359.733887 0 637.459229 0 0 145.321304 189.75585274999997 637.459229 0 0 0 0 359.733887 0.14285714285714285 0.5714285714285714 0.14285714285714285 0.0 0.0 0.0 0.0 0.14285714285714285 81.147576 0 359.733887 0.95 0.0 0.05 0.5714285714285714 0.0 0.14285714285714285 0.14285714285714285 0.0 0.14285714285714285 0.0 0.0 0.8333333333333334 0.0 0.08333333333333333 0.0 0.08333333333333333 shenyanping 8Сʱ_mousemovements
231.444683 470.4137676666667 0 606.850647 0 0 0 994.39502 378.447876 62.5 694.037018 0 727.8478855000001 106.38298 0 168.717163 0.2222222222222222 0.1111111111111111 0.2222222222222222 0.0 0.2222222222222222 0.1111111111111111 0.0 0.1111111111111111 78.53226122916668 0 168.717163 0.9795918367346939 0.0 0.02040816326530612 0.4444444444444444 0.3333333333333333 0.0 0.1111111111111111 0.0 0.0 0.0 0.1111111111111111 0.4878048780487805 0.3170731707317073 0.07317073170731707 0.07317073170731707 0.04878048780487805 shenyanping 8Сʱ_mousemovements
194.2731788076923 439.95986919999996 420.19167066666665 447.06047049999995 0 0 1828.2351075 3219.020264 390.86059066666667 113.10928242857143 1013.92596425 207.62064750000002 367.4862263333334 78.91829100000001 310.87252133333334 447.6305615 0.075 0.175 0.3 0.05 0.075 0.05 0.225 0.05 169.31020320909093 38.788109 167.43964580000002 0.9482758620689655 0.008620689655172414 0.04310344827586207 0.65 0.125 0.075 0.05 0.0 0.0 0.05 0.05 0.63 0.25 0.05 0.04 0.03 shenyanping 8Сʱ_mousemovements
211.1440852051282 429.00547990909087 559.1826553333332 722.7190858 729.9277805 839.803101 2600.120117 609.890564 141.4484385 420.62835816666666 451.53671299999996 529.9094484 523.2874755 190.46735214285715 299.8054829230769 442.7921260769232 0.030303030303030304 0.18181818181818182 0.18181818181818182 0.07575757575757576 0.030303030303030304 0.10606060606060606 0.19696969696969696 0.19696969696969696 116.81060413658538 123.23593000000001 149.29017560000003 0.9490740740740741 0.027777777777777776 0.023148148148148147 0.5909090909090909 0.16666666666666666 0.09090909090909091 0.07575757575757576 0.030303030303030304 0.015151515151515152 0.015151515151515152 0.015151515151515152 0.5 0.26063829787234044 0.12234042553191489 0.06382978723404255 0.05319148936170213 shenyanping 8Сʱ_mousemovements
306.00606538461534 625.4264576666666 38.594246 278.747223 0 2057.855469 2523.739746 0 1029.2062633333335 547.105957 727.4846193333333 491.9550987142857 0 453.621216 165.31896733333335 271.42624650000005 0.15 0.05 0.15 0.35 0.0 0.05 0.15 0.1 171.2061850338983 158.6707345 167.3942605 0.9365079365079365 0.031746031746031744 0.031746031746031744 0.65 0.15 0.05 0.05 0.0 0.05 0.05 0.0 0.6666666666666666 0.24074074074074073 0.037037037037037035 0.05555555555555555 0.0 shenyanping 8Сʱ_mousemovements
226.86554628205127 370.57028092307695 712.3614959999999 1075.797343 0 0 1695.281006 423.059662 139.5273895 739.5139493333332 506.1970604444444 380.25333400000005 212.013175 371.11227771428577 268.01745750000003 397.3839004 0.03125 0.09375 0.140625 0.09375 0.15625 0.109375 0.21875 0.15625 118.24600904864866 118.24990450000001 109.92812226666666 0.9068627450980392 0.0196078431372549 0.07352941176470588 0.609375 0.203125 0.109375 0.046875 0.0 0.0 0.015625 0.015625 0.6096256684491979 0.25668449197860965 0.06417112299465241 0.0374331550802139 0.03208556149732621 shenyanping 8Сʱ_mousemovements
196.21542165957445 571.6183225882353 878.0088517777779 378.4483133333333 1166.7528383333333 0 689.22052 0 708.6265037499999 268.25450975 522.2464500909091 279.9250011428571 456.2018662222221 470.3149912857143 289.76774839999996 173.06951488888888 0.15 0.1 0.1375 0.175 0.1125 0.0875 0.125 0.1125 114.21721815261047 12.738853 161.4658160869565 0.9120879120879121 0.003663003663003663 0.08424908424908426 0.5875 0.2125 0.1125 0.0375 0.0375 0.0 0.0125 0.0 0.6229508196721312 0.20491803278688525 0.07377049180327869 0.06557377049180328 0.03278688524590164 shenyanping 8Сʱ_mousemovements
144.94304176470584 690.0738015000001 587.3289403333333 890.5705489999999 1731.739044 594.901367 538.028748 0 139.792094 114.77096433333334 262.7198025625 490.9558698999999 408.76588 409.93060025 680.0165254000001 149.5632053076923 0.06756756756756757 0.08108108108108109 0.21621621621621623 0.13513513513513514 0.08108108108108109 0.10810810810810811 0.13513513513513514 0.17567567567567569 99.07881831330472 40.1465844 105.69320075000002 0.9173228346456693 0.01968503937007874 0.06299212598425197 0.6891891891891891 0.08108108108108109 0.12162162162162163 0.05405405405405406 0.02702702702702703 0.013513513513513514 0.013513513513513514 0.0 0.5900900900900901 0.22972972972972974 0.1036036036036036 0.04504504504504504 0.03153153153153153 shenyanping 8Сʱ_mousemovements
155.58189578260865 467.7606124285714 353.366394 711.2166139999999 426.22702 752.53598 0 560.049622 180.38373033333335 366.2721248333333 373.44598025 254.54959600000004 121.551794 743.0310059999999 385.04427200000003 69.4641448 0.08108108108108109 0.16216216216216217 0.21621621621621623 0.08108108108108109 0.10810810810810811 0.05405405405405406 0.16216216216216217 0.13513513513513514 81.67917936752137 80.194633 211.8853564285714 0.936 0.008 0.056 0.6216216216216216 0.1891891891891892 0.02702702702702703 0.05405405405405406 0.02702702702702703 0.05405405405405406 0.0 0.02702702702702703 0.6146788990825688 0.24770642201834864 0.08256880733944955 0.03669724770642202 0.01834862385321101 shenyanping 8Сʱ_mousemovements
203.42472608333333 635.329979 712.6118544999999 0 0 0 0 811.438416 278.881195 512.260361 1158.6780193333334 135.3430454 447.1131606666667 713.606369 212.38357875000003 91.02277225000002 0.06060606060606061 0.06060606060606061 0.09090909090909091 0.15151515151515152 0.09090909090909091 0.06060606060606061 0.24242424242424243 0.24242424242424243 87.94323359259258 12.953273 201.0085215714286 0.9230769230769231 0.017094017094017096 0.05982905982905983 0.7272727272727273 0.18181818181818182 0.06060606060606061 0.0 0.0 0.0 0.0 0.030303030303030304 0.7142857142857143 0.19047619047619047 0.0380952380952381 0.02857142857142857 0.02857142857142857 shenyanping 8Сʱ_mousemovements
167.03678968571433 361.3340312857143 539.6803435 1006.753925 473.738708 1360.78125 0 1003.729431 297.394139 133.14102357142855 184.8448875 647.0987090000001 208.17765799999998 558.503016 183.3342724285714 179.7503909 0.14285714285714285 0.14285714285714285 0.08163265306122448 0.08163265306122448 0.04081632653061224 0.16326530612244897 0.14285714285714285 0.20408163265306123 90.19301972916666 54.293996750000005 100.16117781818183 0.9056603773584906 0.025157232704402517 0.06918238993710692 0.7142857142857143 0.14285714285714285 0.04081632653061224 0.04081632653061224 0.02040816326530612 0.02040816326530612 0.0 0.02040816326530612 0.5821917808219178 0.2465753424657534 0.1095890410958904 0.04794520547945205 0.0136986301369863 shenyanping 8Сʱ_mousemovements
195.95259449999998 648.2172438 547.7019653333333 0 2029.093994 918.6986695 1042.8106893333334 0 266.426571 146.47435258333334 918.46874225 335.528933 301.4644641666667 1110.4455363333334 530.6855254999999 286.06448099999994 0.06382978723404255 0.2553191489361702 0.0851063829787234 0.06382978723404255 0.1276595744680851 0.06382978723404255 0.2127659574468085 0.1276595744680851 134.84418343382353 59.679328999999996 127.26560916666669 0.9251700680272109 0.034013605442176874 0.04081632653061224 0.6382978723404256 0.10638297872340426 0.1276595744680851 0.0 0.02127659574468085 0.0425531914893617 0.06382978723404255 0.0 0.5984848484848485 0.2196969696969697 0.09848484848484848 0.06060606060606061 0.022727272727272728 shenyanping 8Сʱ_mousemovements
548.678764 0 0 678.270081 1718.188843 0 0 0 0 400.521019 0 0 0 1718.188843 0 974.585571 0.0 0.5 0.0 0.0 0.0 0.25 0.0 0.25 291.151371 0 0 1.0 0.0 0.0 0.5 0.0 0.0 0.25 0.25 0.0 0.0 0.0 0.4 0.5 0.1 0.0 0.0 shenyanping 8Сʱ_mousemovements
