128.3858177 504.8643835 612.3994343333334 337.66024025 542.5722047500001 1597.861572 852.96167 1204.9012754999999 631.463201 747.4486234999999 504.31426999999996 118.01769340000001 142.919087 657.4561297142856 267.83330962499997 89.120655 0.15384615384615385 0.05128205128205128 0.05128205128205128 0.1282051282051282 0.1794871794871795 0.1794871794871795 0.20512820512820512 0.05128205128205128 101.26900965873017 0 170.50271224999997 0.9130434782608695 0.0 0.08695652173913043 0.5128205128205128 0.10256410256410256 0.07692307692307693 0.10256410256410256 0.10256410256410256 0.02564102564102564 0.02564102564102564 0.05128205128205128 0.5819672131147541 0.18032786885245902 0.13114754098360656 0.06557377049180328 0.040983606557377046 wanghe 1Сʱ_mousemovements
116.51888207692308 480.9621515555556 696.134023 670.315155 712.8204653333332 932.0726216666667 0 1131.470398 363.64391274999997 695.0413754285713 187.961594 87.83593 450.1125818888888 684.2750062 536.6366425 337.00227866666665 0.1111111111111111 0.19444444444444445 0.08333333333333333 0.027777777777777776 0.25 0.1388888888888889 0.1111111111111111 0.08333333333333333 120.57168653636363 0 333.74170353846154 0.8943089430894309 0.0 0.10569105691056911 0.3611111111111111 0.25 0.08333333333333333 0.05555555555555555 0.08333333333333333 0.08333333333333333 0.0 0.08333333333333333 0.5283018867924528 0.20754716981132076 0.1792452830188679 0.07547169811320754 0.009433962264150943 wanghe 1Сʱ_mousemovements
139.88374292857142 504.0055297142858 674.648438 643.1032148571429 628.1585769999999 816.8299410000001 1919.4073486666666 1639.0813354000002 664.62089175 612.4090747692309 598.1055222000001 296.7388735 213.80794525000005 678.6534217142856 342.80984600000005 764.7819418333333 0.05194805194805195 0.16883116883116883 0.12987012987012986 0.1038961038961039 0.2077922077922078 0.09090909090909091 0.16883116883116883 0.07792207792207792 139.02928493721976 33.091111999999995 244.65598614285713 0.9065040650406504 0.008130081300813009 0.08536585365853659 0.5384615384615384 0.1794871794871795 0.01282051282051282 0.08974358974358974 0.05128205128205128 0.02564102564102564 0.038461538461538464 0.0641025641025641 0.5971563981042654 0.21800947867298578 0.10426540284360189 0.052132701421800945 0.02843601895734597 wanghe 1Сʱ_mousemovements
87.53612945 348.8573430833333 609.062439 1415.799698 962.5335085 1144.1482234999999 0 0 704.63385 497.77932316666664 322.136946125 235.63572715789473 121.68463777777778 789.8664474999999 143.83629318181815 523.6698285714285 0.014925373134328358 0.08955223880597014 0.11940298507462686 0.2835820895522388 0.13432835820895522 0.08955223880597014 0.16417910447761194 0.1044776119402985 99.4297139441341 695.651449 175.90072866666668 0.9132653061224489 0.01020408163265306 0.07653061224489796 0.5970149253731343 0.1791044776119403 0.1044776119402985 0.05970149253731343 0.029850746268656716 0.029850746268656716 0.0 0.0 0.592814371257485 0.23353293413173654 0.09580838323353294 0.04790419161676647 0.029940119760479042 wanghe 1Сʱ_mousemovements
103.143931 0 0 0 0 0 0 0 0 0 0 0 0 0 107.8689345 93.693924 0.0 0.0 0.0 0.0 0.0 0.0 0.6666666666666666 0.3333333333333333 23.802445615384613 0 0 1.0 0.0 0.0 1.0 0.0 0.0 0.0 0.0 0.0 0.0 0.0 0.6 0.0 0.2 0.0 0.2 wanghe 1Сʱ_mousemovements
0 0 0 0 0 0 0 0 0 0 0 0 0 0 0 0 0 0 0 0 0 0 0 0 0 0 0 0 0 0 0 0 0 0 0 0 0 0 0 0 0 0 0 wanghe 1Сʱ_mousemovements
179.25215487499995 308.83910271428573 746.662109 638.4167175 0 0 0 697.491272 490.3602256666666 380.423355 216.78349233333333 59.69265766666666 118.9724444 510.66851719999994 281.18167609999995 112.71826166666666 0.06818181818181818 0.09090909090909091 0.13636363636363635 0.06818181818181818 0.22727272727272727 0.11363636363636363 0.22727272727272727 0.06818181818181818 69.0521613 1023.302612 293.71851885714284 0.9375 0.0078125 0.0546875 0.7272727272727273 0.1590909090909091 0.045454545454545456 0.045454545454545456 0.0 0.0 0.0 0.022727272727272728 0.5607476635514018 0.2523364485981308 0.12149532710280374 0.028037383177570093 0.037383177570093455 wanghe 1Сʱ_mousemovements
216.7423468421052 379.5511855 0 0 491.09976199999994 845.6609699999999 0 0 371.55605833333334 423.42204879999997 264.4616578 77.877853 164.98498612499998 617.9313149999999 449.9511236666667 0 0.10714285714285714 0.17857142857142858 0.17857142857142858 0.03571428571428571 0.2857142857142857 0.10714285714285714 0.10714285714285714 0.0 102.05123145945944 0 320.7401276 0.9367088607594937 0.0 0.06329113924050633 0.6785714285714286 0.14285714285714285 0.0 0.0 0.07142857142857142 0.10714285714285714 0.0 0.0 0.5942028985507246 0.21739130434782608 0.10144927536231885 0.028985507246376812 0.057971014492753624 wanghe 1Сʱ_mousemovements
0 0 0 0 0 0 0 0 0 0 0 0 0 0 0 0 0 0 0 0 0 0 0 0 0 0 0 0 0 0 0 0 0 0 0 0 0 0 0 0 0 0 0 wanghe 1Сʱ_mousemovements
0 0 0 0 0 0 0 0 0 0 0 0 0 0 0 0 0 0 0 0 0 0 0 0 0 0 0 0 0 0 0 0 0 0 0 0 0 0 0 0 0 0 0 wanghe 1Сʱ_mousemovements
0 0 0 0 0 0 0 0 0 0 0 0 0 0 0 0 0 0 0 0 0 0 0 0 0 0 0 0 0 0 0 0 0 0 0 0 0 0 0 0 0 0 0 wanghe 1Сʱ_mousemovements
0 0 0 4682.922852 3800.975098 0 0 0 3800.975098 0 0 0 0 0 4682.922852 0 0.5 0.0 0.0 0.0 0.0 0.0 0.5 0.0 2120.9744874999997 0 0 1.0 0.0 0.0 0.0 0.0 0.0 0.5 0.5 0.0 0.0 0.0 1.0 0.0 0.0 0.0 0.0 wanghe 1Сʱ_mousemovements
129.48525486666668 997.7573239999999 492.1346435 532.940002 646.4723205 604.6700135 0 0 727.5989810000001 541.3956605 408.49170125 118.86712028571431 196.52497179999997 702.2003475 0 274.3020833333333 0.11538461538461539 0.07692307692307693 0.15384615384615385 0.2692307692307692 0.19230769230769232 0.07692307692307693 0.0 0.11538461538461539 92.2901717857143 0 496.248938 0.9333333333333333 0.0 0.06666666666666667 0.5769230769230769 0.07692307692307693 0.15384615384615385 0.038461538461538464 0.07692307692307693 0.07692307692307693 0.0 0.0 0.6290322580645161 0.14516129032258066 0.0967741935483871 0.06451612903225806 0.06451612903225806 wanghe 1Сʱ_mousemovements
58.565823 0 0 941.706055 1013.21582 0 0 0 941.706055 0 58.565823 0 0 1013.21582 0 0 0.3333333333333333 0.0 0.3333333333333333 0.0 0.0 0.3333333333333333 0.0 0.0 223.72085533333333 0 0.0 0.9 0.0 0.1 0.3333333333333333 0.0 0.0 0.3333333333333333 0.3333333333333333 0.0 0.0 0.0 0.6666666666666666 0.1111111111111111 0.2222222222222222 0.0 0.0 wanghe 1Сʱ_mousemovements
125.0 0 0 0 1221.884521 0 0 9994.706055 0 0 0 0 0 9994.706055 125.0 1221.884521 0.0 0.0 0.0 0.0 0.0 0.3333333333333333 0.3333333333333333 0.3333333333333333 1620.2272251428572 0 0 1.0 0.0 0.0 0.3333333333333333 0.0 0.0 0.0 0.3333333333333333 0.0 0.0 0.3333333333333333 0.5 0.25 0.0 0.0 0.25 wanghe 1Сʱ_mousemovements
151.7507444761905 356.537268 542.0120416666667 1104.9559587142855 434.49577324999996 1061.4568785 1116.26355 0 420.27827825 652.0558248 373.19925687500006 276.70238875 286.0252712857142 578.5170546153847 334.4427257272727 252.69276542857145 0.09302325581395349 0.11627906976744186 0.09302325581395349 0.09302325581395349 0.16279069767441862 0.1511627906976744 0.12790697674418605 0.16279069767441862 119.51253090212764 0.0 273.24748019047627 0.914396887159533 0.0038910505836575876 0.08171206225680934 0.4883720930232558 0.23255813953488372 0.06976744186046512 0.08139534883720931 0.046511627906976744 0.046511627906976744 0.03488372093023256 0.0 0.43946188340807174 0.26905829596412556 0.19730941704035873 0.07174887892376682 0.02242152466367713 wanghe 1Сʱ_mousemovements
121.97011729166665 368.98999899999995 558.4133606666667 781.4364855 735.3458251999999 749.0448809999999 674.236816 1132.057007 568.1081543333333 355.8812953333333 0 388.70145725000003 317.3679700625 262.93729275 335.922839 675.5999252500001 0.0625 0.25 0.0 0.08333333333333333 0.3333333333333333 0.08333333333333333 0.10416666666666667 0.08333333333333333 101.69407558267717 12.974437 319.57714925 0.8819444444444444 0.006944444444444444 0.1111111111111111 0.5 0.14583333333333334 0.0625 0.08333333333333333 0.10416666666666667 0.0625 0.020833333333333332 0.020833333333333332 0.4696969696969697 0.30303030303030304 0.09090909090909091 0.08333333333333333 0.05303030303030303 wanghe 1Сʱ_mousemovements
136.04349566666664 395.6086043333333 518.5519816666666 677.46459975 777.9564614999999 647.075928 1008.6233523333334 0 544.7819629999999 344.63560212500005 460.8725564285714 535.7038993333333 183.18515533333334 770.5378115000001 502.265489 206.57972219999996 0.04878048780487805 0.1951219512195122 0.17073170731707318 0.14634146341463414 0.07317073170731707 0.04878048780487805 0.1951219512195122 0.12195121951219512 97.75105499065421 18.130943 463.40932126666667 0.8699186991869918 0.008130081300813009 0.12195121951219512 0.43902439024390244 0.14634146341463414 0.07317073170731707 0.0975609756097561 0.14634146341463414 0.024390243902439025 0.07317073170731707 0.0 0.5321100917431193 0.1834862385321101 0.1834862385321101 0.05504587155963303 0.045871559633027525 wanghe 1Сʱ_mousemovements
172.39097142857145 284.193787 546.334351 643.56233225 667.493164 0 0 0 216.36026 450.28232566666674 187.7490805 0 546.334351 561.5365093333334 0 389.1227645 0.13333333333333333 0.2 0.13333333333333333 0.0 0.06666666666666667 0.2 0.0 0.26666666666666666 88.38186843478262 119.715431 547.1679283333333 0.9019607843137255 0.0392156862745098 0.058823529411764705 0.4666666666666667 0.06666666666666667 0.06666666666666667 0.26666666666666666 0.13333333333333333 0.0 0.0 0.0 0.47619047619047616 0.2857142857142857 0.14285714285714285 0.047619047619047616 0.047619047619047616 wanghe 1Сʱ_mousemovements
190.40749638461537 287.2230605 782.0275875 0 1206.014282 0 0 767.503693 91.641945 403.68367920000003 640.6639935000001 99.7975045 0 552.6096473333333 121.12139066666667 435.66099149999997 0.05 0.25 0.1 0.1 0.0 0.15 0.15 0.2 81.77981821666667 75.313705 338.95965985714287 0.8823529411764706 0.014705882352941176 0.10294117647058823 0.65 0.1 0.1 0.0 0.05 0.0 0.0 0.1 0.6101694915254238 0.15254237288135594 0.11864406779661017 0.03389830508474576 0.0847457627118644 wanghe 1Сʱ_mousemovements
