263.3711167826087 1121.5844958947368 2230.9420166 4093.623046833334 2030.0124208000002 4342.11377 0 1532.160278 1858.9296811428571 1728.798558 821.6278187 889.7990056666666 1589.8941437777778 1413.7099581818181 1159.4803064999999 2307.144816 0.1076923076923077 0.15384615384615385 0.15384615384615385 0.13846153846153847 0.13846153846153847 0.16923076923076924 0.09230769230769231 0.046153846153846156 496.59788092655367 438.89328 123.96035191666665 0.9267015706806283 0.010471204188481676 0.06282722513089005 0.35384615384615387 0.2923076923076923 0.15384615384615385 0.09230769230769231 0.07692307692307693 0.015384615384615385 0.0 0.015384615384615385 0.6338797814207651 0.23497267759562843 0.07650273224043716 0.04371584699453552 0.01092896174863388 dongzhenyu 4Сʱ_mousemovements
0 0 0 0 0 0 0 0 0 0 0 0 0 0 0 0 0 0 0 0 0 0 0 0 0 0 0 0 0 0 0 0 0 0 0 0 0 0 0 0 0 0 0 dongzhenyu 4Сʱ_mousemovements
0 0 0 0 0 0 0 0 0 0 0 0 0 0 0 0 0 0 0 0 0 0 0 0 0 0 0 0 0 0 0 0 0 0 0 0 0 0 0 0 0 0 0 dongzhenyu 4Сʱ_mousemovements
247.02699228571433 1079.3563163636363 1886.477417 3501.9623209999995 4023.984131 5677.940918 0 0 2136.4515635000002 43.558544 323.643715 1880.760946 2177.1764021999998 604.06884975 693.9656525 1870.474182 0.24 0.04 0.08 0.12 0.2 0.16 0.08 0.08 457.87265588749995 0 119.132850125 0.9090909090909091 0.0 0.09090909090909091 0.28 0.44 0.08 0.12 0.04 0.04 0.0 0.0 0.725 0.1875 0.075 0.0 0.0125 dongzhenyu 4Сʱ_mousemovements
439.0143585 1180.019751 1463.6596676666668 0 0 0 0 0 1878.953613 1256.0126950000001 844.3072510000001 0 272.547333 1204.2414092499998 0 0 0.1 0.2 0.2 0.0 0.1 0.4 0.0 0.0 558.45532375 0 0 1.0 0.0 0.0 0.2 0.5 0.3 0.0 0.0 0.0 0.0 0.0 0.42105263157894735 0.47368421052631576 0.10526315789473684 0.0 0.0 dongzhenyu 4Сʱ_mousemovements
205.48778214285716 921.1219455454547 676.7196146666666 2704.7900898333337 0 6475.901367 0 0 2708.4752160000007 95.272789 104.74522366666666 1420.0888675 831.8522164444445 577.1071226666667 523.7722853333333 115.30806 0.22857142857142856 0.08571428571428572 0.08571428571428572 0.05714285714285714 0.2571428571428571 0.17142857142857143 0.08571428571428572 0.02857142857142857 345.1035914134615 174.8234025 150.3550789 0.896551724137931 0.017241379310344827 0.08620689655172414 0.4 0.3142857142857143 0.08571428571428572 0.17142857142857143 0.0 0.02857142857142857 0.0 0.0 0.5504587155963303 0.27522935779816515 0.11009174311926606 0.045871559633027525 0.01834862385321101 dongzhenyu 4Сʱ_mousemovements
168.55970716 799.393243473684 1941.465085181818 3422.3682453333336 2844.6466065 0 0 0 1618.415039 680.4426450714285 679.962772 499.714606 1518.0807872 652.5978497777778 781.5982231250001 1616.9618886666667 0.08333333333333333 0.23333333333333334 0.13333333333333333 0.05 0.16666666666666666 0.15 0.13333333333333333 0.05 308.3502884519774 349.82269299999996 79.85176383333334 0.8984771573604061 0.01015228426395939 0.09137055837563451 0.4166666666666667 0.31666666666666665 0.18333333333333332 0.05 0.03333333333333333 0.0 0.0 0.0 0.5916230366492147 0.23036649214659685 0.1099476439790576 0.05235602094240838 0.015706806282722512 dongzhenyu 4Сʱ_mousemovements
209.7116413181818 1009.8104403846154 1842.3630933076925 3208.7498779999996 3804.3572590000003 3804.594971 0 0 1923.23381025 2179.558951333333 587.462461 572.8298314285714 396.87613625 1278.8468941111112 1035.7669934285714 0 0.07547169811320754 0.22641509433962265 0.11320754716981132 0.1320754716981132 0.1509433962264151 0.16981132075471697 0.1320754716981132 0.0 398.54873461935483 391.498117 64.08570425 0.9171597633136095 0.011834319526627219 0.07100591715976332 0.4074074074074074 0.24074074074074073 0.24074074074074073 0.037037037037037035 0.05555555555555555 0.018518518518518517 0.0 0.0 0.5961538461538461 0.28205128205128205 0.07692307692307693 0.02564102564102564 0.019230769230769232 dongzhenyu 4Сʱ_mousemovements
259.0318823333334 873.4053488333334 1677.3939437777774 2240.1219805 2962.34668 4355.815795500001 0 686.80426 2040.0523225000002 749.2194763333332 1336.857837 1350.267423 708.0933235333334 1028.1718859999999 1076.7413174999997 753.907393 0.057971014492753624 0.21739130434782608 0.07246376811594203 0.08695652173913043 0.21739130434782608 0.14492753623188406 0.14492753623188406 0.057971014492753624 313.8204754018692 63.085405428571434 115.57973127272727 0.9224137931034483 0.03017241379310345 0.04741379310344827 0.43478260869565216 0.2608695652173913 0.13043478260869565 0.11594202898550725 0.014492753623188406 0.028985507246376812 0.0 0.014492753623188406 0.5625 0.30288461538461536 0.052884615384615384 0.0625 0.019230769230769232 dongzhenyu 4Сʱ_mousemovements
350.31328974999997 1419.2545111818183 2869.6886718 3304.387939 3639.9799805000002 0 5510.063477 0 2943.0872799999997 2043.7233414999998 132.124466 728.8714658 1616.7600503333333 1252.0120226363636 3304.387939 2319.17041 0.0625 0.25 0.03125 0.15625 0.09375 0.34375 0.03125 0.03125 568.8720964482759 0 95.817680625 0.9157894736842105 0.0 0.08421052631578947 0.375 0.34375 0.15625 0.03125 0.0625 0.0 0.03125 0.0 0.6777777777777778 0.23333333333333334 0.05555555555555555 0.022222222222222223 0.011111111111111112 dongzhenyu 4Сʱ_mousemovements
228.65495441666664 1286.700698875 1850.8645327499999 2847.829102 2625.565186 1286.863647 0 0 1745.5651856666666 906.7444271428573 1385.285767 1512.1874695000001 1347.5843505 1348.831772 410.40124014285715 244.309387 0.1111111111111111 0.25925925925925924 0.037037037037037035 0.07407407407407407 0.07407407407407407 0.14814814814814814 0.25925925925925924 0.037037037037037035 336.10681289873423 0 81.092861375 0.9080459770114943 0.0 0.09195402298850575 0.4444444444444444 0.2962962962962963 0.14814814814814814 0.037037037037037035 0.037037037037037035 0.037037037037037035 0.0 0.0 0.6049382716049383 0.30864197530864196 0.06172839506172839 0.024691358024691357 0.0 dongzhenyu 4Сʱ_mousemovements
285.85952080000004 1307.3238831666667 2016.1600955000001 2189.48815925 2459.838623333333 0 0 0 0 1611.5223117142857 1500.4389376000004 1305.322266 295.4127686 1671.203667 1267.041391 2175.8544924999997 0.0 0.2413793103448276 0.1724137931034483 0.034482758620689655 0.1724137931034483 0.13793103448275862 0.1724137931034483 0.06896551724137931 448.1179283023257 0 79.7651506 0.945054945054945 0.0 0.054945054945054944 0.3448275862068966 0.20689655172413793 0.20689655172413793 0.13793103448275862 0.10344827586206896 0.0 0.0 0.0 0.6309523809523809 0.27380952380952384 0.03571428571428571 0.03571428571428571 0.023809523809523808 dongzhenyu 4Сʱ_mousemovements
204.10667520000004 773.2053264545456 3341.498779 2894.552002 3441.689209 0 0 0 0 1911.724228 529.1885530000001 137.670975 353.498179 1255.5991185 1020.968628 736.396667 0.0 0.2222222222222222 0.1111111111111111 0.05555555555555555 0.16666666666666666 0.3333333333333333 0.05555555555555555 0.05555555555555555 339.2032171090909 0 91.22583600000002 0.9016393442622951 0.0 0.09836065573770492 0.2631578947368421 0.5789473684210527 0.05263157894736842 0.05263157894736842 0.05263157894736842 0.0 0.0 0.0 0.6727272727272727 0.2 0.05454545454545454 0.07272727272727272 0.0 dongzhenyu 4Сʱ_mousemovements
51.45282619999999 1101.8139085384614 2030.4440116249998 3190.9226685000003 3423.8188475 3247.094482 0 6850.183594 2357.371985 1357.9317684166665 528.457227 1037.3498953333335 28.7803215 1695.3733884545456 613.1081104 1745.4393083333334 0.0625 0.25 0.0625 0.1875 0.041666666666666664 0.22916666666666666 0.10416666666666667 0.0625 342.0546850457143 7.2776575 116.79667041666669 0.9067357512953368 0.031088082901554404 0.06217616580310881 0.40816326530612246 0.2653061224489796 0.16326530612244897 0.08163265306122448 0.04081632653061224 0.02040816326530612 0.0 0.02040816326530612 0.6022099447513812 0.24861878453038674 0.0718232044198895 0.07734806629834254 0.0 dongzhenyu 4Сʱ_mousemovements
53.72524104761905 1501.72288 2633.950276666667 0 0 0 0 0 571.2503849999999 63.41589633333333 1259.617645 5.231038 1053.92397175 233.6525545 45.27919 43.957557333333334 0.13043478260869565 0.13043478260869565 0.08695652173913043 0.043478260869565216 0.34782608695652173 0.08695652173913043 0.043478260869565216 0.13043478260869565 119.10154173873875 4.313418666666667 92.05254366666666 0.9024390243902439 0.07317073170731707 0.024390243902439025 0.7777777777777778 0.1111111111111111 0.1111111111111111 0.0 0.0 0.0 0.0 0.0 0.4690265486725664 0.2920353982300885 0.10619469026548672 0.08849557522123894 0.04424778761061947 dongzhenyu 4Сʱ_mousemovements
121.25403192307695 1119.1431256666667 2453.242030428571 3350.46627825 4217.159668 0 0 974.267456 1576.2575530000001 2257.7651236363636 200.794373 523.1203 409.766346 1538.0070979999998 17.64050675 75.025368 0.05714285714285714 0.3142857142857143 0.02857142857142857 0.02857142857142857 0.11428571428571428 0.3142857142857143 0.11428571428571428 0.02857142857142857 469.0236224226803 0 213.2539578888889 0.9150943396226415 0.0 0.08490566037735849 0.37142857142857144 0.2571428571428571 0.2 0.11428571428571428 0.02857142857142857 0.0 0.0 0.02857142857142857 0.7171717171717171 0.1717171717171717 0.06060606060606061 0.030303030303030304 0.020202020202020204 dongzhenyu 4Сʱ_mousemovements
290.15417874999997 1084.374635 1269.2987977999999 2457.6896101428574 3866.037842 4074.489014 0 0 2003.815186 1456.0232463636364 920.2231761428571 737.2667133333333 1377.847084 1598.6248704 1263.7288731428573 45.520447 0.02564102564102564 0.28205128205128205 0.1794871794871795 0.07692307692307693 0.10256410256410256 0.1282051282051282 0.1794871794871795 0.02564102564102564 425.06628980733944 1273.496948 146.38459790000005 0.9083333333333333 0.008333333333333333 0.08333333333333333 0.3076923076923077 0.3333333333333333 0.1282051282051282 0.1794871794871795 0.02564102564102564 0.02564102564102564 0.0 0.0 0.6160714285714286 0.25 0.05357142857142857 0.08035714285714286 0.0 dongzhenyu 4Сʱ_mousemovements
184.30840499999996 717.5450577333335 2692.83831775 2085.438944666667 4102.23229975 3469.248291 0 0 371.394602 1457.9053795454545 959.2963746000001 306.237518 1760.3796555999998 1770.3189819 297.9366897142857 72.422623 0.046511627906976744 0.2558139534883721 0.11627906976744186 0.023255813953488372 0.11627906976744186 0.23255813953488372 0.16279069767441862 0.046511627906976744 333.4240904794521 0 107.6689295 0.8902439024390244 0.0 0.10975609756097561 0.37209302325581395 0.3488372093023256 0.09302325581395349 0.06976744186046512 0.09302325581395349 0.023255813953488372 0.0 0.0 0.55625 0.28125 0.05625 0.0875 0.01875 dongzhenyu 4Сʱ_mousemovements
260.552447 1853.4926096666666 2236.5338135 2724.2723997499997 3119.308594 0 0 0 1076.4096476666666 1718.3543564000004 1039.0815583333333 137.663792 3.205128 1593.7334375 2196.900635 2312.952148 0.125 0.20833333333333334 0.125 0.08333333333333333 0.041666666666666664 0.3333333333333333 0.041666666666666664 0.041666666666666664 413.50396658441565 72.8929698 272.228119 0.927710843373494 0.060240963855421686 0.012048192771084338 0.4583333333333333 0.25 0.08333333333333333 0.16666666666666666 0.041666666666666664 0.0 0.0 0.0 0.68 0.14666666666666667 0.08 0.06666666666666667 0.02666666666666667 dongzhenyu 4Сʱ_mousemovements
55.335083 440.656464 0 2289.230713 0 0 0 0 0 55.335083 0 440.656464 2289.230713 0 0 0 0.0 0.3333333333333333 0.0 0.3333333333333333 0.3333333333333333 0.0 0.0 0.0 303.32079744444445 0 55.335083 0.9 0.0 0.1 0.3333333333333333 0.3333333333333333 0.0 0.3333333333333333 0.0 0.0 0.0 0.0 0.6666666666666666 0.2222222222222222 0.1111111111111111 0.0 0.0 dongzhenyu 4Сʱ_mousemovements
381.31949311111106 198.693451 1338.6325318 3624.671582 0 0 0 0 198.693451 3139.800008333333 2935.267781666667 208.1844865 1474.249664 898.48053 587.0404474 941.5471896666667 0.09523809523809523 0.14285714285714285 0.14285714285714285 0.09523809523809523 0.09523809523809523 0.047619047619047616 0.23809523809523808 0.14285714285714285 457.15766356896563 1074.621216 176.00286766666667 0.8923076923076924 0.015384615384615385 0.09230769230769231 0.42857142857142855 0.09523809523809523 0.23809523809523808 0.23809523809523808 0.0 0.0 0.0 0.0 0.5714285714285714 0.31746031746031744 0.047619047619047616 0.031746031746031744 0.031746031746031744 dongzhenyu 4Сʱ_mousemovements
122.64556420000001 918.001465 1585.225779333333 2580.610352 3448.074219 0 0 0 0 0 1506.4316024999998 0 0 2352.5158695 191.6499785 1162.401827 0.0 0.0 0.3333333333333333 0.0 0.0 0.16666666666666666 0.16666666666666666 0.3333333333333333 445.3402880588235 25.641026 198.81819800000002 0.8947368421052632 0.02631578947368421 0.07894736842105263 0.4166666666666667 0.08333333333333333 0.25 0.08333333333333333 0.16666666666666666 0.0 0.0 0.0 0.5675675675675675 0.24324324324324326 0.10810810810810811 0.05405405405405406 0.02702702702702703 dongzhenyu 4Сʱ_mousemovements
230.44131 876.9272920000001 1890.123901 3009.2281290000005 0 6458.859863 0 0 5539.7185055 1434.7048239999997 0 1167.308838 721.02807625 632.6640411999999 64.80748349999999 0 0.11764705882352941 0.17647058823529413 0.0 0.058823529411764705 0.23529411764705882 0.29411764705882354 0.11764705882352941 0.0 524.1910297441862 0 62.56450666666666 0.9347826086956522 0.0 0.06521739130434782 0.47058823529411764 0.23529411764705882 0.058823529411764705 0.17647058823529413 0.0 0.058823529411764705 0.0 0.0 0.6590909090909091 0.22727272727272727 0.045454545454545456 0.06818181818181818 0.0 dongzhenyu 4Сʱ_mousemovements
0 0 0 0 0 0 0 0 0 0 0 0 0 0 0 0 0 0 0 0 0 0 0 0 0 0 0 0 0 0 0 0 0 0 0 0 0 0 0 0 0 0 0 dongzhenyu 4Сʱ_mousemovements
0 0 0 0 0 0 0 0 0 0 0 0 0 0 0 0 0 0 0 0 0 0 0 0 0 0 0 0 0 0 0 0 0 0 0 0 0 0 0 0 0 0 0 dongzhenyu 4Сʱ_mousemovements
0 0 0 0 0 0 0 0 0 0 0 0 0 0 0 0 0 0 0 0 0 0 0 0 0 0 0 0 0 0 0 0 0 0 0 0 0 0 0 0 0 0 0 dongzhenyu 4Сʱ_mousemovements
0 0 0 0 0 0 0 0 0 0 0 0 0 0 0 0 0 0 0 0 0 0 0 0 0 0 0 0 0 0 0 0 0 0 0 0 0 0 0 0 0 0 0 dongzhenyu 4Сʱ_mousemovements
306.138673095238 1392.9385448695655 2016.9620072105263 2426.30265775 0 2785.55542 0 0 0 1470.0597463199997 951.8400873333334 797.475128 1164.3026845 1409.5144469166669 907.92698075 0 0.0 0.36764705882352944 0.04411764705882353 0.029411764705882353 0.08823529411764706 0.35294117647058826 0.11764705882352941 0.0 412.23138276415096 0 110.96998288235294 0.925764192139738 0.0 0.07423580786026202 0.3088235294117647 0.3382352941176471 0.27941176470588236 0.058823529411764705 0.0 0.014705882352941176 0.0 0.0 0.7109004739336493 0.15165876777251186 0.07109004739336493 0.05687203791469194 0.009478672985781991 dongzhenyu 4Сʱ_mousemovements
250.86182229166664 1221.059903857143 2239.6266275 3264.8489583333335 1307.805054 0 0 0 1108.2513425 1656.4063472000003 1234.2558855714285 1144.1069945 569.929961 719.6382153333333 517.292310375 978.1001377499999 0.041666666666666664 0.20833333333333334 0.14583333333333334 0.041666666666666664 0.125 0.1875 0.16666666666666666 0.08333333333333333 352.11165470000003 456.3840825 80.69590058333334 0.9027777777777778 0.013888888888888888 0.08333333333333333 0.5 0.2916666666666667 0.125 0.0625 0.020833333333333332 0.0 0.0 0.0 0.5111111111111111 0.34074074074074073 0.07407407407407407 0.05925925925925926 0.014814814814814815 dongzhenyu 4Сʱ_mousemovements
565.7236583333334 196.688431 1689.770874 2590.811035 3215.1188965 0 0 0 110.028786 1401.4011365 0 2590.811035 0 2149.1173705 0 0 0.125 0.5 0.0 0.125 0.0 0.25 0.0 0.0 474.3377254230769 0 135.9491235 0.9285714285714286 0.0 0.07142857142857142 0.375 0.125 0.125 0.125 0.25 0.0 0.0 0.0 0.84 0.0 0.04 0.08 0.04 dongzhenyu 4Сʱ_mousemovements
