99.0146628 253.0955505 300.535156 808.060211 1214.772583 632.7130533333334 783.6216585000001 0 205.528872 90.04074424999999 770.6377640000001 0 201.062286 1222.598999 353.80609875 587.308594 0.19047619047619047 0.19047619047619047 0.19047619047619047 0.0 0.14285714285714285 0.047619047619047616 0.19047619047619047 0.047619047619047616 75.70341831343283 0 302.1019340000001 0.8701298701298701 0.0 0.12987012987012986 0.47619047619047616 0.09523809523809523 0.047619047619047616 0.09523809523809523 0.047619047619047616 0.14285714285714285 0.09523809523809523 0.0 0.5285714285714286 0.18571428571428572 0.15714285714285714 0.1 0.02857142857142857 dongzhenyu 9Сʱ_mousemovements
1087.242432 0 0 0 0 0 0 0 0 0 0 0 0 1087.242432 0 0 0.0 0.0 0.0 0.0 0.0 1.0 0.0 0.0 543.621216 0 0 1.0 0.0 0.0 1.0 0.0 0.0 0.0 0.0 0.0 0.0 0.0 1.0 0.0 0.0 0.0 0.0 dongzhenyu 9Сʱ_mousemovements
0 0 0 0 0 0 0 0 0 0 0 0 0 0 0 0 0 0 0 0 0 0 0 0 0 0 0 0 0 0 0 0 0 0 0 0 0 0 0 0 0 0 0 dongzhenyu 9Сʱ_mousemovements
0 0 0 0 0 0 0 0 0 0 0 0 0 0 0 0 0 0 0 0 0 0 0 0 0 0 0 0 0 0 0 0 0 0 0 0 0 0 0 0 0 0 0 dongzhenyu 9Сʱ_mousemovements
0 0 0 0 0 0 0 0 0 0 0 0 0 0 0 0 0 0 0 0 0 0 0 0 0 0 0 0 0 0 0 0 0 0 0 0 0 0 0 0 0 0 0 dongzhenyu 9Сʱ_mousemovements
10.752688 0 0 1449.19873 0 0 0 0 0 0 0 0 10.752688 1449.19873 0 0 0.0 0.0 0.0 0.0 0.5 0.5 0.0 0.0 243.32523633333335 0 0 1.0 0.0 0.0 0.5 0.0 0.0 0.5 0.0 0.0 0.0 0.0 0.4 0.4 0.2 0.0 0.0 dongzhenyu 9Сʱ_mousemovements
282.56198932 1245.3026925 1991.879097 2070.062703666667 3843.58221425 0 0 0 1873.1369628571429 1316.993958625 699.3623428333334 204.50078900000003 1596.8777055000003 972.6715437142857 1956.300049 786.9818636 0.14583333333333334 0.16666666666666666 0.125 0.125 0.16666666666666666 0.14583333333333334 0.020833333333333332 0.10416666666666667 412.9938542076923 51.6543865 94.18889962499999 0.9285714285714286 0.014285714285714285 0.05714285714285714 0.5208333333333334 0.16666666666666666 0.16666666666666666 0.0625 0.08333333333333333 0.0 0.0 0.0 0.6417910447761194 0.23880597014925373 0.07462686567164178 0.022388059701492536 0.022388059701492536 dongzhenyu 9Сʱ_mousemovements
101.86831472499998 429.82389985 590.9516956666666 433.048538 630.95327 607.381958 579.90830225 0 355.18618783333335 245.91647075 341.297341 435.157103375 163.52588369999998 134.83958120000003 455.5810130000001 251.70866619999998 0.07792207792207792 0.15584415584415584 0.09090909090909091 0.1038961038961039 0.2597402597402597 0.06493506493506493 0.18181818181818182 0.06493506493506493 86.4900904864865 246.103903 191.3018205 0.8564814814814815 0.05092592592592592 0.09259259259259259 0.5194805194805194 0.2597402597402597 0.07792207792207792 0.025974025974025976 0.05194805194805195 0.012987012987012988 0.05194805194805195 0.0 0.5979381443298969 0.18041237113402062 0.0979381443298969 0.07731958762886598 0.04639175257731959 dongzhenyu 9Сʱ_mousemovements
104.66269698214283 336.29979183333336 429.05585500000007 467.74611557142856 534.033315 620.6669816666666 342.639709 0 302.435267 255.68942399999997 158.2816385 464.9807980000001 147.6616514 175.4122823333333 185.67785354545455 106.19783688888889 0.075 0.1375 0.075 0.0875 0.1875 0.1875 0.1375 0.1125 60.21015325373133 18.138566833333332 194.13149586956519 0.8739130434782608 0.02608695652173913 0.1 0.7 0.075 0.05 0.0875 0.0375 0.0375 0.0125 0.0 0.677570093457944 0.17289719626168223 0.07009345794392523 0.04205607476635514 0.037383177570093455 dongzhenyu 9Сʱ_mousemovements
144.43341004385968 395.57405735 686.0194501111112 572.08851625 645.146589 1130.1144001666667 930.2730178749999 829.6964965999999 305.8572560769231 418.1734300416667 523.1920384736843 288.3861205 251.24791554166657 350.42522237037036 266.671773368421 181.39017816666666 0.07514450867052024 0.13872832369942195 0.10982658959537572 0.057803468208092484 0.13872832369942195 0.15606936416184972 0.21965317919075145 0.10404624277456648 98.25198281016043 101.11303856249998 302.78729525000006 0.8165938864628821 0.06986899563318777 0.11353711790393013 0.6589595375722543 0.11560693641618497 0.05202312138728324 0.023121387283236993 0.04046242774566474 0.03468208092485549 0.046242774566473986 0.028901734104046242 0.6089887640449438 0.2247191011235955 0.0898876404494382 0.058426966292134834 0.017977528089887642 dongzhenyu 9Сʱ_mousemovements
75.18186376666668 431.44870175 359.99360666666666 821.586586 567.8908296 1022.0663656666669 734.5195309999999 962.2872005 239.743429 557.8820809000001 460.915516 119.40294433333334 272.04306049999997 261.643753375 337.1157021176471 132.696166 0.07142857142857142 0.17857142857142858 0.07142857142857142 0.05357142857142857 0.10714285714285714 0.14285714285714285 0.30357142857142855 0.07142857142857142 75.87147937575757 81.27936059999999 305.3491848421052 0.873015873015873 0.026455026455026454 0.10052910052910052 0.5357142857142857 0.07142857142857142 0.10714285714285714 0.07142857142857142 0.08928571428571429 0.05357142857142857 0.03571428571428571 0.03571428571428571 0.5142857142857142 0.19428571428571428 0.13142857142857142 0.11428571428571428 0.045714285714285714 dongzhenyu 9Сʱ_mousemovements
96.29694377419356 392.1555557142857 425.4849855 411.8245238333334 1129.1687625 708.995544 0 1619.3317463333333 554.60172 203.812412 269.37062149999997 1279.5379945 516.522751 388.63487050000003 157.76705805882358 334.684315 0.06779661016949153 0.23728813559322035 0.13559322033898305 0.06779661016949153 0.03389830508474576 0.06779661016949153 0.288135593220339 0.1016949152542373 66.27399337438423 30.052385000000005 243.15402595999996 0.8787878787878788 0.012987012987012988 0.10822510822510822 0.5254237288135594 0.23728813559322035 0.03389830508474576 0.1016949152542373 0.03389830508474576 0.01694915254237288 0.0 0.05084745762711865 0.5560538116591929 0.25112107623318386 0.1031390134529148 0.06726457399103139 0.02242152466367713 dongzhenyu 9Сʱ_mousemovements
71.410652 0 0 0 0 0 0 0 71.410652 0 0 0 0 0 0 0 1.0 0.0 0.0 0.0 0.0 0.0 0.0 0.0 35.705326 0 0 1.0 0.0 0.0 1.0 0.0 0.0 0.0 0.0 0.0 0.0 0.0 0.0 0.0 0.0 1.0 0.0 dongzhenyu 9Сʱ_mousemovements
100.82855025 184.858582 420.71385200000003 730.6369935 0 692.910706 1051.468872 987.217834 0 376.03726766666665 0 872.354675 0 431.5357515 872.189789 253.63858175000001 0.0 0.25 0.0 0.08333333333333333 0.0 0.16666666666666666 0.16666666666666666 0.3333333333333333 57.05710347916667 0 320.41454655555555 0.8421052631578947 0.0 0.15789473684210525 0.3333333333333333 0.08333333333333333 0.16666666666666666 0.16666666666666666 0.0 0.08333333333333333 0.08333333333333333 0.08333333333333333 0.4444444444444444 0.3333333333333333 0.1111111111111111 0.07407407407407407 0.037037037037037035 dongzhenyu 9Сʱ_mousemovements
128.26080909523813 510.5769106000001 426.4292906666667 225.514923 937.1595000000001 963.2565005000001 735.5594686666667 838.572571 491.056256 358.676355 0 494.9141178 279.30712950000003 251.43673714285714 1070.7901915 378.77774033333327 0.125 0.15 0.0 0.125 0.3 0.175 0.05 0.075 91.8981801923077 15.044826 292.47983883333336 0.9090909090909091 0.006993006993006993 0.08391608391608392 0.525 0.125 0.075 0.025 0.1 0.05 0.075 0.025 0.5227272727272727 0.22727272727272727 0.08333333333333333 0.08333333333333333 0.08333333333333333 dongzhenyu 9Сʱ_mousemovements
83.99399814893614 241.48595757142857 322.29613112500004 533.161963 472.0307923333333 651.689941 1099.9844054999999 716.5588888333333 250.6400012222222 195.68561769230772 526.179657 186.67180739999998 167.30212564705883 439.479692 137.66539724999998 240.72487950000004 0.11392405063291139 0.16455696202531644 0.05063291139240506 0.12658227848101267 0.21518987341772153 0.12658227848101267 0.05063291139240506 0.1518987341772152 57.49571194628099 119.61042233333335 258.8304692 0.9132075471698113 0.011320754716981131 0.07547169811320754 0.5949367088607594 0.08860759493670886 0.10126582278481013 0.06329113924050633 0.0379746835443038 0.012658227848101266 0.02531645569620253 0.0759493670886076 0.5685483870967742 0.21774193548387097 0.0967741935483871 0.07258064516129033 0.04435483870967742 dongzhenyu 9Сʱ_mousemovements
107.15905157142858 356.153736 394.2189998125 552.2964032727273 698.6351114999999 638.85737625 813.4344483333334 816.4358520000001 460.8098853 395.0412754 501.11721624999996 387.1461656 430.158058 339.36557809090914 271.38231833333333 239.81769480000003 0.1282051282051282 0.1282051282051282 0.10256410256410256 0.0641025641025641 0.15384615384615385 0.14102564102564102 0.15384615384615385 0.1282051282051282 64.50531373360656 14.298787333333332 340.2735916666667 0.8531468531468531 0.01048951048951049 0.13636363636363635 0.358974358974359 0.10256410256410256 0.20512820512820512 0.14102564102564102 0.07692307692307693 0.05128205128205128 0.038461538461538464 0.02564102564102564 0.6022727272727273 0.17045454545454544 0.12121212121212122 0.06060606060606061 0.045454545454545456 dongzhenyu 9Сʱ_mousemovements
15.584568 0 444.916901 0 0 0 742.459778 0 0 0 0 742.459778 0 0 15.584568 444.916901 0.0 0.0 0.0 0.25 0.0 0.0 0.5 0.25 66.18078914285714 12.820513 742.459778 0.7777777777777778 0.1111111111111111 0.1111111111111111 0.5 0.0 0.25 0.0 0.0 0.0 0.25 0.0 0.6666666666666666 0.0 0.16666666666666666 0.0 0.16666666666666666 dongzhenyu 9Сʱ_mousemovements
118.84019622580644 646.742195 465.4716614 459.9515562 1951.9632204000002 613.389099 1149.0561215 711.724976 347.66846250000003 278.973134 2222.60351575 441.926876 288.89213899999993 395.13116966666666 179.55135024999998 364.2755379999999 0.17857142857142858 0.07142857142857142 0.07142857142857142 0.08928571428571429 0.17857142857142858 0.05357142857142857 0.14285714285714285 0.21428571428571427 101.01220842622955 45.268067 300.36310221739126 0.8714285714285714 0.01904761904761905 0.10952380952380952 0.5535714285714286 0.10714285714285714 0.08928571428571429 0.08928571428571429 0.08928571428571429 0.017857142857142856 0.03571428571428571 0.017857142857142856 0.6377551020408163 0.20408163265306123 0.07142857142857142 0.04081632653061224 0.04591836734693878 dongzhenyu 9Сʱ_mousemovements
134.22719315555554 312.10293083333335 352.90128566666664 481.0252025 414.680145 664.2396395 0 597.86145 137.42074953846156 373.40672159999997 522.907789 228.592185 194.73640391666663 178.4460884 167.4440495 255.35430433333332 0.203125 0.078125 0.0625 0.046875 0.375 0.078125 0.0625 0.09375 44.97056937142857 40.829918500000005 183.66311924 0.8786610878661087 0.016736401673640166 0.10460251046025104 0.703125 0.09375 0.046875 0.09375 0.015625 0.03125 0.0 0.015625 0.6036036036036037 0.21171171171171171 0.06756756756756757 0.08108108108108109 0.036036036036036036 dongzhenyu 9Сʱ_mousemovements
0 0 0 0 0 0 0 0 0 0 0 0 0 0 0 0 0 0 0 0 0 0 0 0 0 0 0 0 0 0 0 0 0 0 0 0 0 0 0 0 0 0 0 dongzhenyu 9Сʱ_mousemovements
156.555008 260.581909 0 0 0 267.972595 0 5691.494263 8307.364258 267.972595 208.5684585 0 0 3075.624268 0 0 0.2 0.2 0.4 0.0 0.0 0.2 0.0 0.0 842.8661030714285 0 267.972595 0.9333333333333333 0.0 0.06666666666666667 0.2 0.2 0.0 0.0 0.0 0.2 0.0 0.4 0.5384615384615384 0.3076923076923077 0.07692307692307693 0.07692307692307693 0.0 dongzhenyu 9Сʱ_mousemovements
0 0 0 0 0 0 0 0 0 0 0 0 0 0 0 0 0 0 0 0 0 0 0 0 0 0 0 0 0 0 0 0 0 0 0 0 0 0 0 0 0 0 0 dongzhenyu 9Сʱ_mousemovements
224.88419866666666 191.648712 680.3026933333334 0 0 0 0 0 191.648712 0 454.012756 217.76591150000002 0 239.120773 0 793.447662 0.14285714285714285 0.0 0.14285714285714285 0.2857142857142857 0.0 0.14285714285714285 0.0 0.2857142857142857 98.58608044444445 0 122.69260799999999 0.9310344827586207 0.0 0.06896551724137931 0.42857142857142855 0.14285714285714285 0.42857142857142855 0.0 0.0 0.0 0.0 0.0 0.5925925925925926 0.25925925925925924 0.037037037037037035 0.1111111111111111 0.0 dongzhenyu 9Сʱ_mousemovements
0 0 0 0 0 0 0 0 0 0 0 0 0 0 0 0 0 0 0 0 0 0 0 0 0 0 0 0 0 0 0 0 0 0 0 0 0 0 0 0 0 0 0 dongzhenyu 9Сʱ_mousemovements
0 0 0 0 0 0 0 0 0 0 0 0 0 0 0 0 0 0 0 0 0 0 0 0 0 0 0 0 0 0 0 0 0 0 0 0 0 0 0 0 0 0 0 dongzhenyu 9Сʱ_mousemovements
0 0 0 0 0 0 0 0 0 0 0 0 0 0 0 0 0 0 0 0 0 0 0 0 0 0 0 0 0 0 0 0 0 0 0 0 0 0 0 0 0 0 0 dongzhenyu 9Сʱ_mousemovements
57.79366442857143 120.302616 356.244781 0 0 887.686462 697.435913 993.824524 158.04454 25.641026 993.824524 35.598495 39.28465466666667 887.686462 380.22244 110.518116 0.07692307692307693 0.07692307692307693 0.07692307692307693 0.07692307692307693 0.23076923076923078 0.07692307692307693 0.23076923076923078 0.15384615384615385 23.686050872340424 12.820513 305.18339325 0.8245614035087719 0.03508771929824561 0.14035087719298245 0.5384615384615384 0.15384615384615385 0.07692307692307693 0.0 0.0 0.07692307692307693 0.07692307692307693 0.07692307692307693 0.6078431372549019 0.21568627450980393 0.0784313725490196 0.058823529411764705 0.0392156862745098 dongzhenyu 9Сʱ_mousemovements
107.17262465079364 261.5003334 346.929456 392.155731 1053.9017410000001 412.645874 0 822.995911 205.20939839999997 426.3614985384615 145.0301095 195.9349180909091 184.77551629411764 129.2104598 277.0705974444444 115.48380742105263 0.16129032258064516 0.13978494623655913 0.043010752688172046 0.11827956989247312 0.1827956989247312 0.053763440860215055 0.0967741935483871 0.20430107526881722 59.32474662264151 27.71694525 129.01235974193546 0.8833333333333333 0.013333333333333334 0.10333333333333333 0.6774193548387096 0.10752688172043011 0.11827956989247312 0.021505376344086023 0.043010752688172046 0.021505376344086023 0.0 0.010752688172043012 0.5467625899280576 0.21942446043165467 0.12949640287769784 0.05755395683453238 0.046762589928057555 dongzhenyu 9Сʱ_mousemovements
98.33806399999999 0 351.5779645 349.628845 469.456787 0 853.258789 564.174001 235.32527100000001 308.876986 349.628845 0 232.831436 229.18512099999998 464.5890845 159.18775225 0.25 0.2 0.05 0.0 0.05 0.15 0.1 0.2 48.28980214285714 6.4102565 199.3637339090909 0.8289473684210527 0.02631578947368421 0.14473684210526316 0.6 0.0 0.1 0.05 0.05 0.0 0.05 0.15 0.6901408450704225 0.19718309859154928 0.04225352112676056 0.04225352112676056 0.028169014084507043 dongzhenyu 9Сʱ_mousemovements
