0 1364.021729 0 0 0 0 0 0 0 0 0 0 0 0 0 1364.021729 0.0 0.0 0.0 0.0 0.0 0.0 0.0 1.0 682.0108645 0 0 1.0 0.0 0.0 0.0 1.0 0.0 0.0 0.0 0.0 0.0 0.0 1.0 0.0 0.0 0.0 0.0 leishengchuan 9Сʱ_mousemovements
0 0 1919.716675 0 0 0 0 0 0 1919.716675 0 0 0 0 0 0 0.0 1.0 0.0 0.0 0.0 0.0 0.0 0.0 639.9055583333333 0 0 1.0 0.0 0.0 0.0 0.0 1.0 0.0 0.0 0.0 0.0 0.0 1.0 0.0 0.0 0.0 0.0 leishengchuan 9Сʱ_mousemovements
0 0 0 0 0 0 0 0 0 0 0 0 0 0 0 0 0 0 0 0 0 0 0 0 0 0 0 0 0 0 0 0 0 0 0 0 0 0 0 0 0 0 0 leishengchuan 9Сʱ_mousemovements
0 0 0 0 0 0 0 0 0 0 0 0 0 0 0 0 0 0 0 0 0 0 0 0 0 0 0 0 0 0 0 0 0 0 0 0 0 0 0 0 0 0 0 leishengchuan 9Сʱ_mousemovements
58.090482800000004 181.047623 0 0 0 0 0 1788.521118 0 0 0 92.21515933333335 34.9272795 0 1788.521118 0 0.0 0.0 0.0 0.5 0.3333333333333333 0.0 0.16666666666666666 0.0 113.00105775 0 0 1.0 0.0 0.0 0.7142857142857143 0.14285714285714285 0.0 0.0 0.0 0.0 0.0 0.14285714285714285 0.5555555555555556 0.2777777777777778 0.1111111111111111 0.05555555555555555 0.0 leishengchuan 9Сʱ_mousemovements
0 0 0 0 0 0 0 0 0 0 0 0 0 0 0 0 0 0 0 0 0 0 0 0 0 0 0 0 0 0 0 0 0 0 0 0 0 0 0 0 0 0 0 leishengchuan 9Сʱ_mousemovements
76.95388 0 0 0 0 0 0 0 0 0 0 76.95388 0 0 0 0 0.0 0.0 0.0 1.0 0.0 0.0 0.0 0.0 38.47694 0 0 1.0 0.0 0.0 1.0 0.0 0.0 0.0 0.0 0.0 0.0 0.0 1.0 0.0 0.0 0.0 0.0 leishengchuan 9Сʱ_mousemovements
0 0 0 0 0 0 0 0 0 0 0 0 0 0 0 0 0 0 0 0 0 0 0 0 0 0 0 0 0 0 0 0 0 0 0 0 0 0 0 0 0 0 0 leishengchuan 9Сʱ_mousemovements
271.424744 0 0 0 0 0 0 0 0 0 0 0 271.424744 0 0 0 0.0 0.0 0.0 0.0 1.0 0.0 0.0 0.0 135.712372 0 0 1.0 0.0 0.0 1.0 0.0 0.0 0.0 0.0 0.0 0.0 0.0 0.0 1.0 0.0 0.0 0.0 leishengchuan 9Сʱ_mousemovements
124.64827 0 0 0 0 0 0 0 0 0 0 184.780411 0 0 64.516129 0 0.0 0.0 0.0 0.5 0.0 0.0 0.5 0.0 62.324135 0 0 1.0 0.0 0.0 1.0 0.0 0.0 0.0 0.0 0.0 0.0 0.0 0.5 0.5 0.0 0.0 0.0 leishengchuan 9Сʱ_mousemovements
172.651367 0 0 752.090881 0 0 0 0 0 752.090881 0 0 0 172.651367 0 0 0.0 0.3333333333333333 0.0 0.0 0.0 0.6666666666666666 0.0 0.0 182.89893583333333 0 0 1.0 0.0 0.0 0.6666666666666666 0.0 0.0 0.3333333333333333 0.0 0.0 0.0 0.0 0.6 0.2 0.2 0.0 0.0 leishengchuan 9Сʱ_mousemovements
497.7844453333333 664.8600513333334 0 0 0 0 0 0 47.619049 238.797653 1501.413696 0 321.5958555 2166.729248 160.51773450000002 62.5 0.1111111111111111 0.1111111111111111 0.1111111111111111 0.0 0.2222222222222222 0.1111111111111111 0.2222222222222222 0.1111111111111111 216.57768808695656 0 0 1.0 0.0 0.0 0.6666666666666666 0.3333333333333333 0.0 0.0 0.0 0.0 0.0 0.0 0.5882352941176471 0.23529411764705882 0.11764705882352941 0.058823529411764705 0.0 leishengchuan 9Сʱ_mousemovements
224.8349305 0 502.417297 0 0 0 0 0 224.8349305 502.417297 0 0 0 0 0 0 0.6666666666666666 0.3333333333333333 0.0 0.0 0.0 0.0 0.0 0.0 136.01245114285715 0 0 1.0 0.0 0.0 0.6666666666666666 0.0 0.3333333333333333 0.0 0.0 0.0 0.0 0.0 0.2 0.0 0.6 0.2 0.0 leishengchuan 9Сʱ_mousemovements
62.5 0 221.98210899999998 628.42926 0 0 967.082947 974.572021 278.173462 0 801.5006404999999 0 114.145378 0 967.082947 0 0.16666666666666666 0.0 0.3333333333333333 0.0 0.3333333333333333 0.0 0.16666666666666666 0.0 46.06195066666667 967.082947 472.845413 0.7894736842105263 0.05263157894736842 0.15789473684210525 0.16666666666666666 0.0 0.3333333333333333 0.16666666666666666 0.0 0.0 0.16666666666666666 0.16666666666666666 0.5882352941176471 0.058823529411764705 0.11764705882352941 0.17647058823529413 0.058823529411764705 leishengchuan 9Сʱ_mousemovements
0 316.758759 0 0 0 0 0 0 0 0 0 0 0 316.758759 0 0 0.0 0.0 0.0 0.0 0.0 1.0 0.0 0.0 158.3793795 0 0 1.0 0.0 0.0 0.0 1.0 0.0 0.0 0.0 0.0 0.0 0.0 0.0 0.0 1.0 0.0 0.0 leishengchuan 9Сʱ_mousemovements
33.474215125 0 0 0 0 0 0 0 43.105892 27.522936 0 31.746031 36.0355665 0 0 21.276596 0.125 0.125 0.0 0.125 0.5 0.0 0.0 0.125 14.877428944444445 0 0 1.0 0.0 0.0 1.0 0.0 0.0 0.0 0.0 0.0 0.0 0.0 0.8235294117647058 0.17647058823529413 0.0 0.0 0.0 leishengchuan 9Сʱ_mousemovements
44.5256706 0 0 0 0 0 0 0 0 52.526596 0 43.771969 31.25 42.553192 0 0 0.0 0.4 0.0 0.2 0.2 0.2 0.0 0.0 18.55236275 0 0 1.0 0.0 0.0 1.0 0.0 0.0 0.0 0.0 0.0 0.0 0.0 1.0 0.0 0.0 0.0 0.0 leishengchuan 9Сʱ_mousemovements
55.279329789473685 0 0 0 0 0 0 0 37.70294725 27.957447 29.1752235 64.78931433333334 34.69331754545454 0 21.73913 90.91453399999999 0.10526315789473684 0.10526315789473684 0.05263157894736842 0.07894736842105263 0.2894736842105263 0.0 0.02631578947368421 0.34210526315789475 18.755486892857142 0 0 1.0 0.0 0.0 1.0 0.0 0.0 0.0 0.0 0.0 0.0 0.0 0.6534653465346535 0.12871287128712872 0.13861386138613863 0.039603960396039604 0.039603960396039604 leishengchuan 9Сʱ_mousemovements
19.962056 405.646301 0 466.369202 0 2418.904541 0 0 0 56.024544 0 21.3220585 816.8435993333333 466.369202 17.399715 71.07090571428571 0.0 0.06666666666666667 0.0 0.13333333333333333 0.2 0.06666666666666667 0.06666666666666667 0.4666666666666667 62.0435745 0 56.024544 0.9824561403508771 0.0 0.017543859649122806 0.8 0.06666666666666667 0.0 0.06666666666666667 0.0 0.06666666666666667 0.0 0.0 0.6111111111111112 0.2037037037037037 0.09259259259259259 0.09259259259259259 0.0 leishengchuan 9Сʱ_mousemovements
11.627907 0 0 0 0 0 0 0 0 0 0 0 0 23.255814 0.0 0 0.0 0.0 0.0 0.0 0.0 0.5 0.5 0.0 2.3255814 0 0 1.0 0.0 0.0 1.0 0.0 0.0 0.0 0.0 0.0 0.0 0.0 0.5714285714285714 0.2857142857142857 0.14285714285714285 0.0 0.0 leishengchuan 9Сʱ_mousemovements
35.2155732 0 0 0 0 0 0 0 0 45.454544 0 0 34.88372 54.733799 9.090909 31.914894 0.0 0.2 0.0 0.0 0.2 0.2 0.2 0.2 5.178760764705882 0 0 1.0 0.0 0.0 1.0 0.0 0.0 0.0 0.0 0.0 0.0 0.0 0.8461538461538461 0.038461538461538464 0.0 0.038461538461538464 0.07692307692307693 leishengchuan 9Сʱ_mousemovements
231.824703 969.749512 0 0 0 0 0 0 520.6367759999999 353.69695 125.0 0 0 0 133.333328 0 0.2857142857142857 0.42857142857142855 0.14285714285714285 0.0 0.0 0.0 0.14285714285714285 0.0 118.0348865 0 0 1.0 0.0 0.0 0.8571428571428571 0.14285714285714285 0.0 0.0 0.0 0.0 0.0 0.0 0.7647058823529411 0.17647058823529413 0.058823529411764705 0.0 0.0 leishengchuan 9Сʱ_mousemovements
144.993972 1083.4729 4629.426758 218.149681 0 0 0 0 274.114929 1083.4729 0 0 0 2453.969452 86.8301155 0 0.16666666666666666 0.16666666666666666 0.0 0.0 0.0 0.3333333333333333 0.3333333333333333 0.0 369.4941028235294 0 157.787216 0.9444444444444444 0.0 0.05555555555555555 0.3333333333333333 0.16666666666666666 0.16666666666666666 0.3333333333333333 0.0 0.0 0.0 0.0 0.5833333333333334 0.3333333333333333 0.0 0.08333333333333333 0.0 leishengchuan 9Сʱ_mousemovements
0 0 0 0 0 0 0 0 0 0 0 0 0 0 0 0 0 0 0 0 0 0 0 0 0 0 0 0 0 0 0 0 0 0 0 0 0 0 0 0 0 0 0 leishengchuan 9Сʱ_mousemovements
83.124596 0 0 0 0 0 0 0 0 83.124596 0 0 0 0 0 0 0.0 1.0 0.0 0.0 0.0 0.0 0.0 0.0 27.708198666666664 0 0 1.0 0.0 0.0 1.0 0.0 0.0 0.0 0.0 0.0 0.0 0.0 0.5 0.5 0.0 0.0 0.0 leishengchuan 9Сʱ_mousemovements
117.599411 466.971771 0 965.862122 0 0 0 0 0 0 541.7307665 0 0 0 425.690338 508.253204 0.0 0.0 0.5 0.0 0.0 0.0 0.25 0.25 172.7096058181818 0 117.599411 0.9166666666666666 0.0 0.08333333333333333 0.25 0.5 0.0 0.25 0.0 0.0 0.0 0.0 0.6363636363636364 0.2727272727272727 0.0 0.09090909090909091 0.0 leishengchuan 9Сʱ_mousemovements
170.20535483333333 347.52266699999996 959.5049439999999 790.6557005 0 1584.833984 0 528.455627 510.954376 1584.833984 529.9600067142858 240.2032386 596.0937574999999 509.78401433333335 185.00657940000002 47.619049 0.04 0.04 0.28 0.2 0.08 0.12 0.2 0.04 148.0489685797101 21.276596 116.015169 0.9324324324324325 0.013513513513513514 0.05405405405405406 0.48 0.24 0.12 0.08 0.0 0.04 0.0 0.04 0.4461538461538462 0.3384615384615385 0.1076923076923077 0.06153846153846154 0.046153846153846156 leishengchuan 9Сʱ_mousemovements
124.71085833333335 175.31300000000002 0 531.116943 646.375122 0 0 0 395.284698 88.39426825 175.579987 148.90033666666668 166.83559 159.44788749999998 360.5447286666667 94.41354228571427 0.03225806451612903 0.12903225806451613 0.03225806451612903 0.1935483870967742 0.22580645161290322 0.06451612903225806 0.0967741935483871 0.22580645161290322 32.02251365289256 19.814657 96.04823799999998 0.9029850746268657 0.007462686567164179 0.08955223880597014 0.7741935483870968 0.16129032258064516 0.0 0.03225806451612903 0.03225806451612903 0.0 0.0 0.0 0.5447154471544715 0.24390243902439024 0.08943089430894309 0.10569105691056911 0.016260162601626018 leishengchuan 9Сʱ_mousemovements
47.20545758620689 461.97105933333336 404.2111895 687.9878033333333 0 0 0 952.9023745 38.95409275 196.19252699999998 57.343082499999994 298.9954728 15.47041533333333 604.2087472000001 82.70084466666667 76.39208433333333 0.10526315789473684 0.2631578947368421 0.05263157894736842 0.13157894736842105 0.07894736842105263 0.13157894736842105 0.15789473684210525 0.07894736842105263 48.300788123893796 57.597134399999995 446.771814 0.9262295081967213 0.040983606557377046 0.03278688524590164 0.7435897435897436 0.07692307692307693 0.05128205128205128 0.07692307692307693 0.0 0.0 0.0 0.05128205128205128 0.6226415094339622 0.2169811320754717 0.0660377358490566 0.08490566037735849 0.009433962264150943 leishengchuan 9Сʱ_mousemovements
66.6192215 400.74742150000003 0 0 0 1751.830322 0 0 0 1751.830322 0 0 447.7705615 1.072821 85.142482 0 0.0 0.14285714285714285 0.0 0.0 0.2857142857142857 0.2857142857142857 0.2857142857142857 0.0 111.41282933333333 0.794913 48.36641133333333 0.8571428571428571 0.03571428571428571 0.10714285714285714 0.5714285714285714 0.2857142857142857 0.0 0.0 0.0 0.14285714285714285 0.0 0.0 0.2727272727272727 0.5454545454545454 0.045454545454545456 0.045454545454545456 0.09090909090909091 leishengchuan 9Сʱ_mousemovements
0 0 0 0 0 0 0 0 0 0 0 0 0 0 0 0 0 0 0 0 0 0 0 0 0 0 0 0 0 0 0 0 0 0 0 0 0 0 0 0 0 0 0 leishengchuan 9Сʱ_mousemovements
31.6137835 132.393814 0 1077.236084 0 0 0 0 1077.236084 0 0 0 0 132.393814 0 31.6137835 0.25 0.0 0.0 0.0 0.0 0.25 0.0 0.5 113.76623599999999 0 21.428869 0.9166666666666666 0.0 0.08333333333333333 0.5 0.25 0.0 0.25 0.0 0.0 0.0 0.0 0.0 0.8 0.0 0.1 0.1 leishengchuan 9Сʱ_mousemovements
0 0 0 0 0 0 0 0 0 0 0 0 0 0 0 0 0 0 0 0 0 0 0 0 0 0 0 0 0 0 0 0 0 0 0 0 0 0 0 0 0 0 0 leishengchuan 9Сʱ_mousemovements
0 0 0 0 0 0 0 0 0 0 0 0 0 0 0 0 0 0 0 0 0 0 0 0 0 0 0 0 0 0 0 0 0 0 0 0 0 0 0 0 0 0 0 leishengchuan 9Сʱ_mousemovements
105.61844966666666 0 477.204468 0 0 0 0 0 477.204468 0 0 0 291.012543 0 0 12.921403000000002 0.25 0.0 0.0 0.0 0.25 0.0 0.0 0.5 8.922020415730337 0 0 1.0 0.0 0.0 0.75 0.0 0.25 0.0 0.0 0.0 0.0 0.0 0.6794871794871795 0.11538461538461539 0.10256410256410256 0.0641025641025641 0.038461538461538464 leishengchuan 9Сʱ_mousemovements
116.13665883333334 0 0 0 0 1089.040527 0 0 0 102.37934866666667 31.914894 228.196533 0 129.57048 1089.040527 0 0.0 0.42857142857142855 0.14285714285714285 0.14285714285714285 0.0 0.14285714285714285 0.14285714285714285 0.0 38.82305391304349 0 0 1.0 0.0 0.0 0.8571428571428571 0.0 0.0 0.0 0.0 0.14285714285714285 0.0 0.0 0.6842105263157895 0.15789473684210525 0.10526315789473684 0.02631578947368421 0.02631578947368421 leishengchuan 9Сʱ_mousemovements
907.812988 602.3317185 736.254822 0 0 0 2762.806152 0 0 0 949.025299 0 0 214.425827 1749.530487 0 0.0 0.0 0.4 0.0 0.0 0.2 0.4 0.0 561.1537399 0 0 1.0 0.0 0.0 0.2 0.4 0.2 0.0 0.0 0.0 0.2 0.0 0.375 0.5 0.0 0.0 0.125 leishengchuan 9Сʱ_mousemovements
35.96140691666667 647.1052183999999 233.241577 1821.223267 626.640625 526.242188 863.323853 0 40.527218 418.8097535 294.26409750000005 132.0298186 32.258064 1821.223267 466.7050565 438.072183 0.13636363636363635 0.09090909090909091 0.09090909090909091 0.22727272727272727 0.045454545454545456 0.045454545454545456 0.2727272727272727 0.09090909090909091 81.17724932857143 0 293.6181474285714 0.9090909090909091 0.0 0.09090909090909091 0.5454545454545454 0.22727272727272727 0.045454545454545456 0.045454545454545456 0.045454545454545456 0.045454545454545456 0.045454545454545456 0.0 0.5294117647058824 0.27941176470588236 0.058823529411764705 0.08823529411764706 0.04411764705882353 leishengchuan 9Сʱ_mousemovements
175.67500990909093 385.2770205 410.179962 467.45643100000007 659.264946 0 1390.578735 0 209.93113699999998 664.521698 619.6121123999999 410.179962 116.87212900000002 704.0210443333334 161.08309739999999 80.16797100000001 0.08333333333333333 0.08333333333333333 0.20833333333333334 0.041666666666666664 0.125 0.125 0.20833333333333334 0.125 87.59745524358975 0 148.70335423076924 0.8571428571428571 0.0 0.14285714285714285 0.4583333333333333 0.25 0.041666666666666664 0.125 0.08333333333333333 0.0 0.041666666666666664 0.0 0.4634146341463415 0.3170731707317073 0.12195121951219512 0.07317073170731707 0.024390243902439025 leishengchuan 9Сʱ_mousemovements
23.6597455 208.070313 270.8511735 1981.491943 2396.681152 0 0 0 1003.6530285 208.070313 0 0 21.505377 308.63031 1314.8765945 0 0.2857142857142857 0.14285714285714285 0.0 0.0 0.14285714285714285 0.14285714285714285 0.2857142857142857 0.0 290.71724758823535 0 233.072037 0.9444444444444444 0.0 0.05555555555555555 0.2857142857142857 0.14285714285714285 0.2857142857142857 0.14285714285714285 0.14285714285714285 0.0 0.0 0.0 0.2777777777777778 0.3888888888888889 0.2222222222222222 0.05555555555555555 0.05555555555555555 leishengchuan 9Сʱ_mousemovements
69.2194135 412.918121 0 0 0 0 0 0 46.961639 0 0 0 0 252.1976545 0 0 0.3333333333333333 0.0 0.0 0.0 0.0 0.6666666666666666 0.0 0.0 34.40984341666667 0 69.2194135 0.8571428571428571 0.0 0.14285714285714285 0.6666666666666666 0.3333333333333333 0.0 0.0 0.0 0.0 0.0 0.0 0.0 0.8333333333333334 0.08333333333333333 0.08333333333333333 0.0 leishengchuan 9Сʱ_mousemovements
0 0 0 0 0 0 0 0 0 0 0 0 0 0 0 0 0 0 0 0 0 0 0 0 0 0 0 0 0 0 0 0 0 0 0 0 0 0 0 0 0 0 0 leishengchuan 9Сʱ_mousemovements
0 0 0 0 0 0 0 0 0 0 0 0 0 0 0 0 0 0 0 0 0 0 0 0 0 0 0 0 0 0 0 0 0 0 0 0 0 0 0 0 0 0 0 leishengchuan 9Сʱ_mousemovements
0 0 0 0 0 0 0 0 0 0 0 0 0 0 0 0 0 0 0 0 0 0 0 0 0 0 0 0 0 0 0 0 0 0 0 0 0 0 0 0 0 0 0 leishengchuan 9Сʱ_mousemovements
189.4080781111111 296.03592933333334 880.08893575 1515.0038759999998 0 856.28717 0 3592.842529 856.28717 975.123989 341.016327 446.6012855999999 910.425415 942.372498 348.9602965 629.966156 0.05 0.2 0.05 0.25 0.15 0.05 0.1 0.15 216.83650154385964 0 246.51861939999998 0.9193548387096774 0.0 0.08064516129032258 0.45 0.15 0.2 0.1 0.0 0.05 0.0 0.05 0.6037735849056604 0.18867924528301888 0.09433962264150944 0.07547169811320754 0.03773584905660377 leishengchuan 9Сʱ_mousemovements
126.87209088461539 0 325.09880799999996 1182.0801394999999 687.895813 0 676.311462 1723.941925 907.1468572499999 207.25614544444446 60.0285145 351.0569115 482.883995 0 171.38380275000003 353.17448299999995 0.11764705882352941 0.2647058823529412 0.058823529411764705 0.058823529411764705 0.058823529411764705 0.0 0.23529411764705882 0.20588235294117646 113.77093224999999 4.0 325.09880799999996 0.9583333333333334 0.020833333333333332 0.020833333333333332 0.7647058823529411 0.0 0.058823529411764705 0.058823529411764705 0.029411764705882353 0.0 0.029411764705882353 0.058823529411764705 0.620253164556962 0.22784810126582278 0.11392405063291139 0.012658227848101266 0.02531645569620253 leishengchuan 9Сʱ_mousemovements
125.0 0 144.907288 385.187988 0 479.089355 0 0 0 0 0 0 385.187988 0 479.089355 134.953644 0.0 0.0 0.0 0.0 0.25 0.0 0.25 0.5 56.687554222222225 0 311.9983215 0.8181818181818182 0.0 0.18181818181818182 0.25 0.0 0.25 0.25 0.0 0.25 0.0 0.0 0.375 0.375 0.125 0.0 0.125 leishengchuan 9Сʱ_mousemovements
166.933083 388.456977 463.64663619999993 296.159744 387.551392 1554.339966 862.489563 0 549.88277425 370.5552388333333 359.71109383333334 422.2585145 322.2047983333333 115.21354775 497.93937999999997 115.24190549999999 0.1 0.15 0.15 0.05 0.075 0.2 0.125 0.15 73.55853433333331 58.55577925 178.51079955555554 0.8482758620689655 0.027586206896551724 0.12413793103448276 0.55 0.2 0.125 0.05 0.025 0.025 0.025 0.0 0.584 0.296 0.048 0.048 0.024 leishengchuan 9Сʱ_mousemovements
122.90329990625 251.99856066666666 232.903931 701.415466 1018.261536 606.009583 813.663605 0 308.83647333333334 279.8049647272727 71.27045166666666 337.367598 261.8101276 270.1117985 173.67690725 185.1729715 0.06976744186046512 0.2558139534883721 0.06976744186046512 0.11627906976744186 0.11627906976744186 0.13953488372093023 0.18604651162790697 0.046511627906976744 81.06853051754383 10.9974125 133.06887030000001 0.9047619047619048 0.015873015873015872 0.07936507936507936 0.7441860465116279 0.06976744186046512 0.023255813953488372 0.046511627906976744 0.046511627906976744 0.023255813953488372 0.046511627906976744 0.0 0.5315315315315315 0.22522522522522523 0.14414414414414414 0.07207207207207207 0.02702702702702703 leishengchuan 9Сʱ_mousemovements
94.53299257142857 261.0076957142857 499.60767925 564.581047 747.995972 771.869995 548.7221985 0 225.21385116666661 198.60525445454547 69.503335 537.1421423333333 173.37924950000001 159.11348950000001 135.11925328571428 254.0427164545454 0.10344827586206896 0.1896551724137931 0.06896551724137931 0.15517241379310345 0.034482758620689655 0.13793103448275862 0.1206896551724138 0.1896551724137931 72.58017822424242 10.638298 96.27794719047617 0.8823529411764706 0.0053475935828877 0.11229946524064172 0.603448275862069 0.1206896551724138 0.13793103448275862 0.06896551724137931 0.017241379310344827 0.017241379310344827 0.034482758620689655 0.0 0.5705882352941176 0.19411764705882353 0.10588235294117647 0.07647058823529412 0.052941176470588235 leishengchuan 9Сʱ_mousemovements
102.06442125806451 204.257304 264.501526 565.784119 0 1006.739014 848.51123 0 53.264282 143.475009 397.348238 127.43435699999999 53.72043 367.7627243333333 86.19006785714285 113.6798618 0.02631578947368421 0.21052631578947367 0.13157894736842105 0.18421052631578946 0.05263157894736842 0.07894736842105263 0.18421052631578946 0.13157894736842105 43.883104765151515 34.027760666666666 40.546553499999995 0.8859060402684564 0.020134228187919462 0.09395973154362416 0.8157894736842105 0.07894736842105263 0.02631578947368421 0.02631578947368421 0.0 0.02631578947368421 0.02631578947368421 0.0 0.5808823529411765 0.2426470588235294 0.09558823529411764 0.051470588235294115 0.029411764705882353 leishengchuan 9Сʱ_mousemovements
114.47293249999998 495.8449503333333 291.5784145 349.91684 0 0 714.651672 0 200.917469 168.898787 212.313444 0 0 174.99048933333336 267.2663515 0 0.07407407407407407 0.3333333333333333 0.14814814814814814 0.0 0.0 0.2222222222222222 0.2222222222222222 0.0 76.66830433870967 9.645696666666668 153.35244825 0.8611111111111112 0.08333333333333333 0.05555555555555555 0.7407407407407407 0.1111111111111111 0.07407407407407407 0.037037037037037035 0.0 0.0 0.037037037037037035 0.0 0.6666666666666666 0.18181818181818182 0.07575757575757576 0.030303030303030304 0.045454545454545456 leishengchuan 9Сʱ_mousemovements
214.7105159655173 250.2190582 527.2720375 653.406723 618.027374 504.504028 735.018738 0 318.776339 210.94840566666664 235.24418857142857 394.61695100000003 587.6093953333334 259.2182706666667 386.74548211111113 163.43014100000002 0.06818181818181818 0.20454545454545456 0.1590909090909091 0.09090909090909091 0.06818181818181818 0.13636363636363635 0.20454545454545456 0.06818181818181818 89.53538982608696 79.14222079999999 267.689843 0.8846153846153846 0.038461538461538464 0.07692307692307693 0.6590909090909091 0.11363636363636363 0.09090909090909091 0.045454545454545456 0.045454545454545456 0.022727272727272728 0.022727272727272728 0.0 0.5964912280701754 0.21052631578947367 0.08771929824561403 0.03508771929824561 0.07017543859649122 leishengchuan 9Сʱ_mousemovements
138.67248636000002 303.56700440000003 441.00238 314.96521 0 471.143066 0 0 0 184.13803058333338 79.9279785 0 180.7132455 252.08490044444443 161.16053725 141.85319224999998 0.0 0.36363636363636365 0.06060606060606061 0.0 0.06060606060606061 0.2727272727272727 0.12121212121212122 0.12121212121212122 56.56553503488372 104.18534199999999 114.95175533333334 0.8775510204081632 0.030612244897959183 0.09183673469387756 0.7575757575757576 0.15151515151515152 0.030303030303030304 0.030303030303030304 0.0 0.030303030303030304 0.0 0.0 0.5176470588235295 0.32941176470588235 0.10588235294117647 0.023529411764705882 0.023529411764705882 leishengchuan 9Сʱ_mousemovements
385.35623566666663 500.9884105 224.6504975 483.5681455 0 777.886292 0 0 72.642845 856.248962 777.886292 145.727859 117.362885 0 426.29117299999996 677.335571 0.1 0.1 0.1 0.1 0.1 0.0 0.4 0.1 100.16002242857142 144.90036 314.52193950000003 0.8235294117647058 0.058823529411764705 0.11764705882352941 0.3 0.2 0.2 0.2 0.0 0.1 0.0 0.0 0.6551724137931034 0.10344827586206896 0.06896551724137931 0.1724137931034483 0.0 leishengchuan 9Сʱ_mousemovements
32.676360642857134 293.163208 370.74057 0 0 0 0 0 59.82906 96.81074774999999 29.4019415 18.181818 43.61173525 199.70405399999999 9.174312 14.285714 0.0625 0.25 0.125 0.0625 0.25 0.125 0.0625 0.0625 25.94852117073171 0 57.483459 0.9761904761904762 0.0 0.023809523809523808 0.875 0.0625 0.0625 0.0 0.0 0.0 0.0 0.0 0.6111111111111112 0.19444444444444445 0.1111111111111111 0.05555555555555555 0.027777777777777776 leishengchuan 9Сʱ_mousemovements
131.68447726923077 125.759548 0 350.80224599999997 635.3945615 350.27594500000004 449.145996 0 451.229038 236.73065866666664 270.232338 218.790457 107.6452782 95.00293450000001 173.81917566666664 0 0.05555555555555555 0.16666666666666666 0.08333333333333333 0.19444444444444445 0.1388888888888889 0.1111111111111111 0.25 0.0 58.65194917821781 143.86549525 81.04676287500001 0.8938053097345132 0.035398230088495575 0.07079646017699115 0.7222222222222222 0.05555555555555555 0.0 0.05555555555555555 0.05555555555555555 0.08333333333333333 0.027777777777777776 0.0 0.5643564356435643 0.22772277227722773 0.06930693069306931 0.1188118811881188 0.019801980198019802 leishengchuan 9Сʱ_mousemovements
32.81877472222222 0 0 0 0 0 0 0 17.903515666666667 16.815480400000002 38.938927 0 0 47.619049 47.379031999999995 45.272326 0.16666666666666666 0.2777777777777778 0.05555555555555555 0.0 0.0 0.05555555555555555 0.1111111111111111 0.3333333333333333 9.376792777777776 0 0 1.0 0.0 0.0 1.0 0.0 0.0 0.0 0.0 0.0 0.0 0.0 0.6785714285714286 0.14285714285714285 0.05357142857142857 0.07142857142857142 0.05357142857142857 leishengchuan 9Сʱ_mousemovements
77.8613586 344.070251 0 0 0 882.598694 403.743317 0 33.328186 0.481232 0 613.3344725 0 28.212982 0 351.40736400000003 0.125 0.125 0.0 0.25 0.0 0.25 0.0 0.25 71.46235825925926 15.044826 18.797639000000004 0.84375 0.03125 0.125 0.625 0.125 0.0 0.0 0.0 0.125 0.125 0.0 0.5769230769230769 0.2692307692307692 0.11538461538461539 0.038461538461538464 0.0 leishengchuan 9Сʱ_mousemovements
138.50694471428574 437.028118 502.045868 274.631302 505.732254 0 245.796844 748.319946 147.22602375000002 222.7587014 217.38934719999997 339.006866 281.4703723333334 478.35753625 748.319946 54.643528 0.16 0.2 0.2 0.04 0.12 0.16 0.04 0.08 71.84608212307693 116.3635225 402.16251 0.8904109589041096 0.0547945205479452 0.0547945205479452 0.56 0.16 0.04 0.08 0.08 0.0 0.04 0.04 0.5373134328358209 0.19402985074626866 0.13432835820895522 0.08955223880597014 0.04477611940298507 leishengchuan 9Сʱ_mousemovements
