146.57844563235292 355.0038428461539 572.5089415714285 439.8690414285715 1201.93711875 1025.3268452500001 0 755.726074 237.66163799999998 224.28908039130437 508.69764281818186 271.40777591666665 155.05730250000002 212.8140843333333 636.3906250833334 223.97012938095244 0.04807692307692308 0.22115384615384615 0.10576923076923077 0.11538461538461539 0.07692307692307693 0.11538461538461539 0.11538461538461539 0.20192307692307693 102.89547139114387 33.39141722222222 165.7166615263158 0.9063545150501672 0.030100334448160536 0.06354515050167224 0.6538461538461539 0.125 0.0673076923076923 0.0673076923076923 0.038461538461538464 0.038461538461538464 0.0 0.009615384615384616 0.5517241379310345 0.21839080459770116 0.1111111111111111 0.07279693486590039 0.04597701149425287 leishengchuan 8Сʱ_mousemovements
98.01096720000001 0 0 0 0 0 0 0 0 64.516129 0 0 0 27.313709 57.4005545 283.423889 0.0 0.2 0.0 0.0 0.0 0.2 0.4 0.2 49.005483600000005 0 0 1.0 0.0 0.0 1.0 0.0 0.0 0.0 0.0 0.0 0.0 0.0 0.5555555555555556 0.1111111111111111 0.2222222222222222 0.0 0.1111111111111111 leishengchuan 8Сʱ_mousemovements
138.7841938888889 477.8726503333334 198.354279 861.1038970000001 0 0 1177.654785 0 229.655014 340.7131045 620.174561 0 0 353.0998471666667 138.83743233333334 742.435188 0.125 0.125 0.0625 0.0 0.0 0.375 0.1875 0.125 140.41201351219513 0 24.0 0.9761904761904762 0.0 0.023809523809523808 0.5625 0.1875 0.0625 0.125 0.0 0.0 0.0625 0.0 0.3888888888888889 0.5 0.027777777777777776 0.08333333333333333 0.0 leishengchuan 8Сʱ_mousemovements
1277.443115 0 0 0 0 0 2806.513428 0 0 2806.513428 0 0 0 0 1277.443115 0 0.0 0.5 0.0 0.0 0.0 0.0 0.5 0.0 510.49456787500003 0 0 1.0 0.0 0.0 0.5 0.0 0.0 0.0 0.0 0.0 0.5 0.0 0.8571428571428571 0.14285714285714285 0.0 0.0 0.0 leishengchuan 8Сʱ_mousemovements
158.24418510344825 673.1853565 709.0521408571428 769.2028600000001 1832.1405945 1046.306152 780.419861 820.416443 192.385551 689.4751807499999 515.2106205714286 802.3826124999999 247.01223000000002 516.7299938333334 158.8109043 583.03921425 0.14893617021276595 0.0851063829787234 0.14893617021276595 0.1276595744680851 0.06382978723404255 0.1276595744680851 0.2127659574468085 0.0851063829787234 162.47982757264955 49.78423433333334 161.07994614285715 0.9212598425196851 0.023622047244094488 0.05511811023622047 0.6170212765957447 0.0425531914893617 0.14893617021276595 0.0851063829787234 0.0425531914893617 0.02127659574468085 0.02127659574468085 0.02127659574468085 0.5132743362831859 0.21238938053097345 0.1504424778761062 0.08849557522123894 0.035398230088495575 leishengchuan 8Сʱ_mousemovements
150.33414280769227 410.0359606363636 615.4695975 335.60245875 635.167969 686.893585 598.003479 0 280.1583665882353 197.28444545454548 467.4902462307691 263.749082375 217.93581975 458.6735635 213.18159491666668 186.11006824999996 0.20481927710843373 0.13253012048192772 0.1566265060240964 0.0963855421686747 0.0963855421686747 0.07228915662650602 0.14457831325301204 0.0963855421686747 78.51744028813559 66.79428928571429 291.5686676875 0.9111969111969112 0.02702702702702703 0.06177606177606178 0.6265060240963856 0.13253012048192772 0.14457831325301204 0.04819277108433735 0.012048192771084338 0.024096385542168676 0.012048192771084338 0.0 0.6 0.19555555555555557 0.1288888888888889 0.035555555555555556 0.04 leishengchuan 8Сʱ_mousemovements
720.3222045 261.59433 0 0 0 0 0 0 261.59433 720.3222045 0 0 0 0 0 0 0.3333333333333333 0.6666666666666666 0.0 0.0 0.0 0.0 0.0 0.0 212.779842375 0 0 1.0 0.0 0.0 0.6666666666666666 0.3333333333333333 0.0 0.0 0.0 0.0 0.0 0.0 0.42857142857142855 0.2857142857142857 0.2857142857142857 0.0 0.0 leishengchuan 8Сʱ_mousemovements
262.47411109090905 392.932266 2925.110916 851.7099304999999 0 1580.551147 1537.088745 875.299072 1580.551147 216.54757874999999 2018.4523772500002 1009.548767 348.539215 727.9202013333334 112.48234133333331 875.299072 0.047619047619047616 0.19047619047619047 0.19047619047619047 0.047619047619047616 0.047619047619047616 0.14285714285714285 0.2857142857142857 0.047619047619047616 304.69016047058824 36.6972465 0.0 0.9444444444444444 0.037037037037037035 0.018518518518518517 0.5238095238095238 0.14285714285714285 0.09523809523809523 0.09523809523809523 0.0 0.047619047619047616 0.047619047619047616 0.047619047619047616 0.5510204081632653 0.22448979591836735 0.08163265306122448 0.10204081632653061 0.04081632653061224 leishengchuan 8Сʱ_mousemovements
150.0929664285714 732.849548 468.748596 405.439911 0 0 0 5109.28302 265.624298 553.453577 105.728508 0 0 90.97672299999999 3281.1700006666665 0 0.16666666666666666 0.3333333333333333 0.08333333333333333 0.0 0.0 0.16666666666666666 0.25 0.0 430.0281016896551 0 405.439911 0.9666666666666667 0.0 0.03333333333333333 0.5833333333333334 0.08333333333333333 0.08333333333333333 0.08333333333333333 0.0 0.0 0.0 0.16666666666666666 0.5652173913043478 0.13043478260869565 0.043478260869565216 0.08695652173913043 0.17391304347826086 leishengchuan 8Сʱ_mousemovements
86.40476182716051 238.32147794117648 198.8253652 575.822187142857 1064.187012 356.3237118571429 997.6867918 818.9776613333333 214.56759088888887 190.22301373684215 259.16353869999995 219.33644577272727 185.28858005263157 300.40946020000007 162.61846522727276 267.6257517333334 0.07142857142857142 0.15079365079365079 0.07936507936507936 0.1746031746031746 0.15079365079365079 0.07936507936507936 0.1746031746031746 0.11904761904761904 70.47132580118695 24.77487645454546 132.62232523809524 0.8868421052631579 0.05789473684210526 0.05526315789473684 0.6428571428571429 0.1349206349206349 0.03968253968253968 0.05555555555555555 0.007936507936507936 0.05555555555555555 0.03968253968253968 0.023809523809523808 0.5384615384615384 0.23384615384615384 0.12615384615384614 0.05846153846153846 0.043076923076923075 leishengchuan 8Сʱ_mousemovements
129.17056807692308 1506.588989 1126.4148865 0 0 351.099609 0 0 75.8638265 112.88480716666665 1506.588989 1262.569946 0 351.099609 0 306.7401193333333 0.11764705882352941 0.35294117647058826 0.058823529411764705 0.058823529411764705 0.0 0.058823529411764705 0.0 0.35294117647058826 99.7649785 0 3.367003 0.9830508474576272 0.0 0.01694915254237288 0.7647058823529411 0.058823529411764705 0.11764705882352941 0.0 0.0 0.058823529411764705 0.0 0.0 0.6122448979591837 0.32653061224489793 0.061224489795918366 0.0 0.0 leishengchuan 8Сʱ_mousemovements
100.76347023684212 296.41315075 254.263178 328.222698 689.68956775 864.798401 0 600.0799865 186.657174 259.10938500000003 180.92259822222223 162.669027 247.59689000000003 449.29194766666666 226.6149507777778 125.1063324 0.09090909090909091 0.18181818181818182 0.16363636363636364 0.10909090909090909 0.14545454545454545 0.05454545454545454 0.16363636363636364 0.09090909090909091 62.37870112582782 17.265934166666668 236.33045209090912 0.8988095238095238 0.03571428571428571 0.06547619047619048 0.6909090909090909 0.07272727272727272 0.05454545454545454 0.03636363636363636 0.07272727272727272 0.03636363636363636 0.0 0.03636363636363636 0.5466666666666666 0.22666666666666666 0.1 0.08666666666666667 0.04 leishengchuan 8Сʱ_mousemovements
77.32917068 308.926477 47.61462 551.3125846 399.141113 898.929321 0 419.995972 219.089961 154.86662627272727 231.56008042857144 106.73545250000001 116.72418439999998 46.198643 436.43985000000004 59.136387 0.1282051282051282 0.28205128205128205 0.1794871794871795 0.05128205128205128 0.1282051282051282 0.02564102564102564 0.15384615384615385 0.05128205128205128 54.66742300787402 28.91727825 235.4184415 0.9407407407407408 0.02962962962962963 0.02962962962962963 0.6410256410256411 0.1282051282051282 0.02564102564102564 0.1282051282051282 0.02564102564102564 0.02564102564102564 0.0 0.02564102564102564 0.5982142857142857 0.23214285714285715 0.09821428571428571 0.044642857142857144 0.026785714285714284 leishengchuan 8Сʱ_mousemovements
72.91811441176465 280.33734855 387.8118728 409.75658350000003 99.309555 1131.21814 0 0 85.65249309090909 105.26428677777778 197.52589069999996 131.11315695454547 111.84507029268293 172.24481535714287 175.83577127272727 152.50854074999998 0.0718954248366013 0.11764705882352941 0.13071895424836602 0.1437908496732026 0.2679738562091503 0.0915032679738562 0.0718954248366013 0.10457516339869281 36.59412188018433 31.51452569565217 126.76183711428571 0.8821138211382114 0.046747967479674794 0.07113821138211382 0.7777777777777778 0.13071895424836602 0.032679738562091505 0.0392156862745098 0.006535947712418301 0.013071895424836602 0.0 0.0 0.5933333333333334 0.2111111111111111 0.12444444444444444 0.04888888888888889 0.022222222222222223 leishengchuan 8Сʱ_mousemovements
81.42620267999999 275.7026236923077 322.307566 1009.2507080000001 0 958.4810635 1648.6614868000001 853.225647 229.381825375 297.0728660526315 308.4603179230769 193.01276042857145 116.89112553846154 150.79184977777777 501.569483764706 124.08212099999999 0.07692307692307693 0.18269230769230768 0.125 0.0673076923076923 0.125 0.17307692307692307 0.16346153846153846 0.08653846153846154 78.73634210600709 8.713220666666667 199.2321188636364 0.909967845659164 0.01929260450160772 0.0707395498392283 0.7211538461538461 0.125 0.028846153846153848 0.04807692307692308 0.0 0.019230769230769232 0.04807692307692308 0.009615384615384616 0.5759717314487632 0.20848056537102475 0.12367491166077739 0.0636042402826855 0.028268551236749116 leishengchuan 8Сʱ_mousemovements
92.07323070689657 492.1381299166667 998.3165185714287 509.7246093333333 952.92952725 424.8201295 0 0 119.77854025 161.41808335714285 372.81201999999996 468.48489674999996 199.08259672727274 201.355315 347.71334214285713 344.5728164166666 0.09302325581395349 0.16279069767441862 0.09302325581395349 0.13953488372093023 0.12790697674418605 0.08139534883720931 0.16279069767441862 0.13953488372093023 89.5778441300813 140.69015149999998 152.1452086666667 0.9389312977099237 0.015267175572519083 0.04580152671755725 0.6744186046511628 0.13953488372093023 0.08139534883720931 0.03488372093023256 0.046511627906976744 0.023255813953488372 0.0 0.0 0.5745614035087719 0.25 0.10964912280701754 0.04824561403508772 0.017543859649122806 leishengchuan 8Сʱ_mousemovements
0 0 0 0 0 0 0 0 0 0 0 0 0 0 0 0 0 0 0 0 0 0 0 0 0 0 0 0 0 0 0 0 0 0 0 0 0 0 0 0 0 0 0 leishengchuan 8Сʱ_mousemovements
0 0 0 0 0 0 0 0 0 0 0 0 0 0 0 0 0 0 0 0 0 0 0 0 0 0 0 0 0 0 0 0 0 0 0 0 0 0 0 0 0 0 0 leishengchuan 8Сʱ_mousemovements
