149.5051566470588 445.80768750000004 706.4863993333333 664.0922852000001 502.1358846666667 1060.703247 1291.9353636666667 970.2642515 527.787812 690.0053977500002 185.34049225 427.63514742857143 486.96024744444446 267.0976149090909 190.3544244 310.2181283 0.17142857142857143 0.17142857142857143 0.05714285714285714 0.1 0.12857142857142856 0.15714285714285714 0.07142857142857142 0.14285714285714285 122.73197410599077 12.30464775 152.04694709999998 0.9004149377593361 0.016597510373443983 0.08298755186721991 0.4857142857142857 0.14285714285714285 0.17142857142857143 0.07142857142857142 0.04285714285714286 0.014285714285714285 0.04285714285714286 0.02857142857142857 0.5927601809954751 0.21266968325791855 0.1085972850678733 0.06334841628959276 0.02262443438914027 maoyu 5Сʱ_mousemovements
110.5843697777778 401.6747864 1042.432953 0 964.134705 692.321167 647.829956 1086.9660334999999 408.56531266666667 97.58591955555556 671.3021974999999 554.9557645 670.0755615 0 451.8172491666667 152.95805950000002 0.1 0.3 0.13333333333333333 0.06666666666666667 0.06666666666666667 0.0 0.2 0.13333333333333333 107.07704933750001 66.32515599999999 449.2092435 0.9195402298850575 0.034482758620689655 0.04597701149425287 0.6 0.16666666666666666 0.06666666666666667 0.0 0.03333333333333333 0.03333333333333333 0.03333333333333333 0.06666666666666667 0.625 0.2 0.0875 0.05 0.0375 maoyu 5Сʱ_mousemovements
152.61983906666669 486.897624 744.420166 842.7610531999999 820.849472 1193.250732 0 0 622.59185025 431.55536971428563 1127.894409 225.202759 40.8589745 633.552063 93.32835694117647 103.16138670588235 0.06779661016949153 0.11864406779661017 0.05084745762711865 0.01694915254237288 0.03389830508474576 0.13559322033898305 0.288135593220339 0.288135593220339 102.21532282822086 148.8982085 217.23567733333334 0.9702380952380952 0.011904761904761904 0.017857142857142856 0.7627118644067796 0.05084745762711865 0.05084745762711865 0.0847457627118644 0.03389830508474576 0.01694915254237288 0.0 0.0 0.5957446808510638 0.24822695035460993 0.0851063829787234 0.04964539007092199 0.02127659574468085 maoyu 5Сʱ_mousemovements
167.31329430769225 284.45484899999997 704.589111 757.0503845 504.212708 1313.261597 485.476135 483.76178 334.28158175 300.912448 393.0069936666667 714.7108344999999 0 132.475975 419.78453566666667 50.48077 0.17391304347826086 0.17391304347826086 0.13043478260869565 0.08695652173913043 0.0 0.08695652173913043 0.2608695652173913 0.08695652173913043 112.55045346969698 78.929008 131.64513399999998 0.9295774647887324 0.014084507042253521 0.056338028169014086 0.5652173913043478 0.13043478260869565 0.043478260869565216 0.08695652173913043 0.043478260869565216 0.043478260869565216 0.043478260869565216 0.043478260869565216 0.65 0.23333333333333334 0.06666666666666667 0.016666666666666666 0.03333333333333333 maoyu 5Сʱ_mousemovements
292.46068954545456 325.801422 399.407928 1962.469971 610.431763 458.697174 0 0 1290.57959 918.0021363333334 393.75941450000005 54.193867 0 334.523519 21.276596 231.42190283333335 0.058823529411764705 0.17647058823529413 0.11764705882352941 0.058823529411764705 0.0 0.17647058823529413 0.058823529411764705 0.35294117647058826 122.0086010576923 21.276596 311.3178046666667 0.9285714285714286 0.017857142857142856 0.05357142857142857 0.6470588235294118 0.11764705882352941 0.058823529411764705 0.058823529411764705 0.058823529411764705 0.058823529411764705 0.0 0.0 0.66 0.24 0.04 0.04 0.02 maoyu 5Сʱ_mousemovements
175.9738463 471.18990583333334 288.777374 519.996704 981.737732 1311.344482 0 1199.942993 67.841957 730.378418 536.7014105999999 0 223.7002865 180.3284025 554.2929132 37.700977 0.045454545454545456 0.045454545454545456 0.22727272727272727 0.0 0.09090909090909091 0.09090909090909091 0.45454545454545453 0.045454545454545456 109.71963552173912 18.8504885 323.1512981428572 0.8846153846153846 0.02564102564102564 0.08974358974358974 0.45454545454545453 0.2727272727272727 0.045454545454545456 0.045454545454545456 0.09090909090909091 0.045454545454545456 0.0 0.045454545454545456 0.6486486486486487 0.1891891891891892 0.10810810810810811 0.04054054054054054 0.013513513513513514 maoyu 5Сʱ_mousemovements
191.60207009090908 383.5425486666666 392.26614385714277 1370.6195862 520.261047 951.6107351428572 666.726746 0 810.002622 717.3824637142859 360.62390956250005 151.309533 226.325679 526.1717405555555 219.82154500000001 744.5677286666668 0.09523809523809523 0.1111111111111111 0.25396825396825395 0.06349206349206349 0.09523809523809523 0.14285714285714285 0.19047619047619047 0.047619047619047616 137.25664723255812 27.332871 285.2084755833333 0.900523560209424 0.03664921465968586 0.06282722513089005 0.5238095238095238 0.14285714285714285 0.1111111111111111 0.07936507936507936 0.015873015873015872 0.1111111111111111 0.015873015873015872 0.0 0.591715976331361 0.20118343195266272 0.1242603550295858 0.03550295857988166 0.047337278106508875 maoyu 5Сʱ_mousemovements
228.05430295238097 471.32126728571427 1376.2399496666667 1139.9967853333333 863.7768309999999 2274.069641 691.416077 0 948.385508 560.8846203 436.72975479999997 1008.1958873333333 606.467346 377.3027446666667 484.7595579999999 337.12192216666665 0.19047619047619047 0.23809523809523808 0.11904761904761904 0.07142857142857142 0.047619047619047616 0.07142857142857142 0.11904761904761904 0.14285714285714285 154.49636065909093 0 400.16827875000007 0.9166666666666666 0.0 0.08333333333333333 0.5 0.16666666666666666 0.07142857142857142 0.07142857142857142 0.11904761904761904 0.047619047619047616 0.023809523809523808 0.0 0.7322834645669292 0.14960629921259844 0.06299212598425197 0.015748031496062992 0.03937007874015748 maoyu 5Сʱ_mousemovements
0 0 0 0 0 0 0 0 0 0 0 0 0 0 0 0 0 0 0 0 0 0 0 0 0 0 0 0 0 0 0 0 0 0 0 0 0 0 0 0 0 0 0 maoyu 5Сʱ_mousemovements
0 0 0 0 0 0 0 0 0 0 0 0 0 0 0 0 0 0 0 0 0 0 0 0 0 0 0 0 0 0 0 0 0 0 0 0 0 0 0 0 0 0 0 maoyu 5Сʱ_mousemovements
0 0 0 0 0 0 0 0 0 0 0 0 0 0 0 0 0 0 0 0 0 0 0 0 0 0 0 0 0 0 0 0 0 0 0 0 0 0 0 0 0 0 0 maoyu 5Сʱ_mousemovements
0 0 0 0 0 0 0 0 0 0 0 0 0 0 0 0 0 0 0 0 0 0 0 0 0 0 0 0 0 0 0 0 0 0 0 0 0 0 0 0 0 0 0 maoyu 5Сʱ_mousemovements
0 0 0 0 0 0 0 0 0 0 0 0 0 0 0 0 0 0 0 0 0 0 0 0 0 0 0 0 0 0 0 0 0 0 0 0 0 0 0 0 0 0 0 maoyu 5Сʱ_mousemovements
82.684151 0 0 600.880661 1712.123657 3620.48584 0 0 0 0 0 0 1224.6099545000002 272.980595 0 1852.2790109999999 0.0 0.0 0.0 0.0 0.3333333333333333 0.3333333333333333 0.0 0.3333333333333333 261.37483276 0 82.684151 0.9259259259259259 0.0 0.07407407407407407 0.3333333333333333 0.0 0.0 0.3333333333333333 0.16666666666666666 0.16666666666666666 0.0 0.0 0.7307692307692307 0.15384615384615385 0.07692307692307693 0.038461538461538464 0.0 maoyu 5Сʱ_mousemovements
260.41195483333337 320.7333375 0 477.748291 1307.3710935 735.839661 0 0 188.455246 1309.6847225 0 606.7939759999999 0 638.226822 181.035202 95.648325 0.08333333333333333 0.16666666666666666 0.0 0.16666666666666666 0.0 0.16666666666666666 0.25 0.16666666666666666 87.13486322641509 0 235.68679866666665 0.8983050847457628 0.0 0.1016949152542373 0.5 0.16666666666666666 0.0 0.08333333333333333 0.16666666666666666 0.08333333333333333 0.0 0.0 0.7446808510638298 0.0851063829787234 0.10638297872340426 0.06382978723404255 0.0 maoyu 5Сʱ_mousemovements
0 1099.990021 364.59021 0 0 3936.613281 0 0 3936.613281 364.59021 0 0 908.753479 0 1291.226563 0 0.25 0.25 0.0 0.0 0.25 0.0 0.25 0.0 681.8437025555555 0 364.59021 0.9 0.0 0.1 0.0 0.5 0.25 0.0 0.0 0.25 0.0 0.0 0.8888888888888888 0.0 0.0 0.1111111111111111 0.0 maoyu 5Сʱ_mousemovements
298.9185135 0 0 671.149448 741.9364626666667 1939.0283205 0 1034.575073 1177.94781475 299.9124473333333 619.382874 560.751831 1045.674683 619.1754530000001 748.5558475 521.8746925 0.25 0.1875 0.0625 0.0625 0.0625 0.125 0.125 0.125 175.1118214901961 32.089097 517.9159576 0.864406779661017 0.05084745762711865 0.0847457627118644 0.375 0.0 0.0 0.25 0.1875 0.125 0.0 0.0625 0.7058823529411765 0.1568627450980392 0.058823529411764705 0.0784313725490196 0.0 maoyu 5Сʱ_mousemovements
0 0 0 0 0 0 0 0 0 0 0 0 0 0 0 0 0 0 0 0 0 0 0 0 0 0 0 0 0 0 0 0 0 0 0 0 0 0 0 0 0 0 0 maoyu 5Сʱ_mousemovements
