86.155914 0 0 0 0 0 0 0 0 0 0 86.155914 0 0 0 0 0.0 0.0 0.0 1.0 0.0 0.0 0.0 0.0 0.0 0 86.155914 0.8888888888888888 0.0 0.1111111111111111 1.0 0.0 0.0 0.0 0.0 0.0 0.0 0.0 0.5 0.25 0.125 0.0 0.125 niudanyang 3Сʱ_mousemovements
0 0 0 0 0 0 0 0 0 0 0 0 0 0 0 0 0 0 0 0 0 0 0 0 0 0 0 0 0 0 0 0 0 0 0 0 0 0 0 0 0 0 0 niudanyang 3Сʱ_mousemovements
0 0 0 0 0 0 0 0 0 0 0 0 0 0 0 0 0 0 0 0 0 0 0 0 0 0 0 0 0 0 0 0 0 0 0 0 0 0 0 0 0 0 0 niudanyang 3Сʱ_mousemovements
132.3527303783784 432.7204806666667 232.984146 770.193639 903.1006834 956.64025875 1368.85060125 542.259298 1326.4292365714286 242.41025466666667 704.721532 224.60297 310.37240518749996 124.54467766666664 189.34230474999998 500.7682855384614 0.0945945945945946 0.12162162162162163 0.08108108108108109 0.04054054054054054 0.21621621621621623 0.16216216216216217 0.10810810810810811 0.17567567567567569 103.74883562445416 12.91605315 310.7841542727272 0.8450184501845018 0.07380073800738007 0.08118081180811808 0.5 0.16216216216216217 0.04054054054054054 0.08108108108108109 0.06756756756756757 0.05405405405405406 0.05405405405405406 0.04054054054054054 0.5873015873015873 0.2261904761904762 0.0992063492063492 0.07142857142857142 0.015873015873015872 niudanyang 3Сʱ_mousemovements
125.05262491891888 379.41616144444447 530.5051216666666 439.99826799999994 1180.380646 1500.1079763333335 661.7997285 0 71.6486745 784.2688383333334 334.153504375 219.17912339999998 340.70989633333335 705.4985393750001 315.80013191666666 447.250048 0.05714285714285714 0.17142857142857143 0.11428571428571428 0.14285714285714285 0.08571428571428572 0.11428571428571428 0.17142857142857143 0.14285714285714285 116.87786407042249 8.037295142857143 230.28996666666671 0.848605577689243 0.055776892430278883 0.09561752988047809 0.5211267605633803 0.1267605633802817 0.08450704225352113 0.056338028169014086 0.07042253521126761 0.08450704225352113 0.056338028169014086 0.0 0.6431718061674009 0.19383259911894274 0.06167400881057269 0.048458149779735685 0.05286343612334802 niudanyang 3Сʱ_mousemovements
132.89035151999997 344.9860795714286 470.65003466666667 780.2170003333332 574.7385939999999 1008.5580198 1202.3619614999998 1811.871521 530.68371725 958.931323625 816.6945605714287 309.9646155 293.621041375 438.24681945454546 508.7051335714286 252.3813078 0.13333333333333333 0.13333333333333333 0.11666666666666667 0.1 0.13333333333333333 0.18333333333333332 0.11666666666666667 0.08333333333333333 136.41589648924736 22.43407883333333 284.6730734761905 0.8732394366197183 0.028169014084507043 0.09859154929577464 0.4166666666666667 0.11666666666666667 0.1 0.05 0.06666666666666667 0.08333333333333333 0.13333333333333333 0.03333333333333333 0.5692307692307692 0.2 0.14358974358974358 0.06666666666666667 0.020512820512820513 niudanyang 3Сʱ_mousemovements
932.041402 0 425.169556 678.247131 618.915527 0 0 0 425.169556 618.915527 0 0 0 1695.876495 38.32085 0 0.2 0.2 0.0 0.0 0.0 0.4 0.2 0.0 171.503692 156.48901766666668 618.915527 0.8333333333333334 0.125 0.041666666666666664 0.5 0.0 0.16666666666666666 0.16666666666666666 0.16666666666666666 0.0 0.0 0.0 0.65 0.2 0.1 0.05 0.0 niudanyang 3Сʱ_mousemovements
125.7386013333333 485.2558418333333 561.5427764 1035.916603 1005.7205810000002 1112.2161865 670.838745 654.856018 537.2437914999999 325.3264958 657.2869017999999 204.64253242857143 205.5553154 645.68534675 560.6446541428571 621.0699802999999 0.12244897959183673 0.10204081632653061 0.10204081632653061 0.14285714285714285 0.10204081632653061 0.08163265306122448 0.14285714285714285 0.20408163265306123 103.56896193596062 3.9838949090909095 188.71812591666665 0.8982300884955752 0.048672566371681415 0.05309734513274336 0.48 0.12 0.1 0.08 0.08 0.08 0.02 0.04 0.5631067961165048 0.24757281553398058 0.10194174757281553 0.038834951456310676 0.04854368932038835 niudanyang 3Сʱ_mousemovements
166.90078347999994 351.8571442307692 1272.5138399999998 1181.594951625 595.551239 696.0652620000001 858.4429325 0 1257.8077723333333 214.24516038095234 378.30464392857147 579.9541301999999 291.29665556249995 237.53511683333332 198.47209717391303 422.09562585714286 0.049586776859504134 0.17355371900826447 0.11570247933884298 0.08264462809917356 0.1322314049586777 0.19834710743801653 0.19008264462809918 0.05785123966942149 87.32703251273887 322.51434974999995 131.27083308000002 0.8463611859838275 0.0862533692722372 0.0673854447439353 0.6198347107438017 0.21487603305785125 0.024793388429752067 0.06611570247933884 0.04132231404958678 0.01652892561983471 0.01652892561983471 0.0 0.5542168674698795 0.17771084337349397 0.14156626506024098 0.06927710843373494 0.0572289156626506 niudanyang 3Сʱ_mousemovements
187.78274578750006 732.3421501666664 1121.7118250555554 1407.3074623076923 989.7395477000002 671.4655915 874.03128825 1050.1193116 336.39199123333333 241.11657018181813 638.2869473636364 882.3012132903228 389.93864494642855 324.42103999999995 440.98036807407414 422.40654012500005 0.08522727272727272 0.09375 0.09375 0.08806818181818182 0.1590909090909091 0.1903409090909091 0.1534090909090909 0.13636363636363635 246.0347425123288 320.15022498265904 372.3321286666667 0.6494661921708185 0.30782918149466193 0.042704626334519574 0.6818181818181818 0.10227272727272728 0.10227272727272728 0.036931818181818184 0.028409090909090908 0.022727272727272728 0.011363636363636364 0.014204545454545454 0.7295825771324864 0.13793103448275862 0.06352087114337568 0.04900181488203267 0.019963702359346643 niudanyang 3Сʱ_mousemovements
191.51509679925644 653.1291449736843 1230.1899845294117 720.0835890909092 876.4323369999998 1014.0173951818182 717.005829 479.730362 448.63344347058836 264.6879625319149 701.9851344583335 481.5192794054054 157.49941252000002 228.4309542799999 434.2750361875 440.01382686666665 0.09418282548476455 0.13019390581717452 0.0664819944598338 0.10249307479224377 0.13850415512465375 0.2077562326869806 0.1772853185595568 0.08310249307479224 214.02067522740523 276.5341262944443 215.5751193750001 0.6270566727605119 0.3290676416819013 0.043875685557586835 0.7451523545706371 0.10526315789473684 0.04709141274238227 0.030470914127423823 0.030470914127423823 0.030470914127423823 0.00554016620498615 0.00554016620498615 0.7575187969924813 0.13721804511278196 0.06203007518796992 0.03383458646616541 0.009398496240601503 niudanyang 3Сʱ_mousemovements
216.81072627777786 708.4630812037038 800.5545496764706 1615.6561426250003 1230.5387114999999 1042.22456375 1282.3799435 1516.5875609999998 444.24164327586203 377.47279918032785 486.9054283928571 447.77818756521737 379.27168695890424 398.3139381157894 381.9390714622644 464.3879037761196 0.054409005628517824 0.11444652908067542 0.1050656660412758 0.08630393996247655 0.13696060037523453 0.17823639774859287 0.19887429643527205 0.12570356472795496 266.5253278668077 313.5362075523466 234.80964255882347 0.6033163265306123 0.35331632653061223 0.04336734693877551 0.7429643527204502 0.10131332082551595 0.06378986866791744 0.0450281425891182 0.01876172607879925 0.0150093808630394 0.00375234521575985 0.009380863039399626 0.7747747747747747 0.12226512226512226 0.059202059202059204 0.03346203346203346 0.010296010296010296 niudanyang 3Сʱ_mousemovements
61.36289238888888 341.975824 698.120284888889 600.0260775 715.141663 399.1317595 0 711.2434085 193.5409317142857 51.4449756 379.525818 284.2685908333333 119.80495066666667 272.92901960000006 461.6640723636363 142.89664341666668 0.12280701754385964 0.08771929824561403 0.05263157894736842 0.10526315789473684 0.05263157894736842 0.17543859649122806 0.19298245614035087 0.21052631578947367 93.96668130232561 11.63438631818182 326.7185961666667 0.821656050955414 0.14012738853503184 0.03821656050955414 0.631578947368421 0.08771929824561403 0.15789473684210525 0.03508771929824561 0.017543859649122806 0.03508771929824561 0.0 0.03508771929824561 0.6111111111111112 0.2152777777777778 0.08333333333333333 0.04861111111111111 0.041666666666666664 niudanyang 3Сʱ_mousemovements
526.912048 321.31483449999996 380.252472 0 510.185028 0 808.309326 631.240173 808.309326 321.31483449999996 0 0 510.185028 512.8015643333333 0 0 0.14285714285714285 0.2857142857142857 0.0 0.0 0.14285714285714285 0.42857142857142855 0.0 0.0 119.03746029166666 0 321.31483449999996 0.9230769230769231 0.0 0.07692307692307693 0.14285714285714285 0.2857142857142857 0.14285714285714285 0.0 0.14285714285714285 0.0 0.14285714285714285 0.14285714285714285 0.5909090909090909 0.13636363636363635 0.09090909090909091 0.13636363636363635 0.045454545454545456 niudanyang 3Сʱ_mousemovements
126.54882844642857 400.0042617083332 551.0266854285715 720.539296 596.717627 1166.3686768 5699.917068500001 872.3407589999999 390.58060181818183 582.782365882353 237.63935866666668 381.156405 235.5976750769231 1355.292225846154 307.7570217333333 297.584244 0.10679611650485436 0.1650485436893204 0.05825242718446602 0.05825242718446602 0.1262135922330097 0.1262135922330097 0.2912621359223301 0.06796116504854369 155.46281968769716 72.68726484615385 166.99510600000002 0.9057142857142857 0.037142857142857144 0.05714285714285714 0.4745762711864407 0.2033898305084746 0.11864406779661017 0.0847457627118644 0.0423728813559322 0.0423728813559322 0.01694915254237288 0.01694915254237288 0.4481707317073171 0.24695121951219512 0.1798780487804878 0.08536585365853659 0.039634146341463415 niudanyang 3Сʱ_mousemovements
201.99128 259.17662453333327 409.4644720714286 417.2682115 0 388.54946900000004 599.1102193333334 672.009155 372.7131425 297.24034530769234 519.3760783333333 374.85140225 71.50066914285715 497.4502376666666 252.1038514 259.42896172222225 0.02631578947368421 0.17105263157894737 0.039473684210526314 0.05263157894736842 0.09210526315789473 0.11842105263157894 0.2631578947368421 0.23684210526315788 111.36071908949417 165.32441260000002 5.825243 0.9771863117870723 0.019011406844106463 0.0038022813688212928 0.6306306306306306 0.13513513513513514 0.12612612612612611 0.036036036036036036 0.0 0.036036036036036036 0.02702702702702703 0.009009009009009009 0.3702127659574468 0.32340425531914896 0.19574468085106383 0.06382978723404255 0.04680851063829787 niudanyang 3Сʱ_mousemovements
103.31570897872342 237.82710433333335 989.7912566 460.2238666666667 679.54248 534.8558858333334 638.353394 0 2167.09781625 343.1229595555556 231.50202683333336 302.93305183333337 202.68738630000001 272.60087266666665 349.990136611111 131.6828694 0.057971014492753624 0.13043478260869565 0.08695652173913043 0.08695652173913043 0.14492753623188406 0.08695652173913043 0.2608695652173913 0.14492753623188406 123.35588819246861 10.4425145 30.756444625 0.952191235059761 0.01593625498007968 0.03187250996015936 0.5465116279069767 0.10465116279069768 0.1744186046511628 0.06976744186046512 0.011627906976744186 0.06976744186046512 0.023255813953488372 0.0 0.4517543859649123 0.3026315789473684 0.07894736842105263 0.10964912280701754 0.05701754385964912 niudanyang 3Сʱ_mousemovements
132.5047558309859 175.8344775 267.637904125 552.6282744 524.1891498750001 432.11905675 273.28475949999995 348.96154 667.278076 339.5056477727272 295.99440999999996 455.9613585999999 99.59216736363636 351.93425550000006 260.26761645945953 146.54553441666664 0.010526315789473684 0.23157894736842105 0.031578947368421054 0.05263157894736842 0.11578947368421053 0.042105263157894736 0.3894736842105263 0.12631578947368421 79.45919973863633 45.594498944444446 35.58897021052632 0.9048843187660668 0.04627249357326478 0.04884318766066838 0.5725806451612904 0.11290322580645161 0.06451612903225806 0.12096774193548387 0.06451612903225806 0.03225806451612903 0.016129032258064516 0.016129032258064516 0.4632768361581921 0.3050847457627119 0.1553672316384181 0.0423728813559322 0.03389830508474576 niudanyang 3Сʱ_mousemovements
198.73989158064524 373.3556727272728 449.60433593333335 610.4182972666666 549.110855 783.0675965714287 248.684088 801.1033325000001 250.0138051875 273.18157611764707 229.38338075 154.366759 237.34656770588234 444.1282237777778 368.6232334871795 408.4793561052632 0.09411764705882353 0.2 0.07058823529411765 0.03529411764705882 0.1 0.1588235294117647 0.22941176470588234 0.11176470588235295 145.35706683720935 224.83357322641513 260.6132538181819 0.8246575342465754 0.14520547945205478 0.030136986301369864 0.6492146596858639 0.11518324607329843 0.07853403141361257 0.07853403141361257 0.020942408376963352 0.03664921465968586 0.010471204188481676 0.010471204188481676 0.5850746268656717 0.20298507462686566 0.1044776119402985 0.07761194029850746 0.029850746268656716 niudanyang 3Сʱ_mousemovements
169.81388062576679 491.77494083333335 331.3945550625 771.6583118749999 452.0049555 580.3441134000001 1965.7305295 463.431488 228.67367299999998 309.7488500277778 345.173335 189.52527184615383 160.68604166666668 437.33792216 261.61002598275866 216.641688 0.07936507936507936 0.19047619047619047 0.07407407407407407 0.06878306878306878 0.047619047619047616 0.13227513227513227 0.30687830687830686 0.10052910052910052 162.1886969671533 215.4136819295775 164.199524 0.7896253602305475 0.20461095100864554 0.005763688760806916 0.7309417040358744 0.10762331838565023 0.07174887892376682 0.03587443946188341 0.017937219730941704 0.02242152466367713 0.008968609865470852 0.004484304932735426 0.5297805642633229 0.2946708463949843 0.09090909090909091 0.047021943573667714 0.03761755485893417 niudanyang 3Сʱ_mousemovements
211.26053871830973 457.3770055 440.360140125 467.887188 1352.782227 754.6475128 418.2186508333334 0 369.7300655454546 267.55837823999997 314.3817944285715 172.25733876923078 326.05845829411754 315.125298451613 320.837141275862 249.01403023809522 0.05116279069767442 0.23255813953488372 0.06511627906976744 0.06046511627906977 0.07906976744186046 0.14418604651162792 0.26976744186046514 0.09767441860465116 174.3997720272109 212.78128449450554 120.1116675 0.7596899224806202 0.2351421188630491 0.00516795865633075 0.8037735849056604 0.09056603773584905 0.03018867924528302 0.03018867924528302 0.0037735849056603774 0.018867924528301886 0.022641509433962263 0.0 0.6194444444444445 0.22777777777777777 0.1 0.03333333333333333 0.019444444444444445 niudanyang 3Сʱ_mousemovements
175.65279169014084 388.6128209444444 331.6547119333334 424.3179151111111 517.5880735 530.4515941666667 366.0765 0 298.1216885 247.98333207142858 199.36688540000003 132.268679 176.03979744444442 445.8555124545455 278.74288285185185 276.73169004761905 0.09900990099009901 0.13861386138613863 0.04950495049504951 0.039603960396039604 0.0891089108910891 0.10891089108910891 0.26732673267326734 0.2079207920792079 130.52511564912274 190.11482936363635 0 0.912 0.088 0.0 0.568 0.144 0.12 0.072 0.016 0.048 0.032 0.0 0.4325581395348837 0.34418604651162793 0.09767441860465116 0.09302325581395349 0.03255813953488372 niudanyang 3Сʱ_mousemovements
179.23172679120873 357.5752919047619 310.7137297272727 380.44600507142866 547.2663546666668 396.90273275 603.4172665 903.194763 291.7458715714286 348.8553498461539 236.4884015 334.9379804 204.8324230833333 271.9728758571428 268.2965288333333 264.14188409090906 0.058333333333333334 0.21666666666666667 0.03333333333333333 0.041666666666666664 0.1 0.11666666666666667 0.25 0.18333333333333332 131.36276419491523 258.8754354848485 0 0.8773234200743495 0.12267657992565056 0.0 0.6066666666666667 0.14 0.07333333333333333 0.09333333333333334 0.04 0.02666666666666667 0.013333333333333334 0.006666666666666667 0.4396551724137931 0.2801724137931034 0.15948275862068967 0.07327586206896551 0.04741379310344827 niudanyang 3Сʱ_mousemovements
228.64615604301073 371.37765352 343.92495181818185 500.35758659999993 410.6022236666667 687.9846235714286 774.580933 434.84150733333337 470.0728556666666 271.82432846153847 335.181499 170.322708 364.7217232857143 355.3507350666667 326.71448448571437 375.2282586875 0.07627118644067797 0.22033898305084745 0.059322033898305086 0.025423728813559324 0.059322033898305086 0.1271186440677966 0.2966101694915254 0.13559322033898305 153.8570991365461 315.5748617931035 0 0.89568345323741 0.10431654676258993 0.0 0.6078431372549019 0.16339869281045752 0.0718954248366013 0.06535947712418301 0.0196078431372549 0.0457516339869281 0.006535947712418301 0.0196078431372549 0.3975409836065574 0.3729508196721312 0.13934426229508196 0.040983606557377046 0.04918032786885246 niudanyang 3Сʱ_mousemovements
