111.84962374999999 603.110291 502.782913 0 0 0 0 0 81.091545 7.142857 658.440796 0 159.164093 291.794525 0 200.0 0.14285714285714285 0.14285714285714285 0.2857142857142857 0.0 0.14285714285714285 0.14285714285714285 0.0 0.14285714285714285 111.26337116666666 360.457079 0 0.8571428571428571 0.14285714285714285 0.0 0.5714285714285714 0.14285714285714285 0.2857142857142857 0.0 0.0 0.0 0.0 0.0 0.38461538461538464 0.38461538461538464 0.07692307692307693 0.0 0.15384615384615385 wangcheng 5Сʱ_mousemovements
0 0 0 0 0 0 0 0 0 0 0 0 0 0 0 0 0 0 0 0 0 0 0 0 0.0 0 0 1.0 0.0 0.0 0 0 0 0 0 0 0 0 1.0 0.0 0.0 0.0 0.0 wangcheng 5Сʱ_mousemovements
0 0 0 0 0 0 0 0 0 0 0 0 0 0 0 0 0 0 0 0 0 0 0 0 0 0 0 0 0 0 0 0 0 0 0 0 0 0 0 0 0 0 0 wangcheng 5Сʱ_mousemovements
0 0 0 0 0 0 0 0 0 0 0 0 0 0 0 0 0 0 0 0 0 0 0 0 0 0 0 0 0 0 0 0 0 0 0 0 0 0 0 0 0 0 0 wangcheng 5Сʱ_mousemovements
0 0 0 0 0 0 0 0 0 0 0 0 0 0 0 0 0 0 0 0 0 0 0 0 0 0 0 0 0 0 0 0 0 0 0 0 0 0 0 0 0 0 0 wangcheng 5Сʱ_mousemovements
0 0 0 0 0 0 0 0 0 0 0 0 0 0 0 0 0 0 0 0 0 0 0 0 0 0 0 0 0 0 0 0 0 0 0 0 0 0 0 0 0 0 0 wangcheng 5Сʱ_mousemovements
0 0 0 0 0 0 0 0 0 0 0 0 0 0 0 0 0 0 0 0 0 0 0 0 0 0 0 0 0 0 0 0 0 0 0 0 0 0 0 0 0 0 0 wangcheng 5Сʱ_mousemovements
0 0 0 0 0 0 0 0 0 0 0 0 0 0 0 0 0 0 0 0 0 0 0 0 0 0 0 0 0 0 0 0 0 0 0 0 0 0 0 0 0 0 0 wangcheng 5Сʱ_mousemovements
72.07838 0 0 0 0 0 0 0 95.70764274999999 65.766186 0 0 0 70.3273355 0 0.0 0.4 0.3 0.0 0.0 0.0 0.2 0.0 0.1 18.967994736842105 0 0 1.0 0.0 0.0 1.0 0.0 0.0 0.0 0.0 0.0 0.0 0.0 0.5806451612903226 0.22580645161290322 0.1935483870967742 0.0 0.0 wangcheng 5Сʱ_mousemovements
211.92944399999993 609.2009015714285 746.850372 558.82489 746.944641 596.888306 0 0 353.29463180000005 483.1410521666666 613.7719066666665 0 1116.580688 457.77129099999996 234.91041522222227 343.9285735 0.1724137931034483 0.20689655172413793 0.10344827586206896 0.0 0.034482758620689655 0.10344827586206896 0.3103448275862069 0.06896551724137931 90.68244019101127 0 465.9804324999999 0.9175257731958762 0.0 0.08247422680412371 0.5517241379310345 0.2413793103448276 0.06896551724137931 0.034482758620689655 0.06896551724137931 0.034482758620689655 0.0 0.0 0.6923076923076923 0.1978021978021978 0.06593406593406594 0.02197802197802198 0.02197802197802198 wangcheng 5Сʱ_mousemovements
157.62992853333336 434.12469100000004 0 0 0 0 0 732.465027 132.377121 217.32122075 576.624451 0 378.265617 115.94198366666667 282.75626475 150.459137 0.05 0.4 0.05 0.0 0.1 0.15 0.2 0.05 81.17902820689656 9.174312 38.618257 0.9354838709677419 0.016129032258064516 0.04838709677419355 0.75 0.2 0.0 0.0 0.0 0.0 0.0 0.05 0.6428571428571429 0.25 0.05357142857142857 0.017857142857142856 0.03571428571428571 wangcheng 5Сʱ_mousemovements
59.191204000000006 0 0 576.950562 0 0 0 0 0 107.74411 0 576.950562 10.638298 0 0 0 0.0 0.3333333333333333 0.0 0.3333333333333333 0.3333333333333333 0.0 0.0 0.0 228.23155733333337 10.638298 0 0.75 0.25 0.0 0.6666666666666666 0.0 0.0 0.3333333333333333 0.0 0.0 0.0 0.0 0.3333333333333333 0.3333333333333333 0.0 0.3333333333333333 0.0 wangcheng 5Сʱ_mousemovements
77.59225681818181 533.8681806666667 211.849825 453.65259833333334 0 0 0 509.665405 192.1108475 363.2290371666664 324.01640699999996 592.650513 0 200.38093066666667 197.74238025 164.5896225 0.08 0.24 0.16 0.04 0.0 0.24 0.16 0.08 46.53261812499999 12.820513 208.61768690909093 0.8888888888888888 0.009259259259259259 0.10185185185185185 0.44 0.24 0.16 0.12 0.0 0.0 0.0 0.04 0.65625 0.16666666666666666 0.07291666666666667 0.041666666666666664 0.0625 wangcheng 5Сʱ_mousemovements
158.65585333333334 0 0 423.418701 0 0 0 0 126.485489 0 0 423.418701 0 0 0 174.74103549999998 0.25 0.0 0.0 0.25 0.0 0.0 0.0 0.5 47.336119 0 0.0 0.95 0.0 0.05 0.75 0.0 0.0 0.25 0.0 0.0 0.0 0.0 0.6666666666666666 0.13333333333333333 0.0 0.06666666666666667 0.13333333333333333 wangcheng 5Сʱ_mousemovements
145.46890639999995 288.5532158888889 1811.12107075 0 931.0821535 475.447205 0 288.762573 65.1344115 385.19970425 389.5056903333334 433.3769288 10.638298 166.49241762500003 240.16827633333332 1628.2275340000003 0.047619047619047616 0.19047619047619047 0.14285714285714285 0.11904761904761904 0.023809523809523808 0.19047619047619047 0.21428571428571427 0.07142857142857142 123.63388598230085 13.327296666666667 139.59659766666667 0.8625954198473282 0.022900763358778626 0.11450381679389313 0.5952380952380952 0.21428571428571427 0.09523809523809523 0.0 0.047619047619047616 0.023809523809523808 0.0 0.023809523809523808 0.6218487394957983 0.18487394957983194 0.10084033613445378 0.058823529411764705 0.03361344537815126 wangcheng 5Сʱ_mousemovements
178.85620360714285 697.024109 434.95645600000006 547.241142 520.6781516666666 0 699.1436615 664.4800564999999 453.28113325 450.76401187499994 330.5864746666667 252.38963966666668 4.56621 479.6804723749999 182.84869657142852 169.6676812 0.15384615384615385 0.15384615384615385 0.23076923076923078 0.057692307692307696 0.019230769230769232 0.15384615384615385 0.1346153846153846 0.09615384615384616 110.7681895538462 74.25297166666668 237.03650576923079 0.87248322147651 0.040268456375838924 0.087248322147651 0.5384615384615384 0.057692307692307696 0.19230769230769232 0.07692307692307693 0.057692307692307696 0.0 0.038461538461538464 0.038461538461538464 0.6956521739130435 0.15942028985507245 0.07246376811594203 0.057971014492753624 0.014492753623188406 wangcheng 5Сʱ_mousemovements
107.73037274285714 342.157233142857 512.617968142857 452.8405606666667 0 924.694153 0 1560.621094 7.878627 185.4165373 589.3170865000001 394.0143746 92.84010033333334 152.17616149999998 220.52316019999998 216.297914875 0.018518518518518517 0.18518518518518517 0.1111111111111111 0.09259259259259259 0.05555555555555555 0.1111111111111111 0.2777777777777778 0.14814814814814814 74.74760650349651 87.89455500000001 191.13806408333332 0.8827160493827161 0.043209876543209874 0.07407407407407407 0.6481481481481481 0.12962962962962962 0.12962962962962962 0.05555555555555555 0.0 0.018518518518518517 0.0 0.018518518518518517 0.5866666666666667 0.24666666666666667 0.08 0.04 0.04666666666666667 wangcheng 5Сʱ_mousemovements
106.75821322500003 481.9960530000001 385.2958126666668 457.63605250000006 0 649.6745 493.013641 0 183.391722 206.21114554545457 334.30494610000005 124.935543 124.87954333333334 223.24655866666663 218.37164862500006 104.119416 0.08333333333333333 0.18333333333333332 0.16666666666666666 0.03333333333333333 0.05 0.15 0.26666666666666666 0.06666666666666667 62.56924464457831 48.03147320000001 143.87244005882354 0.8829787234042553 0.026595744680851064 0.09042553191489362 0.6666666666666666 0.05 0.15 0.1 0.0 0.016666666666666666 0.016666666666666666 0.0 0.6081871345029239 0.19883040935672514 0.10526315789473684 0.05263157894736842 0.03508771929824561 wangcheng 5Сʱ_mousemovements
91.04557514814816 300.25839225000004 305.91934200000003 1393.5056762499999 626.29125225 644.16687 0 0 67.6534025 195.80816574999997 483.93184675000003 173.14272775 139.677147 196.86944371428567 696.7416935555556 122.7118825 0.047619047619047616 0.19047619047619047 0.09523809523809523 0.09523809523809523 0.047619047619047616 0.16666666666666666 0.21428571428571427 0.14285714285714285 77.88247872262775 18.244951 143.0042424375 0.8838709677419355 0.012903225806451613 0.1032258064516129 0.6428571428571429 0.09523809523809523 0.047619047619047616 0.09523809523809523 0.09523809523809523 0.023809523809523808 0.0 0.0 0.6180555555555556 0.2222222222222222 0.041666666666666664 0.08333333333333333 0.034722222222222224 wangcheng 5Сʱ_mousemovements
136.2514275400001 368.63562177777777 533.8907907142857 0 897.790955 742.0983735 599.384033 325.492279 171.3841884285714 184.56658333333334 480.55421309090895 195.99452574999998 111.2500602857143 216.97632911111108 261.22179811764704 153.03150771428568 0.09859154929577464 0.1267605633802817 0.15492957746478872 0.056338028169014086 0.09859154929577464 0.1267605633802817 0.23943661971830985 0.09859154929577464 75.5105168829787 91.23150700000001 159.10116629411763 0.9038461538461539 0.014423076923076924 0.08173076923076923 0.704225352112676 0.1267605633802817 0.09859154929577464 0.0 0.014084507042253521 0.028169014084507043 0.014084507042253521 0.014084507042253521 0.5477386934673367 0.2562814070351759 0.12060301507537688 0.05025125628140704 0.02512562814070352 wangcheng 5Сʱ_mousemovements
100.4406799830508 349.91148979999997 535.7886372500001 359.6982106666666 858.99958025 613.293762 0 0 28.506105 88.67747383333334 398.80534756249995 206.02469449999995 75.600761 238.4922993333333 271.04851938888896 114.11731019999999 0.0375 0.3 0.2 0.05 0.0125 0.1125 0.225 0.0625 55.45126017560974 46.85427700000001 238.82737613636357 0.8649789029535865 0.04219409282700422 0.09282700421940929 0.7375 0.0625 0.1 0.0375 0.05 0.0125 0.0 0.0 0.6194690265486725 0.2079646017699115 0.11061946902654868 0.030973451327433628 0.030973451327433628 wangcheng 5Сʱ_mousemovements
167.11910192857138 331.2233276250001 496.97943125000006 619.9821715999999 978.112732 0 866.1081085 812.1686400000001 71.61752714285716 307.148778 487.92460116666666 384.3987275 296.1707585 306.549225 495.97926455555546 335.7044695 0.14 0.24 0.12 0.04 0.12 0.04 0.18 0.12 89.07475873846153 49.28926071428571 254.04593821052634 0.8333333333333334 0.04487179487179487 0.12179487179487179 0.56 0.16 0.08 0.1 0.02 0.0 0.04 0.04 0.6418918918918919 0.18243243243243243 0.10810810810810811 0.04054054054054054 0.02702702702702703 wangcheng 5Сʱ_mousemovements
111.46645156666669 369.4955320000001 343.7454315999999 421.2599303999999 563.7495240000001 0 574.4865725 0 267.04836650000004 190.2506917368421 310.3158061666667 308.1305585 215.63671133333335 373.94296322222215 271.23826418181824 321.2027058333333 0.030303030303030304 0.2878787878787879 0.18181818181818182 0.06060606060606061 0.045454545454545456 0.13636363636363635 0.16666666666666666 0.09090909090909091 69.73102669411767 192.08600824999996 257.63572911111106 0.8673469387755102 0.04081632653061224 0.09183673469387756 0.45454545454545453 0.21212121212121213 0.15151515151515152 0.07575757575757576 0.07575757575757576 0.0 0.030303030303030304 0.0 0.6042780748663101 0.20320855614973263 0.09090909090909091 0.058823529411764705 0.0427807486631016 wangcheng 5Сʱ_mousemovements
91.88879103225807 256.27020624999994 404.37640133333326 518.7987105714286 694.490173 0 555.664978 762.050659 96.91660875 153.5998147272728 354.04511444444444 396.734857 203.06658871428564 235.73460920000002 220.76363433333333 300.9338883333333 0.0784313725490196 0.21568627450980393 0.17647058823529413 0.058823529411764705 0.13725490196078433 0.09803921568627451 0.17647058823529413 0.058823529411764705 45.86172093333335 168.78994724999995 243.8483672222221 0.872093023255814 0.023255813953488372 0.10465116279069768 0.6078431372549019 0.0784313725490196 0.11764705882352941 0.13725490196078433 0.0196078431372549 0.0 0.0196078431372549 0.0196078431372549 0.58125 0.23125 0.075 0.05 0.0625 wangcheng 5Сʱ_mousemovements
137.14775784615384 387.16572585714295 523.7316303749999 510.38965271428566 449.271088 768.251404 0 0 304.60789514285716 250.1143732727273 426.69302980000003 744.7968139999999 320.5269564 306.06195066666663 254.310619 148.55224657142858 0.14 0.22 0.1 0.06 0.1 0.12 0.12 0.14 56.96306125974028 207.071565 308.55677684210525 0.875 0.017045454545454544 0.10795454545454546 0.52 0.14 0.16 0.14 0.02 0.02 0.0 0.0 0.6036585365853658 0.25 0.054878048780487805 0.06707317073170732 0.024390243902439025 wangcheng 5Сʱ_mousemovements
132.11940896 349.88194475 491.54244999999986 480.62431833333335 450.030792 498.6917723333334 0 0 316.42631500000005 188.4019842777777 492.02894433333336 72.86171300000001 36.28521 204.92016533333324 200.0003748235295 90.58477657142855 0.028169014084507043 0.2535211267605634 0.1267605633802817 0.028169014084507043 0.014084507042253521 0.2112676056338028 0.23943661971830985 0.09859154929577464 48.39382389898991 133.86654888888887 206.47848741666658 0.8571428571428571 0.03896103896103896 0.1038961038961039 0.704225352112676 0.11267605633802817 0.08450704225352113 0.04225352112676056 0.014084507042253521 0.04225352112676056 0.0 0.0 0.6199095022624435 0.18099547511312217 0.12217194570135746 0.03167420814479638 0.04524886877828054 wangcheng 5Сʱ_mousemovements
95.67697380555555 323.398353375 304.02490240000003 495.1681763999999 506.4585366666667 515.52359 716.872803 697.849243 338.6246391428571 182.61368522222224 315.3034191818181 276.30088225 204.448628 355.7016297777778 192.31799166666667 198.0680923333333 0.1044776119402985 0.26865671641791045 0.16417910447761194 0.05970149253731343 0.08955223880597014 0.13432835820895522 0.13432835820895522 0.04477611940298507 60.75376654285714 225.93541550000003 227.23200584999995 0.8620689655172413 0.03940886699507389 0.09852216748768473 0.5373134328358209 0.11940298507462686 0.07462686567164178 0.14925373134328357 0.04477611940298507 0.04477611940298507 0.014925373134328358 0.014925373134328358 0.5360824742268041 0.2422680412371134 0.08762886597938144 0.061855670103092786 0.07216494845360824 wangcheng 5Сʱ_mousemovements
93.21938996774193 311.40669625 466.7433366666666 540.4628906666667 0 546.319641 769.061584 1028.094238 138.145397 179.11282053846156 230.390338375 337.7436792 143.7923077142857 472.54338075 204.29807733333334 174.448351 0.0625 0.2708333333333333 0.16666666666666666 0.10416666666666667 0.14583333333333334 0.08333333333333333 0.125 0.041666666666666664 39.86404302469138 116.886859 293.8943383076923 0.9050279329608939 0.0223463687150838 0.07262569832402235 0.6458333333333334 0.16666666666666666 0.0625 0.0625 0.0 0.020833333333333332 0.020833333333333332 0.020833333333333332 0.6094674556213018 0.24260355029585798 0.07692307692307693 0.047337278106508875 0.023668639053254437 wangcheng 5Сʱ_mousemovements
91.07244257142858 267.54909875000004 0 1325.1900635 536.479935 1357.859497 0 1216.101318 76.2468645 92.296018 450.28383971428576 228.8608916 166.20335133333333 111.07977774999999 411.9128635 306.4566651111111 0.05 0.1 0.175 0.125 0.075 0.1 0.15 0.225 59.27323383035715 75.51843649999999 381.8951279090909 0.896 0.016 0.088 0.7 0.1 0.0 0.05 0.1 0.025 0.0 0.025 0.6106194690265486 0.1592920353982301 0.1415929203539823 0.061946902654867256 0.02654867256637168 wangcheng 5Сʱ_mousemovements
110.62695458823526 422.22229619999996 256.09306833333335 623.486089 545.8970334999999 766.8308715 613.5164796666667 0 182.6212142 255.20482549999997 283.80451575000006 661.9461363333335 196.20189216666665 373.88914500000004 232.857364125 110.957434 0.19230769230769232 0.19230769230769232 0.15384615384615385 0.057692307692307696 0.11538461538461539 0.038461538461538464 0.15384615384615385 0.09615384615384616 63.33823127586202 38.1097565 265.4934007142857 0.9006211180124224 0.012422360248447204 0.08695652173913043 0.6538461538461539 0.09615384615384616 0.057692307692307696 0.057692307692307696 0.038461538461538464 0.038461538461538464 0.057692307692307696 0.0 0.6054421768707483 0.20408163265306123 0.09523809523809523 0.06802721088435375 0.027210884353741496 wangcheng 5Сʱ_mousemovements
120.85451602272725 127.822693 163.878006 266.838287 0 807.5510865000001 0 744.562286 132.352371 180.83439806666675 251.60987899999998 168.02985 166.98892999999998 243.7126803333334 131.20895800000005 41.04651125 0.0196078431372549 0.29411764705882354 0.17647058823529413 0.0392156862745098 0.0392156862745098 0.11764705882352941 0.23529411764705882 0.0784313725490196 44.08147519424458 68.77896333333334 244.03656040000004 0.896774193548387 0.03870967741935484 0.06451612903225806 0.8627450980392157 0.0196078431372549 0.0196078431372549 0.0196078431372549 0.0 0.0392156862745098 0.0 0.0392156862745098 0.6458333333333334 0.24305555555555555 0.06944444444444445 0.034722222222222224 0.006944444444444444 wangcheng 5Сʱ_mousemovements
152.78044353571428 526.8283508000001 425.2655377142858 793.3732650000001 1053.764048 323.570862 1099.9173990000002 0 502.12414185714294 380.848298 456.00877520000006 566.3651046666668 110.74410025 696.93255175 356.8084218888889 316.4360410999999 0.12962962962962962 0.16666666666666666 0.09259259259259259 0.1111111111111111 0.07407407407407407 0.07407407407407407 0.16666666666666666 0.18518518518518517 89.90056284172657 147.88485225 456.96816755 0.852760736196319 0.024539877300613498 0.12269938650306748 0.5185185185185185 0.09259259259259259 0.12962962962962962 0.12962962962962962 0.05555555555555555 0.018518518518518517 0.05555555555555555 0.0 0.6274509803921569 0.17647058823529413 0.10457516339869281 0.0718954248366013 0.0196078431372549 wangcheng 5Сʱ_mousemovements
94.84500312500002 317.14190666666667 747.247864 0 909.785263 1253.436646 484.030029 0 10.833934 61.157637 518.7986806666668 118.411125 532.5543975 1499.371826 252.26513675 316.4866335 0.0625 0.125 0.1875 0.0625 0.125 0.0625 0.25 0.125 26.259421350000004 0 443.89055290000005 0.8571428571428571 0.0 0.14285714285714285 0.5 0.1875 0.0625 0.0 0.125 0.0625 0.0625 0.0 0.671875 0.25 0.0625 0.015625 0.0 wangcheng 5Сʱ_mousemovements
195.43473394117646 302.31507866666664 396.9524305 598.9421694 455.77345249999996 0 0 937.471802 169.69602774999998 212.03406499999997 677.9917869999999 443.234558 181.63293199999998 424.3725706 442.0699235 129.9120865 0.13333333333333333 0.1 0.16666666666666666 0.03333333333333333 0.26666666666666666 0.16666666666666666 0.06666666666666667 0.06666666666666667 53.41347910309278 0.0 390.4885545833335 0.8818181818181818 0.00909090909090909 0.10909090909090909 0.5666666666666667 0.1 0.06666666666666667 0.16666666666666666 0.06666666666666667 0.0 0.0 0.03333333333333333 0.6176470588235294 0.17647058823529413 0.13725490196078433 0.029411764705882353 0.0392156862745098 wangcheng 5Сʱ_mousemovements
81.25061618750001 246.519249 354.320119 758.0025632500001 718.1355593333333 1490.686523 637.1446433333333 0 115.17563525 358.0953655 323.1501865 750.400757 498.708383 503.38928025000007 146.79186175 368.71278625 0.11764705882352941 0.23529411764705882 0.11764705882352941 0.029411764705882353 0.14705882352941177 0.11764705882352941 0.11764705882352941 0.11764705882352941 33.86866281884058 288.9212265 393.2862749411763 0.8789808917197452 0.012738853503184714 0.10828025477707007 0.47058823529411764 0.11764705882352941 0.08823529411764706 0.11764705882352941 0.08823529411764706 0.029411764705882353 0.08823529411764706 0.0 0.6413793103448275 0.12413793103448276 0.13793103448275862 0.06206896551724138 0.034482758620689655 wangcheng 5Сʱ_mousemovements
136.74346532352934 362.829691 665.3471831666667 646.9636108000001 1007.393107 732.913208 257.708984 0 210.3989645 305.8978993571428 539.2287289999999 213.42258933333332 375.8764615 630.3560618571428 178.8447766 230.370811 0.10526315789473684 0.24561403508771928 0.08771929824561403 0.05263157894736842 0.07017543859649122 0.12280701754385964 0.17543859649122806 0.14035087719298245 99.85619462068959 76.51169400000002 268.50538 0.8841463414634146 0.036585365853658534 0.07926829268292683 0.5964912280701754 0.12280701754385964 0.10526315789473684 0.08771929824561403 0.05263157894736842 0.017543859649122806 0.017543859649122806 0.0 0.5436241610738255 0.2483221476510067 0.10738255033557047 0.09395973154362416 0.006711409395973154 wangcheng 5Сʱ_mousemovements
97.45060526923075 582.069392 572.6379698 587.2256532 826.5203246666666 1240.714518 1094.4403379999999 1863.477051 70.7957705 186.7249737142857 956.0595357500001 156.6657703333333 178.77654866666663 353.58520328571433 847.0177371428572 282.139515 0.04081632653061224 0.2857142857142857 0.16326530612244897 0.061224489795918366 0.12244897959183673 0.14285714285714285 0.14285714285714285 0.04081632653061224 75.74586196026492 164.1677785 441.05387025 0.8628571428571429 0.022857142857142857 0.11428571428571428 0.5306122448979592 0.08163265306122448 0.10204081632653061 0.10204081632653061 0.061224489795918366 0.061224489795918366 0.04081632653061224 0.02040816326530612 0.6149068322981367 0.18633540372670807 0.13664596273291926 0.037267080745341616 0.024844720496894408 wangcheng 5Сʱ_mousemovements
107.71952920689661 246.87756999999996 408.43051875 537.518127 0 824.02124 651.453247 503.700775 249.92607149999998 162.0730115714286 193.16486999999998 111.62707449999999 36.287243 364.4741671428572 266.2175052 108.345833 0.044444444444444446 0.3111111111111111 0.13333333333333333 0.044444444444444446 0.044444444444444446 0.15555555555555556 0.2222222222222222 0.044444444444444446 40.51337088636364 82.53027557142858 338.94556018181817 0.88 0.04666666666666667 0.07333333333333333 0.6444444444444445 0.15555555555555556 0.08888888888888889 0.022222222222222223 0.0 0.022222222222222223 0.044444444444444446 0.022222222222222223 0.5827338129496403 0.2302158273381295 0.09352517985611511 0.06474820143884892 0.02877697841726619 wangcheng 5Сʱ_mousemovements
88.18947956410261 276.3125195 781.810974 1494.901001 910.78772 870.506744 590.380798 0 119.16617000000001 161.25094773333336 696.8740540000001 0 86.8979185 216.7094435 183.72162842857145 58.51858025 0.041666666666666664 0.3125 0.10416666666666667 0.0 0.041666666666666664 0.125 0.2916666666666667 0.08333333333333333 42.099049646258514 7.370488666666667 323.9249753076923 0.901840490797546 0.018404907975460124 0.07975460122699386 0.8125 0.041666666666666664 0.020833333333333332 0.020833333333333332 0.041666666666666664 0.041666666666666664 0.020833333333333332 0.0 0.5761589403973509 0.26490066225165565 0.13245033112582782 0.019867549668874173 0.006622516556291391 wangcheng 5Сʱ_mousemovements
128.68347707547167 206.17884837499997 541.7586670000001 429.0500083333333 1046.434448 513.1371765 0 0 80.1754842 193.61207748000004 329.8064126666666 0 186.93756399999998 354.3893574285714 107.66997364285714 64.51197479999999 0.07142857142857142 0.35714285714285715 0.12857142857142856 0.0 0.07142857142857142 0.1 0.2 0.07142857142857142 42.309606776699006 57.20956033333334 192.00567545454535 0.869198312236287 0.0379746835443038 0.09282700421940929 0.7571428571428571 0.11428571428571428 0.04285714285714286 0.04285714285714286 0.014285714285714285 0.02857142857142857 0.0 0.0 0.5982532751091703 0.20087336244541484 0.11790393013100436 0.048034934497816595 0.034934497816593885 wangcheng 5Сʱ_mousemovements
109.0997991481481 226.72562975000002 473.66160899999994 809.3656464999999 560.846191 580.7853240000001 1251.873169 0 312.2700215 133.66884533333334 418.8028168888888 111.111115 30.701993 198.79186700000005 503.1113297777778 94.2386175 0.046511627906976744 0.20930232558139536 0.20930232558139536 0.023255813953488372 0.046511627906976744 0.16279069767441862 0.20930232558139536 0.09302325581395349 56.13356458196724 47.58488400000001 386.70501507692313 0.8776978417266187 0.02877697841726619 0.09352517985611511 0.627906976744186 0.09302325581395349 0.11627906976744186 0.046511627906976744 0.023255813953488372 0.046511627906976744 0.046511627906976744 0.0 0.6129032258064516 0.1774193548387097 0.08870967741935484 0.08870967741935484 0.03225806451612903 wangcheng 5Сʱ_mousemovements
102.42773166666667 886.186829 1141.804443 368.081085 438.95224 772.826965 0 0 134.8832245 423.38030966666673 0 1141.804443 101.96346299999999 438.95224 772.826965 125.0 0.18181818181818182 0.2727272727272727 0.0 0.09090909090909091 0.18181818181818182 0.09090909090909091 0.09090909090909091 0.09090909090909091 72.90828508571428 15.873015 330.9509918 0.8536585365853658 0.024390243902439025 0.12195121951219512 0.5454545454545454 0.09090909090909091 0.09090909090909091 0.09090909090909091 0.09090909090909091 0.09090909090909091 0.0 0.0 0.6842105263157895 0.15789473684210525 0.02631578947368421 0.02631578947368421 0.10526315789473684 wangcheng 5Сʱ_mousemovements
150.5611311666667 380.50536 563.0842745 716.4548850000001 1183.817505 892.383087 1869.8451539999999 0 99.07753 550.6434501428573 787.06830975 1183.817505 352.8836268571428 101.9216 471.0109192000001 226.89347000000006 0.03225806451612903 0.22580645161290322 0.12903225806451613 0.03225806451612903 0.22580645161290322 0.03225806451612903 0.16129032258064516 0.16129032258064516 143.62847319565216 45.035267 149.05875585714287 0.9108910891089109 0.019801980198019802 0.06930693069306931 0.5806451612903226 0.06451612903225806 0.06451612903225806 0.0967741935483871 0.03225806451612903 0.0967741935483871 0.06451612903225806 0.0 0.5777777777777777 0.2777777777777778 0.07777777777777778 0.044444444444444446 0.022222222222222223 wangcheng 5Сʱ_mousemovements
123.72097611764706 251.40033259999996 374.74486300000007 483.874817 860.3704299999999 878.78471375 883.2137043333333 1011.0350955 235.92962514285713 179.9314625 712.2724148181817 408.3021972 150.530348 301.61850725 336.67453715384613 119.85211222222223 0.11290322580645161 0.16129032258064516 0.1774193548387097 0.08064516129032258 0.04838709677419355 0.06451612903225806 0.20967741935483872 0.14516129032258066 72.1433994512195 153.89796255555555 380.2228127894737 0.8541666666666666 0.046875 0.09895833333333333 0.5483870967741935 0.16129032258064516 0.04838709677419355 0.03225806451612903 0.06451612903225806 0.06451612903225806 0.04838709677419355 0.03225806451612903 0.5934065934065934 0.21978021978021978 0.04945054945054945 0.09340659340659341 0.04395604395604396 wangcheng 5Сʱ_mousemovements
118.23699453846149 320.5916932 615.8962951999999 650.1538546666667 628.6350606666666 795.925232 0 0 374.1095485000001 118.66132992857145 398.2837505 665.3663502499999 122.0541155 448.4286908333333 144.175742 385.01616620000004 0.046511627906976744 0.32558139534883723 0.09302325581395349 0.09302325581395349 0.046511627906976744 0.13953488372093023 0.13953488372093023 0.11627906976744186 72.92449571900829 70.422539 232.9738171333333 0.8832116788321168 0.0072992700729927005 0.10948905109489052 0.6046511627906976 0.11627906976744186 0.11627906976744186 0.06976744186046512 0.06976744186046512 0.023255813953488372 0.0 0.0 0.6774193548387096 0.1774193548387097 0.08870967741935484 0.024193548387096774 0.03225806451612903 wangcheng 5Сʱ_mousemovements
110.03759718749998 136.3968655 368.52245066666666 0 1090.439789 1047.7282255 860.213745 0 73.37795133333333 150.49491418181816 272.58653625000005 562.087377 291.5912438333334 322.60524 262.3959746 181.77061933333331 0.06976744186046512 0.2558139534883721 0.09302325581395349 0.11627906976744186 0.13953488372093023 0.06976744186046512 0.11627906976744186 0.13953488372093023 79.17712249107146 60.81861000000001 205.114907 0.9032258064516129 0.024193548387096774 0.07258064516129033 0.7441860465116279 0.046511627906976744 0.06976744186046512 0.0 0.046511627906976744 0.046511627906976744 0.046511627906976744 0.0 0.7008547008547008 0.15384615384615385 0.08547008547008547 0.05982905982905983 0.0 wangcheng 5Сʱ_mousemovements
92.45348643749998 410.49767283333335 521.6180416666667 362.466522 732.1326979999999 829.182739 2165.99292 0 28.51101425 272.3803182727273 916.960093 247.44926900000002 73.491461 154.00692060000003 349.84865375000004 103.3386639 0.08333333333333333 0.22916666666666666 0.125 0.10416666666666667 0.0625 0.10416666666666667 0.08333333333333333 0.20833333333333334 63.04454289999998 50.3293785 289.70866253333327 0.89171974522293 0.012738853503184714 0.09554140127388536 0.6666666666666666 0.125 0.0625 0.020833333333333332 0.08333333333333333 0.020833333333333332 0.020833333333333332 0.0 0.5273972602739726 0.2602739726027397 0.1095890410958904 0.0410958904109589 0.06164383561643835 wangcheng 5Сʱ_mousemovements
87.50492492857143 266.97269074999997 450.3394015 511.1762999999999 172.670197 778.4410399999999 0 0 139.58827175000002 188.21858733333337 642.5489732499999 125.420769 132.05846766666667 353.30255514285716 302.487213 97.73325580000001 0.14285714285714285 0.10714285714285714 0.14285714285714285 0.03571428571428571 0.10714285714285714 0.25 0.03571428571428571 0.17857142857142858 47.1844431728395 297.1797428 310.1762401428572 0.8709677419354839 0.053763440860215055 0.07526881720430108 0.5 0.14285714285714285 0.07142857142857142 0.17857142857142858 0.03571428571428571 0.07142857142857142 0.0 0.0 0.5238095238095238 0.17857142857142858 0.09523809523809523 0.15476190476190477 0.047619047619047616 wangcheng 5Сʱ_mousemovements
128.4595952105263 265.57942199999997 290.1290793333333 522.464417 706.417786 952.392395 2519.134766 0 367.2685405 202.439293 2519.134766 339.38324 107.90529662499999 212.63400100000004 319.3112225 53.3837355 0.13793103448275862 0.06896551724137931 0.034482758620689655 0.06896551724137931 0.27586206896551724 0.13793103448275862 0.20689655172413793 0.06896551724137931 43.074947275510205 41.16389833333333 371.9525540833333 0.8672566371681416 0.02654867256637168 0.10619469026548672 0.6551724137931034 0.10344827586206896 0.10344827586206896 0.034482758620689655 0.034482758620689655 0.034482758620689655 0.034482758620689655 0.0 0.5882352941176471 0.17647058823529413 0.11764705882352941 0.06862745098039216 0.049019607843137254 wangcheng 5Сʱ_mousemovements
129.66026144444442 272.39021833333334 714.856547 583.797974 879.620697 0 563.9375915 542.959595 267.2610055999999 185.9327358 377.7114396 116.075554 146.36102970000002 745.3639155000001 386.97303916666664 0 0.1282051282051282 0.2564102564102564 0.1282051282051282 0.02564102564102564 0.2564102564102564 0.05128205128205128 0.15384615384615385 0.0 59.13780250781247 101.697792 350.6381235 0.9343065693430657 0.0072992700729927005 0.058394160583941604 0.6923076923076923 0.07692307692307693 0.07692307692307693 0.02564102564102564 0.05128205128205128 0.0 0.05128205128205128 0.02564102564102564 0.608 0.216 0.104 0.04 0.032 wangcheng 5Сʱ_mousemovements
81.10216940540539 237.4759058571428 381.18825174999995 541.8708409999999 1165.266724 1083.0337220000001 1831.76123 536.039429 147.52273618181815 142.8347691333333 660.812583857143 193.46092779999998 147.181229 340.7060428888889 321.3458855833333 89.2849615 0.16417910447761194 0.22388059701492538 0.1044776119402985 0.07462686567164178 0.08955223880597014 0.13432835820895522 0.1791044776119403 0.029850746268656716 57.554880659898494 107.45942709090906 241.10307414999994 0.8640350877192983 0.04824561403508772 0.08771929824561403 0.5522388059701493 0.208955223880597 0.05970149253731343 0.1044776119402985 0.014925373134328358 0.029850746268656716 0.014925373134328358 0.014925373134328358 0.6203703703703703 0.19907407407407407 0.11574074074074074 0.032407407407407406 0.032407407407407406 wangcheng 5Сʱ_mousemovements
104.27972482051281 328.68661766666673 410.21494828571423 517.2226499999999 655.118408 649.157532 504.272095 0 217.03854691666663 112.13507919999999 500.31318416666676 413.624293 141.0198526 185.66532980000002 222.1601643846154 188.4848005714286 0.19672131147540983 0.16393442622950818 0.09836065573770492 0.04918032786885246 0.08196721311475409 0.08196721311475409 0.21311475409836064 0.11475409836065574 36.51777067878789 222.11043949999998 265.21511815384616 0.8461538461538461 0.020512820512820513 0.13333333333333333 0.639344262295082 0.09836065573770492 0.11475409836065574 0.08196721311475409 0.01639344262295082 0.01639344262295082 0.03278688524590164 0.0 0.6363636363636364 0.20855614973262032 0.0748663101604278 0.0427807486631016 0.0374331550802139 wangcheng 5Сʱ_mousemovements
0 0 0 0 0 0 0 0 0 0 0 0 0 0 0 0 0 0 0 0 0 0 0 0 0 0 0 0 0 0 0 0 0 0 0 0 0 0 0 0 0 0 0 wangcheng 5Сʱ_mousemovements
77.37166599999999 1175.0812685 252.50517649999998 0 0 0 0 0 1779.927979 98.080536 312.326569 0 41.488052 224.98191166666672 0 22.93578 0.1111111111111111 0.1111111111111111 0.2222222222222222 0.0 0.1111111111111111 0.3333333333333333 0.0 0.1111111111111111 118.0036994347826 66.390327 230.77790299999998 0.8846153846153846 0.038461538461538464 0.07692307692307693 0.5555555555555556 0.2222222222222222 0.2222222222222222 0.0 0.0 0.0 0.0 0.0 0.76 0.16 0.0 0.08 0.0 wangcheng 5Сʱ_mousemovements
122.45165606249996 263.849261 333.0310795 832.4874979999998 630.5693132499999 891.898621 513.9610140000001 0 135.53307225000003 196.90765929411768 394.81682036363634 375.9371953333334 220.59729399999998 327.1347231666667 240.31858611111113 1108.9904175 0.07407407407407407 0.3148148148148148 0.2037037037037037 0.05555555555555555 0.037037037037037035 0.1111111111111111 0.16666666666666666 0.037037037037037035 94.59258837857134 16.706356333333336 356.51608775000005 0.9271523178807947 0.019867549668874173 0.052980132450331126 0.5925925925925926 0.05555555555555555 0.1111111111111111 0.1111111111111111 0.07407407407407407 0.018518518518518517 0.037037037037037035 0.0 0.5766423357664233 0.23357664233576642 0.10218978102189781 0.058394160583941604 0.029197080291970802 wangcheng 5Сʱ_mousemovements
108.44863035999995 130.52168766666668 1645.993286 324.949074 2351.2832035 702.682678 0 0 0 96.29304729999998 766.5958146666666 265.55465560000005 69.716769 136.64972500000002 249.78269133333333 1040.6418680000002 0.0 0.29411764705882354 0.08823529411764706 0.14705882352941177 0.11764705882352941 0.058823529411764705 0.17647058823529413 0.11764705882352941 97.86312801010101 69.72474566666666 181.25948620000003 0.9252336448598131 0.028037383177570093 0.04672897196261682 0.7352941176470589 0.08823529411764706 0.029411764705882353 0.058823529411764705 0.058823529411764705 0.029411764705882353 0.0 0.0 0.6633663366336634 0.2079207920792079 0.09900990099009901 0.009900990099009901 0.019801980198019802 wangcheng 5Сʱ_mousemovements
150.93227197142858 449.31749216666657 602.9629263333334 513.7259369999999 578.5597536666667 503.402832 652.6705019999999 745.7088315 420.1543706666667 256.0181914666667 328.5180227142857 523.2171940000001 333.884837 438.06650800000006 283.6624229333333 322.5305875 0.0967741935483871 0.24193548387096775 0.11290322580645161 0.03225806451612903 0.11290322580645161 0.0967741935483871 0.24193548387096775 0.06451612903225806 90.60909679487177 14.8798508 375.530805625 0.8813559322033898 0.02824858757062147 0.0903954802259887 0.5645161290322581 0.0967741935483871 0.0967741935483871 0.0967741935483871 0.04838709677419355 0.03225806451612903 0.03225806451612903 0.03225806451612903 0.6369047619047619 0.20238095238095238 0.08333333333333333 0.05357142857142857 0.023809523809523808 wangcheng 5Сʱ_mousemovements
149.26164091891889 496.28780937500005 531.0468137500001 514.32369 563.742004 0 0 0 152.6236824615385 191.65843036363637 473.6038478571428 492.7990316666667 292.25045200000005 201.30139366666666 86.37205275 339.93933525000006 0.24528301886792453 0.20754716981132076 0.1320754716981132 0.05660377358490566 0.07547169811320754 0.05660377358490566 0.07547169811320754 0.1509433962264151 88.63631889473685 7.771869500000001 239.96367075 0.9300699300699301 0.013986013986013986 0.055944055944055944 0.6981132075471698 0.1509433962264151 0.07547169811320754 0.05660377358490566 0.018867924528301886 0.0 0.0 0.0 0.5373134328358209 0.3283582089552239 0.07462686567164178 0.05223880597014925 0.007462686567164179 wangcheng 5Сʱ_mousemovements
101.37325092857142 264.96262445454545 515.55814375 275.1482643333333 752.0256804999999 0 0 4740.325684 132.86571366666664 214.55621438461537 359.1436898571429 1651.4085619999998 125.51248300000002 279.07438074999993 183.70148509999996 88.30767500000002 0.11764705882352941 0.2549019607843137 0.13725490196078433 0.0784313725490196 0.058823529411764705 0.0784313725490196 0.19607843137254902 0.0784313725490196 119.23785406611574 55.26854455555556 243.99140433333335 0.8897058823529411 0.0661764705882353 0.04411764705882353 0.5490196078431373 0.21568627450980393 0.0784313725490196 0.058823529411764705 0.0784313725490196 0.0 0.0 0.0196078431372549 0.6 0.24 0.064 0.064 0.032 wangcheng 5Сʱ_mousemovements
156.60985670588235 363.76987469230767 624.8949886666666 1022.1822662500001 860.710144 886.8708955 366.143555 735.415588 220.63903886666677 198.44425387500002 516.8798622857145 368.7695551249999 293.61097433333333 549.1483259999999 458.693664625 395.0473482857142 0.2459016393442623 0.13114754098360656 0.11475409836065574 0.13114754098360656 0.04918032786885246 0.08196721311475409 0.13114754098360656 0.11475409836065574 123.21668074838712 0 346.9035547142857 0.9567901234567902 0.0 0.043209876543209874 0.5573770491803278 0.21311475409836064 0.04918032786885246 0.06557377049180328 0.01639344262295082 0.06557377049180328 0.01639344262295082 0.01639344262295082 0.4666666666666667 0.32666666666666666 0.11333333333333333 0.05333333333333334 0.04 wangcheng 5Сʱ_mousemovements
