101.43244368421055 323.72817225 744.5770265 548.9594166666667 0 639.7698244 948.6766665000001 0 242.5621916 307.60370933333337 480.39190233333335 410.06457925000007 181.40249250000002 674.2872745000002 240.72258299999993 129.238089 0.1282051282051282 0.15384615384615385 0.15384615384615385 0.10256410256410256 0.05128205128205128 0.10256410256410256 0.1282051282051282 0.1794871794871795 81.99305226595743 167.9425635 470.60445259999995 0.8867924528301887 0.018867924528301886 0.09433962264150944 0.48717948717948717 0.20512820512820512 0.05128205128205128 0.07692307692307693 0.0 0.1282051282051282 0.05128205128205128 0.0 0.6170212765957447 0.18085106382978725 0.0851063829787234 0.07446808510638298 0.0425531914893617 wangcheng 2Сʱ_mousemovements
111.3018582 295.6667025 1345.418823 0 0 0 0 0 0 0 295.6667025 0 0 283.815247 400.9821175000001 14.184397 0.0 0.0 0.25 0.0 0.0 0.125 0.5 0.125 91.15180064000002 12.856487 201.610016 0.9259259259259259 0.037037037037037035 0.037037037037037035 0.625 0.25 0.125 0.0 0.0 0.0 0.0 0.0 0.7272727272727273 0.09090909090909091 0.13636363636363635 0.0 0.045454545454545456 wangcheng 2Сʱ_mousemovements
83.51313269230769 493.80732700000004 0 0 0 0 1064.104492 0 1064.104492 54.475153 39.71495900000001 333.768524 0 94.280907 192.55791685714286 0 0.0625 0.25 0.125 0.0625 0.0 0.0625 0.4375 0.0 41.7156177605634 0 58.52700333333333 0.9594594594594594 0.0 0.04054054054054054 0.8125 0.125 0.0 0.0 0.0 0.0 0.0625 0.0 0.6557377049180327 0.14754098360655737 0.16393442622950818 0.03278688524590164 0.0 wangcheng 2Сʱ_mousemovements
103.21570884615386 0 0 384.464966 612.7966155 0 1198.222992 0 170.758453 735.8482056666666 769.488342 24.881567 0 647.601593 198.708878 75.74703922222221 0.05555555555555555 0.16666666666666666 0.05555555555555555 0.05555555555555555 0.0 0.1111111111111111 0.05555555555555555 0.5 85.31682156363635 0.0 93.69760142857142 0.873015873015873 0.015873015873015872 0.1111111111111111 0.7222222222222222 0.0 0.0 0.05555555555555555 0.1111111111111111 0.0 0.1111111111111111 0.0 0.6415094339622641 0.22641509433962265 0.07547169811320754 0.05660377358490566 0.0 wangcheng 2Сʱ_mousemovements
0 0 0 0 0 0 0 0 0 0 0 0 0 0 0 0 0 0 0 0 0 0 0 0 0 0 0 0 0 0 0 0 0 0 0 0 0 0 0 0 0 0 0 wangcheng 2Сʱ_mousemovements
0 0 0 0 0 0 0 0 0 0 0 0 0 0 0 0 0 0 0 0 0 0 0 0 0 0 0 0 0 0 0 0 0 0 0 0 0 0 0 0 0 0 0 wangcheng 2Сʱ_mousemovements
121.10180317647055 374.57309 269.168813 0 377.424591 966.3111269999999 0 0 25.959286 188.20542533333332 469.1385765 377.424591 170.43140400000001 177.31657800000002 162.96697871428572 305.421478 0.041666666666666664 0.25 0.16666666666666666 0.041666666666666664 0.08333333333333333 0.08333333333333333 0.2916666666666667 0.041666666666666664 88.1265568064516 0 87.010506 0.9841269841269841 0.0 0.015873015873015872 0.7083333333333334 0.041666666666666664 0.125 0.0 0.041666666666666664 0.08333333333333333 0.0 0.0 0.5384615384615384 0.17307692307692307 0.15384615384615385 0.07692307692307693 0.057692307692307696 wangcheng 2Сʱ_mousemovements
118.62895931818183 249.929947 481.398819 571.9795684 0 982.861084 0 0 71.40522760000002 100.67555122222221 121.45575350000001 272.3580875 225.050125 621.5009879999999 306.5445408571428 481.398819 0.14705882352941177 0.2647058823529412 0.058823529411764705 0.11764705882352941 0.029411764705882353 0.11764705882352941 0.20588235294117646 0.058823529411764705 95.6892610714286 0 94.30388175000002 0.9545454545454546 0.0 0.045454545454545456 0.6470588235294118 0.11764705882352941 0.058823529411764705 0.14705882352941177 0.0 0.029411764705882353 0.0 0.0 0.5512820512820513 0.24358974358974358 0.08974358974358974 0.08974358974358974 0.02564102564102564 wangcheng 2Сʱ_mousemovements
73.55637184615385 232.22781937500008 373.2684085 307.70746760000003 484.80007950000004 389.41099549999996 0 0 98.24315099999998 271.697567 142.0290795 287.75272566666666 124.11432572727276 161.08495225000001 261.66944300000006 186.6994133 0.10204081632653061 0.08163265306122448 0.04081632653061224 0.12244897959183673 0.22448979591836735 0.08163265306122448 0.14285714285714285 0.20408163265306123 44.08758889041095 10.638298 158.30177144444446 0.8848484848484849 0.006060606060606061 0.10909090909090909 0.5306122448979592 0.16326530612244897 0.12244897959183673 0.10204081632653061 0.04081632653061224 0.04081632653061224 0.0 0.0 0.5945945945945946 0.22297297297297297 0.07432432432432433 0.060810810810810814 0.0472972972972973 wangcheng 2Сʱ_mousemovements
92.02050553846155 302.51533125000003 356.2160797142857 513.2213859999999 819.019775 526.8587185 437.99719200000004 767.4293416666666 15.171371 179.06897275 493.80310533333335 578.8846233333333 94.40845499999999 253.62776755555558 377.09706266666666 353.742737 0.027777777777777776 0.1111111111111111 0.16666666666666666 0.08333333333333333 0.05555555555555555 0.25 0.25 0.05555555555555555 64.40473095121949 0 272.1309142 0.8913043478260869 0.0 0.10869565217391304 0.3611111111111111 0.1111111111111111 0.19444444444444445 0.1111111111111111 0.027777777777777776 0.05555555555555555 0.05555555555555555 0.08333333333333333 0.5901639344262295 0.19672131147540983 0.09836065573770492 0.040983606557377046 0.07377049180327869 wangcheng 2Сʱ_mousemovements
76.89862527777778 437.31987375 388.956899 644.8172915 336.154541 876.6422526666665 630.3717346666666 570.0317305000001 0 456.2906246666667 365.94758425 216.16146825 178.43831649999998 367.33294775 318.8710537 501.3484955 0.0 0.15 0.2 0.1 0.05 0.2 0.25 0.05 73.71937176190474 14.638297999999999 313.2667066666667 0.8811188811188811 0.013986013986013986 0.1048951048951049 0.45 0.1 0.075 0.1 0.025 0.075 0.075 0.1 0.6106870229007634 0.21374045801526717 0.0916030534351145 0.05343511450381679 0.030534351145038167 wangcheng 2Сʱ_mousemovements
126.69616066666669 490.161285 388.51010899999994 617.132019 1580.522339 1088.382731 1076.008301 576.225708 187.35356350000004 546.9066885000001 461.71299233333326 1249.2073059999998 490.161285 446.43835775 640.404012 74.289911 0.16 0.24 0.12 0.08 0.04 0.16 0.12 0.08 111.94859874358973 0 352.81238460000003 0.8863636363636364 0.0 0.11363636363636363 0.48 0.04 0.16 0.04 0.08 0.12 0.04 0.04 0.5875 0.25 0.0375 0.0375 0.0875 wangcheng 2Сʱ_mousemovements
155.38283311111113 465.104584 0 163.911804 567.422119 0 0 0 0 122.96877333333332 205.516907 0 0 341.42877375 313.0260775 14.346764 0.0 0.25 0.08333333333333333 0.0 0.0 0.3333333333333333 0.16666666666666666 0.16666666666666666 48.61944402000001 0 81.955902 0.9615384615384616 0.0 0.038461538461538464 0.75 0.08333333333333333 0.0 0.08333333333333333 0.08333333333333333 0.0 0.0 0.0 0.7560975609756098 0.14634146341463414 0.07317073170731707 0.024390243902439025 0.0 wangcheng 2Сʱ_mousemovements
149.25138588888888 0 368.11965949999995 0 1748.354614 0 0 0 270.136444 0 1107.2287445 0 55.66153 77.33001475 198.4390056666667 382.963867 0.08333333333333333 0.0 0.16666666666666666 0.0 0.08333333333333333 0.3333333333333333 0.25 0.08333333333333333 69.99373610204083 0 132.7211123333333 0.9423076923076923 0.0 0.057692307692307696 0.75 0.0 0.16666666666666666 0.0 0.08333333333333333 0.0 0.0 0.0 0.6341463414634146 0.1951219512195122 0.0975609756097561 0.04878048780487805 0.024390243902439025 wangcheng 2Сʱ_mousemovements
103.93001940000002 367.9751333333333 738.556519 672.736389 0 0 0 623.221008 0 255.32848925 278.801758 0 0 437.3578340000001 592.41333 16.129032 0.0 0.36363636363636365 0.09090909090909091 0.0 0.0 0.36363636363636365 0.09090909090909091 0.09090909090909091 87.91832432352942 4.0 330.43319299999996 0.8947368421052632 0.05263157894736842 0.05263157894736842 0.45454545454545453 0.2727272727272727 0.09090909090909091 0.09090909090909091 0.0 0.0 0.0 0.09090909090909091 0.6875 0.1875 0.09375 0.03125 0.0 wangcheng 2Сʱ_mousemovements
121.43506933333339 209.32408149999998 433.6166385 0 0 0 0 807.850098 247.3585585 400.60075 428.292725 0 45.742439749999996 438.940552 21.276596 209.32408149999998 0.14285714285714285 0.21428571428571427 0.07142857142857142 0.0 0.2857142857142857 0.07142857142857142 0.07142857142857142 0.14285714285714285 40.70452066666668 23.787958 393.8457245 0.8863636363636364 0.022727272727272728 0.09090909090909091 0.6428571428571429 0.14285714285714285 0.14285714285714285 0.0 0.0 0.0 0.0 0.07142857142857142 0.7 0.125 0.05 0.075 0.05 wangcheng 2Сʱ_mousemovements
142.0942275 0 497.770874 290.34082 0 0 0 1170.630493 296.453522 160.79541 1040.531738 0 355.518524 621.5554766666668 459.01178 0 0.1 0.2 0.1 0.0 0.2 0.3 0.1 0.0 30.55119323529412 11.313708 728.6474119999999 0.85 0.025 0.125 0.4 0.0 0.3 0.1 0.0 0.0 0.0 0.2 0.6176470588235294 0.17647058823529413 0.17647058823529413 0.029411764705882353 0.0 wangcheng 2Сʱ_mousemovements
115.07678787500001 235.664627 469.135071 1120.404297 0 543.622864 0 0 62.14920433333333 0 0 678.0344620000001 244.53079466666665 504.185669 249.7921595 79.10513033333334 0.14285714285714285 0.0 0.0 0.09523809523809523 0.14285714285714285 0.047619047619047616 0.2857142857142857 0.2857142857142857 55.1957079672131 63.829788 440.97011833333335 0.9384615384615385 0.015384615384615385 0.046153846153846156 0.7619047619047619 0.047619047619047616 0.047619047619047616 0.047619047619047616 0.0 0.09523809523809523 0.0 0.0 0.7254901960784313 0.13725490196078433 0.09803921568627451 0.0392156862745098 0.0 wangcheng 2Сʱ_mousemovements
89.771654 0 0 0 0 0 688.715698 0 30.089651 0 0 0 0 0 688.715698 119.6126555 0.25 0.0 0.0 0.0 0.0 0.0 0.25 0.5 16.832185125 0 688.715698 0.9411764705882353 0.0 0.058823529411764705 0.75 0.0 0.0 0.0 0.0 0.0 0.25 0.0 0.7692307692307693 0.07692307692307693 0.07692307692307693 0.0 0.07692307692307693 wangcheng 2Сʱ_mousemovements
0 0 0 0 0 0 0 0 0 0 0 0 0 0 0 0 0 0 0 0 0 0 0 0 0 0 0 0 0 0 0 0 0 0 0 0 0 0 0 0 0 0 0 wangcheng 2Сʱ_mousemovements
109.61085015789477 338.124121 313.582306 902.4821066666667 957.0181885000001 0 1186.6042785 0 241.68818766666664 180.13602209090914 662.7492323333333 985.0088703333332 155.0314255 0 558.363829 180.36157575000001 0.1875 0.34375 0.09375 0.09375 0.0625 0.0 0.09375 0.125 79.11928076190476 9.174312 307.2001695555556 0.9130434782608695 0.008695652173913044 0.0782608695652174 0.59375 0.15625 0.03125 0.09375 0.0625 0.0 0.0625 0.0 0.6355140186915887 0.22429906542056074 0.09345794392523364 0.009345794392523364 0.037383177570093455 wangcheng 2Сʱ_mousemovements
125.08279522222223 342.183807 842.607849 783.984985 952.53241 701.3863526666668 1026.221344 1088.053589 460.2987325 121.93336500000001 563.084396 676.539922 362.48610900000006 107.923431 765.0480043333333 755.958801 0.10526315789473684 0.10526315789473684 0.10526315789473684 0.15789473684210525 0.2631578947368421 0.05263157894736842 0.15789473684210525 0.05263157894736842 78.10088349122806 10.752688 603.6508119999999 0.8636363636363636 0.015151515151515152 0.12121212121212122 0.47368421052631576 0.05263157894736842 0.05263157894736842 0.05263157894736842 0.05263157894736842 0.15789473684210525 0.10526315789473684 0.05263157894736842 0.6290322580645161 0.12903225806451613 0.12903225806451613 0.0967741935483871 0.016129032258064516 wangcheng 2Сʱ_mousemovements
174.84448824999998 0 232.623886 1394.329346 0 0 713.302734 2397.297607 1228.6443886666666 18.181818 0 220.754501 412.09945749999997 136.542068 419.357239 7.142857 0.25 0.08333333333333333 0.0 0.08333333333333333 0.3333333333333333 0.08333333333333333 0.08333333333333333 0.08333333333333333 137.25576966666668 18.181818 196.15332549999997 0.8372093023255814 0.023255813953488372 0.13953488372093023 0.6666666666666666 0.0 0.08333333333333333 0.08333333333333333 0.0 0.0 0.08333333333333333 0.08333333333333333 0.7027027027027027 0.16216216216216217 0.0 0.05405405405405406 0.08108108108108109 wangcheng 2Сʱ_mousemovements
0 0 0 0 0 0 0 0 0 0 0 0 0 0 0 0 0 0 0 0 0 0 0 0 0 0 0 0 0 0 0 0 0 0 0 0 0 0 0 0 0 0 0 wangcheng 2Сʱ_mousemovements
108.618622 0 427.819305 0 0 0 0 0 0 0 0 108.618622 0 0 427.819305 0 0.0 0.0 0.0 0.5 0.0 0.0 0.5 0.0 12.068735777777778 0 427.819305 0.9 0.0 0.1 0.5 0.0 0.5 0.0 0.0 0.0 0.0 0.0 0.75 0.125 0.125 0.0 0.0 wangcheng 2Сʱ_mousemovements
124.74752516666668 0 0 0 0 0 1007.179626 0 511.57577 0 0 116.189724 31.25 196.512085 0 272.371704 0.2857142857142857 0.0 0.0 0.2857142857142857 0.14285714285714285 0.14285714285714285 0.0 0.14285714285714285 102.33487429411764 15.971914 0 0.9444444444444444 0.05555555555555555 0.0 0.8571428571428571 0.0 0.0 0.0 0.0 0.0 0.14285714285714285 0.0 0.8 0.06666666666666667 0.0 0.13333333333333333 0.0 wangcheng 2Сʱ_mousemovements
236.3287482 578.603638 933.937439 423.62973 0 0 0 0 0 16.0 413.637573 0 377.0473296 255.53183549999997 0 548.819153 0.0 0.07692307692307693 0.15384615384615385 0.0 0.38461538461538464 0.3076923076923077 0.0 0.07692307692307693 104.47459241463417 0 16.0 0.9761904761904762 0.0 0.023809523809523808 0.7692307692307693 0.07692307692307693 0.07692307692307693 0.07692307692307693 0.0 0.0 0.0 0.0 0.6216216216216216 0.2972972972972973 0.05405405405405406 0.0 0.02702702702702703 wangcheng 2Сʱ_mousemovements
0 0 0 0 0 0 0 0 0 0 0 0 0 0 0 0 0 0 0 0 0 0 0 0 0 0 0 0 0 0 0 0 0 0 0 0 0 0 0 0 0 0 0 wangcheng 2Сʱ_mousemovements
116.70164677777777 345.333508 0 614.605042 0 424.993774 0 0 110.89980466666667 69.855751 286.91782600000005 0 409.17769266666664 151.952515 374.39445466666666 51.410078 0.48 0.04 0.12 0.0 0.12 0.04 0.12 0.08 57.21254194666664 0 95.99255866666665 0.9259259259259259 0.0 0.07407407407407407 0.72 0.2 0.0 0.04 0.0 0.04 0.0 0.0 0.6266666666666667 0.21333333333333335 0.05333333333333334 0.09333333333333334 0.013333333333333334 wangcheng 2Сʱ_mousemovements
99.13324189655172 239.396431 392.49649050000005 1764.951004 741.269226 646.9537505 823.711548 925.8444824999999 195.70349057142855 537.4204275555556 1290.380005 149.05129771428574 167.7157882 542.3251515000001 86.582336 106.3171217142857 0.17073170731707318 0.21951219512195122 0.024390243902439025 0.17073170731707318 0.12195121951219512 0.0975609756097561 0.024390243902439025 0.17073170731707318 72.20855608547006 0.0 393.07280440000005 0.9140625 0.0078125 0.078125 0.7073170731707317 0.04878048780487805 0.04878048780487805 0.04878048780487805 0.024390243902439025 0.04878048780487805 0.024390243902439025 0.04878048780487805 0.6272727272727273 0.2 0.11818181818181818 0.045454545454545456 0.00909090909090909 wangcheng 2Сʱ_mousemovements
85.61797830434783 323.7958223333334 313.36065666666667 425.8405863333334 578.702871 615.3019003333333 0 0 25.346126666666663 274.62144511111103 766.7832033333333 289.4938688333334 110.47099500000002 176.6013687142857 228.323443 288.544502 0.14634146341463414 0.21951219512195122 0.07317073170731707 0.14634146341463414 0.12195121951219512 0.17073170731707318 0.07317073170731707 0.04878048780487805 65.16423372000001 0 174.0085847777778 0.9328358208955224 0.0 0.06716417910447761 0.5609756097560976 0.14634146341463414 0.07317073170731707 0.07317073170731707 0.07317073170731707 0.07317073170731707 0.0 0.0 0.603448275862069 0.20689655172413793 0.12931034482758622 0.04310344827586207 0.017241379310344827 wangcheng 2Сʱ_mousemovements
101.70027547368424 409.78808587500015 395.91975379999997 785.2806395 550.129211 1664.4397279999998 1123.954224 783.052917 193.54543349999997 244.8767805 516.07152575 459.5141346666666 255.68344722222218 738.3111826666664 0 417.55076800000006 0.15384615384615385 0.20512820512820512 0.10256410256410256 0.07692307692307693 0.23076923076923078 0.15384615384615385 0.0 0.07692307692307693 129.79955139603965 12.820513 203.45865328571432 0.926605504587156 0.009174311926605505 0.06422018348623854 0.48717948717948717 0.20512820512820512 0.1282051282051282 0.05128205128205128 0.02564102564102564 0.05128205128205128 0.02564102564102564 0.02564102564102564 0.6020408163265306 0.20408163265306123 0.08163265306122448 0.04081632653061224 0.07142857142857142 wangcheng 2Сʱ_mousemovements
65.98396595833331 326.4747536666667 605.55728125 608.0995383333333 985.985168 508.58432025 1098.357178 0 67.82949700000002 271.29230909999995 709.0596798333332 338.9049416666666 369.818787 215.79068024999995 449.2167102727272 245.19352399999994 0.14 0.2 0.12 0.12 0.02 0.08 0.22 0.1 69.74091265333334 280.16397400000005 420.4745327142858 0.9036144578313253 0.012048192771084338 0.08433734939759036 0.47058823529411764 0.17647058823529413 0.0784313725490196 0.11764705882352941 0.0196078431372549 0.0784313725490196 0.058823529411764705 0.0 0.6143790849673203 0.16339869281045752 0.12418300653594772 0.058823529411764705 0.0392156862745098 wangcheng 2Сʱ_mousemovements
103.35329348148146 314.3522185714285 532.1267038333334 896.6438292000003 429.184387 845.5273866000001 576.536423 578.499176 198.46824220000002 237.80550690909087 450.2746548571428 470.0753476666667 685.8621216666667 458.82017107692303 493.5710728333334 68.55012871428572 0.09090909090909091 0.2 0.12727272727272726 0.05454545454545454 0.05454545454545454 0.23636363636363636 0.10909090909090909 0.12727272727272726 68.79887406010928 216.83395099999998 304.43716833333315 0.8840579710144928 0.014492753623188406 0.10144927536231885 0.4909090909090909 0.12727272727272726 0.10909090909090909 0.09090909090909091 0.01818181818181818 0.09090909090909091 0.03636363636363636 0.03636363636363636 0.5876288659793815 0.19072164948453607 0.12371134020618557 0.05154639175257732 0.04639175257731959 wangcheng 2Сʱ_mousemovements
190.703522 244.67363749999998 0 499.286743 1220.1223755 714.02356 0 0 137.4356145 76.51147466666667 499.286743 227.222748 182.33544816666668 1311.742249 975.0565795 73.12995599999999 0.16 0.12 0.04 0.08 0.24 0.08 0.08 0.2 103.7487811666667 16.0 140.1785015 0.96 0.013333333333333334 0.02666666666666667 0.76 0.08 0.0 0.04 0.08 0.04 0.0 0.0 0.6527777777777778 0.2222222222222222 0.05555555555555555 0.041666666666666664 0.027777777777777776 wangcheng 2Сʱ_mousemovements
102.3898708918919 504.9828841428571 520.9195991428571 495.9887016666665 575.9357605 0 757.073639 1026.784363 195.2056797777778 265.2290422727272 422.244545 671.8086625000001 278.0418291818182 397.43259450000005 374.49959440000003 124.16738772727273 0.13636363636363635 0.16666666666666666 0.06060606060606061 0.09090909090909091 0.16666666666666666 0.06060606060606061 0.15151515151515152 0.16666666666666666 63.088702089887654 88.58862542857143 361.0138737391305 0.8557692307692307 0.03365384615384615 0.11057692307692307 0.5606060606060606 0.10606060606060606 0.10606060606060606 0.13636363636363635 0.030303030303030304 0.0 0.030303030303030304 0.030303030303030304 0.6082474226804123 0.23711340206185566 0.08247422680412371 0.05670103092783505 0.015463917525773196 wangcheng 2Сʱ_mousemovements
90.46771292000001 682.0107879999999 380.87422183333337 416.49266049999994 652.3583375 763.1968893333333 333.3939895 937.8120727500002 395.7822863333334 300.90858272727263 790.0985770000001 358.79857300000003 210.0526276666667 525.3386355 199.01267366666664 134.11734912499998 0.0625 0.22916666666666666 0.0625 0.125 0.0625 0.16666666666666666 0.125 0.16666666666666666 93.40421251181108 24.7847816 275.6034228666667 0.8639455782312925 0.034013605442176874 0.10204081632653061 0.5208333333333334 0.08333333333333333 0.125 0.041666666666666664 0.041666666666666664 0.0625 0.041666666666666664 0.08333333333333333 0.6589147286821705 0.16279069767441862 0.09302325581395349 0.07751937984496124 0.007751937984496124 wangcheng 2Сʱ_mousemovements
103.15130267647052 492.5392272 0 538.591782 437.100677 1677.5665895 760.312256 1011.6079867499998 104.31583666666667 194.12191779999998 696.435715 0 261.55202449999996 783.2793243999998 306.6613749999999 97.48521860000001 0.12 0.3 0.14 0.0 0.04 0.1 0.2 0.1 71.61862227631585 241.74609699999996 342.5032449285715 0.8994082840236687 0.01775147928994083 0.08284023668639054 0.68 0.1 0.0 0.04 0.02 0.04 0.04 0.08 0.6375 0.20625 0.0875 0.0375 0.03125 wangcheng 2Сʱ_mousemovements
90.59499168750001 251.92666225 791.2815756666668 482.30896 912.1706236666665 1053.047363 0 967.106812 85.46207233333332 204.60136924999998 628.4778996666666 504.24417099999994 214.34252666666666 417.04444399999994 616.4831801999999 262.88639466666666 0.1 0.26666666666666666 0.1 0.06666666666666667 0.1 0.1 0.16666666666666666 0.1 67.31190759340659 0 402.4519652727274 0.8921568627450981 0.0 0.10784313725490197 0.5333333333333333 0.13333333333333333 0.1 0.06666666666666667 0.1 0.03333333333333333 0.0 0.03333333333333333 0.6210526315789474 0.17894736842105263 0.08421052631578947 0.08421052631578947 0.031578947368421054 wangcheng 2Сʱ_mousemovements
79.07060882608694 420.4196228999999 607.9531948571429 552.6824955 899.9073179999999 621.498047 819.3650916666667 0 206.48127328571425 340.7798887647058 648.7528014 103.1578195 84.354 529.7552469999999 143.18701433333334 366.43170166666664 0.14583333333333334 0.3541666666666667 0.10416666666666667 0.041666666666666664 0.08333333333333333 0.14583333333333334 0.0625 0.0625 60.59156725757577 16.6194772 371.9127855 0.8301886792452831 0.031446540880503145 0.13836477987421383 0.4791666666666667 0.20833333333333334 0.14583333333333334 0.041666666666666664 0.041666666666666664 0.020833333333333332 0.0625 0.0 0.6862745098039216 0.19607843137254902 0.058823529411764705 0.0196078431372549 0.0392156862745098 wangcheng 2Сʱ_mousemovements
65.61365507407407 0 563.0139770000001 463.5184326666667 452.7940065 422.5461936666666 0 0 113.506615 224.3265144 288.5841332 60.179302 134.14980140000003 263.87329366666665 83.70272358333334 232.35896300000002 0.02702702702702703 0.13513513513513514 0.13513513513513514 0.02702702702702703 0.13513513513513514 0.16216216216216217 0.32432432432432434 0.05405405405405406 35.12492882727272 23.3008068 310.14154099999996 0.8943089430894309 0.04065040650406504 0.06504065040650407 0.7297297297297297 0.0 0.05405405405405406 0.08108108108108109 0.05405405405405406 0.08108108108108109 0.0 0.0 0.5688073394495413 0.29357798165137616 0.11009174311926606 0.01834862385321101 0.009174311926605505 wangcheng 2Сʱ_mousemovements
108.28321594999996 453.259327 231.8238755 660.2156778333333 748.4832455000001 586.9829405 1705.8751219999997 449.351196 853.006348 172.67510049999999 1040.2802522499996 339.1097536666667 149.2152155 337.72308175 262.3815281538461 133.18709833333332 0.025 0.1 0.2 0.075 0.1 0.1 0.325 0.075 103.4663746885246 194.64723320000002 380.67731262499996 0.9037037037037037 0.037037037037037035 0.05925925925925926 0.5 0.1 0.05 0.15 0.05 0.05 0.075 0.025 0.6557377049180327 0.13114754098360656 0.10655737704918032 0.06557377049180328 0.040983606557377046 wangcheng 2Сʱ_mousemovements
188.10980830769228 331.322398 560.315491 801.4495999999999 1219.479248 1245.203237 683.783203 0 324.351921 235.40329099999997 951.3250971428572 186.5838036 0 448.198222 434.979187 321.05973366666666 0.08 0.16 0.28 0.2 0.0 0.12 0.04 0.12 112.83605618965517 14.346764 764.5828530000001 0.8656716417910447 0.029850746268656716 0.1044776119402985 0.52 0.12 0.04 0.08 0.04 0.12 0.08 0.0 0.5645161290322581 0.24193548387096775 0.03225806451612903 0.12903225806451613 0.03225806451612903 wangcheng 2Сʱ_mousemovements
123.69588275000001 0 449.322021 356.221466 0 0 0 0 0 0 0 0 0 144.09451033333335 255.9110105 356.221466 0.0 0.0 0.0 0.0 0.0 0.5 0.3333333333333333 0.16666666666666666 44.957407238095236 0 356.221466 0.9545454545454546 0.0 0.045454545454545456 0.6666666666666666 0.0 0.16666666666666666 0.16666666666666666 0.0 0.0 0.0 0.0 0.7142857142857143 0.19047619047619047 0.047619047619047616 0.0 0.047619047619047616 wangcheng 2Сʱ_mousemovements
90.71949226666666 453.379211 359.893646 343.5817645 986.600891 1227.6336059999999 746.441711 1183.129028 46.463257 77.2070841 393.34742528571445 439.6020786666666 69.032257 1183.129028 87.28603333333335 35.313709 0.02564102564102564 0.2564102564102564 0.358974358974359 0.07692307692307693 0.07692307692307693 0.02564102564102564 0.15384615384615385 0.02564102564102564 46.48235459677421 47.352488599999994 449.110697875 0.9051094890510949 0.0364963503649635 0.058394160583941604 0.7692307692307693 0.02564102564102564 0.02564102564102564 0.05128205128205128 0.02564102564102564 0.05128205128205128 0.02564102564102564 0.02564102564102564 0.5230769230769231 0.3 0.06153846153846154 0.08461538461538462 0.03076923076923077 wangcheng 2Сʱ_mousemovements
144.3162976206897 485.06500859999994 536.2828202727272 880.39318825 816.997196375 598.735626 870.772481 0 252.3606388 293.06598949999994 630.2723847499999 815.2333375000001 335.6227456 198.33121257142852 591.121675 301.701034 0.08064516129032258 0.1935483870967742 0.12903225806451613 0.03225806451612903 0.08064516129032258 0.11290322580645161 0.27419354838709675 0.0967741935483871 107.15956957228912 400.151244 321.5222477222221 0.8691099476439791 0.03664921465968586 0.09424083769633508 0.46774193548387094 0.08064516129032258 0.1774193548387097 0.06451612903225806 0.12903225806451613 0.03225806451612903 0.04838709677419355 0.0 0.574585635359116 0.24861878453038674 0.08839779005524862 0.055248618784530384 0.03314917127071823 wangcheng 2Сʱ_mousemovements
96.64329735294116 346.0745729000001 497.77471271428567 648.428299 534.9533571999999 359.356567 1160.2726643333333 780.5961813333333 577.4322248333333 124.8243485 525.0805054 270.4921875 404.6694566 203.05280000000002 409.14953322727274 26.309219714285717 0.08695652173913043 0.17391304347826086 0.14492753623188406 0.028985507246376812 0.07246376811594203 0.07246376811594203 0.3188405797101449 0.10144927536231885 75.93242626630438 246.15502000000004 362.92242618750004 0.863849765258216 0.06103286384976526 0.07511737089201878 0.4927536231884058 0.14492753623188406 0.10144927536231885 0.08695652173913043 0.07246376811594203 0.014492753623188406 0.043478260869565216 0.043478260869565216 0.6403940886699507 0.13793103448275862 0.12315270935960591 0.04433497536945813 0.054187192118226604 wangcheng 2Сʱ_mousemovements
89.66972670588235 365.1965164000002 598.0286560000001 848.592346 1229.01005 655.90448 556.709106 3213.7180175000003 120.80083 493.7075591428571 148.42232249999998 138.14284899999998 114.11960950000001 487.90395842857146 753.5691037857142 97.9414538181818 0.05454545454545454 0.12727272727272726 0.10909090909090909 0.09090909090909091 0.03636363636363636 0.12727272727272726 0.2545454545454545 0.2 88.64383777595627 237.95142049999993 215.78308007142863 0.9014778325123153 0.029556650246305417 0.06896551724137931 0.6181818181818182 0.18181818181818182 0.05454545454545454 0.01818181818181818 0.05454545454545454 0.01818181818181818 0.01818181818181818 0.03636363636363636 0.649746192893401 0.2131979695431472 0.09644670050761421 0.03553299492385787 0.005076142131979695 wangcheng 2Сʱ_mousemovements
0 0 0 0 0 0 0 0 0 0 0 0 0 0 0 0 0 0 0 0 0 0 0 0 0 0 0 0 0 0 0 0 0 0 0 0 0 0 0 0 0 0 0 wangcheng 2Сʱ_mousemovements
0 0 0 0 0 0 0 0 0 0 0 0 0 0 0 0 0 0 0 0 0 0 0 0 0 0 0 0 0 0 0 0 0 0 0 0 0 0 0 0 0 0 0 wangcheng 2Сʱ_mousemovements
0 0 0 0 0 0 0 0 0 0 0 0 0 0 0 0 0 0 0 0 0 0 0 0 0 0 0 0 0 0 0 0 0 0 0 0 0 0 0 0 0 0 0 wangcheng 2Сʱ_mousemovements
0 0 0 0 0 0 0 0 0 0 0 0 0 0 0 0 0 0 0 0 0 0 0 0 0 0 0 0 0 0 0 0 0 0 0 0 0 0 0 0 0 0 0 wangcheng 2Сʱ_mousemovements
0 0 0 0 0 0 0 0 0 0 0 0 0 0 0 0 0 0 0 0 0 0 0 0 0 0 0 0 0 0 0 0 0 0 0 0 0 0 0 0 0 0 0 wangcheng 2Сʱ_mousemovements
0 0 0 0 0 0 0 0 0 0 0 0 0 0 0 0 0 0 0 0 0 0 0 0 0 0 0 0 0 0 0 0 0 0 0 0 0 0 0 0 0 0 0 wangcheng 2Сʱ_mousemovements
0 0 0 0 0 0 0 0 0 0 0 0 0 0 0 0 0 0 0 0 0 0 0 0 0 0 0 0 0 0 0 0 0 0 0 0 0 0 0 0 0 0 0 wangcheng 2Сʱ_mousemovements
0 0 0 0 0 0 0 0 0 0 0 0 0 0 0 0 0 0 0 0 0 0 0 0 0 0 0 0 0 0 0 0 0 0 0 0 0 0 0 0 0 0 0 wangcheng 2Сʱ_mousemovements
0 0 0 0 0 0 0 0 0 0 0 0 0 0 0 0 0 0 0 0 0 0 0 0 0.0 0 0 1.0 0.0 0.0 0 0 0 0 0 0 0 0 0.75 0.0 0.25 0.0 0.0 wangcheng 2Сʱ_mousemovements
141.92871775 0 0 0 0 0 0 511.881348 0 0 215.9192438 0 0 0 0 0 0.0 0.0 1.0 0.0 0.0 0.0 0.0 0.0 56.7714871 0 511.881348 0.9090909090909091 0.0 0.09090909090909091 0.8 0.0 0.0 0.0 0.0 0.0 0.0 0.2 0.6666666666666666 0.2222222222222222 0.1111111111111111 0.0 0.0 wangcheng 2Сʱ_mousemovements
0 0 0 0 0 0 0 0 0 0 0 0 0 0 0 0 0 0 0 0 0 0 0 0 0 0 0 0 0 0 0 0 0 0 0 0 0 0 0 0 0 0 0 wangcheng 2Сʱ_mousemovements
0 0 0 0 0 0 0 0 0 0 0 0 0 0 0 0 0 0 0 0 0 0 0 0 0 0 0 0 0 0 0 0 0 0 0 0 0 0 0 0 0 0 0 wangcheng 2Сʱ_mousemovements
