123.10277209523808 529.416247 612.3994343333334 337.66024025 542.5722047500001 1335.300659 852.96167 1204.9012754999999 631.463201 747.4486234999999 504.31426999999996 118.01769340000001 288.4762249 657.4561297142856 267.83330962499997 180.37807466666666 0.13953488372093023 0.046511627906976744 0.046511627906976744 0.11627906976744186 0.23255813953488372 0.16279069767441862 0.18604651162790697 0.06976744186046512 107.549867625 0 173.3119515 0.9066666666666666 0.0 0.09333333333333334 0.4883720930232558 0.13953488372093023 0.06976744186046512 0.09302325581395349 0.09302325581395349 0.046511627906976744 0.023255813953488372 0.046511627906976744 0.5984848484848485 0.16666666666666666 0.13636363636363635 0.06060606060606061 0.03787878787878788 wanghe 1Сʱ_mousemovements
116.40811020000001 520.021162846154 696.134023 842.03433225 681.451288 861.7390595 1919.4073486666666 1644.916028 333.5213284 958.1365983 537.1078416666666 401.1816316 351.55024862500005 790.2528246666666 491.8148557777778 943.3248393333333 0.09090909090909091 0.18181818181818182 0.10909090909090909 0.09090909090909091 0.14545454545454545 0.16363636363636364 0.16363636363636364 0.05454545454545454 170.10198974691352 0 358.9406544117647 0.9050279329608939 0.0 0.09497206703910614 0.36363636363636365 0.23636363636363636 0.05454545454545454 0.07272727272727272 0.09090909090909091 0.03636363636363636 0.05454545454545454 0.09090909090909091 0.5408805031446541 0.23270440251572327 0.14465408805031446 0.06289308176100629 0.018867924528301886 wanghe 1Сʱ_mousemovements
133.19934843396226 399.526904625 669.9313398571429 904.157141888889 621.919632 706.4279073333333 0 1121.7459103333333 815.1508586666667 370.0448618 449.72487230769235 267.34439244444445 168.2770205217392 797.0292989999999 254.231039076923 443.1179851111112 0.03260869565217391 0.16304347826086957 0.14130434782608695 0.09782608695652174 0.25 0.07608695652173914 0.14130434782608695 0.09782608695652174 101.34370338846155 481.54287833333325 200.5114922307693 0.8996539792387543 0.010380622837370242 0.08996539792387544 0.5698924731182796 0.17204301075268819 0.07526881720430108 0.0967741935483871 0.021505376344086023 0.03225806451612903 0.0 0.03225806451612903 0.5975609756097561 0.21544715447154472 0.10569105691056911 0.052845528455284556 0.028455284552845527 wanghe 1Сʱ_mousemovements
74.81542125 315.3198395 248.566132 0 962.5335085 1802.672607 0 0 704.63385 681.244629 26.4825915 180.48700314285716 0 109.83357649999999 83.7093065 544.53797825 0.03125 0.03125 0.0625 0.4375 0.0 0.0625 0.25 0.125 70.9784370860215 12.856487 104.826022 0.9489795918367347 0.01020408163265306 0.04081632653061224 0.75 0.125 0.03125 0.0 0.0625 0.03125 0.0 0.0 0.5822784810126582 0.21518987341772153 0.10126582278481013 0.05063291139240506 0.05063291139240506 wanghe 1Сʱ_mousemovements
0 0 0 0 0 0 0 0 0 0 0 0 0 0 0 0 0 0 0 0 0 0 0 0 0 0 0 0 0 0 0 0 0 0 0 0 0 0 0 0 0 0 0 wanghe 1Сʱ_mousemovements
179.25215487499995 308.83910271428573 746.662109 638.4167175 0 0 0 697.491272 490.3602256666666 380.423355 216.78349233333333 59.69265766666666 118.9724444 510.66851719999994 281.18167609999995 112.71826166666666 0.06818181818181818 0.09090909090909091 0.13636363636363635 0.06818181818181818 0.22727272727272727 0.11363636363636363 0.22727272727272727 0.06818181818181818 69.0521613 1023.302612 293.71851885714284 0.9375 0.0078125 0.0546875 0.7272727272727273 0.1590909090909091 0.045454545454545456 0.045454545454545456 0.0 0.0 0.0 0.022727272727272728 0.5607476635514018 0.2523364485981308 0.12149532710280374 0.028037383177570093 0.037383177570093455 wanghe 1Сʱ_mousemovements
216.7423468421052 379.5511855 0 0 491.09976199999994 845.6609699999999 0 0 371.55605833333334 423.42204879999997 264.4616578 77.877853 164.98498612499998 617.9313149999999 449.9511236666667 0 0.10714285714285714 0.17857142857142858 0.17857142857142858 0.03571428571428571 0.2857142857142857 0.10714285714285714 0.10714285714285714 0.0 102.05123145945944 0 320.7401276 0.9367088607594937 0.0 0.06329113924050633 0.6785714285714286 0.14285714285714285 0.0 0.0 0.07142857142857142 0.10714285714285714 0.0 0.0 0.5942028985507246 0.21739130434782608 0.10144927536231885 0.028985507246376812 0.057971014492753624 wanghe 1Сʱ_mousemovements
0 0 0 0 0 0 0 0 0 0 0 0 0 0 0 0 0 0 0 0 0 0 0 0 0 0 0 0 0 0 0 0 0 0 0 0 0 0 0 0 0 0 0 wanghe 1Сʱ_mousemovements
0 0 0 0 0 0 0 0 0 0 0 0 0 0 0 0 0 0 0 0 0 0 0 0 0 0 0 0 0 0 0 0 0 0 0 0 0 0 0 0 0 0 0 wanghe 1Сʱ_mousemovements
0 0 0 0 0 0 0 0 0 0 0 0 0 0 0 0 0 0 0 0 0 0 0 0 0 0 0 0 0 0 0 0 0 0 0 0 0 0 0 0 0 0 0 wanghe 1Сʱ_mousemovements
129.48525486666668 997.7573239999999 492.1346435 2607.931427 1697.9732463333332 604.6700135 0 0 1495.94301025 541.3956605 408.49170125 118.86712028571431 196.52497179999997 702.2003475 4682.922852 274.3020833333333 0.14285714285714285 0.07142857142857142 0.14285714285714285 0.25 0.17857142857142858 0.07142857142857142 0.03571428571428571 0.10714285714285714 201.94878344594594 0 496.248938 0.9367088607594937 0.0 0.06329113924050633 0.5357142857142857 0.07142857142857142 0.14285714285714285 0.07142857142857142 0.10714285714285714 0.07142857142857142 0.0 0.0 0.6461538461538462 0.13846153846153847 0.09230769230769231 0.06153846153846154 0.06153846153846154 wanghe 1Сʱ_mousemovements
58.565823 0 0 941.706055 1013.21582 0 0 0 941.706055 0 58.565823 0 0 1013.21582 0 0 0.3333333333333333 0.0 0.3333333333333333 0.0 0.0 0.3333333333333333 0.0 0.0 223.72085533333333 0 0.0 0.9 0.0 0.1 0.3333333333333333 0.0 0.0 0.3333333333333333 0.3333333333333333 0.0 0.0 0.0 0.6666666666666666 0.1111111111111111 0.2222222222222222 0.0 0.0 wanghe 1Сʱ_mousemovements
573.416341 0 0 1792.8449094999999 1221.884521 1755.748169 0 9994.706055 0 1551.59729 0 0 0 6116.4747315 156.25 1314.8167720000001 0.0 0.25 0.0 0.0 0.0 0.25 0.25 0.25 913.91387935 0 0 1.0 0.0 0.0 0.375 0.0 0.0 0.25 0.125 0.125 0.0 0.125 0.46153846153846156 0.38461538461538464 0.07692307692307693 0.0 0.07692307692307693 wanghe 1Сʱ_mousemovements
130.40529648 361.93555623076924 550.2565808571429 865.0726492857142 576.5279844999999 789.5356646666665 1116.26355 1132.057007 439.2313873 384.9533687647059 373.19925687500006 334.48467000000005 364.7575626315789 421.8035383846154 364.891727 253.77014718750002 0.09433962264150944 0.16037735849056603 0.07547169811320754 0.08490566037735849 0.1792452830188679 0.12264150943396226 0.1320754716981132 0.1509433962264151 102.43063436824325 0.0 264.37598954838717 0.9024390243902439 0.003048780487804878 0.09451219512195122 0.4716981132075472 0.24528301886792453 0.0660377358490566 0.0660377358490566 0.05660377358490566 0.05660377358490566 0.02830188679245283 0.009433962264150943 0.4334470989761092 0.2901023890784983 0.17747440273037543 0.08191126279863481 0.017064846416382253 wanghe 1Сʱ_mousemovements
97.60537572727272 251.43196849999998 628.2502949999999 661.581065 776.9268362857143 0 925.02671825 0 872.8348994999999 448.5599979999999 497.011219 475.0301 195.62251172727272 283.59382466666665 412.3122748571428 314.2535726666666 0.04878048780487805 0.12195121951219512 0.0975609756097561 0.14634146341463414 0.2682926829268293 0.07317073170731707 0.17073170731707318 0.07317073170731707 72.79050004587157 12.974437 481.94575425 0.8650793650793651 0.007936507936507936 0.12698412698412698 0.5365853658536586 0.04878048780487805 0.07317073170731707 0.07317073170731707 0.17073170731707318 0.0 0.0975609756097561 0.0 0.584070796460177 0.1504424778761062 0.11504424778761062 0.061946902654867256 0.08849557522123894 wanghe 1Сʱ_mousemovements
158.441276 409.72206116666666 430.91855899999996 645.5148317142857 629.94538875 647.075928 0 0 150.283821 334.3181941111111 322.712236 374.03523500000006 273.97245425 645.1370301999999 597.218994 345.5222842857143 0.07894736842105263 0.23684210526315788 0.13157894736842105 0.07894736842105263 0.10526315789473684 0.13157894736842105 0.05263157894736842 0.18421052631578946 106.54847323711341 85.85393499999999 442.16091650000004 0.8981481481481481 0.027777777777777776 0.07407407407407407 0.4473684210526316 0.15789473684210525 0.07894736842105263 0.18421052631578946 0.10526315789473684 0.02631578947368421 0.0 0.0 0.45054945054945056 0.2857142857142857 0.17582417582417584 0.04395604395604396 0.04395604395604396 wanghe 1Сʱ_mousemovements
227.73284399999997 386.499908 567.415649 0 1206.014282 0 0 910.179932 91.641945 384.658264 640.6639935000001 99.7975045 0 910.179932 125.0 435.66099149999997 0.07692307692307693 0.15384615384615385 0.15384615384615385 0.15384615384615385 0.0 0.07692307692307693 0.07692307692307693 0.3076923076923077 104.5053492857143 75.313705 462.23481233333337 0.8974358974358975 0.02564102564102564 0.07692307692307693 0.6923076923076923 0.07692307692307693 0.07692307692307693 0.0 0.07692307692307693 0.0 0.0 0.07692307692307693 0.65625 0.15625 0.125 0.0 0.0625 wanghe 1Сʱ_mousemovements
106.42546425 187.946213 996.639526 0 0 0 0 624.827454 0 416.3672893333334 0 0 0 373.824505 119.18208600000001 0 0.0 0.42857142857142855 0.0 0.0 0.0 0.2857142857142857 0.2857142857142857 0.0 49.964074720000006 0 246.5032955 0.8620689655172413 0.0 0.13793103448275862 0.5714285714285714 0.14285714285714285 0.14285714285714285 0.0 0.0 0.0 0.0 0.14285714285714285 0.5555555555555556 0.14814814814814814 0.1111111111111111 0.07407407407407407 0.1111111111111111 wanghe 1Сʱ_mousemovements
