185.793304 0 0 0 0 0 0 0 0 0 0 185.793304 0 0 0 0 0.0 0.0 0.0 1.0 0.0 0.0 0.0 0.0 92.896652 0 0 1.0 0.0 0.0 1.0 0.0 0.0 0.0 0.0 0.0 0.0 0.0 0.0 1.0 0.0 0.0 0.0 renqiuchen 8Сʱ_mousemovements
0 0 0 0 0 0 0 0 0 0 0 0 0 0 0 0 0 0 0 0 0 0 0 0 0 0 0 0 0 0 0 0 0 0 0 0 0 0 0 0 0 0 0 renqiuchen 8Сʱ_mousemovements
0 0 0 0 0 0 0 0 0 0 0 0 0 0 0 0 0 0 0 0 0 0 0 0 0 0 0 0 0 0 0 0 0 0 0 0 0 0 0 0 0 0 0 renqiuchen 8Сʱ_mousemovements
0 0 0 0 0 0 0 0 0 0 0 0 0 0 0 0 0 0 0 0 0 0 0 0 0 0 0 0 0 0 0 0 0 0 0 0 0 0 0 0 0 0 0 renqiuchen 8Сʱ_mousemovements
0 0 0 0 0 0 0 0 0 0 0 0 0 0 0 0 0 0 0 0 0 0 0 0 0 0 0 0 0 0 0 0 0 0 0 0 0 0 0 0 0 0 0 renqiuchen 8Сʱ_mousemovements
0 0 0 0 0 0 0 0 0 0 0 0 0 0 0 0 0 0 0 0 0 0 0 0 0 0 0 0 0 0 0 0 0 0 0 0 0 0 0 0 0 0 0 renqiuchen 8Сʱ_mousemovements
0 0 0 0 0 0 0 0 0 0 0 0 0 0 0 0 0 0 0 0 0 0 0 0 0 0 0 0 0 0 0 0 0 0 0 0 0 0 0 0 0 0 0 renqiuchen 8Сʱ_mousemovements
0 0 0 0 0 0 0 0 0 0 0 0 0 0 0 0 0 0 0 0 0 0 0 0 0 0 0 0 0 0 0 0 0 0 0 0 0 0 0 0 0 0 0 renqiuchen 8Сʱ_mousemovements
0 0 0 0 0 0 0 0 0 0 0 0 0 0 0 0 0 0 0 0 0 0 0 0 0 0 0 0 0 0 0 0 0 0 0 0 0 0 0 0 0 0 0 renqiuchen 8Сʱ_mousemovements
0 0 0 0 0 0 0 0 0 0 0 0 0 0 0 0 0 0 0 0 0 0 0 0 0 0 0 0 0 0 0 0 0 0 0 0 0 0 0 0 0 0 0 renqiuchen 8Сʱ_mousemovements
0 0 0 0 0 0 0 0 0 0 0 0 0 0 0 0 0 0 0 0 0 0 0 0 0 0 0 0 0 0 0 0 0 0 0 0 0 0 0 0 0 0 0 renqiuchen 8Сʱ_mousemovements
0 0 0 0 0 0 0 0 0 0 0 0 0 0 0 0 0 0 0 0 0 0 0 0 0 0 0 0 0 0 0 0 0 0 0 0 0 0 0 0 0 0 0 renqiuchen 8Сʱ_mousemovements
0 0 0 0 0 0 0 0 0 0 0 0 0 0 0 0 0 0 0 0 0 0 0 0 0 0 0 0 0 0 0 0 0 0 0 0 0 0 0 0 0 0 0 renqiuchen 8Сʱ_mousemovements
0 0 0 0 0 0 0 0 0 0 0 0 0 0 0 0 0 0 0 0 0 0 0 0 0 0 0 0 0 0 0 0 0 0 0 0 0 0 0 0 0 0 0 renqiuchen 8Сʱ_mousemovements
0 0 0 0 0 0 0 0 0 0 0 0 0 0 0 0 0 0 0 0 0 0 0 0 0 0 0 0 0 0 0 0 0 0 0 0 0 0 0 0 0 0 0 renqiuchen 8Сʱ_mousemovements
0 0 0 0 0 0 0 0 0 0 0 0 0 0 0 0 0 0 0 0 0 0 0 0 0 0 0 0 0 0 0 0 0 0 0 0 0 0 0 0 0 0 0 renqiuchen 8Сʱ_mousemovements
326.950348 315.168396 0 721.815796 0 0 0 0 524.383072 315.168396 0 0 0 0 0 0 0.6666666666666666 0.3333333333333333 0.0 0.0 0.0 0.0 0.0 0.0 227.32242333333332 0 0 1.0 0.0 0.0 0.3333333333333333 0.3333333333333333 0.0 0.3333333333333333 0.0 0.0 0.0 0.0 0.2 0.4 0.4 0.0 0.0 renqiuchen 8Сʱ_mousemovements
32.917381 919.522217 0 1444.838257 981.460632 0 0 0 0 919.522217 0 507.1890065 0 0 1444.838257 0 0.0 0.25 0.0 0.5 0.0 0.0 0.25 0.0 257.37085430769235 0 32.917381 0.9285714285714286 0.0 0.07142857142857142 0.25 0.25 0.0 0.25 0.25 0.0 0.0 0.0 0.4166666666666667 0.3333333333333333 0.25 0.0 0.0 renqiuchen 8Сʱ_mousemovements
0 0 0 0 0 0 0 0 0 0 0 0 0 0 0 0 0 0 0 0 0 0 0 0 0 0 0 0 0 0 0 0 0 0 0 0 0 0 0 0 0 0 0 renqiuchen 8Сʱ_mousemovements
161.290329 0 0 0 0 0 0 0 0 0 0 0 0 0 0 161.290329 0.0 0.0 0.0 0.0 0.0 0.0 0.0 1.0 80.6451645 0 0 1.0 0.0 0.0 1.0 0.0 0.0 0.0 0.0 0.0 0.0 0.0 1.0 0.0 0.0 0.0 0.0 renqiuchen 8Сʱ_mousemovements
184.9049715 302.97345 465.157806 410.289856 0 2314.581299 767.226257 1076.177368 0 113.63699266666667 0 560.754383 410.289856 0 0 1540.9037779999999 0.0 0.3 0.0 0.4 0.1 0.0 0.0 0.2 179.77195445161294 465.157806 18.968764 0.9117647058823529 0.029411764705882353 0.058823529411764705 0.4 0.1 0.1 0.1 0.0 0.1 0.1 0.1 0.42424242424242425 0.36363636363636365 0.12121212121212122 0.030303030303030304 0.06060606060606061 renqiuchen 8Сʱ_mousemovements
221.056076 0 0 311.218109 0 0 0 0 0 0 221.056076 0 0 311.218109 0 0 0.0 0.0 0.5 0.0 0.0 0.5 0.0 0.0 36.84267933333333 0 311.218109 0.8571428571428571 0.0 0.14285714285714285 0.5 0.0 0.0 0.5 0.0 0.0 0.0 0.0 1.0 0.0 0.0 0.0 0.0 renqiuchen 8Сʱ_mousemovements
60.03351166666666 0 360.130432 0 1321.703247 0 0 0 0 14.234876 1321.703247 0 0 0 251.302139 23.391813 0.0 0.2 0.2 0.0 0.0 0.0 0.4 0.2 115.481208625 0 14.234876 0.9411764705882353 0.0 0.058823529411764705 0.6 0.0 0.2 0.0 0.2 0.0 0.0 0.0 0.6666666666666666 0.2 0.06666666666666667 0.06666666666666667 0.0 renqiuchen 8Сʱ_mousemovements
0 0 0 0 0 0 0 0 0 0 0 0 0 0 0 0 0 0 0 0 0 0 0 0 0 0 0 0 0 0 0 0 0 0 0 0 0 0 0 0 0 0 0 renqiuchen 8Сʱ_mousemovements
0 0 0 0 0 0 0 0 0 0 0 0 0 0 0 0 0 0 0 0 0 0 0 0 0 0 0 0 0 0 0 0 0 0 0 0 0 0 0 0 0 0 0 renqiuchen 8Сʱ_mousemovements
0 0 0 0 0 0 0 0 0 0 0 0 0 0 0 0 0 0 0 0 0 0 0 0 0 0 0 0 0 0 0 0 0 0 0 0 0 0 0 0 0 0 0 renqiuchen 8Сʱ_mousemovements
0 0 0 0 0 0 0 0 0 0 0 0 0 0 0 0 0 0 0 0 0 0 0 0 0 0 0 0 0 0 0 0 0 0 0 0 0 0 0 0 0 0 0 renqiuchen 8Сʱ_mousemovements
0 237.043884 0 0 0 0 0 0 0 0 0 237.043884 0 0 0 0 0.0 0.0 0.0 1.0 0.0 0.0 0.0 0.0 0.0 0 237.043884 0.8333333333333334 0.0 0.16666666666666666 0.0 1.0 0.0 0.0 0.0 0.0 0.0 0.0 0.8 0.0 0.0 0.2 0.0 renqiuchen 8Сʱ_mousemovements
0 0 0 0 0 0 0 0 0 0 0 0 0 0 0 0 0 0 0 0 0 0 0 0 0 0 0 0 0 0 0 0 0 0 0 0 0 0 0 0 0 0 0 renqiuchen 8Сʱ_mousemovements
0 0 0 0 0 0 0 0 0 0 0 0 0 0 0 0 0 0 0 0 0 0 0 0 0 0 0 0 0 0 0 0 0 0 0 0 0 0 0 0 0 0 0 renqiuchen 8Сʱ_mousemovements
0 0 0 2001.074951 0 523.799316 0 0 2001.074951 0 0 0 0 523.799316 0 0 0.5 0.0 0.0 0.0 0.0 0.5 0.0 0.0 285.86785014285715 0 523.799316 0.875 0.0 0.125 0.0 0.0 0.0 0.5 0.0 0.5 0.0 0.0 0.6 0.4 0.0 0.0 0.0 renqiuchen 8Сʱ_mousemovements
220.566449 139.73514533333335 696.6427 0 0 0 1235.714844 2240.958893 3501.190186 355.96475200000003 0 156.7295835 419.4851606666667 0 417.543915 688.8850025 0.08333333333333333 0.25 0.0 0.16666666666666666 0.25 0.0 0.08333333333333333 0.16666666666666666 170.81544213157895 0 481.7754033333334 0.926829268292683 0.0 0.07317073170731707 0.4166666666666667 0.25 0.08333333333333333 0.0 0.0 0.0 0.08333333333333333 0.16666666666666666 0.5882352941176471 0.20588235294117646 0.058823529411764705 0.029411764705882353 0.11764705882352941 renqiuchen 8Сʱ_mousemovements
82.2085283 310.69679299999996 786.898621 0 0 0 0 0 0 0 0 0 149.11186974999998 153.547882 180.81315399999997 197.7516025 0.0 0.0 0.0 0.0 0.3076923076923077 0.07692307692307693 0.46153846153846156 0.15384615384615385 74.34591633333334 0 0 1.0 0.0 0.0 0.7692307692307693 0.15384615384615385 0.07692307692307693 0.0 0.0 0.0 0.0 0.0 0.5357142857142857 0.2857142857142857 0.17857142857142858 0.0 0.0 renqiuchen 8Сʱ_mousemovements
63.9139972 0 429.254425 520.733582 564.646423 541.574768 380.569672 0 70.294862 0 263.645935 474.99400349999996 0 541.574768 564.646423 16.129032 0.2 0.0 0.2 0.2 0.0 0.1 0.1 0.2 63.57267460714286 380.569672 297.87214750000004 0.9032258064516129 0.03225806451612903 0.06451612903225806 0.5 0.0 0.1 0.1 0.1 0.1 0.1 0.0 0.5 0.32142857142857145 0.07142857142857142 0.07142857142857142 0.03571428571428571 renqiuchen 8Сʱ_mousemovements
162.581114 309.8328515 765.4430436666667 735.13652025 566.697876 3334.070801 916.507935 2265.630127 208.565 282.91456224999996 740.12864675 0 107.801418 269.017697 1050.0413086666667 2265.630127 0.15384615384615385 0.15384615384615385 0.15384615384615385 0.0 0.07692307692307693 0.19230769230769232 0.23076923076923078 0.038461538461538464 196.71650623287672 0 173.17429525 0.948051948051948 0.0 0.05194805194805195 0.5 0.07692307692307693 0.11538461538461539 0.15384615384615385 0.038461538461538464 0.038461538461538464 0.038461538461538464 0.038461538461538464 0.5 0.2777777777777778 0.125 0.05555555555555555 0.041666666666666664 renqiuchen 8Сʱ_mousemovements
192.2512813333334 584.3735198 375.152466 247.619171 958.3957316666666 0 494.387405 0 170.41979225 325.35311425 207.85447566666667 705.4554135000001 354.8289466 420.8373005 385.4439683333333 465.35266133333334 0.13333333333333333 0.13333333333333333 0.1 0.06666666666666667 0.16666666666666666 0.2 0.1 0.1 140.48428076712327 47.630557 235.440069 0.9358974358974359 0.038461538461538464 0.02564102564102564 0.6 0.16666666666666666 0.03333333333333333 0.03333333333333333 0.1 0.0 0.06666666666666667 0.0 0.5074626865671642 0.31343283582089554 0.1044776119402985 0.05970149253731343 0.014925373134328358 renqiuchen 8Сʱ_mousemovements
202.66025072727277 242.718155 717.9533994999999 369.82539399999996 0 0 0 1869.389404 0 485.037445 598.491821 326.390396 95.94552300000001 182.699178 809.2160236666667 473.69671633333337 0.0 0.058823529411764705 0.058823529411764705 0.11764705882352941 0.23529411764705882 0.17647058823529413 0.17647058823529413 0.17647058823529413 144.67673690697674 0 147.9141085 0.9555555555555556 0.0 0.044444444444444446 0.6470588235294118 0.058823529411764705 0.11764705882352941 0.11764705882352941 0.0 0.0 0.0 0.058823529411764705 0.3684210526315789 0.39473684210526316 0.13157894736842105 0.05263157894736842 0.05263157894736842 renqiuchen 8Сʱ_mousemovements
177.5123532 660.1074525 499.916107 403.078461 959.736389 4651.2485965000005 962.598938 0 395.148865 4306.884552 438.37541200000004 733.9663694999999 522.17465225 110.928978 261.5383646 431.714874 0.1 0.1 0.15 0.1 0.2 0.05 0.25 0.05 284.21944214545454 96.167984 397.922791 0.9649122807017544 0.017543859649122806 0.017543859649122806 0.5 0.1 0.1 0.1 0.05 0.1 0.05 0.0 0.6153846153846154 0.23076923076923078 0.057692307692307696 0.038461538461538464 0.057692307692307696 renqiuchen 8Сʱ_mousemovements
111.00328574999999 174.880493 0 685.69493875 1023.206604 0 333.26123 1579.143311 65.48255350000001 450.78857450000004 266.27594650000003 268.712196 86.72525800000001 564.913681 731.4099986666666 163.017929 0.09523809523809523 0.19047619047619047 0.19047619047619047 0.09523809523809523 0.09523809523809523 0.09523809523809523 0.14285714285714285 0.09523809523809523 86.95952675438596 936.827759 293.3341062 0.9047619047619048 0.015873015873015872 0.07936507936507936 0.5714285714285714 0.09523809523809523 0.0 0.19047619047619047 0.047619047619047616 0.0 0.047619047619047616 0.047619047619047616 0.6481481481481481 0.18518518518518517 0.1111111111111111 0.037037037037037035 0.018518518518518517 renqiuchen 8Сʱ_mousemovements
182.7897015 1169.4485232000002 906.1989135 739.556213 469.19177249999996 0 0 0 616.4559785 165.252396 1404.755534 1161.879883 177.414631 350.8616445 569.798851 739.556213 0.1111111111111111 0.1111111111111111 0.16666666666666666 0.05555555555555555 0.2222222222222222 0.1111111111111111 0.16666666666666666 0.05555555555555555 222.24433899999997 468.397766 165.252396 0.9375 0.020833333333333332 0.041666666666666664 0.4444444444444444 0.2777777777777778 0.1111111111111111 0.05555555555555555 0.1111111111111111 0.0 0.0 0.0 0.4318181818181818 0.3181818181818182 0.13636363636363635 0.045454545454545456 0.06818181818181818 renqiuchen 8Сʱ_mousemovements
134.7589822666667 527.1987730000001 456.889801 447.6104735 686.38962575 0 0 0 0 407.23003250000005 743.1947785 214.66679775 98.164795 404.72186283333343 150.024783 229.99700666666664 0.0 0.2222222222222222 0.07407407407407407 0.14814814814814814 0.037037037037037035 0.2222222222222222 0.18518518518518517 0.1111111111111111 116.96352246969695 178.73054233333332 166.42124666666666 0.9166666666666666 0.041666666666666664 0.041666666666666664 0.5555555555555556 0.18518518518518517 0.037037037037037035 0.07407407407407407 0.14814814814814814 0.0 0.0 0.0 0.5735294117647058 0.19117647058823528 0.10294117647058823 0.04411764705882353 0.08823529411764706 renqiuchen 8Сʱ_mousemovements
107.29911946153848 536.2397460000001 920.8148500000001 1238.80307 0 0 0 919.11615 74.9676845 128.00819033333332 1032.403499 133.368718625 282.8920083333333 183.9523308 259.7431252 181.89567375 0.05714285714285714 0.08571428571428572 0.14285714285714285 0.22857142857142856 0.08571428571428572 0.14285714285714285 0.14285714285714285 0.11428571428571428 108.17632686206895 42.5255425 488.11028849999997 0.9354838709677419 0.043010752688172046 0.021505376344086023 0.7428571428571429 0.08571428571428572 0.08571428571428572 0.05714285714285714 0.0 0.0 0.0 0.02857142857142857 0.550561797752809 0.25842696629213485 0.07865168539325842 0.02247191011235955 0.0898876404494382 renqiuchen 8Сʱ_mousemovements
174.3343945384615 224.035309 1298.314499 0 986.614685 461.324646 1789.833862 0 0 274.205663 1173.2111333333335 0 210.47179916666664 258.3044816666667 997.7359769999999 124.948284 0.0 0.15 0.15 0.0 0.3 0.15 0.15 0.1 208.1541925434783 0 24.0031355 0.9583333333333334 0.0 0.041666666666666664 0.65 0.05 0.15 0.0 0.05 0.05 0.05 0.0 0.3783783783783784 0.40540540540540543 0.10810810810810811 0.05405405405405406 0.05405405405405406 renqiuchen 8Сʱ_mousemovements
244.3922701818182 274.3793882 651.6030223333333 0 0 247.558182 0 689.32782 0 302.3644613333333 456.80279283333334 206.4109265 236.2075805 109.504333 473.11886225 138.92668166666667 0.0 0.14285714285714285 0.2857142857142857 0.09523809523809523 0.09523809523809523 0.047619047619047616 0.19047619047619047 0.14285714285714285 116.64307556363636 170.438705 183.04956049999998 0.9482758620689655 0.017241379310344827 0.034482758620689655 0.5238095238095238 0.23809523809523808 0.14285714285714285 0.0 0.0 0.047619047619047616 0.0 0.047619047619047616 0.46 0.32 0.16 0.04 0.02 renqiuchen 8Сʱ_mousemovements
155.64349143750005 645.3165433333334 534.8949036 547.0260925 0 0 0 0 0 129.6740265 460.6638985 671.766159 99.24040250000002 398.496948 357.0723938 259.633748 0.0 0.07692307692307693 0.15384615384615385 0.11538461538461539 0.23076923076923078 0.038461538461538464 0.19230769230769232 0.19230769230769232 124.089821125 240.94635 12.077294 0.9696969696969697 0.015151515151515152 0.015151515151515152 0.6153846153846154 0.11538461538461539 0.19230769230769232 0.07692307692307693 0.0 0.0 0.0 0.0 0.5409836065573771 0.22950819672131148 0.09836065573770492 0.09836065573770492 0.03278688524590164 renqiuchen 8Сʱ_mousemovements
122.19199694444445 267.2322995 577.666046 0 0 0 0 0 174.2945146666667 139.7385805 57.545624 165.2829238 102.02649666666666 386.9574965 300.16217 181.09929133333335 0.13636363636363635 0.18181818181818182 0.045454545454545456 0.22727272727272727 0.13636363636363635 0.09090909090909091 0.045454545454545456 0.13636363636363635 74.23424107692307 0 29.0721 0.9811320754716981 0.0 0.018867924528301886 0.8181818181818182 0.09090909090909091 0.09090909090909091 0.0 0.0 0.0 0.0 0.0 0.4791666666666667 0.3125 0.10416666666666667 0.0625 0.041666666666666664 renqiuchen 8Сʱ_mousemovements
130.66254925 593.5517018333333 2283.077148 1192.338623 638.2246703333334 883.559143 808.617859 0 592.4277953333334 0 1271.4588924999998 377.6000387142857 399.5663295 123.470421 484.295002 380.80961080000003 0.12 0.0 0.08 0.28 0.08 0.04 0.2 0.2 163.63985159374997 0 434.644271 0.9411764705882353 0.0 0.058823529411764705 0.48 0.24 0.04 0.04 0.12 0.04 0.04 0.0 0.5151515151515151 0.22727272727272727 0.13636363636363635 0.06060606060606061 0.06060606060606061 renqiuchen 8Сʱ_mousemovements
226.18386971428572 264.5475465 526.66098 1462.450806 0 548.3237915 0 836.364258 419.805664 137.367264 499.0058016 423.58908385714284 228.592148 172.545105 147.46011850000002 529.60835275 0.041666666666666664 0.08333333333333333 0.20833333333333334 0.2916666666666667 0.08333333333333333 0.041666666666666664 0.08333333333333333 0.16666666666666666 135.38071762068964 428.978333 458.35794050000004 0.9508196721311475 0.01639344262295082 0.03278688524590164 0.5833333333333334 0.08333333333333333 0.16666666666666666 0.041666666666666664 0.0 0.08333333333333333 0.0 0.041666666666666664 0.4909090909090909 0.23636363636363636 0.2 0.01818181818181818 0.05454545454545454 renqiuchen 8Сʱ_mousemovements
132.0236094 309.18284625 964.185852 401.27754200000004 0 0 1794.1929116666668 0 1515.0797626666665 352.08877259999997 220.907272 231.20426200000003 228.96917842857144 297.638077 234.4675032 315.367213 0.10344827586206896 0.1724137931034483 0.034482758620689655 0.06896551724137931 0.2413793103448276 0.10344827586206896 0.1724137931034483 0.10344827586206896 165.16177347058826 0 186.067993 0.9714285714285714 0.0 0.02857142857142857 0.5172413793103449 0.27586206896551724 0.034482758620689655 0.06896551724137931 0.0 0.0 0.10344827586206896 0.0 0.49206349206349204 0.23809523809523808 0.1111111111111111 0.1111111111111111 0.047619047619047616 renqiuchen 8Сʱ_mousemovements
135.6782386923077 366.3477173333334 514.089101 461.8708495 0 1833.528442 1054.074341 5001.127441 1261.149597 170.6615675 328.5483653333333 292.82290133333333 290.39062 246.22993333333332 329.092121 2530.127485 0.08333333333333333 0.08333333333333333 0.125 0.125 0.2916666666666667 0.125 0.08333333333333333 0.08333333333333333 214.74212255737706 0 39.443335 0.953125 0.0 0.046875 0.5416666666666666 0.125 0.125 0.08333333333333333 0.0 0.041666666666666664 0.041666666666666664 0.041666666666666664 0.4915254237288136 0.3389830508474576 0.1016949152542373 0.03389830508474576 0.03389830508474576 renqiuchen 8Сʱ_mousemovements
192.99621138095236 304.621142 526.0270390000001 474.5121305 0 654.00354 0 0 3.771236 321.8134256666667 322.20473733333336 416.433529 289.846607 290.7335236 230.84365155555557 81.2630255 0.034482758620689655 0.10344827586206896 0.10344827586206896 0.06896551724137931 0.13793103448275862 0.1724137931034483 0.3103448275862069 0.06896551724137931 86.76236546511628 0 26.71705233333333 0.9347826086956522 0.0 0.06521739130434782 0.7241379310344828 0.10344827586206896 0.06896551724137931 0.06896551724137931 0.0 0.034482758620689655 0.0 0.0 0.6071428571428571 0.2261904761904762 0.05952380952380952 0.08333333333333333 0.023809523809523808 renqiuchen 8Сʱ_mousemovements
123.89497121428573 469.2455243333333 249.78717 783.029846 1997.991821 0 3346.915039 505.734589 1336.1796448 252.25408575 230.3522035 25.876834000000002 309.318909 584.2029976666666 115.08729033333334 128.644971 0.2 0.16 0.08 0.08 0.08 0.12 0.12 0.16 121.24351073863636 0 95.50403287500001 0.9166666666666666 0.0 0.08333333333333333 0.56 0.24 0.04 0.04 0.04 0.0 0.04 0.04 0.5581395348837209 0.23255813953488372 0.11627906976744186 0.046511627906976744 0.046511627906976744 renqiuchen 8Сʱ_mousemovements
269.00099233333333 715.4250893333333 323.889984 0 0 893.4131469999999 1731.49231 1904.494751 490.913139 0 0 490.0326557142856 652.8824159999999 113.131481 199.208748 1003.8042176000001 0.09523809523809523 0.0 0.0 0.3333333333333333 0.14285714285714285 0.09523809523809523 0.09523809523809523 0.23809523809523808 205.8033957017544 0 283.610107 0.9827586206896551 0.0 0.017241379310344827 0.5714285714285714 0.14285714285714285 0.047619047619047616 0.0 0.0 0.14285714285714285 0.047619047619047616 0.047619047619047616 0.5370370370370371 0.3148148148148148 0.07407407407407407 0.037037037037037035 0.037037037037037035 renqiuchen 8Сʱ_mousemovements
176.96755187500003 569.02762625 388.0146485 0 510.024292 0 0 0 0 376.21233033333334 151.5624125 411.23489133333334 161.290329 350.5464955 83.99635625 198.33734133333337 0.0 0.13043478260869565 0.08695652173913043 0.2608695652173913 0.043478260869565216 0.17391304347826086 0.17391304347826086 0.13043478260869565 112.41047530357143 0 32.88610233333333 0.9491525423728814 0.0 0.05084745762711865 0.6956521739130435 0.17391304347826086 0.08695652173913043 0.0 0.043478260869565216 0.0 0.0 0.0 0.48148148148148145 0.3148148148148148 0.12962962962962962 0.037037037037037035 0.037037037037037035 renqiuchen 8Сʱ_mousemovements
204.824454125 576.5145377499999 1150.704193 469.764862 0 360.717377 0 1967.932739 1081.3022310000001 623.8736723999999 469.55201325 196.82742133333332 241.45081772727272 570.392639 165.92618800000002 1078.688049 0.05405405405405406 0.13513513513513514 0.10810810810810811 0.08108108108108109 0.2972972972972973 0.02702702702702703 0.24324324324324326 0.05405405405405406 118.813860440367 6.1691975 184.96415355555553 0.9083333333333333 0.016666666666666666 0.075 0.6486486486486487 0.21621621621621623 0.05405405405405406 0.02702702702702703 0.0 0.02702702702702703 0.0 0.02702702702702703 0.6120689655172413 0.25 0.08620689655172414 0.034482758620689655 0.017241379310344827 renqiuchen 8Сʱ_mousemovements
191.26169615384612 166.453781 570.639221 925.6816865 603.796829 0 682.451599 0 220.546453 100.44771666666668 321.428066 815.9647525 494.31649775000005 209.84659575000003 479.61143500000003 682.451599 0.13043478260869565 0.13043478260869565 0.17391304347826086 0.08695652173913043 0.17391304347826086 0.17391304347826086 0.08695652173913043 0.043478260869565216 116.89866055737706 352.805913 74.857544 0.9242424242424242 0.045454545454545456 0.030303030303030304 0.5652173913043478 0.08695652173913043 0.043478260869565216 0.08695652173913043 0.17391304347826086 0.0 0.043478260869565216 0.0 0.5409836065573771 0.26229508196721313 0.09836065573770492 0.04918032786885246 0.04918032786885246 renqiuchen 8Сʱ_mousemovements
246.88917433333333 0 298.181183 0 0 0 0 0 0 298.181183 22.555981 0 403.765564 0 0 314.345978 0.0 0.25 0.25 0.0 0.25 0.0 0.0 0.25 39.89508566666667 0 160.36858199999998 0.9 0.0 0.1 0.75 0.0 0.25 0.0 0.0 0.0 0.0 0.0 0.5 0.25 0.125 0.0 0.125 renqiuchen 8Сʱ_mousemovements
109.91016766666667 0 0 0 0 0 0 0 0 0 0 59.399769 128.529266 141.801468 0 0 0.0 0.0 0.0 0.3333333333333333 0.3333333333333333 0.3333333333333333 0.0 0.0 15.90180788235294 0 59.399769 0.9444444444444444 0.0 0.05555555555555555 1.0 0.0 0.0 0.0 0.0 0.0 0.0 0.0 0.5714285714285714 0.2857142857142857 0.14285714285714285 0.0 0.0 renqiuchen 8Сʱ_mousemovements
226.64639466666668 0 0 0 0 0 0 0 54.557018 0 0 0 205.7861785 0 0 482.176636 0.16666666666666666 0.0 0.0 0.0 0.6666666666666666 0.0 0.0 0.16666666666666666 76.78360882352942 0 54.557018 0.9444444444444444 0.0 0.05555555555555555 1.0 0.0 0.0 0.0 0.0 0.0 0.0 0.0 0.5384615384615384 0.23076923076923078 0.0 0.23076923076923078 0.0 renqiuchen 8Сʱ_mousemovements
232.7270582105263 1433.526733 1065.5223899999999 2173.19165 526.99472 3089.065186 1396.7076415000001 0 1645.220345 234.3838836 1612.5211586666667 627.3518166666667 278.2500556 556.4605194000001 622.3858083333333 505.249542 0.06666666666666667 0.16666666666666666 0.1 0.1 0.16666666666666666 0.16666666666666666 0.2 0.03333333333333333 255.9666102222222 0 291.37509125 0.9473684210526315 0.0 0.05263157894736842 0.6333333333333333 0.06666666666666667 0.1 0.03333333333333333 0.06666666666666667 0.03333333333333333 0.06666666666666667 0.0 0.5070422535211268 0.23943661971830985 0.16901408450704225 0.056338028169014086 0.028169014084507043 renqiuchen 8Сʱ_mousemovements
149.6605355 852.165202 153.376755 2941.973389 0 2112.184326 1717.838867 1875.310974 0 870.9364686666667 662.8714523333333 0 371.7640776666667 333.62624350000004 1374.66442875 976.452465 0.0 0.13636363636363635 0.13636363636363635 0.0 0.2727272727272727 0.09090909090909091 0.18181818181818182 0.18181818181818182 251.97206539285716 917.618801 319.35167566666667 0.9180327868852459 0.03278688524590164 0.04918032786885246 0.5454545454545454 0.13636363636363635 0.045454545454545456 0.045454545454545456 0.0 0.045454545454545456 0.045454545454545456 0.13636363636363635 0.4727272727272727 0.38181818181818183 0.03636363636363636 0.03636363636363636 0.07272727272727272 renqiuchen 8Сʱ_mousemovements
248.234643 0 871.790207 1121.0388386666666 499.374634 0 0 0 258.815572 519.0874786666667 915.2946394999999 279.25965349999996 62.5 479.20893850000004 195.3196884 383.67903899999993 0.1111111111111111 0.1111111111111111 0.14814814814814814 0.2222222222222222 0.037037037037037035 0.07407407407407407 0.18518518518518517 0.1111111111111111 162.6134286212121 0 43.256389 0.9705882352941176 0.0 0.029411764705882353 0.7777777777777778 0.0 0.07407407407407407 0.1111111111111111 0.037037037037037035 0.0 0.0 0.0 0.49230769230769234 0.27692307692307694 0.1076923076923077 0.06153846153846154 0.06153846153846154 renqiuchen 8Сʱ_mousemovements
164.14049012499999 644.651489 395.245071 0 623.6484829999999 1256.0085451999998 0 0 146.132629 518.735148 245.839539 784.331635 257.5999616666667 573.4202419999999 0.0 967.8247985999999 0.05555555555555555 0.16666666666666666 0.05555555555555555 0.1111111111111111 0.16666666666666666 0.1111111111111111 0.05555555555555555 0.2777777777777778 160.46063489090912 0 362.56758125 0.9322033898305084 0.0 0.06779661016949153 0.4444444444444444 0.05555555555555555 0.1111111111111111 0.0 0.1111111111111111 0.2777777777777778 0.0 0.0 0.5576923076923077 0.2692307692307692 0.038461538461538464 0.07692307692307693 0.057692307692307696 renqiuchen 8Сʱ_mousemovements
155.9836135 844.922119 602.242188 1459.05299375 490.956177 929.367188 0 720.585876 2764.014648 602.242188 830.0122886666667 368.523865 582.7949215 0 245.28951579999998 1374.80835 0.06666666666666667 0.06666666666666667 0.2 0.13333333333333333 0.13333333333333333 0.0 0.3333333333333333 0.06666666666666667 223.08200112195124 0 404.60838600000005 0.9318181818181818 0.0 0.06818181818181818 0.4 0.06666666666666667 0.06666666666666667 0.26666666666666666 0.06666666666666667 0.06666666666666667 0.0 0.06666666666666667 0.4864864864864865 0.35135135135135137 0.08108108108108109 0.05405405405405406 0.02702702702702703 renqiuchen 8Сʱ_mousemovements
98.17332174999999 503.90241225 1643.5697324999999 0 918.65863 0 0 0 0 159.91753000000003 1170.0082855 0 0 21.267204 477.68269833333335 0 0.0 0.2727272727272727 0.36363636363636365 0.0 0.0 0.09090909090909091 0.2727272727272727 0.0 212.09332493548385 0 19.603979 0.9393939393939394 0.0 0.06060606060606061 0.36363636363636365 0.36363636363636365 0.18181818181818182 0.0 0.09090909090909091 0.0 0.0 0.0 0.5 0.26666666666666666 0.2 0.03333333333333333 0.0 renqiuchen 8Сʱ_mousemovements
111.20725963636364 0 2082.989258 0 797.673889 684.087524 0 0 0 424.3752515 104.10353099999999 221.211014 55.08902 0 478.66705671428565 0 0.0 0.14285714285714285 0.21428571428571427 0.07142857142857142 0.07142857142857142 0.0 0.5 0.0 113.94430616666666 0 1.184834 0.9545454545454546 0.0 0.045454545454545456 0.7857142857142857 0.0 0.07142857142857142 0.0 0.07142857142857142 0.07142857142857142 0.0 0.0 0.5365853658536586 0.3170731707317073 0.12195121951219512 0.0 0.024390243902439025 renqiuchen 8Сʱ_mousemovements
189.58743615384614 426.4439698 954.8639182500001 1101.1306556666666 548.2366179999999 623.826599 553.0837705 462.467285 938.53986675 458.4345184285715 658.3484495 527.9667509999999 319.50566480000003 598.927643 255.23559233333333 477.2129895 0.21621621621621623 0.1891891891891892 0.05405405405405406 0.05405405405405406 0.13513513513513514 0.08108108108108109 0.16216216216216217 0.10810810810810811 166.53251428431378 7.092198 293.11590739999997 0.9026548672566371 0.008849557522123894 0.08849557522123894 0.35135135135135137 0.13513513513513514 0.21621621621621623 0.08108108108108109 0.10810810810810811 0.02702702702702703 0.05405405405405406 0.02702702702702703 0.5688073394495413 0.25688073394495414 0.09174311926605505 0.05504587155963303 0.027522935779816515 renqiuchen 8Сʱ_mousemovements
252.40317095454546 729.5307678 1212.9606935 723.6484173333333 701.3384603333334 806.460327 0 721.631836 243.075367 146.07962 460.1128068 503.1571764285714 667.8974402499999 181.91217 418.5731782 648.304114 0.10810810810810811 0.02702702702702703 0.2702702702702703 0.1891891891891892 0.10810810810810811 0.02702702702702703 0.13513513513513514 0.13513513513513514 187.9755805057471 23.130321 201.2462632 0.9157894736842105 0.031578947368421054 0.05263157894736842 0.5945945945945946 0.13513513513513514 0.05405405405405406 0.08108108108108109 0.08108108108108109 0.02702702702702703 0.0 0.02702702702702703 0.4725274725274725 0.34065934065934067 0.07692307692307693 0.08791208791208792 0.02197802197802198 renqiuchen 8Сʱ_mousemovements
175.153029 747.8676553333335 874.940491 591.199921 0 1549.2811176666667 0 0 470.2780813333333 573.70343 87.093826 361.5518266666666 1264.7172544999999 324.55876150000006 674.201414 789.3191929999999 0.15789473684210525 0.05263157894736842 0.05263157894736842 0.15789473684210525 0.10526315789473684 0.21052631578947367 0.10526315789473684 0.15789473684210525 205.14329062000004 0 110.78810275000001 0.9259259259259259 0.0 0.07407407407407407 0.5263157894736842 0.15789473684210525 0.05263157894736842 0.10526315789473684 0.0 0.15789473684210525 0.0 0.0 0.43478260869565216 0.2826086956521739 0.13043478260869565 0.10869565217391304 0.043478260869565216 renqiuchen 8Сʱ_mousemovements
74.68665642857142 538.391144 832.937378 0 826.747437 1065.189799 1342.704712 0 530.6737173333333 66.666664 89.978691 358.91545633333334 762.159424 0 376.02144633333336 1027.3037226666668 0.2 0.06666666666666667 0.06666666666666667 0.2 0.06666666666666667 0.0 0.2 0.2 153.86311443478263 0 719.844543 0.9787234042553191 0.0 0.02127659574468085 0.4666666666666667 0.13333333333333333 0.06666666666666667 0.0 0.06666666666666667 0.2 0.06666666666666667 0.0 0.42857142857142855 0.2857142857142857 0.07142857142857142 0.16666666666666666 0.047619047619047616 renqiuchen 8Сʱ_mousemovements
119.7840125 187.692551 738.94368 1220.266724 0 0 2103.631104 0 420.72507966666666 72.85010633333333 0 191.75169219999998 125.60196685714286 0 78.50814066666668 718.1762788 0.0967741935483871 0.0967741935483871 0.0 0.3225806451612903 0.22580645161290322 0.0 0.0967741935483871 0.16129032258064516 98.01234719512193 0 66.849594 0.9879518072289156 0.0 0.012048192771084338 0.8387096774193549 0.03225806451612903 0.06451612903225806 0.03225806451612903 0.0 0.0 0.03225806451612903 0.0 0.6923076923076923 0.21794871794871795 0.02564102564102564 0.038461538461538464 0.02564102564102564 renqiuchen 8Сʱ_mousemovements
236.24243483333336 446.1092733333333 0 652.7041780000001 748.43042 1851.93396 0 0 1111.367676 238.547516 268.94883749999997 392.51636974999997 344.0 959.587036 108.586243 1851.93396 0.07142857142857142 0.07142857142857142 0.14285714285714285 0.2857142857142857 0.21428571428571427 0.07142857142857142 0.07142857142857142 0.07142857142857142 173.30557772727272 194.04068 748.43042 0.9166666666666666 0.027777777777777776 0.05555555555555555 0.42857142857142855 0.21428571428571427 0.0 0.14285714285714285 0.14285714285714285 0.07142857142857142 0.0 0.0 0.3939393939393939 0.45454545454545453 0.06060606060606061 0.030303030303030304 0.06060606060606061 renqiuchen 8Сʱ_mousemovements
192.92289973913043 794.437195 388.481216 2991.038574 727.359741 0 0 0 12.157736 1803.567291 243.62305450000002 113.70617379999999 331.9144515 395.55749233333336 233.3721848888889 306.9290935 0.03571428571428571 0.07142857142857142 0.14285714285714285 0.17857142857142858 0.07142857142857142 0.10714285714285714 0.32142857142857145 0.07142857142857142 131.77354769117645 0 255.47446433333334 0.9577464788732394 0.0 0.04225352112676056 0.8214285714285714 0.03571428571428571 0.07142857142857142 0.03571428571428571 0.03571428571428571 0.0 0.0 0.0 0.6060606060606061 0.18181818181818182 0.13636363636363635 0.030303030303030304 0.045454545454545456 renqiuchen 8Сʱ_mousemovements
151.14438026315784 399.2296168333334 905.042786 875.137268 1329.3897503333333 1616.5704774 0 937.311035 401.9608414 735.2924853333334 280.45244725000003 529.292511 761.0620954999999 407.5208215714285 391.9923606666666 2098.154877 0.13513513513513514 0.16216216216216217 0.21621621621621623 0.05405405405405406 0.10810810810810811 0.1891891891891892 0.08108108108108109 0.05405405405405406 171.0126157909091 0 198.32335918181818 0.9090909090909091 0.0 0.09090909090909091 0.5135135135135135 0.16216216216216217 0.02702702702702703 0.02702702702702703 0.08108108108108109 0.13513513513513514 0.0 0.05405405405405406 0.5663716814159292 0.2831858407079646 0.07079646017699115 0.05309734513274336 0.02654867256637168 renqiuchen 8Сʱ_mousemovements
102.97638053333334 244.88636 454.998413 634.2216183333334 562.1633300000001 464.811768 0 552.2657625 0 356.24596775 363.489059 312.0500723333334 288.63861940000004 410.4215965 328.56268833333337 114.0493502 0.0 0.13793103448275862 0.06896551724137931 0.20689655172413793 0.1724137931034483 0.13793103448275862 0.10344827586206896 0.1724137931034483 69.76868633333333 425.224548 218.92054312500002 0.9117647058823529 0.00980392156862745 0.0784313725490196 0.5172413793103449 0.06896551724137931 0.06896551724137931 0.10344827586206896 0.13793103448275862 0.034482758620689655 0.0 0.06896551724137931 0.6210526315789474 0.15789473684210525 0.11578947368421053 0.042105263157894736 0.06315789473684211 renqiuchen 8Сʱ_mousemovements
55.21830333333333 123.947144 188.236427 0 0 0 0 0 224.561401 54.734218999999996 0 151.911453 64.45349816666666 0 56.490765 12.820513 0.05555555555555555 0.1111111111111111 0.0 0.05555555555555555 0.6666666666666666 0.0 0.05555555555555555 0.05555555555555555 30.899873209302317 0 0 1.0 0.0 0.0 0.8333333333333334 0.05555555555555555 0.1111111111111111 0.0 0.0 0.0 0.0 0.0 0.6285714285714286 0.2571428571428571 0.08571428571428572 0.02857142857142857 0.0 renqiuchen 8Сʱ_mousemovements
0 0 0 0 0 0 0 0 0 0 0 0 0 0 0 0 0 0 0 0 0 0 0 0 0 0 0 0 0 0 0 0 0 0 0 0 0 0 0 0 0 0 0 renqiuchen 8Сʱ_mousemovements
0 0 0 0 0 0 0 0 0 0 0 0 0 0 0 0 0 0 0 0 0 0 0 0 0 0 0 0 0 0 0 0 0 0 0 0 0 0 0 0 0 0 0 renqiuchen 8Сʱ_mousemovements
97.18039239999999 593.465332 437.8343045 0 853.8291726666666 641.465881 620.241333 2514.086426 1443.223267 593.465332 0 349.1291991666667 908.2893346666666 0 43.8978 696.0437315 0.07142857142857142 0.07142857142857142 0.0 0.42857142857142855 0.21428571428571427 0.0 0.07142857142857142 0.14285714285714285 103.74764092727273 0 369.4566871428571 0.8870967741935484 0.0 0.11290322580645161 0.35714285714285715 0.07142857142857142 0.14285714285714285 0.0 0.21428571428571427 0.07142857142857142 0.07142857142857142 0.07142857142857142 0.5862068965517241 0.22413793103448276 0.1206896551724138 0.05172413793103448 0.017241379310344827 renqiuchen 8Сʱ_mousemovements
198.94755326666666 393.450744 507.923538 879.6833799999999 744.7172698333334 817.2254335 0 0 727.078415 182.45252200000002 481.6255939999999 435.735496 583.8776803333334 284.07803724999997 218.739856 615.0768815 0.06451612903225806 0.06451612903225806 0.0967741935483871 0.1935483870967742 0.0967741935483871 0.12903225806451613 0.16129032258064516 0.1935483870967742 108.36321078124998 27.355192 346.69266266666665 0.9056603773584906 0.009433962264150943 0.08490566037735849 0.4838709677419355 0.0967741935483871 0.0967741935483871 0.06451612903225806 0.1935483870967742 0.06451612903225806 0.0 0.0 0.6185567010309279 0.16494845360824742 0.09278350515463918 0.10309278350515463 0.020618556701030927 renqiuchen 8Сʱ_mousemovements
244.1112550666667 573.32497425 85.118774 1352.021057 1147.559692 0 0 699.967224 116.211479 1055.315857 676.893005 138.9009475 364.3208965555556 346.393646 622.7557114 231.37746033333335 0.04 0.08 0.08 0.08 0.36 0.04 0.2 0.12 160.09292824285717 85.118774 0.0 0.9722222222222222 0.013888888888888888 0.013888888888888888 0.6 0.16 0.04 0.08 0.04 0.0 0.0 0.08 0.5454545454545454 0.30303030303030304 0.09090909090909091 0.015151515151515152 0.045454545454545456 renqiuchen 8Сʱ_mousemovements
212.3681486153846 342.3971735 0 547.539917 0 788.7403105000001 0 515.523376 394.189785 327.1303966666666 396.155167 196.504359 603.7358446666667 244.55231849999996 79.92254 486.554718 0.17391304347826086 0.13043478260869565 0.08695652173913043 0.13043478260869565 0.13043478260869565 0.17391304347826086 0.13043478260869565 0.043478260869565216 115.84088779310345 0 245.64713166666664 0.9508196721311475 0.0 0.04918032786885246 0.5652173913043478 0.2608695652173913 0.0 0.043478260869565216 0.0 0.08695652173913043 0.0 0.043478260869565216 0.625 0.17857142857142858 0.07142857142857142 0.08928571428571429 0.03571428571428571 renqiuchen 8Сʱ_mousemovements
127.609463 353.2670594285714 144.916641 486.15444175000005 0 1248.526123 0 0 0 290.32225825 558.168396 196.54378579999997 137.4228625 0 381.89945975 544.9873667500001 0.0 0.18181818181818182 0.045454545454545456 0.22727272727272727 0.18181818181818182 0.0 0.18181818181818182 0.18181818181818182 101.32722784745762 0 196.22173420000001 0.921875 0.0 0.078125 0.4090909090909091 0.3181818181818182 0.045454545454545456 0.18181818181818182 0.0 0.045454545454545456 0.0 0.0 0.48148148148148145 0.2777777777777778 0.14814814814814814 0.05555555555555555 0.037037037037037035 renqiuchen 8Сʱ_mousemovements
135.05894491666666 316.656039 195.71376800000002 0 0 678.032593 0 0 583.685974 448.951935 48.610172 122.01984725 155.80177 175.225052 0 178.009369 0.05555555555555555 0.1111111111111111 0.05555555555555555 0.2222222222222222 0.3888888888888889 0.05555555555555555 0.0 0.1111111111111111 65.23762861224489 0 147.83059433333332 0.9423076923076923 0.0 0.057692307692307696 0.6666666666666666 0.16666666666666666 0.1111111111111111 0.0 0.0 0.05555555555555555 0.0 0.0 0.5909090909090909 0.25 0.06818181818181818 0.045454545454545456 0.045454545454545456 renqiuchen 8Сʱ_mousemovements
225.71364857142856 532.753113 0 0 576.418579 0 0 0 153.305191 332.76503749999995 214.75472233333335 504.9782565 0 126.5118405 0 309.11819075000005 0.1875 0.125 0.1875 0.125 0.0 0.125 0.0 0.25 106.72906929999999 0 0 1.0 0.0 0.0 0.875 0.0625 0.0 0.0 0.0625 0.0 0.0 0.0 0.6285714285714286 0.3142857142857143 0.02857142857142857 0.0 0.02857142857142857 renqiuchen 8Сʱ_mousemovements
114.77665400000001 493.06549450000006 755.147583 0 0 0 0 0 746.869507 191.70353699999998 0 98.7204665 0 744.6026 0 160.70107 0.2 0.2 0.0 0.2 0.0 0.1 0.0 0.3 122.27010485185184 0 0 1.0 0.0 0.0 0.5 0.4 0.1 0.0 0.0 0.0 0.0 0.0 0.45454545454545453 0.2727272727272727 0.09090909090909091 0.18181818181818182 0.0 renqiuchen 8Сʱ_mousemovements
375.17431320000003 528.6369426666666 0 0 1058.189941 0 0 0 735.034058 291.1633065 0 0 829.1447246666667 0 346.1111243333333 0 0.2 0.2 0.0 0.0 0.3 0.0 0.3 0.0 178.34668067741936 0 24.7075875 0.9393939393939394 0.0 0.06060606060606061 0.5 0.3 0.0 0.0 0.2 0.0 0.0 0.0 0.6153846153846154 0.2692307692307692 0.038461538461538464 0.038461538461538464 0.038461538461538464 renqiuchen 8Сʱ_mousemovements
362.44915799999995 645.5108616666666 1018.268051 1813.0292355 1050.7813721666666 3029.2606205 684.922638 0 1269.4964293333333 791.7600709999999 431.03702300000003 932.0532069999999 756.8238717500001 735.2297619999999 745.3058211428572 2268.8353883333334 0.1111111111111111 0.07407407407407407 0.1111111111111111 0.07407407407407407 0.14814814814814814 0.1111111111111111 0.25925925925925924 0.1111111111111111 349.82485 0 672.5895996666667 0.9577464788732394 0.0 0.04225352112676056 0.25925925925925924 0.2222222222222222 0.07407407407407407 0.07407407407407407 0.2222222222222222 0.07407407407407407 0.07407407407407407 0.0 0.5230769230769231 0.24615384615384617 0.16923076923076924 0.06153846153846154 0.0 renqiuchen 8Сʱ_mousemovements
310.54585175 843.6369629999999 473.17016975 2054.184814 390.943054 2400.068848 0 0 1222.563934 1596.9154055 398.898376 388.40190700000005 220.48948666666664 745.4227499999998 210.158371 0 0.11764705882352941 0.11764705882352941 0.058823529411764705 0.23529411764705882 0.17647058823529413 0.17647058823529413 0.11764705882352941 0.0 174.14233660655736 0 143.417801 0.9682539682539683 0.0 0.031746031746031744 0.47058823529411764 0.11764705882352941 0.23529411764705882 0.058823529411764705 0.058823529411764705 0.058823529411764705 0.0 0.0 0.5714285714285714 0.19642857142857142 0.125 0.05357142857142857 0.05357142857142857 renqiuchen 8Сʱ_mousemovements
207.4566022 496.16502414285725 0 887.391815 815.864517 1114.1475525 1489.971558 2097.229248 978.4599 173.097733 445.49123133333336 514.49793725 394.47135966666673 541.474915 21.333334 911.7587853750001 0.04 0.04 0.12 0.16 0.24 0.04 0.04 0.32 206.03101234375004 0 263.957496 0.9142857142857143 0.0 0.08571428571428572 0.4 0.28 0.0 0.08 0.08 0.08 0.04 0.04 0.546875 0.25 0.15625 0.015625 0.03125 renqiuchen 8Сʱ_mousemovements
329.9818666 739.3633626666666 891.148895 1136.7835384999998 0 844.039795 0 0 699.0912969999999 0 197.072464 511.80747900000006 481.813019 106.479431 0 737.6315762857142 0.1111111111111111 0.0 0.05555555555555555 0.3333333333333333 0.05555555555555555 0.05555555555555555 0.0 0.3888888888888889 246.2508408333333 37.639050499999996 0 0.9545454545454546 0.045454545454545456 0.0 0.5555555555555556 0.16666666666666666 0.1111111111111111 0.1111111111111111 0.0 0.05555555555555555 0.0 0.0 0.5853658536585366 0.21951219512195122 0.04878048780487805 0.0975609756097561 0.04878048780487805 renqiuchen 8Сʱ_mousemovements
195.75148210526316 173.264923 944.201355 1021.5491334999999 329.437012 937.728027 2533.3393555000002 0 1123.7347227999999 0 944.201355 299.7842265 433.87414888888884 228.62264566666667 313.35161975 272.6304255 0.17857142857142858 0.0 0.03571428571428571 0.14285714285714285 0.32142857142857145 0.10714285714285714 0.14285714285714285 0.07142857142857142 177.92633886486485 43.396946 470.73423 0.961038961038961 0.012987012987012988 0.025974025974025976 0.6785714285714286 0.03571428571428571 0.03571428571428571 0.07142857142857142 0.03571428571428571 0.07142857142857142 0.07142857142857142 0.0 0.5833333333333334 0.2361111111111111 0.08333333333333333 0.06944444444444445 0.027777777777777776 renqiuchen 8Сʱ_mousemovements
178.81374183333332 0 0 1806.0872195 1047.1583355 0 589.9697115 782.458496 67.239174 670.640564 1771.8431705 575.82095725 59.79343733333334 102.0465215 483.74771999999996 1216.2433233333334 0.043478260869565216 0.043478260869565216 0.08695652173913043 0.17391304347826086 0.13043478260869565 0.08695652173913043 0.30434782608695654 0.13043478260869565 143.54617607228917 0 261.119332375 0.9120879120879121 0.0 0.08791208791208792 0.5217391304347826 0.0 0.0 0.08695652173913043 0.2608695652173913 0.0 0.08695652173913043 0.043478260869565216 0.5421686746987951 0.1927710843373494 0.08433734939759036 0.07228915662650602 0.10843373493975904 renqiuchen 8Сʱ_mousemovements
178.85092960000003 158.7616405 1014.45578 0 2435.9182124999998 0 162.32933 0 244.77887466666667 122.46647399999999 161.69991533333334 697.1087279999999 108.129032 323.87982933333336 214.845619 843.554965 0.10344827586206896 0.20689655172413793 0.10344827586206896 0.1724137931034483 0.06896551724137931 0.10344827586206896 0.06896551724137931 0.1724137931034483 145.42379809333335 119.4208945 129.515823 0.9615384615384616 0.02564102564102564 0.01282051282051282 0.6896551724137931 0.13793103448275862 0.06896551724137931 0.0 0.06896551724137931 0.0 0.034482758620689655 0.0 0.5753424657534246 0.2328767123287671 0.1506849315068493 0.0136986301369863 0.0273972602739726 renqiuchen 8Сʱ_mousemovements
103.36311649999999 290.109467 465.5111845 335.2376555 0 1275.500885 1122.7383425 0 0 0 732.772949 372.8505761428572 45.503110500000005 0 290.63048299999997 1501.3198245 0.0 0.0 0.06666666666666667 0.4666666666666667 0.13333333333333333 0.0 0.2 0.13333333333333333 171.4497014 0 225.1381225 0.9523809523809523 0.0 0.047619047619047616 0.4 0.06666666666666667 0.13333333333333333 0.13333333333333333 0.0 0.13333333333333333 0.13333333333333333 0.0 0.4722222222222222 0.25 0.1388888888888889 0.08333333333333333 0.05555555555555555 renqiuchen 8Сʱ_mousemovements
170.06322685714284 525.48751075 0 0 0 2088.11084 0 2793.748535 0 233.80576833333336 505.014984 427.155426 130.835022 2088.11084 65.802284 1777.1319275 0.0 0.23076923076923078 0.15384615384615385 0.07692307692307693 0.15384615384615385 0.07692307692307693 0.15384615384615385 0.15384615384615385 238.38668935294115 0 69.104568 0.9714285714285714 0.0 0.02857142857142857 0.5384615384615384 0.3076923076923077 0.0 0.0 0.0 0.07692307692307693 0.0 0.07692307692307693 0.36666666666666664 0.5 0.06666666666666667 0.03333333333333333 0.03333333333333333 renqiuchen 8Сʱ_mousemovements
116.25264391666668 324.74315160000003 0 0 870.69989 611.538879 831.312866 1184.8578286666668 48.2386965 738.3784380000001 290.50073199999997 491.33049 26.358804 362.6035053333333 141.89197133333332 933.1262055 0.08695652173913043 0.13043478260869565 0.08695652173913043 0.13043478260869565 0.08695652173913043 0.2608695652173913 0.13043478260869565 0.08695652173913043 106.06626155844154 4.926108 119.14072633333332 0.9166666666666666 0.011904761904761904 0.07142857142857142 0.5217391304347826 0.21739130434782608 0.0 0.0 0.043478260869565216 0.043478260869565216 0.043478260869565216 0.13043478260869565 0.5897435897435898 0.20512820512820512 0.11538461538461539 0.05128205128205128 0.038461538461538464 renqiuchen 8Сʱ_mousemovements
99.5117762 854.9264933333333 287.41358975 677.725641 686.561401 651.075928 1476.9816285 0 721.825503 333.7496787142857 689.109711 556.1071475 447.55013260000004 759.2830303333334 183.69942959999997 2917.48877 0.10714285714285714 0.25 0.07142857142857142 0.07142857142857142 0.17857142857142858 0.10714285714285714 0.17857142857142858 0.03571428571428571 189.18193307894737 0 160.9861225 0.926829268292683 0.0 0.07317073170731707 0.35714285714285715 0.10714285714285714 0.14285714285714285 0.17857142857142858 0.03571428571428571 0.03571428571428571 0.14285714285714285 0.0 0.5 0.23684210526315788 0.10526315789473684 0.11842105263157894 0.039473684210526314 renqiuchen 8Сʱ_mousemovements
119.237991 0 0 0 1061.122925 0 0 1541.558838 119.237991 0 1061.122925 0 0 1541.558838 0 0 0.3333333333333333 0.0 0.3333333333333333 0.0 0.0 0.3333333333333333 0.0 0.0 272.19197539999993 0 0 1.0 0.0 0.0 0.3333333333333333 0.0 0.0 0.0 0.3333333333333333 0.0 0.0 0.3333333333333333 0.5555555555555556 0.2222222222222222 0.2222222222222222 0.0 0.0 renqiuchen 8Сʱ_mousemovements
0 0 0 0 0 0 0 0 0 0 0 0 0 0 0 0 0 0 0 0 0 0 0 0 0 0 0 0 0 0 0 0 0 0 0 0 0 0 0 0 0 0 0 renqiuchen 8Сʱ_mousemovements
412.57676699999996 0 0 0 715.098328 877.533508 0 0 0 0 0 590.599111 0 0 0 645.988037 0.0 0.0 0.0 0.75 0.0 0.0 0.0 0.25 345.39791 0 0 1.0 0.0 0.0 0.5 0.0 0.0 0.0 0.25 0.25 0.0 0.0 0.42857142857142855 0.2857142857142857 0.14285714285714285 0.14285714285714285 0.0 renqiuchen 8Сʱ_mousemovements
89.488645125 0 0 866.5521543333334 515.914307 0 0 784.9486999999999 515.914307 62.803594749999995 317.3518755 713.014099 138.001129 1453.080688 511.3862163333333 161.290329 0.07142857142857142 0.2857142857142857 0.14285714285714285 0.07142857142857142 0.07142857142857142 0.07142857142857142 0.21428571428571427 0.07142857142857142 81.44941860784314 515.914307 146.308535 0.8947368421052632 0.017543859649122806 0.08771929824561403 0.5714285714285714 0.0 0.0 0.21428571428571427 0.07142857142857142 0.0 0.0 0.14285714285714285 0.6792452830188679 0.1509433962264151 0.05660377358490566 0.07547169811320754 0.03773584905660377 renqiuchen 8Сʱ_mousemovements
166.3329763 731.211151 0 651.290527 1203.692383 0 0 1423.554321 467.94392866666664 43.525837 615.9750696666666 168.44293466666667 334.74204640000005 291.751953 27.544183500000003 320.92241014285713 0.12 0.04 0.12 0.12 0.2 0.04 0.08 0.28 119.15207840298505 7.092198 38.668804 0.9571428571428572 0.014285714285714285 0.02857142857142857 0.8 0.08 0.0 0.04 0.04 0.0 0.0 0.04 0.582089552238806 0.23880597014925373 0.11940298507462686 0.04477611940298507 0.014925373134328358 renqiuchen 8Сʱ_mousemovements
101.6695115 346.82286050000005 0 588.757141 1020.756348 0 2969.910645 0 0 0 567.114807 3.474726 12.192998 116.3659855 1020.756348 1638.181122 0.0 0.0 0.2222222222222222 0.1111111111111111 0.1111111111111111 0.2222222222222222 0.1111111111111111 0.2222222222222222 177.93248158064515 148.173248 7.833862 0.9117647058823529 0.029411764705882353 0.058823529411764705 0.4444444444444444 0.2222222222222222 0.0 0.1111111111111111 0.1111111111111111 0.0 0.1111111111111111 0.0 0.3225806451612903 0.41935483870967744 0.16129032258064516 0.0 0.0967741935483871 renqiuchen 8Сʱ_mousemovements
132.22931699999998 425.34370900000005 855.314941 2630.1431275 0 0 0 0 405.838226 0 0 591.932571 132.22931699999998 0 0 1933.9763183333334 0.125 0.0 0.0 0.25 0.25 0.0 0.0 0.375 328.0642819130435 0 110.612473 0.9583333333333334 0.0 0.041666666666666664 0.25 0.375 0.125 0.25 0.0 0.0 0.0 0.0 0.7272727272727273 0.18181818181818182 0.045454545454545456 0.0 0.045454545454545456 renqiuchen 8Сʱ_mousemovements
181.230289875 460.663116 1781.12793 2076.302979 973.63545225 338.578949 0 0 0 0 1128.5279235 338.578949 126.94487375 176.776703 652.2164954 1153.2612103333333 0.0 0.0 0.125 0.0625 0.25 0.0625 0.3125 0.1875 225.8649055609756 0 246.86532466666665 0.9318181818181818 0.0 0.06818181818181818 0.5 0.0625 0.0625 0.0625 0.25 0.0625 0.0 0.0 0.4864864864864865 0.35135135135135137 0.08108108108108109 0.02702702702702703 0.05405405405405406 renqiuchen 8Сʱ_mousemovements
117.07036407692308 228.2190935 800.0008849999999 1847.855347 520.0391643333332 0 830.3341673333333 541.1768696666667 822.6963027500001 0 597.6748885 245.58724987499997 255.68497657142856 290.505066 570.683319 233.011337 0.14814814814814814 0.0 0.14814814814814814 0.2962962962962963 0.25925925925925924 0.037037037037037035 0.07407407407407407 0.037037037037037035 72.53907493478259 0 402.4787042727272 0.8932038834951457 0.0 0.10679611650485436 0.48148148148148145 0.07407407407407407 0.07407407407407407 0.037037037037037035 0.1111111111111111 0.0 0.1111111111111111 0.1111111111111111 0.6458333333333334 0.21875 0.010416666666666666 0.041666666666666664 0.08333333333333333 renqiuchen 8Сʱ_mousemovements
163.8029764 0 857.164673 0 737.8339133333334 1595.747925 0 0 965.095566 0 266.3172 576.2521323333334 232.72284525 0 580.9989613333333 187.48526033333334 0.125 0.0 0.0625 0.1875 0.25 0.0 0.1875 0.1875 118.79016178181818 12.5090355 301.565903 0.9322033898305084 0.03389830508474576 0.03389830508474576 0.625 0.0 0.125 0.0 0.1875 0.0625 0.0 0.0 0.4230769230769231 0.34615384615384615 0.1346153846153846 0.057692307692307696 0.038461538461538464 renqiuchen 8Сʱ_mousemovements
157.14890863157893 256.2035445 321.5243835 1134.507813 938.2559000000001 0 0 0 161.69301325 0 934.739441 554.1635030000001 188.53853180000002 151.20184479999998 475.76426125 248.95994039999997 0.14814814814814814 0.0 0.037037037037037035 0.1111111111111111 0.18518518518518517 0.18518518518518517 0.14814814814814814 0.18518518518518517 114.33519837142855 17.44186 23.218295666666666 0.9459459459459459 0.013513513513513514 0.04054054054054054 0.7037037037037037 0.07407407407407407 0.07407407407407407 0.037037037037037035 0.1111111111111111 0.0 0.0 0.0 0.65625 0.140625 0.140625 0.046875 0.015625 renqiuchen 8Сʱ_mousemovements
105.03558825 1027.993286 0 570.979431 0 1790.9678955 0 0 0 517.04345975 89.299026 517.1564905 0 329.459778 0 2650.784668 0.0 0.4444444444444444 0.1111111111111111 0.2222222222222222 0.0 0.1111111111111111 0.0 0.1111111111111111 268.09821982608696 0 5.771236 0.9583333333333334 0.0 0.041666666666666664 0.4444444444444444 0.1111111111111111 0.0 0.2222222222222222 0.0 0.2222222222222222 0.0 0.0 0.5625 0.25 0.125 0.0625 0.0 renqiuchen 8Сʱ_mousemovements
142.73541145833335 508.55748 708.2973226666667 718.568237 0 1072.414551 832.100159 0 583.166996 111.067012 408.90901128571426 157.633123 68.020309 485.92720049999997 310.13068400000003 274.012668 0.0625 0.125 0.21875 0.21875 0.03125 0.0625 0.09375 0.1875 115.35680262820514 75.033722 58.937711500000006 0.9629629629629629 0.012345679012345678 0.024691358024691357 0.75 0.0625 0.09375 0.03125 0.0 0.03125 0.03125 0.0 0.4142857142857143 0.35714285714285715 0.2 0.014285714285714285 0.014285714285714285 renqiuchen 8Сʱ_mousemovements
208.3330792857143 281.334167 710.207306 1565.788574 810.8370055 720.116028 0 0 211.265503 0 414.100006 604.3843995 2.510198 0 881.1895343333332 434.6691664 0.07142857142857142 0.0 0.14285714285714285 0.14285714285714285 0.07142857142857142 0.0 0.21428571428571427 0.35714285714285715 131.474364 0 123.48518675 0.9259259259259259 0.0 0.07407407407407407 0.5 0.07142857142857142 0.14285714285714285 0.07142857142857142 0.14285714285714285 0.07142857142857142 0.0 0.0 0.5319148936170213 0.2765957446808511 0.0851063829787234 0.0851063829787234 0.02127659574468085 renqiuchen 8Сʱ_mousemovements
162.5183379 354.2392304 485.821594 685.081238 612.403748 0 0 0 264.45934033333333 345.384651 369.307894 230.830429 323.4805224 260.11592433333334 0 97.511757 0.16666666666666666 0.1111111111111111 0.1111111111111111 0.1111111111111111 0.2777777777777778 0.16666666666666666 0.0 0.05555555555555555 122.44077084615385 0 202.248024 0.9512195121951219 0.0 0.04878048780487805 0.5555555555555556 0.2777777777777778 0.05555555555555555 0.05555555555555555 0.05555555555555555 0.0 0.0 0.0 0.39473684210526316 0.21052631578947367 0.18421052631578946 0.10526315789473684 0.10526315789473684 renqiuchen 8Сʱ_mousemovements
182.80459805882353 651.7145183333333 954.8275246666666 0 681.839111 1181.3998413333334 0 0 713.7758180000001 838.3874895 173.574951 99.293701 205.76812725000002 228.649633 27.855154 784.57425675 0.14814814814814814 0.14814814814814814 0.07407407407407407 0.037037037037037035 0.2962962962962963 0.1111111111111111 0.037037037037037035 0.14814814814814814 165.94426387499996 0 68.45197733333333 0.96 0.0 0.04 0.6296296296296297 0.1111111111111111 0.1111111111111111 0.0 0.037037037037037035 0.1111111111111111 0.0 0.0 0.5735294117647058 0.22058823529411764 0.10294117647058823 0.08823529411764706 0.014705882352941176 renqiuchen 8Сʱ_mousemovements
56.16749721621621 318.295197 998.205627 0 0 0 0 0 84.273804 499.7430185 25.825817 70.85228763636363 52.74818164999999 318.295197 44.159523 0 0.02564102564102564 0.05128205128205128 0.02564102564102564 0.28205128205128205 0.5128205128205128 0.02564102564102564 0.07692307692307693 0.0 29.750538423423425 0 18.477691200000002 0.9568965517241379 0.0 0.04310344827586207 0.9487179487179487 0.02564102564102564 0.02564102564102564 0.0 0.0 0.0 0.0 0.0 0.6460176991150443 0.18584070796460178 0.07964601769911504 0.061946902654867256 0.02654867256637168 renqiuchen 8Сʱ_mousemovements
252.20457175 811.9791666666666 330.77905300000003 775.901062 0 439.880219 2636.312012 1794.559204 230.25568399999997 695.2093096666667 467.936615 1285.230133 238.15645525 385.83279433333337 41.94231 1706.076752 0.09090909090909091 0.13636363636363635 0.045454545454545456 0.09090909090909091 0.36363636363636365 0.13636363636363635 0.045454545454545456 0.09090909090909091 154.05012553333333 0 136.9056505 0.9493670886075949 0.0 0.05063291139240506 0.5454545454545454 0.13636363636363635 0.13636363636363635 0.045454545454545456 0.0 0.045454545454545456 0.045454545454545456 0.045454545454545456 0.5555555555555556 0.2222222222222222 0.1527777777777778 0.027777777777777776 0.041666666666666664 renqiuchen 8Сʱ_mousemovements
188.97152826666664 456.05298866666664 558.600891 499.77046200000007 643.1885225 0 563.842468 2083.6596675 93.01941433333333 304.61084780000004 409.2984194444444 406.598541 202.46003966666666 158.7683198 1168.672101 1198.1053160000001 0.07142857142857142 0.23809523809523808 0.21428571428571427 0.047619047619047616 0.21428571428571427 0.11904761904761904 0.047619047619047616 0.047619047619047616 160.28130140659337 0 292.99397000000005 0.978494623655914 0.0 0.021505376344086023 0.7142857142857143 0.07142857142857142 0.047619047619047616 0.047619047619047616 0.047619047619047616 0.0 0.023809523809523808 0.047619047619047616 0.5113636363636364 0.22727272727272727 0.125 0.09090909090909091 0.045454545454545456 renqiuchen 8Сʱ_mousemovements
154.4165543043478 435.21516433333335 640.410278 827.9129433333334 692.8220825999999 626.5763245 0 539.862488 435.19078060000004 170.41171599999998 300.7411016666667 633.601949 123.189493875 242.05886599999997 510.737854 389.28857412499997 0.13157894736842105 0.07894736842105263 0.07894736842105263 0.15789473684210525 0.21052631578947367 0.07894736842105263 0.05263157894736842 0.21052631578947367 127.33268209183677 8.0 150.379611 0.9423076923076923 0.009615384615384616 0.04807692307692308 0.6052631578947368 0.07894736842105263 0.02631578947368421 0.07894736842105263 0.13157894736842105 0.05263157894736842 0.0 0.02631578947368421 0.6 0.18 0.12 0.08 0.02 renqiuchen 8Сʱ_mousemovements
227.2449658571429 435.11846575 560.8018950000001 458.071976 753.777954 2724.619629 321.4711 0 427.49722833333334 717.824402 298.057807875 277.54646314285714 168.91595466666664 299.74609399999997 129.72131625 1099.3763655 0.09375 0.03125 0.25 0.21875 0.09375 0.0625 0.125 0.125 139.6734686506024 0 252.44555766666667 0.9651162790697675 0.0 0.03488372093023256 0.65625 0.125 0.0625 0.0625 0.03125 0.03125 0.03125 0.0 0.6172839506172839 0.19753086419753085 0.09876543209876543 0.04938271604938271 0.037037037037037035 renqiuchen 8Сʱ_mousemovements
208.98510440909087 309.32252712499997 0 1305.803223 0 0 5559.632813 0 280.64954775 1498.4452935 100.63913 506.49916099999996 187.71388380000002 168.9183892 416.77014925000003 359.4651068333333 0.125 0.125 0.0625 0.0625 0.15625 0.15625 0.125 0.1875 178.02006189610393 32.977692 197.166092 0.9746835443037974 0.012658227848101266 0.012658227848101266 0.6875 0.25 0.0 0.03125 0.0 0.0 0.03125 0.0 0.589041095890411 0.273972602739726 0.0684931506849315 0.0410958904109589 0.0273972602739726 renqiuchen 8Сʱ_mousemovements
