196.1275060588235 0 1047.981323 0 974.4483335 0 0 0 125.60393766666668 62.5 1319.901489 440.07389228571435 118.26638733333333 0 390.8583605 0 0.15 0.05 0.05 0.35 0.3 0.0 0.1 0.0 113.8203699411765 0 526.206726 0.9807692307692307 0.0 0.019230769230769232 0.85 0.0 0.05 0.0 0.1 0.0 0.0 0.0 0.5813953488372093 0.3023255813953488 0.06976744186046512 0.0 0.046511627906976744 renqiuchen 6Сʱ_mousemovements
0 0 0 0 0 0 0 0 0 0 0 0 0 0 0 0 0 0 0 0 0 0 0 0 0.0 0 0 1.0 0.0 0.0 0 0 0 0 0 0 0 0 1.0 0.0 0.0 0.0 0.0 renqiuchen 6Сʱ_mousemovements
0 0 0 0 0 0 0 0 0 0 0 0 0 0 0 0 0 0 0 0 0 0 0 0 0 0 0 0 0 0 0 0 0 0 0 0 0 0 0 0 0 0 0 renqiuchen 6Сʱ_mousemovements
0 0 0 0 0 0 0 0 0 0 0 0 0 0 0 0 0 0 0 0 0 0 0 0 0 0 0 0 0 0 0 0 0 0 0 0 0 0 0 0 0 0 0 renqiuchen 6Сʱ_mousemovements
364.188113 1483.659668 918.5619963333332 0 1084.244263 1471.110962 0 0 0 433.6591795 825.2428233333334 487.29928599999994 0 0 2063.125 803.4951785000001 0.0 0.15384615384615385 0.46153846153846156 0.15384615384615385 0.0 0.0 0.07692307692307693 0.15384615384615385 343.9521327 144.925247 0 0.967741935483871 0.03225806451612903 0.0 0.46153846153846156 0.15384615384615385 0.23076923076923078 0.0 0.07692307692307693 0.07692307692307693 0.0 0.0 0.5384615384615384 0.3076923076923077 0.15384615384615385 0.0 0.0 renqiuchen 6Сʱ_mousemovements
257.2833652380952 467.9806825 546.7221985 643.9182586666667 0 0 0 0 399.2424823333333 532.479614 161.869156 202.45161050000002 290.3762398 423.78141800000003 435.06489999999997 390.21457166666664 0.10714285714285714 0.03571428571428571 0.03571428571428571 0.14285714285714285 0.35714285714285715 0.07142857142857142 0.14285714285714285 0.10714285714285714 126.77493776388889 118.15784450000001 0 0.972972972972973 0.02702702702702703 0.0 0.75 0.07142857142857142 0.07142857142857142 0.10714285714285714 0.0 0.0 0.0 0.0 0.43661971830985913 0.39436619718309857 0.08450704225352113 0.04225352112676056 0.04225352112676056 renqiuchen 6Сʱ_mousemovements
263.6383788823529 352.9947815 337.676308 291.043091 544.557434 0 0 241.717041 433.6637336666667 0 544.557434 336.6605305 256.5749495 205.83888075 0.0 189.46151725 0.25 0.0 0.041666666666666664 0.08333333333333333 0.25 0.16666666666666666 0.041666666666666664 0.16666666666666666 92.35821694029852 195.573189 180.6826365 0.9436619718309859 0.028169014084507043 0.028169014084507043 0.7083333333333334 0.08333333333333333 0.08333333333333333 0.041666666666666664 0.041666666666666664 0.0 0.0 0.041666666666666664 0.4393939393939394 0.42424242424242425 0.09090909090909091 0.015151515151515152 0.030303030303030304 renqiuchen 6Сʱ_mousemovements
0 0 0 0 0 0 5265.265137 0 0 5265.265137 0 0 0 0 0 0 0.0 1.0 0.0 0.0 0.0 0.0 0.0 0.0 2632.6325685 0 0 1.0 0.0 0.0 0.0 0.0 0.0 0.0 0.0 0.0 1.0 0.0 1.0 0.0 0.0 0.0 0.0 renqiuchen 6Сʱ_mousemovements
0 0 0 0 0 0 0 0 0 0 0 0 0 0 0 0 0 0 0 0 0 0 0 0 0 0 0 0 0 0 0 0 0 0 0 0 0 0 0 0 0 0 0 renqiuchen 6Сʱ_mousemovements
0 0 0 0 0 0 0 0 0 0 0 0 0 0 0 0 0 0 0 0 0 0 0 0 0 0 0 0 0 0 0 0 0 0 0 0 0 0 0 0 0 0 0 renqiuchen 6Сʱ_mousemovements
0 0 0 0 0 0 0 0 0 0 0 0 0 0 0 0 0 0 0 0 0 0 0 0 0 0 0 0 0 0 0 0 0 0 0 0 0 0 0 0 0 0 0 renqiuchen 6Сʱ_mousemovements
330.9093064 0 0 1032.169189 0 0 1932.384644 0 1032.169189 0 346.05127 0 712.9804897500001 0 388.957947 0 0.14285714285714285 0.0 0.14285714285714285 0.0 0.5714285714285714 0.0 0.14285714285714285 0.0 271.7117861764705 0 0 1.0 0.0 0.0 0.7142857142857143 0.0 0.0 0.14285714285714285 0.0 0.0 0.14285714285714285 0.0 0.5384615384615384 0.46153846153846156 0.0 0.0 0.0 renqiuchen 6Сʱ_mousemovements
131.47955861538463 480.093964 0 813.132202 879.125061 0 674.127258 0 0 776.6261595 0 255.2545245 159.6735764285714 229.0393906666667 0 0 0.0 0.11764705882352941 0.0 0.11764705882352941 0.4117647058823529 0.35294117647058826 0.0 0.0 81.50350982978723 0 241.682595 0.94 0.0 0.06 0.7647058823529411 0.058823529411764705 0.0 0.058823529411764705 0.058823529411764705 0.0 0.058823529411764705 0.0 0.6923076923076923 0.1794871794871795 0.05128205128205128 0.05128205128205128 0.02564102564102564 renqiuchen 6Сʱ_mousemovements
256.3145747 267.051361 506.30270900000005 361.475464 626.500839 0 1104.965332 2184.410156 625.952942 480.167226 173.68685525 535.0484085 733.2203979999999 296.16354366666667 287.34219625000003 2184.410156 0.05 0.15 0.2 0.1 0.1 0.15 0.2 0.05 158.23017117999999 236.41754666666668 224.81200675 0.8771929824561403 0.05263157894736842 0.07017543859649122 0.5 0.1 0.15 0.05 0.1 0.0 0.05 0.05 0.5106382978723404 0.2978723404255319 0.1276595744680851 0.0425531914893617 0.02127659574468085 renqiuchen 6Сʱ_mousemovements
158.93002424999997 553.101257 0 0 2373.067871 712.169922 0 0 938.9132373333333 0 23.532295 0 712.169922 0 0 360.80860900000005 0.42857142857142855 0.0 0.14285714285714285 0.0 0.14285714285714285 0.0 0.0 0.2857142857142857 161.64198773076924 0 23.789155333333337 0.896551724137931 0.0 0.10344827586206896 0.5714285714285714 0.14285714285714285 0.0 0.0 0.14285714285714285 0.14285714285714285 0.0 0.0 0.48 0.32 0.08 0.08 0.04 renqiuchen 6Сʱ_mousemovements
145.04558229999998 427.68175385714295 689.277588 792.9048310000001 669.941772 0 2261.734131 1550.473022 367.5805613333334 68.235764 188.720543 516.5527441999999 93.75 689.277588 217.1644535 1588.2059020000002 0.13043478260869565 0.043478260869565216 0.08695652173913043 0.43478260869565216 0.08695652173913043 0.043478260869565216 0.08695652173913043 0.08695652173913043 137.4939091904762 659.825658 139.9677555 0.9 0.04285714285714286 0.05714285714285714 0.43478260869565216 0.30434782608695654 0.043478260869565216 0.08695652173913043 0.043478260869565216 0.0 0.043478260869565216 0.043478260869565216 0.5384615384615384 0.2923076923076923 0.06153846153846154 0.07692307692307693 0.03076923076923077 renqiuchen 6Сʱ_mousemovements
218.197712 616.6851096666666 257.331909 0 664.124634 737.9789734999999 0 0 326.378723 1134.535767 436.82013966666665 188.344449 244.24795220000001 248.806618 716.946106 0 0.05263157894736842 0.05263157894736842 0.15789473684210525 0.2631578947368421 0.2631578947368421 0.10526315789473684 0.10526315789473684 0.0 128.31130619565215 481.761139 0 0.9583333333333334 0.041666666666666664 0.0 0.631578947368421 0.15789473684210525 0.05263157894736842 0.0 0.05263157894736842 0.10526315789473684 0.0 0.0 0.5581395348837209 0.16279069767441862 0.13953488372093023 0.06976744186046512 0.06976744186046512 renqiuchen 6Сʱ_mousemovements
0 0 0 0 0 0 0 0 0 0 0 0 0 0 0 0 0 0 0 0 0 0 0 0 0 0 0 0 0 0 0 0 0 0 0 0 0 0 0 0 0 0 0 renqiuchen 6Сʱ_mousemovements
264.8310404444444 461.8757325 1017.7841795 1178.79380775 680.7654265 959.713745 0 0 438.95743375 677.419373 976.9905545000001 722.2139536666667 196.774193 635.3345743333333 523.937907 0 0.2 0.05 0.2 0.15 0.1 0.15 0.15 0.0 182.23035221276595 1065.6186215 420.788805 0.8867924528301887 0.03773584905660377 0.07547169811320754 0.45 0.1 0.1 0.2 0.1 0.05 0.0 0.0 0.49019607843137253 0.35294117647058826 0.0392156862745098 0.0784313725490196 0.0392156862745098 renqiuchen 6Сʱ_mousemovements
132.73812830000003 296.142115 717.6562005000001 0 1270.425049 1701.599487 0 1755.28064 271.86513766666667 546.867645 1049.394722 715.4614613333333 85.91871350000001 89.274811 715.7162676666667 29.739885 0.15 0.1 0.15 0.15 0.2 0.05 0.15 0.05 164.97256715789473 122.478477 95.94093366666668 0.9344262295081968 0.01639344262295082 0.04918032786885246 0.5 0.15 0.2 0.0 0.05 0.05 0.0 0.05 0.5769230769230769 0.15384615384615385 0.1346153846153846 0.07692307692307693 0.057692307692307696 renqiuchen 6Сʱ_mousemovements
199.897344625 2043.980835 1148.5938006666665 739.6198425 2002.854309 633.232788 0 2086.894531 750.784363 834.0088806666668 1045.9696493333333 214.31001016666667 142.66006733333333 104.688568 1992.996582 0 0.037037037037037035 0.2222222222222222 0.3333333333333333 0.2222222222222222 0.1111111111111111 0.037037037037037035 0.037037037037037035 0.0 195.3131208295454 633.232788 579.6512415000001 0.967032967032967 0.01098901098901099 0.02197802197802198 0.5925925925925926 0.037037037037037035 0.1111111111111111 0.07407407407407407 0.07407407407407407 0.037037037037037035 0.0 0.07407407407407407 0.5632183908045977 0.27586206896551724 0.12643678160919541 0.022988505747126436 0.011494252873563218 renqiuchen 6Сʱ_mousemovements
108.43532905882354 503.0220693333334 523.9141235 703.302979 1533.8659975 729.5923465 0 1737.408936 457.62439725 23.239405 537.0161413333334 112.4595424 456.6432446666667 1737.408936 709.063673 417.47472400000004 0.14285714285714285 0.03571428571428571 0.10714285714285714 0.35714285714285715 0.10714285714285714 0.03571428571428571 0.14285714285714285 0.07142857142857142 147.95270793243242 131.646469 71.944199 0.9367088607594937 0.012658227848101266 0.05063291139240506 0.6071428571428571 0.10714285714285714 0.07142857142857142 0.03571428571428571 0.07142857142857142 0.07142857142857142 0.0 0.03571428571428571 0.5342465753424658 0.2465753424657534 0.1506849315068493 0.0273972602739726 0.0410958904109589 renqiuchen 6Сʱ_mousemovements
228.6458081 828.568848 602.6205672499999 664.999347 0 0 1367.3878173333333 1302.3269655 1407.6706545 1094.3402506666669 613.9063414999999 399.7976816 467.04672637500005 129.70755925 403.69865933333335 351.109937 0.05714285714285714 0.08571428571428572 0.05714285714285714 0.2857142857142857 0.22857142857142856 0.11428571428571428 0.08571428571428572 0.08571428571428572 164.9936350515464 0 229.924849625 0.9238095238095239 0.0 0.0761904761904762 0.5714285714285714 0.02857142857142857 0.11428571428571428 0.14285714285714285 0.0 0.0 0.08571428571428572 0.05714285714285714 0.48484848484848486 0.3434343434343434 0.06060606060606061 0.04040404040404041 0.0707070707070707 renqiuchen 6Сʱ_mousemovements
195.97074690909093 761.1427765000001 0 0 840.632202 0 1072.113892 0 205.24408680000002 693.88384 0 303.106232 816.5404965 280.546356 101.13727 63.829788 0.3333333333333333 0.2 0.0 0.06666666666666667 0.13333333333333333 0.06666666666666667 0.13333333333333333 0.06666666666666667 112.083446625 0 553.685999 0.9523809523809523 0.0 0.047619047619047616 0.7333333333333333 0.13333333333333333 0.0 0.0 0.06666666666666667 0.0 0.06666666666666667 0.0 0.5789473684210527 0.2631578947368421 0.05263157894736842 0.05263157894736842 0.05263157894736842 renqiuchen 6Сʱ_mousemovements
0 0 0 0 0 0 0 0 0 0 0 0 0 0 0 0 0 0 0 0 0 0 0 0 0 0 0 0 0 0 0 0 0 0 0 0 0 0 0 0 0 0 0 renqiuchen 6Сʱ_mousemovements
0 0 0 0 0 0 0 0 0 0 0 0 0 0 0 0 0 0 0 0 0 0 0 0 0 0 0 0 0 0 0 0 0 0 0 0 0 0 0 0 0 0 0 renqiuchen 6Сʱ_mousemovements
298.598602 0 0 0 0 1231.3985595 0 0 0 90.909088 1592.352295 0 506.288116 870.444824 0 0 0.0 0.25 0.25 0.0 0.25 0.25 0.0 0.0 247.42376958333332 90.909088 0 0.9230769230769231 0.07692307692307693 0.0 0.5 0.0 0.0 0.0 0.0 0.5 0.0 0.0 0.6153846153846154 0.15384615384615385 0.15384615384615385 0.07692307692307693 0.0 renqiuchen 6Сʱ_mousemovements
214.5622381363637 586.6906026666667 0 678.5387676666666 470.125946 835.287048 0 1994.053589 691.2403848 348.48208099999994 335.8746795 499.5789286666666 182.414974625 509.634302 405.2299845 164.91287466666668 0.15625 0.09375 0.0625 0.09375 0.25 0.125 0.125 0.09375 122.82392369473686 341.418671 45.99307616666666 0.9313725490196079 0.00980392156862745 0.058823529411764705 0.6875 0.09375 0.0 0.09375 0.0625 0.03125 0.0 0.03125 0.5520833333333334 0.2916666666666667 0.10416666666666667 0.041666666666666664 0.010416666666666666 renqiuchen 6Сʱ_mousemovements
132.2175397857143 381.18368840000005 451.28950000000003 935.8481343333333 708.965332 2372.0531005000003 0 884.301697 182.96797080000002 892.94252 456.372223 399.94581828571427 16.889399 815.30274975 216.32816599999998 1674.802612 0.16666666666666666 0.2 0.03333333333333333 0.23333333333333334 0.13333333333333333 0.13333333333333333 0.06666666666666667 0.03333333333333333 129.56586766037736 0 111.88486290909091 0.905982905982906 0.0 0.09401709401709402 0.4666666666666667 0.16666666666666666 0.1 0.1 0.06666666666666667 0.06666666666666667 0.0 0.03333333333333333 0.6090909090909091 0.22727272727272727 0.07272727272727272 0.03636363636363636 0.05454545454545454 renqiuchen 6Сʱ_mousemovements
118.90545976923077 653.2389849999998 555.2001585999999 906.3991012500001 1316.891394 594.3265535 0 906.137939 972.682141125 510.80338300000005 474.87797550000005 325.7853596666667 181.2228605 619.8788793333333 573.04364 892.2411835999999 0.20512820512820512 0.1282051282051282 0.15384615384615385 0.07692307692307693 0.20512820512820512 0.07692307692307693 0.02564102564102564 0.1282051282051282 161.79585238532113 321.97792066666665 390.4085384 0.8934426229508197 0.02459016393442623 0.08196721311475409 0.3333333333333333 0.23076923076923078 0.1282051282051282 0.10256410256410256 0.1282051282051282 0.05128205128205128 0.0 0.02564102564102564 0.6581196581196581 0.18803418803418803 0.07692307692307693 0.06837606837606838 0.008547008547008548 renqiuchen 6Сʱ_mousemovements
277.07148 1092.01062 1033.4597165 0 0 0 0 0 0 0 772.170334 725.363403 101.812912 1341.55603 0 0 0.0 0.0 0.4 0.2 0.2 0.2 0.0 0.0 337.552092090909 0 0 1.0 0.0 0.0 0.4 0.2 0.4 0.0 0.0 0.0 0.0 0.0 0.6666666666666666 0.3333333333333333 0.0 0.0 0.0 renqiuchen 6Сʱ_mousemovements
0 277.992493 0 0 0 0 0 0 0 0 277.992493 0 0 0 0 0 0.0 0.0 1.0 0.0 0.0 0.0 0.0 0.0 55.598498600000006 0 0 1.0 0.0 0.0 0.0 1.0 0.0 0.0 0.0 0.0 0.0 0.0 0.25 0.75 0.0 0.0 0.0 renqiuchen 6Сʱ_mousemovements
258.13772700000004 0 0 0 0 0 0 0 233.086212 0 0 0 295.93378966666666 300.279205 0 127.659576 0.16666666666666666 0.0 0.0 0.0 0.5 0.16666666666666666 0.0 0.16666666666666666 96.80164762500002 0 0 1.0 0.0 0.0 1.0 0.0 0.0 0.0 0.0 0.0 0.0 0.0 0.6923076923076923 0.23076923076923078 0.07692307692307693 0.0 0.0 renqiuchen 6Сʱ_mousemovements
275.910279 174.72423550000002 402.495972 1931.8845215000001 0 0 797.493835 0 0 0 369.4192656 0 226.465791 0 1422.0883383333332 0 0.0 0.0 0.45454545454545453 0.0 0.2727272727272727 0.0 0.2727272727272727 0.0 172.33982320588234 0 466.6023635 0.9444444444444444 0.0 0.05555555555555555 0.45454545454545453 0.18181818181818182 0.09090909090909091 0.18181818181818182 0.0 0.0 0.09090909090909091 0.0 0.6 0.2 0.02857142857142857 0.11428571428571428 0.05714285714285714 renqiuchen 6Сʱ_mousemovements
92.514717 428.540085 0 0 0 0 0 0 0 0 0 0 346.000126 0 0 257.594635 0.0 0.0 0.0 0.0 0.6666666666666666 0.0 0.0 0.3333333333333333 158.2658145 0 0 1.0 0.0 0.0 0.3333333333333333 0.6666666666666666 0.0 0.0 0.0 0.0 0.0 0.0 0.6666666666666666 0.0 0.3333333333333333 0.0 0.0 renqiuchen 6Сʱ_mousemovements
0 0 0 0 0 0 0 0 0 0 0 0 0 0 0 0 0 0 0 0 0 0 0 0 0 0 0 0 0 0 0 0 0 0 0 0 0 0 0 0 0 0 0 renqiuchen 6Сʱ_mousemovements
374.055893 0 0 0 0 0 0 0 0 0 733.911682 284.09194575 0 0 0 0 0.0 0.0 0.2 0.8 0.0 0.0 0.0 0.0 116.8924665625 0 0 1.0 0.0 0.0 1.0 0.0 0.0 0.0 0.0 0.0 0.0 0.0 0.7272727272727273 0.0 0.0 0.09090909090909091 0.18181818181818182 renqiuchen 6Сʱ_mousemovements
340.15493435714285 187.252991 505.75775150000004 2025.764404 1085.708496 0 0 0 0 1176.390991 1106.5086975 150.83437179999999 200.0 352.15081000000004 689.5229795 458.66636819999997 0.0 0.05263157894736842 0.10526315789473684 0.2631578947368421 0.05263157894736842 0.15789473684210525 0.10526315789473684 0.2631578947368421 179.20719875999995 0 56.025268499999996 0.9615384615384616 0.0 0.038461538461538464 0.7368421052631579 0.05263157894736842 0.10526315789473684 0.05263157894736842 0.05263157894736842 0.0 0.0 0.0 0.7083333333333334 0.16666666666666666 0.08333333333333333 0.020833333333333332 0.020833333333333332 renqiuchen 6Сʱ_mousemovements
107.74531228571428 180.842247 528.7436116666667 0 433.360443 2720.320068 0 0 1437.8321685 180.842247 381.0275365 126.555702 280.982559 203.012497 32.106778999999996 619.679688 0.14285714285714285 0.14285714285714285 0.14285714285714285 0.07142857142857142 0.21428571428571427 0.07142857142857142 0.14285714285714285 0.07142857142857142 132.61941975 94.675871 180.842247 0.9090909090909091 0.045454545454545456 0.045454545454545456 0.5 0.14285714285714285 0.21428571428571427 0.0 0.07142857142857142 0.07142857142857142 0.0 0.0 0.45 0.275 0.125 0.1 0.05 renqiuchen 6Сʱ_mousemovements
180.5135385 434.17041 547.801147 0 1087.650269 578.730133 0 0 347.7149505 300.73654350000004 0 507.1629335 339.855835 175.235489 1087.650269 56.33704 0.18181818181818182 0.18181818181818182 0.0 0.18181818181818182 0.18181818181818182 0.09090909090909091 0.09090909090909091 0.09090909090909091 88.30214847619048 61.224491 540.248596 0.9545454545454546 0.022727272727272728 0.022727272727272728 0.5454545454545454 0.09090909090909091 0.09090909090909091 0.0 0.09090909090909091 0.18181818181818182 0.0 0.0 0.6052631578947368 0.23684210526315788 0.05263157894736842 0.02631578947368421 0.07894736842105263 renqiuchen 6Сʱ_mousemovements
193.06206953846157 1437.584961 844.643219 1013.146332 1394.3529055 1647.8946329999999 1228.8518065 1140.3684385000001 0 1397.7855835 805.724333 762.7152456666666 282.9819126 107.0693245 869.4515076666667 1095.6895104999999 0.0 0.06666666666666667 0.13333333333333333 0.2 0.16666666666666666 0.06666666666666667 0.1 0.26666666666666666 256.96826676119406 926.9965364999999 668.20469325 0.8933333333333333 0.05333333333333334 0.05333333333333334 0.43333333333333335 0.06666666666666667 0.06666666666666667 0.13333333333333333 0.06666666666666667 0.1 0.06666666666666667 0.06666666666666667 0.5 0.3055555555555556 0.09722222222222222 0.05555555555555555 0.041666666666666664 renqiuchen 6Сʱ_mousemovements
245.7103998 244.18121566666665 547.866882 612.4973295 0 1147.161377 0 0 411.732574 388.9127016666667 313.615402 278.7618685 197.43843566666666 262.17938250000003 578.5078126666666 494.247833 0.058823529411764705 0.17647058823529413 0.11764705882352941 0.11764705882352941 0.17647058823529413 0.11764705882352941 0.17647058823529413 0.058823529411764705 128.38223262790697 0 196.41152 0.9347826086956522 0.0 0.06521739130434782 0.5882352941176471 0.17647058823529413 0.058823529411764705 0.11764705882352941 0.0 0.058823529411764705 0.0 0.0 0.475 0.375 0.125 0.025 0.0 renqiuchen 6Сʱ_mousemovements
129.35018864705881 581.352234 557.388062 1464.993896 655.6567075 0 0 0 40.560493 206.46817457142856 555.7272069999999 185.08631633333334 75.537516 315.579333 0 676.644775 0.045454545454545456 0.3181818181818182 0.18181818181818182 0.13636363636363635 0.13636363636363635 0.13636363636363635 0.0 0.045454545454545456 101.99001392592592 282.9897845 40.560493 0.9473684210526315 0.03508771929824561 0.017543859649122806 0.7727272727272727 0.045454545454545456 0.045454545454545456 0.045454545454545456 0.09090909090909091 0.0 0.0 0.0 0.5576923076923077 0.23076923076923078 0.1346153846153846 0.057692307692307696 0.019230769230769232 renqiuchen 6Сʱ_mousemovements
366.20221266666664 1174.2682875 772.6320155000001 638.612976 0 0 661.8960420000001 0 121.812851 756.8626787500001 1005.3891753333334 556.3526995 0 363.5897483333334 98.08941466666666 1017.0578155000001 0.05555555555555555 0.2222222222222222 0.16666666666666666 0.1111111111111111 0.0 0.16666666666666666 0.16666666666666666 0.1111111111111111 206.02798502000002 197.692734 99.09881299999999 0.9433962264150944 0.018867924528301886 0.03773584905660377 0.5 0.1111111111111111 0.2222222222222222 0.05555555555555555 0.0 0.0 0.1111111111111111 0.0 0.6086956521739131 0.2608695652173913 0.06521739130434782 0.06521739130434782 0.0 renqiuchen 6Сʱ_mousemovements
0 0 0 0 0 0 0 0 0 0 0 0 0 0 0 0 0 0 0 0 0 0 0 0 0 0 0 0 0 0 0 0 0 0 0 0 0 0 0 0 0 0 0 renqiuchen 6Сʱ_mousemovements
367.814913125 261.44480400000003 254.2647935 0 0 0 0 0 244.71065266666665 0 254.2647935 129.529678 329.787231 0 19.200001 502.8409697999999 0.23076923076923078 0.0 0.15384615384615385 0.07692307692307693 0.07692307692307693 0.0 0.07692307692307693 0.38461538461538464 71.76150797916667 148.164871 107.11100833333334 0.8727272727272727 0.01818181818181818 0.10909090909090909 0.6153846153846154 0.23076923076923078 0.15384615384615385 0.0 0.0 0.0 0.0 0.0 0.5925925925925926 0.24074074074074073 0.07407407407407407 0.07407407407407407 0.018518518518518517 renqiuchen 6Сʱ_mousemovements
99.2714826923077 212.08955866666665 94.278831 0 0 0 0 1169.990601 1321.499268 156.11097166666664 33.023331 458.86809300000004 31.25 115.78019 108.96993257142857 125.8892365 0.05263157894736842 0.15789473684210525 0.05263157894736842 0.15789473684210525 0.05263157894736842 0.05263157894736842 0.3684210526315789 0.10526315789473684 68.80703085185185 94.278831 110.23989739999999 0.9 0.016666666666666666 0.08333333333333333 0.6842105263157895 0.15789473684210525 0.05263157894736842 0.0 0.0 0.0 0.0 0.10526315789473684 0.5 0.2857142857142857 0.07142857142857142 0.10714285714285714 0.03571428571428571 renqiuchen 6Сʱ_mousemovements
195.670741 312.10974719999996 475.879456 0 0 0 919.039673 0 0 81.937317 344.36231624999994 557.906929 192.515305 0 0 387.3821715 0.0 0.1 0.4 0.2 0.1 0.0 0.0 0.2 82.3403654375 138.019119 192.39231875 0.8648648648648649 0.02702702702702703 0.10810810810810811 0.3 0.5 0.1 0.0 0.0 0.0 0.1 0.0 0.6571428571428571 0.2 0.08571428571428572 0.05714285714285714 0.0 renqiuchen 6Сʱ_mousemovements
117.22303775 329.4151094 717.7854765 887.702769 516.818176 0 0 0 0 474.33242179999996 346.3938743333333 336.7174874 75.944168 113.579666 250.93756100000002 707.2635799999999 0.0 0.2631578947368421 0.15789473684210525 0.2631578947368421 0.05263157894736842 0.05263157894736842 0.10526315789473684 0.10526315789473684 91.33287308333334 113.579666 200.85065425 0.8695652173913043 0.014492753623188406 0.11594202898550725 0.42105263157894735 0.2631578947368421 0.10526315789473684 0.15789473684210525 0.05263157894736842 0.0 0.0 0.0 0.671875 0.21875 0.046875 0.015625 0.046875 renqiuchen 6Сʱ_mousemovements
181.25761672727273 616.00672725 536.3713012000001 1102.526611 1134.7467043333334 0 0 0 155.084991 327.784576 578.9631456 297.6314468333333 147.557678 319.629181 537.6831945714285 1126.020363 0.041666666666666664 0.041666666666666664 0.20833333333333334 0.25 0.041666666666666664 0.041666666666666664 0.2916666666666667 0.08333333333333333 171.55173978125 95.4922795 238.09400900000003 0.9411764705882353 0.029411764705882353 0.029411764705882353 0.4583333333333333 0.16666666666666666 0.20833333333333334 0.041666666666666664 0.125 0.0 0.0 0.0 0.5245901639344263 0.3114754098360656 0.09836065573770492 0.06557377049180328 0.0 renqiuchen 6Сʱ_mousemovements
175.632649 342.94088750000003 318.827148 686.5106049999999 3162.230225 1446.0051270000001 0 0 0 1443.3699158 0 207.78225566666666 186.5239815 312.509811 207.8274995 407.480225 0.0 0.3333333333333333 0.0 0.2 0.13333333333333333 0.13333333333333333 0.13333333333333333 0.06666666666666667 154.90756103773586 0 290.259684 0.9137931034482759 0.0 0.08620689655172414 0.4666666666666667 0.13333333333333333 0.06666666666666667 0.13333333333333333 0.06666666666666667 0.13333333333333333 0.0 0.0 0.6923076923076923 0.21153846153846154 0.019230769230769232 0.038461538461538464 0.038461538461538464 renqiuchen 6Сʱ_mousemovements
214.15628485714288 603.8572995 433.275299 573.469299 0 0 0 0 0 573.469299 338.14612120000004 0 181.704844 0 763.150146 141.088608 0.0 0.09090909090909091 0.45454545454545453 0.0 0.2727272727272727 0.0 0.09090909090909091 0.09090909090909091 108.27234371999997 0 503.372299 0.9259259259259259 0.0 0.07407407407407407 0.6363636363636364 0.18181818181818182 0.09090909090909091 0.09090909090909091 0.0 0.0 0.0 0.0 0.5833333333333334 0.20833333333333334 0.125 0.08333333333333333 0.0 renqiuchen 6Сʱ_mousemovements
0 0 0 0 0 0 0 0 0 0 0 0 0 0 0 0 0 0 0 0 0 0 0 0 0.0 0 0 1.0 0.0 0.0 0 0 0 0 0 0 0 0 0 0 0 0 0 renqiuchen 6Сʱ_mousemovements
212.0678833333333 0 1715.0573933333333 1937.1199746666668 0 834.289734 0 0 0 1172.6817325 1589.1730040000002 10.029883 320.389404 1697.2753599999999 0 0 0.0 0.2 0.4 0.1 0.1 0.2 0.0 0.0 551.5574224285714 10.029883 834.289734 0.9130434782608695 0.043478260869565216 0.043478260869565216 0.3 0.0 0.3 0.3 0.0 0.1 0.0 0.0 0.7619047619047619 0.14285714285714285 0.047619047619047616 0.047619047619047616 0.0 renqiuchen 6Сʱ_mousemovements
0 0 0 0 0 0 0 0 0 0 0 0 0 0 0 0 0 0 0 0 0 0 0 0 0.0 0 0 1.0 0.0 0.0 0 0 0 0 0 0 0 0 0.0 1.0 0.0 0.0 0.0 renqiuchen 6Сʱ_mousemovements
284.1071063333333 0 0 0 0 0 0 0 198.355011 0 0 0 0 367.056854 286.909454 0 0.3333333333333333 0.0 0.0 0.0 0.0 0.3333333333333333 0.3333333333333333 0.0 121.76018842857142 0 0 1.0 0.0 0.0 1.0 0.0 0.0 0.0 0.0 0.0 0.0 0.0 0.3333333333333333 0.6666666666666666 0.0 0.0 0.0 renqiuchen 6Сʱ_mousemovements
98.26671800000001 874.6541897500001 195.073547 0 0 1360.699097 1073.459961 1092.884521 1092.884521 5.976068 0 708.2088385 118.93093742857143 1339.2513275000001 195.073547 282.806179 0.05555555555555555 0.05555555555555555 0.0 0.2222222222222222 0.3888888888888889 0.1111111111111111 0.05555555555555555 0.1111111111111111 131.48753294117648 352.916656 286.15505724999997 0.9107142857142857 0.017857142857142856 0.07142857142857142 0.5555555555555556 0.2222222222222222 0.05555555555555555 0.0 0.0 0.05555555555555555 0.05555555555555555 0.05555555555555555 0.52 0.24 0.12 0.1 0.02 renqiuchen 6Сʱ_mousemovements
339.313721 603.8371936666667 428.768097 1030.375244 534.958313 505.561859 1285.6206665 0 1028.0565185 215.705986 0 861.0874084 0 0 0 428.768097 0.2 0.2 0.0 0.5 0.0 0.0 0.0 0.1 130.1603670909091 0 487.7396723333333 0.8461538461538461 0.0 0.15384615384615385 0.1 0.3 0.1 0.1 0.1 0.1 0.2 0.0 0.6875 0.125 0.0625 0.09375 0.03125 renqiuchen 6Сʱ_mousemovements
202.8502875263158 207.035767 456.966431 1455.189453 0 1291.15625 0 0 272.558502 323.132874 980.028183 162.2413675 132.15968066666667 468.285614 1291.15625 203.54143766666667 0.043478260869565216 0.043478260869565216 0.08695652173913043 0.08695652173913043 0.2608695652173913 0.043478260869565216 0.043478260869565216 0.391304347826087 129.72327435714286 0 0 1.0 0.0 0.0 0.8260869565217391 0.043478260869565216 0.043478260869565216 0.043478260869565216 0.0 0.043478260869565216 0.0 0.0 0.5471698113207547 0.2641509433962264 0.1320754716981132 0.0 0.05660377358490566 renqiuchen 6Сʱ_mousemovements
164.95370266666666 567.5016633333333 0 536.348267 0 870.7870485 0 2509.294434 589.493843 495.213486 921.9963709999998 286.7724596666667 585.3642005 239.244202 256.2037863333333 0 0.125 0.125 0.1875 0.1875 0.125 0.0625 0.1875 0.0 186.0095982926829 181.748001 55.38786033333334 0.9111111111111111 0.022222222222222223 0.06666666666666667 0.5625 0.1875 0.0 0.0625 0.0 0.125 0.0 0.0625 0.4418604651162791 0.3023255813953488 0.20930232558139536 0.0 0.046511627906976744 renqiuchen 6Сʱ_mousemovements
216.6135657142857 384.665909 0 0 0 0 0 0 421.28111800000005 54.6603315 231.627533 277.917614 125.0 0 0 0 0.3333333333333333 0.2222222222222222 0.1111111111111111 0.2222222222222222 0.1111111111111111 0.0 0.0 0.0 103.89212627272728 0 0 1.0 0.0 0.0 0.7777777777777778 0.2222222222222222 0.0 0.0 0.0 0.0 0.0 0.0 0.47368421052631576 0.3684210526315789 0.0 0.15789473684210525 0.0 renqiuchen 6Сʱ_mousemovements
635.855835 325.367859 0 551.165161 695.944397 0 0 0 0 0 695.944397 907.518921 0 0 534.35935975 375.0 0.0 0.0 0.14285714285714285 0.14285714285714285 0.0 0.0 0.5714285714285714 0.14285714285714285 293.9929112142857 0 0 1.0 0.0 0.0 0.5714285714285714 0.14285714285714285 0.0 0.14285714285714285 0.14285714285714285 0.0 0.0 0.0 0.5833333333333334 0.16666666666666666 0.08333333333333333 0.16666666666666666 0.0 renqiuchen 6Сʱ_mousemovements
170.959053125 458.98347479999995 736.234192 1117.635559 330.820129 1272.38855 0 0 568.59008025 301.970488 676.6876426666666 766.9455873333333 32.258064 145.90847633333334 373.578796 184.540512 0.2222222222222222 0.1111111111111111 0.16666666666666666 0.16666666666666666 0.05555555555555555 0.16666666666666666 0.05555555555555555 0.05555555555555555 145.93877024 330.820129 203.1817156666667 0.9259259259259259 0.018518518518518517 0.05555555555555555 0.4444444444444444 0.2777777777777778 0.05555555555555555 0.1111111111111111 0.05555555555555555 0.05555555555555555 0.0 0.0 0.56 0.32 0.08 0.04 0.0 renqiuchen 6Сʱ_mousemovements
35.0313195 545.508423 511.163269 927.577026 0 738.218567 0 0 0 568.451004 511.163269 0 0 7.562639 0 0 0.0 0.6666666666666666 0.16666666666666666 0.0 0.0 0.16666666666666666 0.0 0.0 198.9262346428571 0 7.562639 0.9333333333333333 0.0 0.06666666666666667 0.3333333333333333 0.16666666666666666 0.16666666666666666 0.16666666666666666 0.0 0.16666666666666666 0.0 0.0 0.6428571428571429 0.07142857142857142 0.21428571428571427 0.07142857142857142 0.0 renqiuchen 6Сʱ_mousemovements
0 29.366259 0 0 541.605042 416.788208 1031.16391 1160.847168 541.605042 1011.404236 0 416.788208 0 0 29.366259 1105.885376 0.14285714285714285 0.14285714285714285 0.0 0.2857142857142857 0.0 0.0 0.14285714285714285 0.2857142857142857 80.4537557037037 0 491.0942602 0.84375 0.0 0.15625 0.0 0.14285714285714285 0.0 0.0 0.14285714285714285 0.2857142857142857 0.2857142857142857 0.14285714285714285 0.4074074074074074 0.37037037037037035 0.037037037037037035 0.1111111111111111 0.07407407407407407 renqiuchen 6Сʱ_mousemovements
222.5147098 434.85254933333334 0 0 1269.085205 1026.0448915 853.08606 0 308.7225746666667 0 694.686096 556.5057958333333 125.979739 395.8154525 61.487545 1391.0523685 0.16666666666666666 0.0 0.05555555555555555 0.3333333333333333 0.16666666666666666 0.1111111111111111 0.05555555555555555 0.1111111111111111 137.08676918749998 476.782959 638.7010396666666 0.9230769230769231 0.019230769230769232 0.057692307692307696 0.5555555555555556 0.16666666666666666 0.0 0.0 0.1111111111111111 0.1111111111111111 0.05555555555555555 0.0 0.5319148936170213 0.2765957446808511 0.0851063829787234 0.0851063829787234 0.02127659574468085 renqiuchen 6Сʱ_mousemovements
596.8683786666667 405.66870100000006 701.5351563333334 1635.633545 0 0 0 1773.364502 27.448076 1316.545822 697.8801575 711.2571333333334 14.463392 421.111511 0 526.5409545 0.07142857142857142 0.2857142857142857 0.14285714285714285 0.21428571428571427 0.07142857142857142 0.07142857142857142 0.0 0.14285714285714285 233.96795905128207 774.58429 137.495066 0.9069767441860465 0.023255813953488372 0.06976744186046512 0.42857142857142855 0.21428571428571427 0.21428571428571427 0.07142857142857142 0.0 0.0 0.0 0.07142857142857142 0.5116279069767442 0.27906976744186046 0.16279069767441862 0.046511627906976744 0.0 renqiuchen 6Сʱ_mousemovements
109.98548233333334 360.463989 1337.996826 0 209.017014 0 0 0 589.4744946666667 201.483139 0 0 209.017014 0 58.510639 0 0.5 0.16666666666666666 0.0 0.0 0.16666666666666666 0.0 0.16666666666666666 0.0 125.13135246666667 0 360.463989 0.9375 0.0 0.0625 0.5 0.16666666666666666 0.16666666666666666 0.0 0.16666666666666666 0.0 0.0 0.0 0.5 0.2857142857142857 0.21428571428571427 0.0 0.0 renqiuchen 6Сʱ_mousemovements
134.47860350000002 681.311142 339.940155 295.804932 0 3899.132324 1411.024048 0 685.3754275 42.553192 1751.2086790000003 234.450211 0 224.16402449999998 1411.024048 0 0.16666666666666666 0.08333333333333333 0.25 0.08333333333333333 0.0 0.3333333333333333 0.08333333333333333 0.0 223.25886176315794 429.418762 147.902466 0.926829268292683 0.024390243902439025 0.04878048780487805 0.3333333333333333 0.3333333333333333 0.08333333333333333 0.08333333333333333 0.0 0.08333333333333333 0.08333333333333333 0.0 0.5277777777777778 0.2222222222222222 0.25 0.0 0.0 renqiuchen 6Сʱ_mousemovements
271.67221566666666 509.405853 0 504.152557 0 0 0 0 0 361.48427549999997 0 0 218.51651 443.54499799999996 0 0 0.0 0.4 0.0 0.0 0.2 0.4 0.0 0.0 182.8575057 0 0 1.0 0.0 0.0 0.6 0.2 0.0 0.2 0.0 0.0 0.0 0.0 0.25 0.625 0.0 0.125 0.0 renqiuchen 6Сʱ_mousemovements
0 0 0 0 0 0 0 0 0 0 0 0 0 0 0 0 0 0 0 0 0 0 0 0 0 0 0 0 0 0 0 0 0 0 0 0 0 0 0 0 0 0 0 renqiuchen 6Сʱ_mousemovements
210.355148 445.309517 0 0 0 0 0 0 0 647.73468 0 0 210.355148 242.884354 0 0 0.0 0.3333333333333333 0.0 0.0 0.3333333333333333 0.3333333333333333 0.0 0.0 183.49569699999998 0 0 1.0 0.0 0.0 0.3333333333333333 0.6666666666666666 0.0 0.0 0.0 0.0 0.0 0.0 0.4 0.4 0.2 0.0 0.0 renqiuchen 6Сʱ_mousemovements
0 0 0 0 0 0 0 0 0 0 0 0 0 0 0 0 0 0 0 0 0 0 0 0 0 0 0 0 0 0 0 0 0 0 0 0 0 0 0 0 0 0 0 renqiuchen 6Сʱ_mousemovements
0 0 0 0 0 0 0 0 0 0 0 0 0 0 0 0 0 0 0 0 0 0 0 0 0 0 0 0 0 0 0 0 0 0 0 0 0 0 0 0 0 0 0 renqiuchen 6Сʱ_mousemovements
90.88526925 232.4214476666667 570.954285 0 649.366714 0 0 0 184.24707 234.927574 166.373764 203.054428 93.75 570.954285 414.08614600000004 0 0.1 0.2 0.1 0.1 0.1 0.1 0.3 0.0 67.69513288461539 408.701385 253.90609766666668 0.8666666666666667 0.03333333333333333 0.1 0.4 0.3 0.1 0.0 0.2 0.0 0.0 0.0 0.6071428571428571 0.10714285714285714 0.21428571428571427 0.03571428571428571 0.03571428571428571 renqiuchen 6Сʱ_mousemovements
80.64525816666666 332.2114715 301.665062 686.502686 0 0 1028.427979 0 181.08406566666667 309.901554 390.80883975 236.4796905 51.714833999999996 244.440598 27.5339795 82.956841 0.15 0.25 0.2 0.1 0.1 0.05 0.1 0.05 22.354826775 244.440598 234.72936663636364 0.8695652173913043 0.010869565217391304 0.11956521739130435 0.6 0.2 0.1 0.05 0.0 0.0 0.05 0.0 0.651685393258427 0.20224719101123595 0.06741573033707865 0.06741573033707865 0.011235955056179775 renqiuchen 6Сʱ_mousemovements
0 0 0 0 0 0 0 0 0 0 0 0 0 0 0 0 0 0 0 0 0 0 0 0 0 0 0 0 0 0 0 0 0 0 0 0 0 0 0 0 0 0 0 renqiuchen 6Сʱ_mousemovements
0 0 0 0 0 0 0 0 0 0 0 0 0 0 0 0 0 0 0 0 0 0 0 0 0 0 0 0 0 0 0 0 0 0 0 0 0 0 0 0 0 0 0 renqiuchen 6Сʱ_mousemovements
793.078003 759.211365 0 0 0 0 0 0 793.078003 0 0 0 0 759.211365 0 0 0.5 0.0 0.0 0.0 0.0 0.5 0.0 0.0 258.7148946666667 0 0 1.0 0.0 0.0 0.5 0.5 0.0 0.0 0.0 0.0 0.0 0.0 0.8 0.2 0.0 0.0 0.0 renqiuchen 6Сʱ_mousemovements
0 0 0 0 0 0 0 0 0 0 0 0 0 0 0 0 0 0 0 0 0 0 0 0 0 0 0 0 0 0 0 0 0 0 0 0 0 0 0 0 0 0 0 renqiuchen 6Сʱ_mousemovements
276.79833183333335 0 721.04834 0 0 0 0 0 0 266.2747425 295.2268463333333 242.559967 0 0 0 721.04834 0.0 0.2857142857142857 0.42857142857142855 0.14285714285714285 0.0 0.0 0.0 0.14285714285714285 170.13130935714284 0 0 1.0 0.0 0.0 0.8571428571428571 0.0 0.14285714285714285 0.0 0.0 0.0 0.0 0.0 0.5454545454545454 0.09090909090909091 0.2727272727272727 0.0 0.09090909090909091 renqiuchen 6Сʱ_mousemovements
145.079216 887.800293 0 0 0 0 0 0 1125.510986 0 650.0896 0 123.581787 0 166.576645 0 0.25 0.0 0.25 0.0 0.25 0.0 0.25 0.0 258.21987725 0 0 1.0 0.0 0.0 0.5 0.5 0.0 0.0 0.0 0.0 0.0 0.0 0.16666666666666666 0.8333333333333334 0.0 0.0 0.0 renqiuchen 6Сʱ_mousemovements
438.6258024 0 2310.377686 1877.751343 0 0 0 0 0 0 0 199.763341 0 0 1877.751343 1301.4055583333331 0.0 0.0 0.0 0.42857142857142855 0.0 0.0 0.14285714285714285 0.42857142857142855 455.80414578571424 0 0 1.0 0.0 0.0 0.7142857142857143 0.0 0.14285714285714285 0.14285714285714285 0.0 0.0 0.0 0.0 0.8181818181818182 0.18181818181818182 0.0 0.0 0.0 renqiuchen 6Сʱ_mousemovements
438.899348 605.2238566666666 661.4480595 241.522354 0 732.6018675 1442.763306 0 184.071945 461.57655866666664 515.982239 670.790919 650.6548765 0 1103.144379 0 0.08333333333333333 0.25 0.08333333333333333 0.25 0.16666666666666666 0.0 0.16666666666666666 0.0 152.9234336 241.522354 1005.456299 0.9210526315789473 0.02631578947368421 0.05263157894736842 0.25 0.25 0.16666666666666666 0.08333333333333333 0.0 0.16666666666666666 0.08333333333333333 0.0 0.4444444444444444 0.3333333333333333 0.19444444444444445 0.0 0.027777777777777776 renqiuchen 6Сʱ_mousemovements
289.08586133333336 0 0 0 0 0 0 0 0 267.721962 0 0 0 331.81366 0 0 0.0 0.6666666666666666 0.0 0.0 0.0 0.3333333333333333 0.0 0.0 78.84159854545454 0 0.0 0.9166666666666666 0.0 0.08333333333333333 1.0 0.0 0.0 0.0 0.0 0.0 0.0 0.0 0.6666666666666666 0.3333333333333333 0.0 0.0 0.0 renqiuchen 6Сʱ_mousemovements
172.19737525 0 1299.878296 464.508179 0 0 0 0 0 425.531921 138.054794 675.1867010000001 0 464.508179 0 74.70768 0.0 0.16666666666666666 0.16666666666666666 0.3333333333333333 0.0 0.16666666666666666 0.0 0.16666666666666666 166.28379928571425 74.70768 50.495106 0.875 0.0625 0.0625 0.6666666666666666 0.0 0.16666666666666666 0.16666666666666666 0.0 0.0 0.0 0.0 0.6 0.26666666666666666 0.0 0.0 0.13333333333333333 renqiuchen 6Сʱ_mousemovements
106.2445231111111 145.41504875 0 0 578.4953 0 0 0 0 108.58290500000001 0 182.2471925 116.1346855 254.610397 78.22015666666667 578.4953 0.0 0.14285714285714285 0.0 0.14285714285714285 0.14285714285714285 0.07142857142857142 0.42857142857142855 0.07142857142857142 35.27076115384615 94.17180133333333 76.38018566666666 0.8125 0.0625 0.125 0.6428571428571429 0.2857142857142857 0.0 0.0 0.07142857142857142 0.0 0.0 0.0 0.6 0.24444444444444444 0.08888888888888889 0.044444444444444446 0.022222222222222223 renqiuchen 6Сʱ_mousemovements
0 0 0 0 0 0 0 0 0 0 0 0 0 0 0 0 0 0 0 0 0 0 0 0 0 0 0 0 0 0 0 0 0 0 0 0 0 0 0 0 0 0 0 renqiuchen 6Сʱ_mousemovements
0 0 0 0 0 0 0 0 0 0 0 0 0 0 0 0 0 0 0 0 0 0 0 0 0 0 0 0 0 0 0 0 0 0 0 0 0 0 0 0 0 0 0 renqiuchen 6Сʱ_mousemovements
170.9462012857143 538.1293029999999 425.26556400000004 535.968445 0 0 0 0 207.63242019999998 748.2624260000001 615.223938 236.9202204285714 263.599293 250.894268 486.91943349999997 320.3197144 0.18518518518518517 0.1111111111111111 0.037037037037037035 0.25925925925925924 0.07407407407407407 0.07407407407407407 0.07407407407407407 0.18518518518518517 98.62439163636363 127.761551 205.59995914285713 0.9058823529411765 0.011764705882352941 0.08235294117647059 0.5185185185185185 0.37037037037037035 0.07407407407407407 0.037037037037037035 0.0 0.0 0.0 0.0 0.5783132530120482 0.2891566265060241 0.07228915662650602 0.03614457831325301 0.024096385542168676 renqiuchen 6Сʱ_mousemovements
252.84199146666668 465.12089549999996 0 867.970764 812.462357 0 681.1714475 0 215.0772453333333 187.3050995 805.8628236666667 365.4240136666667 471.0079243333333 356.2557985 428.68119049999996 265.3774595 0.13636363636363635 0.09090909090909091 0.13636363636363635 0.13636363636363635 0.13636363636363635 0.09090909090909091 0.09090909090909091 0.18181818181818182 86.72255524999998 0 205.038202 0.9090909090909091 0.0 0.09090909090909091 0.6818181818181818 0.09090909090909091 0.0 0.045454545454545456 0.09090909090909091 0.0 0.09090909090909091 0.0 0.5487804878048781 0.2682926829268293 0.0975609756097561 0.07317073170731707 0.012195121951219513 renqiuchen 6Сʱ_mousemovements
214.053033875 842.2004318333333 545.6894348 872.1365355 1003.6195883333334 347.280396 2568.7189025 493.856506 2105.866506 783.0735880000001 544.4561845000001 503.0024973333334 399.63736466666666 493.856506 483.343214 771.5379183333333 0.10714285714285714 0.10714285714285714 0.14285714285714285 0.10714285714285714 0.10714285714285714 0.03571428571428571 0.2857142857142857 0.10714285714285714 189.1606700212766 0 244.66775969999998 0.9038461538461539 0.0 0.09615384615384616 0.2857142857142857 0.21428571428571427 0.17857142857142858 0.07142857142857142 0.10714285714285714 0.03571428571428571 0.07142857142857142 0.03571428571428571 0.6666666666666666 0.21212121212121213 0.06060606060606061 0.050505050505050504 0.010101010101010102 renqiuchen 6Сʱ_mousemovements
190.7304927142857 288.315285 1312.7175243333331 0 0 893.952026 1316.8950805 0 153.383911 3172.89209 880.6112290000001 345.373962 83.2184295 258.9593585 726.990532 176.22432700000002 0.06666666666666667 0.06666666666666667 0.13333333333333333 0.06666666666666667 0.13333333333333333 0.13333333333333333 0.26666666666666666 0.13333333333333333 213.28164200000006 200.448654 109.6805805 0.9333333333333333 0.022222222222222223 0.044444444444444446 0.4666666666666667 0.13333333333333333 0.2 0.0 0.0 0.06666666666666667 0.13333333333333333 0.0 0.6428571428571429 0.23809523809523808 0.047619047619047616 0.07142857142857142 0.0 renqiuchen 6Сʱ_mousemovements
194.42011269565216 382.532242 767.653198 0 1379.1644895 0 0 0 499.130381 475.9612976 460.6528930000001 208.51103314285714 228.00506600000003 0 198.2102395 169.388379 0.13793103448275862 0.1724137931034483 0.10344827586206896 0.2413793103448276 0.10344827586206896 0.0 0.06896551724137931 0.1724137931034483 88.77671751020408 0 111.28079475000001 0.9607843137254902 0.0 0.0392156862745098 0.7931034482758621 0.10344827586206896 0.034482758620689655 0.0 0.06896551724137931 0.0 0.0 0.0 0.54 0.27 0.14 0.02 0.03 renqiuchen 6Сʱ_mousemovements
145.6690504285714 305.618835 455.48703 0 693.222893 0 0 684.7679445 323.00796875 261.076847 161.807785 460.9792863333334 96.770793 615.057007 0 374.000168 0.18181818181818182 0.09090909090909091 0.045454545454545456 0.13636363636363635 0.22727272727272727 0.09090909090909091 0.0 0.22727272727272727 67.10972245588236 496.053925 313.89749666666665 0.9066666666666666 0.013333333333333334 0.08 0.6363636363636364 0.045454545454545456 0.045454545454545456 0.0 0.18181818181818182 0.0 0.0 0.09090909090909091 0.6142857142857143 0.21428571428571427 0.08571428571428572 0.04285714285714286 0.04285714285714286 renqiuchen 6Сʱ_mousemovements
190.71478855555557 405.739029 478.986257 0 661.218872 2660.8222655 997.99823 0 82.6504595 996.6010112499999 563.7361145 0 314.5161285 359.3842646666667 791.873863 0 0.1111111111111111 0.2222222222222222 0.1111111111111111 0.0 0.1111111111111111 0.16666666666666666 0.2777777777777778 0.0 147.22680276190476 392.022736 213.07004150000003 0.9 0.014285714285714285 0.08571428571428572 0.5 0.1111111111111111 0.16666666666666666 0.0 0.05555555555555555 0.1111111111111111 0.05555555555555555 0.0 0.6119402985074627 0.29850746268656714 0.029850746268656716 0.05970149253731343 0.0 renqiuchen 6Сʱ_mousemovements
0 0 0 0 0 0 0 0 0 0 0 0 0 0 0 0 0 0 0 0 0 0 0 0 0 0 0 0 0 0 0 0 0 0 0 0 0 0 0 0 0 0 0 renqiuchen 6Сʱ_mousemovements
0 0 0 0 0 0 0 0 0 0 0 0 0 0 0 0 0 0 0 0 0 0 0 0 0 0 0 0 0 0 0 0 0 0 0 0 0 0 0 0 0 0 0 renqiuchen 6Сʱ_mousemovements
0 0 0 0 0 0 0 0 0 0 0 0 0 0 0 0 0 0 0 0 0 0 0 0 0 0 0 0 0 0 0 0 0 0 0 0 0 0 0 0 0 0 0 renqiuchen 6Сʱ_mousemovements
176.3502585 257.80246725 337.824677 0 703.652405 0 1484.2550045 744.897461 421.171722 418.73787200000004 0 426.935242 1311.3900145 142.6362745 19.23077 269.991844 0.06666666666666667 0.26666666666666666 0.0 0.2 0.13333333333333333 0.13333333333333333 0.06666666666666667 0.13333333333333333 95.74592111538462 107.01915 293.06482066666666 0.8813559322033898 0.01694915254237288 0.1016949152542373 0.4 0.26666666666666666 0.06666666666666667 0.0 0.06666666666666667 0.0 0.13333333333333333 0.06666666666666667 0.5789473684210527 0.2631578947368421 0.03508771929824561 0.08771929824561403 0.03508771929824561 renqiuchen 6Сʱ_mousemovements
200.0992255 476.3181713333333 1233.69165 0 897.3200886666667 568.532654 0 2526.067932 2321.3779680000002 75.2027585 398.137619 757.7840807499999 246.94263699999996 340.83807575000003 407.003265 895.2977089999999 0.08 0.08 0.08 0.16 0.28 0.16 0.04 0.12 194.02762847142859 0 407.828725 0.958904109589041 0.0 0.0410958904109589 0.48 0.24 0.04 0.0 0.12 0.04 0.0 0.08 0.5217391304347826 0.34782608695652173 0.028985507246376812 0.07246376811594203 0.028985507246376812 renqiuchen 6Сʱ_mousemovements
204.71039826315786 312.13119 0 642.2315065 852.9154055 0 479.048615 3554.776367 1253.8650763333333 466.8231372 340.15209716666664 413.8056923333333 96.395706 240.4765734 117.465096 263.93142474999996 0.10714285714285714 0.17857142857142858 0.21428571428571427 0.10714285714285714 0.03571428571428571 0.17857142857142858 0.03571428571428571 0.14285714285714285 119.12142587058825 87.168266 204.69005975 0.9042553191489362 0.010638297872340425 0.0851063829787234 0.6785714285714286 0.10714285714285714 0.0 0.07142857142857142 0.07142857142857142 0.0 0.03571428571428571 0.03571428571428571 0.5632183908045977 0.2988505747126437 0.12643678160919541 0.011494252873563218 0.0 renqiuchen 6Сʱ_mousemovements
142.8709825 256.51539333333335 0 1675.363281 0 1389.24231 651.619934 0 811.0048220000001 538.131775 0 65.682293 0 15.475728 268.389423 1675.363281 0.2 0.2 0.0 0.2 0.0 0.1 0.2 0.1 65.8348906981132 0 224.00091828571428 0.8833333333333333 0.0 0.11666666666666667 0.4 0.3 0.0 0.1 0.0 0.1 0.1 0.0 0.6909090909090909 0.18181818181818182 0.10909090909090909 0.0 0.01818181818181818 renqiuchen 6Сʱ_mousemovements
120.94570329411764 288.9260306666667 712.4422203333334 427.12483199999997 422.92288199999996 584.652954 1602.330322 0 126.924738 443.34664460000005 661.941956 196.29172766666667 415.9090345 295.0367045 687.0915743333334 87.9654176 0.13333333333333333 0.16666666666666666 0.03333333333333333 0.1 0.06666666666666667 0.13333333333333333 0.2 0.16666666666666666 61.35987796116504 1259.299316 247.51866574999997 0.8879310344827587 0.008620689655172414 0.10344827586206896 0.5666666666666667 0.1 0.1 0.06666666666666667 0.06666666666666667 0.03333333333333333 0.06666666666666667 0.0 0.6339285714285714 0.25 0.05357142857142857 0.026785714285714284 0.03571428571428571 renqiuchen 6Сʱ_mousemovements
177.9125474 187.67257966666668 876.4929045 516.330505 641.537506 1884.129272 0 0 0 202.475998 482.3100023333334 0 205.52889266666668 272.131378 405.7323475 664.8936566666666 0.0 0.05263157894736842 0.15789473684210525 0.0 0.15789473684210525 0.05263157894736842 0.42105263157894735 0.15789473684210525 131.13663961111112 8.388752499999999 340.25388350000003 0.9310344827586207 0.034482758620689655 0.034482758620689655 0.5263157894736842 0.15789473684210525 0.10526315789473684 0.05263157894736842 0.10526315789473684 0.05263157894736842 0.0 0.0 0.5 0.22 0.14 0.12 0.02 renqiuchen 6Сʱ_mousemovements
198.95509716666666 215.88377100000002 230.255405 725.7738646666667 577.81546 1509.029419 0 626.276855 85.285133 191.9598425 516.768127 294.3871218571429 212.18621825000002 202.099293 751.4309463333333 602.4907452499999 0.041666666666666664 0.08333333333333333 0.041666666666666664 0.2916666666666667 0.16666666666666666 0.08333333333333333 0.125 0.16666666666666666 63.78811543373494 69.082296 321.0276276363636 0.8645833333333334 0.020833333333333332 0.11458333333333333 0.5 0.125 0.08333333333333333 0.125 0.08333333333333333 0.041666666666666664 0.0 0.041666666666666664 0.6774193548387096 0.21505376344086022 0.010752688172043012 0.06451612903225806 0.03225806451612903 renqiuchen 6Сʱ_mousemovements
91.17704922222222 235.4802895 286.686829 708.8034365000001 162.445755 0 0 0 231.943703 114.70413174999999 211.852844 236.90722033333336 371.136505 821.251343 35.02038 75.2052535 0.11764705882352941 0.23529411764705882 0.058823529411764705 0.17647058823529413 0.11764705882352941 0.058823529411764705 0.11764705882352941 0.11764705882352941 44.004539644736845 162.445755 30.6158225 0.9382716049382716 0.012345679012345678 0.04938271604938271 0.5294117647058824 0.23529411764705882 0.058823529411764705 0.11764705882352941 0.058823529411764705 0.0 0.0 0.0 0.45454545454545453 0.2727272727272727 0.11688311688311688 0.1038961038961039 0.05194805194805195 renqiuchen 6Сʱ_mousemovements
138.74424054545457 253.063873 838.4002441999999 312.61883550000005 635.8999934999999 696.576233 2995.706299 0 559.0531956666666 482.15407625000006 945.50216 96.555725 409.3223475 434.57904833333333 394.30432099999996 173.298248 0.13043478260869565 0.17391304347826086 0.17391304347826086 0.043478260869565216 0.17391304347826086 0.13043478260869565 0.08695652173913043 0.08695652173913043 95.21490430526318 56.70566875 381.388891 0.9047619047619048 0.0380952380952381 0.05714285714285714 0.4782608695652174 0.043478260869565216 0.21739130434782608 0.08695652173913043 0.08695652173913043 0.043478260869565216 0.043478260869565216 0.0 0.6666666666666666 0.21212121212121213 0.06060606060606061 0.030303030303030304 0.030303030303030304 renqiuchen 6Сʱ_mousemovements
188.69945395238096 417.9505096 1533.261475 2066.664307 0 920.229614 0 1023.0650939999999 436.0504669999999 928.4737626666669 54.181252 117.046158 247.89286311111107 663.329646 324.4283408333333 598.5923614999999 0.16129032258064516 0.0967741935483871 0.03225806451612903 0.06451612903225806 0.2903225806451613 0.0967741935483871 0.1935483870967742 0.06451612903225806 123.980500872093 53.091721 380.6623738 0.9347826086956522 0.010869565217391304 0.05434782608695652 0.6774193548387096 0.16129032258064516 0.03225806451612903 0.03225806451612903 0.0 0.03225806451612903 0.0 0.06451612903225806 0.5517241379310345 0.2988505747126437 0.05747126436781609 0.05747126436781609 0.034482758620689655 renqiuchen 6Сʱ_mousemovements
0 0 2176.176758 0 3260.434082 0 0 0 3260.434082 0 0 0 2176.176758 0 0 0 0.5 0.0 0.0 0.0 0.5 0.0 0.0 0.0 776.6586914285715 0 0 1.0 0.0 0.0 0.0 0.0 0.5 0.0 0.5 0.0 0.0 0.0 0.8 0.2 0.0 0.0 0.0 renqiuchen 6Сʱ_mousemovements
0 255.573547 0 0 500.677704 0 0 0 500.677704 0 0 0 0 0 0 255.573547 0.5 0.0 0.0 0.0 0.0 0.0 0.0 0.5 0.0 0 378.1256255 0.8666666666666667 0.0 0.13333333333333333 0.0 0.5 0.0 0.0 0.5 0.0 0.0 0.0 0.7333333333333333 0.13333333333333333 0.0 0.06666666666666667 0.06666666666666667 renqiuchen 6Сʱ_mousemovements
264.38823399999995 440.2446474 0 1048.1548077500001 497.02124 938.8537596666666 1813.0756230000002 898.684631 467.98763340000005 491.30238325000005 710.023132 789.4873885 435.43820500000004 204.024905 718.08225225 1355.741925666667 0.1724137931034483 0.13793103448275862 0.034482758620689655 0.13793103448275862 0.1724137931034483 0.10344827586206896 0.13793103448275862 0.10344827586206896 151.04762639583336 300.319397 310.1049381 0.897196261682243 0.009345794392523364 0.09345794392523364 0.41379310344827586 0.1724137931034483 0.0 0.13793103448275862 0.06896551724137931 0.10344827586206896 0.06896551724137931 0.034482758620689655 0.6078431372549019 0.23529411764705882 0.0784313725490196 0.058823529411764705 0.0196078431372549 renqiuchen 6Сʱ_mousemovements
256.6594868571429 183.197525 0 0 452.81917816666663 821.4055524285714 0 1204.1456096666666 759.9980165 947.777283 119.638351 252.57715100000001 514.6328226666666 837.39068975 333.0241935 774.866277 0.08333333333333333 0.041666666666666664 0.041666666666666664 0.20833333333333334 0.125 0.16666666666666666 0.08333333333333333 0.25 60.167152074468085 452.81917816666663 473.86477783333333 0.8392857142857143 0.05357142857142857 0.10714285714285714 0.2916666666666667 0.041666666666666664 0.0 0.0 0.25 0.2916666666666667 0.0 0.125 0.6388888888888888 0.18518518518518517 0.037037037037037035 0.08333333333333333 0.05555555555555555 renqiuchen 6Сʱ_mousemovements
106.5376922 282.659393 0 0 558.033386 645.0078125 2474.007324 0 212.047737 585.07605 129.690582 314.847942 0 2474.007324 94.94964999999999 704.939575 0.2 0.1 0.1 0.2 0.0 0.1 0.2 0.1 65.09244765000001 558.033386 282.2389852857143 0.8333333333333334 0.020833333333333332 0.14583333333333334 0.5 0.1 0.0 0.0 0.1 0.2 0.1 0.0 0.6808510638297872 0.1702127659574468 0.02127659574468085 0.06382978723404255 0.06382978723404255 renqiuchen 6Сʱ_mousemovements
0 0 0 0 0 0 0 0 0 0 0 0 0 0 0 0 0 0 0 0 0 0 0 0 0 0 0 0 0 0 0 0 0 0 0 0 0 0 0 0 0 0 0 renqiuchen 6Сʱ_mousemovements
0 0 0 0 0 0 0 0 0 0 0 0 0 0 0 0 0 0 0 0 0 0 0 0 0 0 0 0 0 0 0 0 0 0 0 0 0 0 0 0 0 0 0 renqiuchen 6Сʱ_mousemovements
0 0 0 0 0 0 0 0 0 0 0 0 0 0 0 0 0 0 0 0 0 0 0 0 0 0 0 0 0 0 0 0 0 0 0 0 0 0 0 0 0 0 0 renqiuchen 6Сʱ_mousemovements
0 0 0 0 0 0 0 0 0 0 0 0 0 0 0 0 0 0 0 0 0 0 0 0 0 0 0 0 0 0 0 0 0 0 0 0 0 0 0 0 0 0 0 renqiuchen 6Сʱ_mousemovements
400.20834349999996 0 0 0 0 0 0 0 0 0 0 0 0 441.39743 359.019257 0 0.0 0.0 0.0 0.0 0.0 0.5 0.5 0.0 200.10417174999998 0 0 1.0 0.0 0.0 1.0 0.0 0.0 0.0 0.0 0.0 0.0 0.0 0.25 0.75 0.0 0.0 0.0 renqiuchen 6Сʱ_mousemovements
127.854702375 0 985.050293 0 0 0 0 0 156.603104 985.050293 0 0 59.305219 137.4008865 157.60743466666665 0 0.1111111111111111 0.1111111111111111 0.0 0.0 0.2222222222222222 0.2222222222222222 0.3333333333333333 0.0 111.54932844444446 0 0 1.0 0.0 0.0 0.8888888888888888 0.0 0.1111111111111111 0.0 0.0 0.0 0.0 0.0 0.4117647058823529 0.29411764705882354 0.29411764705882354 0.0 0.0 renqiuchen 6Сʱ_mousemovements
