269.983925 1078.8198849999999 293.72699 0 0 0 0 0 0 1132.470581 598.770622 0 0 0 330.66139250000003 0 0.0 0.2 0.4 0.0 0.0 0.0 0.4 0.0 213.66675785714284 0 0.0 0.9333333333333333 0.0 0.06666666666666667 0.4 0.4 0.2 0.0 0.0 0.0 0.0 0.0 0.8461538461538461 0.07692307692307693 0.0 0.07692307692307693 0.0 maoyu 7Сʱ_mousemovements
1161.8946535 0 0 0 0 0 0 0 0 787.032593 0 0 0 1536.756714 0 0 0.0 0.5 0.0 0.0 0.0 0.5 0.0 0.0 580.94732675 0 0 1.0 0.0 0.0 1.0 0.0 0.0 0.0 0.0 0.0 0.0 0.0 0.6666666666666666 0.0 0.0 0.0 0.3333333333333333 maoyu 7Сʱ_mousemovements
71.7237298 263.57282000000004 468.7294925 0 0 1402.4716720000001 1570.809346666667 619.728333 640.428772 1799.0518492499998 882.8538702500001 1488.838013 398.6767796666666 362.2243603333334 804.1532263333334 0 0.045454545454545456 0.18181818181818182 0.18181818181818182 0.045454545454545456 0.13636363636363635 0.2727272727272727 0.13636363636363635 0.0 134.40482666000003 0 433.1869314166667 0.8928571428571429 0.0 0.10714285714285714 0.22727272727272727 0.13636363636363635 0.09090909090909091 0.0 0.0 0.36363636363636365 0.13636363636363635 0.045454545454545456 0.5346534653465347 0.27722772277227725 0.0891089108910891 0.07920792079207921 0.019801980198019802 maoyu 7Сʱ_mousemovements
6.410256 0 0 619.107605 906.043823 0 0 905.718475 906.043823 0 619.107605 0 1069.559692 741.877258 6.410256 0 0.2 0.0 0.2 0.0 0.2 0.2 0.2 0.0 94.07635785714285 6.410256 680.4924315000001 0.875 0.041666666666666664 0.08333333333333333 0.2 0.0 0.0 0.2 0.2 0.0 0.0 0.4 0.8571428571428571 0.0 0.09523809523809523 0.047619047619047616 0.0 maoyu 7Сʱ_mousemovements
82.2590465 0 0 0 1762.2145695 0 703.361694 0 1519.3961355 121.254631 0 528.90033 703.361694 0 0 0 0.4 0.2 0.0 0.2 0.2 0.0 0.0 0.0 108.52829539285713 0 451.1722183333334 0.9032258064516129 0.0 0.0967741935483871 0.4 0.0 0.0 0.0 0.4 0.0 0.2 0.0 0.6896551724137931 0.1724137931034483 0.034482758620689655 0.034482758620689655 0.06896551724137931 maoyu 7Сʱ_mousemovements
65.98028550000001 0 868.139669 0 0 0 0 0 27.272728 104.687843 453.515869 630.652039 0 0 0 1520.251099 0.2 0.2 0.2 0.2 0.0 0.0 0.0 0.2 273.6379578 0 0 1.0 0.0 0.0 0.4 0.0 0.6 0.0 0.0 0.0 0.0 0.0 0.4444444444444444 0.4444444444444444 0.1111111111111111 0.0 0.0 maoyu 7Сʱ_mousemovements
231.25302841666667 691.883423 0 0 0 934.9705403333334 1655.077667 1163.1435545 477.08715125 416.288086 1281.399902 751.4633989999999 112.071457 461.6609948333333 1472.2241325 304.4149233333333 0.19047619047619047 0.047619047619047616 0.047619047619047616 0.14285714285714285 0.047619047619047616 0.2857142857142857 0.09523809523809523 0.14285714285714285 143.2526521081081 0 399.892199 0.9367088607594937 0.0 0.06329113924050633 0.5714285714285714 0.09523809523809523 0.0 0.0 0.0 0.14285714285714285 0.09523809523809523 0.09523809523809523 0.6428571428571429 0.21428571428571427 0.07142857142857142 0.05714285714285714 0.014285714285714285 maoyu 7Сʱ_mousemovements
341.11056800000006 759.251038 1036.756592 1098.149414 864.7851255 0 2095.654297 882.128235 783.0093626666667 813.7680664999999 366.647827 0 820.6896365 624.5905835 29.825768 1098.149414 0.21428571428571427 0.2857142857142857 0.07142857142857142 0.0 0.14285714285714285 0.14285714285714285 0.07142857142857142 0.07142857142857142 263.84989515624994 0 773.043579 0.9411764705882353 0.0 0.058823529411764705 0.5 0.07142857142857142 0.07142857142857142 0.07142857142857142 0.14285714285714285 0.0 0.07142857142857142 0.07142857142857142 0.42857142857142855 0.21428571428571427 0.21428571428571427 0.07142857142857142 0.07142857142857142 maoyu 7Сʱ_mousemovements
150.88837773333336 472.860789 0 1534.3936159999998 462.825714 961.7873535000001 737.479767 335.416138 535.8768323333334 249.53075024999998 393.2404558 1338.24646 598.653019 142.03239066666666 453.1896965 201.9005435 0.11538461538461539 0.15384615384615385 0.19230769230769232 0.038461538461538464 0.15384615384615385 0.11538461538461539 0.15384615384615385 0.07692307692307693 77.34639738383837 0 411.272252125 0.9252336448598131 0.0 0.07476635514018691 0.5769230769230769 0.11538461538461539 0.0 0.07692307692307693 0.038461538461538464 0.07692307692307693 0.07692307692307693 0.038461538461538464 0.6 0.22105263157894736 0.08421052631578947 0.031578947368421054 0.06315789473684211 maoyu 7Сʱ_mousemovements
256.6027505555555 0 1962.043823 0 0 0 627.09314 560.093018 93.919441 467.1239123333334 407.345947 77.9912075 562.305954 1103.407936 163.8302168 78.75467499999999 0.047619047619047616 0.2857142857142857 0.047619047619047616 0.09523809523809523 0.09523809523809523 0.09523809523809523 0.23809523809523808 0.09523809523809523 148.77054897916665 0 627.09314 0.9795918367346939 0.0 0.02040816326530612 0.8571428571428571 0.0 0.047619047619047616 0.0 0.0 0.0 0.047619047619047616 0.047619047619047616 0.4883720930232558 0.2558139534883721 0.18604651162790697 0.06976744186046512 0.0 maoyu 7Сʱ_mousemovements
100.8467873076923 721.501404 565.2046205 0 1260.704468 1158.259369 0 0 23.255814 697.1496092500001 177.48308550000002 97.833 479.03478700000005 673.275391 0 81.4078676 0.05263157894736842 0.21052631578947367 0.10526315789473684 0.05263157894736842 0.2631578947368421 0.05263157894736842 0.0 0.2631578947368421 84.99595219696971 0 565.2046205 0.9705882352941176 0.0 0.029411764705882353 0.6842105263157895 0.05263157894736842 0.10526315789473684 0.0 0.05263157894736842 0.10526315789473684 0.0 0.0 0.6774193548387096 0.14516129032258066 0.06451612903225806 0.08064516129032258 0.03225806451612903 maoyu 7Сʱ_mousemovements
211.0576115 238.42729300000002 0 401.9249115 1228.0697175 1616.17688 0 1577.7986246666667 227.529648 1583.6320903333333 234.175248 96.201988 455.2272035 656.8281555 1054.5193076666667 0 0.07142857142857142 0.21428571428571427 0.14285714285714285 0.07142857142857142 0.14285714285714285 0.14285714285714285 0.21428571428571427 0.0 189.30652246666665 0 401.97558883333335 0.8823529411764706 0.0 0.11764705882352941 0.2857142857142857 0.14285714285714285 0.0 0.14285714285714285 0.14285714285714285 0.07142857142857142 0.0 0.21428571428571427 0.5227272727272727 0.2727272727272727 0.045454545454545456 0.09090909090909091 0.06818181818181818 maoyu 7Сʱ_mousemovements
4.0 411.27171300000003 0 0 0 1885.099243 0 0 0 717.8928729999999 0 0 0 0 0 557.96405 0.0 0.75 0.0 0.0 0.0 0.0 0.0 0.25 174.50452092857145 0 134.289688 0.875 0.0 0.125 0.25 0.5 0.0 0.0 0.0 0.25 0.0 0.0 0.6428571428571429 0.2857142857142857 0.07142857142857142 0.0 0.0 maoyu 7Сʱ_mousemovements
393.2132113333333 414.243805 292.390778 0 0 339.160309 0 839.332275 81.240891 626.78804 0 0 0 516.339315 180.931885 0 0.14285714285714285 0.2857142857142857 0.0 0.0 0.0 0.42857142857142855 0.14285714285714285 0.0 75.20972191666667 339.160309 460.286583 0.8888888888888888 0.037037037037037035 0.07407407407407407 0.42857142857142855 0.14285714285714285 0.14285714285714285 0.0 0.0 0.14285714285714285 0.0 0.14285714285714285 0.5416666666666666 0.2916666666666667 0.041666666666666664 0.08333333333333333 0.041666666666666664 maoyu 7Сʱ_mousemovements
162.51644460869565 72.175049 775.608073 0 1171.325439 0 0 1719.116333 88.183155 318.7659303333333 472.79049219999996 353.036285 116.63747599999999 459.791956875 162.11751550000002 0 0.1724137931034483 0.10344827586206896 0.1724137931034483 0.06896551724137931 0.06896551724137931 0.27586206896551724 0.13793103448275862 0.0 110.72835574025974 63.25072675 62.05824175 0.9058823529411765 0.047058823529411764 0.047058823529411764 0.7931034482758621 0.034482758620689655 0.10344827586206896 0.0 0.034482758620689655 0.0 0.0 0.034482758620689655 0.48717948717948717 0.2948717948717949 0.1282051282051282 0.07692307692307693 0.01282051282051282 maoyu 7Сʱ_mousemovements
506.1000025 0 2017.412354 0 898.1728215 0 0 0 914.459839 1036.947144 759.398499 0 0 97.740166 2017.412354 0 0.2 0.2 0.2 0.0 0.0 0.2 0.2 0.0 337.7298454285714 0 97.740166 0.9333333333333333 0.0 0.06666666666666667 0.4 0.0 0.2 0.0 0.4 0.0 0.0 0.0 0.5 0.35714285714285715 0.07142857142857142 0.0 0.07142857142857142 maoyu 7Сʱ_mousemovements
0 0 0 0 0 0 0 0 0 0 0 0 0 0 0 0 0 0 0 0 0 0 0 0 0 0 0 0 0 0 0 0 0 0 0 0 0 0 0 0 0 0 0 maoyu 7Сʱ_mousemovements
92.0120608 375.23560349999997 1057.1499939999999 207.808472 0 312.189575 0 0 207.808472 0 726.7126109999999 312.189575 0 271.54962133333333 86.15831375 111.36796275 0.0625 0.0 0.1875 0.0625 0.0 0.1875 0.25 0.25 108.14008522222221 166.7330855 39.1903055 0.9 0.05 0.05 0.625 0.125 0.125 0.0625 0.0 0.0625 0.0 0.0 0.6486486486486487 0.1891891891891892 0.10810810810810811 0.05405405405405406 0.0 maoyu 7Сʱ_mousemovements
203.26493792857144 664.6164767142857 520.005142 781.6421204999999 156.791412 577.8284605 657.299988 0 415.3778915 580.9801255 458.69835366666666 179.800446 492.90409642857145 627.1654585 112.4350665 86.46977425 0.13793103448275862 0.13793103448275862 0.10344827586206896 0.034482758620689655 0.2413793103448276 0.13793103448275862 0.06896551724137931 0.13793103448275862 118.48057656578948 156.751709 363.72397325000003 0.8941176470588236 0.011764705882352941 0.09411764705882353 0.4827586206896552 0.2413793103448276 0.06896551724137931 0.06896551724137931 0.034482758620689655 0.06896551724137931 0.034482758620689655 0.0 0.6623376623376623 0.22077922077922077 0.07792207792207792 0.03896103896103896 0.0 maoyu 7Сʱ_mousemovements
135.28434763636363 402.9476293333334 0 0 681.77832 0 0 0 65.97353749999999 148.55264675 0 0 386.298553 294.9230005 120.28087866666665 725.758179 0.13333333333333333 0.26666666666666666 0.0 0.0 0.06666666666666667 0.26666666666666666 0.2 0.06666666666666667 78.42345694999999 96.786156 72.512299 0.9302325581395349 0.023255813953488372 0.046511627906976744 0.7333333333333333 0.2 0.0 0.0 0.06666666666666667 0.0 0.0 0.0 0.475 0.3 0.15 0.025 0.05 maoyu 7Сʱ_mousemovements
103.46432499999999 240.784164 0 0 0 0 277.487701 887.300537 100.98269633333332 267.75656125 86.586569 87.857189 138.54739566666666 289.24056466666667 53.471809 18.181818 0.15 0.2 0.15 0.1 0.15 0.15 0.05 0.05 52.77068732075471 277.487701 90.131798 0.9636363636363636 0.01818181818181818 0.01818181818181818 0.85 0.05 0.0 0.0 0.0 0.0 0.05 0.05 0.6444444444444445 0.2222222222222222 0.1111111111111111 0.0 0.022222222222222223 maoyu 7Сʱ_mousemovements
141.33782000000002 559.039429 0 692.609314 916.832855 618.889099 449.985901 0 88.388351 470.5562896666667 618.889099 125.0 235.161758 436.9668073333334 338.85560219999996 83.281143 0.0625 0.1875 0.0625 0.0625 0.0625 0.1875 0.3125 0.0625 57.10867788235296 732.7442015 297.3841695 0.8947368421052632 0.03508771929824561 0.07017543859649122 0.625 0.0625 0.0 0.0625 0.125 0.0625 0.0625 0.0 0.660377358490566 0.20754716981132076 0.03773584905660377 0.03773584905660377 0.05660377358490566 maoyu 7Сʱ_mousemovements
130.2506365882353 563.481262 506.9143632857143 0 185.686264 432.595703 0 0 814.62677 536.0630279999999 303.57632060000003 250.349238 0 59.0239102 132.80187014285713 10.657193 0.034482758620689655 0.2413793103448276 0.1724137931034483 0.10344827586206896 0.0 0.1724137931034483 0.2413793103448276 0.034482758620689655 66.2086753402062 87.4559386 151.483239625 0.8818181818181818 0.045454545454545456 0.07272727272727272 0.5862068965517241 0.10344827586206896 0.2413793103448276 0.0 0.034482758620689655 0.034482758620689655 0.0 0.0 0.5825242718446602 0.2524271844660194 0.10679611650485436 0.038834951456310676 0.019417475728155338 maoyu 7Сʱ_mousemovements
230.35880123076925 537.356832 554.554886 250.57555133333335 630.1868793333333 0 0 1357.5873105 227.37902999999997 237.57348900000002 565.5069006666666 299.46082680000006 256.777874 634.5837015714286 221.60119533333338 294.13479237499996 0.09259259259259259 0.12962962962962962 0.1111111111111111 0.09259259259259259 0.07407407407407407 0.12962962962962962 0.2222222222222222 0.14814814814814814 109.63721452482268 109.47966699999999 228.44666122222225 0.9038461538461539 0.038461538461538464 0.057692307692307696 0.7222222222222222 0.05555555555555555 0.07407407407407407 0.05555555555555555 0.05555555555555555 0.0 0.0 0.037037037037037035 0.581081081081081 0.2905405405405405 0.05405405405405406 0.0472972972972973 0.02702702702702703 maoyu 7Сʱ_mousemovements
256.20719525 440.56739833333336 1118.754395 0 1124.57959 0 0 0 371.21817 0 0 0 962.122498 649.135834 156.09335333333334 1118.754395 0.2222222222222222 0.0 0.0 0.0 0.1111111111111111 0.2222222222222222 0.3333333333333333 0.1111111111111111 147.6350157857143 178.06221 139.0111545 0.9032258064516129 0.03225806451612903 0.06451612903225806 0.4444444444444444 0.3333333333333333 0.1111111111111111 0.0 0.1111111111111111 0.0 0.0 0.0 0.7307692307692307 0.07692307692307693 0.11538461538461539 0.0 0.07692307692307693 maoyu 7Сʱ_mousemovements
168.00553357142854 295.4340365 1999.135742 3818.9491780000003 0 679.544922 0 0 7784.157227 2516.2095945 639.40686 0 168.913189 373.685257 270.489235 139.64894900000002 0.07142857142857142 0.14285714285714285 0.07142857142857142 0.0 0.14285714285714285 0.14285714285714285 0.2857142857142857 0.14285714285714285 496.93119764516115 64.1526985 369.262482 0.9117647058823529 0.058823529411764705 0.029411764705882353 0.5 0.14285714285714285 0.07142857142857142 0.21428571428571427 0.0 0.07142857142857142 0.0 0.0 0.6666666666666666 0.13333333333333333 0.06666666666666667 0.06666666666666667 0.06666666666666667 maoyu 7Сʱ_mousemovements
0 0 0 0 0 0 0 0 0 0 0 0 0 0 0 0 0 0 0 0 0 0 0 0 0 0 0 0 0 0 0 0 0 0 0 0 0 0 0 0 0 0 0 maoyu 7Сʱ_mousemovements
142.19677199999998 1234.942871 247.738754 0 396.567963 1326.79834 0 0 31.75065 222.421356 1326.79834 639.659004 0 346.062653 0 0 0.125 0.25 0.125 0.25 0.0 0.25 0.0 0.0 98.52911329032257 0 180.108126 0.8857142857142857 0.0 0.11428571428571428 0.5 0.125 0.125 0.0 0.125 0.125 0.0 0.0 0.6363636363636364 0.18181818181818182 0.09090909090909091 0.06060606060606061 0.030303030303030304 maoyu 7Сʱ_mousemovements
0 0 0 0 0 0 0 0 0 0 0 0 0 0 0 0 0 0 0 0 0 0 0 0 0 0 0 0 0 0 0 0 0 0 0 0 0 0 0 0 0 0 0 maoyu 7Сʱ_mousemovements
0 0 2020.060303 0 0 0 0 0 0 0 0 0 0 2020.060303 0 0 0.0 0.0 0.0 0.0 0.0 1.0 0.0 0.0 1010.0301515 0 0 1.0 0.0 0.0 0.0 0.0 1.0 0.0 0.0 0.0 0.0 0.0 0.5 0.5 0.0 0.0 0.0 maoyu 7Сʱ_mousemovements
436.5943373333334 829.1537017499999 406.0681455 759.190979 0 0 0 0 1129.7035013333332 549.2767230000001 480.319794 0 343.772369 491.95469040000006 398.719574 306.364197 0.2 0.2 0.06666666666666667 0.0 0.06666666666666667 0.3333333333333333 0.06666666666666667 0.06666666666666667 154.3804652692308 5.606262 330.833201 0.9285714285714286 0.017857142857142856 0.05357142857142857 0.4 0.26666666666666666 0.13333333333333333 0.2 0.0 0.0 0.0 0.0 0.6875 0.14583333333333334 0.041666666666666664 0.08333333333333333 0.041666666666666664 maoyu 7Сʱ_mousemovements
173.52148433333332 0 1133.567444 1033.1582945 2497.564209 1523.9280395 0 0 1377.0674895 1019.6037825 0 0 1335.4157103333334 1107.925537 56.04332 435.877686 0.2 0.2 0.0 0.0 0.3 0.1 0.1 0.1 229.78439147619048 0 249.49725866666665 0.9333333333333333 0.0 0.06666666666666667 0.3 0.0 0.2 0.2 0.1 0.2 0.0 0.0 0.7209302325581395 0.18604651162790697 0.06976744186046512 0.0 0.023255813953488372 maoyu 7Сʱ_mousemovements
38.82634633333333 455.2770932857143 1070.0991006666666 2077.3316849999997 749.9158692000001 2409.625061333333 1674.527466 0 1583.96354675 638.8376315 499.42629999999997 621.4726654 971.0776573333334 1270.1165084999998 460.26326500000005 1711.172971 0.16 0.08 0.08 0.2 0.12 0.08 0.12 0.16 306.57834832432434 8.0 386.2707527142857 0.9024390243902439 0.012195121951219513 0.08536585365853659 0.12 0.28 0.12 0.12 0.2 0.12 0.04 0.0 0.6666666666666666 0.15384615384615385 0.1282051282051282 0.05128205128205128 0.0 maoyu 7Сʱ_mousemovements
140.1657837 419.75297924999995 172.13555899999997 299.097076 1088.753662 1159.1311034999999 765.391052 0 208.01222024999998 211.6460999 230.10891700000002 0 42.553192 439.3954551 348.72347275000004 0 0.125 0.3125 0.09375 0.0 0.03125 0.3125 0.125 0.0 90.68701275824178 117.93482466666666 143.98593833333334 0.91 0.03 0.06 0.625 0.125 0.09375 0.03125 0.03125 0.0625 0.03125 0.0 0.5806451612903226 0.23655913978494625 0.12903225806451613 0.021505376344086023 0.03225806451612903 maoyu 7Сʱ_mousemovements
175.80330676666668 607.538417 880.1504031666667 1336.041504 642.5624694999999 0 0 0 350.04600200000004 457.91453309090906 234.5781212857143 121.071404 542.622976 454.717927 367.7726866666667 127.92684433333334 0.13636363636363635 0.25 0.1590909090909091 0.022727272727272728 0.045454545454545456 0.18181818181818182 0.13636363636363635 0.06818181818181818 118.63966315254238 112.25230633333332 208.62477544444448 0.9076923076923077 0.023076923076923078 0.06923076923076923 0.6818181818181818 0.11363636363636363 0.13636363636363635 0.022727272727272728 0.045454545454545456 0.0 0.0 0.0 0.6083333333333333 0.225 0.10833333333333334 0.041666666666666664 0.016666666666666666 maoyu 7Сʱ_mousemovements
98.37522012500001 1333.889038 265.3512115 0 0 1433.725952 3835.2146 0 88.70322433333332 144.227685 111.93876649999999 0 540.642769 408.9020936 53.363074999999995 1933.736332 0.14285714285714285 0.19047619047619047 0.09523809523809523 0.0 0.14285714285714285 0.23809523809523808 0.09523809523809523 0.09523809523809523 154.42435484905658 62.07315199999999 84.206318 0.8833333333333333 0.05 0.06666666666666667 0.7619047619047619 0.047619047619047616 0.09523809523809523 0.0 0.0 0.047619047619047616 0.047619047619047616 0.0 0.6181818181818182 0.21818181818181817 0.10909090909090909 0.03636363636363636 0.01818181818181818 maoyu 7Сʱ_mousemovements
0 0 0 0 0 0 0 0 0 0 0 0 0 0 0 0 0 0 0 0 0 0 0 0 0 0 0 0 0 0 0 0 0 0 0 0 0 0 0 0 0 0 0 maoyu 7Сʱ_mousemovements
0 0 0 0 0 0 0 0 0 0 0 0 0 0 0 0 0 0 0 0 0 0 0 0 0 0 0 0 0 0 0 0 0 0 0 0 0 0 0 0 0 0 0 maoyu 7Сʱ_mousemovements
0 0 0 0 0 0 0 0 0 0 0 0 0 0 0 0 0 0 0 0 0 0 0 0 0 0 0 0 0 0 0 0 0 0 0 0 0 0 0 0 0 0 0 maoyu 7Сʱ_mousemovements
104.51661266666666 274.03610025 376.672231 1138.154907 1392.678467 849.381653 0 0 148.7293115 273.69560433333334 169.99103075 1421.189575 0 443.0003145714286 154.93283728571427 118.144638 0.1875 0.1875 0.125 0.03125 0.0 0.21875 0.21875 0.03125 90.8085216847826 61.60313166666666 80.0373008 0.92 0.03 0.05 0.65625 0.125 0.09375 0.0625 0.03125 0.03125 0.0 0.0 0.5869565217391305 0.25 0.10869565217391304 0.010869565217391304 0.043478260869565216 maoyu 7Сʱ_mousemovements
