164.02656366666665 238.72186274999999 262.5584945 0 745.0190655 0 0 0 143.1858865 180.696311375 183.11721250000002 650.786892 181.129069 298.9982156666667 201.4932832 135.49171933333332 0.125 0.25 0.125 0.0625 0.09375 0.09375 0.15625 0.09375 60.806550934782614 57.514208499999995 135.302572375 0.8846153846153846 0.038461538461538464 0.07692307692307693 0.75 0.125 0.0625 0.0 0.0625 0.0 0.0 0.0 0.65 0.23 0.08 0.02 0.02 maoyu 4Сʱ_mousemovements
93.39437168421051 228.8285535 600.2844545 0 988.5677185 742.8974 0 0 122.86730266666666 307.8705961428572 159.340619 375.88011575 15.873015 344.07662874999994 160.67641775 0 0.2 0.23333333333333334 0.13333333333333333 0.13333333333333333 0.03333333333333333 0.13333333333333333 0.13333333333333333 0.0 72.29977535802468 44.595080499999995 344.46800099999996 0.9204545454545454 0.045454545454545456 0.03409090909090909 0.6333333333333333 0.2 0.06666666666666667 0.0 0.06666666666666667 0.03333333333333333 0.0 0.0 0.5609756097560976 0.23170731707317074 0.13414634146341464 0.06097560975609756 0.012195121951219513 maoyu 4Сʱ_mousemovements
89.62625695000001 466.3349882727273 392.47231300000004 1274.335815 1713.5044709999997 340.2378995 0 527.023193 145.47774514285715 297.18654976923074 234.34765914285714 324.550201 48.387096 670.3943803571427 317.454626 59.53478871428572 0.2222222222222222 0.20634920634920634 0.1111111111111111 0.015873015873015872 0.015873015873015872 0.2222222222222222 0.09523809523809523 0.1111111111111111 108.60001220731709 37.85557175 184.2947558888889 0.9265536723163842 0.022598870056497175 0.05084745762711865 0.6349206349206349 0.1746031746031746 0.06349206349206349 0.015873015873015872 0.06349206349206349 0.031746031746031744 0.0 0.015873015873015872 0.6149068322981367 0.18633540372670807 0.11180124223602485 0.043478260869565216 0.043478260869565216 maoyu 4Сʱ_mousemovements
183.2631429333333 379.9669913333334 815.99733725 599.1296045 573.9136965 1250.373871 1230.191772 1337.8584393333333 559.82275875 386.87819670000005 545.2487297499999 509.035010375 763.1215413333333 260.05704219999996 326.6240879 389.16343874999995 0.07692307692307693 0.19230769230769232 0.07692307692307693 0.15384615384615385 0.057692307692307696 0.09615384615384616 0.19230769230769232 0.15384615384615385 117.44906527450979 36.342288 283.4541584666666 0.8947368421052632 0.017543859649122806 0.08771929824561403 0.5769230769230769 0.11538461538461539 0.07692307692307693 0.07692307692307693 0.038461538461538464 0.038461538461538464 0.019230769230769232 0.057692307692307696 0.6103896103896104 0.2077922077922078 0.08441558441558442 0.07792207792207792 0.01948051948051948 maoyu 4Сʱ_mousemovements
101.29586125000002 559.6057166666667 325.87353 866.4613955 343.401184 588.1408385 641.9960836666666 875.8440855 696.4218424285716 145.5314454 1330.2615055 207.400851 433.390871 217.11636200000004 308.23356466666667 221.554306 0.1891891891891892 0.13513513513513514 0.05405405405405406 0.16216216216216217 0.10810810810810811 0.13513513513513514 0.16216216216216217 0.05405405405405406 117.75470214285713 44.5188065 216.59121969999995 0.8974358974358975 0.017094017094017096 0.08547008547008547 0.43243243243243246 0.16216216216216217 0.08108108108108109 0.10810810810810811 0.02702702702702703 0.05405405405405406 0.08108108108108109 0.05405405405405406 0.5148514851485149 0.2376237623762376 0.10891089108910891 0.07920792079207921 0.0594059405940594 maoyu 4Сʱ_mousemovements
54.58293259999999 84.87371800000001 0 0 271.281799 765.091003 622.370758 2394.344482 81.3634605 77.262634 721.512207 0 271.281799 138.629776 134.112487 609.9197595 0.1111111111111111 0.05555555555555555 0.1111111111111111 0.0 0.05555555555555555 0.1111111111111111 0.3333333333333333 0.2222222222222222 64.97919292982456 83.171974 401.43783375 0.9047619047619048 0.031746031746031744 0.06349206349206349 0.5555555555555556 0.16666666666666666 0.0 0.0 0.05555555555555555 0.05555555555555555 0.1111111111111111 0.05555555555555555 0.68 0.18 0.06 0.04 0.04 maoyu 4Сʱ_mousemovements
132.83394653846153 531.60594175 347.850159 950.243042 0 0 776.402832 0 196.7124675 92.52899450000001 0 393.94059766666663 439.0642863333333 299.17400250000003 537.5422975 0 0.2 0.2 0.0 0.15 0.15 0.2 0.1 0.0 78.80746572222222 273.20108566666664 213.13867475 0.8852459016393442 0.04918032786885246 0.06557377049180328 0.65 0.2 0.05 0.05 0.0 0.0 0.05 0.0 0.48214285714285715 0.23214285714285715 0.19642857142857142 0.05357142857142857 0.03571428571428571 maoyu 4Сʱ_mousemovements
52.727010750000005 116.224304 0 0 0 0 0 0 26.550903 0 128.479645 0 0 0 77.099493 17.902813 0.2 0.0 0.2 0.0 0.0 0.0 0.4 0.2 27.26102891666667 0 0 1.0 0.0 0.0 0.8 0.2 0.0 0.0 0.0 0.0 0.0 0.0 0.4 0.4 0.1 0.0 0.1 maoyu 4Сʱ_mousemovements
118.61006866666668 0 705.9750365 0 0 770.302673 0 0 0 92.10075 419.9529265 154.703232 0 265.779979 381.380767 34.6607885 0.0 0.13333333333333333 0.13333333333333333 0.06666666666666667 0.0 0.4 0.13333333333333333 0.13333333333333333 106.04628147058823 0 0 1.0 0.0 0.0 0.8 0.0 0.13333333333333333 0.0 0.0 0.06666666666666667 0.0 0.0 0.4 0.28 0.16 0.08 0.08 maoyu 4Сʱ_mousemovements
245.1216412857143 357.041672 622.334412 725.007324 0 0 605.397644 0 24.523161 394.15331000000003 605.397644 0 166.243073 381.9695984 562.231873 251.900574 0.07142857142857142 0.2857142857142857 0.07142857142857142 0.0 0.07142857142857142 0.35714285714285715 0.07142857142857142 0.07142857142857142 169.89191856666667 0 0 1.0 0.0 0.0 0.5 0.2857142857142857 0.07142857142857142 0.07142857142857142 0.0 0.0 0.07142857142857142 0.0 0.36363636363636365 0.4090909090909091 0.13636363636363635 0.09090909090909091 0.0 maoyu 4Сʱ_mousemovements
0 142.249359 0 0 0 0 0 0 0 0 0 0 0 0 142.249359 0 0.0 0.0 0.0 0.0 0.0 0.0 1.0 0.0 35.56233975 0 0 1.0 0.0 0.0 0.0 1.0 0.0 0.0 0.0 0.0 0.0 0.0 0.3333333333333333 0.3333333333333333 0.0 0.3333333333333333 0.0 maoyu 4Сʱ_mousemovements
245.89504233333332 452.3617095 913.241699 0 0 0 1131.536865 733.768555 0 443.381289 0 0 519.766968 527.275757 1131.536865 384.956451 0.0 0.375 0.0 0.0 0.125 0.25 0.125 0.125 276.30972906249997 0 0 1.0 0.0 0.0 0.375 0.25 0.125 0.0 0.0 0.0 0.125 0.125 0.4166666666666667 0.4166666666666667 0.16666666666666666 0.0 0.0 maoyu 4Сʱ_mousemovements
100.9041853125 379.17606375 231.6708145 491.73868799999997 625.8793843333334 644.4866334999999 1245.4217284 0 355.51855800000004 538.6237793 759.7616779999998 130.8441555 444.58099724999994 217.30227920000002 397.23798375 152.4288635 0.14285714285714285 0.2857142857142857 0.08571428571428572 0.05714285714285714 0.11428571428571428 0.14285714285714285 0.11428571428571428 0.05714285714285714 98.11734531746033 261.626106 157.7411253 0.9130434782608695 0.014492753623188406 0.07246376811594203 0.45714285714285713 0.11428571428571428 0.05714285714285714 0.08571428571428572 0.08571428571428572 0.05714285714285714 0.14285714285714285 0.0 0.4576271186440678 0.2542372881355932 0.1271186440677966 0.11016949152542373 0.05084745762711865 maoyu 4Сʱ_mousemovements
79.86381525 0 0 0 0 0 0 0 0 104.454689 0 0 0 0 55.2729415 0 0.0 0.5 0.0 0.0 0.0 0.0 0.5 0.0 26.621271750000002 0 0 1.0 0.0 0.0 1.0 0.0 0.0 0.0 0.0 0.0 0.0 0.0 0.7272727272727273 0.18181818181818182 0.0 0.0 0.09090909090909091 maoyu 4Сʱ_mousemovements
458.422821 0 968.617432 0 506.5811615 0 0 0 458.422821 0 440.07785 0 0 968.617432 573.084473 0 0.25 0.0 0.25 0.0 0.0 0.25 0.25 0.0 305.025322 0 0 1.0 0.0 0.0 0.25 0.0 0.25 0.0 0.5 0.0 0.0 0.0 0.2 0.4 0.2 0.2 0.0 maoyu 4Сʱ_mousemovements
100.086184 0 688.2858733333333 644.2526956666667 0 0 1230.531982 0 0 1252.4364620000001 0 327.037445 339.068024 216.4936548 1230.531982 122.29998 0.0 0.16666666666666666 0.0 0.08333333333333333 0.08333333333333333 0.4166666666666667 0.08333333333333333 0.16666666666666666 161.0535306451613 0 245.30638633333334 0.9117647058823529 0.0 0.08823529411764706 0.4166666666666667 0.0 0.25 0.25 0.0 0.0 0.08333333333333333 0.0 0.6 0.16666666666666666 0.2 0.0 0.03333333333333333 maoyu 4Сʱ_mousemovements
171.0281495 155.847198 307.57814 613.662186 0 0 869.130981 1248.667969 127.29222333333333 306.78883 796.5224000000001 64.516129 62.5 233.747322 822.0381775000001 192.87218850000002 0.17647058823529413 0.23529411764705882 0.11764705882352941 0.058823529411764705 0.058823529411764705 0.11764705882352941 0.11764705882352941 0.11764705882352941 125.17365213953487 0 221.9706265 0.9555555555555556 0.0 0.044444444444444446 0.5882352941176471 0.058823529411764705 0.11764705882352941 0.11764705882352941 0.0 0.0 0.058823529411764705 0.058823529411764705 0.5555555555555556 0.16666666666666666 0.1388888888888889 0.1111111111111111 0.027777777777777776 maoyu 4Сʱ_mousemovements
108.94565723529412 345.52711480000005 362.32775849999996 1301.2690429999998 729.1305236666667 228.11763 0 0 695.2248673333333 268.4463686 65.6822225 170.92656519999997 379.6202213333333 419.9766708 527.8698653333333 238.359123 0.16216216216216217 0.13513513513513514 0.05405405405405406 0.13513513513513514 0.16216216216216217 0.13513513513513514 0.08108108108108109 0.13513513513513514 135.72551371111106 259.7098572 34.685672749999995 0.9090909090909091 0.050505050505050504 0.04040404040404041 0.4594594594594595 0.2702702702702703 0.05405405405405406 0.10810810810810811 0.08108108108108109 0.02702702702702703 0.0 0.0 0.4880952380952381 0.27380952380952384 0.14285714285714285 0.08333333333333333 0.011904761904761904 maoyu 4Сʱ_mousemovements
318.81147819999995 761.5281257500001 407.5004575 573.6586100000001 547.81221 1944.935898 0 414.59668 1262.4072873999999 457.890269 780.7025453333334 608.4814985 355.76764725 0 372.22151199999996 553.015305 0.19230769230769232 0.11538461538461539 0.11538461538461539 0.15384615384615385 0.15384615384615385 0.0 0.19230769230769232 0.07692307692307693 199.49424363888892 0 355.4805844285715 0.9113924050632911 0.0 0.08860759493670886 0.19230769230769232 0.3076923076923077 0.15384615384615385 0.11538461538461539 0.07692307692307693 0.07692307692307693 0.0 0.07692307692307693 0.7058823529411765 0.19117647058823528 0.058823529411764705 0.029411764705882353 0.014705882352941176 maoyu 4Сʱ_mousemovements
116.67516350000001 365.2227197142857 473.120239 312.977188 647.877655 0 349.456726 578.572937 85.05187666666667 212.524291 0 356.01945200000006 320.089453 201.92030050000002 287.88685599999997 329.210709 0.09090909090909091 0.24242424242424243 0.0 0.15151515151515152 0.12121212121212122 0.24242424242424243 0.06060606060606061 0.09090909090909091 69.86780134042553 50.68162733333333 213.32909828571425 0.9038461538461539 0.028846153846153848 0.0673076923076923 0.5882352941176471 0.20588235294117646 0.029411764705882353 0.058823529411764705 0.058823529411764705 0.0 0.029411764705882353 0.029411764705882353 0.6704545454545454 0.1590909090909091 0.09090909090909091 0.06818181818181818 0.011363636363636364 maoyu 4Сʱ_mousemovements
94.92639893333332 216.23333175000002 331.12711600000006 344.450012 943.5788573333333 1175.0121866666666 0 1208.411041 168.14388075 152.499439 748.0338388333333 207.2803955 494.2969348749999 250.759445 333.22731699999997 219.6229486666667 0.125 0.0625 0.1875 0.0625 0.25 0.03125 0.1875 0.09375 104.59563770476193 145.4626632 129.23132775 0.8898305084745762 0.0423728813559322 0.06779661016949153 0.46875 0.125 0.09375 0.0625 0.09375 0.09375 0.0 0.0625 0.5728155339805825 0.18446601941747573 0.13592233009708737 0.08737864077669903 0.019417475728155338 maoyu 4Сʱ_mousemovements
190.20094654545454 474.488402 649.8953143750001 676.5921504444445 450.0845033333333 1063.9489899999999 799.694153 1112.473999 726.0081151249999 630.5227736428571 327.9212065714286 447.38816671428566 437.43889549999994 391.5915712 212.26035122222223 518.1530861428571 0.12307692307692308 0.2153846153846154 0.1076923076923077 0.1076923076923077 0.12307692307692308 0.07692307692307693 0.13846153846153847 0.1076923076923077 164.3115493757225 113.92164885714286 152.84029708333333 0.9010416666666666 0.036458333333333336 0.0625 0.3384615384615385 0.26153846153846155 0.12307692307692308 0.13846153846153847 0.046153846153846156 0.06153846153846154 0.015384615384615385 0.015384615384615385 0.5847953216374269 0.21637426900584794 0.1111111111111111 0.07017543859649122 0.017543859649122806 maoyu 4Сʱ_mousemovements
130.48824614285712 526.8317483333334 462.9255154285715 569.2720233333333 1170.1975506666668 1489.255966 596.7900545 659.95376575 412.21558555555555 221.308725 622.603271 552.0617132222222 517.1811402857143 478.1739414285715 223.85746074999997 628.7755822222222 0.140625 0.15625 0.015625 0.140625 0.109375 0.109375 0.1875 0.140625 119.26378600000002 140.8425645 256.13196833333336 0.9082125603864735 0.01932367149758454 0.07246376811594203 0.4375 0.234375 0.109375 0.046875 0.046875 0.03125 0.03125 0.0625 0.6464088397790055 0.19889502762430938 0.06077348066298342 0.06077348066298342 0.03314917127071823 maoyu 4Сʱ_mousemovements
215.12934443333333 494.945041625 386.8345258333334 485.9514902857143 781.9608276000001 1132.302836 730.0800986666667 1468.87793 212.76580333333334 376.08921642857143 609.1587787142856 661.3011234285714 498.93054871428575 540.3927775714286 443.287775 285.2233515555556 0.14754098360655737 0.11475409836065574 0.11475409836065574 0.11475409836065574 0.11475409836065574 0.11475409836065574 0.13114754098360656 0.14754098360655737 112.23964262176165 246.6767546 210.31521630000003 0.8853211009174312 0.022935779816513763 0.09174311926605505 0.47619047619047616 0.12698412698412698 0.09523809523809523 0.1111111111111111 0.07936507936507936 0.047619047619047616 0.047619047619047616 0.015873015873015872 0.6119402985074627 0.19402985074626866 0.12437810945273632 0.03980099502487562 0.029850746268656716 maoyu 4Сʱ_mousemovements
124.79639944444446 222.75342000000003 195.41183949999999 684.5989175000001 506.71331775 837.1078642499999 2099.352783 1209.300629 419.4737005 392.6555064166666 284.57367385714286 434.1427 482.92114625 259.1848598 342.5283342 135.15872266666668 0.14545454545454545 0.21818181818181817 0.12727272727272726 0.03636363636363636 0.14545454545454545 0.09090909090909091 0.18181818181818182 0.05454545454545454 95.61239154494382 75.196714 169.26803413333337 0.898989898989899 0.025252525252525252 0.07575757575757576 0.48214285714285715 0.14285714285714285 0.07142857142857142 0.10714285714285714 0.07142857142857142 0.07142857142857142 0.017857142857142856 0.03571428571428571 0.6089385474860335 0.18435754189944134 0.07262569832402235 0.08379888268156424 0.05027932960893855 maoyu 4Сʱ_mousemovements
104.79788492857142 211.488945 626.50914 519.612671 0 0 513.432678 705.76947 519.612671 98.56779571428571 0 78.6684075 513.432678 129.517339 364.42898925 385.11889 0.047619047619047616 0.3333333333333333 0.0 0.09523809523809523 0.047619047619047616 0.14285714285714285 0.19047619047619047 0.14285714285714285 67.95566382352942 85.92839057142858 203.68594725 0.8225806451612904 0.11290322580645161 0.06451612903225806 0.6666666666666666 0.09523809523809523 0.09523809523809523 0.047619047619047616 0.0 0.0 0.047619047619047616 0.047619047619047616 0.5087719298245614 0.2631578947368421 0.10526315789473684 0.08771929824561403 0.03508771929824561 maoyu 4Сʱ_mousemovements
179.65363643750004 261.7278975 282.5823825 728.5991516 327.788513 651.953003 0 0 0 602.0909029999999 106.27867633333331 258.8521931666667 43.246994 462.2818565 246.3468335 306.09135449999997 0.0 0.2222222222222222 0.1111111111111111 0.2222222222222222 0.07407407407407407 0.07407407407407407 0.2222222222222222 0.07407407407407407 89.41675606329115 66.2041892 238.1742684 0.8876404494382022 0.056179775280898875 0.056179775280898875 0.5925925925925926 0.07407407407407407 0.07407407407407407 0.18518518518518517 0.037037037037037035 0.037037037037037035 0.0 0.0 0.6266666666666667 0.2 0.05333333333333334 0.04 0.08 maoyu 4Сʱ_mousemovements
427.0891715 264.54564885714285 248.473541 603.69930275 646.7606810000001 730.483551 1345.2165220000002 1138.0167235 951.2092712000001 523.5604706 374.38788439999996 364.49884033333336 1369.085693 814.4612070000002 318.51733720000004 277.58932500000003 0.1724137931034483 0.1724137931034483 0.1724137931034483 0.10344827586206896 0.034482758620689655 0.10344827586206896 0.1724137931034483 0.06896551724137931 116.8168732886598 304.31093599999997 396.3327928181818 0.8818181818181818 0.01818181818181818 0.1 0.27586206896551724 0.2413793103448276 0.034482758620689655 0.13793103448275862 0.10344827586206896 0.06896551724137931 0.06896551724137931 0.06896551724137931 0.6326530612244898 0.11224489795918367 0.12244897959183673 0.04081632653061224 0.09183673469387756 maoyu 4Сʱ_mousemovements
108.37697842857142 386.11759433333333 597.8165895 545.023834 681.7691955 1209.846466 1057.964966 0 628.545563 134.250247 0 536.6918283333333 1059.779144 21.086552 478.0415954 414.36619966666666 0.10526315789473684 0.15789473684210525 0.0 0.15789473684210525 0.10526315789473684 0.05263157894736842 0.2631578947368421 0.15789473684210525 148.02489975471698 125.3752665 148.76582733333333 0.8548387096774194 0.0967741935483871 0.04838709677419355 0.3684210526315789 0.15789473684210525 0.10526315789473684 0.10526315789473684 0.10526315789473684 0.10526315789473684 0.05263157894736842 0.0 0.5471698113207547 0.2641509433962264 0.07547169811320754 0.09433962264150944 0.018867924528301886 maoyu 4Сʱ_mousemovements
173.94402683333337 221.78272859999998 0 437.3799285 0 662.648804 1439.518982 831.580933 239.91910299999998 436.22013499999997 452.0295014 662.648804 228.7551566666667 511.0404003333333 284.98149366666667 0 0.13043478260869565 0.08695652173913043 0.21739130434782608 0.043478260869565216 0.13043478260869565 0.13043478260869565 0.2608695652173913 0.0 136.100940962963 112.21843733333333 189.54084975 0.8852459016393442 0.04918032786885246 0.06557377049180328 0.5217391304347826 0.21739130434782608 0.0 0.08695652173913043 0.0 0.043478260869565216 0.08695652173913043 0.043478260869565216 0.5714285714285714 0.14285714285714285 0.10714285714285714 0.08928571428571429 0.08928571428571429 maoyu 4Сʱ_mousemovements
92.47102981818182 779.6109416666667 503.72731533333337 356.83145149999996 0 413.0722836666667 593.039917 0 436.975741 329.6538812 419.81243539999997 49.52894966666667 232.62401066666666 157.11575425 85.91688825 308.32860800000003 0.08823529411764706 0.14705882352941177 0.14705882352941177 0.08823529411764706 0.08823529411764706 0.23529411764705882 0.11764705882352941 0.08823529411764706 58.99686228301888 148.4947445 158.26507180000002 0.8833333333333333 0.03333333333333333 0.08333333333333333 0.6470588235294118 0.08823529411764706 0.08823529411764706 0.058823529411764705 0.0 0.08823529411764706 0.029411764705882353 0.0 0.6415094339622641 0.2169811320754717 0.09433962264150944 0.03773584905660377 0.009433962264150943 maoyu 4Сʱ_mousemovements
93.34298662500001 278.02398700000003 0 1255.4048663333333 2288.378662 736.878662 0 0 203.88589 445.365859 119.65934 416.40626499999996 0 311.04908500000005 0 1907.7617795 0.2 0.26666666666666666 0.06666666666666667 0.13333333333333333 0.0 0.2 0.0 0.13333333333333333 131.28374012280702 8.0 150.77265075 0.9193548387096774 0.016129032258064516 0.06451612903225806 0.5333333333333333 0.13333333333333333 0.0 0.2 0.06666666666666667 0.06666666666666667 0.0 0.0 0.6785714285714286 0.16071428571428573 0.03571428571428571 0.08928571428571429 0.03571428571428571 maoyu 4Сʱ_mousemovements
135.62776890909092 543.22726825 691.219829 535.5373995 884.113739 980.2396953333333 756.681396 0 321.6415063333333 362.5194095 1102.561646 572.2646686666667 568.92579625 519.3163246 273.7758062857143 92.44580579999999 0.07317073170731707 0.1951219512195122 0.024390243902439025 0.07317073170731707 0.0975609756097561 0.24390243902439024 0.17073170731707318 0.12195121951219512 115.66090726612904 0 312.85843571428575 0.9465648854961832 0.0 0.05343511450381679 0.5365853658536586 0.0975609756097561 0.17073170731707318 0.04878048780487805 0.04878048780487805 0.07317073170731707 0.024390243902439025 0.0 0.6283185840707964 0.21238938053097345 0.07964601769911504 0.035398230088495575 0.04424778761061947 maoyu 4Сʱ_mousemovements
110.03675716666667 376.3438476 0 0 1313.928955 0 0 0 211.158905 220.91894833333333 0 31.530096 59.618793499999995 700.106995 807.9033355 304.112732 0.16666666666666666 0.25 0.0 0.08333333333333333 0.16666666666666666 0.08333333333333333 0.16666666666666666 0.08333333333333333 100.4628547878788 0 270.297264 0.9428571428571428 0.0 0.05714285714285714 0.5 0.4166666666666667 0.0 0.0 0.08333333333333333 0.0 0.0 0.0 0.5625 0.15625 0.21875 0.0 0.0625 maoyu 4Сʱ_mousemovements
0 0 0 0 0 0 0 0 0 0 0 0 0 0 0 0 0 0 0 0 0 0 0 0 0 0 0 0 0 0 0 0 0 0 0 0 0 0 0 0 0 0 0 maoyu 4Сʱ_mousemovements
123.94232155555554 651.5649823333334 796.6586072499999 0 969.978699 731.051514 348.308868 804.042969 392.413025 534.4090709999999 218.031891 191.58058920000002 1120.8828125 731.051514 7.54717 286.207581 0.05 0.4 0.05 0.25 0.1 0.05 0.05 0.05 128.07361803076924 0 261.8023826666667 0.9558823529411765 0.0 0.04411764705882353 0.45 0.15 0.2 0.0 0.05 0.05 0.05 0.05 0.5573770491803278 0.2459016393442623 0.08196721311475409 0.08196721311475409 0.03278688524590164 maoyu 4Сʱ_mousemovements
109.05501600000001 1176.956543 0 798.332397 0 0 0 0 485.059616 798.332397 0 42.78075 116.0750655 101.17691 0 0 0.375 0.125 0.0 0.125 0.25 0.125 0.0 0.0 138.40100189473685 0.0 0 0.95 0.05 0.0 0.75 0.125 0.0 0.125 0.0 0.0 0.0 0.0 0.4666666666666667 0.3333333333333333 0.13333333333333333 0.06666666666666667 0.0 maoyu 4Сʱ_mousemovements
202.404583 0 784.612274 0 1921.778687 0 0 0 0 1010.967285 0 294.594513 0 110.214653 1240.017975 0 0.0 0.2 0.0 0.2 0.0 0.2 0.4 0.0 243.4882750625 0 0 1.0 0.0 0.0 0.4 0.0 0.4 0.0 0.2 0.0 0.0 0.0 0.6666666666666666 0.25 0.08333333333333333 0.0 0.0 maoyu 4Сʱ_mousemovements
199.6871694615385 286.839783 1210.384888 0 652.585327 797.505142 797.74823 825.4994354999999 1210.384888 397.00019385714285 0 375.844268 286.839783 336.64361066666663 37.510021 605.3840485000001 0.047619047619047616 0.3333333333333333 0.0 0.2857142857142857 0.047619047619047616 0.14285714285714285 0.047619047619047616 0.09523809523809523 114.28593537704919 0 303.00975466666665 0.9104477611940298 0.0 0.08955223880597014 0.6190476190476191 0.047619047619047616 0.047619047619047616 0.0 0.047619047619047616 0.09523809523809523 0.047619047619047616 0.09523809523809523 0.6206896551724138 0.22413793103448276 0.06896551724137931 0.05172413793103448 0.034482758620689655 maoyu 4Сʱ_mousemovements
0 0 0 0 0 0 0 0 0 0 0 0 0 0 0 0 0 0 0 0 0 0 0 0 0 0 0 0 0 0 0 0 0 0 0 0 0 0 0 0 0 0 0 maoyu 4Сʱ_mousemovements
