249.0633365625 374.12338671428563 1358.8216956666668 1843.015999857143 3196.256836 0 0 0 780.735416125 583.1317734285715 415.891083 915.5654496666666 644.3917998333333 1197.015028 1720.9154356666666 888.805819 0.22857142857142856 0.2 0.02857142857142857 0.08571428571428572 0.17142857142857143 0.11428571428571428 0.08571428571428572 0.08571428571428572 339.36682364367823 0 89.8108386 0.9456521739130435 0.0 0.05434782608695652 0.45714285714285713 0.2 0.08571428571428572 0.2 0.05714285714285714 0.0 0.0 0.0 0.375 0.4 0.1375 0.05 0.0375 maoyu 2Сʱ_mousemovements
38.988632 0 241.392685 0 0 0 0 0 0 38.988632 0 0 0 0 241.392685 0 0.0 0.5 0.0 0.0 0.0 0.0 0.5 0.0 31.15347966666667 0 0 1.0 0.0 0.0 0.5 0.0 0.5 0.0 0.0 0.0 0.0 0.0 0.6666666666666666 0.16666666666666666 0.16666666666666666 0.0 0.0 maoyu 2Сʱ_mousemovements
117.54744649999999 368.47270199999997 963.2233492857142 630.304592 3326.844971 0 497.658752 0 818.60142 836.15582475 292.1184995 336.702723 1078.932368 60.34105733333333 238.8342283333333 156.63583533333332 0.1111111111111111 0.14814814814814814 0.07407407407407407 0.1111111111111111 0.2222222222222222 0.1111111111111111 0.1111111111111111 0.1111111111111111 163.67056188235293 235.23932433333334 103.01409416666667 0.9042553191489362 0.031914893617021274 0.06382978723404255 0.4444444444444444 0.07407407407407407 0.25925925925925924 0.14814814814814814 0.037037037037037035 0.0 0.037037037037037035 0.0 0.45121951219512196 0.32926829268292684 0.0975609756097561 0.08536585365853659 0.036585365853658534 maoyu 2Сʱ_mousemovements
140.16255900000002 521.5641095555557 925.8619951428572 1270.5683517500001 2951.544922 2301.749565 0 0 0 1230.183200375 1118.153026 0 369.756371625 1540.6052061999999 435.19478425 174.33741266666667 0.0 0.21621621621621623 0.13513513513513514 0.0 0.21621621621621623 0.13513513513513514 0.21621621621621623 0.08108108108108109 276.65094477 364.4721802 101.73714516666666 0.9009009009009009 0.04504504504504504 0.05405405405405406 0.32432432432432434 0.24324324324324326 0.1891891891891892 0.10810810810810811 0.02702702702702703 0.10810810810810811 0.0 0.0 0.44086021505376344 0.3548387096774194 0.10752688172043011 0.08602150537634409 0.010752688172043012 maoyu 2Сʱ_mousemovements
0 0 0 0 0 0 0 0 0 0 0 0 0 0 0 0 0 0 0 0 0 0 0 0 0 0 0 0 0 0 0 0 0 0 0 0 0 0 0 0 0 0 0 maoyu 2Сʱ_mousemovements
164.51972575000002 1199.851563 641.2738265 848.873779 2951.799805 1317.568237 0 3919.230225 0 1387.97892375 848.873779 0 0 2559.5408939999998 118.750585 301.827148 0.0 0.36363636363636365 0.09090909090909091 0.0 0.0 0.18181818181818182 0.2727272727272727 0.09090909090909091 322.4077313513513 0 82.95470166666667 0.925 0.0 0.075 0.36363636363636365 0.09090909090909091 0.18181818181818182 0.09090909090909091 0.09090909090909091 0.09090909090909091 0.0 0.09090909090909091 0.4411764705882353 0.3235294117647059 0.20588235294117646 0.029411764705882353 0.0 maoyu 2Сʱ_mousemovements
0 885.0725555 652.510132 0 1941.0068970000002 0 0 0 0 1201.9230345 1624.156418 0 652.510132 0 0 0 0.0 0.4 0.4 0.0 0.2 0.0 0.0 0.0 630.4669037000001 0 0 1.0 0.0 0.0 0.0 0.4 0.2 0.0 0.4 0.0 0.0 0.0 0.25 0.5 0.25 0.0 0.0 maoyu 2Сʱ_mousemovements
399.9769579 674.3847948181818 1819.5624491666667 2719.0502625 3161.684407666666 3819.5953369999997 0 0 4353.098633 1101.3348903571427 2041.1706746666666 157.567734 0 1588.9070728571428 940.344177 0 0.027777777777777776 0.3888888888888889 0.08333333333333333 0.05555555555555555 0.0 0.3888888888888889 0.05555555555555555 0.0 573.812409586207 0 82.82846599999999 0.9456521739130435 0.0 0.05434782608695652 0.2777777777777778 0.3055555555555556 0.16666666666666666 0.1111111111111111 0.08333333333333333 0.05555555555555555 0.0 0.0 0.43373493975903615 0.37349397590361444 0.08433734939759036 0.07228915662650602 0.03614457831325301 maoyu 2Сʱ_mousemovements
169.66811671428573 633.221794625 2053.602661 1612.209717 2777.493408 1843.030029 0 0 32.809277 524.5958959999999 0 0 1049.6055246666667 981.0037535999998 1245.2112599999998 378.324615 0.05 0.3 0.0 0.0 0.15 0.25 0.2 0.05 262.640392 61.861073 61.956068249999994 0.9253731343283582 0.014925373134328358 0.05970149253731343 0.35 0.4 0.1 0.05 0.05 0.05 0.0 0.0 0.4576271186440678 0.3559322033898305 0.03389830508474576 0.13559322033898305 0.01694915254237288 maoyu 2Сʱ_mousemovements
219.462036 669.5476552857143 1617.4115685714282 1889.1635285 1538.3655395 2309.512329 3025.580811 0 1515.8284503333332 1594.4719581250001 1525.6501463333334 1476.7384029999998 78.90795366666667 2057.558197 456.31118779999997 21.276596 0.10344827586206896 0.27586206896551724 0.10344827586206896 0.06896551724137931 0.10344827586206896 0.13793103448275862 0.1724137931034483 0.034482758620689655 465.3520208421052 0 59.18096525 0.95 0.0 0.05 0.20689655172413793 0.2413793103448276 0.2413793103448276 0.13793103448275862 0.06896551724137931 0.06896551724137931 0.034482758620689655 0.0 0.3611111111111111 0.4444444444444444 0.08333333333333333 0.08333333333333333 0.027777777777777776 maoyu 2Сʱ_mousemovements
90.9958165 894.03715525 0 156.201904 2204.013184 0 0 0 0 697.593626 132.309282 0 864.162537 1180.107544 359.284954 0 0.0 0.3 0.2 0.0 0.1 0.2 0.2 0.0 242.32103750000002 0 0 1.0 0.0 0.0 0.4 0.4 0.0 0.1 0.1 0.0 0.0 0.0 0.5 0.4090909090909091 0.045454545454545456 0.0 0.045454545454545456 maoyu 2Сʱ_mousemovements
138.39189695238096 666.5535665 833.5206300000001 1750.50719075 2814.2271727499997 2692.3204750000004 3884.310547 0 562.8099666 1333.6991517777778 841.2025722727274 203.97646450000002 645.16447425 455.6709070769231 1752.6909008333332 841.55005 0.078125 0.140625 0.171875 0.03125 0.125 0.203125 0.1875 0.0625 277.5673142107843 153.595814 217.32862155555554 0.918918918918919 0.04054054054054054 0.04054054054054054 0.328125 0.25 0.171875 0.125 0.0625 0.046875 0.015625 0.0 0.4195121951219512 0.40487804878048783 0.11219512195121951 0.02926829268292683 0.03414634146341464 maoyu 2Сʱ_mousemovements
48.406144043478264 595.8325762222223 1253.575876125 1327.2653200000002 2123.8929445000003 3292.724609 0 0 228.0595245 690.8163071111111 1384.0995466 705.4237852 409.93129259999995 638.7920705 966.0387608888889 82.38480700000001 0.041666666666666664 0.1875 0.10416666666666667 0.10416666666666667 0.10416666666666667 0.125 0.1875 0.14583333333333334 187.47040928915663 11.5731635 184.69220983333332 0.9431818181818182 0.022727272727272728 0.03409090909090909 0.4791666666666667 0.1875 0.16666666666666666 0.0625 0.08333333333333333 0.020833333333333332 0.0 0.0 0.45625 0.4125 0.1125 0.01875 0.0 maoyu 2Сʱ_mousemovements
188.89053016666665 729.957382 1666.49939 333.8835093333333 3241.248169 942.121887 3693.645996 0 502.375742 1962.9399335 101.468803 1151.811523 0 1072.5024872 1170.8418352499998 149.88063 0.125 0.125 0.0625 0.0625 0.0 0.3125 0.25 0.0625 309.6927318979592 270.168556 166.09777724999998 0.8909090909090909 0.03636363636363636 0.07272727272727272 0.375 0.125 0.0625 0.1875 0.125 0.0625 0.0625 0.0 0.46938775510204084 0.2653061224489796 0.16326530612244897 0.04081632653061224 0.061224489795918366 maoyu 2Сʱ_mousemovements
85.47565599999999 0 310.913615 0 0 0 0 0 57.028774 161.821743 336.572403 0 3.2 151.5510295 0 0 0.125 0.25 0.25 0.0 0.125 0.25 0.0 0.0 29.947034571428567 43.50602 67.11672374999999 0.875 0.025 0.1 0.625 0.0 0.375 0.0 0.0 0.0 0.0 0.0 0.45161290322580644 0.3225806451612903 0.12903225806451613 0.06451612903225806 0.03225806451612903 maoyu 2Сʱ_mousemovements
0 0 0 0 0 394.782684 0 0 0 0 394.782684 0 0 0 0 0 0.0 0.0 1.0 0.0 0.0 0.0 0.0 0.0 0.0 0 394.782684 0.8333333333333334 0.0 0.16666666666666666 0.0 0.0 0.0 0.0 0.0 1.0 0.0 0.0 0.5 0.5 0.0 0.0 0.0 maoyu 2Сʱ_mousemovements
112.08284574999999 570.309086 1106.8025814999999 0 0 0 1166.331909 0 0 758.563934 0 0 167.9628753333333 1039.880371 635.9965873333333 0 0.0 0.2222222222222222 0.0 0.0 0.3333333333333333 0.1111111111111111 0.3333333333333333 0.0 186.90277065384615 0 54.707295 0.9285714285714286 0.0 0.07142857142857142 0.4444444444444444 0.2222222222222222 0.2222222222222222 0.0 0.0 0.0 0.1111111111111111 0.0 0.4583333333333333 0.375 0.041666666666666664 0.041666666666666664 0.08333333333333333 maoyu 2Сʱ_mousemovements
0 0 0 0 0 0 0 0 0 0 0 0 0 0 0 0 0 0 0 0 0 0 0 0 0 0 0 0 0 0 0 0 0 0 0 0 0 0 0 0 0 0 0 maoyu 2Сʱ_mousemovements
80.43637120000001 352.457428 777.7751920000001 301.97998 0 0 0 0 0 777.7751920000001 0 0 97.73308500000002 310.873718 92.853569 200.638216 0.0 0.2 0.0 0.0 0.3 0.2 0.1 0.2 87.47823606249999 0 82.661761 0.9411764705882353 0.0 0.058823529411764705 0.5 0.2 0.2 0.1 0.0 0.0 0.0 0.0 0.4583333333333333 0.375 0.041666666666666664 0.041666666666666664 0.08333333333333333 maoyu 2Сʱ_mousemovements
137.41753533333335 512.2482426666667 283.1410905 295.0018155 2876.6173095 3157.102783 0 2312.647461 321.419434 934.3919905714286 216.606677 322.649689 0 662.0399466666665 735.3848868333334 0 0.034482758620689655 0.2413793103448276 0.1724137931034483 0.034482758620689655 0.0 0.3103448275862069 0.20689655172413793 0.0 215.09187664285713 139.838806 107.73970975 0.9438202247191011 0.011235955056179775 0.0449438202247191 0.41379310344827586 0.3103448275862069 0.06896551724137931 0.06896551724137931 0.06896551724137931 0.034482758620689655 0.0 0.034482758620689655 0.48 0.3466666666666667 0.09333333333333334 0.06666666666666667 0.013333333333333334 maoyu 2Сʱ_mousemovements
113.45200344444444 485.0719961666666 964.4704691666667 1476.019272 143.636475 1844.434021 0 0 0 1176.5355378333334 449.132804 91.239586 615.2475436666667 1043.4991046666667 463.13852262499995 688.7197345 0.0 0.21428571428571427 0.17857142857142858 0.03571428571428571 0.10714285714285714 0.10714285714285714 0.2857142857142857 0.07142857142857142 217.4026546976744 263.837555 57.6502535 0.9347826086956522 0.021739130434782608 0.043478260869565216 0.32142857142857145 0.21428571428571427 0.21428571428571427 0.14285714285714285 0.03571428571428571 0.07142857142857142 0.0 0.0 0.45121951219512196 0.36585365853658536 0.08536585365853659 0.08536585365853659 0.012195121951219513 maoyu 2Сʱ_mousemovements
188.71545379999998 602.585167 1155.737442 1155.6999818 1736.7422582500003 1896.202591 3268.317383 1271.184326 594.6267985000001 1826.4353041999998 1028.150085 382.27179 1125.8450252857142 797.1554337142858 1005.9228626666668 137.44023466666667 0.08695652173913043 0.10869565217391304 0.21739130434782608 0.021739130434782608 0.15217391304347827 0.15217391304347827 0.1956521739130435 0.06521739130434782 276.5496469171975 128.8947632 115.36862822222221 0.9181286549707602 0.029239766081871343 0.05263157894736842 0.21739130434782608 0.17391304347826086 0.21739130434782608 0.21739130434782608 0.08695652173913043 0.043478260869565216 0.021739130434782608 0.021739130434782608 0.40397350993377484 0.3708609271523179 0.11920529801324503 0.06622516556291391 0.039735099337748346 maoyu 2Сʱ_mousemovements
65.85260358 549.3187875833333 938.4737428000001 1479.215744 2112.602617 3114.7732746666666 3814.4914550000003 4233.369629 393.66677500000003 644.3893366363635 1247.518991153846 507.01037999999994 152.66559362499999 1062.4742574 940.2295995555558 2097.634521 0.04081632653061224 0.22448979591836735 0.1326530612244898 0.08163265306122448 0.08163265306122448 0.15306122448979592 0.2755102040816326 0.01020408163265306 304.78844519305017 50.2687757 244.8879376 0.9452554744525548 0.0364963503649635 0.01824817518248175 0.5102040816326531 0.12244897959183673 0.10204081632653061 0.08163265306122448 0.09183673469387756 0.061224489795918366 0.02040816326530612 0.01020408163265306 0.4296875 0.43359375 0.08203125 0.0390625 0.015625 maoyu 2Сʱ_mousemovements
0 469.3439025 0 0 0 0 0 0 0 0 0 0 0 469.3439025 0 0 0.0 0.0 0.0 0.0 0.0 1.0 0.0 0.0 56.223318857142864 545.124573 0 0.875 0.125 0.0 0.0 1.0 0.0 0.0 0.0 0.0 0.0 0.0 0.375 0.5 0.125 0.0 0.0 maoyu 2Сʱ_mousemovements
0 0 0 0 0 0 0 0 0 0 0 0 0 0 0 0 0 0 0 0 0 0 0 0 0.0 0 0 1.0 0.0 0.0 0 0 0 0 0 0 0 0 1.0 0.0 0.0 0.0 0.0 maoyu 2Сʱ_mousemovements
0 0 0 0 0 0 0 0 0 0 0 0 0 0 0 0 0 0 0 0 0 0 0 0 0 0 0 0 0 0 0 0 0 0 0 0 0 0 0 0 0 0 0 maoyu 2Сʱ_mousemovements
0 0 0 0 0 0 0 0 0 0 0 0 0 0 0 0 0 0 0 0 0 0 0 0 0 0 0 0 0 0 0 0 0 0 0 0 0 0 0 0 0 0 0 maoyu 2Сʱ_mousemovements
0 0 0 0 2193.812256 0 0 0 0 2193.812256 0 0 0 0 0 0 0.0 1.0 0.0 0.0 0.0 0.0 0.0 0.0 1096.906128 0 0 1.0 0.0 0.0 0.0 0.0 0.0 0.0 1.0 0.0 0.0 0.0 0.0 1.0 0.0 0.0 0.0 maoyu 2Сʱ_mousemovements
51.931847 715.4537316000001 1249.37983675 3013.178833 176.380692 2975.547363 0 0 1320.997437 978.1278685 769.488556 1069.5892370000001 2056.713073666667 338.873064375 776.9712105 1348.758064 0.041666666666666664 0.08333333333333333 0.08333333333333333 0.08333333333333333 0.125 0.3333333333333333 0.16666666666666666 0.08333333333333333 280.60557005333334 45.00196666666667 153.836604 0.9259259259259259 0.037037037037037035 0.037037037037037035 0.25 0.4166666666666667 0.16666666666666666 0.08333333333333333 0.041666666666666664 0.041666666666666664 0.0 0.0 0.4925373134328358 0.373134328358209 0.07462686567164178 0.029850746268656716 0.029850746268656716 maoyu 2Сʱ_mousemovements
80.7975565 561.3598736666667 616.80419525 1245.15213 2068.4667815000003 4154.4311525 0 0 1003.2538910000001 1274.7637244 1079.4773965000002 109.288971 82.111954 207.09658566666667 1012.7651483333335 970.553467 0.07407407407407407 0.18518518518518517 0.2962962962962963 0.037037037037037035 0.037037037037037035 0.1111111111111111 0.2222222222222222 0.037037037037037035 283.10722388095246 22.763317 134.02631150000002 0.9032258064516129 0.010752688172043012 0.08602150537634409 0.37037037037037035 0.1111111111111111 0.14814814814814814 0.2222222222222222 0.07407407407407407 0.07407407407407407 0.0 0.0 0.3684210526315789 0.3815789473684211 0.07894736842105263 0.09210526315789473 0.07894736842105263 maoyu 2Сʱ_mousemovements
102.37059766666665 408.107178 755.78105925 2679.9811403333333 2798.44329825 1494.3369953333333 1257.432007 0 1465.3538210000002 281.4961525714286 1990.742264 1013.5939303333333 1003.2426986666666 82.30643099999999 1234.4971620000001 77.003761 0.0625 0.21875 0.125 0.09375 0.09375 0.09375 0.28125 0.03125 264.30185077777776 439.5900446666667 53.965238555555544 0.9 0.025 0.075 0.46875 0.0625 0.125 0.09375 0.125 0.09375 0.03125 0.0 0.4074074074074074 0.39814814814814814 0.1111111111111111 0.027777777777777776 0.05555555555555555 maoyu 2Сʱ_mousemovements
139.89023266666666 628.8279437272727 1398.9420379 1707.3996703999996 0 3641.243233857143 0 0 375.997793 473.79451775 1976.698059 942.7899668333333 320.7184865 524.124916142857 2150.290677666667 672.5338436666666 0.0392156862745098 0.1568627450980392 0.13725490196078433 0.11764705882352941 0.11764705882352941 0.13725490196078433 0.23529411764705882 0.058823529411764705 334.86811166863913 59.81470825 103.04720533333334 0.9441340782122905 0.0223463687150838 0.0335195530726257 0.35294117647058826 0.21568627450980393 0.19607843137254902 0.09803921568627451 0.0 0.13725490196078433 0.0 0.0 0.3836477987421384 0.4339622641509434 0.11320754716981132 0.03773584905660377 0.031446540880503145 maoyu 2Сʱ_mousemovements
50.09707630303031 726.2102652727273 1238.58745575 1462.2152763333333 2850.6443360000003 2000.523804 676.081848 0 260.9972226666667 1215.3798682857143 1256.5689955999999 588.4095725714286 143.17962599999998 465.6966061666667 1113.008810888889 159.74129155555556 0.046875 0.109375 0.078125 0.109375 0.140625 0.09375 0.28125 0.140625 224.06572180102035 9.347402571428571 181.57454014285716 0.9333333333333333 0.03333333333333333 0.03333333333333333 0.5076923076923077 0.16923076923076924 0.12307692307692308 0.09230769230769231 0.07692307692307693 0.015384615384615385 0.015384615384615385 0.0 0.38578680203045684 0.4263959390862944 0.1065989847715736 0.06091370558375635 0.02030456852791878 maoyu 2Сʱ_mousemovements
84.13727190909091 320.33537029999997 881.5177003749999 1986.950439 684.359375 0 0 0 359.5801915 444.58406175 181.386978 670.9724365999999 396.05107733333335 217.4193723333333 134.004822 714.8131156 0.12903225806451613 0.12903225806451613 0.0967741935483871 0.16129032258064516 0.1935483870967742 0.0967741935483871 0.03225806451612903 0.16129032258064516 108.88402089743592 53.15245033333333 105.93636833333333 0.9069767441860465 0.023255813953488372 0.06976744186046512 0.3548387096774194 0.3225806451612903 0.25806451612903225 0.03225806451612903 0.03225806451612903 0.0 0.0 0.0 0.4375 0.30357142857142855 0.16964285714285715 0.05357142857142857 0.03571428571428571 maoyu 2Сʱ_mousemovements
77.50801033333333 146.4362033333333 1753.565267 617.254272 1506.3403015 2152.762085 0 0 617.254272 1310.9535828 0 3.121884 1133.95158025 133.62645750000001 530.5770530000001 0 0.058823529411764705 0.29411764705882354 0.0 0.058823529411764705 0.23529411764705882 0.11764705882352941 0.23529411764705882 0.0 290.234766875 0 42.310677 0.9230769230769231 0.0 0.07692307692307693 0.35294117647058826 0.17647058823529413 0.17647058823529413 0.058823529411764705 0.11764705882352941 0.11764705882352941 0.0 0.0 0.425531914893617 0.2127659574468085 0.2765957446808511 0.0425531914893617 0.0425531914893617 maoyu 2Сʱ_mousemovements
0 0 0 0 0 0 0 0 0 0 0 0 0 0 0 0 0 0 0 0 0 0 0 0 0 0 0 0 0 0 0 0 0 0 0 0 0 0 0 0 0 0 0 maoyu 2Сʱ_mousemovements
252.285764 1168.7357485 458.99646774999997 1273.2449136666667 2475.9791666666665 0 0 0 0 2181.401611 1466.76001 1492.9893035 359.41871399999997 493.217865 1183.1697695 1575.5767823333335 0.0 0.07142857142857142 0.07142857142857142 0.14285714285714285 0.14285714285714285 0.21428571428571427 0.14285714285714285 0.21428571428571427 384.161939131579 564.407288 254.38005399999997 0.9047619047619048 0.023809523809523808 0.07142857142857142 0.14285714285714285 0.14285714285714285 0.2857142857142857 0.21428571428571427 0.21428571428571427 0.0 0.0 0.0 0.4 0.4 0.17142857142857143 0.0 0.02857142857142857 maoyu 2Сʱ_mousemovements
108.44591772727273 580.8685544545453 447.39493799999997 1920.0987794 1690.7542357999998 2353.57969675 971.366394 967.2015074999999 614.2297394 1039.21539975 618.3668892857144 670.3333536666667 1070.01315875 1222.4181853750001 1362.853482 350.4457855 0.11904761904761904 0.19047619047619047 0.16666666666666666 0.07142857142857142 0.09523809523809523 0.19047619047619047 0.11904761904761904 0.047619047619047616 261.9776112222222 342.9730985 216.4049045333333 0.8881578947368421 0.013157894736842105 0.09868421052631579 0.2619047619047619 0.2619047619047619 0.07142857142857142 0.11904761904761904 0.11904761904761904 0.09523809523809523 0.023809523809523808 0.047619047619047616 0.36231884057971014 0.36231884057971014 0.15942028985507245 0.06521739130434782 0.050724637681159424 maoyu 2Сʱ_mousemovements
128.71668540000002 699.6318953333333 1132.0358307 1505.2528242727274 3265.127767 0 0 0 805.9879263333333 1429.3672718333335 914.7395891428571 0 1135.6768547142858 915.6194434166667 763.1471785 642.3993315 0.125 0.125 0.14583333333333334 0.0 0.14583333333333334 0.25 0.125 0.08333333333333333 314.87156241843974 69.5342806 165.1997585714286 0.9215686274509803 0.032679738562091505 0.0457516339869281 0.3125 0.1875 0.20833333333333334 0.22916666666666666 0.0625 0.0 0.0 0.0 0.4084507042253521 0.4014084507042254 0.09154929577464789 0.07746478873239436 0.02112676056338028 maoyu 2Сʱ_mousemovements
61.16624075 487.44003299999997 1361.1870115 1636.747803 0 3410.811157 0 0 4.8 1543.696533 0 0 89.502815 2067.8249388 75.181074 272.802979 0.09090909090909091 0.09090909090909091 0.0 0.0 0.09090909090909091 0.45454545454545453 0.18181818181818182 0.09090909090909091 382.60818884375 0 52.27570866666667 0.9142857142857143 0.0 0.08571428571428572 0.36363636363636365 0.18181818181818182 0.18181818181818182 0.09090909090909091 0.0 0.18181818181818182 0.0 0.0 0.3793103448275862 0.5172413793103449 0.0 0.10344827586206896 0.0 maoyu 2Сʱ_mousemovements
