193.14009742105264 668.8248422 1686.534939111111 1554.4301024000001 2689.5924196 1167.0387575 0 0 1617.8223158 765.7007103333332 801.59794825 1263.3212676 1120.2851214285713 1343.3776169999999 502.806923 807.134627375 0.1 0.12 0.08 0.1 0.14 0.12 0.18 0.16 272.05439071345023 0 142.75633544444446 0.9047619047619048 0.0 0.09523809523809523 0.38 0.2 0.18 0.1 0.1 0.04 0.0 0.0 0.4269005847953216 0.30994152046783624 0.14035087719298245 0.08771929824561403 0.03508771929824561 maoyu 1Сʱ_mousemovements
0 0 0 0 0 0 0 0 0 0 0 0 0 0 0 0 0 0 0 0 0 0 0 0 0 0 0 0 0 0 0 0 0 0 0 0 0 0 0 0 0 0 0 maoyu 1Сʱ_mousemovements
0 0 0 0 0 0 0 0 0 0 0 0 0 0 0 0 0 0 0 0 0 0 0 0 0 0 0 0 0 0 0 0 0 0 0 0 0 0 0 0 0 0 0 maoyu 1Сʱ_mousemovements
0 0 0 0 0 0 0 0 0 0 0 0 0 0 0 0 0 0 0 0 0 0 0 0 0 0 0 0 0 0 0 0 0 0 0 0 0 0 0 0 0 0 0 maoyu 1Сʱ_mousemovements
138.2437173333333 555.745327 1447.8963625 1384.71932975 926.4796755 0 0 0 0 592.2215424999999 926.4796755 0 401.136688 888.6883727999999 1128.5669593333332 828.8299945 0.0 0.13333333333333333 0.13333333333333333 0.0 0.06666666666666667 0.3333333333333333 0.2 0.13333333333333333 307.9612763589743 213.855804 233.66542433333333 0.9069767441860465 0.023255813953488372 0.06976744186046512 0.2 0.26666666666666666 0.13333333333333333 0.26666666666666666 0.13333333333333333 0.0 0.0 0.0 0.37142857142857144 0.34285714285714286 0.11428571428571428 0.17142857142857143 0.0 maoyu 1Сʱ_mousemovements
155.68423074999998 137.819427 139.755753 680.426086 0 0 1033.625488 0 0 327.0519675 409.12275650000004 0 0 0 243.955147 0 0.0 0.5 0.25 0.0 0.0 0.0 0.25 0.0 116.25354942857145 139.755753 33.283386 0.9130434782608695 0.043478260869565216 0.043478260869565216 0.5 0.125 0.125 0.125 0.0 0.0 0.125 0.0 0.3 0.4 0.15 0.05 0.1 maoyu 1Сʱ_mousemovements
151.03481775 565.0543138 1655.6987305 3332.639893 2939.1583250000003 0 0 0 77.114771 1346.166173 653.318825 0 0 1631.6197548333332 0 1800.9194645 0.13333333333333333 0.2 0.13333333333333333 0.0 0.0 0.4 0.0 0.13333333333333333 437.1278523095238 0 132.888343 0.9130434782608695 0.0 0.08695652173913043 0.26666666666666666 0.3333333333333333 0.13333333333333333 0.06666666666666667 0.2 0.0 0.0 0.0 0.38636363636363635 0.4318181818181818 0.045454545454545456 0.06818181818181818 0.06818181818181818 maoyu 1Сʱ_mousemovements
269.6912995 961.828125 286.4515535 1112.2994514285713 2047.134033 0 0 0 0 873.3457133333333 670.2849016666668 76.542252 0 1343.34394825 591.47918325 0 0.0 0.2 0.2 0.06666666666666667 0.0 0.26666666666666666 0.26666666666666666 0.0 279.22451928571434 279.19645649999995 80.45195 0.9130434782608695 0.043478260869565216 0.043478260869565216 0.26666666666666666 0.06666666666666667 0.13333333333333333 0.4666666666666667 0.06666666666666667 0.0 0.0 0.0 0.41025641025641024 0.41025641025641024 0.07692307692307693 0.07692307692307693 0.02564102564102564 maoyu 1Сʱ_mousemovements
100.61019771428572 1143.218384 455.71344033333327 2297.243164 0 1006.534729 0 0 69.640915 135.122864 51.313709 531.2741395 1143.218384 256.377724 1106.477044 89.254387 0.07692307692307693 0.15384615384615385 0.07692307692307693 0.15384615384615385 0.07692307692307693 0.15384615384615385 0.23076923076923078 0.07692307692307693 133.0801804090909 207.745728 151.71143866666668 0.9166666666666666 0.020833333333333332 0.0625 0.5384615384615384 0.07692307692307693 0.23076923076923078 0.07692307692307693 0.0 0.07692307692307693 0.0 0.0 0.4523809523809524 0.30952380952380953 0.14285714285714285 0.09523809523809523 0.0 maoyu 1Сʱ_mousemovements
29.55665 550.4863383333333 0 0 0 0 0 0 0 463.02538366666664 0 0 0 291.939514 0 0 0.0 0.75 0.0 0.0 0.0 0.25 0.0 0.0 86.11486527777777 0 65.474045 0.9 0.0 0.1 0.25 0.75 0.0 0.0 0.0 0.0 0.0 0.0 0.4375 0.25 0.25 0.0625 0.0 maoyu 1Сʱ_mousemovements
93.97312844444444 420.151778125 704.7580033333334 1453.222814 1309.6440633333334 0 0 0 0 663.56853125 383.82662475 0 0 866.9223941428571 123.6111032 1658.44751 0.0 0.27586206896551724 0.27586206896551724 0.0 0.0 0.2413793103448276 0.1724137931034483 0.034482758620689655 177.4194421460674 146.9336315 79.990427375 0.898989898989899 0.020202020202020204 0.08080808080808081 0.3103448275862069 0.27586206896551724 0.20689655172413793 0.10344827586206896 0.10344827586206896 0.0 0.0 0.0 0.42168674698795183 0.3132530120481928 0.12048192771084337 0.0963855421686747 0.04819277108433735 maoyu 1Сʱ_mousemovements
72.47967580000001 612.0725439999999 1207.7489166666667 0 1430.52771 0 2824.152344 0 0 812.4154795 482.65763475 0 1133.363691 1274.0875043333335 543.4732003333334 1412.160156 0.0 0.23529411764705882 0.23529411764705882 0.0 0.11764705882352941 0.17647058823529413 0.17647058823529413 0.058823529411764705 361.84539020512824 0 99.9459455 0.9512195121951219 0.0 0.04878048780487805 0.29411764705882354 0.23529411764705882 0.35294117647058826 0.0 0.058823529411764705 0.0 0.058823529411764705 0.0 0.34210526315789475 0.34210526315789475 0.07894736842105263 0.15789473684210525 0.07894736842105263 maoyu 1Сʱ_mousemovements
184.22268785714286 603.0933716000001 864.187683 435.730591 0 0 0 0 0 276.4321586 435.730591 0 311.36141999999995 1025.7685245 358.094322 38.509708 0.0 0.35714285714285715 0.07142857142857142 0.0 0.14285714285714285 0.14285714285714285 0.21428571428571427 0.07142857142857142 107.51179304081633 0 67.3732176 0.9074074074074074 0.0 0.09259259259259259 0.5 0.35714285714285715 0.07142857142857142 0.07142857142857142 0.0 0.0 0.0 0.0 0.5 0.34210526315789475 0.10526315789473684 0.05263157894736842 0.0 maoyu 1Сʱ_mousemovements
3.656307 670.118937 1914.6312865 311.609253 3689.67749 0 0 0 0 1896.0254752 0 0 559.870422 1023.99115 1235.125488 0 0.0 0.5555555555555556 0.0 0.0 0.1111111111111111 0.1111111111111111 0.2222222222222222 0.0 563.774317375 0 3.656307 0.96 0.0 0.04 0.1111111111111111 0.3333333333333333 0.2222222222222222 0.1111111111111111 0.2222222222222222 0.0 0.0 0.0 0.47619047619047616 0.3333333333333333 0.14285714285714285 0.047619047619047616 0.0 maoyu 1Сʱ_mousemovements
34.047532000000004 131.34931933333334 336.960419 1020.1994629999999 0 0 0 0 0 107.408492 264.30651333333327 0 0 747.402712 336.960419 0 0.0 0.25 0.375 0.0 0.0 0.25 0.125 0.0 60.011733117647054 0 133.18390683333334 0.85 0.0 0.15 0.25 0.375 0.125 0.25 0.0 0.0 0.0 0.0 0.4 0.4 0.13333333333333333 0.06666666666666667 0.0 maoyu 1Сʱ_mousemovements
355.94412200000005 0 1134.762695 1037.40679925 1978.6972045000002 0 0 0 168.781799 1978.6972045000002 771.90420525 0 0 374.251373 1360.7861325 0 0.1 0.2 0.4 0.0 0.0 0.1 0.2 0.0 515.48083335 0 0 1.0 0.0 0.0 0.3 0.0 0.1 0.4 0.2 0.0 0.0 0.0 0.2 0.4666666666666667 0.2 0.13333333333333333 0.0 maoyu 1Сʱ_mousemovements
126.47773009090908 740.697952 1262.4215243333333 1404.4912875 2617.062317 0 0 0 80.81485950000001 505.68488333333335 875.5884245 372.3282346666667 125.0 2341.02691675 433.20162750000003 1235.410944 0.08333333333333333 0.125 0.08333333333333333 0.125 0.08333333333333333 0.16666666666666666 0.25 0.08333333333333333 286.1993064769231 271.361122 21.32701925 0.9154929577464789 0.028169014084507043 0.056338028169014086 0.4583333333333333 0.125 0.25 0.08333333333333333 0.08333333333333333 0.0 0.0 0.0 0.43548387096774194 0.3870967741935484 0.08064516129032258 0.03225806451612903 0.06451612903225806 maoyu 1Сʱ_mousemovements
294.3165715454545 842.1509497272727 1398.3408203333336 2233.649414 530.088623 0 0 0 267.63929233333334 1354.05542 1131.302477285714 876.194458 588.0398115 461.35323074999997 468.7485266666666 891.2114766666667 0.1111111111111111 0.037037037037037035 0.25925925925925924 0.037037037037037035 0.07407407407407407 0.14814814814814814 0.2222222222222222 0.1111111111111111 260.8100423150685 0 70.12835716666666 0.9240506329113924 0.0 0.0759493670886076 0.4074074074074074 0.4074074074074074 0.1111111111111111 0.037037037037037035 0.037037037037037035 0.0 0.0 0.0 0.391304347826087 0.42028985507246375 0.07246376811594203 0.08695652173913043 0.028985507246376812 maoyu 1Сʱ_mousemovements
151.96664727272727 235.913338625 1426.065379 2672.99334725 2646.575369714286 0 3492.141357 601.179504 730.0478056666667 1564.1890927499999 735.2680682499999 1970.7009686666668 282.50204233333335 1502.324486 1320.6528981666668 866.3821196000001 0.07894736842105263 0.10526315789473684 0.10526315789473684 0.07894736842105263 0.07894736842105263 0.2631578947368421 0.15789473684210525 0.13157894736842105 394.67422926126125 379.659523 85.8495447 0.9024390243902439 0.016260162601626018 0.08130081300813008 0.2894736842105263 0.21052631578947367 0.15789473684210525 0.10526315789473684 0.18421052631578946 0.0 0.02631578947368421 0.02631578947368421 0.4144144144144144 0.3783783783783784 0.12612612612612611 0.07207207207207207 0.009009009009009009 maoyu 1Сʱ_mousemovements
175.782916 860.590149 1151.7989117500001 1633.3759155 2189.8802185 5156.056152 4193.818848 0 934.632019 1938.7164189999999 4193.818848 500.566528 196.2881925 2087.1805406666667 1043.1012166666667 0 0.06666666666666667 0.26666666666666666 0.06666666666666667 0.06666666666666667 0.13333333333333333 0.2 0.2 0.0 689.4859743636364 364.039673 50.227901 0.9428571428571428 0.02857142857142857 0.02857142857142857 0.26666666666666666 0.06666666666666667 0.26666666666666666 0.13333333333333333 0.13333333333333333 0.06666666666666667 0.06666666666666667 0.0 0.5172413793103449 0.1724137931034483 0.1724137931034483 0.10344827586206896 0.034482758620689655 maoyu 1Сʱ_mousemovements
6.42978 265.5941036666667 2553.931641 0 2381.291748 451.320526 5420.261475 0 451.320526 2791.4344966666667 0 0 0 3745.907227 237.61349533333336 0 0.1111111111111111 0.3333333333333333 0.0 0.0 0.0 0.2222222222222222 0.3333333333333333 0.0 610.4502609259259 0 182.70730366666666 0.9 0.0 0.1 0.1111111111111111 0.3333333333333333 0.1111111111111111 0.0 0.1111111111111111 0.1111111111111111 0.2222222222222222 0.0 0.4166666666666667 0.5 0.08333333333333333 0.0 0.0 maoyu 1Сʱ_mousemovements
50.73887133333333 394.5271696666667 1844.9014256666667 1687.2911888333335 0 0 816.875 0 227.733932 355.55119325 1365.1593982 206.15992749999998 0 1775.79814925 0 717.484787 0.045454545454545456 0.18181818181818182 0.22727272727272727 0.09090909090909091 0.0 0.36363636363636365 0.0 0.09090909090909091 319.31007210294115 459.4099885 237.188179875 0.8717948717948718 0.02564102564102564 0.10256410256410256 0.13636363636363635 0.2727272727272727 0.2727272727272727 0.2727272727272727 0.0 0.0 0.045454545454545456 0.0 0.4225352112676056 0.38028169014084506 0.08450704225352113 0.07042253521126761 0.04225352112676056 maoyu 1Сʱ_mousemovements
179.41920399999995 355.728154 1543.8747897777776 1805.9201050000001 3097.7579753333334 0 1302.135742 3303.230713 527.788879 1453.513250714286 1755.2573455999998 938.6874620000001 117.112343 938.1680949999999 1460.015447 2341.8825685 0.03225806451612903 0.22580645161290322 0.16129032258064516 0.06451612903225806 0.03225806451612903 0.22580645161290322 0.1935483870967742 0.06451612903225806 406.8970849690722 0 201.5172871 0.9065420560747663 0.0 0.09345794392523364 0.1935483870967742 0.16129032258064516 0.2903225806451613 0.1935483870967742 0.0967741935483871 0.0 0.03225806451612903 0.03225806451612903 0.38 0.37 0.15 0.06 0.04 maoyu 1Сʱ_mousemovements
288.03533350000004 502.65612774999994 1319.927307 5051.858398 0 0 0 0 2758.6789395 32.258064 1176.9293745 0 534.086792 562.0741373333334 508.345413 0 0.15384615384615385 0.07692307692307693 0.3076923076923077 0.0 0.07692307692307693 0.23076923076923078 0.15384615384615385 0.0 459.1792036206897 0 178.136566 0.9666666666666667 0.0 0.03333333333333333 0.3076923076923077 0.3076923076923077 0.3076923076923077 0.07692307692307693 0.0 0.0 0.0 0.0 0.4444444444444444 0.37037037037037035 0.037037037037037035 0.14814814814814814 0.0 maoyu 1Сʱ_mousemovements
127.3526122105263 906.4442856000002 956.8289869166666 2489.1093994 2901.8254395 158.120163 0 0 355.8492565000001 364.4796952857143 2095.440278875 245.49830250000002 497.16604800000005 421.6721006000001 864.0242753333333 1178.032725 0.12244897959183673 0.14285714285714285 0.16326530612244897 0.08163265306122448 0.08163265306122448 0.10204081632653061 0.1836734693877551 0.12244897959183673 265.35829805369127 133.208679 130.7170501666667 0.9141104294478528 0.012269938650306749 0.0736196319018405 0.3877551020408163 0.20408163265306123 0.24489795918367346 0.10204081632653061 0.04081632653061224 0.02040816326530612 0.0 0.0 0.42953020134228187 0.3624161073825503 0.12080536912751678 0.04697986577181208 0.040268456375838924 maoyu 1Сʱ_mousemovements
183.84090400000002 352.060358875 1338.1218035 2168.4561235 2163.04377725 3128.513428 210.767166 539.286926 1430.219444 1103.705788 332.86217100000005 417.018241 561.6733265 2099.0189616666667 728.8025371428572 1757.1612854999998 0.05714285714285714 0.2 0.11428571428571428 0.17142857142857143 0.11428571428571428 0.08571428571428572 0.2 0.05714285714285714 305.7592394040404 96.14257000000002 255.25891125 0.9339622641509434 0.02830188679245283 0.03773584905660377 0.34285714285714286 0.22857142857142856 0.11428571428571428 0.11428571428571428 0.11428571428571428 0.02857142857142857 0.02857142857142857 0.02857142857142857 0.5108695652173914 0.2391304347826087 0.13043478260869565 0.09782608695652174 0.021739130434782608 maoyu 1Сʱ_mousemovements
136.59394216666666 471.3054232857143 1637.615845 1549.5166947 3195.04537975 3387.6132810000004 0 4563.649902 2162.6781588000003 1270.6780666666666 1061.8403245 1937.631531 540.533287 2888.448893166667 1214.9071476666666 887.3533667500001 0.1388888888888889 0.16666666666666666 0.05555555555555555 0.05555555555555555 0.1388888888888889 0.16666666666666666 0.16666666666666666 0.1111111111111111 526.4592582156863 106.597488 187.89715325 0.918918918918919 0.009009009009009009 0.07207207207207207 0.16666666666666666 0.19444444444444445 0.1388888888888889 0.2777777777777778 0.1111111111111111 0.08333333333333333 0.0 0.027777777777777776 0.4742268041237113 0.3917525773195876 0.061855670103092786 0.020618556701030927 0.05154639175257732 maoyu 1Сʱ_mousemovements
208.20215360000003 557.7267305 1320.839587 1978.233551 1654.0480195 2465.2877200000003 0 0 1024.3845873333335 1608.8392639999997 735.1734423333332 619.6476135 422.92540919999993 1397.3146108888889 680.8150343333333 193.02211 0.08823529411764706 0.23529411764705882 0.08823529411764706 0.058823529411764705 0.14705882352941177 0.2647058823529412 0.08823529411764706 0.029411764705882353 427.5966421071429 56.81461 113.22554600000001 0.9545454545454546 0.011363636363636364 0.03409090909090909 0.29411764705882354 0.11764705882352941 0.35294117647058826 0.11764705882352941 0.058823529411764705 0.058823529411764705 0.0 0.0 0.4383561643835616 0.3835616438356164 0.1095890410958904 0.0684931506849315 0.0 maoyu 1Сʱ_mousemovements
325.22019664285716 521.0049736111112 1288.7202165555552 2172.5867411666663 2897.031921571429 0 4483.036295333334 0 299.745056 1084.3703513333332 2111.4674179 670.4858488 1141.882713625 390.1935044 1776.6823120000004 759.7263485555555 0.017543859649122806 0.10526315789473684 0.17543859649122806 0.08771929824561403 0.14035087719298245 0.08771929824561403 0.22807017543859648 0.15789473684210525 387.829144483146 55.465729 200.27834774999997 0.9128205128205128 0.005128205128205128 0.08205128205128205 0.24561403508771928 0.3157894736842105 0.15789473684210525 0.10526315789473684 0.12280701754385964 0.0 0.05263157894736842 0.0 0.44808743169398907 0.3879781420765027 0.12021857923497267 0.0273224043715847 0.01639344262295082 maoyu 1Сʱ_mousemovements
111.0329332 830.1611506666667 1028.0574187500001 2645.650391 3310.843506 0 2471.187012 0 1079.0842284999999 311.637787 1372.031876 2120.986328 1610.9221805 1950.9837340000001 229.8118946666667 585.5876634 0.1111111111111111 0.05555555555555555 0.1111111111111111 0.05555555555555555 0.1111111111111111 0.1111111111111111 0.16666666666666666 0.2777777777777778 275.8126863968253 0 233.28097033333333 0.9545454545454546 0.0 0.045454545454545456 0.2777777777777778 0.3333333333333333 0.2222222222222222 0.05555555555555555 0.05555555555555555 0.0 0.05555555555555555 0.0 0.5636363636363636 0.23636363636363636 0.12727272727272726 0.01818181818181818 0.05454545454545454 maoyu 1Сʱ_mousemovements
137.2172395 753.3429696428572 1434.254776 2730.8382566666664 2664.3550536 3755.867798 823.294922 0 140.96266375 1463.139419125 1778.5402121666668 700.516606 832.00302875 1996.3544399999998 824.5456441111112 630.2972168 0.08888888888888889 0.17777777777777778 0.13333333333333333 0.1111111111111111 0.08888888888888889 0.08888888888888889 0.2 0.1111111111111111 347.5572013593749 18.335579 382.2959714 0.920863309352518 0.007194244604316547 0.07194244604316546 0.35555555555555557 0.3111111111111111 0.08888888888888889 0.06666666666666667 0.1111111111111111 0.044444444444444446 0.022222222222222223 0.0 0.3984375 0.34375 0.1875 0.0625 0.0078125 maoyu 1Сʱ_mousemovements
134.42317516666665 663.9925724117647 1400.2110747777779 1986.8434603333335 1133.9413246666668 0 0 0 682.17163375 575.0830644166667 192.04648911111113 406.1494958571428 791.542991875 288.69850979999995 909.0403337692309 872.5785025 0.06451612903225806 0.1935483870967742 0.14516129032258066 0.11290322580645161 0.12903225806451613 0.08064516129032258 0.20967741935483872 0.06451612903225806 187.05767741052634 37.4283505 108.5210145 0.9047619047619048 0.02857142857142857 0.06666666666666667 0.4838709677419355 0.27419354838709675 0.14516129032258066 0.04838709677419355 0.04838709677419355 0.0 0.0 0.0 0.4074074074074074 0.3862433862433862 0.10052910052910052 0.042328042328042326 0.06349206349206349 maoyu 1Сʱ_mousemovements
250.92621125000002 1061.776774 765.0171965000001 3471.2102866666664 599.990234 0 0 0 47.370159 1672.02034 292.952067 1367.339233 0 1704.2067048000001 619.4550676666667 0 0.11764705882352941 0.17647058823529413 0.17647058823529413 0.058823529411764705 0.0 0.29411764705882354 0.17647058823529413 0.0 285.74384084482756 0 193.875455 0.90625 0.0 0.09375 0.47058823529411764 0.17647058823529413 0.11764705882352941 0.17647058823529413 0.058823529411764705 0.0 0.0 0.0 0.4642857142857143 0.30357142857142855 0.19642857142857142 0.03571428571428571 0.0 maoyu 1Сʱ_mousemovements
397.4394786666667 624.047235 731.53591525 1760.5461047499998 3462.96797175 3717.227539 2168.1604 0 1184.6244476000002 925.9389040000001 2379.3311463333334 1952.349243 2455.3724365 2544.3197836666664 1117.7434233333333 418.6217649999999 0.22727272727272727 0.09090909090909091 0.13636363636363635 0.045454545454545456 0.09090909090909091 0.13636363636363635 0.13636363636363635 0.13636363636363635 480.0233291044776 0 232.072433375 0.8933333333333333 0.0 0.10666666666666667 0.13636363636363635 0.22727272727272727 0.18181818181818182 0.18181818181818182 0.18181818181818182 0.045454545454545456 0.045454545454545456 0.0 0.3835616438356164 0.4246575342465753 0.0821917808219178 0.0273972602739726 0.0821917808219178 maoyu 1Сʱ_mousemovements
0 0 0 0 0 0 0 0 0 0 0 0 0 0 0 0 0 0 0 0 0 0 0 0 0 0 0 0 0 0 0 0 0 0 0 0 0 0 0 0 0 0 0 maoyu 1Сʱ_mousemovements
0 0 0 0 0 0 0 0 0 0 0 0 0 0 0 0 0 0 0 0 0 0 0 0 0 0 0 0 0 0 0 0 0 0 0 0 0 0 0 0 0 0 0 maoyu 1Сʱ_mousemovements
0 0 0 0 0 0 0 0 0 0 0 0 0 0 0 0 0 0 0 0 0 0 0 0 0 0 0 0 0 0 0 0 0 0 0 0 0 0 0 0 0 0 0 maoyu 1Сʱ_mousemovements
0 0 0 0 0 0 0 0 0 0 0 0 0 0 0 0 0 0 0 0 0 0 0 0 0 0 0 0 0 0 0 0 0 0 0 0 0 0 0 0 0 0 0 maoyu 1Сʱ_mousemovements
0 0 0 0 0 0 0 0 0 0 0 0 0 0 0 0 0 0 0 0 0 0 0 0 0 0 0 0 0 0 0 0 0 0 0 0 0 0 0 0 0 0 0 maoyu 1Сʱ_mousemovements
0 0 0 0 0 0 0 0 0 0 0 0 0 0 0 0 0 0 0 0 0 0 0 0 0 0 0 0 0 0 0 0 0 0 0 0 0 0 0 0 0 0 0 maoyu 1Сʱ_mousemovements
