136.43646293333333 282.62986500000005 343.14395916666666 613.2635805 2388.962097 0 2394.4460445 0 77.0886015 434.42925610000003 962.6546160000001 328.0090105 195.68658466666668 238.71126175 557.0347348333333 85.40812433333333 0.08888888888888889 0.2222222222222222 0.13333333333333333 0.13333333333333333 0.06666666666666667 0.08888888888888889 0.13333333333333333 0.13333333333333333 110.94778689583333 20.941708000000002 146.15702041666668 0.9056603773584906 0.018867924528301886 0.07547169811320754 0.6666666666666666 0.06666666666666667 0.13333333333333333 0.044444444444444446 0.044444444444444446 0.0 0.044444444444444446 0.0 0.4888888888888889 0.2814814814814815 0.1259259259259259 0.07407407407407407 0.02962962962962963 shenyanping 4Сʱ_mousemovements
124.51169569230768 348.9157046666667 386.4422455 756.878906 0 0 0 0 215.9897155 202.13099885714286 439.8855721428572 211.571228 160.7328025 0 83.55685966666668 364.18807466666664 0.07142857142857142 0.25 0.25 0.07142857142857142 0.14285714285714285 0.0 0.10714285714285714 0.10714285714285714 59.560653675675674 0.0 72.4171339 0.9098360655737705 0.00819672131147541 0.08196721311475409 0.4642857142857143 0.42857142857142855 0.07142857142857142 0.03571428571428571 0.0 0.0 0.0 0.0 0.5585585585585585 0.26126126126126126 0.10810810810810811 0.018018018018018018 0.05405405405405406 shenyanping 4Сʱ_mousemovements
228.74561790909092 440.47753150000005 962.1446535 599.026718 1909.2306519999997 1297.982483 1227.474243 0 594.49292 450.50017487499997 0 1269.9031269999998 906.7100829999999 649.7765810000001 230.01475533333334 645.339326 0.041666666666666664 0.3333333333333333 0.0 0.125 0.08333333333333333 0.125 0.125 0.16666666666666666 207.08824229230768 9.174312 196.55563974999998 0.8783783783783784 0.013513513513513514 0.10810810810810811 0.4583333333333333 0.16666666666666666 0.08333333333333333 0.08333333333333333 0.08333333333333333 0.08333333333333333 0.041666666666666664 0.0 0.6666666666666666 0.18840579710144928 0.08695652173913043 0.028985507246376812 0.028985507246376812 shenyanping 4Сʱ_mousemovements
0 0 0 0 0 0 0 0 0 0 0 0 0 0 0 0 0 0 0 0 0 0 0 0 0 0 0 0 0 0 0 0 0 0 0 0 0 0 0 0 0 0 0 shenyanping 4Сʱ_mousemovements
226.32950348000003 349.5855056 449.80850250000003 1124.2175903333334 954.1439272 1770.5187914999997 1513.9070312 1484.0629275000001 936.7769683999999 301.29569449999997 874.807866 628.487076 520.783973 874.0220355 690.5748784545453 655.2977135555556 0.09803921568627451 0.1568627450980392 0.13725490196078433 0.0392156862745098 0.09803921568627451 0.0784313725490196 0.21568627450980393 0.17647058823529413 171.33148605521473 43.668508 429.34663950000004 0.9055555555555556 0.016666666666666666 0.07777777777777778 0.49019607843137253 0.09803921568627451 0.0392156862745098 0.058823529411764705 0.09803921568627451 0.0784313725490196 0.09803921568627451 0.0392156862745098 0.6011904761904762 0.23214285714285715 0.09523809523809523 0.047619047619047616 0.023809523809523808 shenyanping 4Сʱ_mousemovements
0 0 0 0 0 0 0 0 0 0 0 0 0 0 0 0 0 0 0 0 0 0 0 0 0 0 0 0 0 0 0 0 0 0 0 0 0 0 0 0 0 0 0 shenyanping 4Сʱ_mousemovements
0 0 0 0 0 0 0 0 0 0 0 0 0 0 0 0 0 0 0 0 0 0 0 0 0.0 0 0 1.0 0.0 0.0 0 0 0 0 0 0 0 0 1.0 0.0 0.0 0.0 0.0 shenyanping 4Сʱ_mousemovements
260.58090811111117 531.410187 834.480286 1086.78916925 1755.808594 422.69519 0 0 234.85109466666665 1500.3425295 768.664693 90.953247 58.622942 742.0786454000001 419.182257 0 0.16666666666666666 0.1111111111111111 0.16666666666666666 0.05555555555555555 0.1111111111111111 0.2777777777777778 0.1111111111111111 0.0 215.59591559183673 0 67.99647666666667 0.9423076923076923 0.0 0.057692307692307696 0.5 0.1111111111111111 0.05555555555555555 0.2222222222222222 0.05555555555555555 0.05555555555555555 0.0 0.0 0.6304347826086957 0.17391304347826086 0.10869565217391304 0.06521739130434782 0.021739130434782608 shenyanping 4Сʱ_mousemovements
186.5164597222222 586.0184647777777 844.1947647777778 674.2426741111111 614.64151 2732.9940185 2555.4004665 2298.54126 500.48338507692307 606.2586132857143 704.4004373636362 509.62503720000007 905.7040041666666 712.79063425 1093.1249572857143 188.61540630769227 0.18055555555555555 0.09722222222222222 0.1527777777777778 0.06944444444444445 0.16666666666666666 0.05555555555555555 0.09722222222222222 0.18055555555555555 178.45905702702703 0 218.8416335833333 0.9024390243902439 0.0 0.0975609756097561 0.5 0.125 0.125 0.125 0.027777777777777776 0.027777777777777776 0.05555555555555555 0.013888888888888888 0.6260869565217392 0.21739130434782608 0.06956521739130435 0.04782608695652174 0.0391304347826087 shenyanping 4Сʱ_mousemovements
253.72622006666668 383.55997666666667 773.8383242000001 844.9183195 942.977005 1546.238647 2367.165039 5723.828613 595.7712455714285 970.8475347692306 199.2361675 171.98662066666668 749.65036 465.24477242857137 565.2631885555555 284.0337035 0.1346153846153846 0.25 0.038461538461538464 0.057692307692307696 0.057692307692307696 0.1346153846153846 0.17307692307692307 0.15384615384615385 220.2228037686567 35.11043566666667 119.49558350000001 0.9241379310344827 0.020689655172413793 0.05517241379310345 0.5769230769230769 0.11538461538461539 0.09615384615384616 0.07692307692307693 0.07692307692307693 0.019230769230769232 0.019230769230769232 0.019230769230769232 0.6 0.256 0.064 0.04 0.04 shenyanping 4Сʱ_mousemovements
107.49901806451614 384.4006346363636 429.48219687499994 947.8700275000001 1655.5269531999998 1614.9520655714284 1067.8809813333335 2306.6199340000003 795.667596888889 472.30471556249995 1256.754616857143 418.3604128 524.1928916666666 501.10896525000004 476.9581766250001 222.489487 0.1267605633802817 0.22535211267605634 0.09859154929577464 0.07042253521126761 0.1267605633802817 0.11267605633802817 0.22535211267605634 0.014084507042253521 191.10209731122447 95.6124072 251.68407453333333 0.8868778280542986 0.04524886877828054 0.06787330316742081 0.43661971830985913 0.15492957746478872 0.11267605633802817 0.056338028169014086 0.07042253521126761 0.09859154929577464 0.04225352112676056 0.028169014084507043 0.616580310880829 0.21243523316062177 0.12953367875647667 0.031088082901554404 0.010362694300518135 shenyanping 4Сʱ_mousemovements
311.9209985625 527.4777808571428 472.5318418 1087.6726099999998 1066.205933 3076.878418 1948.4890745 1642.2853189999998 1050.19394875 495.035516625 1825.3403624999999 923.359507 526.0241268333333 816.1517878571428 747.1453032 72.45698033333333 0.19047619047619047 0.19047619047619047 0.047619047619047616 0.07142857142857142 0.14285714285714285 0.16666666666666666 0.11904761904761904 0.07142857142857142 281.45934752777777 128.38651475 138.74882200000002 0.9230769230769231 0.03418803418803419 0.042735042735042736 0.38095238095238093 0.16666666666666666 0.11904761904761904 0.14285714285714285 0.047619047619047616 0.023809523809523808 0.047619047619047616 0.07142857142857142 0.625 0.19230769230769232 0.07692307692307693 0.0673076923076923 0.038461538461538464 shenyanping 4Сʱ_mousemovements
356.90504899999996 349.71070899999995 964.212925 0 2454.655762 0 1157.365601 0 1469.836243 1485.9940185 147.154739 608.1629946666667 0 619.711403 278.89785266666667 250.4623306 0.1 0.1 0.05 0.15 0.0 0.2 0.15 0.25 279.0764148409091 147.154739 24.638077 0.9565217391304348 0.021739130434782608 0.021739130434782608 0.6 0.1 0.2 0.0 0.05 0.0 0.05 0.0 0.6486486486486487 0.24324324324324326 0.05405405405405406 0.02702702702702703 0.02702702702702703 shenyanping 4Сʱ_mousemovements
398.28783999999996 955.321228 0 0 0 1164.4513550000001 0 0 0 1059.668823 822.045715 0 1269.233887 955.321228 17.97909 354.838715 0.0 0.16666666666666666 0.16666666666666666 0.0 0.16666666666666666 0.16666666666666666 0.16666666666666666 0.16666666666666666 318.6505977142857 0 17.97909 0.9333333333333333 0.0 0.06666666666666667 0.5 0.16666666666666666 0.0 0.0 0.0 0.3333333333333333 0.0 0.0 0.5833333333333334 0.16666666666666666 0.25 0.0 0.0 shenyanping 4Сʱ_mousemovements
288.76824573809523 632.348987 485.77788961538465 680.1426036666667 2011.5589295 1818.5757646666668 0 0 564.4306686 520.3846618 629.0103164 280.683033 361.3927145555556 465.21699318181817 630.6956325 349.9900513333334 0.1282051282051282 0.1282051282051282 0.1282051282051282 0.038461538461538464 0.11538461538461539 0.14102564102564102 0.20512820512820512 0.11538461538461539 172.20360096759265 22.727856666666668 211.55510236363637 0.9391304347826087 0.013043478260869565 0.04782608695652174 0.5384615384615384 0.15384615384615385 0.16666666666666666 0.07692307692307693 0.02564102564102564 0.038461538461538464 0.0 0.0 0.5981308411214953 0.22429906542056074 0.09345794392523364 0.04672897196261682 0.037383177570093455 shenyanping 4Сʱ_mousemovements
276.8564030625 507.34138199999995 747.5943602 740.8619386666666 955.7230426666666 0 3254.765625 1221.42569 291.18076325 1071.7728075714283 478.7471845 532.378332 803.4979703333333 400.8986161428571 707.1026552000001 410.01437400000003 0.11428571428571428 0.2 0.05714285714285714 0.05714285714285714 0.08571428571428572 0.2 0.14285714285714285 0.14285714285714285 213.6302280215054 146.904114 246.20629816666667 0.93 0.01 0.06 0.45714285714285713 0.14285714285714285 0.14285714285714285 0.08571428571428572 0.08571428571428572 0.0 0.02857142857142857 0.05714285714285714 0.5697674418604651 0.3023255813953488 0.10465116279069768 0.0 0.023255813953488372 shenyanping 4Сʱ_mousemovements
495.16602642857146 0 1106.887675 574.974365 0 1983.09729 0 0 0 1228.13588325 1511.893677 0 172.107956 0 574.4002685 399.8877905 0.0 0.3333333333333333 0.08333333333333333 0.0 0.08333333333333333 0.0 0.16666666666666666 0.3333333333333333 274.8499077941176 0 0 1.0 0.0 0.0 0.5833333333333334 0.0 0.25 0.08333333333333333 0.0 0.08333333333333333 0.0 0.0 0.625 0.21875 0.09375 0.03125 0.03125 shenyanping 4Сʱ_mousemovements
46.375435 0 0 0 549.540588 0 1654.9746095 0 0 1613.675781 0 0 46.375435 1696.273438 549.540588 0 0.0 0.25 0.0 0.0 0.25 0.25 0.25 0.0 390.5865242 0 0 1.0 0.0 0.0 0.25 0.0 0.0 0.0 0.25 0.0 0.5 0.0 0.125 0.75 0.0 0.0 0.125 shenyanping 4Сʱ_mousemovements
195.51578723728815 452.5573413809524 566.273257 1082.4697164444444 1045.6112825 1009.6749420000001 1825.266565 1707.3834412 641.5663444545455 623.5540974999999 1031.7104789285715 236.41834472727277 231.9601610769231 576.8000046 497.8308873999999 350.9892052857142 0.09401709401709402 0.18803418803418803 0.11965811965811966 0.09401709401709402 0.1111111111111111 0.08547008547008547 0.1282051282051282 0.1794871794871795 153.67733180409365 30.1482572 272.91557593749997 0.9023746701846965 0.013192612137203167 0.08443271767810026 0.5042735042735043 0.1794871794871795 0.10256410256410256 0.07692307692307693 0.03418803418803419 0.017094017094017096 0.042735042735042736 0.042735042735042736 0.5734870317002881 0.22478386167146974 0.12103746397694524 0.040345821325648415 0.040345821325648415 shenyanping 4Сʱ_mousemovements
106.55123533333334 317.15881539130436 553.935332076923 694.4149646666666 1022.7913727000001 897.51123025 1738.4278199999997 792.8899535 309.01902971428575 281.5607362666667 434.11890994444445 324.88838555555554 448.13278075 164.30948966666665 502.75885108695655 539.1360570416667 0.056910569105691054 0.12195121951219512 0.14634146341463414 0.14634146341463414 0.0975609756097561 0.04878048780487805 0.18699186991869918 0.1951219512195122 92.23826302810302 8.3646425 216.26772394339616 0.875 0.01639344262295082 0.10860655737704918 0.4634146341463415 0.18699186991869918 0.10569105691056911 0.07317073170731707 0.08130081300813008 0.032520325203252036 0.04065040650406504 0.016260162601626018 0.6004319654427646 0.21166306695464362 0.09719222462203024 0.04535637149028078 0.04535637149028078 shenyanping 4Сʱ_mousemovements
118.594108175 320.5306979375 776.8154016666666 432.8099366 776.728826 511.8197175 3132.7745365 1146.6960904999999 630.5263765714286 269.99853 848.728892 381.5449835833333 269.3015560769231 487.64227227272744 305.2726905 201.79025181249997 0.1728395061728395 0.037037037037037035 0.07407407407407407 0.14814814814814814 0.16049382716049382 0.13580246913580246 0.07407407407407407 0.19753086419753085 105.04401764230768 267.72985575 167.2820483793103 0.8873720136518771 0.013651877133105802 0.09897610921501707 0.49382716049382713 0.19753086419753085 0.07407407407407407 0.06172839506172839 0.07407407407407407 0.024691358024691357 0.024691358024691357 0.04938271604938271 0.6199261992619927 0.15498154981549817 0.11070110701107011 0.06642066420664207 0.04797047970479705 shenyanping 4Сʱ_mousemovements
333.97694835000004 402.1097945 762.2279511666667 1492.8371990000003 604.5518393333333 618.756561 0 1418.570435 866.807451375 1127.871853 304.568288 202.8184611428571 766.8496075 583.536957 299.594687 399.63498859999993 0.20512820512820512 0.10256410256410256 0.07692307692307693 0.1794871794871795 0.10256410256410256 0.05128205128205128 0.15384615384615385 0.1282051282051282 180.85357528181817 40.303751749999996 219.31102950000002 0.9016393442622951 0.03278688524590164 0.06557377049180328 0.5128205128205128 0.10256410256410256 0.15384615384615385 0.07692307692307693 0.07692307692307693 0.05128205128205128 0.0 0.02564102564102564 0.6576576576576577 0.16216216216216217 0.10810810810810811 0.05405405405405406 0.018018018018018018 shenyanping 4Сʱ_mousemovements
307.6598892 254.55538180000002 467.67103575 1005.156799 1668.9347333333333 3422.480957 0 0 540.9963303333333 1294.0355487142858 0 540.87007525 469.05661 503.130245 148.72826775000001 163.44009 0.2 0.23333333333333334 0.0 0.13333333333333333 0.03333333333333333 0.13333333333333333 0.13333333333333333 0.13333333333333333 225.9446218961039 247.869751 110.47050159999999 0.927710843373494 0.012048192771084338 0.060240963855421686 0.5 0.16666666666666666 0.13333333333333333 0.06666666666666667 0.1 0.03333333333333333 0.0 0.0 0.6 0.28 0.06666666666666667 0.02666666666666667 0.02666666666666667 shenyanping 4Сʱ_mousemovements
140.86898190000002 218.111832 1014.554626 1840.932495 471.4209595 0 534.763672 665.656067 484.153778 325.7654121666667 336.4258575 689.9943705000001 192.1733285 0 156.47635814285715 272.4078446 0.034482758620689655 0.20689655172413793 0.06896551724137931 0.20689655172413793 0.06896551724137931 0.0 0.2413793103448276 0.1724137931034483 77.32287988541667 9.852217 190.031135 0.8648648648648649 0.009009009009009009 0.12612612612612611 0.6896551724137931 0.06896551724137931 0.034482758620689655 0.06896551724137931 0.06896551724137931 0.0 0.034482758620689655 0.034482758620689655 0.6739130434782609 0.1956521739130435 0.043478260869565216 0.06521739130434782 0.021739130434782608 shenyanping 4Сʱ_mousemovements
