211.33405414285716 0 831.622925 959.859192 899.2332155 0 0 0 0 635.1165315000001 831.622925 870.0582885 0 657.265625 109.398678 117.08379366666668 0.0 0.18181818181818182 0.09090909090909091 0.18181818181818182 0.0 0.09090909090909091 0.18181818181818182 0.2727272727272727 174.80299748275863 0 0 1.0 0.0 0.0 0.6363636363636364 0.0 0.09090909090909091 0.09090909090909091 0.18181818181818182 0.0 0.0 0.0 0.5652173913043478 0.30434782608695654 0.043478260869565216 0.08695652173913043 0.0 shenyanping 7Сʱ_mousemovements
163.8242692222222 704.560362111111 320.36199 866.5496316666668 1683.00328075 1036.7633974999999 0 2138.300781 234.870186 262.0674314 769.91266075 84.991982 83.97126066666668 624.7253433999999 1308.58007125 249.5850881111111 0.04878048780487805 0.12195121951219512 0.1951219512195122 0.024390243902439025 0.07317073170731707 0.12195121951219512 0.1951219512195122 0.21951219512195122 187.8618934915254 8.0 149.16263284615383 0.8939393939393939 0.007575757575757576 0.09848484848484848 0.43902439024390244 0.21951219512195122 0.0975609756097561 0.07317073170731707 0.0975609756097561 0.04878048780487805 0.0 0.024390243902439025 0.5847457627118644 0.2288135593220339 0.1016949152542373 0.05084745762711865 0.03389830508474576 shenyanping 7Сʱ_mousemovements
151.2548909583333 307.07864677777775 414.22141166666665 747.0501434 1558.0614074 727.11587525 1245.985031 689.470805 334.2242664166667 230.77846707142857 210.3350907 481.8696392307692 125.87045745454544 183.222087 756.88120825 543.1070024375 0.1188118811881188 0.13861386138613863 0.09900990099009901 0.12871287128712872 0.10891089108910891 0.04950495049504951 0.19801980198019803 0.15841584158415842 108.8783063164557 16.6619845 208.5256816857143 0.8951841359773371 0.0056657223796034 0.09915014164305949 0.4752475247524752 0.1782178217821782 0.0891089108910891 0.09900990099009901 0.04950495049504951 0.039603960396039604 0.039603960396039604 0.0297029702970297 0.6019108280254777 0.21019108280254778 0.08917197452229299 0.07006369426751592 0.028662420382165606 shenyanping 7Сʱ_mousemovements
315.76625447916666 380.49739700000003 751.3466762222222 447.80638633333336 1132.7902832500001 1754.9369965 1829.1170655 1282.6695865 560.8366179090908 349.4296610833333 341.69826545454544 401.45522580000005 473.01158699999996 475.8642078333333 897.560402125 613.7294856153846 0.13253012048192772 0.14457831325301204 0.13253012048192772 0.12048192771084337 0.04819277108433735 0.07228915662650602 0.1927710843373494 0.1566265060240964 178.15956863485476 11.613698 131.727201 0.9198473282442748 0.015267175572519083 0.0648854961832061 0.5783132530120482 0.13253012048192772 0.10843373493975904 0.03614457831325301 0.04819277108433735 0.04819277108433735 0.024096385542168676 0.024096385542168676 0.5648535564853556 0.22594142259414227 0.11715481171548117 0.0794979079497908 0.012552301255230125 shenyanping 7Сʱ_mousemovements
226.93980576190475 618.0904358 357.46393975 1115.3040314999998 0 911.7586670000001 1001.223328 0 326.8475905 1576.0803833333332 395.7220552 327.62615025 121.79438775 512.6335876666667 212.571091125 723.86627975 0.10526315789473684 0.07894736842105263 0.13157894736842105 0.10526315789473684 0.10526315789473684 0.15789473684210525 0.21052631578947367 0.10526315789473684 159.76818933 0 301.3880762 0.9523809523809523 0.0 0.047619047619047616 0.5526315789473685 0.13157894736842105 0.10526315789473684 0.10526315789473684 0.0 0.07894736842105263 0.02631578947368421 0.0 0.5813953488372093 0.19767441860465115 0.11627906976744186 0.06976744186046512 0.03488372093023256 shenyanping 7Сʱ_mousemovements
0 0 0 0 0 0 0 0 0 0 0 0 0 0 0 0 0 0 0 0 0 0 0 0 0.0 0 0 1.0 0.0 0.0 0 0 0 0 0 0 0 0 1.0 0.0 0.0 0.0 0.0 shenyanping 7Сʱ_mousemovements
257.52947859999995 0 870.571106 0 0 0 2371.694946 1227.115601 83.11219 870.571106 1436.973572 0 0 0 896.4893086666667 174.652054 0.1111111111111111 0.1111111111111111 0.3333333333333333 0.0 0.0 0.0 0.3333333333333333 0.1111111111111111 451.5957773333333 0 0 1.0 0.0 0.0 0.5555555555555556 0.0 0.1111111111111111 0.0 0.0 0.0 0.2222222222222222 0.1111111111111111 0.42857142857142855 0.42857142857142855 0.0 0.14285714285714285 0.0 shenyanping 7Сʱ_mousemovements
132.91834000000003 742.23761 0 366.879219 0 924.62384 0 0 499.99731049999997 241.854813 296.111511 742.23761 0 0 491.903625 27.272728 0.2857142857142857 0.14285714285714285 0.14285714285714285 0.14285714285714285 0.0 0.0 0.14285714285714285 0.14285714285714285 174.96093175000001 0 0 1.0 0.0 0.0 0.42857142857142855 0.14285714285714285 0.0 0.2857142857142857 0.0 0.14285714285714285 0.0 0.0 0.6 0.2 0.1 0.0 0.1 shenyanping 7Сʱ_mousemovements
420.40794375 286.367645 0 616.5447085 519.058289 1245.59729 0 0 519.058289 0 703.908203 0 486.3574036 0 607.082703 0 0.1111111111111111 0.0 0.2222222222222222 0.0 0.5555555555555556 0.0 0.1111111111111111 0.0 238.44043429999996 196.93573 0 0.9523809523809523 0.047619047619047616 0.0 0.4444444444444444 0.1111111111111111 0.0 0.2222222222222222 0.1111111111111111 0.1111111111111111 0.0 0.0 0.47058823529411764 0.35294117647058826 0.11764705882352941 0.0 0.058823529411764705 shenyanping 7Сʱ_mousemovements
0 0 0 0 0 0 0 0 0 0 0 0 0 0 0 0 0 0 0 0 0 0 0 0 0.0 0 0 1.0 0.0 0.0 0 0 0 0 0 0 0 0 1.0 0.0 0.0 0.0 0.0 shenyanping 7Сʱ_mousemovements
438.32687936363635 322.9799246666667 0 714.04425 2584.738525 1793.497192 3248.914795 0 460.44889075000003 0 2916.82666 195.230606 1040.4745025 312.205925 457.25404333333336 545.98193375 0.2222222222222222 0.0 0.1111111111111111 0.05555555555555555 0.1111111111111111 0.1111111111111111 0.16666666666666666 0.2222222222222222 328.64488858139543 0 0 1.0 0.0 0.0 0.6111111111111112 0.16666666666666666 0.0 0.05555555555555555 0.05555555555555555 0.05555555555555555 0.05555555555555555 0.0 0.5277777777777778 0.3055555555555556 0.08333333333333333 0.05555555555555555 0.027777777777777776 shenyanping 7Сʱ_mousemovements
342.5518676363636 408.2908935 929.4967039999999 0 0 0 385.055206 0 441.473564 186.1017 612.2539065 639.6076965 664.3132935 0 106.6156395 322.5111085 0.25 0.125 0.125 0.125 0.125 0.0 0.125 0.125 160.505060975 0 204.249253 0.9523809523809523 0.0 0.047619047619047616 0.6875 0.125 0.125 0.0 0.0 0.0 0.0625 0.0 0.6486486486486487 0.2972972972972973 0.05405405405405406 0.0 0.0 shenyanping 7Сʱ_mousemovements
330.57362125000003 1000.596313 0 1597.51799 0 0 0 0 392.04303 916.135451 829.6267086 0 32.542732 0 0 402.688324 0.09090909090909091 0.18181818181818182 0.45454545454545453 0.0 0.18181818181818182 0.0 0.0 0.09090909090909091 173.8816266153846 0 19.61260833333333 0.9285714285714286 0.0 0.07142857142857142 0.7272727272727273 0.09090909090909091 0.0 0.18181818181818182 0.0 0.0 0.0 0.0 0.6857142857142857 0.17142857142857143 0.05714285714285714 0.08571428571428572 0.0 shenyanping 7Сʱ_mousemovements
172.69634246153845 427.430054 180.910736 0 813.062134 0 2112.0534665 0 198.6571255 0 1842.915771 167.115288 869.377686 756.5184082 63.361682666666674 296.598273 0.21052631578947367 0.0 0.05263157894736842 0.10526315789473684 0.05263157894736842 0.2631578947368421 0.15789473684210525 0.15789473684210525 165.2891264509804 180.910736 46.484129 0.9444444444444444 0.018518518518518517 0.037037037037037035 0.6842105263157895 0.05263157894736842 0.05263157894736842 0.0 0.10526315789473684 0.0 0.10526315789473684 0.0 0.4888888888888889 0.4 0.044444444444444446 0.06666666666666667 0.0 shenyanping 7Сʱ_mousemovements
174.57416075 0 798.4128115 0 0 0 903.736542 0 45.568478 306.818451 0 0 310.7390825 1006.4456485000001 0 809.020508 0.125 0.25 0.0 0.0 0.25 0.25 0.0 0.125 178.3737108695652 0 0 1.0 0.0 0.0 0.5 0.0 0.25 0.0 0.0 0.0 0.25 0.0 0.5 0.3125 0.0625 0.0625 0.0625 shenyanping 7Сʱ_mousemovements
168.905426 438.939453 451.29538 22.767952 0 755.74762 0 0 451.29538 0 22.767952 438.939453 0 0 168.905426 755.74762 0.2 0.0 0.2 0.2 0.0 0.0 0.2 0.2 120.99252526666666 22.767952 0 0.9375 0.0625 0.0 0.2 0.2 0.2 0.2 0.0 0.2 0.0 0.0 0.5 0.3333333333333333 0.08333333333333333 0.08333333333333333 0.0 shenyanping 7Сʱ_mousemovements
94.4523585 139.448166 320.487488 272.695282 0 3505.18689 0 0 139.448166 2764.1578675 320.487488 58.430967599999995 21.276596 1041.349644 272.695282 15.225454000000001 0.06666666666666667 0.13333333333333333 0.06666666666666667 0.3333333333333333 0.06666666666666667 0.13333333333333333 0.06666666666666667 0.13333333333333333 200.3531671190476 272.695282 0 0.9767441860465116 0.023255813953488372 0.0 0.6666666666666666 0.06666666666666667 0.06666666666666667 0.06666666666666667 0.0 0.13333333333333333 0.0 0.0 0.5454545454545454 0.30303030303030304 0.06060606060606061 0.030303030303030304 0.06060606060606061 shenyanping 7Сʱ_mousemovements
178.67046366666668 0 0 0 0 0 0 0 0 0 0 0 0 0 157.699524 189.1559335 0.0 0.0 0.0 0.0 0.0 0.0 0.3333333333333333 0.6666666666666666 53.6011391 0 0 1.0 0.0 0.0 1.0 0.0 0.0 0.0 0.0 0.0 0.0 0.0 0.5714285714285714 0.14285714285714285 0.2857142857142857 0.0 0.0 shenyanping 7Сʱ_mousemovements
210.00637033333336 394.66597 0 0 0 0 3272.874817 1362.733887 269.413513 786.9805835000001 486.385315 0 0 5593.865723 951.883911 180.302799 0.1111111111111111 0.2222222222222222 0.2222222222222222 0.0 0.0 0.1111111111111111 0.1111111111111111 0.2222222222222222 345.51410514285715 0 48.105598 0.9655172413793104 0.0 0.034482758620689655 0.3333333333333333 0.3333333333333333 0.0 0.0 0.0 0.0 0.2222222222222222 0.1111111111111111 0.6 0.2 0.16 0.04 0.0 shenyanping 7Сʱ_mousemovements
144.48772592857142 659.787998857143 208.39547725 0 728.515747 0 0 0 531.8931425000001 447.47287 149.46377816666666 18.046488 456.7216415 335.04990375 468.06945033333324 89.27367633333334 0.07692307692307693 0.07692307692307693 0.23076923076923078 0.038461538461538464 0.07692307692307693 0.15384615384615385 0.23076923076923078 0.11538461538461539 95.46158104054055 74.35793899999999 140.308843 0.8809523809523809 0.047619047619047616 0.07142857142857142 0.5384615384615384 0.2692307692307692 0.15384615384615385 0.0 0.038461538461538464 0.0 0.0 0.0 0.47058823529411764 0.2647058823529412 0.10294117647058823 0.14705882352941177 0.014705882352941176 shenyanping 7Сʱ_mousemovements
69.62983063157895 503.6809795 424.1192322 0 0 0 678.638245 0 120.69823699999999 94.85705240000001 278.3939286000001 246.24509333333336 443.148132 445.232178 325.20579269999996 39.36554224999999 0.06451612903225806 0.16129032258064516 0.16129032258064516 0.0967741935483871 0.03225806451612903 0.03225806451612903 0.3225806451612903 0.12903225806451613 68.77075387234044 54.079814666666664 129.39918925 0.9306930693069307 0.0297029702970297 0.039603960396039604 0.6129032258064516 0.1935483870967742 0.16129032258064516 0.0 0.0 0.0 0.03225806451612903 0.0 0.4939759036144578 0.2891566265060241 0.0963855421686747 0.07228915662650602 0.04819277108433735 shenyanping 7Сʱ_mousemovements
153.14986917647062 300.7489868 318.54975850000005 294.921509 0 483.924072 0 801.3153685 380.94196533333337 142.0073705 439.19487319999996 174.60318 193.8778685 170.39669450000002 195.84767442857142 236.23819349999997 0.10714285714285714 0.14285714285714285 0.17857142857142858 0.03571428571428571 0.07142857142857142 0.07142857142857142 0.25 0.14285714285714285 83.34422213924054 17.391708799999996 151.57215066666666 0.9080459770114943 0.05747126436781609 0.034482758620689655 0.6071428571428571 0.17857142857142858 0.07142857142857142 0.03571428571428571 0.0 0.03571428571428571 0.0 0.07142857142857142 0.4383561643835616 0.3561643835616438 0.0958904109589041 0.0410958904109589 0.0684931506849315 shenyanping 7Сʱ_mousemovements
0 0 0 0 0 0 0 0 0 0 0 0 0 0 0 0 0 0 0 0 0 0 0 0 0 0 0 0 0 0 0 0 0 0 0 0 0 0 0 0 0 0 0 shenyanping 7Сʱ_mousemovements
0 0 0 0 0 0 0 0 0 0 0 0 0 0 0 0 0 0 0 0 0 0 0 0 0 0 0 0 0 0 0 0 0 0 0 0 0 0 0 0 0 0 0 shenyanping 7Сʱ_mousemovements
