0 0 0 0 0 0 1235.865723 0 0 0 0 0 0 1235.865723 0 0 0.0 0.0 0.0 0.0 0.0 1.0 0.0 0.0 617.9328615 0 0 1.0 0.0 0.0 0.0 0.0 0.0 0.0 0.0 0.0 1.0 0.0 0.0 0.0 1.0 0.0 0.0 shenyanping 5Сʱ_mousemovements
384.88367216666666 361.7522126666667 496.0659485 0 0 0 641.174133 0 0 121.7948685 560.3633169999999 626.035217 420.5870665 437.5094656666667 0 323.447266 0.0 0.16666666666666666 0.25 0.08333333333333333 0.16666666666666666 0.25 0.0 0.08333333333333333 124.75099725806453 0 386.86126199999995 0.9117647058823529 0.0 0.08823529411764706 0.5 0.25 0.16666666666666666 0.0 0.0 0.0 0.08333333333333333 0.0 0.6551724137931034 0.1724137931034483 0.10344827586206896 0.0 0.06896551724137931 shenyanping 5Сʱ_mousemovements
221.65660466666668 677.42884075 481.0635016363636 852.112198 967.014954 1674.42156975 570.2347944999999 1617.2318930000001 716.4217150000001 702.5686080909092 753.8927705714285 597.6529158333334 223.84642979999998 316.01879925000003 618.3900666 562.1261105555556 0.03773584905660377 0.20754716981132076 0.1320754716981132 0.11320754716981132 0.09433962264150944 0.1509433962264151 0.09433962264150944 0.16981132075471697 179.11577076978418 326.9804177142857 239.70707436363634 0.8853503184713376 0.044585987261146494 0.07006369426751592 0.4528301886792453 0.07547169811320754 0.20754716981132076 0.03773584905660377 0.018867924528301886 0.07547169811320754 0.07547169811320754 0.05660377358490566 0.5942028985507246 0.21739130434782608 0.10144927536231885 0.036231884057971016 0.050724637681159424 shenyanping 5Сʱ_mousemovements
178.16527 716.0388236666668 450.9834595 0 793.0919795 0 0 0 0 505.595245 543.04816 600.8882445 0 0 308.771965 0 0.0 0.09090909090909091 0.45454545454545453 0.18181818181818182 0.0 0.0 0.2727272727272727 0.0 186.8796889166667 829.217834 34.598061 0.9230769230769231 0.038461538461538464 0.038461538461538464 0.36363636363636365 0.2727272727272727 0.18181818181818182 0.0 0.18181818181818182 0.0 0.0 0.0 0.6086956521739131 0.13043478260869565 0.17391304347826086 0.08695652173913043 0.0 shenyanping 5Сʱ_mousemovements
181.68239470588233 559.9299533333334 791.8983053333335 473.951149 854.914327 506.692383 659.351929 636.3864745 300.30676766666664 157.82995375000002 803.7983983333334 258.412081 460.8367093333333 150.8883935 429.2834962 384.32409885714287 0.08571428571428572 0.11428571428571428 0.17142857142857143 0.05714285714285714 0.17142857142857143 0.05714285714285714 0.14285714285714285 0.2 101.29357010256413 150.5113565 291.4408301111111 0.9140625 0.015625 0.0703125 0.4857142857142857 0.17142857142857143 0.08571428571428572 0.05714285714285714 0.08571428571428572 0.02857142857142857 0.02857142857142857 0.05714285714285714 0.5887850467289719 0.2897196261682243 0.056074766355140186 0.06542056074766354 0.0 shenyanping 5Сʱ_mousemovements
488.8339005 681.356689 1325.204346 0 392.853775 514.6847379999999 0 0 0 0 669.1770015 0 394.201935 0 0 668.13699725 0.0 0.0 0.25 0.0 0.25 0.0 0.0 0.5 99.47429453333332 0 453.7692565 0.8823529411764706 0.0 0.11764705882352941 0.25 0.125 0.125 0.0 0.25 0.25 0.0 0.0 0.7931034482758621 0.10344827586206896 0.0 0.034482758620689655 0.06896551724137931 shenyanping 5Сʱ_mousemovements
152.6677724444445 555.1551578571429 847.2017006666666 554.251294 911.77059175 1688.311785 1457.2144163333332 0 619.7288162 1168.553174375 687.5496770000001 849.996704 285.748494 929.935996875 359.79707333333334 290.5409936666667 0.1 0.16 0.16 0.08 0.1 0.16 0.18 0.06 178.60736576190482 527.226653 240.7740501875 0.8596491228070176 0.04678362573099415 0.0935672514619883 0.36 0.14 0.12 0.1 0.08 0.14 0.06 0.0 0.6419753086419753 0.16666666666666666 0.09876543209876543 0.05555555555555555 0.037037037037037035 shenyanping 5Сʱ_mousemovements
138.73005588888887 462.68771187499993 543.4249935714286 505.0737 515.366333 841.445457375 2021.7991943333334 2049.507706 513.0166492857144 860.3774982499999 269.0099565 934.6678125 369.1913837777777 938.6348095833333 214.73275936363635 546.3260266666667 0.109375 0.125 0.09375 0.03125 0.140625 0.1875 0.171875 0.140625 152.88655520707073 205.54034214285713 257.0341456875 0.8959276018099548 0.03167420814479638 0.07239819004524888 0.421875 0.125 0.109375 0.046875 0.0625 0.125 0.046875 0.0625 0.5360824742268041 0.28865979381443296 0.06701030927835051 0.05670103092783505 0.05154639175257732 shenyanping 5Сʱ_mousemovements
122.75952588888887 394.832062 463.57276175 932.871506 1707.5152285000001 2197.509064 339.659698 1497.32373 162.54637366666665 353.79227000000003 3842.654053 1507.2453385000001 1034.6918335 598.1828155 845.1553450000001 88.07827825 0.125 0.20833333333333334 0.041666666666666664 0.16666666666666666 0.08333333333333333 0.08333333333333333 0.125 0.16666666666666666 191.5934345952381 0 364.6526363333333 0.9333333333333333 0.0 0.06666666666666667 0.375 0.041666666666666664 0.16666666666666666 0.08333333333333333 0.16666666666666666 0.08333333333333333 0.041666666666666664 0.041666666666666664 0.5925925925925926 0.19753086419753085 0.1111111111111111 0.07407407407407407 0.024691358024691357 shenyanping 5Сʱ_mousemovements
343.0385006666667 935.703206 0 0 0 0 0 0 644.185547 1448.169189 352.6264705 0 0 394.32874025 49.064995 182.097397 0.25 0.08333333333333333 0.16666666666666666 0.0 0.0 0.3333333333333333 0.08333333333333333 0.08333333333333333 149.9146127105263 0 65.90028033333334 0.926829268292683 0.0 0.07317073170731707 0.75 0.25 0.0 0.0 0.0 0.0 0.0 0.0 0.5945945945945946 0.2972972972972973 0.02702702702702703 0.08108108108108109 0.0 shenyanping 5Сʱ_mousemovements
385.7450006 79.510544 0 0 0 0 4424.259277 0 477.745987 56.59248 4424.259277 0 0 0 371.861687 252.427719 0.2857142857142857 0.14285714285714285 0.14285714285714285 0.0 0.0 0.0 0.2857142857142857 0.14285714285714285 264.7076783333334 79.510544 0 0.96 0.04 0.0 0.7142857142857143 0.14285714285714285 0.0 0.0 0.0 0.0 0.14285714285714285 0.0 0.7058823529411765 0.23529411764705882 0.058823529411764705 0.0 0.0 shenyanping 5Сʱ_mousemovements
221.73965903225803 543.2529381111111 455.90128755555565 689.6584728333332 1104.782776 1207.5937898 1755.390869 0 472.36394299999995 831.2203340909091 506.1496225 530.63988 414.58128725 364.30425269230767 250.46461349999998 213.16958616666668 0.12698412698412698 0.1746031746031746 0.09523809523809523 0.1111111111111111 0.12698412698412698 0.20634920634920634 0.06349206349206349 0.09523809523809523 163.25787792168677 157.04514477777778 248.8299383333333 0.9171270718232044 0.049723756906077346 0.03314917127071823 0.49206349206349204 0.14285714285714285 0.14285714285714285 0.09523809523809523 0.031746031746031744 0.07936507936507936 0.015873015873015872 0.0 0.51875 0.26875 0.1 0.0875 0.025 shenyanping 5Сʱ_mousemovements
230.2263465 721.040466 632.8502579999999 0 0 2652.056885 959.475159 0 277.26955399999997 2652.056885 0 831.279419 392.73203799999993 819.0305175000001 402.54706425 177.01986559999997 0.15789473684210525 0.05263157894736842 0.0 0.05263157894736842 0.15789473684210525 0.10526315789473684 0.21052631578947367 0.2631578947368421 142.7350266833333 0 212.5176198 0.9230769230769231 0.0 0.07692307692307693 0.631578947368421 0.05263157894736842 0.21052631578947367 0.0 0.0 0.05263157894736842 0.05263157894736842 0.0 0.55 0.23333333333333334 0.08333333333333333 0.13333333333333333 0.0 shenyanping 5Сʱ_mousemovements
167.36535633333335 334.05154663636364 587.4447556 755.7688445 897.3214976666668 856.249817 1771.8649903333333 1039.4537963333335 703.0687885 313.30612837500007 1014.5377407499999 375.7899707 218.0798762 580.6065782727272 313.72729791666666 373.13312056250004 0.04597701149425287 0.1839080459770115 0.09195402298850575 0.11494252873563218 0.11494252873563218 0.12643678160919541 0.13793103448275862 0.1839080459770115 131.9365764032258 78.24844454545455 192.20433173913042 0.8794326241134752 0.03900709219858156 0.08156028368794327 0.5172413793103449 0.12643678160919541 0.11494252873563218 0.06896551724137931 0.06896551724137931 0.034482758620689655 0.034482758620689655 0.034482758620689655 0.5637860082304527 0.2345679012345679 0.12757201646090535 0.053497942386831275 0.0205761316872428 shenyanping 5Сʱ_mousemovements
155.98003609375002 447.24770020000005 516.861847 597.414978 1247.7480317499999 1612.14207425 2018.0300899999997 1008.894918 64.516129 315.1243738888889 752.4802366666667 587.9331604 284.4733565 411.75562119999995 238.84530259999997 1024.850459 0.017241379310344827 0.15517241379310345 0.10344827586206896 0.08620689655172414 0.1724137931034483 0.08620689655172414 0.1724137931034483 0.20689655172413793 147.88064835294114 68.681014 160.4329720769231 0.9211822660098522 0.014778325123152709 0.06403940886699508 0.5517241379310345 0.08620689655172414 0.1206896551724138 0.017241379310344827 0.06896551724137931 0.06896551724137931 0.034482758620689655 0.05172413793103448 0.559322033898305 0.2937853107344633 0.0847457627118644 0.03389830508474576 0.02824858757062147 shenyanping 5Сʱ_mousemovements
0 0 0 0 0 0 0 0 0 0 0 0 0 0 0 0 0 0 0 0 0 0 0 0 0 0 0 0 0 0 0 0 0 0 0 0 0 0 0 0 0 0 0 shenyanping 5Сʱ_mousemovements
249.3669722916666 1170.3523515714285 774.339233 1752.87561 1791.596802 2433.4017536666665 1319.089325 374.246368 737.8769835 794.4433072857142 1781.428619333333 685.2047780000001 0 492.62420744444444 102.19080499999998 510.38758249999995 0.05 0.175 0.15 0.075 0.0 0.225 0.125 0.2 270.3839693564356 324.8983 212.53455375 0.9439252336448598 0.018691588785046728 0.037383177570093455 0.6 0.175 0.025 0.025 0.025 0.075 0.05 0.025 0.5531914893617021 0.2872340425531915 0.031914893617021274 0.09574468085106383 0.031914893617021274 shenyanping 5Сʱ_mousemovements
196.3312939722222 683.50651525 1555.5248565 1335.648926 0 3418.381348 0 746.207275 309.5284779 326.96283200000005 836.0229751999999 1004.5031857999999 265.5838573333333 106.20969266666667 702.3627578 364.60886980000004 0.20833333333333334 0.14583333333333334 0.10416666666666667 0.10416666666666667 0.0625 0.0625 0.10416666666666667 0.20833333333333334 183.06430379838716 8.0 75.982437 0.9763779527559056 0.007874015748031496 0.015748031496062992 0.75 0.08333333333333333 0.08333333333333333 0.041666666666666664 0.0 0.020833333333333332 0.0 0.020833333333333332 0.5855855855855856 0.24324324324324326 0.0990990990990991 0.04504504504504504 0.02702702702702703 shenyanping 5Сʱ_mousemovements
0 0 0 0 0 0 0 0 0 0 0 0 0 0 0 0 0 0 0 0 0 0 0 0 0.0 0 0 1.0 0.0 0.0 0 0 0 0 0 0 0 0 1.0 0.0 0.0 0.0 0.0 shenyanping 5Сʱ_mousemovements
212.060482 218.264709 0 1250.972656 801.9279785 0 757.049438 0 1250.972656 218.264709 0 820.4519345 0 212.060482 720.001526 0 0.14285714285714285 0.14285714285714285 0.0 0.2857142857142857 0.0 0.2857142857142857 0.14285714285714285 0.0 149.0431625909091 0 487.6570735 0.9166666666666666 0.0 0.08333333333333333 0.2857142857142857 0.14285714285714285 0.0 0.14285714285714285 0.2857142857142857 0.0 0.14285714285714285 0.0 0.6521739130434783 0.17391304347826086 0.08695652173913043 0.08695652173913043 0.0 shenyanping 5Сʱ_mousemovements
196.70887366666662 598.6615244999999 847.2948305 0 321.451874 1919.5851364999999 1719.215698 0 198.68107559999999 998.703869 733.1651435 1054.6354598333335 173.531235 320.38987925 375.8456398333333 281.17077380000006 0.13513513513513514 0.10810810810810811 0.16216216216216217 0.16216216216216217 0.02702702702702703 0.10810810810810811 0.16216216216216217 0.13513513513513514 133.32026408904113 0 124.20767063636363 0.9299363057324841 0.0 0.07006369426751592 0.5675675675675675 0.16216216216216217 0.10810810810810811 0.0 0.02702702702702703 0.10810810810810811 0.02702702702702703 0.0 0.6830985915492958 0.19718309859154928 0.08450704225352113 0.014084507042253521 0.02112676056338028 shenyanping 5Сʱ_mousemovements
134.32315309999998 453.66124133333335 482.72146619999995 577.47701275 539.506561 621.628845 1875.64280725 693.247253 256.596954 292.0938784 351.27923999999996 889.5874544000001 178.70963899999998 244.86195830000003 227.658054125 1190.6928215 0.014925373134328358 0.22388059701492538 0.16417910447761194 0.07462686567164178 0.07462686567164178 0.14925373134328357 0.23880597014925373 0.05970149253731343 103.21886748979594 142.3181742 190.21263762499999 0.8828828828828829 0.04504504504504504 0.07207207207207207 0.5970149253731343 0.13432835820895522 0.07462686567164178 0.05970149253731343 0.029850746268656716 0.029850746268656716 0.05970149253731343 0.014925373134328358 0.5824742268041238 0.23711340206185566 0.09278350515463918 0.03608247422680412 0.05154639175257732 shenyanping 5Сʱ_mousemovements
111.90203070454544 358.4360730909091 456.5367402 484.85148712500006 0 0 0 0 105.9619492 137.87958172727272 465.7420219090909 348.7763093333333 210.5911931111111 219.99191253846155 227.50021166666667 246.128272 0.06578947368421052 0.14473684210526316 0.14473684210526316 0.07894736842105263 0.11842105263157894 0.17105263157894737 0.19736842105263158 0.07894736842105263 75.93610904694835 150.3004549090909 83.00749376923076 0.8987341772151899 0.046413502109704644 0.05485232067510549 0.5789473684210527 0.14473684210526316 0.06578947368421052 0.21052631578947367 0.0 0.0 0.0 0.0 0.48792270531400966 0.30917874396135264 0.10144927536231885 0.057971014492753624 0.043478260869565216 shenyanping 5Сʱ_mousemovements
74.40814492857143 411.343338 0 0 0 0 0 0 346.875046 173.066417 230.3085355 0 21.6822775 87.0155285 48.453921199999996 121.50970174999999 0.0625 0.1875 0.0625 0.0 0.0625 0.1875 0.3125 0.125 38.05134505747127 28.378757000000004 50.803227 0.8969072164948454 0.041237113402061855 0.061855670103092786 0.875 0.125 0.0 0.0 0.0 0.0 0.0 0.0 0.4835164835164835 0.25274725274725274 0.12087912087912088 0.10989010989010989 0.03296703296703297 shenyanping 5Сʱ_mousemovements
