96.0657575 497.62970750000005 732.3832703333334 485.68037400000003 1397.932495 0 1054.185059 0 124.31925433333333 659.575073 722.866753 745.969692 190.58086633333332 206.674805 380.77153933333335 1184.822144 0.13043478260869565 0.043478260869565216 0.08695652173913043 0.08695652173913043 0.13043478260869565 0.08695652173913043 0.391304347826087 0.043478260869565216 100.64345593055556 0 331.5335865714286 0.9113924050632911 0.0 0.08860759493670886 0.43478260869565216 0.2608695652173913 0.13043478260869565 0.08695652173913043 0.043478260869565216 0.0 0.043478260869565216 0.0 0.4583333333333333 0.3333333333333333 0.125 0.05555555555555555 0.027777777777777776 chenyu 8Сʱ_mousemovements
39.316068666666666 0 0 0 0 0 0 0 0 16.129032 0 0 0 60.338439333333326 34.33105925 0 0.0 0.08333333333333333 0.0 0.0 0.0 0.25 0.6666666666666666 0.0 12.415600631578947 0 0.0 0.9743589743589743 0.0 0.02564102564102564 1.0 0.0 0.0 0.0 0.0 0.0 0.0 0.0 0.7 0.26666666666666666 0.0 0.03333333333333333 0.0 chenyu 8Сʱ_mousemovements
153.630183 0 730.9593199999999 605.46637 0 0 0 627.711182 0 496.397087 176.520508 0 330.733185 627.711182 697.494507 0 0.0 0.2857142857142857 0.14285714285714285 0.0 0.2857142857142857 0.14285714285714285 0.14285714285714285 0.0 137.21681482608696 0 0 1.0 0.0 0.0 0.42857142857142855 0.0 0.2857142857142857 0.14285714285714285 0.0 0.0 0.0 0.14285714285714285 0.5555555555555556 0.2777777777777778 0.16666666666666666 0.0 0.0 chenyu 8Сʱ_mousemovements
46.7403118 1709.906982 0 0 0 0 0 0 1709.906982 0 0 0 53.10624075 0 21.276596 0 0.16666666666666666 0.0 0.0 0.0 0.6666666666666666 0.0 0.16666666666666666 0.0 129.5739027333333 0 0 1.0 0.0 0.0 0.8333333333333334 0.16666666666666666 0.0 0.0 0.0 0.0 0.0 0.0 0.5714285714285714 0.2857142857142857 0.07142857142857142 0.07142857142857142 0.0 chenyu 8Сʱ_mousemovements
166.142953 0 1127.480469 722.584045 0 0 0 0 0 260.833496 722.584045 0 85.587711 72.642845 246.1029775 1127.480469 0.0 0.125 0.125 0.0 0.25 0.125 0.25 0.125 129.40555600000002 0 0 1.0 0.0 0.0 0.75 0.0 0.125 0.125 0.0 0.0 0.0 0.0 0.6 0.26666666666666666 0.06666666666666667 0.0 0.06666666666666667 chenyu 8Сʱ_mousemovements
0 0 0 0 0 0 0 0 0 0 0 0 0 0 0 0 0 0 0 0 0 0 0 0 0 0 0 0 0 0 0 0 0 0 0 0 0 0 0 0 0 0 0 chenyu 8Сʱ_mousemovements
67.2598095 0 0 0 0 0 0 0 0 0 0 0 41.941124 75.97919833333334 66.840069 0 0.0 0.0 0.0 0.0 0.16666666666666666 0.5 0.3333333333333333 0.0 28.82563264285714 0 0 1.0 0.0 0.0 1.0 0.0 0.0 0.0 0.0 0.0 0.0 0.0 0.5454545454545454 0.36363636363636365 0.0 0.0 0.09090909090909091 chenyu 8Сʱ_mousemovements
57.391206499999996 0 0 0 0 0 0 0 0 0 0 0 51.366245 63.416168 0 0 0.0 0.0 0.0 0.0 0.5 0.5 0.0 0.0 14.347801624999999 0 0 1.0 0.0 0.0 1.0 0.0 0.0 0.0 0.0 0.0 0.0 0.0 0.5714285714285714 0.0 0.14285714285714285 0.0 0.2857142857142857 chenyu 8Сʱ_mousemovements
0 0 0 0 0 0 0 0 0 0 0 0 0 0 0 0 0 0 0 0 0 0 0 0 0 0 0 0 0 0 0 0 0 0 0 0 0 0 0 0 0 0 0 chenyu 8Сʱ_mousemovements
131.8820956 0 678.447632 702.380981 0 0 2199.443848 805.288818 0 242.723602 0 240.758179 367.3195225 29.008951 949.4604949999999 0 0.0 0.1111111111111111 0.0 0.1111111111111111 0.2222222222222222 0.1111111111111111 0.4444444444444444 0.0 188.58761626086957 678.447632 29.008951 0.92 0.04 0.04 0.5555555555555556 0.0 0.1111111111111111 0.1111111111111111 0.0 0.0 0.1111111111111111 0.1111111111111111 0.5714285714285714 0.23809523809523808 0.14285714285714285 0.0 0.047619047619047616 chenyu 8Сʱ_mousemovements
177.2431587 603.5820163333333 479.5694275 1070.120239 1260.297119 319.394501 0 0 319.394501 213.2736696 698.5021498 0 265.13616924999997 504.60614050000004 244.097794 0 0.05555555555555555 0.2777777777777778 0.2777777777777778 0.0 0.2222222222222222 0.1111111111111111 0.05555555555555555 0.0 106.11750726315789 0 163.34720514285712 0.890625 0.0 0.109375 0.5555555555555556 0.16666666666666666 0.1111111111111111 0.05555555555555555 0.05555555555555555 0.05555555555555555 0.0 0.0 0.6379310344827587 0.2413793103448276 0.06896551724137931 0.034482758620689655 0.017241379310344827 chenyu 8Сʱ_mousemovements
125.2143844 596.3474120000001 1102.954712 377.989441 0 549.573975 0 1000.474304 0 51.282051 694.4653523333333 0 577.937927 590.24292 0.0 322.98743199999996 0.0 0.09090909090909091 0.2727272727272727 0.0 0.18181818181818182 0.09090909090909091 0.09090909090909091 0.2727272727272727 74.91593482051282 0 642.67924 0.9285714285714286 0.0 0.07142857142857142 0.45454545454545453 0.18181818181818182 0.09090909090909091 0.09090909090909091 0.0 0.09090909090909091 0.0 0.09090909090909091 0.6388888888888888 0.25 0.027777777777777776 0.027777777777777776 0.05555555555555555 chenyu 8Сʱ_mousemovements
156.64676016666667 354.929718 894.821106 559.994812 0 0 0 0 0 0 588.2927855 176.776703 0 362.6498945 105.34480533333334 354.929718 0.0 0.0 0.2222222222222222 0.1111111111111111 0.0 0.2222222222222222 0.3333333333333333 0.1111111111111111 124.98300895454548 0 0 1.0 0.0 0.0 0.6666666666666666 0.1111111111111111 0.1111111111111111 0.1111111111111111 0.0 0.0 0.0 0.0 0.5263157894736842 0.3157894736842105 0.10526315789473684 0.05263157894736842 0.0 chenyu 8Сʱ_mousemovements
180.4362374736842 660.5805660000001 329.28239966666666 422.6770935 890.0447796666667 568.856323 0 0 251.34353444444443 618.860741 430.91832533333337 273.1435735 351.55211825000004 0 314.63297033333333 346.701533 0.3 0.06666666666666667 0.1 0.2 0.13333333333333333 0.0 0.1 0.1 94.55927713043481 0 160.31259942857145 0.9292929292929293 0.0 0.0707070707070707 0.6333333333333333 0.06666666666666667 0.1 0.06666666666666667 0.1 0.03333333333333333 0.0 0.0 0.5376344086021505 0.1935483870967742 0.0967741935483871 0.10752688172043011 0.06451612903225806 chenyu 8Сʱ_mousemovements
64.1112765 0 0 613.184204 1204.457153 0 2044.5222775 0 3500.721191 0 588.323364 1204.457153 64.1112765 644.083374 582.285034 0 0.14285714285714285 0.0 0.14285714285714285 0.14285714285714285 0.2857142857142857 0.14285714285714285 0.14285714285714285 0.0 318.1437742631579 588.323364 15.037594 0.9047619047619048 0.047619047619047616 0.047619047619047616 0.2857142857142857 0.0 0.0 0.2857142857142857 0.14285714285714285 0.0 0.2857142857142857 0.0 0.5555555555555556 0.2222222222222222 0.16666666666666666 0.05555555555555555 0.0 chenyu 8Сʱ_mousemovements
355.811523 962.5625 0 572.9698485 0 0 0 912.924622 0 0 912.924622 381.218445 355.811523 863.641876 0 0 0.0 0.0 0.2 0.2 0.2 0.4 0.0 0.0 50.7066931923077 0 514.7160797500001 0.8666666666666667 0.0 0.13333333333333333 0.2 0.2 0.0 0.4 0.0 0.0 0.0 0.2 0.6428571428571429 0.25 0.03571428571428571 0.0 0.07142857142857142 chenyu 8Сʱ_mousemovements
117.68991628571428 314.99022219999995 1223.0913493333335 452.3701935 0 0 0 2256.128662 1222.671219 610.8127289999999 1334.298706 0 726.423866 276.31809450000003 221.54222875 86.277633 0.1111111111111111 0.16666666666666666 0.05555555555555555 0.0 0.1111111111111111 0.2222222222222222 0.2222222222222222 0.1111111111111111 143.85461015517237 0 221.33905824999997 0.9354838709677419 0.0 0.06451612903225806 0.3888888888888889 0.2777777777777778 0.16666666666666666 0.1111111111111111 0.0 0.0 0.0 0.05555555555555555 0.5833333333333334 0.2 0.13333333333333333 0.03333333333333333 0.05 chenyu 8Сʱ_mousemovements
71.48010863636365 140.756287 717.6397704999999 0 635.570496 0 0 1928.98584 353.9953215 31.037941666666665 772.908691 239.933029 64.102562 250.00612733333335 539.5124850000001 140.756287 0.125 0.1875 0.0625 0.0625 0.0625 0.1875 0.25 0.0625 87.3326620925926 0 70.303202 0.9473684210526315 0.0 0.05263157894736842 0.6875 0.0625 0.125 0.0 0.0625 0.0 0.0 0.0625 0.58 0.2 0.1 0.04 0.08 chenyu 8Сʱ_mousemovements
325.48578733333335 399.505104 442.37255874999994 1012.390808 0 0 533.761658 0 249.39047050000002 433.7535703333333 0 566.537903 1012.390808 199.69606 411.449036 534.456909 0.18181818181818182 0.2727272727272727 0.0 0.18181818181818182 0.09090909090909091 0.09090909090909091 0.09090909090909091 0.09090909090909091 166.79976996551724 0 126.958471 0.9354838709677419 0.0 0.06451612903225806 0.2727272727272727 0.18181818181818182 0.36363636363636365 0.09090909090909091 0.0 0.0 0.09090909090909091 0.0 0.5357142857142857 0.21428571428571427 0.21428571428571427 0.03571428571428571 0.0 chenyu 8Сʱ_mousemovements
132.18314900000001 282.4040755 556.417969 0 0 1339.588013 530.021301 1416.7972715 395.45105 841.2087809999999 0 169.357101 543.543264 108.784103 406.64944175 213.7245065 0.06666666666666667 0.2 0.0 0.06666666666666667 0.2 0.06666666666666667 0.26666666666666666 0.13333333333333333 117.62151125000001 16.0 422.63716850000003 0.8979591836734694 0.02040816326530612 0.08163265306122448 0.5333333333333333 0.13333333333333333 0.06666666666666667 0.0 0.0 0.06666666666666667 0.06666666666666667 0.13333333333333333 0.6304347826086957 0.1956521739130435 0.13043478260869565 0.0 0.043478260869565216 chenyu 8Сʱ_mousemovements
194.59180892857142 469.8656005 437.516998 481.062714 0 361.2339175 0 1262.203125 491.5562745 249.0168765 370.86463000000003 756.035263 77.81013575 273.361812 203.039429 112.0 0.09523809523809523 0.09523809523809523 0.23809523809523808 0.09523809523809523 0.19047619047619047 0.19047619047619047 0.047619047619047616 0.047619047619047616 100.87418092187501 0 37.10653966666667 0.9552238805970149 0.0 0.04477611940298507 0.6666666666666666 0.09523809523809523 0.047619047619047616 0.047619047619047616 0.0 0.09523809523809523 0.0 0.047619047619047616 0.4838709677419355 0.2903225806451613 0.0967741935483871 0.0967741935483871 0.03225806451612903 chenyu 8Сʱ_mousemovements
27.635656 0 0 0 0 0 0 0 0 0 0 0 0 0 27.635656 0 0.0 0.0 0.0 0.0 0.0 0.0 1.0 0.0 0.0 0 27.635656 0.8571428571428571 0.0 0.14285714285714285 1.0 0.0 0.0 0.0 0.0 0.0 0.0 0.0 0.6666666666666666 0.3333333333333333 0.0 0.0 0.0 chenyu 8Сʱ_mousemovements
163.14104533333332 214.45428466666667 817.1309838333333 1386.761353 0 0 721.616516 0 180.39686833333334 1013.1688737499999 1184.358154 86.42168000000001 208.90711575 98.315512 753.8397520000001 315.8947145 0.15 0.2 0.05 0.1 0.2 0.1 0.1 0.1 155.47787137499998 0 104.00880924999998 0.9333333333333333 0.0 0.06666666666666667 0.45 0.15 0.3 0.05 0.0 0.0 0.05 0.0 0.4727272727272727 0.2909090909090909 0.12727272727272726 0.07272727272727272 0.03636363636363636 chenyu 8Сʱ_mousemovements
139.66321175000002 0 969.20166 0 0 0 0 0 0 200.095276 578.8442765 0 0 135.986923 0 34.083755 0.0 0.2 0.4 0.0 0.0 0.2 0.0 0.2 84.88080594444445 0 0 1.0 0.0 0.0 0.8 0.0 0.2 0.0 0.0 0.0 0.0 0.0 0.38461538461538464 0.38461538461538464 0.15384615384615385 0.07692307692307693 0.0 chenyu 8Сʱ_mousemovements
142.483873 479.7726365 0 559.413208 0 495.970551 2079.949463 0 78.19291150000001 276.4880713333333 495.970551 191.10704 962.3598836666666 342.12881100000004 97.92670799999999 247.3238565 0.10526315789473684 0.3157894736842105 0.05263157894736842 0.05263157894736842 0.15789473684210525 0.10526315789473684 0.10526315789473684 0.10526315789473684 101.62179585454545 559.413208 307.809132 0.9482758620689655 0.017241379310344827 0.034482758620689655 0.631578947368421 0.21052631578947367 0.0 0.05263157894736842 0.0 0.05263157894736842 0.05263157894736842 0.0 0.54 0.32 0.06 0.06 0.02 chenyu 8Сʱ_mousemovements
52.8081138 0 549.68042 973.695435 1110.142212 458.865601 0 0 0 973.695435 458.865601 0 38.003941 0 364.4058944 63.829788 0.0 0.1111111111111111 0.1111111111111111 0.0 0.1111111111111111 0.0 0.5555555555555556 0.1111111111111111 103.48423700000001 0 458.865601 0.9655172413793104 0.0 0.034482758620689655 0.5555555555555556 0.0 0.1111111111111111 0.1111111111111111 0.1111111111111111 0.1111111111111111 0.0 0.0 0.4166666666666667 0.25 0.25 0.08333333333333333 0.0 chenyu 8Сʱ_mousemovements
110.800497 209.84164449999997 242.234589 0 0 0 0 0 0 0 242.234589 0 0 55.239403 161.5291748 0 0.0 0.0 0.14285714285714285 0.0 0.0 0.14285714285714285 0.7142857142857143 0.0 45.415014578947364 0 242.234589 0.95 0.0 0.05 0.5714285714285714 0.2857142857142857 0.14285714285714285 0.0 0.0 0.0 0.0 0.0 0.25 0.4375 0.1875 0.125 0.0 chenyu 8Сʱ_mousemovements
0 130.759689 0 420.199097 0 0 1337.50769 0 0 1337.50769 0 275.2660065 0 0 131.186462 0 0.0 0.25 0.0 0.5 0.0 0.0 0.25 0.0 103.39451688235293 0 130.759689 0.8947368421052632 0.0 0.10526315789473684 0.0 0.5 0.0 0.25 0.0 0.0 0.25 0.0 0.4375 0.375 0.125 0.0625 0.0 chenyu 8Сʱ_mousemovements
123.38542020000001 197.817291 433.565094 564.6906585 2238.047119 0 1180.138199 0 216.05567879999998 201.60269933333333 944.1697695 35.313709 445.583067 274.380562 1149.1739626666667 307.488777 0.21739130434782608 0.13043478260869565 0.08695652173913043 0.043478260869565216 0.21739130434782608 0.08695652173913043 0.13043478260869565 0.08695652173913043 149.29551175 0 372.54623399999997 0.9375 0.0 0.0625 0.6521739130434783 0.043478260869565216 0.043478260869565216 0.08695652173913043 0.08695652173913043 0.0 0.08695652173913043 0.0 0.5517241379310345 0.29310344827586204 0.10344827586206896 0.034482758620689655 0.017241379310344827 chenyu 8Сʱ_mousemovements
111.88322526666666 324.14173900000003 369.703217 1389.114136 512.4687805 0 0 0 243.5653155 65.99639950000001 580.964233 278.48555749999997 127.272728 435.874875 390.909088 159.92564633333333 0.09523809523809523 0.19047619047619047 0.047619047619047616 0.09523809523809523 0.047619047619047616 0.19047619047619047 0.047619047619047616 0.2857142857142857 71.70238937096774 0 110.78977166666668 0.9117647058823529 0.0 0.08823529411764706 0.7142857142857143 0.09523809523809523 0.047619047619047616 0.047619047619047616 0.09523809523809523 0.0 0.0 0.0 0.5245901639344263 0.2786885245901639 0.09836065573770492 0.04918032786885246 0.04918032786885246 chenyu 8Сʱ_mousemovements
208.95602237500003 246.192093 0 0 0 0 0 0 246.192093 428.50805800000006 25.683123 0 25.683123 111.58591966666665 0 0 0.1111111111111111 0.3333333333333333 0.1111111111111111 0.0 0.1111111111111111 0.3333333333333333 0.0 0.0 50.46948084210527 0 0 1.0 0.0 0.0 0.8888888888888888 0.1111111111111111 0.0 0.0 0.0 0.0 0.0 0.0 0.8125 0.09375 0.03125 0.0625 0.0 chenyu 8Сʱ_mousemovements
123.931625 0 0 0 760.732605 0 0 0 123.931625 760.732605 0 0 0 0 0 0 0.5 0.5 0.0 0.0 0.0 0.0 0.0 0.0 221.16605750000002 0 0 1.0 0.0 0.0 0.5 0.0 0.0 0.0 0.5 0.0 0.0 0.0 0.0 0.25 0.25 0.25 0.25 chenyu 8Сʱ_mousemovements
144.01958433333334 210.967056 401.921463 0 0 0 2623.390625 834.360596 128.670887 0 0 0 214.21524 675.487427 1432.312332 0 0.2222222222222222 0.0 0.0 0.0 0.3333333333333333 0.2222222222222222 0.2222222222222222 0.0 123.54640360606061 0 346.185231 0.9166666666666666 0.0 0.08333333333333333 0.3333333333333333 0.2222222222222222 0.2222222222222222 0.0 0.0 0.0 0.1111111111111111 0.1111111111111111 0.45454545454545453 0.2727272727272727 0.09090909090909091 0.15151515151515152 0.030303030303030304 chenyu 8Сʱ_mousemovements
129.29733085714287 341.654808 587.666504 627.3014222500001 1145.532776 1082.898926 1787.97937 1138.783081 636.7570345 725.4458925 1049.966034 484.056839 109.5255506 455.73534400000005 327.59904700000004 522.5138515 0.07692307692307693 0.07692307692307693 0.07692307692307693 0.07692307692307693 0.19230769230769232 0.15384615384615385 0.19230769230769232 0.15384615384615385 156.5606019846154 15.661529999999999 336.66183620000004 0.9027777777777778 0.027777777777777776 0.06944444444444445 0.5384615384615384 0.07692307692307693 0.038461538461538464 0.15384615384615385 0.07692307692307693 0.038461538461538464 0.038461538461538464 0.038461538461538464 0.5151515151515151 0.19696969696969696 0.15151515151515152 0.09090909090909091 0.045454545454545456 chenyu 8Сʱ_mousemovements
174.333414625 0 508.386261 0 405.543945 1650.692932 0 0 549.321716 0 0 236.951378 56.067589 433.23202150000003 774.94335825 508.386261 0.08333333333333333 0.0 0.0 0.16666666666666666 0.16666666666666666 0.16666666666666666 0.3333333333333333 0.08333333333333333 124.62094354999999 0 312.5728225 0.9523809523809523 0.0 0.047619047619047616 0.6666666666666666 0.0 0.08333333333333333 0.0 0.08333333333333333 0.16666666666666666 0.0 0.0 0.6052631578947368 0.2631578947368421 0.07894736842105263 0.02631578947368421 0.02631578947368421 chenyu 8Сʱ_mousemovements
169.19567125 629.733032 0 0 0 0 0 0 0 180.85574366666665 0 0 134.215454 0 629.733032 0 0.0 0.6 0.0 0.0 0.2 0.0 0.2 0.0 59.387078045454544 0 0 1.0 0.0 0.0 0.8 0.2 0.0 0.0 0.0 0.0 0.0 0.0 0.42105263157894735 0.3157894736842105 0.15789473684210525 0.10526315789473684 0.0 chenyu 8Сʱ_mousemovements
106.4660380625 0 0 1621.796631 0 0 508.424438 1708.797363 589.021509 0 949.711624 0 73.90348449999999 194.14526142857144 82.79569599999999 67.85735833333332 0.15789473684210525 0.0 0.10526315789473684 0.0 0.10526315789473684 0.3684210526315789 0.10526315789473684 0.15789473684210525 98.68557758181814 0 57.384136999999996 0.9649122807017544 0.0 0.03508771929824561 0.8421052631578947 0.0 0.0 0.05263157894736842 0.0 0.0 0.05263157894736842 0.05263157894736842 0.6274509803921569 0.17647058823529413 0.09803921568627451 0.058823529411764705 0.0392156862745098 chenyu 8Сʱ_mousemovements
68.19598133333334 876.654968 0 651.1338603333334 727.270996 0 0 0 301.546112 19.707123 727.270996 984.3041075 42.486839 142.393982 559.902222 0 0.125 0.125 0.125 0.25 0.125 0.125 0.125 0.0 109.16435357692308 0 230.91057400000003 0.8666666666666667 0.0 0.13333333333333333 0.375 0.125 0.0 0.375 0.125 0.0 0.0 0.0 0.6071428571428571 0.21428571428571427 0.14285714285714285 0.03571428571428571 0.0 chenyu 8Сʱ_mousemovements
139.74173017647058 353.9208755 533.2926175 0 0 1373.483398 0 719.338501 409.6112025 1373.483398 57.245205999999996 565.569458 0 184.26435733333335 170.15841671428572 520.604492 0.08695652173913043 0.043478260869565216 0.08695652173913043 0.043478260869565216 0.0 0.391304347826087 0.30434782608695654 0.043478260869565216 74.29638209589044 0 273.074135 0.9605263157894737 0.0 0.039473684210526314 0.7391304347826086 0.08695652173913043 0.08695652173913043 0.0 0.0 0.043478260869565216 0.0 0.043478260869565216 0.5571428571428572 0.22857142857142856 0.1 0.05714285714285714 0.05714285714285714 chenyu 8Сʱ_mousemovements
0 679.55603 289.322144 0 682.239929 0 0 0 0 0 0 0 0 289.322144 679.55603 682.239929 0.0 0.0 0.0 0.0 0.0 0.3333333333333333 0.3333333333333333 0.3333333333333333 37.75311277777777 0 323.8540243333333 0.8571428571428571 0.0 0.14285714285714285 0.0 0.3333333333333333 0.3333333333333333 0.0 0.3333333333333333 0.0 0.0 0.0 0.47368421052631576 0.15789473684210525 0.21052631578947367 0.15789473684210525 0.0 chenyu 8Сʱ_mousemovements
168.6258124285714 613.7719422499999 0 389.663391 1025.412476 0 0 2579.173828 724.2921553333334 497.29414349999996 367.50518600000004 99.907753 929.5856599999998 389.663391 0 224.457451 0.21428571428571427 0.14285714285714285 0.14285714285714285 0.07142857142857142 0.21428571428571427 0.07142857142857142 0.0 0.14285714285714285 170.4470703571429 0 156.98039866666667 0.9333333333333333 0.0 0.06666666666666667 0.5 0.2857142857142857 0.0 0.07142857142857142 0.07142857142857142 0.0 0.0 0.07142857142857142 0.5116279069767442 0.23255813953488372 0.09302325581395349 0.046511627906976744 0.11627906976744186 chenyu 8Сʱ_mousemovements
147.753956875 0 0 1857.218994 0 741.613708 0 0 243.739914 481.808952 0 0 149.071198 113.4432694 0 1857.218994 0.1 0.2 0.0 0.0 0.1 0.5 0.0 0.1 94.97658278125 0 741.613708 0.9696969696969697 0.0 0.030303030303030304 0.8 0.0 0.0 0.1 0.0 0.1 0.0 0.0 0.4642857142857143 0.32142857142857145 0.10714285714285714 0.10714285714285714 0.0 chenyu 8Сʱ_mousemovements
108.28123240000001 0 417.702698 1281.9508059999998 795.202698 834.572937 1658.0625 619.378174 332.0883025 255.027279 1281.9508059999998 795.202698 665.3193206666666 157.77275888888892 53.736282 0 0.09090909090909091 0.18181818181818182 0.09090909090909091 0.045454545454545456 0.13636363636363635 0.4090909090909091 0.045454545454545456 0.0 124.44944908196717 0 230.40567774999997 0.9384615384615385 0.0 0.06153846153846154 0.6818181818181818 0.0 0.045454545454545456 0.09090909090909091 0.045454545454545456 0.045454545454545456 0.045454545454545456 0.045454545454545456 0.5087719298245614 0.21052631578947367 0.15789473684210525 0.07017543859649122 0.05263157894736842 chenyu 8Сʱ_mousemovements
100.76892277777776 242.70530079999997 1137.149536 1364.2516175 0 1333.047729 480.966858 0 201.442368 911.7952005 316.9564905 686.953533 0 280.5431416666667 391.2365895 465.98053075 0.05 0.1 0.2 0.1 0.0 0.15 0.2 0.2 103.75421656 0 165.0996372857143 0.9146341463414634 0.0 0.08536585365853659 0.45 0.25 0.1 0.1 0.0 0.05 0.05 0.0 0.5384615384615384 0.21794871794871795 0.16666666666666666 0.038461538461538464 0.038461538461538464 chenyu 8Сʱ_mousemovements
107.96278169999998 194.111435 0 761.3046265 1359.347656 829.14447 2609.091553 0 0 2609.091553 0 0 0 384.5523011 296.38463025 73.945267 0.0 0.058823529411764705 0.0 0.0 0.0 0.5882352941176471 0.23529411764705882 0.11764705882352941 153.1421244285714 0 142.039761 0.9607843137254902 0.0 0.0392156862745098 0.5882352941176471 0.11764705882352941 0.0 0.11764705882352941 0.058823529411764705 0.058823529411764705 0.058823529411764705 0.0 0.4782608695652174 0.2826086956521739 0.17391304347826086 0.06521739130434782 0.0 chenyu 8Сʱ_mousemovements
55.454420666666664 0 0 0 0 0 0 0 0 0 0 0 0 42.684259499999996 80.994743 0 0.0 0.0 0.0 0.0 0.0 0.6666666666666666 0.3333333333333333 0.0 11.883090142857142 0 0 1.0 0.0 0.0 1.0 0.0 0.0 0.0 0.0 0.0 0.0 0.0 0.7272727272727273 0.18181818181818182 0.09090909090909091 0.0 0.0 chenyu 8Сʱ_mousemovements
140.796341 0 0 0 0 0 0 0 0 0 0 0 0 239.03949 42.553192 0 0.0 0.0 0.0 0.0 0.0 0.5 0.5 0.0 46.93211366666667 0 0 1.0 0.0 0.0 1.0 0.0 0.0 0.0 0.0 0.0 0.0 0.0 1.0 0.0 0.0 0.0 0.0 chenyu 8Сʱ_mousemovements
149.35334918750002 257.69915 1129.552002 930.390503 1046.360962 0 1446.470764 0 452.39899699999995 201.196365 0 2797.656982 353.7229447142857 390.97356775000003 89.5087806 502.4061736666667 0.125 0.041666666666666664 0.0 0.041666666666666664 0.2916666666666667 0.16666666666666666 0.20833333333333334 0.125 136.23469447222226 40.0 167.28988133333334 0.9473684210526315 0.013157894736842105 0.039473684210526314 0.6666666666666666 0.08333333333333333 0.041666666666666664 0.041666666666666664 0.041666666666666664 0.0 0.125 0.0 0.6231884057971014 0.2318840579710145 0.10144927536231885 0.028985507246376812 0.014492753623188406 chenyu 8Сʱ_mousemovements
287.846954 291.819233 274.798706 1479.473633 0 0 0 0 456.694122 877.1361695 0 0 126.944344 287.846954 0 0 0.2 0.4 0.0 0.0 0.2 0.2 0.0 0.0 69.41148375 0 63.472172 0.9473684210526315 0.0 0.05263157894736842 0.2 0.4 0.2 0.2 0.0 0.0 0.0 0.0 0.696969696969697 0.21212121212121213 0.030303030303030304 0.030303030303030304 0.030303030303030304 chenyu 8Сʱ_mousemovements
152.81729221428571 236.208313 388.03009 665.702835 1086.456075 493.105804 708.914246 801.780029 933.2091266666666 440.567947 708.914246 0 315.8104628 153.6988695 334.271243375 135.98564933333333 0.125 0.08333333333333333 0.041666666666666664 0.0 0.20833333333333334 0.08333333333333333 0.3333333333333333 0.125 87.87131359999998 607.9491195 168.054735 0.9259259259259259 0.04938271604938271 0.024691358024691357 0.5833333333333334 0.041666666666666664 0.041666666666666664 0.08333333333333333 0.125 0.041666666666666664 0.041666666666666664 0.041666666666666664 0.52 0.30666666666666664 0.10666666666666667 0.02666666666666667 0.04 chenyu 8Сʱ_mousemovements
244.47878999999998 0 0 0 0 614.665344 553.983978 0 130.595383 338.92131 0 438.034454 167.080093 546.7201230000001 0 0 0.125 0.25 0.0 0.25 0.125 0.25 0.0 0.0 102.92093417391307 0 577.845764 0.9583333333333334 0.0 0.041666666666666664 0.625 0.0 0.0 0.0 0.0 0.125 0.25 0.0 0.6666666666666666 0.16666666666666666 0.0 0.1111111111111111 0.05555555555555555 chenyu 8Сʱ_mousemovements
157.81233966666665 408.37635800000004 1252.765503 711.6881715 0 0 0 241.051254 585.8759 1252.765503 0 0 748.4382935 218.91371900000001 85.51262166666667 0 0.2 0.1 0.0 0.0 0.2 0.2 0.3 0.0 112.91707445945944 0 218.91371900000001 0.9487179487179487 0.0 0.05128205128205128 0.3 0.3 0.1 0.2 0.0 0.0 0.0 0.1 0.4838709677419355 0.22580645161290322 0.12903225806451613 0.06451612903225806 0.0967741935483871 chenyu 8Сʱ_mousemovements
0 0 0 0 0 0 0 0 0 0 0 0 0 0 0 0 0 0 0 0 0 0 0 0 0 0 0 0 0 0 0 0 0 0 0 0 0 0 0 0 0 0 0 chenyu 8Сʱ_mousemovements
150.40288966666668 455.19377099999997 950.816406 0 1423.118896 1246.476059 0 1084.028198 0 808.0898870000001 0 0 662.1248166666667 808.5864104999999 562.5929766666667 24.062318 0.0 0.23076923076923078 0.0 0.0 0.23076923076923078 0.15384615384615385 0.23076923076923078 0.15384615384615385 140.9252448269231 0 108.90194175 0.9285714285714286 0.0 0.07142857142857142 0.46153846153846156 0.15384615384615385 0.07692307692307693 0.0 0.07692307692307693 0.15384615384615385 0.0 0.07692307692307693 0.660377358490566 0.3018867924528302 0.018867924528301886 0.018867924528301886 0.0 chenyu 8Сʱ_mousemovements
112.25160247058824 378.52509299999997 1061.2848916666665 874.545044 0 1119.375854 1790.4496155 1204.155396 76.064381 311.3722808571428 550.4231844 286.4144654 152.66347266666668 1097.6818388 445.21145166666656 344.301056 0.06451612903225806 0.22580645161290322 0.16129032258064516 0.16129032258064516 0.0967741935483871 0.16129032258064516 0.0967741935483871 0.03225806451612903 195.94931731944448 0 11.302384333333334 0.96 0.0 0.04 0.5483870967741935 0.1935483870967742 0.0967741935483871 0.03225806451612903 0.0 0.03225806451612903 0.06451612903225806 0.03225806451612903 0.463768115942029 0.2318840579710145 0.17391304347826086 0.08695652173913043 0.043478260869565216 chenyu 8Сʱ_mousemovements
115.65684100000001 602.844833 0 1029.52832 1639.479858 0 404.6734465 0 182.53139449999998 284.19905 584.6599397499999 182.513687 121.48844980000001 218.370308 1029.52832 37.974682 0.09523809523809523 0.23809523809523808 0.19047619047619047 0.047619047619047616 0.23809523809523808 0.09523809523809523 0.047619047619047616 0.047619047619047616 84.68460155714287 239.384674 50.318113800000006 0.9210526315789473 0.013157894736842105 0.06578947368421052 0.7142857142857143 0.09523809523809523 0.0 0.047619047619047616 0.047619047619047616 0.0 0.09523809523809523 0.0 0.5441176470588235 0.23529411764705882 0.07352941176470588 0.10294117647058823 0.04411764705882353 chenyu 8Сʱ_mousemovements
121.48461423809525 759.03894 311.168182 705.2842105 1050.146851 0 2747.7329105 0 55.617805 585.9936074999999 598.2701265 0 161.16205933333333 481.9621285555556 257.76736966666664 21.505376 0.03571428571428571 0.2857142857142857 0.07142857142857142 0.0 0.10714285714285714 0.32142857142857145 0.10714285714285714 0.07142857142857142 170.2583105 0 0.0 0.9855072463768116 0.0 0.014492753623188406 0.75 0.03571428571428571 0.03571428571428571 0.07142857142857142 0.03571428571428571 0.0 0.07142857142857142 0.0 0.453125 0.3125 0.109375 0.078125 0.046875 chenyu 8Сʱ_mousemovements
120.13064750000001 695.5259366 0 610.914042 0 0 0 561.650696 71.005981 561.650696 668.606628 511.428375 104.800232 469.1126391428571 321.0602236666667 0.0 0.058823529411764705 0.058823529411764705 0.11764705882352941 0.058823529411764705 0.058823529411764705 0.4117647058823529 0.17647058823529413 0.058823529411764705 111.79329554 0 414.467636 0.9433962264150944 0.0 0.05660377358490566 0.47058823529411764 0.29411764705882354 0.0 0.17647058823529413 0.0 0.0 0.0 0.058823529411764705 0.5106382978723404 0.2765957446808511 0.0851063829787234 0.10638297872340426 0.02127659574468085 chenyu 8Сʱ_mousemovements
130.32178100000002 443.21615975 0 962.9611815000001 2334.434814 0 0 1187.962891 607.9132996666666 285.213531 629.452051 2334.434814 267.6619884285714 124.72440860000002 144.688648 201.39549033333333 0.1111111111111111 0.037037037037037035 0.07407407407407407 0.037037037037037035 0.25925925925925924 0.18518518518518517 0.07407407407407407 0.2222222222222222 118.7702944556962 0 78.611321 0.9518072289156626 0.0 0.04819277108433735 0.7037037037037037 0.14814814814814814 0.0 0.07407407407407407 0.037037037037037035 0.0 0.0 0.037037037037037035 0.5308641975308642 0.2345679012345679 0.1728395061728395 0.037037037037037035 0.024691358024691357 chenyu 8Сʱ_mousemovements
58.331573666666664 521.598999 0 373.22995 0 2998.767214333333 853.9638975 0 85.401207 114.54438 0 841.0406086666667 371.85508350000003 0 8165.319824 221.184901 0.09090909090909091 0.09090909090909091 0.0 0.2727272727272727 0.18181818181818182 0.0 0.09090909090909091 0.2727272727272727 354.4138745666667 114.54438 516.2304966666667 0.8823529411764706 0.029411764705882353 0.08823529411764706 0.2727272727272727 0.18181818181818182 0.0 0.09090909090909091 0.0 0.2727272727272727 0.18181818181818182 0.0 0.65625 0.125 0.09375 0.0625 0.0625 chenyu 8Сʱ_mousemovements
181.41348761538455 760.2737363999998 1021.191956 1709.8582765 0 0 0 0 0 327.254242 594.110255 1056.346939 563.2682492 261.17629800000003 463.03269399999994 130.7418195 0.0 0.047619047619047616 0.14285714285714285 0.09523809523809523 0.23809523809523808 0.09523809523809523 0.2857142857142857 0.09523809523809523 182.50282373684212 0 197.991577 0.9827586206896551 0.0 0.017241379310344827 0.6190476190476191 0.23809523809523808 0.047619047619047616 0.09523809523809523 0.0 0.0 0.0 0.0 0.5714285714285714 0.3877551020408163 0.0 0.04081632653061224 0.0 chenyu 8Сʱ_mousemovements
73.43082533333333 0 0 0 0 0 0 0 0 0 0 171.582657 31.25 84.96563558333334 45.66100685714285 0 0.0 0.0 0.0 0.047619047619047616 0.047619047619047616 0.5714285714285714 0.3333333333333333 0.0 28.55643207407407 0 0 1.0 0.0 0.0 1.0 0.0 0.0 0.0 0.0 0.0 0.0 0.0 0.6808510638297872 0.1276595744680851 0.10638297872340426 0.0851063829787234 0.0 chenyu 8Сʱ_mousemovements
86.5092564 207.997498 0 0 1222.167725 0 0 1372.598877 0 189.811371 1372.598877 0 0 226.56503550000002 96.25282250000002 73.9777395 0.0 0.05555555555555555 0.05555555555555555 0.0 0.0 0.4444444444444444 0.3333333333333333 0.1111111111111111 54.96877580303029 0 118.11593575 0.9428571428571428 0.0 0.05714285714285714 0.8333333333333334 0.05555555555555555 0.0 0.0 0.05555555555555555 0.0 0.0 0.05555555555555555 0.5625 0.265625 0.109375 0.046875 0.015625 chenyu 8Сʱ_mousemovements
190.797707 0 67.321678 471.798523 0 0 0 0 117.777084 801.151184 67.321678 134.575958 191.87820075000002 56.594608 120.568542 0 0.1 0.1 0.1 0.1 0.4 0.1 0.1 0.0 46.25398957575758 67.321678 471.798523 0.9428571428571428 0.02857142857142857 0.02857142857142857 0.8 0.0 0.1 0.1 0.0 0.0 0.0 0.0 0.5483870967741935 0.22580645161290322 0.0967741935483871 0.12903225806451613 0.0 chenyu 8Сʱ_mousemovements
242.5007799375 482.2924805 283.684448 0 1836.598145 0 0 0 423.009216 0 843.7284089999999 0 189.75725844444443 125.0 288.82515266666667 437.131602 0.05 0.0 0.15 0.0 0.45 0.05 0.15 0.15 123.78379809259259 0 93.518312 0.9473684210526315 0.0 0.05263157894736842 0.8 0.1 0.05 0.0 0.05 0.0 0.0 0.0 0.5306122448979592 0.24489795918367346 0.10204081632653061 0.061224489795918366 0.061224489795918366 chenyu 8Сʱ_mousemovements
50.741069333333336 641.77301 494.772003 587.764587 0 0 0 0 0 614.7687985 0 0 45.9111895 494.772003 60.400829 0 0.0 0.3333333333333333 0.0 0.0 0.3333333333333333 0.16666666666666666 0.16666666666666666 0.0 121.07546526666668 0 60.400829 0.9375 0.0 0.0625 0.5 0.16666666666666666 0.16666666666666666 0.16666666666666666 0.0 0.0 0.0 0.0 0.5333333333333333 0.2 0.13333333333333333 0.13333333333333333 0.0 chenyu 8Сʱ_mousemovements
105.021813 0 456.972015 0 760.964417 0 0 0 7.277329 115.80551933333334 81.30748 568.770554 0 32.540607 153.914364 141.14937833333335 0.10526315789473684 0.15789473684210525 0.10526315789473684 0.10526315789473684 0.0 0.05263157894736842 0.15789473684210525 0.3157894736842105 38.27247883783784 6.369427 32.9548784 0.925 0.0125 0.0625 0.8947368421052632 0.0 0.05263157894736842 0.0 0.05263157894736842 0.0 0.0 0.0 0.5064935064935064 0.2597402597402597 0.12987012987012986 0.06493506493506493 0.03896103896103896 chenyu 8Сʱ_mousemovements
153.98725492307696 259.3190615 0 409.2435 0 990.7875065 0 0 87.438496 0 0 815.962948 252.35132983333335 269.80261060000004 35.156385 171.05426 0.1111111111111111 0.0 0.0 0.1111111111111111 0.3333333333333333 0.2777777777777778 0.1111111111111111 0.05555555555555555 63.769104671641784 0 106.46015616666666 0.9178082191780822 0.0 0.0821917808219178 0.7222222222222222 0.1111111111111111 0.0 0.05555555555555555 0.0 0.1111111111111111 0.0 0.0 0.5797101449275363 0.15942028985507245 0.14492753623188406 0.043478260869565216 0.07246376811594203 chenyu 8Сʱ_mousemovements
146.0749032 407.881805 0 0 873.476685 0 387.297516 0 339.87659666666667 0 0 387.297516 248.3766135 311.849567 0 72.54395099999999 0.23076923076923078 0.0 0.0 0.07692307692307693 0.15384615384615385 0.23076923076923078 0.0 0.3076923076923077 68.55268805 0 387.297516 0.975609756097561 0.0 0.024390243902439025 0.7692307692307693 0.07692307692307693 0.0 0.0 0.07692307692307693 0.0 0.07692307692307693 0.0 0.5263157894736842 0.23684210526315788 0.18421052631578946 0.05263157894736842 0.0 chenyu 8Сʱ_mousemovements
148.37698195238093 82.213852 368.7870635 1259.6260326666668 0 0 1060.522949 0 295.888687 0 1154.319214 672.39861675 170.0314025 200.46807414285715 92.82337275 152.9232232857143 0.07142857142857142 0.0 0.07142857142857142 0.14285714285714285 0.07142857142857142 0.25 0.14285714285714285 0.25 112.68276018055556 0 132.3893828 0.935064935064935 0.0 0.06493506493506493 0.75 0.03571428571428571 0.07142857142857142 0.10714285714285714 0.0 0.0 0.03571428571428571 0.0 0.5833333333333334 0.2361111111111111 0.1527777777777778 0.013888888888888888 0.013888888888888888 chenyu 8Сʱ_mousemovements
97.59034750000001 380.485916 823.0543825 0 899.256531 0 513.416138 0 114.858223 333.554962 569.089264 513.416138 60.457104 126.58766986666666 0 591.772278 0.041666666666666664 0.08333333333333333 0.08333333333333333 0.041666666666666664 0.041666666666666664 0.625 0.0 0.08333333333333333 93.75858116666666 0 513.416138 0.9818181818181818 0.0 0.01818181818181818 0.75 0.08333333333333333 0.08333333333333333 0.0 0.041666666666666664 0.0 0.041666666666666664 0.0 0.44 0.36 0.18 0.0 0.02 chenyu 8Сʱ_mousemovements
87.78391350000001 0 415.613922 0 0 0 0 3277.8479 3277.8479 0 0 0 66.666664 175.02072800000002 0 0 0.16666666666666666 0.0 0.0 0.0 0.16666666666666666 0.6666666666666666 0.0 0.0 311.1228827692308 0 0 1.0 0.0 0.0 0.6666666666666666 0.0 0.16666666666666666 0.0 0.0 0.0 0.0 0.16666666666666666 0.5454545454545454 0.2727272727272727 0.0 0.18181818181818182 0.0 chenyu 8Сʱ_mousemovements
128.58390396428572 228.317993 0 455.365448 0 0 1413.956421 0 0 0 354.337803 159.550156 822.52549 124.2704904736842 119.58774183333333 106.046661 0.0 0.0 0.06451612903225806 0.03225806451612903 0.06451612903225806 0.6129032258064516 0.1935483870967742 0.03225806451612903 72.41010733333334 0 50.000801 0.9873417721518988 0.0 0.012658227848101266 0.9032258064516129 0.03225806451612903 0.0 0.03225806451612903 0.0 0.0 0.03225806451612903 0.0 0.37333333333333335 0.29333333333333333 0.22666666666666666 0.08 0.02666666666666667 chenyu 8Сʱ_mousemovements
123.73748719999999 238.8476865 347.26129149999997 818.98584 0 0 0 1481.101318 305.13414133333333 244.822319 1481.101318 0 222.48318179999995 71.71259300000001 362.6464843333333 0 0.11538461538461539 0.07692307692307693 0.038461538461538464 0.0 0.19230769230769232 0.46153846153846156 0.11538461538461539 0.0 71.14856006578948 0 107.95285859999998 0.9382716049382716 0.0 0.06172839506172839 0.7692307692307693 0.07692307692307693 0.07692307692307693 0.038461538461538464 0.0 0.0 0.0 0.038461538461538464 0.581081081081081 0.13513513513513514 0.16216216216216217 0.08108108108108109 0.04054054054054054 chenyu 8Сʱ_mousemovements
179.84454125 418.27233899999993 487.71934500000003 0 0 0 1825.357544 2305.368652 240.30249 513.4643705 0 329.87256825000003 313.735504 734.9846628571428 146.153841 64.9845085 0.047619047619047616 0.19047619047619047 0.0 0.19047619047619047 0.047619047619047616 0.3333333333333333 0.09523809523809523 0.09523809523809523 152.60781548333335 227.725098 110.361061 0.967741935483871 0.016129032258064516 0.016129032258064516 0.5714285714285714 0.14285714285714285 0.19047619047619047 0.0 0.0 0.0 0.047619047619047616 0.047619047619047616 0.38596491228070173 0.43859649122807015 0.10526315789473684 0.03508771929824561 0.03508771929824561 chenyu 8Сʱ_mousemovements
232.94549442857144 332.53059 386.15352625 1178.806519 1570.749023 0 0 762.191528 0 816.8096006666668 416.5380705 762.191528 562.7369994999999 191.83952525 486.5722885 66.1421355 0.0 0.16666666666666666 0.1111111111111111 0.05555555555555555 0.1111111111111111 0.2222222222222222 0.2222222222222222 0.1111111111111111 160.5587210714286 397.87644433333327 80.006378 0.9130434782608695 0.06521739130434782 0.021739130434782608 0.3888888888888889 0.2222222222222222 0.2222222222222222 0.05555555555555555 0.05555555555555555 0.0 0.0 0.05555555555555555 0.38095238095238093 0.38095238095238093 0.023809523809523808 0.16666666666666666 0.047619047619047616 chenyu 8Сʱ_mousemovements
245.672689 338.913177 0 0 861.561646 0 918.0824279999999 0 132.011078 0 0 572.455994 0 622.9052836666667 0 600.2374115 0.14285714285714285 0.0 0.0 0.14285714285714285 0.0 0.42857142857142855 0.0 0.2857142857142857 161.53635126315788 0 352.233536 0.9047619047619048 0.0 0.09523809523809523 0.42857142857142855 0.14285714285714285 0.0 0.0 0.14285714285714285 0.0 0.2857142857142857 0.0 0.5789473684210527 0.3157894736842105 0.10526315789473684 0.0 0.0 chenyu 8Сʱ_mousemovements
144.89342499999998 668.415161 519.656799 0 2565.626465 1124.796753 509.562592 0 668.415161 519.656799 2565.626465 0 0 481.03654875 0 0 0.14285714285714285 0.14285714285714285 0.14285714285714285 0.0 0.0 0.5714285714285714 0.0 0.0 234.92191036363636 0 509.562592 0.9565217391304348 0.0 0.043478260869565216 0.2857142857142857 0.14285714285714285 0.14285714285714285 0.0 0.14285714285714285 0.14285714285714285 0.14285714285714285 0.0 0.4444444444444444 0.3888888888888889 0.1111111111111111 0.05555555555555555 0.0 chenyu 8Сʱ_mousemovements
0 0 0 0 0 0 0 0 0 0 0 0 0 0 0 0 0 0 0 0 0 0 0 0 0 0 0 0 0 0 0 0 0 0 0 0 0 0 0 0 0 0 0 chenyu 8Сʱ_mousemovements
0 0 0 0 0 0 0 0 0 0 0 0 0 0 0 0 0 0 0 0 0 0 0 0 0 0 0 0 0 0 0 0 0 0 0 0 0 0 0 0 0 0 0 chenyu 8Сʱ_mousemovements
0 0 0 0 0 0 0 0 0 0 0 0 0 0 0 0 0 0 0 0 0 0 0 0 0 0 0 0 0 0 0 0 0 0 0 0 0 0 0 0 0 0 0 chenyu 8Сʱ_mousemovements
0 0 0 0 0 0 0 0 0 0 0 0 0 0 0 0 0 0 0 0 0 0 0 0 0 0 0 0 0 0 0 0 0 0 0 0 0 0 0 0 0 0 0 chenyu 8Сʱ_mousemovements
0 0 0 0 0 0 0 0 0 0 0 0 0 0 0 0 0 0 0 0 0 0 0 0 0 0 0 0 0 0 0 0 0 0 0 0 0 0 0 0 0 0 0 chenyu 8Сʱ_mousemovements
0 0 0 0 0 0 0 0 0 0 0 0 0 0 0 0 0 0 0 0 0 0 0 0 0 0 0 0 0 0 0 0 0 0 0 0 0 0 0 0 0 0 0 chenyu 8Сʱ_mousemovements
0 0 0 0 0 0 0 0 0 0 0 0 0 0 0 0 0 0 0 0 0 0 0 0 0 0 0 0 0 0 0 0 0 0 0 0 0 0 0 0 0 0 0 chenyu 8Сʱ_mousemovements
0 0 0 0 0 0 0 0 0 0 0 0 0 0 0 0 0 0 0 0 0 0 0 0 0 0 0 0 0 0 0 0 0 0 0 0 0 0 0 0 0 0 0 chenyu 8Сʱ_mousemovements
0 0 0 0 0 0 0 0 0 0 0 0 0 0 0 0 0 0 0 0 0 0 0 0 0 0 0 0 0 0 0 0 0 0 0 0 0 0 0 0 0 0 0 chenyu 8Сʱ_mousemovements
0 0 0 0 0 0 0 0 0 0 0 0 0 0 0 0 0 0 0 0 0 0 0 0 0 0 0 0 0 0 0 0 0 0 0 0 0 0 0 0 0 0 0 chenyu 8Сʱ_mousemovements
0 0 0 0 0 0 0 0 0 0 0 0 0 0 0 0 0 0 0 0 0 0 0 0 0 0 0 0 0 0 0 0 0 0 0 0 0 0 0 0 0 0 0 chenyu 8Сʱ_mousemovements
222.59485616666666 0 292.563049 260.584717 0 0 0 1025.707642 374.233917 1025.707642 0 220.82827766666665 228.91224040000003 0 0 0 0.1 0.1 0.0 0.3 0.5 0.0 0.0 0.0 70.37099182142858 1025.707642 105.4460905 0.9032258064516129 0.03225806451612903 0.06451612903225806 0.6 0.0 0.2 0.1 0.0 0.0 0.0 0.1 0.48148148148148145 0.18518518518518517 0.07407407407407407 0.14814814814814814 0.1111111111111111 chenyu 8Сʱ_mousemovements
173.3554535 0 508.874969 0 1445.263428 0 0 0 226.959473 0 119.751434 508.874969 0 0 0 1445.263428 0.25 0.0 0.25 0.25 0.0 0.0 0.0 0.25 145.40652466666668 0 119.751434 0.9375 0.0 0.0625 0.5 0.0 0.25 0.0 0.25 0.0 0.0 0.0 0.5 0.35714285714285715 0.14285714285714285 0.0 0.0 chenyu 8Сʱ_mousemovements
0 0 0 0 0 0 0 0 0 0 0 0 0 0 0 0 0 0 0 0 0 0 0 0 0 0 0 0 0 0 0 0 0 0 0 0 0 0 0 0 0 0 0 chenyu 8Сʱ_mousemovements
0 0 0 0 0 0 0 0 0 0 0 0 0 0 0 0 0 0 0 0 0 0 0 0 0 0 0 0 0 0 0 0 0 0 0 0 0 0 0 0 0 0 0 chenyu 8Сʱ_mousemovements
0 0 0 0 0 0 0 0 0 0 0 0 0 0 0 0 0 0 0 0 0 0 0 0 0 0 0 0 0 0 0 0 0 0 0 0 0 0 0 0 0 0 0 chenyu 8Сʱ_mousemovements
93.1426665 0 992.004395 420.042435 0 0 1279.830688 0 465.26195633333333 341.404448 0 0 532.586121 0 11.627907 183.814532 0.25 0.3333333333333333 0.0 0.0 0.08333333333333333 0.0 0.08333333333333333 0.25 77.15713294871794 0 282.64436666666666 0.9285714285714286 0.0 0.07142857142857142 0.6666666666666666 0.0 0.08333333333333333 0.16666666666666666 0.0 0.0 0.08333333333333333 0.0 0.5263157894736842 0.23684210526315788 0.15789473684210525 0.05263157894736842 0.02631578947368421 chenyu 8Сʱ_mousemovements
103.62641175 187.933701 0 792.038086 1204.1767275 1013.463623 1254.159302 0 1225.7538379999999 130.07089733333333 1013.463623 792.038086 91.85366466666669 465.7873153333333 131.1074803333333 92.998825 0.1111111111111111 0.16666666666666666 0.05555555555555555 0.05555555555555555 0.16666666666666666 0.16666666666666666 0.16666666666666666 0.1111111111111111 129.8643771960784 0 92.12729033333335 0.9444444444444444 0.0 0.05555555555555555 0.6666666666666666 0.05555555555555555 0.0 0.05555555555555555 0.1111111111111111 0.05555555555555555 0.05555555555555555 0.0 0.5208333333333334 0.16666666666666666 0.16666666666666666 0.10416666666666667 0.041666666666666664 chenyu 8Сʱ_mousemovements
219.37466623809524 464.4900664285715 273.281738 877.7443545 0 0 409.067596 0 245.04469333333336 309.4111158333333 0 409.067596 317.0048091666667 739.5243705 169.68740160000002 226.7006832857143 0.09375 0.1875 0.0 0.03125 0.1875 0.125 0.15625 0.21875 110.84918166666664 4.5454545 162.619055 0.9130434782608695 0.021739130434782608 0.06521739130434782 0.65625 0.21875 0.03125 0.0625 0.0 0.0 0.03125 0.0 0.5287356321839081 0.26436781609195403 0.12643678160919541 0.034482758620689655 0.04597701149425287 chenyu 8Сʱ_mousemovements
103.57646350000002 181.14351666666667 0 0 944.8423614999999 797.454346 0 1007.018311 559.1618656666666 294.38167150000004 132.106453 12.856487 57.4291535 136.76310033333334 560.7088736666666 72.58307 0.13043478260869565 0.17391304347826086 0.08695652173913043 0.043478260869565216 0.08695652173913043 0.2608695652173913 0.13043478260869565 0.08695652173913043 95.60689280701754 12.856487 108.09049225000001 0.9193548387096774 0.016129032258064516 0.06451612903225806 0.6956521739130435 0.13043478260869565 0.0 0.0 0.08695652173913043 0.043478260869565216 0.0 0.043478260869565216 0.5471698113207547 0.22641509433962265 0.09433962264150944 0.09433962264150944 0.03773584905660377 chenyu 8Сʱ_mousemovements
158.724440875 243.1539005 0 506.43309 1054.01123 0 0 0 243.4267055 81.35046750000001 550.6435775 148.470215 110.901047 0 237.16027333333332 0 0.15384615384615385 0.15384615384615385 0.3076923076923077 0.07692307692307693 0.07692307692307693 0.0 0.23076923076923078 0.0 74.9076126511628 11.313708 196.87989533333334 0.9148936170212766 0.02127659574468085 0.06382978723404255 0.6153846153846154 0.15384615384615385 0.0 0.15384615384615385 0.07692307692307693 0.0 0.0 0.0 0.6590909090909091 0.22727272727272727 0.09090909090909091 0.022727272727272728 0.0 chenyu 8Сʱ_mousemovements
0 0 0 0 0 0 1913.268188 0 0 0 0 1913.268188 0 0 0 0 0.0 0.0 0.0 1.0 0.0 0.0 0.0 0.0 956.634094 0 0 1.0 0.0 0.0 0.0 0.0 0.0 0.0 0.0 0.0 1.0 0.0 0.0 1.0 0.0 0.0 0.0 chenyu 8Сʱ_mousemovements
142.54558952941179 420.1224255 699.69516 401.844177 721.560654 0 850.292175 659.29248 550.0911911999999 464.121666 401.844177 373.457993 86.429657 583.8736115 294.29094625000005 120.240511 0.17857142857142858 0.10714285714285714 0.03571428571428571 0.07142857142857142 0.10714285714285714 0.07142857142857142 0.14285714285714285 0.2857142857142857 123.78068152941175 7.142857 433.475983 0.9714285714285714 0.014285714285714285 0.014285714285714285 0.6071428571428571 0.14285714285714285 0.07142857142857142 0.03571428571428571 0.07142857142857142 0.0 0.03571428571428571 0.03571428571428571 0.42857142857142855 0.23809523809523808 0.25396825396825395 0.047619047619047616 0.031746031746031744 chenyu 8Сʱ_mousemovements
236.73947741666666 476.8757123333333 438.75365200000005 446.54282750000004 0 24.836201 0 0 460.25928875 201.834869 364.2240243333333 229.20264066666664 231.02314950000002 112.247871 366.9818983333333 488.14242549999994 0.17391304347826086 0.043478260869565216 0.13043478260869565 0.13043478260869565 0.2608695652173913 0.043478260869565216 0.13043478260869565 0.08695652173913043 113.17381150943396 370.49339433333336 144.53857 0.9137931034482759 0.05172413793103448 0.034482758620689655 0.5217391304347826 0.13043478260869565 0.13043478260869565 0.17391304347826086 0.0 0.043478260869565216 0.0 0.0 0.4230769230769231 0.21153846153846154 0.19230769230769232 0.15384615384615385 0.019230769230769232 chenyu 8Сʱ_mousemovements
253.93906425 594.7498780000001 0 0 1520.758789 651.974976 0 0 653.058716 946.220215 0 0 87.614998 882.0191649999999 137.5412715 651.974976 0.125 0.125 0.0 0.0 0.125 0.25 0.25 0.125 112.34629874193548 651.974976 243.279541 0.9393939393939394 0.030303030303030304 0.030303030303030304 0.5 0.25 0.0 0.0 0.125 0.125 0.0 0.0 0.4838709677419355 0.3870967741935484 0.0 0.03225806451612903 0.0967741935483871 chenyu 8Сʱ_mousemovements
126.27502900000002 707.354797 0 0 810.1204524999999 0 0 912.698914 526.033508 707.354797 265.472351 644.4523164999999 231.625442 50.2950006 156.21093966666666 159.13599775 0.041666666666666664 0.041666666666666664 0.041666666666666664 0.08333333333333333 0.2916666666666667 0.20833333333333334 0.125 0.16666666666666666 82.05050101587302 0 298.30681599999997 0.9692307692307692 0.0 0.03076923076923077 0.8333333333333334 0.041666666666666664 0.0 0.0 0.08333333333333333 0.0 0.0 0.041666666666666664 0.7142857142857143 0.16071428571428573 0.03571428571428571 0.03571428571428571 0.05357142857142857 chenyu 8Сʱ_mousemovements
0 435.648356 0 0 0 325.45874 0 0 0 325.45874 898.622742 0 0 0 204.161163 0 0.0 0.25 0.25 0.0 0.0 0.0 0.5 0.0 67.94512647619047 0 205.556152 0.9545454545454546 0.0 0.045454545454545456 0.0 0.75 0.0 0.0 0.0 0.25 0.0 0.0 0.5625 0.25 0.125 0.0 0.0625 chenyu 8Сʱ_mousemovements
0 0 0 0 0 0 0 0 0 0 0 0 0 0 0 0 0 0 0 0 0 0 0 0 0.0 0 0 1.0 0.0 0.0 0 0 0 0 0 0 0 0 0.2857142857142857 0.14285714285714285 0.42857142857142855 0.0 0.14285714285714285 chenyu 8Сʱ_mousemovements
0 0 0 0 0 0 0 0 0 0 0 0 0 0 0 0 0 0 0 0 0 0 0 0 0.0 0 0 1.0 0.0 0.0 0 0 0 0 0 0 0 0 0.25 0.25 0.25 0.0 0.25 chenyu 8Сʱ_mousemovements
0 0 0 0 0 0 0 0 0 0 0 0 0 0 0 0 0 0 0 0 0 0 0 0 0 0 0 0 0 0 0 0 0 0 0 0 0 0 0 0 0 0 0 chenyu 8Сʱ_mousemovements
94.381931 214.54551700000002 274.885773 540.29412075 0 0 0 0 92.19532 785.826172 274.885773 163.199493 0 265.891541 541.3355865 194.62384 0.1111111111111111 0.1111111111111111 0.1111111111111111 0.1111111111111111 0.0 0.1111111111111111 0.2222222222222222 0.2222222222222222 44.41541359090909 0 219.9277908 0.8979591836734694 0.0 0.10204081632653061 0.2222222222222222 0.2222222222222222 0.1111111111111111 0.4444444444444444 0.0 0.0 0.0 0.0 0.6136363636363636 0.11363636363636363 0.13636363636363635 0.11363636363636363 0.022727272727272728 chenyu 8Сʱ_mousemovements
129.56751383333332 385.86593633333337 495.469116 808.885437 951.5593872500001 1552.279185 0 0 0 540.239136 1064.8818665000001 491.5815272 794.4967086 0 341.1142374444444 154.7077235 0.0 0.041666666666666664 0.08333333333333333 0.20833333333333334 0.20833333333333334 0.0 0.375 0.08333333333333333 166.99257608333335 716.283722 77.85797525000001 0.8955223880597015 0.04477611940298507 0.05970149253731343 0.5 0.125 0.041666666666666664 0.041666666666666664 0.16666666666666666 0.125 0.0 0.0 0.35 0.35 0.25 0.03333333333333333 0.016666666666666666 chenyu 8Сʱ_mousemovements
97.78606136363636 371.6607495 862.9900205 0 371.294647 0 1172.917114 0 206.55360400000004 913.836975 1172.917114 0 16.129032 349.983856 40.744829800000005 197.48033133333334 0.15789473684210525 0.10526315789473684 0.05263157894736842 0.0 0.05263157894736842 0.21052631578947367 0.2631578947368421 0.15789473684210525 93.97276184210527 0 238.017025 0.9661016949152542 0.0 0.03389830508474576 0.5789473684210527 0.21052631578947367 0.10526315789473684 0.0 0.05263157894736842 0.0 0.05263157894736842 0.0 0.5384615384615384 0.25 0.09615384615384616 0.09615384615384616 0.019230769230769232 chenyu 8Сʱ_mousemovements
153.57594645454543 600.0096252 980.3582916666668 0 465.6831055 1245.7562255 0 0 122.553917 709.7643636666667 418.817764 1962.512207 134.35905 279.234871 366.356878375 114.006371 0.043478260869565216 0.2608695652173913 0.08695652173913043 0.043478260869565216 0.08695652173913043 0.08695652173913043 0.34782608695652173 0.043478260869565216 169.3636315762712 0 212.17656219999998 0.921875 0.0 0.078125 0.4782608695652174 0.21739130434782608 0.13043478260869565 0.0 0.08695652173913043 0.08695652173913043 0.0 0.0 0.5409836065573771 0.3114754098360656 0.04918032786885246 0.06557377049180328 0.03278688524590164 chenyu 8Сʱ_mousemovements
119.24509066666666 134.06134 469.0845846666667 1215.848877 0 232.986145 0 1490.328735 371.458275 456.3277895 143.39754499999998 143.248516 594.8404092 108.503088 130.8933685 0 0.09090909090909091 0.09090909090909091 0.09090909090909091 0.09090909090909091 0.22727272727272727 0.22727272727272727 0.18181818181818182 0.0 88.25424788059702 0 89.03015075 0.9436619718309859 0.0 0.056338028169014086 0.6818181818181818 0.045454545454545456 0.13636363636363635 0.045454545454545456 0.0 0.045454545454545456 0.0 0.045454545454545456 0.5614035087719298 0.3157894736842105 0.07017543859649122 0.017543859649122806 0.03508771929824561 chenyu 8Сʱ_mousemovements
157.55313866666668 285.80484 0 0 196.561096 1127.4800565 579.230835 0 0 247.36759359999996 219.93227633333333 1895.229736 0 96.429459 241.93883779999996 208.156631 0.0 0.3125 0.1875 0.0625 0.0 0.0625 0.3125 0.0625 79.00206926530612 6.410256 238.10552699999994 0.875 0.017857142857142856 0.10714285714285714 0.5625 0.1875 0.0 0.0 0.0625 0.125 0.0625 0.0 0.5918367346938775 0.2857142857142857 0.08163265306122448 0.02040816326530612 0.02040816326530612 chenyu 8Сʱ_mousemovements
87.81353720000001 0 1198.316895 0 0 0 1629.970459 0 0 1629.970459 101.812912 217.061493 0 0 1198.316895 40.064427 0.0 0.14285714285714285 0.14285714285714285 0.14285714285714285 0.0 0.0 0.14285714285714285 0.42857142857142855 119.59184974074076 0 19.187548500000002 0.9310344827586207 0.0 0.06896551724137931 0.7142857142857143 0.0 0.14285714285714285 0.0 0.0 0.0 0.14285714285714285 0.0 0.52 0.32 0.12 0.0 0.04 chenyu 8Сʱ_mousemovements
158.76549004761904 590.1483062 424.5961 0 976.114624 0 0 669.344116 281.7984163333333 377.15641999999997 404.367508 144.22645833333334 815.5057573333333 267.8660475 175.7824114285714 74.204109 0.1 0.16666666666666666 0.06666666666666667 0.1 0.1 0.2 0.23333333333333334 0.03333333333333333 87.96209576086957 0 123.84734760000003 0.9019607843137255 0.0 0.09803921568627451 0.7 0.16666666666666666 0.03333333333333333 0.0 0.06666666666666667 0.0 0.0 0.03333333333333333 0.5 0.22448979591836735 0.20408163265306123 0.030612244897959183 0.04081632653061224 chenyu 8Сʱ_mousemovements
128.34191072 480.53188100000006 0 337.454712 0 0 0 2463.032715 298.259399 0 379.5957945 1143.697144 744.0425815 174.72952 91.59101300000002 96.03829950000001 0.03333333333333333 0.0 0.06666666666666667 0.03333333333333333 0.13333333333333333 0.1 0.5666666666666667 0.06666666666666667 109.22338652941177 0 23.440554 0.9855072463768116 0.0 0.014492753623188406 0.8333333333333334 0.1 0.0 0.03333333333333333 0.0 0.0 0.0 0.03333333333333333 0.5079365079365079 0.31746031746031744 0.06349206349206349 0.07936507936507936 0.031746031746031744 chenyu 8Сʱ_mousemovements
188.27827275757576 673.3181713333333 458.11239633333327 0 0 0 0 0 248.535599 481.4736325 741.232849 0 145.856604 426.49313799999993 201.00604223076922 135.73194369230768 0.02564102564102564 0.05128205128205128 0.02564102564102564 0.0 0.05128205128205128 0.1794871794871795 0.3333333333333333 0.3333333333333333 96.9653051875 7.092198 145.856604 0.9696969696969697 0.010101010101010102 0.020202020202020204 0.8461538461538461 0.07692307692307693 0.07692307692307693 0.0 0.0 0.0 0.0 0.0 0.5416666666666666 0.3020833333333333 0.07291666666666667 0.03125 0.052083333333333336 chenyu 8Сʱ_mousemovements
173.77086263636366 562.0458476666666 260.0133895 0 1126.021027 0 640.234009 2456.8293455000003 1868.0709026666666 720.381287 77.594559 631.5454203333334 247.433607 1019.381134 135.53452079999997 103.862916 0.14285714285714285 0.047619047619047616 0.047619047619047616 0.14285714285714285 0.09523809523809523 0.09523809523809523 0.23809523809523808 0.19047619047619047 181.3456383538462 0 68.056036 0.9701492537313433 0.0 0.029850746268656716 0.5238095238095238 0.14285714285714285 0.09523809523809523 0.0 0.09523809523809523 0.0 0.047619047619047616 0.09523809523809523 0.5423728813559322 0.22033898305084745 0.2033898305084746 0.03389830508474576 0.0 chenyu 8Сʱ_mousemovements
98.80407172727273 256.9190796 598.974121 799.649445 0 0 0 0 188.199829 6.410256 1170.596436 474.13037149999997 152.108856 181.25289590909094 66.28561118181818 234.02914449999997 0.03333333333333333 0.03333333333333333 0.03333333333333333 0.06666666666666667 0.03333333333333333 0.36666666666666664 0.36666666666666664 0.06666666666666667 74.12862236842106 6.410256 16.372431 0.9743589743589743 0.01282051282051282 0.01282051282051282 0.7333333333333333 0.16666666666666666 0.03333333333333333 0.06666666666666667 0.0 0.0 0.0 0.0 0.5070422535211268 0.30985915492957744 0.09859154929577464 0.056338028169014086 0.028169014084507043 chenyu 8Сʱ_mousemovements
