394.337036 0 0 0 0 0 0 0 503.767914 0 0 0 0 284.906158 0 0 0.5 0.0 0.0 0.0 0.0 0.5 0.0 0.0 98.584259 0 0.0 0.8888888888888888 0.0 0.1111111111111111 1.0 0.0 0.0 0.0 0.0 0.0 0.0 0.0 0.875 0.125 0.0 0.0 0.0 chenyu 2Сʱ_mousemovements
83.6729828 0 1478.577942 2089.849121 0 825.305054 0 3387.301025 1714.3945385000002 64.516129 382.92688 0 72.941658 1187.9784699999998 0 1082.433422 0.2 0.1 0.1 0.0 0.1 0.3 0.0 0.2 289.7641414516129 0 173.82190325 0.8857142857142857 0.0 0.11428571428571428 0.5 0.0 0.2 0.1 0.0 0.1 0.0 0.1 0.7272727272727273 0.12121212121212122 0.0 0.12121212121212122 0.030303030303030304 chenyu 2Сʱ_mousemovements
68.9294702 0 0 1969.598755 1006.6814676666667 595.510498 2565.802979 0 2113.89209 14.285714 2565.802979 46.892948 603.149658 595.510498 1969.598755 146.617836 0.09090909090909091 0.09090909090909091 0.09090909090909091 0.09090909090909091 0.09090909090909091 0.09090909090909091 0.09090909090909091 0.36363636363636365 230.09637168749998 14.285714 279.5585945 0.8648648648648649 0.02702702702702703 0.10810810810810811 0.45454545454545453 0.0 0.0 0.09090909090909091 0.2727272727272727 0.09090909090909091 0.09090909090909091 0.0 0.6 0.2857142857142857 0.05714285714285714 0.0 0.05714285714285714 chenyu 2Сʱ_mousemovements
162.80448077777777 497.196594 1034.7897034999999 473.19599949999997 0 628.448975 0 790.072327 504.735504 797.342888 351.5167695 0 0 336.853607 257.77264425 273.08353275 0.0625 0.1875 0.125 0.0 0.0 0.125 0.25 0.25 76.34597835714285 0.0 530.38871025 0.9180327868852459 0.01639344262295082 0.06557377049180328 0.5625 0.0625 0.125 0.125 0.0 0.0625 0.0 0.0625 0.6666666666666666 0.21052631578947367 0.017543859649122806 0.07017543859649122 0.03508771929824561 chenyu 2Сʱ_mousemovements
183.08291981818184 231.946152 0 298.904694 801.111572 1369.485229 778.300842 0 519.5529606666666 680.3877865 227.88867950000002 298.149689 127.33144933333334 294.6725235 404.775421 39.408867 0.1875 0.125 0.125 0.0625 0.1875 0.125 0.125 0.0625 90.82823180434782 6.410256 436.383896 0.92 0.02 0.06 0.6875 0.0625 0.0 0.0625 0.0625 0.0625 0.0625 0.0 0.574468085106383 0.23404255319148937 0.1276595744680851 0.02127659574468085 0.0425531914893617 chenyu 2Сʱ_mousemovements
217.920582368421 0 272.351807 1754.585693 1844.944946 0 0 0 424.7157432 187.5 1065.964981 392.9854026666667 518.3207806666667 0 149.00128466666666 77.6884858 0.22727272727272727 0.045454545454545456 0.09090909090909091 0.13636363636363635 0.13636363636363635 0.0 0.13636363636363635 0.22727272727272727 148.37728724074074 0 0 1.0 0.0 0.0 0.8636363636363636 0.0 0.045454545454545456 0.045454545454545456 0.045454545454545456 0.0 0.0 0.0 0.5102040816326531 0.32653061224489793 0.08163265306122448 0.04081632653061224 0.04081632653061224 chenyu 2Сʱ_mousemovements
169.29277964285717 374.81427175 653.2455902500001 1567.444458 765.83992 580.885925 405.170959 0 601.43225475 552.3977505 316.09067500000003 612.92601 390.01635528571427 317.1534716666667 555.0669250000001 80.71705625 0.12903225806451613 0.06451612903225806 0.12903225806451613 0.06451612903225806 0.22580645161290322 0.1935483870967742 0.06451612903225806 0.12903225806451613 95.21647582524272 15.206597 172.63638653846152 0.8803418803418803 0.008547008547008548 0.1111111111111111 0.45161290322580644 0.25806451612903225 0.12903225806451613 0.03225806451612903 0.06451612903225806 0.03225806451612903 0.03225806451612903 0.0 0.6403508771929824 0.21052631578947367 0.07017543859649122 0.043859649122807015 0.03508771929824561 chenyu 2Сʱ_mousemovements
97.3446670952381 0 0 0 0 0 1302.457764 0 0 0 565.0173163333333 177.287521 224.4106485 48.0208122 29.147437000000004 47.71811575 0.0 0.0 0.13636363636363635 0.045454545454545456 0.18181818181818182 0.22727272727272727 0.22727272727272727 0.18181818181818182 49.09951942647059 0 7.928452 0.9855072463768116 0.0 0.014492753623188406 0.9545454545454546 0.0 0.0 0.0 0.0 0.0 0.045454545454545456 0.0 0.5862068965517241 0.20689655172413793 0.13793103448275862 0.05172413793103448 0.017241379310344827 chenyu 2Сʱ_mousemovements
94.2758347 343.96883349999996 886.367004 300.640869 0 0 0 0 0 0 0 289.5262125 97.95130649999999 114.011826 372.16821075 81.38718899999999 0.0 0.0 0.0 0.14285714285714285 0.2857142857142857 0.07142857142857142 0.2857142857142857 0.21428571428571427 50.198250173076914 0 103.697439 0.9629629629629629 0.0 0.037037037037037035 0.7142857142857143 0.14285714285714285 0.07142857142857142 0.07142857142857142 0.0 0.0 0.0 0.0 0.5416666666666666 0.25 0.10416666666666667 0.0625 0.041666666666666664 chenyu 2Сʱ_mousemovements
70.6595090625 0 0 0 0 478.617432 0 1201.259766 0 0 0 1201.259766 50.249489 63.398300875 38.6528755 184.8356882 0.0 0.0 0.0 0.05555555555555555 0.1111111111111111 0.4444444444444444 0.1111111111111111 0.2777777777777778 43.119642481481485 0 240.9843245 0.9642857142857143 0.0 0.03571428571428571 0.8888888888888888 0.0 0.0 0.0 0.0 0.05555555555555555 0.0 0.05555555555555555 0.6739130434782609 0.08695652173913043 0.08695652173913043 0.08695652173913043 0.06521739130434782 chenyu 2Сʱ_mousemovements
148.8369793 187.44701400000002 382.16034325 0 1087.8494752000001 480.730713 366.107544 0 326.40642149999996 1062.99052425 226.268743 438.5708925 342.91560333333337 177.2212155 341.86851149999995 112.162155 0.08695652173913043 0.17391304347826086 0.13043478260869565 0.08695652173913043 0.13043478260869565 0.17391304347826086 0.17391304347826086 0.043478260869565216 109.45009943076926 19.850079 317.98553562499995 0.8783783783783784 0.013513513513513514 0.10810810810810811 0.43478260869565216 0.08695652173913043 0.17391304347826086 0.0 0.21739130434782608 0.043478260869565216 0.043478260869565216 0.0 0.5797101449275363 0.17391304347826086 0.10144927536231885 0.07246376811594203 0.07246376811594203 chenyu 2Сʱ_mousemovements
113.28158653846154 0 0 712.438477 771.409241 0 1089.026733 0 362.3799426666667 187.21838000000002 0 595.1503829999999 125.0 64.4655475 626.9905705 94.23932233333335 0.17647058823529413 0.23529411764705882 0.0 0.11764705882352941 0.058823529411764705 0.11764705882352941 0.11764705882352941 0.17647058823529413 85.8928400625 0 231.36266466666666 0.9411764705882353 0.0 0.058823529411764705 0.7647058823529411 0.0 0.0 0.058823529411764705 0.11764705882352941 0.0 0.058823529411764705 0.0 0.54 0.28 0.12 0.02 0.04 chenyu 2Сʱ_mousemovements
143.44169216666663 363.42337033333325 377.6652373333333 842.8081970000001 1115.688843 0 1038.1184082500001 0 800.7460785000001 693.81723 429.338221 693.6299554999999 311.56537625 0 273.3145255 596.571594 0.10526315789473684 0.10526315789473684 0.15789473684210525 0.21052631578947367 0.21052631578947367 0.0 0.10526315789473684 0.10526315789473684 97.594861609375 0 473.952962875 0.8888888888888888 0.0 0.1111111111111111 0.3157894736842105 0.15789473684210525 0.15789473684210525 0.10526315789473684 0.05263157894736842 0.0 0.21052631578947367 0.0 0.5285714285714286 0.2571428571428571 0.11428571428571428 0.08571428571428572 0.014285714285714285 chenyu 2Сʱ_mousemovements
174.44021944 994.5060830000001 582.442566 0 1089.365234 0 0 0 385.344078 350.305237 683.6345215000001 565.9683023333333 511.98583787499996 128.96518083333333 141.39777 57.534273999999996 0.12121212121212122 0.030303030303030304 0.06060606060606061 0.09090909090909091 0.24242424242424243 0.18181818181818182 0.15151515151515152 0.12121212121212122 127.24011354216867 0 101.36490450000001 0.9764705882352941 0.0 0.023529411764705882 0.7575757575757576 0.09090909090909091 0.12121212121212122 0.0 0.030303030303030304 0.0 0.0 0.0 0.569620253164557 0.25316455696202533 0.13924050632911392 0.02531645569620253 0.012658227848101266 chenyu 2Сʱ_mousemovements
159.48752228571428 0 185.212585 0 0 0 0 0 0 424.4079135 204.227554 0 176.0013315 176.00974033333333 87.17604700000001 24.5411985 0.0 0.13333333333333333 0.06666666666666667 0.0 0.13333333333333333 0.2 0.3333333333333333 0.13333333333333333 50.37578952083334 0 0 1.0 0.0 0.0 0.9333333333333333 0.0 0.06666666666666667 0.0 0.0 0.0 0.0 0.0 0.6410256410256411 0.28205128205128205 0.02564102564102564 0.02564102564102564 0.02564102564102564 chenyu 2Сʱ_mousemovements
119.72782371428572 519.722763 374.6448516666666 0 522.85614 747.551392 0 3544.624512 449.631927 445.6874165 391.6065393333333 1212.742286 424.058594 81.370399 105.846132 472.666199 0.06666666666666667 0.13333333333333333 0.2 0.2 0.06666666666666667 0.06666666666666667 0.13333333333333333 0.13333333333333333 100.03394074509804 0 301.6417681111111 0.85 0.0 0.15 0.4666666666666667 0.13333333333333333 0.2 0.0 0.06666666666666667 0.06666666666666667 0.0 0.06666666666666667 0.5925925925925926 0.2037037037037037 0.07407407407407407 0.09259259259259259 0.037037037037037035 chenyu 2Сʱ_mousemovements
0 0 0 0 0 0 0 0 0 0 0 0 0 0 0 0 0 0 0 0 0 0 0 0 0 0 0 0 0 0 0 0 0 0 0 0 0 0 0 0 0 0 0 chenyu 2Сʱ_mousemovements
171.11373546153845 320.96923449999997 504.88780199999997 1323.284302 1155.171509 0 806.4573975000001 0 168.058243 389.36381166666666 649.8321023333333 726.8206785 266.1868235 286.664856 210.6212242 466.6612245 0.043478260869565216 0.13043478260869565 0.13043478260869565 0.08695652173913043 0.2608695652173913 0.043478260869565216 0.21739130434782608 0.08695652173913043 92.37849085526314 9.065472 175.51899244444442 0.8837209302325582 0.011627906976744186 0.10465116279069768 0.5652173913043478 0.17391304347826086 0.08695652173913043 0.043478260869565216 0.043478260869565216 0.0 0.08695652173913043 0.0 0.5662650602409639 0.25301204819277107 0.10843373493975904 0.04819277108433735 0.024096385542168676 chenyu 2Сʱ_mousemovements
172.56917653846156 284.01676433333336 942.371002 633.9848175 500.151001 1131.818848 799.7003175 0 336.46776420000003 284.532928 302.488243 700.327467 509.995926 398.38981724999996 382.2720585 105.856018 0.19230769230769232 0.038461538461538464 0.07692307692307693 0.15384615384615385 0.15384615384615385 0.15384615384615385 0.15384615384615385 0.07692307692307693 117.63988384285715 12.856487 416.642165 0.9090909090909091 0.012987012987012988 0.07792207792207792 0.5 0.11538461538461539 0.07692307692307693 0.15384615384615385 0.038461538461538464 0.038461538461538464 0.07692307692307693 0.0 0.547945205479452 0.1506849315068493 0.1780821917808219 0.0958904109589041 0.0273972602739726 chenyu 2Сʱ_mousemovements
432.17452375000005 134.933334 0 436.660904 0 881.283813 0 532.76178 0 435.373444 0 684.256327 528.122742 387.3020796666667 199.280769 434.32132700000005 0.0 0.07692307692307693 0.0 0.23076923076923078 0.07692307692307693 0.23076923076923078 0.15384615384615385 0.23076923076923078 140.19695499999997 0 276.10631750000005 0.95 0.0 0.05 0.6153846153846154 0.07692307692307693 0.0 0.15384615384615385 0.0 0.07692307692307693 0.0 0.07692307692307693 0.5675675675675675 0.21621621621621623 0.13513513513513514 0.02702702702702703 0.05405405405405406 chenyu 2Сʱ_mousemovements
137.7691604 517.984253 526.7389626666667 622.202606 986.143799 0 0 0 251.35575849999998 0 749.6173705 777.5019226666667 353.796722 410.278015 30.675247 135.459399 0.15384615384615385 0.0 0.15384615384615385 0.23076923076923078 0.07692307692307693 0.07692307692307693 0.07692307692307693 0.23076923076923078 122.063793375 0 217.67615733333332 0.9302325581395349 0.0 0.06976744186046512 0.38461538461538464 0.15384615384615385 0.23076923076923078 0.15384615384615385 0.07692307692307693 0.0 0.0 0.0 0.4 0.3 0.175 0.05 0.075 chenyu 2Сʱ_mousemovements
87.37169825000001 0 510.339508 0 0 0 0 0 510.339508 25.653099 0 0 49.625 0 224.583694 0 0.2 0.2 0.0 0.0 0.4 0.0 0.2 0.0 47.885825125000004 0 46.8265495 0.8888888888888888 0.0 0.1111111111111111 0.8 0.0 0.2 0.0 0.0 0.0 0.0 0.0 0.5333333333333333 0.06666666666666667 0.13333333333333333 0.13333333333333333 0.13333333333333333 chenyu 2Сʱ_mousemovements
80.542309 0 281.467499 0 0 0 0 0 0 0 0 281.467499 80.542309 0 0 0 0.0 0.0 0.0 0.25 0.75 0.0 0.0 0.0 21.966084272727272 0 281.467499 0.9166666666666666 0.0 0.08333333333333333 0.75 0.0 0.25 0.0 0.0 0.0 0.0 0.0 0.45454545454545453 0.18181818181818182 0.18181818181818182 0.09090909090909091 0.09090909090909091 chenyu 2Сʱ_mousemovements
0 0 0 0 0 0 0 0 0 0 0 0 0 0 0 0 0 0 0 0 0 0 0 0 0 0 0 0 0 0 0 0 0 0 0 0 0 0 0 0 0 0 0 chenyu 2Сʱ_mousemovements
0 0 0 0 0 0 0 0 0 0 0 0 0 0 0 0 0 0 0 0 0 0 0 0 0 0 0 0 0 0 0 0 0 0 0 0 0 0 0 0 0 0 0 chenyu 2Сʱ_mousemovements
0 0 0 0 0 0 0 0 0 0 0 0 0 0 0 0 0 0 0 0 0 0 0 0 0 0 0 0 0 0 0 0 0 0 0 0 0 0 0 0 0 0 0 chenyu 2Сʱ_mousemovements
108.17517145454548 422.094925 226.276794 0 0 0 0 2737.376221 20.966311 204.08961633333334 1419.137661 0 189.189784 202.8074895 169.2037235 25.477707 0.06666666666666667 0.2 0.13333333333333333 0.0 0.26666666666666666 0.13333333333333333 0.13333333333333333 0.06666666666666667 120.50345060975609 7.092198 25.018039 0.9318181818181818 0.022727272727272728 0.045454545454545456 0.7333333333333333 0.13333333333333333 0.06666666666666667 0.0 0.0 0.0 0.0 0.06666666666666667 0.525 0.275 0.125 0.05 0.025 chenyu 2Сʱ_mousemovements
64.475006 0 301.649933 408.391815 0 1400.64856 578.381348 0 0 1400.64856 0 0 321.428177 408.391815 0 301.649933 0.0 0.2 0.0 0.0 0.4 0.2 0.0 0.2 0.0 1400.64856 338.22452549999997 0.8648648648648649 0.02702702702702703 0.10810810810810811 0.2 0.0 0.2 0.2 0.0 0.2 0.2 0.0 0.6857142857142857 0.2 0.05714285714285714 0.0 0.05714285714285714 chenyu 2Сʱ_mousemovements
157.79218318750003 518.0429379999999 0 0 0 0 0 0 377.1106815 228.972364 624.179127 225.346954 0 43.808872 83.21723722222221 371.196075 0.10526315789473684 0.15789473684210525 0.10526315789473684 0.05263157894736842 0.0 0.05263157894736842 0.47368421052631576 0.05263157894736842 67.41104854545455 0 371.196075 0.9821428571428571 0.0 0.017857142857142856 0.8421052631578947 0.15789473684210525 0.0 0.0 0.0 0.0 0.0 0.0 0.6122448979591837 0.22448979591836735 0.14285714285714285 0.02040816326530612 0.0 chenyu 2Сʱ_mousemovements
0 0 0 0 0 0 0 0 0 0 0 0 0 0 0 0 0 0 0 0 0 0 0 0 0 0 0 0 0 0 0 0 0 0 0 0 0 0 0 0 0 0 0 chenyu 2Сʱ_mousemovements
0 0 0 0 0 0 0 0 0 0 0 0 0 0 0 0 0 0 0 0 0 0 0 0 0 0 0 0 0 0 0 0 0 0 0 0 0 0 0 0 0 0 0 chenyu 2Сʱ_mousemovements
0 0 0 0 0 0 0 0 0 0 0 0 0 0 0 0 0 0 0 0 0 0 0 0 0 0 0 0 0 0 0 0 0 0 0 0 0 0 0 0 0 0 0 chenyu 2Сʱ_mousemovements
0 0 0 0 0 0 0 0 0 0 0 0 0 0 0 0 0 0 0 0 0 0 0 0 0 0 0 0 0 0 0 0 0 0 0 0 0 0 0 0 0 0 0 chenyu 2Сʱ_mousemovements
0 0 0 0 0 0 0 0 0 0 0 0 0 0 0 0 0 0 0 0 0 0 0 0 0 0 0 0 0 0 0 0 0 0 0 0 0 0 0 0 0 0 0 chenyu 2Сʱ_mousemovements
266.49529313333335 324.85466033333336 678.426758 0 947.493042 0 0 0 1003.461548 0 0 413.0455782 133.34738775 1228.331421 45.454544 297.164668 0.05 0.0 0.0 0.25 0.4 0.05 0.05 0.2 125.93652376923077 45.454544 3.759398 0.9629629629629629 0.018518518518518517 0.018518518518518517 0.75 0.15 0.05 0.0 0.05 0.0 0.0 0.0 0.5306122448979592 0.16326530612244897 0.1836734693877551 0.061224489795918366 0.061224489795918366 chenyu 2Сʱ_mousemovements
32.258064 0 0 0 0 0 0 0 0 0 0 0 32.258064 0 0 0 0.0 0.0 0.0 0.0 1.0 0.0 0.0 0.0 16.129032 0 0 1.0 0.0 0.0 1.0 0.0 0.0 0.0 0.0 0.0 0.0 0.0 1.0 0.0 0.0 0.0 0.0 chenyu 2Сʱ_mousemovements
0 0 0 0 0 0 2276.329102 0 0 0 0 2276.329102 0 0 0 0 0.0 0.0 0.0 1.0 0.0 0.0 0.0 0.0 1138.164551 0 0 1.0 0.0 0.0 0.0 0.0 0.0 0.0 0.0 0.0 1.0 0.0 0.5 0.5 0.0 0.0 0.0 chenyu 2Сʱ_mousemovements
179.2329875555555 707.0105820000001 450.42926 1188.019165 0 730.233398 742.782684 0 598.5423185 175.29436925 77.560738 446.4871428 256.68941925 0 75.3773575 444.098739 0.08 0.16 0.04 0.2 0.16 0.0 0.08 0.28 112.00627443548392 8.532736 383.25191099999995 0.9117647058823529 0.029411764705882353 0.058823529411764705 0.72 0.08 0.04 0.04 0.0 0.04 0.08 0.0 0.6615384615384615 0.18461538461538463 0.06153846153846154 0.06153846153846154 0.03076923076923077 chenyu 2Сʱ_mousemovements
167.40596849999997 834.416443 516.10144 0 644.51004 0 0 0 471.49777700000004 0 0 321.60574499999996 163.51790060000002 0 0 330.1661985 0.15 0.0 0.0 0.25 0.5 0.0 0.0 0.1 104.37391426 0 99.337746 0.9803921568627451 0.0 0.0196078431372549 0.8 0.05 0.05 0.0 0.1 0.0 0.0 0.0 0.6046511627906976 0.20930232558139536 0.09302325581395349 0.09302325581395349 0.0 chenyu 2Сʱ_mousemovements
192.17797076470592 247.939041 641.070862 643.520874 0 780.225769 1436.651489 0 393.0688685 0 617.3948975000001 981.7501525 208.67524725 175.29304749999997 360.29088025000004 246.6311575 0.08333333333333333 0.0 0.08333333333333333 0.08333333333333333 0.16666666666666666 0.25 0.16666666666666666 0.16666666666666666 104.22430035384616 0 304.7991478 0.9285714285714286 0.0 0.07142857142857142 0.7083333333333334 0.041666666666666664 0.125 0.041666666666666664 0.0 0.041666666666666664 0.041666666666666664 0.0 0.546875 0.140625 0.15625 0.09375 0.0625 chenyu 2Сʱ_mousemovements
125.128803 0 647.499023 0 0 0 1676.793823 981.88031 0 0 0 1009.1344755 0 327.884639 503.760668 0 0.0 0.0 0.0 0.3333333333333333 0.0 0.3333333333333333 0.3333333333333333 0.0 134.57045 0 495.0752825 0.9090909090909091 0.0 0.09090909090909091 0.5 0.0 0.16666666666666666 0.0 0.0 0.0 0.16666666666666666 0.16666666666666666 0.75 0.15 0.05 0.0 0.05 chenyu 2Сʱ_mousemovements
278.1190225 0 0 0 547.6106570000001 0 0 0 0 72.36512 483.872925 0 447.069092 648.152222 0 0 0.0 0.25 0.25 0.0 0.25 0.25 0.0 0.0 59.58027089473685 0 259.717106 0.9047619047619048 0.0 0.09523809523809523 0.5 0.0 0.0 0.0 0.5 0.0 0.0 0.0 0.7777777777777778 0.16666666666666666 0.0 0.05555555555555555 0.0 chenyu 2Сʱ_mousemovements
0 0 0 0 0 0 0 0 0 0 0 0 0 0 0 0 0 0 0 0 0 0 0 0 0 0 0 0 0 0 0 0 0 0 0 0 0 0 0 0 0 0 0 chenyu 2Сʱ_mousemovements
0 0 0 0 0 0 0 0 0 0 0 0 0 0 0 0 0 0 0 0 0 0 0 0 0 0 0 0 0 0 0 0 0 0 0 0 0 0 0 0 0 0 0 chenyu 2Сʱ_mousemovements
0 0 0 0 0 0 0 0 0 0 0 0 0 0 0 0 0 0 0 0 0 0 0 0 0 0 0 0 0 0 0 0 0 0 0 0 0 0 0 0 0 0 0 chenyu 2Сʱ_mousemovements
0 0 0 0 0 0 0 0 0 0 0 0 0 0 0 0 0 0 0 0 0 0 0 0 0 0 0 0 0 0 0 0 0 0 0 0 0 0 0 0 0 0 0 chenyu 2Сʱ_mousemovements
0 0 0 0 0 0 0 0 0 0 0 0 0 0 0 0 0 0 0 0 0 0 0 0 0 0 0 0 0 0 0 0 0 0 0 0 0 0 0 0 0 0 0 chenyu 2Сʱ_mousemovements
0 0 0 0 0 0 0 0 0 0 0 0 0 0 0 0 0 0 0 0 0 0 0 0 0 0 0 0 0 0 0 0 0 0 0 0 0 0 0 0 0 0 0 chenyu 2Сʱ_mousemovements
0 0 0 0 0 0 0 0 0 0 0 0 0 0 0 0 0 0 0 0 0 0 0 0 0 0 0 0 0 0 0 0 0 0 0 0 0 0 0 0 0 0 0 chenyu 2Сʱ_mousemovements
118.50012 331.3649445 0 1449.7817995 649.6395259999999 0 0 0 0 599.0690155 0 234.752258 0 529.118652 1031.096522 43.274273 0.0 0.25 0.0 0.125 0.0 0.125 0.375 0.125 178.80948320833332 0 269.0483943333333 0.8888888888888888 0.0 0.1111111111111111 0.25 0.25 0.0 0.25 0.25 0.0 0.0 0.0 0.48148148148148145 0.25925925925925924 0.18518518518518517 0.037037037037037035 0.037037037037037035 chenyu 2Сʱ_mousemovements
244.05861785714288 534.493835 956.572327 1383.3528745 866.617432 991.4386596666667 1312.18689 0 12.738853 965.1438040000002 420.62637299999994 921.0926360000001 481.23146425 469.170239 550.22641 56.017187250000006 0.03333333333333333 0.1 0.13333333333333333 0.06666666666666667 0.13333333333333333 0.26666666666666666 0.13333333333333333 0.13333333333333333 162.84782767441857 12.738853 129.6177885 0.945054945054945 0.01098901098901099 0.04395604395604396 0.7 0.03333333333333333 0.03333333333333333 0.06666666666666667 0.03333333333333333 0.1 0.03333333333333333 0.0 0.6705882352941176 0.2 0.09411764705882353 0.03529411764705882 0.0 chenyu 2Сʱ_mousemovements
154.82734039130435 343.4217605 594.984478 582.736877 0 0 1795.140503 0 191.69866259999998 961.9749097499999 613.0462190000001 208.67322033333335 446.318079 154.47922039999997 132.905411 267.8285236666666 0.14705882352941177 0.11764705882352941 0.058823529411764705 0.08823529411764706 0.11764705882352941 0.14705882352941177 0.14705882352941177 0.17647058823529413 127.19945627380949 0 267.639113 0.9655172413793104 0.0 0.034482758620689655 0.6764705882352942 0.11764705882352941 0.11764705882352941 0.029411764705882353 0.0 0.0 0.058823529411764705 0.0 0.569620253164557 0.21518987341772153 0.08860759493670886 0.11392405063291139 0.012658227848101266 chenyu 2Сʱ_mousemovements
85.87746765000001 899.6174315000001 0 603.6207479999999 571.046753 981.851135 0 875.236206 427.429966 997.6338195000001 0 285.474945 131.84086833333333 183.41155175 275.45310225000003 138.43455025 0.07142857142857142 0.07142857142857142 0.0 0.03571428571428571 0.10714285714285714 0.2857142857142857 0.2857142857142857 0.14285714285714285 62.6927412173913 0 284.0069088571429 0.9292929292929293 0.0 0.0707070707070707 0.7142857142857143 0.07142857142857142 0.0 0.10714285714285714 0.03571428571428571 0.03571428571428571 0.0 0.03571428571428571 0.6451612903225806 0.20430107526881722 0.053763440860215055 0.043010752688172046 0.053763440860215055 chenyu 2Сʱ_mousemovements
174.84111372727273 166.1670075 377.240906 737.8374019999999 0 0 0 0 0 166.1670075 375.5902405 287.598343 222.317976 1101.735229 0 91.75673220000002 0.0 0.125 0.125 0.125 0.25 0.0625 0.0 0.3125 63.973760574468095 1101.735229 0.0 0.9591836734693877 0.02040816326530612 0.02040816326530612 0.6875 0.125 0.0625 0.125 0.0 0.0 0.0 0.0 0.5897435897435898 0.1794871794871795 0.07692307692307693 0.07692307692307693 0.07692307692307693 chenyu 2Сʱ_mousemovements
136.12958550000002 0 0 0 0 0 0 0 0 0 0 89.99202 182.267151 0 0 0 0.0 0.0 0.0 0.5 0.5 0.0 0.0 0.0 27.225917100000004 0 0 1.0 0.0 0.0 1.0 0.0 0.0 0.0 0.0 0.0 0.0 0.0 0.625 0.25 0.0 0.125 0.0 chenyu 2Сʱ_mousemovements
284.01309200000003 0 522.150452 0 0 921.34375 0 0 0 85.621643 858.6263125 647.585327 482.404541 0 0 0 0.0 0.2 0.4 0.2 0.2 0.0 0.0 0.0 167.48485252941174 0 85.621643 0.9444444444444444 0.0 0.05555555555555555 0.4 0.0 0.2 0.0 0.0 0.4 0.0 0.0 0.6153846153846154 0.07692307692307693 0.23076923076923078 0.0 0.07692307692307693 chenyu 2Сʱ_mousemovements
172.74414644444445 371.2316135 438.21748375000004 754.760498 1362.681763 0 866.282288 0 0 355.95751199999995 135.41455566666664 439.72106540000004 85.106384 285.68277750000004 313.21208700000005 328.028455 0.0 0.2222222222222222 0.1111111111111111 0.18518518518518517 0.037037037037037035 0.07407407407407407 0.2222222222222222 0.14814814814814814 88.4213743414634 24.0 164.23745637500002 0.9010989010989011 0.01098901098901099 0.08791208791208792 0.6666666666666666 0.07407407407407407 0.14814814814814814 0.037037037037037035 0.037037037037037035 0.0 0.037037037037037035 0.0 0.4939759036144578 0.3493975903614458 0.08433734939759036 0.03614457831325301 0.03614457831325301 chenyu 2Сʱ_mousemovements
91.8662494736842 95.93441 205.378876 0 0 1288.156494 1351.44165 0 184.40062 66.411209 0 1288.156494 176.09452299999998 77.37538716666667 88.94628814285714 452.544318 0.04 0.12 0.0 0.04 0.12 0.24 0.28 0.16 61.78095303797469 18.181818 99.125407 0.9634146341463414 0.012195121951219513 0.024390243902439025 0.76 0.04 0.12 0.0 0.0 0.04 0.04 0.0 0.49333333333333335 0.29333333333333333 0.09333333333333334 0.06666666666666667 0.05333333333333334 chenyu 2Сʱ_mousemovements
109.69508525 0 0 587.57254 0 856.649414 0 0 856.649414 188.713943 897.698608 0 91.77462833333334 120.368134 97.71824 277.446472 0.09090909090909091 0.09090909090909091 0.09090909090909091 0.0 0.2727272727272727 0.09090909090909091 0.2727272727272727 0.09090909090909091 63.710931410256414 5.813953 139.60496600000002 0.9069767441860465 0.023255813953488372 0.06976744186046512 0.7272727272727273 0.0 0.0 0.18181818181818182 0.0 0.09090909090909091 0.0 0.0 0.6666666666666666 0.20512820512820512 0.05128205128205128 0.05128205128205128 0.02564102564102564 chenyu 2Сʱ_mousemovements
121.18555325000001 134.868561 597.108826 933.7281644999999 0 0 1843.972412 0 152.40029149999998 0 162.07330775000003 597.108826 994.5668485 867.5697785 3.546099 134.868561 0.15384615384615385 0.0 0.3076923076923077 0.07692307692307693 0.15384615384615385 0.15384615384615385 0.07692307692307693 0.07692307692307693 120.8539095238095 0 168.513177 0.9545454545454546 0.0 0.045454545454545456 0.6153846153846154 0.07692307692307693 0.07692307692307693 0.15384615384615385 0.0 0.0 0.07692307692307693 0.0 0.6585365853658537 0.2682926829268293 0.04878048780487805 0.0 0.024390243902439025 chenyu 2Сʱ_mousemovements
299.97910433333334 0 0 619.539978 0 0 0 0 43.313709 619.539978 58.458443 0 798.165161 0 0 0 0.25 0.25 0.25 0.0 0.25 0.0 0.0 0.0 189.93466137500002 0 0 1.0 0.0 0.0 0.75 0.0 0.0 0.25 0.0 0.0 0.0 0.0 0.8333333333333334 0.0 0.16666666666666666 0.0 0.0 chenyu 2Сʱ_mousemovements
93.10562 254.675934 0 319.632599 0 577.0247345 0 0 577.0247345 100.21671099999999 0 0 319.632599 254.675934 0 78.883438 0.2857142857142857 0.2857142857142857 0.0 0.0 0.14285714285714285 0.14285714285714285 0.0 0.14285714285714285 57.42633677777778 0 114.29094225 0.8709677419354839 0.0 0.12903225806451613 0.42857142857142855 0.14285714285714285 0.0 0.14285714285714285 0.0 0.2857142857142857 0.0 0.0 0.4642857142857143 0.42857142857142855 0.03571428571428571 0.07142857142857142 0.0 chenyu 2Сʱ_mousemovements
0 0 0 0 0 0 0 0 0 0 0 0 0 0 0 0 0 0 0 0 0 0 0 0 0.0 0 0 1.0 0.0 0.0 0 0 0 0 0 0 0 0 1.0 0.0 0.0 0.0 0.0 chenyu 2Сʱ_mousemovements
0 0 0 0 0 0 0 0 0 0 0 0 0 0 0 0 0 0 0 0 0 0 0 0 0 0 0 0 0 0 0 0 0 0 0 0 0 0 0 0 0 0 0 chenyu 2Сʱ_mousemovements
40.132381333333335 0 0 0 0 1732.985962 0 0 22.447834 1732.985962 0 0 0 81.94931 16.0 0 0.25 0.25 0.0 0.0 0.0 0.25 0.25 0.0 125.38812828571429 16.0 81.94931 0.875 0.0625 0.0625 0.75 0.0 0.0 0.0 0.0 0.25 0.0 0.0 0.75 0.25 0.0 0.0 0.0 chenyu 2Сʱ_mousemovements
0 0 0 0 0 0 0 0 0 0 0 0 0 0 0 0 0 0 0 0 0 0 0 0 0 0 0 0 0 0 0 0 0 0 0 0 0 0 0 0 0 0 0 chenyu 2Сʱ_mousemovements
0 0 0 0 0 0 0 0 0 0 0 0 0 0 0 0 0 0 0 0 0 0 0 0 0.0 0 0 1.0 0.0 0.0 0 0 0 0 0 0 0 0 0.0 1.0 0.0 0.0 0.0 chenyu 2Сʱ_mousemovements
0 0 0 0 0 0 0 0 0 0 0 0 0 0 0 0 0 0 0 0 0 0 0 0 0 0 0 0 0 0 0 0 0 0 0 0 0 0 0 0 0 0 0 chenyu 2Сʱ_mousemovements
0 0 0 0 0 0 0 0 0 0 0 0 0 0 0 0 0 0 0 0 0 0 0 0 0 0 0 0 0 0 0 0 0 0 0 0 0 0 0 0 0 0 0 chenyu 2Сʱ_mousemovements
0 0 0 0 0 0 0 0 0 0 0 0 0 0 0 0 0 0 0 0 0 0 0 0 0 0 0 0 0 0 0 0 0 0 0 0 0 0 0 0 0 0 0 chenyu 2Сʱ_mousemovements
0 0 0 0 0 0 0 0 0 0 0 0 0 0 0 0 0 0 0 0 0 0 0 0 0 0 0 0 0 0 0 0 0 0 0 0 0 0 0 0 0 0 0 chenyu 2Сʱ_mousemovements
395.240645 0 0 0 0 0 0 0 39.7351 0 0 395.726563 816.688721 362.0264205 0 0 0.2 0.0 0.0 0.2 0.2 0.4 0.0 0.0 107.5815625 0 39.7351 0.9473684210526315 0.0 0.05263157894736842 1.0 0.0 0.0 0.0 0.0 0.0 0.0 0.0 0.6470588235294118 0.29411764705882354 0.058823529411764705 0.0 0.0 chenyu 2Сʱ_mousemovements
156.1991520625 342.821697 0 1080.9103089999999 839.963379 0 947.65802 689.211304 861.93103 527.4242145 1100.2401734999999 994.725281 89.2574195 223.45970899999998 134.13903000000002 0 0.038461538461538464 0.23076923076923078 0.07692307692307693 0.038461538461538464 0.07692307692307693 0.07692307692307693 0.46153846153846156 0.0 140.32850203076922 9.040263999999999 102.77037933333334 0.9154929577464789 0.04225352112676056 0.04225352112676056 0.6153846153846154 0.15384615384615385 0.0 0.07692307692307693 0.038461538461538464 0.0 0.07692307692307693 0.038461538461538464 0.5147058823529411 0.2647058823529412 0.17647058823529413 0.04411764705882353 0.0 chenyu 2Сʱ_mousemovements
69.90341570000001 890.439575 0 0 748.931213 663.266113 1146.9806515 0 0 83.40612 1340.759399 819.685394 663.266113 91.547234 141.97811690909091 74.71576342857144 0.0 0.04 0.04 0.08 0.04 0.08 0.44 0.28 54.642125925 0 541.0988146666667 0.963855421686747 0.0 0.03614457831325301 0.8 0.04 0.0 0.0 0.04 0.04 0.08 0.0 0.6233766233766234 0.22077922077922077 0.09090909090909091 0.03896103896103896 0.025974025974025976 chenyu 2Сʱ_mousemovements
76.75177881818182 193.809189 430.180298 278.023468 0 725.735168 2629.9525759999997 1399.578308 0 2131.3872225 1475.516479 809.041382 0 198.43226800000002 38.9824955 455.88977525 0.0 0.1 0.05 0.1 0.0 0.35 0.2 0.2 194.41527871698113 0 84.175775 0.9137931034482759 0.0 0.08620689655172414 0.55 0.1 0.05 0.05 0.0 0.05 0.1 0.1 0.38461538461538464 0.3076923076923077 0.17307692307692307 0.07692307692307693 0.057692307692307696 chenyu 2Сʱ_mousemovements
108.83394728571427 0 0 0 0 0 0 0 130.1144525 140.288284 83.11219 0 0 0 0 92.736084 0.2857142857142857 0.14285714285714285 0.14285714285714285 0.0 0.0 0.0 0.0 0.42857142857142855 47.61485193749999 0 0 1.0 0.0 0.0 1.0 0.0 0.0 0.0 0.0 0.0 0.0 0.0 0.625 0.25 0.125 0.0 0.0 chenyu 2Сʱ_mousemovements
126.08643890909092 600.6413345 481.03581225 715.311707 592.0559085 1567.3515625 1234.0206755 1714.253784 240.14065399999996 886.3706975 1271.382165 560.601715 679.89679 81.519245 423.33259628571426 643.004631 0.18518518518518517 0.07407407407407407 0.1111111111111111 0.07407407407407407 0.037037037037037035 0.07407407407407407 0.25925925925925924 0.18518518518518517 158.97356177215187 0 474.23396379999997 0.9404761904761905 0.0 0.05952380952380952 0.4074074074074074 0.14814814814814814 0.14814814814814814 0.037037037037037035 0.07407407407407407 0.07407407407407407 0.07407407407407407 0.037037037037037035 0.5189873417721519 0.22784810126582278 0.11392405063291139 0.10126582278481013 0.0379746835443038 chenyu 2Сʱ_mousemovements
56.588546799999996 241.289337 381.679779 636.4541015 0 0 1349.61499 1003.380737 293.9899445 361.1349945 0 0 412.0928075 78.105629 865.6473845 0 0.36363636363636365 0.18181818181818182 0.0 0.0 0.18181818181818182 0.09090909090909091 0.18181818181818182 0.0 105.45553875675675 0 157.4902115 0.9024390243902439 0.0 0.0975609756097561 0.45454545454545453 0.09090909090909091 0.09090909090909091 0.18181818181818182 0.0 0.0 0.09090909090909091 0.09090909090909091 0.5405405405405406 0.21621621621621623 0.16216216216216217 0.05405405405405406 0.02702702702702703 chenyu 2Сʱ_mousemovements
0 0 0 0 0 0 0 0 0 0 0 0 0 0 0 0 0 0 0 0 0 0 0 0 0 0 0 0 0 0 0 0 0 0 0 0 0 0 0 0 0 0 0 chenyu 2Сʱ_mousemovements
0 0 0 0 0 0 0 0 0 0 0 0 0 0 0 0 0 0 0 0 0 0 0 0 0 0 0 0 0 0 0 0 0 0 0 0 0 0 0 0 0 0 0 chenyu 2Сʱ_mousemovements
0 0 0 0 0 0 0 0 0 0 0 0 0 0 0 0 0 0 0 0 0 0 0 0 0 0 0 0 0 0 0 0 0 0 0 0 0 0 0 0 0 0 0 chenyu 2Сʱ_mousemovements
0 0 0 0 0 0 0 0 0 0 0 0 0 0 0 0 0 0 0 0 0 0 0 0 0 0 0 0 0 0 0 0 0 0 0 0 0 0 0 0 0 0 0 chenyu 2Сʱ_mousemovements
0 0 0 0 0 0 0 0 0 0 0 0 0 0 0 0 0 0 0 0 0 0 0 0 0 0 0 0 0 0 0 0 0 0 0 0 0 0 0 0 0 0 0 chenyu 2Сʱ_mousemovements
0 0 0 0 0 0 0 0 0 0 0 0 0 0 0 0 0 0 0 0 0 0 0 0 0 0 0 0 0 0 0 0 0 0 0 0 0 0 0 0 0 0 0 chenyu 2Сʱ_mousemovements
0 0 0 0 0 0 0 0 0 0 0 0 0 0 0 0 0 0 0 0 0 0 0 0 0 0 0 0 0 0 0 0 0 0 0 0 0 0 0 0 0 0 0 chenyu 2Сʱ_mousemovements
0 0 0 0 0 0 0 0 0 0 0 0 0 0 0 0 0 0 0 0 0 0 0 0 0 0 0 0 0 0 0 0 0 0 0 0 0 0 0 0 0 0 0 chenyu 2Сʱ_mousemovements
0 0 0 0 0 0 0 0 0 0 0 0 0 0 0 0 0 0 0 0 0 0 0 0 0 0 0 0 0 0 0 0 0 0 0 0 0 0 0 0 0 0 0 chenyu 2Сʱ_mousemovements
0 0 0 0 0 0 0 0 0 0 0 0 0 0 0 0 0 0 0 0 0 0 0 0 0 0 0 0 0 0 0 0 0 0 0 0 0 0 0 0 0 0 0 chenyu 2Сʱ_mousemovements
0 0 0 0 0 0 0 0 0 0 0 0 0 0 0 0 0 0 0 0 0 0 0 0 0 0 0 0 0 0 0 0 0 0 0 0 0 0 0 0 0 0 0 chenyu 2Сʱ_mousemovements
0 0 0 0 0 0 0 0 0 0 0 0 0 0 0 0 0 0 0 0 0 0 0 0 0 0 0 0 0 0 0 0 0 0 0 0 0 0 0 0 0 0 0 chenyu 2Сʱ_mousemovements
0 0 0 0 0 0 0 0 0 0 0 0 0 0 0 0 0 0 0 0 0 0 0 0 0 0 0 0 0 0 0 0 0 0 0 0 0 0 0 0 0 0 0 chenyu 2Сʱ_mousemovements
0 0 0 0 0 0 0 0 0 0 0 0 0 0 0 0 0 0 0 0 0 0 0 0 0 0 0 0 0 0 0 0 0 0 0 0 0 0 0 0 0 0 0 chenyu 2Сʱ_mousemovements
0 0 0 0 0 0 0 0 0 0 0 0 0 0 0 0 0 0 0 0 0 0 0 0 0 0 0 0 0 0 0 0 0 0 0 0 0 0 0 0 0 0 0 chenyu 2Сʱ_mousemovements
0 0 0 0 0 0 0 0 0 0 0 0 0 0 0 0 0 0 0 0 0 0 0 0 0 0 0 0 0 0 0 0 0 0 0 0 0 0 0 0 0 0 0 chenyu 2Сʱ_mousemovements
0 0 0 0 0 0 0 0 0 0 0 0 0 0 0 0 0 0 0 0 0 0 0 0 0 0 0 0 0 0 0 0 0 0 0 0 0 0 0 0 0 0 0 chenyu 2Сʱ_mousemovements
0 0 0 0 0 0 0 0 0 0 0 0 0 0 0 0 0 0 0 0 0 0 0 0 0 0 0 0 0 0 0 0 0 0 0 0 0 0 0 0 0 0 0 chenyu 2Сʱ_mousemovements
0 0 0 0 0 0 0 0 0 0 0 0 0 0 0 0 0 0 0 0 0 0 0 0 0 0 0 0 0 0 0 0 0 0 0 0 0 0 0 0 0 0 0 chenyu 2Сʱ_mousemovements
0 0 0 0 0 0 0 0 0 0 0 0 0 0 0 0 0 0 0 0 0 0 0 0 0 0 0 0 0 0 0 0 0 0 0 0 0 0 0 0 0 0 0 chenyu 2Сʱ_mousemovements
0 0 0 0 0 0 0 0 0 0 0 0 0 0 0 0 0 0 0 0 0 0 0 0 0 0 0 0 0 0 0 0 0 0 0 0 0 0 0 0 0 0 0 chenyu 2Сʱ_mousemovements
0 0 0 0 0 0 0 0 0 0 0 0 0 0 0 0 0 0 0 0 0 0 0 0 0 0 0 0 0 0 0 0 0 0 0 0 0 0 0 0 0 0 0 chenyu 2Сʱ_mousemovements
0 0 0 0 0 0 0 0 0 0 0 0 0 0 0 0 0 0 0 0 0 0 0 0 0 0 0 0 0 0 0 0 0 0 0 0 0 0 0 0 0 0 0 chenyu 2Сʱ_mousemovements
0 0 0 0 0 0 0 0 0 0 0 0 0 0 0 0 0 0 0 0 0 0 0 0 0 0 0 0 0 0 0 0 0 0 0 0 0 0 0 0 0 0 0 chenyu 2Сʱ_mousemovements
0 0 0 0 0 0 0 0 0 0 0 0 0 0 0 0 0 0 0 0 0 0 0 0 0 0 0 0 0 0 0 0 0 0 0 0 0 0 0 0 0 0 0 chenyu 2Сʱ_mousemovements
0 0 0 0 0 0 0 0 0 0 0 0 0 0 0 0 0 0 0 0 0 0 0 0 0 0 0 0 0 0 0 0 0 0 0 0 0 0 0 0 0 0 0 chenyu 2Сʱ_mousemovements
0 0 0 0 0 0 0 0 0 0 0 0 0 0 0 0 0 0 0 0 0 0 0 0 0 0 0 0 0 0 0 0 0 0 0 0 0 0 0 0 0 0 0 chenyu 2Сʱ_mousemovements
0 0 0 0 0 0 0 0 0 0 0 0 0 0 0 0 0 0 0 0 0 0 0 0 0 0 0 0 0 0 0 0 0 0 0 0 0 0 0 0 0 0 0 chenyu 2Сʱ_mousemovements
0 0 0 0 0 0 0 0 0 0 0 0 0 0 0 0 0 0 0 0 0 0 0 0 0 0 0 0 0 0 0 0 0 0 0 0 0 0 0 0 0 0 0 chenyu 2Сʱ_mousemovements
0 0 0 0 0 0 0 0 0 0 0 0 0 0 0 0 0 0 0 0 0 0 0 0 0 0 0 0 0 0 0 0 0 0 0 0 0 0 0 0 0 0 0 chenyu 2Сʱ_mousemovements
0 0 0 0 0 0 0 0 0 0 0 0 0 0 0 0 0 0 0 0 0 0 0 0 0 0 0 0 0 0 0 0 0 0 0 0 0 0 0 0 0 0 0 chenyu 2Сʱ_mousemovements
0 0 0 0 0 0 0 0 0 0 0 0 0 0 0 0 0 0 0 0 0 0 0 0 0 0 0 0 0 0 0 0 0 0 0 0 0 0 0 0 0 0 0 chenyu 2Сʱ_mousemovements
0 0 0 0 0 0 0 0 0 0 0 0 0 0 0 0 0 0 0 0 0 0 0 0 0 0 0 0 0 0 0 0 0 0 0 0 0 0 0 0 0 0 0 chenyu 2Сʱ_mousemovements
0 0 0 0 0 0 0 0 0 0 0 0 0 0 0 0 0 0 0 0 0 0 0 0 0 0 0 0 0 0 0 0 0 0 0 0 0 0 0 0 0 0 0 chenyu 2Сʱ_mousemovements
0 0 0 0 0 0 0 0 0 0 0 0 0 0 0 0 0 0 0 0 0 0 0 0 0 0 0 0 0 0 0 0 0 0 0 0 0 0 0 0 0 0 0 chenyu 2Сʱ_mousemovements
0 0 0 0 0 0 0 0 0 0 0 0 0 0 0 0 0 0 0 0 0 0 0 0 0 0 0 0 0 0 0 0 0 0 0 0 0 0 0 0 0 0 0 chenyu 2Сʱ_mousemovements
0 0 0 0 0 0 0 0 0 0 0 0 0 0 0 0 0 0 0 0 0 0 0 0 0 0 0 0 0 0 0 0 0 0 0 0 0 0 0 0 0 0 0 chenyu 2Сʱ_mousemovements
0 0 0 0 0 0 0 0 0 0 0 0 0 0 0 0 0 0 0 0 0 0 0 0 0 0 0 0 0 0 0 0 0 0 0 0 0 0 0 0 0 0 0 chenyu 2Сʱ_mousemovements
0 0 0 0 0 0 0 0 0 0 0 0 0 0 0 0 0 0 0 0 0 0 0 0 0 0 0 0 0 0 0 0 0 0 0 0 0 0 0 0 0 0 0 chenyu 2Сʱ_mousemovements
0 0 0 0 0 0 0 0 0 0 0 0 0 0 0 0 0 0 0 0 0 0 0 0 0 0 0 0 0 0 0 0 0 0 0 0 0 0 0 0 0 0 0 chenyu 2Сʱ_mousemovements
0 0 0 0 0 0 0 0 0 0 0 0 0 0 0 0 0 0 0 0 0 0 0 0 0 0 0 0 0 0 0 0 0 0 0 0 0 0 0 0 0 0 0 chenyu 2Сʱ_mousemovements
0 0 0 0 0 0 0 0 0 0 0 0 0 0 0 0 0 0 0 0 0 0 0 0 0 0 0 0 0 0 0 0 0 0 0 0 0 0 0 0 0 0 0 chenyu 2Сʱ_mousemovements
