332.5149625714286 508.434357 622.1138791999999 567.979095 0 808.404968 294.175507 670.525635 651.7024535 612.1006482 351.03190925 526.8747099999999 324.1473446 373.06848400000007 0 405.38753725000004 0.08 0.2 0.16 0.08 0.2 0.12 0.0 0.16 99.50721753061224 0 204.51003014285712 0.9333333333333333 0.0 0.06666666666666667 0.56 0.04 0.2 0.08 0.0 0.04 0.04 0.04 0.5 0.3541666666666667 0.08333333333333333 0.052083333333333336 0.010416666666666666 renqiuchen 5Сʱ_mousemovements
0 0 0 0 0 0 0 0 0 0 0 0 0 0 0 0 0 0 0 0 0 0 0 0 0 0 0 0 0 0 0 0 0 0 0 0 0 0 0 0 0 0 0 renqiuchen 5Сʱ_mousemovements
0 0 0 0 0 0 0 0 0 0 0 0 0 0 0 0 0 0 0 0 0 0 0 0 0 0 0 0 0 0 0 0 0 0 0 0 0 0 0 0 0 0 0 renqiuchen 5Сʱ_mousemovements
179.7156937777778 250.4628295 452.05641149999997 843.325203 1336.7996825 0 0 0 430.5536001666667 1524.285645 0 422.8582456666666 95.56344933333332 0 419.36635820000004 1309.675781 0.3157894736842105 0.05263157894736842 0.0 0.15789473684210525 0.15789473684210525 0.0 0.2631578947368421 0.05263157894736842 130.88566696491228 0 160.8896886 0.8507462686567164 0.0 0.14925373134328357 0.47368421052631576 0.10526315789473684 0.10526315789473684 0.21052631578947367 0.10526315789473684 0.0 0.0 0.0 0.6825396825396826 0.23809523809523808 0.031746031746031744 0.031746031746031744 0.015873015873015872 renqiuchen 5Сʱ_mousemovements
190.12546749999998 427.99145899999996 646.872879 982.952393 748.9265136666667 764.832642 1490.860565 707.999451 304.272797 385.99669275 666.134178125 558.692322 435.3085376666666 714.668453 363.0412077272727 577.1931701666666 0.025 0.1 0.2 0.075 0.075 0.1 0.275 0.15 128.846502245283 387.47073133333333 416.20698375 0.8617886178861789 0.07317073170731707 0.06504065040650407 0.35 0.2 0.2 0.025 0.075 0.075 0.05 0.025 0.6386554621848739 0.21008403361344538 0.07563025210084033 0.058823529411764705 0.01680672268907563 renqiuchen 5Сʱ_mousemovements
287.88982 0 0 87.669441 851.295105 0 0 0 0 0 0 87.669441 66.666664 509.112976 0 851.295105 0.0 0.0 0.0 0.25 0.25 0.25 0.0 0.25 79.28193027777779 87.669441 0 0.9473684210526315 0.05263157894736842 0.0 0.5 0.0 0.0 0.25 0.25 0.0 0.0 0.0 0.47058823529411764 0.29411764705882354 0.17647058823529413 0.058823529411764705 0.0 renqiuchen 5Сʱ_mousemovements
268.89140028 950.2513429999999 565.6137235 569.67179875 796.7716675 1124.8302 1148.574341 2121.060791 891.7755435 504.6953666363637 391.1169051428571 312.03564524999996 452.0352083333334 366.40544785714286 885.6885543333333 1085.35675425 0.04878048780487805 0.2682926829268293 0.17073170731707318 0.0975609756097561 0.07317073170731707 0.17073170731707318 0.07317073170731707 0.0975609756097561 172.84706548113206 251.542335 359.66869850000006 0.8907563025210085 0.058823529411764705 0.05042016806722689 0.6097560975609756 0.07317073170731707 0.04878048780487805 0.0975609756097561 0.04878048780487805 0.024390243902439025 0.04878048780487805 0.04878048780487805 0.6173913043478261 0.2608695652173913 0.06086956521739131 0.05217391304347826 0.008695652173913044 renqiuchen 5Сʱ_mousemovements
182.69166627272728 204.521393 530.2779946666666 744.0603639999999 696.7697346666667 1230.305725 0 1513.8970335 366.450472 380.2522125 961.7512268 427.4607346000001 315.42467350000004 413.62978899999996 521.4950007499999 805.045837 0.08 0.08 0.2 0.2 0.08 0.16 0.16 0.04 140.2089334225352 1270.836914 398.364722 0.9102564102564102 0.01282051282051282 0.07692307692307693 0.44 0.04 0.12 0.12 0.12 0.08 0.0 0.08 0.618421052631579 0.15789473684210525 0.15789473684210525 0.06578947368421052 0.0 renqiuchen 5Сʱ_mousemovements
156.07668222222222 279.868069 266.0735066666667 1438.8286895 509.854599 0 1046.103638 991.111694 991.111694 689.4183185 165.259781 176.55450050000002 200.0 348.12622766666664 138.9192045 0 0.045454545454545456 0.2727272727272727 0.045454545454545456 0.09090909090909091 0.045454545454545456 0.4090909090909091 0.09090909090909091 0.0 121.32562098113206 311.68914800000005 550.83215925 0.8983050847457628 0.03389830508474576 0.06779661016949153 0.4090909090909091 0.18181818181818182 0.13636363636363635 0.09090909090909091 0.09090909090909091 0.0 0.045454545454545456 0.045454545454545456 0.5636363636363636 0.2 0.10909090909090909 0.03636363636363636 0.09090909090909091 renqiuchen 5Сʱ_mousemovements
228.668138 754.223932 500.305939 620.692879 2024.44165 703.522888 1028.5296935 3330.673584 0 615.66212475 1453.4979676 668.113968 178.776405125 211.943026 755.565692 1459.24292 0.0 0.14814814814814814 0.18518518518518517 0.07407407407407407 0.2962962962962963 0.1111111111111111 0.14814814814814814 0.037037037037037035 224.862064739726 183.8165765 277.1161336666667 0.9358974358974359 0.02564102564102564 0.038461538461538464 0.4444444444444444 0.18518518518518517 0.037037037037037035 0.14814814814814814 0.037037037037037035 0.037037037037037035 0.07407407407407407 0.037037037037037035 0.6142857142857143 0.17142857142857143 0.12857142857142856 0.014285714285714285 0.07142857142857142 renqiuchen 5Сʱ_mousemovements
137.15208333333334 0 0 0 2455.999756 0 758.177917 905.91687 0 1192.5862530000002 0 0 97.80705850000001 0 758.177917 0 0.0 0.5 0.0 0.0 0.3333333333333333 0.0 0.16666666666666666 0.0 95.58186686666667 0 832.0473935 0.9375 0.0 0.0625 0.5 0.0 0.0 0.0 0.16666666666666666 0.0 0.16666666666666666 0.16666666666666666 0.7241379310344828 0.20689655172413793 0.0 0.0 0.06896551724137931 renqiuchen 5Сʱ_mousemovements
165.47213811111112 390.4500885 765.2815064 0 711.2172545000001 1217.0503845 0 0 546.098114 299.455597 426.1527865 1696.270874 841.786926 136.59305066666667 433.17060025 627.8687236666666 0.15 0.15 0.1 0.05 0.05 0.15 0.2 0.15 142.06845489655169 0 244.73169228571427 0.8923076923076924 0.0 0.1076923076923077 0.45 0.1 0.25 0.0 0.1 0.1 0.0 0.0 0.5396825396825397 0.25396825396825395 0.1111111111111111 0.07936507936507936 0.015873015873015872 renqiuchen 5Сʱ_mousemovements
235.30529639130435 429.85399866666666 595.018616 1932.327103 552.4999695 1221.015157 0 160.456711 1732.797241 126.73322919999998 1430.330368 515.5579918333333 207.90826150000004 31.282408 375.1154226666667 760.17005175 0.02857142857142857 0.14285714285714285 0.08571428571428572 0.17142857142857143 0.2857142857142857 0.08571428571428572 0.08571428571428572 0.11428571428571428 152.4310262164948 98.57697900000001 221.359051 0.9326923076923077 0.019230769230769232 0.04807692307692308 0.6571428571428571 0.08571428571428572 0.02857142857142857 0.05714285714285714 0.05714285714285714 0.08571428571428572 0.0 0.02857142857142857 0.6666666666666666 0.17777777777777778 0.06666666666666667 0.044444444444444446 0.044444444444444446 renqiuchen 5Сʱ_mousemovements
163.76085403333337 479.3807722857143 465.771722 749.7957886 761.5500486666666 1285.710571 1405.421631 1243.043182 263.380113 244.99993640000002 418.54963518181813 731.5763671999999 374.913889875 253.7667756 517.2558594545454 618.38086175 0.14035087719298245 0.08771929824561403 0.19298245614035087 0.08771929824561403 0.14035087719298245 0.08771929824561403 0.19298245614035087 0.07017543859649122 122.81466254838708 314.26439785714285 214.56367899999998 0.8857142857142857 0.04 0.07428571428571429 0.5263157894736842 0.12280701754385964 0.12280701754385964 0.08771929824561403 0.05263157894736842 0.03508771929824561 0.017543859649122806 0.03508771929824561 0.5487804878048781 0.2865853658536585 0.10365853658536585 0.042682926829268296 0.018292682926829267 renqiuchen 5Сʱ_mousemovements
128.91270124999997 762.3082125000001 271.97297166666664 816.9501395000001 461.368713 0 0 0 1042.38365175 296.25572320000003 38.817623499999996 263.364797 266.8871736 555.1339475 94.13700475 142.13782233333333 0.14285714285714285 0.17857142857142858 0.07142857142857142 0.10714285714285714 0.17857142857142858 0.07142857142857142 0.14285714285714285 0.10714285714285714 72.37975458415842 154.788177 209.1877018181818 0.8938053097345132 0.008849557522123894 0.09734513274336283 0.5714285714285714 0.07142857142857142 0.10714285714285714 0.21428571428571427 0.03571428571428571 0.0 0.0 0.0 0.638095238095238 0.18095238095238095 0.0761904761904762 0.09523809523809523 0.009523809523809525 renqiuchen 5Сʱ_mousemovements
174.31779336363635 0 342.1829526666666 954.5088499999999 2526.263672 836.061462 1500.252075 1603.9909360000001 1233.0411985 351.68679940000004 1477.265747 256.182453 723.2606795 814.61833925 133.409911 126.984123 0.09523809523809523 0.23809523809523808 0.09523809523809523 0.09523809523809523 0.09523809523809523 0.19047619047619047 0.14285714285714285 0.047619047619047616 171.6002005737705 152.948303 460.6121656 0.9104477611940298 0.014925373134328358 0.07462686567164178 0.5238095238095238 0.0 0.14285714285714285 0.09523809523809523 0.047619047619047616 0.047619047619047616 0.047619047619047616 0.09523809523809523 0.7142857142857143 0.1746031746031746 0.031746031746031744 0.06349206349206349 0.015873015873015872 renqiuchen 5Сʱ_mousemovements
0 0 0 0 0 0 0 0 0 0 0 0 0 0 0 0 0 0 0 0 0 0 0 0 0 0 0 0 0 0 0 0 0 0 0 0 0 0 0 0 0 0 0 renqiuchen 5Сʱ_mousemovements
253.81978784615382 1001.136047 812.871399 142.580322 0 977.839935 0 0 812.871399 405.00717299999997 313.010455 1001.136047 304.364868 112.4069135 380.93430179999996 0 0.05555555555555555 0.2777777777777778 0.16666666666666666 0.05555555555555555 0.05555555555555555 0.1111111111111111 0.2777777777777778 0.0 64.73345880645161 126.340923 234.75784124999998 0.9393939393939394 0.020202020202020204 0.04040404040404041 0.7222222222222222 0.05555555555555555 0.05555555555555555 0.05555555555555555 0.0 0.1111111111111111 0.0 0.0 0.5760869565217391 0.2391304347826087 0.05434782608695652 0.10869565217391304 0.021739130434782608 renqiuchen 5Сʱ_mousemovements
0 0 0 0 0 0 0 0 0 0 0 0 0 0 0 0 0 0 0 0 0 0 0 0 0 0 0 0 0 0 0 0 0 0 0 0 0 0 0 0 0 0 0 renqiuchen 5Сʱ_mousemovements
0 0 0 0 0 0 0 0 0 0 0 0 0 0 0 0 0 0 0 0 0 0 0 0 0 0 0 0 0 0 0 0 0 0 0 0 0 0 0 0 0 0 0 renqiuchen 5Сʱ_mousemovements
138.23045317391305 384.58308120000004 478.17391433333336 473.23877466666664 1106.87466425 507.942017 838.5776773333333 636.121216 556.2129571428571 531.7746641111112 81.612007 287.38192072727276 253.95517612499998 320.2622685 183.992661 383.5758175714286 0.15217391304347827 0.1956521739130435 0.021739130434782608 0.2391304347826087 0.17391304347826086 0.043478260869565216 0.021739130434782608 0.15217391304347827 74.91672334722222 76.28571333333333 322.329992 0.8622754491017964 0.017964071856287425 0.11976047904191617 0.5 0.10869565217391304 0.06521739130434782 0.13043478260869565 0.08695652173913043 0.021739130434782608 0.06521739130434782 0.021739130434782608 0.6540880503144654 0.2138364779874214 0.05660377358490566 0.0440251572327044 0.031446540880503145 renqiuchen 5Сʱ_mousemovements
196.82896662499996 479.5580596666667 792.5780579999999 706.0695800000001 1382.1358236666665 904.3031462499999 936.848022 1155.2563273333333 507.12246725 1222.4542133333334 747.1271303333333 476.63948849999997 555.4776346666666 642.2612915 920.581482 435.69617925 0.1 0.075 0.225 0.2 0.15 0.05 0.1 0.1 155.8475904716981 664.9421345555554 377.12878249999994 0.848 0.072 0.08 0.4 0.075 0.125 0.05 0.15 0.1 0.025 0.075 0.6097560975609756 0.17073170731707318 0.14634146341463414 0.06504065040650407 0.008130081300813009 renqiuchen 5Сʱ_mousemovements
217.8684375 0 445.242157 961.973511 974.133484 0 0 0 961.973511 207.84207925 0 428.49095150000005 64.102562 974.133484 0 0 0.1111111111111111 0.4444444444444444 0.0 0.2222222222222222 0.1111111111111111 0.1111111111111111 0.0 0.0 141.86768373076922 0 0 1.0 0.0 0.0 0.6666666666666666 0.0 0.1111111111111111 0.1111111111111111 0.1111111111111111 0.0 0.0 0.0 0.7142857142857143 0.047619047619047616 0.14285714285714285 0.047619047619047616 0.047619047619047616 renqiuchen 5Сʱ_mousemovements
234.50944699999997 0 0 0 533.367493 0 0 0 0 237.306763 0 0 339.9853515 0 66.666664 487.461151 0.0 0.2 0.0 0.0 0.4 0.0 0.2 0.2 122.61710675 0 0 1.0 0.0 0.0 0.8 0.0 0.0 0.0 0.2 0.0 0.0 0.0 0.6 0.2 0.0 0.1 0.1 renqiuchen 5Сʱ_mousemovements
142.13029554545454 258.039398 0 492.71097575 959.6544061666667 739.7633973333333 1195.406738 958.066162 392.423309 1026.6293182499999 425.1213835 257.20932949999997 234.340126 835.412014 441.50242199999997 408.0463485 0.03333333333333333 0.13333333333333333 0.13333333333333333 0.26666666666666666 0.06666666666666667 0.1 0.2 0.06666666666666667 86.56248501612902 0 304.87508715384615 0.9051094890510949 0.0 0.0948905109489051 0.36666666666666664 0.13333333333333333 0.0 0.13333333333333333 0.2 0.1 0.03333333333333333 0.03333333333333333 0.6692913385826772 0.16535433070866143 0.09448818897637795 0.047244094488188976 0.023622047244094488 renqiuchen 5Сʱ_mousemovements
0 0 0 0 0 0 0 0 0 0 0 0 0 0 0 0 0 0 0 0 0 0 0 0 0 0 0 0 0 0 0 0 0 0 0 0 0 0 0 0 0 0 0 renqiuchen 5Сʱ_mousemovements
127.70516271428572 340.49527 0 0 1107.756958 3475.36084 0 0 162.5715735 0 0 164.17572800000002 598.7502744999999 401.050568 0 1247.2743429999998 0.18181818181818182 0.0 0.0 0.2727272727272727 0.18181818181818182 0.09090909090909091 0.0 0.2727272727272727 189.61627435483868 0 139.969986 0.9393939393939394 0.0 0.06060606060606061 0.6363636363636364 0.18181818181818182 0.0 0.0 0.09090909090909091 0.09090909090909091 0.0 0.0 0.6875 0.15625 0.15625 0.0 0.0 renqiuchen 5Сʱ_mousemovements
0 0 0 0 0 0 0 0 0 0 0 0 0 0 0 0 0 0 0 0 0 0 0 0 0 0 0 0 0 0 0 0 0 0 0 0 0 0 0 0 0 0 0 renqiuchen 5Сʱ_mousemovements
0 0 0 0 0 0 0 0 0 0 0 0 0 0 0 0 0 0 0 0 0 0 0 0 0 0 0 0 0 0 0 0 0 0 0 0 0 0 0 0 0 0 0 renqiuchen 5Сʱ_mousemovements
180.6491885 362.65755850000005 676.522156 782.375793 984.731523111111 596.2538603333334 660.104431 0 238.44485099999997 370.62411000000003 722.3286820000001 531.1898299 253.14526428571426 338.00453175 569.9864805 693.2909283333333 0.13043478260869565 0.15217391304347827 0.043478260869565216 0.21739130434782608 0.15217391304347827 0.08695652173913043 0.08695652173913043 0.13043478260869565 84.48950200666667 9.174312 364.89144738095234 0.872093023255814 0.005813953488372093 0.12209302325581395 0.5217391304347826 0.08695652173913043 0.021739130434782608 0.021739130434782608 0.1956521739130435 0.13043478260869565 0.021739130434782608 0.0 0.6726190476190477 0.22023809523809523 0.05952380952380952 0.02976190476190476 0.017857142857142856 renqiuchen 5Сʱ_mousemovements
181.0753379285714 488.6186828 636.0192666666667 1914.543457 1230.8529665 2022.677979 688.778687 3349.159584 215.737869 1956.5735397999997 306.646631 176.236041 310.6785234285714 961.526516 606.7536165 517.8524676666667 0.034482758620689655 0.1724137931034483 0.1724137931034483 0.06896551724137931 0.2413793103448276 0.13793103448275862 0.06896551724137931 0.10344827586206896 265.28066482432433 172.7705886 59.20300966666667 0.9024390243902439 0.06097560975609756 0.036585365853658534 0.4827586206896552 0.1724137931034483 0.10344827586206896 0.034482758620689655 0.06896551724137931 0.034482758620689655 0.034482758620689655 0.06896551724137931 0.6666666666666666 0.19444444444444445 0.06944444444444445 0.041666666666666664 0.027777777777777776 renqiuchen 5Сʱ_mousemovements
0 0 0 0 0 0 0 0 0 0 0 0 0 0 0 0 0 0 0 0 0 0 0 0 0 0 0 0 0 0 0 0 0 0 0 0 0 0 0 0 0 0 0 renqiuchen 5Сʱ_mousemovements
1325.15564 0 0 853.130676 273.72464 0 0 0 788.745117 0 0 0 273.72464 1325.15564 0 917.516235 0.25 0.0 0.0 0.0 0.25 0.25 0.0 0.25 303.1416992 0 273.72464 0.9090909090909091 0.0 0.09090909090909091 0.25 0.0 0.0 0.5 0.25 0.0 0.0 0.0 0.2222222222222222 0.5555555555555556 0.2222222222222222 0.0 0.0 renqiuchen 5Сʱ_mousemovements
79.24055580000001 282.8516133333333 1746.55258175 1276.49354575 564.8840175 815.0025330000001 0 0 1346.4614255000001 960.9612255 1444.145157 0 374.4897096 232.42264749999998 99.735319 122.669945 0.08 0.32 0.08 0.0 0.2 0.16 0.12 0.04 156.41320088043477 127.95636 197.49471679999996 0.8932038834951457 0.009708737864077669 0.0970873786407767 0.4 0.12 0.16 0.16 0.08 0.08 0.0 0.0 0.711340206185567 0.12371134020618557 0.10309278350515463 0.030927835051546393 0.030927835051546393 renqiuchen 5Сʱ_mousemovements
0 0 0 325.000946 1178.736572 0 0 771.721863 1178.736572 325.000946 0 0 0 771.721863 0 0 0.3333333333333333 0.3333333333333333 0.0 0.0 0.0 0.3333333333333333 0.0 0.0 216.7176038888889 0 325.000946 0.9 0.0 0.1 0.0 0.0 0.0 0.3333333333333333 0.3333333333333333 0.0 0.0 0.3333333333333333 0.42857142857142855 0.42857142857142855 0.0 0.0 0.14285714285714285 renqiuchen 5Сʱ_mousemovements
216.09550977777775 630.8141710000001 761.753105 1042.813942 498.22139000000004 1559.8580325 0 0 567.621704 269.87194900000003 1159.401233 599.7895253333332 143.4169306 0 889.1781137142858 0 0.10344827586206896 0.10344827586206896 0.1724137931034483 0.20689655172413793 0.1724137931034483 0.0 0.2413793103448276 0.0 174.82776046341462 1585.8483885 268.396518 0.9213483146067416 0.02247191011235955 0.056179775280898875 0.3103448275862069 0.13793103448275862 0.27586206896551724 0.13793103448275862 0.06896551724137931 0.06896551724137931 0.0 0.0 0.5783132530120482 0.1566265060240964 0.1686746987951807 0.060240963855421686 0.03614457831325301 renqiuchen 5Сʱ_mousemovements
122.59704896774196 437.31779480000006 493.883142 764.4564088 809.397583 1246.4059692 709.8488465 2288.429443 504.67775220000004 582.5539767777777 383.7429011666666 412.15622433333334 744.3336661428573 196.65785683333334 253.9698283333333 52.8057515 0.18181818181818182 0.16363636363636364 0.10909090909090909 0.05454545454545454 0.12727272727272726 0.21818181818181817 0.10909090909090909 0.03636363636363636 101.58382759677421 128.0 190.75037514285717 0.8942307692307693 0.004807692307692308 0.10096153846153846 0.5636363636363636 0.09090909090909091 0.09090909090909091 0.09090909090909091 0.01818181818181818 0.09090909090909091 0.03636363636363636 0.01818181818181818 0.5879396984924623 0.24120603015075376 0.09547738693467336 0.04020100502512563 0.035175879396984924 renqiuchen 5Сʱ_mousemovements
224.43686580952385 550.6675597999999 284.20072949999997 556.2052132857143 534.538025 1492.5277713333335 0 1950.838623 579.946228 576.6977092857143 409.2657015 326.19871125 293.4323775714285 489.2284598333333 319.03992500000004 670.4399872500001 0.08888888888888889 0.3111111111111111 0.08888888888888889 0.08888888888888889 0.15555555555555556 0.13333333333333333 0.044444444444444446 0.08888888888888889 164.80330450000002 0 207.58346155555557 0.9302325581395349 0.0 0.06976744186046512 0.4666666666666667 0.2222222222222222 0.044444444444444446 0.15555555555555556 0.022222222222222223 0.06666666666666667 0.0 0.022222222222222223 0.5867768595041323 0.19008264462809918 0.1487603305785124 0.05785123966942149 0.01652892561983471 renqiuchen 5Сʱ_mousemovements
168.08738788888888 570.2185502 522.035706 693.616394 262.176666 802.009064 0 0 231.85339925 508.68040966666666 333.917646 83.733925 105.09998780000001 395.19651483333337 748.3344009999998 55.70285 0.13793103448275862 0.10344827586206896 0.10344827586206896 0.10344827586206896 0.1724137931034483 0.20689655172413793 0.13793103448275862 0.034482758620689655 130.27678347887323 181.4533575 39.570679 0.9594594594594594 0.02702702702702703 0.013513513513513514 0.6206896551724138 0.1724137931034483 0.034482758620689655 0.06896551724137931 0.034482758620689655 0.06896551724137931 0.0 0.0 0.5 0.3125 0.125 0.0625 0.0 renqiuchen 5Сʱ_mousemovements
131.2761426923077 306.32303625 409.824164 1109.5139566666667 1229.7359925 0 0 0 255.6761935 537.490051 613.37611025 617.424683 287.1124474 571.353546 215.130710625 587.48252475 0.07407407407407407 0.037037037037037035 0.14814814814814814 0.037037037037037035 0.18518518518518517 0.07407407407407407 0.2962962962962963 0.14814814814814814 111.51114316666666 234.43890399999998 200.2837125 0.8863636363636364 0.022727272727272728 0.09090909090909091 0.48148148148148145 0.14814814814814814 0.18518518518518517 0.1111111111111111 0.07407407407407407 0.0 0.0 0.0 0.6144578313253012 0.2289156626506024 0.08433734939759036 0.03614457831325301 0.03614457831325301 renqiuchen 5Сʱ_mousemovements
175.777599375 252.29851150000002 0 560.124863 1058.860474 711.127441 0 0 0 436.812762 438.6462555 225.915619 0 261.66785699999997 219.239914 72.727272 0.0 0.42857142857142855 0.14285714285714285 0.07142857142857142 0.0 0.21428571428571427 0.07142857142857142 0.07142857142857142 87.54160435135135 112.042885 362.49330325 0.8809523809523809 0.023809523809523808 0.09523809523809523 0.5714285714285714 0.14285714285714285 0.0 0.14285714285714285 0.07142857142857142 0.07142857142857142 0.0 0.0 0.725 0.175 0.025 0.075 0.0 renqiuchen 5Сʱ_mousemovements
158.6321843846154 441.38078587499996 888.113037 516.4203386666667 135.929565 965.9598924999999 523.248962 869.7697755 0 87.381466 559.5811045714286 392.4091001428571 304.5934905 292.5841215 431.27424349999995 722.1368838 0.0 0.08823529411764706 0.20588235294117646 0.20588235294117646 0.058823529411764705 0.058823529411764705 0.23529411764705882 0.14705882352941177 91.1301994224138 99.9905965 339.2480843076923 0.8854961832061069 0.015267175572519083 0.09923664122137404 0.38235294117647056 0.23529411764705882 0.058823529411764705 0.08823529411764706 0.029411764705882353 0.11764705882352941 0.029411764705882353 0.058823529411764705 0.576271186440678 0.2288135593220339 0.11016949152542373 0.06779661016949153 0.01694915254237288 renqiuchen 5Сʱ_mousemovements
112.03656523076924 297.65961825 653.648346 667.467102 0 0 419.785858 0 222.244705 357.36591939999994 565.622631 139.962814 135.4516022 65.003441 79.47811866666667 260.228429 0.047619047619047616 0.23809523809523808 0.09523809523809523 0.047619047619047616 0.23809523809523808 0.047619047619047616 0.14285714285714285 0.14285714285714285 93.23628145454546 14.401138 455.23240649999997 0.9166666666666666 0.041666666666666664 0.041666666666666664 0.6190476190476191 0.19047619047619047 0.09523809523809523 0.047619047619047616 0.0 0.0 0.047619047619047616 0.0 0.5238095238095238 0.21428571428571427 0.11904761904761904 0.14285714285714285 0.0 renqiuchen 5Сʱ_mousemovements
131.582597 0 882.4512024999999 1118.449707 648.999023 759.590454 0 0 0 546.510803 0 678.897275 16.0 0 0 704.2947385 0.0 0.125 0.0 0.5 0.125 0.0 0.0 0.25 214.6630486111111 16.0 403.3772525 0.8571428571428571 0.047619047619047616 0.09523809523809523 0.375 0.0 0.25 0.125 0.125 0.125 0.0 0.0 0.6842105263157895 0.21052631578947367 0.0 0.10526315789473684 0.0 renqiuchen 5Сʱ_mousemovements
0 0 0 0 0 0 0 0 0 0 0 0 0 0 0 0 0 0 0 0 0 0 0 0 0 0 0 0 0 0 0 0 0 0 0 0 0 0 0 0 0 0 0 renqiuchen 5Сʱ_mousemovements
301.6666064 0 2436.5946959999997 424.998352 1338.1218056666667 0 0 0 2289.5777789999997 424.998352 0 1390.697021 116.569054 361.702118 228.055588 601.0375675 0.2727272727272727 0.09090909090909091 0.0 0.09090909090909091 0.09090909090909091 0.09090909090909091 0.18181818181818182 0.18181818181818182 306.7915076060606 0 232.2554806666667 0.9166666666666666 0.0 0.08333333333333333 0.45454545454545453 0.0 0.18181818181818182 0.09090909090909091 0.2727272727272727 0.0 0.0 0.0 0.6176470588235294 0.23529411764705882 0.029411764705882353 0.029411764705882353 0.08823529411764706 renqiuchen 5Сʱ_mousemovements
174.73624545454547 467.0613927857143 1009.081383 714.6811829999999 848.01369475 0 898.12207 2390.11795 523.2005234999999 423.4233035454545 1411.6075055000001 375.284726125 389.4859004 237.81345537500002 255.85705799999997 1036.2625672 0.04081632653061224 0.22448979591836735 0.08163265306122448 0.16326530612244897 0.10204081632653061 0.16326530612244897 0.12244897959183673 0.10204081632653061 140.71508490789475 411.23473349999995 225.66626441666665 0.9156626506024096 0.012048192771084338 0.07228915662650602 0.4489795918367347 0.2857142857142857 0.08163265306122448 0.04081632653061224 0.08163265306122448 0.0 0.02040816326530612 0.04081632653061224 0.5986842105263158 0.24342105263157895 0.09210526315789473 0.05263157894736842 0.013157894736842105 renqiuchen 5Сʱ_mousemovements
142.6771317027027 321.13763871428574 771.4361875 150.90299249999998 557.849731 762.454712 549.646667 1755.462402 282.223358 115.11759174999999 480.88399025000007 211.79737449999996 172.83883507692306 138.0925966 302.44584283333336 280.1316681428571 0.019230769230769232 0.07692307692307693 0.15384615384615385 0.15384615384615385 0.25 0.09615384615384616 0.11538461538461539 0.1346153846153846 68.08700604794522 241.88969428571426 194.73978185714284 0.9125 0.04375 0.04375 0.7115384615384616 0.1346153846153846 0.038461538461538464 0.038461538461538464 0.019230769230769232 0.019230769230769232 0.019230769230769232 0.019230769230769232 0.5298013245033113 0.32450331125827814 0.08609271523178808 0.046357615894039736 0.013245033112582781 renqiuchen 5Сʱ_mousemovements
118.46615013043478 348.1642762142856 891.7865325999999 768.2497966666666 946.9406536666667 605.0806275 1962.843994 865.890564 345.4825753333333 139.24375779999997 562.6631249999999 417.7291546666667 361.703189 310.742229 743.6768969999999 474.62259224999997 0.11320754716981132 0.09433962264150944 0.16981132075471697 0.11320754716981132 0.03773584905660377 0.1509433962264151 0.16981132075471697 0.1509433962264151 123.92874280405407 265.6085928333334 255.4486059 0.8705882352941177 0.07058823529411765 0.058823529411764705 0.41818181818181815 0.2545454545454545 0.09090909090909091 0.05454545454545454 0.10909090909090909 0.03636363636363636 0.01818181818181818 0.01818181818181818 0.6013071895424836 0.2222222222222222 0.10457516339869281 0.058823529411764705 0.013071895424836602 renqiuchen 5Сʱ_mousemovements
130.70868777777775 301.91646119999996 357.7557676666667 434.3884023333333 683.97052025 1383.814331 0 0 379.51712960000003 400.67273159999996 268.96584433333334 333.10779683333334 210.421458 269.73642 255.05345271428573 158.701492 0.14705882352941177 0.14705882352941177 0.17647058823529413 0.17647058823529413 0.08823529411764706 0.029411764705882353 0.20588235294117646 0.029411764705882353 64.44033726666667 388.059692 291.2884093636364 0.8974358974358975 0.008547008547008548 0.09401709401709402 0.5294117647058824 0.14705882352941177 0.08823529411764706 0.08823529411764706 0.11764705882352941 0.029411764705882353 0.0 0.0 0.5420560747663551 0.21495327102803738 0.07476635514018691 0.08411214953271028 0.08411214953271028 renqiuchen 5Сʱ_mousemovements
296.01764983333334 479.3525593333333 635.997314 0 0 1145.903809 0 0 666.18414275 197.4934255 206.5406605 119.83057633333333 319.294113 330.86230779999994 0 1145.903809 0.17391304347826086 0.08695652173913043 0.08695652173913043 0.13043478260869565 0.2608695652173913 0.21739130434782608 0.0 0.043478260869565216 107.52901279220778 70.058601 39.696782400000004 0.927710843373494 0.012048192771084338 0.060240963855421686 0.782608695652174 0.13043478260869565 0.043478260869565216 0.0 0.0 0.043478260869565216 0.0 0.0 0.631578947368421 0.23684210526315788 0.09210526315789473 0.013157894736842105 0.02631578947368421 renqiuchen 5Сʱ_mousemovements
162.07142863157898 464.8581846666666 289.491425 1048.528961 0 0 1341.617676 866.311218 866.311218 471.7436821666666 168.884117 134.643032 271.398691125 222.06100649999996 219.14742324999997 2170.176758 0.03571428571428571 0.21428571428571427 0.07142857142857142 0.07142857142857142 0.2857142857142857 0.14285714285714285 0.14285714285714285 0.03571428571428571 91.3219392840909 69.701279 329.1422398571429 0.9166666666666666 0.010416666666666666 0.07291666666666667 0.6785714285714286 0.10714285714285714 0.03571428571428571 0.07142857142857142 0.0 0.0 0.07142857142857142 0.03571428571428571 0.475 0.3375 0.0875 0.0625 0.0375 renqiuchen 5Сʱ_mousemovements
187.3850162777778 641.5012421666667 686.981262 1030.782369 0 1414.627055 1301.033813 1498.750488 660.449707 763.6980385555556 732.0926766666668 90.149467 141.4232205 788.7005419999999 305.066299375 384.626221 0.029411764705882353 0.2647058823529412 0.08823529411764706 0.029411764705882353 0.11764705882352941 0.20588235294117646 0.23529411764705882 0.029411764705882353 165.13767746534654 90.149467 196.2857952 0.9017857142857143 0.008928571428571428 0.08928571428571429 0.5294117647058824 0.17647058823529413 0.058823529411764705 0.08823529411764706 0.0 0.08823529411764706 0.029411764705882353 0.029411764705882353 0.6122448979591837 0.23469387755102042 0.09183673469387756 0.05102040816326531 0.01020408163265306 renqiuchen 5Сʱ_mousemovements
278.023956 0 0 590.001953 1264.113892 0 0 0 1264.113892 434.0129545 0 0 0 0 0 0 0.3333333333333333 0.6666666666666666 0.0 0.0 0.0 0.0 0.0 0.0 13.239236 0 927.0579225 0.9130434782608695 0.0 0.08695652173913043 0.3333333333333333 0.0 0.0 0.3333333333333333 0.3333333333333333 0.0 0.0 0.0 0.8571428571428571 0.09523809523809523 0.0 0.047619047619047616 0.0 renqiuchen 5Сʱ_mousemovements
0 351.195648 0 0 0 870.607483 0 0 0 0 351.195648 870.607483 0 0 0 0 0.0 0.0 0.5 0.5 0.0 0.0 0.0 0.0 58.532608 0 870.607483 0.8571428571428571 0.0 0.14285714285714285 0.0 0.5 0.0 0.0 0.0 0.5 0.0 0.0 0.5 0.3333333333333333 0.0 0.16666666666666666 0.0 renqiuchen 5Сʱ_mousemovements
114.30145233333333 525.7864126666667 0 0 0 921.48999 0 0 633.188232 151.13838550000003 0 97.10364150000001 0 921.48999 0 790.591309 0.14285714285714285 0.2857142857142857 0.0 0.2857142857142857 0.0 0.14285714285714285 0.0 0.14285714285714285 124.5256671875 31.2874905 393.3839645 0.8 0.1 0.1 0.42857142857142855 0.42857142857142855 0.0 0.0 0.0 0.14285714285714285 0.0 0.0 0.5 0.3333333333333333 0.0 0.1111111111111111 0.05555555555555555 renqiuchen 5Сʱ_mousemovements
0 0 0 0 0 0 0 0 0 0 0 0 0 0 0 0 0 0 0 0 0 0 0 0 0 0 0 0 0 0 0 0 0 0 0 0 0 0 0 0 0 0 0 renqiuchen 5Сʱ_mousemovements
0 0 0 3683.453369 0 0 0 0 3683.453369 0 0 0 0 0 0 0 1.0 0.0 0.0 0.0 0.0 0.0 0.0 0.0 1841.7266845 0 0 1.0 0.0 0.0 0.0 0.0 0.0 1.0 0.0 0.0 0.0 0.0 1.0 0.0 0.0 0.0 0.0 renqiuchen 5Сʱ_mousemovements
282.79054890000003 216.04373166666664 1376.7578125 1451.4798584999999 2283.6195557 2255.680280285714 2286.344591 2586.5388318888886 304.1914855 802.7541592499999 2269.5341984615384 1906.460379 593.9502442 1287.323687 1994.5300042727272 2013.92442325 0.03571428571428571 0.07142857142857142 0.23214285714285715 0.17857142857142858 0.08928571428571429 0.05357142857142857 0.19642857142857142 0.14285714285714285 781.165906569231 2200.5257585238105 142.0354185 0.7386363636363636 0.23863636363636365 0.022727272727272728 0.17857142857142858 0.05357142857142857 0.07142857142857142 0.07142857142857142 0.17857142857142858 0.125 0.16071428571428573 0.16071428571428573 0.4418604651162791 0.5 0.05813953488372093 0.0 0.0 renqiuchen 5Сʱ_mousemovements
207.5908898 677.2089033333333 218.332016 436.498474 694.1824035 1025.698578 532.6352695 0 424.07875066666674 268.2966644 931.458954 640.5807649999999 236.7854845 593.7482226666667 313.69598775 0 0.14285714285714285 0.23809523809523808 0.09523809523809523 0.09523809523809523 0.09523809523809523 0.14285714285714285 0.19047619047619047 0.0 110.6319167164179 0 371.01203599999997 0.9305555555555556 0.0 0.06944444444444445 0.47619047619047616 0.14285714285714285 0.047619047619047616 0.047619047619047616 0.09523809523809523 0.09523809523809523 0.09523809523809523 0.0 0.6818181818181818 0.18181818181818182 0.06060606060606061 0.06060606060606061 0.015151515151515152 renqiuchen 5Сʱ_mousemovements
