196.1275060588235 0 1047.981323 0 974.4483335 0 0 0 125.60393766666668 62.5 1319.901489 440.07389228571435 118.26638733333333 0 390.8583605 0 0.15 0.05 0.05 0.35 0.3 0.0 0.1 0.0 109.52526164150946 0 526.206726 0.9814814814814815 0.0 0.018518518518518517 0.85 0.0 0.05 0.0 0.1 0.0 0.0 0.0 0.5909090909090909 0.29545454545454547 0.06818181818181818 0.0 0.045454545454545456 renqiuchen 6Сʱ_mousemovements
0 0 0 0 0 0 0 0 0 0 0 0 0 0 0 0 0 0 0 0 0 0 0 0 0 0 0 0 0 0 0 0 0 0 0 0 0 0 0 0 0 0 0 renqiuchen 6Сʱ_mousemovements
281.03997585185186 975.82017525 769.8260771999999 643.9182586666667 1084.244263 1471.110962 0 0 399.2424823333333 466.5993243333333 730.4751565714286 297.40083566666664 290.3762398 423.78141800000003 760.6769200000001 555.5268143999999 0.07317073170731707 0.07317073170731707 0.17073170731707318 0.14634146341463414 0.24390243902439024 0.04878048780487805 0.12195121951219512 0.12195121951219512 190.65058333333332 127.080312 0 0.9714285714285714 0.02857142857142857 0.0 0.6585365853658537 0.0975609756097561 0.12195121951219512 0.07317073170731707 0.024390243902439025 0.024390243902439025 0.0 0.0 0.4639175257731959 0.3711340206185567 0.10309278350515463 0.030927835051546393 0.030927835051546393 renqiuchen 6Сʱ_mousemovements
263.6383788823529 352.9947815 337.676308 291.043091 544.557434 0 5265.265137 241.717041 433.6637336666667 5265.265137 544.557434 336.6605305 256.5749495 205.83888075 0.0 189.46151725 0.24 0.04 0.04 0.08 0.24 0.16 0.04 0.16 165.9893575652174 195.573189 180.6826365 0.9452054794520548 0.0273972602739726 0.0273972602739726 0.68 0.08 0.08 0.04 0.04 0.0 0.04 0.04 0.44776119402985076 0.417910447761194 0.08955223880597014 0.014925373134328358 0.029850746268656716 renqiuchen 6Сʱ_mousemovements
0 0 0 0 0 0 0 0 0 0 0 0 0 0 0 0 0 0 0 0 0 0 0 0 0 0 0 0 0 0 0 0 0 0 0 0 0 0 0 0 0 0 0 renqiuchen 6Сʱ_mousemovements
330.9093064 0 0 1032.169189 0 0 1932.384644 0 1032.169189 0 346.05127 0 712.9804897500001 0 388.957947 0 0.14285714285714285 0.0 0.14285714285714285 0.0 0.5714285714285714 0.0 0.14285714285714285 0.0 271.7117861764705 0 0 1.0 0.0 0.0 0.7142857142857143 0.0 0.0 0.14285714285714285 0.0 0.0 0.14285714285714285 0.0 0.5384615384615384 0.46153846153846156 0.0 0.0 0.0 renqiuchen 6Сʱ_mousemovements
185.75565256521742 338.065562 506.30270900000005 587.3038329999999 710.708913 0 889.546295 2184.410156 625.952942 598.7507994 173.68685525 395.1514665 287.12842566666666 251.4141083333334 287.34219625000003 2184.410156 0.02702702702702703 0.13513513513513514 0.10810810810810811 0.10810810810810811 0.24324324324324326 0.24324324324324326 0.10810810810810811 0.02702702702702703 121.05333526804122 236.41754666666668 232.04225885714283 0.9065420560747663 0.028037383177570093 0.06542056074766354 0.6216216216216216 0.08108108108108109 0.08108108108108109 0.05405405405405406 0.08108108108108109 0.0 0.05405405405405406 0.02702702702702703 0.5930232558139535 0.2441860465116279 0.09302325581395349 0.046511627906976744 0.023255813953488372 renqiuchen 6Сʱ_mousemovements
149.01256571428573 443.35919175 689.277588 792.9048310000001 1521.5048215000002 712.169922 2261.734131 1550.473022 653.2468993333333 68.235764 133.65779366666666 516.5527441999999 299.889974 689.277588 217.1644535 974.5072555000002 0.2 0.03333333333333333 0.1 0.3333333333333333 0.1 0.03333333333333333 0.06666666666666667 0.13333333333333333 144.54840404494382 659.825658 90.17692685714285 0.898989898989899 0.030303030303030304 0.0707070707070707 0.4666666666666667 0.26666666666666666 0.03333333333333333 0.06666666666666667 0.06666666666666667 0.03333333333333333 0.03333333333333333 0.03333333333333333 0.5222222222222223 0.3 0.06666666666666667 0.07777777777777778 0.03333333333333333 renqiuchen 6Сʱ_mousemovements
218.197712 616.6851096666666 257.331909 0 664.124634 737.9789734999999 0 0 326.378723 1134.535767 436.82013966666665 188.344449 244.24795220000001 248.806618 716.946106 0 0.05263157894736842 0.05263157894736842 0.15789473684210525 0.2631578947368421 0.2631578947368421 0.10526315789473684 0.10526315789473684 0.0 128.31130619565215 481.761139 0 0.9583333333333334 0.041666666666666664 0.0 0.631578947368421 0.15789473684210525 0.05263157894736842 0.0 0.05263157894736842 0.10526315789473684 0.0 0.0 0.5581395348837209 0.16279069767441862 0.13953488372093023 0.06976744186046512 0.06976744186046512 renqiuchen 6Сʱ_mousemovements
195.3084551052632 362.435562 817.6988601666666 1178.79380775 877.3186339999999 1330.656616 0 1755.28064 367.34644971428577 590.3848876666667 1008.0209120000001 718.8377075 122.87054 498.8196335 619.8270873333333 29.739885 0.175 0.075 0.175 0.15 0.15 0.1 0.15 0.025 172.77175848076922 751.2385733333334 281.56828871428576 0.9122807017543859 0.02631578947368421 0.06140350877192982 0.475 0.125 0.15 0.1 0.075 0.05 0.0 0.025 0.5339805825242718 0.2524271844660194 0.08737864077669903 0.07766990291262135 0.04854368932038835 renqiuchen 6Сʱ_mousemovements
152.78054872727273 888.26176075 898.7219297999998 727.5142213333334 1768.36015325 697.4724936666667 0 1970.3993326666666 516.2563904000001 718.1846698571429 918.7312723333333 150.65346781250003 299.651656 921.048752 965.8502548 417.47472400000004 0.09090909090909091 0.12727272727272726 0.21818181818181817 0.2909090909090909 0.10909090909090909 0.03636363636363636 0.09090909090909091 0.03636363636363636 173.67935197530872 382.4396285 241.1798798333334 0.9529411764705882 0.011764705882352941 0.03529411764705882 0.6 0.07272727272727272 0.09090909090909091 0.05454545454545454 0.07272727272727272 0.05454545454545454 0.0 0.05454545454545454 0.55 0.2625 0.1375 0.025 0.025 renqiuchen 6Сʱ_mousemovements
217.05143154838714 783.6181336666667 602.6205672499999 664.999347 840.632202 0 1293.569336 1302.3269655 548.7945347142856 894.1120453333334 613.9063414999999 391.00754981818176 536.9454804000001 159.87531859999999 282.67410359999997 279.28989975 0.14 0.12 0.04 0.22 0.2 0.1 0.1 0.08 149.5454048540146 0 294.67707950000005 0.9319727891156463 0.0 0.06802721088435375 0.62 0.06 0.08 0.1 0.02 0.0 0.08 0.04 0.5109489051094891 0.32116788321167883 0.058394160583941604 0.043795620437956206 0.06569343065693431 renqiuchen 6Сʱ_mousemovements
0 0 0 0 0 0 0 0 0 0 0 0 0 0 0 0 0 0 0 0 0 0 0 0 0 0 0 0 0 0 0 0 0 0 0 0 0 0 0 0 0 0 0 renqiuchen 6Сʱ_mousemovements
221.56526845833332 586.6906026666667 0 678.5387676666666 470.125946 1099.361389 0 1994.053589 691.2403848 284.08883275 754.7005513333334 499.5789286666666 218.40087922222222 581.7964063999999 405.2299845 164.91287466666668 0.1388888888888889 0.1111111111111111 0.08333333333333333 0.08333333333333333 0.25 0.1388888888888889 0.1111111111111111 0.08333333333333333 136.7977381869159 216.1638795 45.99307616666666 0.9304347826086956 0.017391304347826087 0.05217391304347826 0.6666666666666666 0.08333333333333333 0.0 0.08333333333333333 0.05555555555555555 0.08333333333333333 0.0 0.027777777777777776 0.5596330275229358 0.27522935779816515 0.11009174311926606 0.045871559633027525 0.009174311926605505 renqiuchen 6Сʱ_mousemovements
125.8080197777778 556.0763790714286 516.233661625 919.0201154285714 1143.1982334285715 1483.1898270000002 0 895.219818 668.9459217692308 719.2429122727273 472.2342965714285 377.6976807 126.44503999999999 731.5496624285714 335.233324 1022.6680883333333 0.18840579710144928 0.15942028985507245 0.10144927536231885 0.14492753623188406 0.17391304347826086 0.10144927536231885 0.043478260869565216 0.08695652173913043 145.90572038139535 321.97792066666665 244.51518457142853 0.899581589958159 0.012552301255230125 0.08786610878661087 0.391304347826087 0.2028985507246377 0.11594202898550725 0.10144927536231885 0.10144927536231885 0.057971014492753624 0.0 0.028985507246376812 0.6343612334801763 0.20704845814977973 0.07488986784140969 0.05286343612334802 0.030837004405286344 renqiuchen 6Сʱ_mousemovements
277.07148 685.0015565 1033.4597165 0 0 0 0 0 0 0 607.444387 725.363403 101.812912 1341.55603 0 0 0.0 0.0 0.5 0.16666666666666666 0.16666666666666666 0.16666666666666666 0.0 0.0 249.44159412499997 0 0 1.0 0.0 0.0 0.3333333333333333 0.3333333333333333 0.3333333333333333 0.0 0.0 0.0 0.0 0.0 0.5384615384615384 0.46153846153846156 0.0 0.0 0.0 renqiuchen 6Сʱ_mousemovements
266.2161597272728 174.72423550000002 402.495972 1931.8845215000001 0 0 797.493835 0 233.086212 0 369.4192656 0 261.1997903333333 300.279205 1422.0883383333332 127.659576 0.058823529411764705 0.0 0.29411764705882354 0.0 0.35294117647058826 0.058823529411764705 0.17647058823529413 0.058823529411764705 148.16760702000002 0 466.6023635 0.9615384615384616 0.0 0.038461538461538464 0.6470588235294118 0.11764705882352941 0.058823529411764705 0.11764705882352941 0.0 0.0 0.058823529411764705 0.0 0.625 0.20833333333333334 0.041666666666666664 0.08333333333333333 0.041666666666666664 renqiuchen 6Сʱ_mousemovements
92.514717 428.540085 0 0 0 0 0 0 0 0 0 0 346.000126 0 0 257.594635 0.0 0.0 0.0 0.0 0.6666666666666666 0.0 0.0 0.3333333333333333 158.2658145 0 0 1.0 0.0 0.0 0.3333333333333333 0.6666666666666666 0.0 0.0 0.0 0.0 0.0 0.0 0.6666666666666666 0.0 0.3333333333333333 0.0 0.0 renqiuchen 6Сʱ_mousemovements
349.0762392631579 187.252991 505.75775150000004 2025.764404 1085.708496 0 0 0 0 1176.390991 982.3096923333333 210.05996022222223 200.0 352.15081000000004 689.5229795 458.66636819999997 0.0 0.041666666666666664 0.125 0.375 0.041666666666666664 0.125 0.08333333333333333 0.20833333333333334 164.10059701515146 0 56.025268499999996 0.9705882352941176 0.0 0.029411764705882353 0.7916666666666666 0.041666666666666664 0.08333333333333333 0.041666666666666664 0.041666666666666664 0.0 0.0 0.0 0.711864406779661 0.13559322033898305 0.06779661016949153 0.03389830508474576 0.05084745762711865 renqiuchen 6Сʱ_mousemovements
141.33064746153846 265.284968 533.5079955 0 760.505356 1292.5934446666668 0 0 892.7735595 240.78939524999998 381.0275365 380.2938563333334 304.5318694 189.12399299999998 383.95460899999995 338.00836400000003 0.16 0.16 0.08 0.12 0.2 0.08 0.12 0.08 109.92032958536586 83.525411 300.64436333333333 0.9318181818181818 0.03409090909090909 0.03409090909090909 0.52 0.12 0.16 0.0 0.08 0.12 0.0 0.0 0.5256410256410257 0.2564102564102564 0.08974358974358974 0.0641025641025641 0.0641025641025641 renqiuchen 6Сʱ_mousemovements
215.9526479130435 721.5427137999999 745.7177733333334 879.5966645000002 1394.3529055 1522.711319 1228.8518065 1140.3684385000001 411.732574 792.4618544 641.6880226666667 641.726901375 250.90310874999997 184.6243535 723.9796601666667 1028.8626574444443 0.02127659574468085 0.10638297872340426 0.1276595744680851 0.1702127659574468 0.1702127659574468 0.0851063829787234 0.1276595744680851 0.19148936170212766 206.70281705454545 926.9965364999999 466.007619 0.9090909090909091 0.03305785123966942 0.05785123966942149 0.48936170212765956 0.10638297872340426 0.06382978723404255 0.1276595744680851 0.0425531914893617 0.0851063829787234 0.0425531914893617 0.0425531914893617 0.49107142857142855 0.33035714285714285 0.10714285714285714 0.044642857142857144 0.026785714285714284 renqiuchen 6Сʱ_mousemovements
211.33742773076918 976.629603 729.5832248 1051.803436 655.6567075 0 661.8960420000001 0 81.186672 406.6116306363636 748.4394791428571 333.5928696 75.537516 339.58454066666667 98.08941466666666 903.5868019999999 0.05 0.275 0.175 0.125 0.075 0.15 0.075 0.075 152.0082692596154 254.5574343333333 79.58603966666666 0.9454545454545454 0.02727272727272727 0.02727272727272727 0.65 0.075 0.125 0.05 0.05 0.0 0.05 0.0 0.5816326530612245 0.24489795918367346 0.10204081632653061 0.061224489795918366 0.01020408163265306 renqiuchen 6Сʱ_mousemovements
367.814913125 261.44480400000003 254.2647935 0 0 0 0 0 244.71065266666665 0 254.2647935 129.529678 329.787231 0 19.200001 502.8409697999999 0.23076923076923078 0.0 0.15384615384615385 0.07692307692307693 0.07692307692307693 0.0 0.07692307692307693 0.38461538461538464 71.76150797916667 148.164871 107.11100833333334 0.8727272727272727 0.01818181818181818 0.10909090909090909 0.6153846153846154 0.23076923076923078 0.15384615384615385 0.0 0.0 0.0 0.0 0.0 0.5925925925925926 0.24074074074074073 0.07407407407407407 0.07407407407407407 0.018518518518518517 renqiuchen 6Сʱ_mousemovements
117.346343625 274.6021765 285.0791435 0 0 0 919.039673 1169.990601 1321.499268 137.567558 282.09451920000004 498.48362740000005 111.8826525 115.78019 108.96993257142857 256.63570400000003 0.034482758620689655 0.13793103448275862 0.1724137931034483 0.1724137931034483 0.06896551724137931 0.034482758620689655 0.2413793103448276 0.13793103448275862 73.84269023255814 116.148975 146.7520846666667 0.8865979381443299 0.020618556701030927 0.09278350515463918 0.5517241379310345 0.27586206896551724 0.06896551724137931 0.0 0.0 0.0 0.034482758620689655 0.06896551724137931 0.5604395604395604 0.25274725274725274 0.07692307692307693 0.08791208791208792 0.02197802197802198 renqiuchen 6Сʱ_mousemovements
154.2956887368421 456.78916177777774 588.2039227142857 941.4087294999999 980.2645722499999 0 0 0 155.084991 449.90778083333333 491.74966887500005 315.39782890909095 111.750923 216.6044235 473.9619426666666 916.6419715 0.023255813953488372 0.13953488372093023 0.18604651162790697 0.2558139534883721 0.046511627906976744 0.046511627906976744 0.20930232558139536 0.09302325581395349 132.7361591209677 101.52140833333334 208.29932519999997 0.9051094890510949 0.021897810218978103 0.072992700729927 0.4418604651162791 0.20930232558139536 0.16279069767441862 0.09302325581395349 0.09302325581395349 0.0 0.0 0.0 0.6 0.264 0.072 0.04 0.024 renqiuchen 6Сʱ_mousemovements
194.89446692857138 473.3990935 376.0512235 648.8301696666666 3162.230225 1446.0051270000001 0 0 0 1298.3864796666667 338.14612120000004 207.78225566666666 183.632499 312.509811 392.93504833333327 274.2844165 0.0 0.23076923076923078 0.19230769230769232 0.11538461538461539 0.19230769230769232 0.07692307692307693 0.11538461538461539 0.07692307692307693 139.96037600000002 0 351.1490025714285 0.9176470588235294 0.0 0.08235294117647059 0.5384615384615384 0.15384615384615385 0.07692307692307693 0.11538461538461539 0.038461538461538464 0.07692307692307693 0.0 0.0 0.6578947368421053 0.21052631578947367 0.05263157894736842 0.05263157894736842 0.02631578947368421 renqiuchen 6Сʱ_mousemovements
212.0678833333333 0 1715.0573933333333 1937.1199746666668 0 834.289734 0 0 0 1172.6817325 1589.1730040000002 10.029883 320.389404 1697.2753599999999 0 0 0.0 0.2 0.4 0.1 0.1 0.2 0.0 0.0 526.4866304999999 10.029883 834.289734 0.9166666666666666 0.041666666666666664 0.041666666666666664 0.3 0.0 0.3 0.3 0.0 0.1 0.0 0.0 0.7619047619047619 0.14285714285714285 0.047619047619047616 0.047619047619047616 0.0 renqiuchen 6Сʱ_mousemovements
284.1071063333333 0 0 0 0 0 0 0 198.355011 0 0 0 0 367.056854 286.909454 0 0.3333333333333333 0.0 0.0 0.0 0.0 0.3333333333333333 0.3333333333333333 0.0 94.70236877777778 0 0 1.0 0.0 0.0 1.0 0.0 0.0 0.0 0.0 0.0 0.0 0.0 0.2857142857142857 0.7142857142857143 0.0 0.0 0.0 renqiuchen 6Сʱ_mousemovements
120.18008190909092 758.589762857143 311.920822 1030.375244 534.958313 933.130478 1214.9004313333335 1092.884521 1049.6658526666668 145.79601333333332 0 793.1413773333333 118.93093742857143 1339.2513275000001 195.073547 331.46015166666666 0.10714285714285714 0.10714285714285714 0.0 0.32142857142857145 0.25 0.07142857142857142 0.03571428571428571 0.10714285714285714 130.96614635714286 352.916656 407.1058263 0.8842105263157894 0.010526315789473684 0.10526315789473684 0.39285714285714285 0.25 0.07142857142857142 0.03571428571428571 0.03571428571428571 0.07142857142857142 0.10714285714285714 0.03571428571428571 0.5853658536585366 0.1951219512195122 0.0975609756097561 0.0975609756097561 0.024390243902439025 renqiuchen 6Сʱ_mousemovements
190.66924239285714 477.38518925 456.966431 995.7688599999999 0 1010.9101156666666 0 2509.294434 483.84872933333327 437.85328200000004 945.2090958000001 236.96002280000002 245.46081062500002 353.764908 514.94190225 203.54143766666667 0.07692307692307693 0.07692307692307693 0.1282051282051282 0.1282051282051282 0.20512820512820512 0.05128205128205128 0.10256410256410256 0.23076923076923078 153.51440096907217 181.748001 55.38786033333334 0.9603960396039604 0.009900990099009901 0.0297029702970297 0.717948717948718 0.10256410256410256 0.02564102564102564 0.05128205128205128 0.0 0.07692307692307693 0.0 0.02564102564102564 0.5 0.28125 0.16666666666666666 0.0 0.052083333333333336 renqiuchen 6Сʱ_mousemovements
369.0653 364.89989233333336 0 551.165161 695.944397 0 0 0 421.28111800000005 54.6603315 463.785965 487.78471633333334 125.0 0 534.35935975 375.0 0.1875 0.125 0.125 0.1875 0.0625 0.0 0.25 0.0625 177.82020930555555 0 0 1.0 0.0 0.0 0.6875 0.1875 0.0 0.0625 0.0625 0.0 0.0 0.0 0.5161290322580645 0.2903225806451613 0.03225806451612903 0.16129032258064516 0.0 renqiuchen 6Сʱ_mousemovements
143.7735064 473.4042995 623.6987305 1054.2827146666666 330.820129 1005.3035585 0 0 568.59008025 479.62416533333334 635.30654925 766.9455873333333 32.258064 111.322017 373.578796 184.540512 0.16666666666666666 0.25 0.16666666666666666 0.125 0.041666666666666664 0.16666666666666666 0.041666666666666664 0.041666666666666664 157.529778078125 330.820129 154.2769465 0.927536231884058 0.014492753623188406 0.057971014492753624 0.4166666666666667 0.25 0.08333333333333333 0.125 0.041666666666666664 0.08333333333333333 0.0 0.0 0.578125 0.265625 0.109375 0.046875 0.0 renqiuchen 6Сʱ_mousemovements
222.5147098 333.48097674999997 0 0 1026.5918173333334 721.41654975 971.8046266666666 1160.847168 366.9431915 1011.404236 694.686096 521.576398875 125.979739 395.8154525 45.426902 1248.46887225 0.16 0.04 0.04 0.32 0.12 0.08 0.08 0.16 116.69888433333334 476.782959 546.4468025 0.8928571428571429 0.011904761904761904 0.09523809523809523 0.4 0.16 0.0 0.0 0.12 0.16 0.12 0.04 0.4864864864864865 0.3108108108108108 0.06756756756756757 0.0945945945945946 0.04054054054054054 renqiuchen 6Сʱ_mousemovements
434.5740798888889 394.36752300000006 860.65057375 1635.633545 209.017014 0 0 1773.364502 448.96789 1093.5332854 697.8801575 711.2571333333334 111.740203 421.111511 58.510639 526.5409545 0.2 0.25 0.1 0.15 0.1 0.05 0.05 0.1 203.73556833333333 774.58429 193.23729675 0.9152542372881356 0.01694915254237288 0.06779661016949153 0.45 0.2 0.2 0.05 0.05 0.0 0.0 0.05 0.5087719298245614 0.2807017543859649 0.17543859649122806 0.03508771929824561 0.0 renqiuchen 6Сʱ_mousemovements
193.2758658571429 646.9300842 339.940155 399.9787445 0 3899.132324 1411.024048 0 685.3754275 255.17391433333333 1751.2086790000003 234.450211 218.51651 297.2910156666666 1411.024048 0 0.11764705882352941 0.17647058823529413 0.17647058823529413 0.058823529411764705 0.058823529411764705 0.35294117647058826 0.058823529411764705 0.0 214.84191258333337 429.418762 147.902466 0.9411764705882353 0.0196078431372549 0.0392156862745098 0.4117647058823529 0.29411764705882354 0.058823529411764705 0.11764705882352941 0.0 0.058823529411764705 0.058823529411764705 0.0 0.4772727272727273 0.29545454545454547 0.20454545454545456 0.022727272727272728 0.0 renqiuchen 6Сʱ_mousemovements
210.355148 445.309517 0 0 0 0 0 0 0 647.73468 0 0 210.355148 242.884354 0 0 0.0 0.3333333333333333 0.0 0.0 0.3333333333333333 0.3333333333333333 0.0 0.0 183.49569699999998 0 0 1.0 0.0 0.0 0.3333333333333333 0.6666666666666666 0.0 0.0 0.0 0.0 0.0 0.0 0.4 0.4 0.2 0.0 0.0 renqiuchen 6Сʱ_mousemovements
0 0 0 0 0 0 0 0 0 0 0 0 0 0 0 0 0 0 0 0 0 0 0 0 0 0 0 0 0 0 0 0 0 0 0 0 0 0 0 0 0 0 0 renqiuchen 6Сʱ_mousemovements
83.20526093749999 289.4443184285714 391.42813633333327 686.502686 649.366714 0 1028.427979 0 181.87481674999998 288.48041685714287 345.9218246 225.33793633333335 65.726556 407.6974415 259.4652794 82.956841 0.13333333333333333 0.23333333333333334 0.16666666666666666 0.1 0.1 0.06666666666666667 0.16666666666666666 0.03333333333333333 33.47603393396226 326.5709915 238.83866614285714 0.8688524590163934 0.01639344262295082 0.11475409836065574 0.5333333333333333 0.23333333333333334 0.1 0.03333333333333333 0.06666666666666667 0.0 0.03333333333333333 0.0 0.6410256410256411 0.1794871794871795 0.10256410256410256 0.05982905982905983 0.017094017094017096 renqiuchen 6Сʱ_mousemovements
0 0 0 0 0 0 0 0 0 0 0 0 0 0 0 0 0 0 0 0 0 0 0 0 0 0 0 0 0 0 0 0 0 0 0 0 0 0 0 0 0 0 0 renqiuchen 6Сʱ_mousemovements
793.078003 759.211365 0 0 0 0 0 0 793.078003 0 0 0 0 759.211365 0 0 0.5 0.0 0.0 0.0 0.0 0.5 0.0 0.0 258.7148946666667 0 0 1.0 0.0 0.0 0.5 0.5 0.0 0.0 0.0 0.0 0.0 0.0 0.8 0.2 0.0 0.0 0.0 renqiuchen 6Сʱ_mousemovements
243.86855287500003 887.800293 721.04834 0 0 0 0 0 1125.510986 266.2747425 383.94253475 242.559967 123.581787 0 166.576645 721.04834 0.09090909090909091 0.18181818181818182 0.36363636363636365 0.09090909090909091 0.09090909090909091 0.0 0.09090909090909091 0.09090909090909091 202.16351586363638 0 0 1.0 0.0 0.0 0.7272727272727273 0.18181818181818182 0.09090909090909091 0.0 0.0 0.0 0.0 0.0 0.4117647058823529 0.35294117647058826 0.17647058823529413 0.0 0.058823529411764705 renqiuchen 6Сʱ_mousemovements
438.728382 605.2238566666666 1211.0912683333333 1059.6368485 0 732.6018675 1442.763306 0 184.071945 461.57655866666664 515.982239 435.27713 650.6548765 0 1361.3467003333333 1301.4055583333331 0.05263157894736842 0.15789473684210525 0.05263157894736842 0.3157894736842105 0.10526315789473684 0.0 0.15789473684210525 0.15789473684210525 239.4607799387755 241.522354 1005.456299 0.9423076923076923 0.019230769230769232 0.038461538461538464 0.42105263157894735 0.15789473684210525 0.15789473684210525 0.10526315789473684 0.0 0.10526315789473684 0.05263157894736842 0.0 0.5319148936170213 0.2978723404255319 0.14893617021276595 0.0 0.02127659574468085 renqiuchen 6Сʱ_mousemovements
222.29244071428573 0 1299.878296 464.508179 0 0 0 0 0 320.3252816666667 138.054794 675.1867010000001 0 398.1609195 0 74.70768 0.0 0.3333333333333333 0.1111111111111111 0.2222222222222222 0.0 0.2222222222222222 0.0 0.1111111111111111 127.80923096000001 74.70768 25.247553 0.8928571428571429 0.03571428571428571 0.07142857142857142 0.7777777777777778 0.0 0.1111111111111111 0.1111111111111111 0.0 0.0 0.0 0.0 0.625 0.2916666666666667 0.0 0.0 0.08333333333333333 renqiuchen 6Сʱ_mousemovements
106.2445231111111 145.41504875 0 0 578.4953 0 0 0 0 108.58290500000001 0 182.2471925 116.1346855 254.610397 78.22015666666667 578.4953 0.0 0.14285714285714285 0.0 0.14285714285714285 0.14285714285714285 0.07142857142857142 0.42857142857142855 0.07142857142857142 35.27076115384615 94.17180133333333 76.38018566666666 0.8125 0.0625 0.125 0.6428571428571429 0.2857142857142857 0.0 0.0 0.07142857142857142 0.0 0.0 0.0 0.6 0.24444444444444444 0.08888888888888889 0.044444444444444446 0.022222222222222223 renqiuchen 6Сʱ_mousemovements
170.9462012857143 538.1293029999999 425.26556400000004 535.968445 0 0 0 0 207.63242019999998 748.2624260000001 615.223938 236.9202204285714 263.599293 250.894268 486.91943349999997 320.3197144 0.18518518518518517 0.1111111111111111 0.037037037037037035 0.25925925925925924 0.07407407407407407 0.07407407407407407 0.07407407407407407 0.18518518518518517 98.62439163636363 127.761551 205.59995914285713 0.9058823529411765 0.011764705882352941 0.08235294117647059 0.5185185185185185 0.37037037037037035 0.07407407407407407 0.037037037037037035 0.0 0.0 0.0 0.0 0.5783132530120482 0.2891566265060241 0.07228915662650602 0.03614457831325301 0.024096385542168676 renqiuchen 6Сʱ_mousemovements
239.3501801304348 747.93054775 545.6894348 870.7479450000001 927.1566958 347.280396 1624.9451749999998 493.856506 1160.4718756666666 544.7661926000001 656.4876012857143 434.21325550000006 435.32264449999997 402.122701 472.4108093 482.3033704285714 0.12 0.1 0.14 0.12 0.12 0.06 0.2 0.14 142.0626862183908 0 227.05462294444445 0.90625 0.0 0.09375 0.46 0.16 0.1 0.06 0.1 0.02 0.08 0.02 0.6132596685082873 0.23756906077348067 0.07734806629834254 0.06077348066298342 0.011049723756906077 renqiuchen 6Сʱ_mousemovements
193.55920136666663 344.8454592 1176.4514427499998 0 1379.1644895 893.952026 1316.8950805 0 429.981087 925.449763 628.6362274 225.61889925 170.0904114 258.9593585 550.7304345 171.34150700000004 0.11363636363636363 0.13636363636363635 0.11363636363636363 0.18181818181818182 0.11363636363636363 0.045454545454545456 0.13636363636363635 0.1590909090909091 126.12819485714286 200.448654 110.74739 0.9523809523809523 0.006802721088435374 0.04081632653061224 0.6818181818181818 0.11363636363636363 0.09090909090909091 0.0 0.045454545454545456 0.022727272727272728 0.045454545454545456 0.0 0.5704225352112676 0.2605633802816901 0.11267605633802817 0.035211267605633804 0.02112676056338028 renqiuchen 6Сʱ_mousemovements
163.29564360869563 372.36563099999995 473.11145024999996 0 686.8220888 2660.8222655 997.99823 684.7679445 242.88879899999998 751.4262898333333 429.7600046666667 460.9792863333334 158.98374600000002 461.65336160000004 791.873863 374.000168 0.15 0.15 0.075 0.075 0.175 0.125 0.125 0.125 105.63931069465649 444.03833050000003 263.48376908333336 0.903448275862069 0.013793103448275862 0.08275862068965517 0.575 0.075 0.1 0.0 0.125 0.05 0.025 0.05 0.6131386861313869 0.25547445255474455 0.058394160583941604 0.051094890510948905 0.021897810218978103 renqiuchen 6Сʱ_mousemovements
0 0 0 0 0 0 0 0 0 0 0 0 0 0 0 0 0 0 0 0 0 0 0 0 0 0 0 0 0 0 0 0 0 0 0 0 0 0 0 0 0 0 0 renqiuchen 6Сʱ_mousemovements
176.3502585 257.80246725 337.824677 0 703.652405 0 1484.2550045 744.897461 421.171722 418.73787200000004 0 426.935242 1311.3900145 142.6362745 19.23077 269.991844 0.06666666666666667 0.26666666666666666 0.0 0.2 0.13333333333333333 0.13333333333333333 0.06666666666666667 0.13333333333333333 95.74592111538462 107.01915 293.06482066666666 0.8813559322033898 0.01694915254237288 0.1016949152542373 0.4 0.26666666666666666 0.06666666666666667 0.0 0.06666666666666667 0.0 0.13333333333333333 0.06666666666666667 0.5789473684210527 0.2631578947368421 0.03508771929824561 0.08771929824561403 0.03508771929824561 renqiuchen 6Сʱ_mousemovements
202.92542816129028 421.58917755555547 1233.69165 642.2315065 879.5582154 568.532654 479.048615 2868.9707436666667 1680.870233 354.93160042857147 354.64847762500006 610.3647714285714 228.12427062499998 285.0816855555556 262.2341805 534.5169751428572 0.09433962264150944 0.1320754716981132 0.1509433962264151 0.1320754716981132 0.1509433962264151 0.16981132075471697 0.03773584905660377 0.1320754716981132 152.9500334967742 87.168266 260.09151390909096 0.9281437125748503 0.005988023952095809 0.0658682634730539 0.5849056603773585 0.16981132075471697 0.018867924528301886 0.03773584905660377 0.09433962264150944 0.018867924528301886 0.018867924528301886 0.05660377358490566 0.5448717948717948 0.32051282051282054 0.08333333333333333 0.038461538461538464 0.01282051282051282 renqiuchen 6Сʱ_mousemovements
125.12194695238092 272.720712 712.4422203333334 843.204315 422.92288199999996 986.9476320000001 1285.4268593333334 0 354.95143266666673 470.4281104285714 661.941956 144.04795380000002 415.9090345 239.1245092 582.4160365 352.53172816666665 0.15 0.175 0.025 0.125 0.05 0.125 0.2 0.15 62.8802348525641 1259.299316 238.85423247368425 0.8863636363636364 0.005681818181818182 0.10795454545454546 0.525 0.15 0.075 0.075 0.05 0.05 0.075 0.0 0.6526946107784432 0.2275449101796407 0.0718562874251497 0.017964071856287425 0.029940119760479042 renqiuchen 6Сʱ_mousemovements
189.39030181818183 201.77817533333337 553.37415475 673.41302475 609.676483 1696.5793454999998 0 626.276855 85.285133 195.46522766666666 490.92453350000005 294.3871218571429 209.3330787142857 225.44332133333333 500.01378354545454 629.2348501428571 0.023255813953488372 0.06976744186046512 0.09302325581395349 0.16279069767441862 0.16279069767441862 0.06976744186046512 0.2558139534883721 0.16279069767441862 90.3342490510949 38.73552425 323.98551315384617 0.8896103896103896 0.025974025974025976 0.08441558441558442 0.5116279069767442 0.13953488372093023 0.09302325581395349 0.09302325581395349 0.09302325581395349 0.046511627906976744 0.0 0.023255813953488372 0.6153846153846154 0.21678321678321677 0.055944055944055944 0.08391608391608392 0.027972027972027972 renqiuchen 6Сʱ_mousemovements
117.33900444999999 238.9970062 746.4480083333333 510.71113600000007 478.08191400000004 696.576233 2995.706299 0 428.2093986 298.429104 798.7722968 201.8193465 396.5937333333333 531.247122 214.6623505 124.25175075 0.125 0.2 0.125 0.1 0.15 0.1 0.1 0.1 72.45474223391814 77.853686 241.0796636 0.9193548387096774 0.026881720430107527 0.053763440860215055 0.5 0.125 0.15 0.1 0.075 0.025 0.025 0.0 0.5738636363636364 0.23863636363636365 0.08522727272727272 0.0625 0.03977272727272727 renqiuchen 6Сʱ_mousemovements
188.69945395238096 417.9505096 1854.7191165 2066.664307 3260.434082 920.229614 0 1023.0650939999999 906.7810695 928.4737626666669 54.181252 117.046158 440.72125259999996 663.329646 324.4283408333333 598.5923614999999 0.18181818181818182 0.09090909090909091 0.030303030303030304 0.06060606060606061 0.30303030303030304 0.09090909090909091 0.18181818181818182 0.06060606060606061 173.10681629032257 53.091721 380.6623738 0.9393939393939394 0.010101010101010102 0.050505050505050504 0.6363636363636364 0.15151515151515152 0.06060606060606061 0.030303030303030304 0.030303030303030304 0.030303030303030304 0.0 0.06060606060606061 0.5652173913043478 0.29347826086956524 0.05434782608695652 0.05434782608695652 0.03260869565217391 renqiuchen 6Сʱ_mousemovements
264.38823399999995 409.4661306666667 0 1048.1548077500001 498.24006133333336 938.8537596666666 1813.0756230000002 898.684631 473.4359785 491.30238325000005 710.023132 789.4873885 435.43820500000004 204.024905 718.08225225 1080.6998310000001 0.1935483870967742 0.12903225806451613 0.03225806451612903 0.12903225806451613 0.16129032258064516 0.0967741935483871 0.12903225806451613 0.12903225806451613 133.03277187155965 300.319397 321.44171933333337 0.8934426229508197 0.00819672131147541 0.09836065573770492 0.3870967741935484 0.1935483870967742 0.0 0.12903225806451613 0.0967741935483871 0.0967741935483871 0.06451612903225806 0.03225806451612903 0.6239316239316239 0.2222222222222222 0.06837606837606838 0.05982905982905983 0.02564102564102564 renqiuchen 6Сʱ_mousemovements
194.1087390833333 232.92845900000003 0 0 467.84977928571425 782.2060546666667 2474.007324 1204.1456096666666 486.02287674999997 766.4266665 124.6644665 270.36880557142854 514.6328226666666 1164.7140166000001 213.98692175 764.8767481428571 0.11764705882352941 0.058823529411764705 0.058823529411764705 0.20588235294117646 0.08823529411764706 0.14705882352941177 0.11764705882352941 0.20588235294117646 61.6373895597015 467.84977928571425 403.2658016315789 0.8375 0.04375 0.11875 0.35294117647058826 0.058823529411764705 0.0 0.0 0.20588235294117646 0.2647058823529412 0.029411764705882353 0.08823529411764706 0.6516129032258065 0.18064516129032257 0.03225806451612903 0.07741935483870968 0.05806451612903226 renqiuchen 6Сʱ_mousemovements
0 0 0 0 0 0 0 0 0 0 0 0 0 0 0 0 0 0 0 0 0 0 0 0 0 0 0 0 0 0 0 0 0 0 0 0 0 0 0 0 0 0 0 renqiuchen 6Сʱ_mousemovements
0 0 0 0 0 0 0 0 0 0 0 0 0 0 0 0 0 0 0 0 0 0 0 0 0 0 0 0 0 0 0 0 0 0 0 0 0 0 0 0 0 0 0 renqiuchen 6Сʱ_mousemovements
182.3254306 0 985.050293 0 0 0 0 0 156.603104 985.050293 0 0 59.305219 238.73306766666667 207.96039024999996 0 0.09090909090909091 0.09090909090909091 0.0 0.0 0.18181818181818182 0.2727272727272727 0.36363636363636365 0.0 127.65020904545455 0 0 1.0 0.0 0.0 0.9090909090909091 0.0 0.09090909090909091 0.0 0.0 0.0 0.0 0.0 0.38095238095238093 0.38095238095238093 0.23809523809523808 0.0 0.0 renqiuchen 6Сʱ_mousemovements
