129.5577462 513.6692506666667 677.26709 0 1509.246216 0 0 918.436279 19.771236 353.32923733333337 976.0323689999999 291.06910424999995 136.2824475 195.6983905 0 105.440651 0.0625 0.1875 0.1875 0.25 0.125 0.125 0.0 0.0625 100.38668880434781 269.432281 263.57870825 0.9019607843137255 0.0196078431372549 0.0784313725490196 0.625 0.1875 0.0625 0.0 0.0625 0.0 0.0 0.0625 0.5869565217391305 0.32608695652173914 0.043478260869565216 0.021739130434782608 0.021739130434782608 shenyanping 9Сʱ_mousemovements
0 0 0 0 0 0 0 0 0 0 0 0 0 0 0 0 0 0 0 0 0 0 0 0 0 0 0 0 0 0 0 0 0 0 0 0 0 0 0 0 0 0 0 shenyanping 9Сʱ_mousemovements
0 0 0 0 0 0 0 0 0 0 0 0 0 0 0 0 0 0 0 0 0 0 0 0 0 0 0 0 0 0 0 0 0 0 0 0 0 0 0 0 0 0 0 shenyanping 9Сʱ_mousemovements
307.6703645 1556.023438 0 0 7352.86084 0 0 0 0 0 0 0 260.278137 955.543015 7352.86084 0 0.0 0.0 0.0 0.0 0.25 0.5 0.25 0.0 952.4225006999999 0 0 1.0 0.0 0.0 0.5 0.25 0.0 0.0 0.25 0.0 0.0 0.0 0.75 0.0 0.0 0.0 0.25 shenyanping 9Сʱ_mousemovements
104.16982272340427 829.5053507777778 462.1818574 1231.7053933333334 1216.0457966666665 1267.7241316666666 625.549815 0 633.24413675 455.54496129999995 402.68296977777777 480.5081564 394.9078092307692 381.80013183333335 204.776067 328.22210678571435 0.09876543209876543 0.12345679012345678 0.1111111111111111 0.18518518518518517 0.16049382716049382 0.07407407407407407 0.07407407407407407 0.1728395061728395 97.13172067615658 154.3113776 187.86565303333333 0.8892405063291139 0.015822784810126583 0.0949367088607595 0.5802469135802469 0.1111111111111111 0.12345679012345678 0.07407407407407407 0.037037037037037035 0.037037037037037035 0.037037037037037035 0.0 0.602112676056338 0.24647887323943662 0.08098591549295775 0.03169014084507042 0.03873239436619718 shenyanping 9Сʱ_mousemovements
209.05936183333333 352.34801078571434 843.4918845714285 1266.6427033 1126.2794036666667 2337.901042 2298.6788635 1278.6702307142857 514.0477726153846 880.52262175 970.60251825 541.3915516666667 703.610808 1014.7075202222222 525.5286902857143 674.1496962727273 0.14942528735632185 0.22988505747126436 0.09195402298850575 0.10344827586206896 0.034482758620689655 0.10344827586206896 0.16091954022988506 0.12643678160919541 188.72201822695035 144.9367536153846 373.47043247619047 0.8924050632911392 0.04113924050632911 0.06645569620253164 0.41379310344827586 0.16091954022988506 0.08045977011494253 0.11494252873563218 0.06896551724137931 0.034482758620689655 0.04597701149425287 0.08045977011494253 0.6313993174061433 0.2354948805460751 0.06825938566552901 0.023890784982935155 0.040955631399317405 shenyanping 9Сʱ_mousemovements
262.7491626363636 330.75833900000003 1233.58232675 646.4376985 0 401.3432235 1582.021973 705.302063 142.78158866666666 1006.8201905 637.487061 584.6596314 77.13885099999999 567.30884425 107.76977550000001 701.8137077142857 0.1111111111111111 0.07407407407407407 0.07407407407407407 0.18518518518518517 0.07407407407407407 0.14814814814814814 0.07407407407407407 0.25925925925925924 140.98462788372098 99.4751775 233.547207125 0.8958333333333334 0.020833333333333332 0.08333333333333333 0.4074074074074074 0.2222222222222222 0.14814814814814814 0.07407407407407407 0.0 0.07407407407407407 0.037037037037037035 0.037037037037037035 0.6375 0.1875 0.0875 0.05 0.0375 shenyanping 9Сʱ_mousemovements
186.7747312857143 330.193039 263.458107 916.6969096666667 3231.500244 0 3668.502014 903.064453 146.31309133333332 950.1108245 1290.815562 1082.4136556666665 0 61.130682500000006 2222.305684 234.17893600000002 0.16666666666666666 0.1111111111111111 0.16666666666666666 0.16666666666666666 0.0 0.1111111111111111 0.16666666666666666 0.1111111111111111 288.8302488 362.580688 117.03512325 0.9166666666666666 0.016666666666666666 0.06666666666666667 0.3888888888888889 0.1111111111111111 0.1111111111111111 0.16666666666666666 0.05555555555555555 0.0 0.1111111111111111 0.05555555555555555 0.47058823529411764 0.37254901960784315 0.058823529411764705 0.0784313725490196 0.0196078431372549 shenyanping 9Сʱ_mousemovements
141.27465411764703 456.283432 942.5011800000001 1405.942240333333 1103.6057333333333 0 1372.2331236666666 2203.187744 0 634.2786084999999 1063.389257 574.191407 1131.7999168000001 625.2424926666667 157.92524066666667 972.3840329999998 0.0 0.16666666666666666 0.1388888888888889 0.1388888888888889 0.1388888888888889 0.08333333333333333 0.16666666666666666 0.16666666666666666 225.29692487962964 196.751404 254.476912 0.9310344827586207 0.008620689655172414 0.0603448275862069 0.4722222222222222 0.05555555555555555 0.08333333333333333 0.08333333333333333 0.08333333333333333 0.0 0.16666666666666666 0.05555555555555555 0.5576923076923077 0.25961538461538464 0.10576923076923077 0.04807692307692308 0.028846153846153848 shenyanping 9Сʱ_mousemovements
270.337733 323.000458 911.816284 985.9531555000001 928.3160859999999 1230.2238708 893.6923830000001 0 995.0508115 633.1142187142857 539.9108248 911.816284 532.9897707499999 929.2664336666667 38.5381775 546.3559305 0.06666666666666667 0.23333333333333334 0.16666666666666666 0.03333333333333333 0.13333333333333333 0.1 0.06666666666666667 0.2 181.43104273684213 129.11145266666668 171.2396165 0.9313725490196079 0.029411764705882353 0.0392156862745098 0.5 0.06666666666666667 0.03333333333333333 0.06666666666666667 0.1 0.16666666666666666 0.06666666666666667 0.0 0.4823529411764706 0.36470588235294116 0.09411764705882353 0.058823529411764705 0.0 shenyanping 9Сʱ_mousemovements
304.60622507894743 542.6344848421053 643.3164613333333 530.3145953333334 1093.2224275 2279.7640381666665 1900.7285563333332 2756.7722981666666 639.2309298750001 806.620544117647 987.617424 1369.06004525 784.608977888889 1158.550604222222 638.6946950909091 712.7235708823528 0.17204301075268819 0.1827956989247312 0.06451612903225806 0.08602150537634409 0.0967741935483871 0.0967741935483871 0.11827956989247312 0.1827956989247312 247.65893918150692 32.3134486 248.54150700000005 0.9211356466876972 0.015772870662460567 0.06309148264984227 0.40860215053763443 0.20430107526881722 0.0967741935483871 0.03225806451612903 0.06451612903225806 0.06451612903225806 0.06451612903225806 0.06451612903225806 0.5862068965517241 0.25862068965517243 0.0896551724137931 0.027586206896551724 0.03793103448275862 shenyanping 9Сʱ_mousemovements
143.91191711764705 625.6729075 601.12211225 1179.1558106 983.6221654444445 1960.9058433333332 1337.1002505 1006.082964 371.6040303846154 462.2529139999999 1226.8517200000001 422.20379214285714 615.84787425 434.90432812499995 427.44575925000004 285.89437200000003 0.14444444444444443 0.2111111111111111 0.07777777777777778 0.07777777777777778 0.17777777777777778 0.08888888888888889 0.13333333333333333 0.08888888888888889 175.29329567500008 180.909558 225.49325338461537 0.9302325581395349 0.01937984496124031 0.050387596899224806 0.5666666666666667 0.06666666666666667 0.08888888888888889 0.05555555555555555 0.1 0.03333333333333333 0.044444444444444446 0.044444444444444446 0.525 0.2791666666666667 0.09583333333333334 0.075 0.025 shenyanping 9Сʱ_mousemovements
187.57160128571428 349.045665 599.6591185 694.3640848333333 1477.873413 1469.9921466666667 925.1131745 1785.4201456666667 1121.9246113333331 669.702338 1045.2100648 356.402832 844.7034503333333 344.1498084285714 259.4066305 730.240682 0.075 0.175 0.125 0.025 0.15 0.175 0.2 0.075 203.87128843396232 237.14055159999998 287.0364972222222 0.8833333333333333 0.041666666666666664 0.075 0.35 0.175 0.05 0.15 0.025 0.075 0.1 0.075 0.5145631067961165 0.30097087378640774 0.06796116504854369 0.07766990291262135 0.038834951456310676 shenyanping 9Сʱ_mousemovements
236.29180471428572 255.90801220000003 881.5476138 1554.06958775 1291.501648 1148.9487305 1340.5825499999999 1845.7933349999998 789.1523845 954.6787805 1271.7671249999999 861.4025817142857 114.515327 1142.5635685 409.93450545454544 600.5746334444444 0.12244897959183673 0.16326530612244897 0.10204081632653061 0.14285714285714285 0.02040816326530612 0.04081632653061224 0.22448979591836735 0.1836734693877551 224.7092268783783 0 293.70203038461534 0.9192546583850931 0.0 0.08074534161490683 0.42857142857142855 0.10204081632653061 0.10204081632653061 0.08163265306122448 0.08163265306122448 0.04081632653061224 0.08163265306122448 0.08163265306122448 0.5902777777777778 0.2222222222222222 0.08333333333333333 0.05555555555555555 0.04861111111111111 shenyanping 9Сʱ_mousemovements
140.20242996666667 517.2389913571427 768.1955474 316.33128116666666 2637.101074 1265.9746400000001 1277.466034 0 199.83041633333332 519.8142778125 524.3860206923077 761.6607045000001 207.11911800000001 304.0000035 219.63912966666666 314.0695075 0.05 0.26666666666666666 0.21666666666666667 0.06666666666666667 0.03333333333333333 0.1 0.2 0.06666666666666667 135.0681637261146 121.47626316666667 172.84228930769228 0.8626373626373627 0.06593406593406594 0.07142857142857142 0.5 0.23333333333333334 0.08333333333333333 0.1 0.016666666666666666 0.03333333333333333 0.03333333333333333 0.0 0.5705128205128205 0.2564102564102564 0.07051282051282051 0.0641025641025641 0.038461538461538464 shenyanping 9Сʱ_mousemovements
193.4009903275862 573.4368698000001 759.0530446666667 845.658043 0 1340.6780855000002 2270.7042439999996 662.209915 423.9269249999999 674.8800004285715 1160.685606625 939.5609282000001 518.1735121666667 502.20451775 224.57714405555552 171.0359074705882 0.07777777777777778 0.23333333333333334 0.08888888888888889 0.05555555555555555 0.06666666666666667 0.08888888888888889 0.2 0.18888888888888888 168.3746100996016 63.19950022222224 131.61730977777776 0.9028776978417267 0.03237410071942446 0.06474820143884892 0.6444444444444445 0.1111111111111111 0.06666666666666667 0.044444444444444446 0.0 0.044444444444444446 0.06666666666666667 0.022222222222222223 0.5291666666666667 0.3 0.0875 0.058333333333333334 0.025 shenyanping 9Сʱ_mousemovements
251.83030125000005 527.9801033 322.1258188333333 574.8238441818182 1451.7950844999998 1454.4559479999998 850.3349976 1903.2844116 581.1735382857142 809.9787847 694.4167851428572 510.89242824999997 683.7973458181818 733.9306121999999 293.75008926315786 361.62964733333337 0.07692307692307693 0.21978021978021978 0.07692307692307693 0.08791208791208792 0.12087912087912088 0.10989010989010989 0.2087912087912088 0.0989010989010989 202.1794608691983 121.11712 268.4915764 0.9115384615384615 0.03076923076923077 0.057692307692307696 0.4835164835164835 0.10989010989010989 0.06593406593406594 0.12087912087912088 0.06593406593406594 0.04395604395604396 0.054945054945054944 0.054945054945054944 0.542016806722689 0.2689075630252101 0.09663865546218488 0.0546218487394958 0.037815126050420166 shenyanping 9Сʱ_mousemovements
201.3811174 0 585.400696 0 5479.561523 0 0 0 239.642105 159.938281 287.448639 0 585.400696 0 5479.561523 0 0.14285714285714285 0.42857142857142855 0.14285714285714285 0.0 0.14285714285714285 0.0 0.14285714285714285 0.0 353.5933903 0 0 1.0 0.0 0.0 0.7142857142857143 0.0 0.14285714285714285 0.0 0.14285714285714285 0.0 0.0 0.0 0.7857142857142857 0.07142857142857142 0.14285714285714285 0.0 0.0 shenyanping 9Сʱ_mousemovements
147.00430794444446 507.24461219999995 490.81492625 1666.5274046666666 466.969635 1317.9129436666667 1519.1676025000002 2834.0040285 531.2735343333334 1106.0306094 826.9085509999999 405.16115033333335 2220.84552 527.6511174285714 462.3840401818181 91.82540999999999 0.06976744186046512 0.11627906976744186 0.16279069767441862 0.06976744186046512 0.046511627906976744 0.16279069767441862 0.2558139534883721 0.11627906976744186 252.90193648148144 49.31929433333334 49.773101499999996 0.9152542372881356 0.05084745762711865 0.03389830508474576 0.4186046511627907 0.23255813953488372 0.09302325581395349 0.06976744186046512 0.023255813953488372 0.06976744186046512 0.046511627906976744 0.046511627906976744 0.40404040404040403 0.37373737373737376 0.1111111111111111 0.050505050505050504 0.06060606060606061 shenyanping 9Сʱ_mousemovements
183.55675622727273 479.5535396153846 138.319901 1367.6698760000002 642.5496155999999 732.734192 0 0 148.94847633333333 483.0044506666666 448.0147630769231 257.49656121428575 428.2895456666667 207.29436822222226 304.43786716666665 321.84583333333336 0.045454545454545456 0.045454545454545456 0.19696969696969696 0.21212121212121213 0.045454545454545456 0.13636363636363635 0.09090909090909091 0.22727272727272727 94.78640400540543 35.369027714285714 145.51162073913045 0.8604651162790697 0.03255813953488372 0.10697674418604651 0.6666666666666666 0.19696969696969696 0.015151515151515152 0.030303030303030304 0.07575757575757576 0.015151515151515152 0.0 0.0 0.5916230366492147 0.193717277486911 0.10471204188481675 0.07329842931937172 0.03664921465968586 shenyanping 9Сʱ_mousemovements
196.14120766666667 434.046618 733.0680044999999 774.8256633333334 437.530518 2929.388428 1647.2644652499998 1636.1032306666668 787.7853112857143 579.239145 823.9643079230771 591.0193586250001 320.29822379999996 208.39467225 226.59191504999998 610.644948904762 0.07608695652173914 0.09782608695652174 0.14130434782608695 0.08695652173913043 0.10869565217391304 0.043478260869565216 0.21739130434782608 0.22826086956521738 159.03022729779406 30.074587875 213.8139464736842 0.9096989966555183 0.026755852842809364 0.06354515050167224 0.5869565217391305 0.15217391304347827 0.08695652173913043 0.03260869565217391 0.010869565217391304 0.021739130434782608 0.043478260869565216 0.06521739130434782 0.5709090909090909 0.2290909090909091 0.09818181818181818 0.07272727272727272 0.02909090909090909 shenyanping 9Сʱ_mousemovements
160.5219370833333 596.1492690624999 399.84680199999997 344.721954 1483.7467082857145 1339.0692543333334 1854.4151856 0 615.1902889090909 756.9839113636364 350.4260773 348.9041945 793.6336521666667 546.611993 228.6086752142857 143.48656833333334 0.13414634146341464 0.2682926829268293 0.12195121951219512 0.04878048780487805 0.07317073170731707 0.10975609756097561 0.17073170731707318 0.07317073170731707 154.49421654901963 47.768034799999995 127.81589989473684 0.9139784946236559 0.017921146953405017 0.06810035842293907 0.5853658536585366 0.1951219512195122 0.024390243902439025 0.012195121951219513 0.08536585365853659 0.036585365853658534 0.06097560975609756 0.0 0.5537848605577689 0.27091633466135456 0.10358565737051793 0.035856573705179286 0.035856573705179286 shenyanping 9Сʱ_mousemovements
151.6951259444444 473.614505576923 779.0692999090911 614.80966175 1070.3237215714285 808.1874286666666 684.714142 0 448.4406041428571 271.7688718823529 328.9996529090909 464.1939997142857 243.531097 283.87250531250004 315.7970905625 641.3404555000001 0.112 0.136 0.088 0.112 0.072 0.128 0.256 0.096 134.72609102857155 58.66463094444445 128.53760931250002 0.9025787965616046 0.05157593123209169 0.045845272206303724 0.576 0.208 0.088 0.032 0.056 0.024 0.016 0.0 0.48562300319488816 0.2364217252396166 0.134185303514377 0.0926517571884984 0.051118210862619806 shenyanping 9Сʱ_mousemovements
201.05288585507247 469.6939906666667 744.5382165714285 575.2190307999999 1560.0315501666666 1722.713556 1602.1377714999999 2703.842773 278.44879899999995 633.9814992272726 543.8041076666666 591.573943473684 371.1570131666667 217.79372360000005 1031.749508769231 440.8298059565217 0.1171875 0.171875 0.0703125 0.1484375 0.09375 0.1171875 0.1015625 0.1796875 166.710967017291 171.06204357142857 223.61883331034483 0.9060052219321149 0.018276762402088774 0.07571801566579635 0.5390625 0.1875 0.109375 0.0390625 0.046875 0.0390625 0.03125 0.0078125 0.5449438202247191 0.2808988764044944 0.09269662921348315 0.042134831460674156 0.03932584269662921 shenyanping 9Сʱ_mousemovements
