64.9625495 523.1327259999999 2302.096436 2800.704102 0 4342.11377 0 0 3322.105103 361.840149 55.243809 1060.743164 0 1007.4000856666667 0 0 0.25 0.125 0.125 0.125 0.0 0.375 0.0 0.0 443.14927379166664 361.840149 146.814865 0.9230769230769231 0.038461538461538464 0.038461538461538464 0.25 0.375 0.125 0.125 0.0 0.125 0.0 0.0 0.7083333333333334 0.16666666666666666 0.08333333333333333 0.0 0.041666666666666664 dongzhenyu 4Сʱ_mousemovements
208.0768879166667 1053.330478625 2494.175122 4633.5656739999995 2324.034424 0 0 1532.160278 1297.079102 1634.4652581666667 514.632595 558.8947784 1853.5551268000004 1781.0384215999998 91.09341599999999 2264.8865355000003 0.03333333333333333 0.2 0.13333333333333333 0.16666666666666666 0.16666666666666666 0.16666666666666666 0.06666666666666667 0.06666666666666667 455.3286601445783 515.946411 88.92956083333333 0.9222222222222223 0.011111111111111112 0.06666666666666667 0.4 0.26666666666666666 0.16666666666666666 0.06666666666666667 0.06666666666666667 0.0 0.0 0.03333333333333333 0.6363636363636364 0.20454545454545456 0.09090909090909091 0.056818181818181816 0.011363636363636364 dongzhenyu 4Сʱ_mousemovements
828.749512 1006.502258 494.980103 0 887.022629 0 0 0 930.0611575 828.749512 1006.502258 0 408.903046 0 0 0 0.4 0.2 0.2 0.0 0.2 0.0 0.0 0.0 284.25954499999995 0 408.903046 0.9285714285714286 0.0 0.07142857142857142 0.2 0.2 0.2 0.0 0.4 0.0 0.0 0.0 0.6153846153846154 0.3076923076923077 0.07692307692307693 0.0 0.0 dongzhenyu 4Сʱ_mousemovements
325.2423025 1472.5087367142858 2347.1560056666667 4164.634277 3727.947998 0 0 0 1605.5480725 3145.3021849999996 1274.0004350000002 1384.324665 1544.1228713333333 1207.805725 1693.67375175 2391.661377 0.09090909090909091 0.09090909090909091 0.18181818181818182 0.13636363636363635 0.13636363636363635 0.13636363636363635 0.18181818181818182 0.045454545454545456 627.6243767719299 0 99.55723675 0.9344262295081968 0.0 0.06557377049180328 0.36363636363636365 0.3181818181818182 0.13636363636363635 0.13636363636363635 0.045454545454545456 0.0 0.0 0.0 0.603448275862069 0.29310344827586204 0.05172413793103448 0.05172413793103448 0.0 dongzhenyu 4Сʱ_mousemovements
0 0 0 0 0 0 0 0 0 0 0 0 0 0 0 0 0 0 0 0 0 0 0 0 0 0 0 0 0 0 0 0 0 0 0 0 0 0 0 0 0 0 0 dongzhenyu 4Сʱ_mousemovements
0 0 0 0 0 0 0 0 0 0 0 0 0 0 0 0 0 0 0 0 0 0 0 0 0 0 0 0 0 0 0 0 0 0 0 0 0 0 0 0 0 0 0 dongzhenyu 4Сʱ_mousemovements
0 0 0 0 0 0 0 0 0 0 0 0 0 0 0 0 0 0 0 0 0 0 0 0 0 0 0 0 0 0 0 0 0 0 0 0 0 0 0 0 0 0 0 dongzhenyu 4Сʱ_mousemovements
0 0 0 0 0 0 0 0 0 0 0 0 0 0 0 0 0 0 0 0 0 0 0 0 0 0 0 0 0 0 0 0 0 0 0 0 0 0 0 0 0 0 0 dongzhenyu 4Сʱ_mousemovements
0 0 0 0 0 0 0 0 0 0 0 0 0 0 0 0 0 0 0 0 0 0 0 0 0 0 0 0 0 0 0 0 0 0 0 0 0 0 0 0 0 0 0 dongzhenyu 4Сʱ_mousemovements
0 0 0 0 0 0 0 0 0 0 0 0 0 0 0 0 0 0 0 0 0 0 0 0 0 0 0 0 0 0 0 0 0 0 0 0 0 0 0 0 0 0 0 dongzhenyu 4Сʱ_mousemovements
0 0 0 0 0 0 0 0 0 0 0 0 0 0 0 0 0 0 0 0 0 0 0 0 0 0 0 0 0 0 0 0 0 0 0 0 0 0 0 0 0 0 0 dongzhenyu 4Сʱ_mousemovements
0 0 0 0 0 0 0 0 0 0 0 0 0 0 0 0 0 0 0 0 0 0 0 0 0 0 0 0 0 0 0 0 0 0 0 0 0 0 0 0 0 0 0 dongzhenyu 4Сʱ_mousemovements
0 0 0 0 0 0 0 0 0 0 0 0 0 0 0 0 0 0 0 0 0 0 0 0 0 0 0 0 0 0 0 0 0 0 0 0 0 0 0 0 0 0 0 dongzhenyu 4Сʱ_mousemovements
349.197586 0 0 3333.005127 0 0 0 0 0 0 0 0 3333.005127 442.242554 256.152618 0 0.0 0.0 0.0 0.0 0.3333333333333333 0.3333333333333333 0.3333333333333333 0.0 403.1400299 0 0.0 0.9090909090909091 0.0 0.09090909090909091 0.6666666666666666 0.0 0.0 0.3333333333333333 0.0 0.0 0.0 0.0 0.7272727272727273 0.18181818181818182 0.09090909090909091 0.0 0.0 dongzhenyu 4Сʱ_mousemovements
197.443278 1274.627327 1710.11084 0 4023.984131 5677.940918 0 0 2046.2028275000002 0 0 1106.705811 2416.0514296666665 281.6018105 0 0 0.4 0.0 0.0 0.1 0.3 0.2 0.0 0.0 577.6026001034483 0 117.46654266666667 0.90625 0.0 0.09375 0.3 0.4 0.1 0.0 0.1 0.1 0.0 0.0 0.7142857142857143 0.17857142857142858 0.07142857142857142 0.0 0.03571428571428571 dongzhenyu 4Сʱ_mousemovements
219.23197 967.7728817142857 2062.843994 3586.4409180000002 0 0 0 0 2316.9490355 43.558544 323.643715 2267.7885135 304.722595 1410.829224 1131.778687 1870.474182 0.16666666666666666 0.08333333333333333 0.16666666666666666 0.16666666666666666 0.08333333333333333 0.08333333333333333 0.08333333333333333 0.16666666666666666 386.5350431463415 0 150.16579325 0.9111111111111111 0.0 0.08888888888888889 0.16666666666666666 0.5833333333333334 0.08333333333333333 0.16666666666666666 0.0 0.0 0.0 0.0 0.7317073170731707 0.1951219512195122 0.07317073170731707 0.0 0.0 dongzhenyu 4Сʱ_mousemovements
0 0 0 0 0 0 0 0 0 0 0 0 0 0 0 0 0 0 0 0 0 0 0 0 0 0 0 0 0 0 0 0 0 0 0 0 0 0 0 0 0 0 0 dongzhenyu 4Сʱ_mousemovements
0 0 0 0 0 0 0 0 0 0 0 0 0 0 0 0 0 0 0 0 0 0 0 0 0 0 0 0 0 0 0 0 0 0 0 0 0 0 0 0 0 0 0 dongzhenyu 4Сʱ_mousemovements
0 0 0 0 0 0 0 0 0 0 0 0 0 0 0 0 0 0 0 0 0 0 0 0 0 0 0 0 0 0 0 0 0 0 0 0 0 0 0 0 0 0 0 dongzhenyu 4Сʱ_mousemovements
439.0143585 1180.019751 1463.6596676666668 0 0 0 0 0 1878.953613 1256.0126950000001 844.3072510000001 0 272.547333 1204.2414092499998 0 0 0.1 0.2 0.2 0.0 0.1 0.4 0.0 0.0 558.45532375 0 0 1.0 0.0 0.0 0.2 0.5 0.3 0.0 0.0 0.0 0.0 0.0 0.42105263157894735 0.47368421052631576 0.10526315789473684 0.0 0.0 dongzhenyu 4Сʱ_mousemovements
220.6854635 837.518204 676.7196146666666 4701.691650000001 0 0 0 0 2795.214986333334 56.041878 127.4781625 1444.03418 1317.5004195000001 387.19347633333336 257.678436 115.30806 0.1875 0.0625 0.125 0.0625 0.25 0.1875 0.0625 0.0625 374.6169495813954 174.8234025 243.53515399999998 0.9148936170212766 0.0425531914893617 0.0425531914893617 0.375 0.3125 0.1875 0.125 0.0 0.0 0.0 0.0 0.5555555555555556 0.26666666666666666 0.06666666666666667 0.08888888888888889 0.022222222222222223 dongzhenyu 4Сʱ_mousemovements
258.3026962 1058.170021 0 2521.964966 0 0 0 0 1753.7431743333334 0 59.279346 0 554.7800333333333 1134.818054 656.81921 0 0.2727272727272727 0.0 0.09090909090909091 0.0 0.2727272727272727 0.18181818181818182 0.18181818181818182 0.0 299.3293026176471 0 97.731802 0.8947368421052632 0.0 0.10526315789473684 0.45454545454545453 0.36363636363636365 0.0 0.18181818181818182 0.0 0.0 0.0 0.0 0.5882352941176471 0.29411764705882354 0.11764705882352941 0.0 0.0 dongzhenyu 4Сʱ_mousemovements
0 0 0 0 0 0 0 0 0 0 0 0 0 0 0 0 0 0 0 0 0 0 0 0 0 0 0 0 0 0 0 0 0 0 0 0 0 0 0 0 0 0 0 dongzhenyu 4Сʱ_mousemovements
87.06756266666667 856.0351485 0 890.7136535000001 0 6475.901367 0 0 4010.463623 114.8882445 0 1396.143555 276.164085 31.426199 0 0 0.25 0.25 0.0 0.125 0.25 0.125 0.0 0.0 355.7425328148148 0 156.38831825 0.8709677419354839 0.0 0.12903225806451613 0.375 0.25 0.0 0.25 0.0 0.125 0.0 0.0 0.5 0.26666666666666666 0.16666666666666666 0.03333333333333333 0.03333333333333333 dongzhenyu 4Сʱ_mousemovements
195.88027884615383 1026.1421342727272 1648.5345205 0 4349.692871 0 0 0 2089.327148 772.9257368888889 804.7826312 700.6454715 406.523346 489.62241 1159.4594642000002 2231.244545 0.03225806451612903 0.2903225806451613 0.16129032258064516 0.06451612903225806 0.03225806451612903 0.1935483870967742 0.16129032258064516 0.06451612903225806 298.5194283406594 0 90.9639117 0.900990099009901 0.0 0.09900990099009901 0.41935483870967744 0.3548387096774194 0.1935483870967742 0.0 0.03225806451612903 0.0 0.0 0.0 0.5757575757575758 0.24242424242424243 0.12121212121212122 0.04040404040404041 0.020202020202020204 dongzhenyu 4Сʱ_mousemovements
66.13398225 610.8824613333333 4819.791992 2810.942627 1339.600342 0 0 0 1339.600342 7.692307 1265.24707 97.852875 3815.3673095000004 8.368158 164.8131635 388.396576 0.1 0.1 0.1 0.1 0.2 0.1 0.2 0.1 326.50306654545454 0 73.2292695 0.8918918918918919 0.0 0.10810810810810811 0.4 0.3 0.1 0.1 0.1 0.0 0.0 0.0 0.5555555555555556 0.3055555555555556 0.1111111111111111 0.027777777777777776 0.0 dongzhenyu 4Сʱ_mousemovements
175.376640625 413.652153 1661.2792055 0 0 0 0 0 1554.3825683333334 640.5432730000001 75.270975 0 413.4857755 133.751175 125.862137 0 0.17647058823529413 0.23529411764705882 0.11764705882352941 0.0 0.35294117647058826 0.058823529411764705 0.058823529411764705 0.0 204.04377271111107 349.82269299999996 78.258518 0.9 0.04 0.06 0.47058823529411764 0.29411764705882354 0.23529411764705882 0.0 0.0 0.0 0.0 0.0 0.625 0.14583333333333334 0.10416666666666667 0.10416666666666667 0.020833333333333332 dongzhenyu 4Сʱ_mousemovements
0 0 0 3728.0810545 0 0 0 0 0 0 0 0 4662.635254 2793.526855 0 0 0.0 0.0 0.0 0.0 0.5 0.5 0.0 0.0 932.020263625 0 0.0 0.8888888888888888 0.0 0.1111111111111111 0.0 0.0 0.0 1.0 0.0 0.0 0.0 0.0 0.75 0.25 0.0 0.0 0.0 dongzhenyu 4Сʱ_mousemovements
400.6633769999999 2331.679199 1080.0682675 2331.122559 0 0 0 0 547.547546 1283.3974157999999 0 0 1060.393799 0 0 0 0.14285714285714285 0.7142857142857143 0.0 0.0 0.14285714285714285 0.0 0.0 0.0 394.1666046 0 70.798166 0.9090909090909091 0.0 0.09090909090909091 0.42857142857142855 0.14285714285714285 0.2857142857142857 0.14285714285714285 0.0 0.0 0.0 0.0 0.6190476190476191 0.23809523809523808 0.09523809523809523 0.0 0.047619047619047616 dongzhenyu 4Сʱ_mousemovements
221.61413257142854 520.1563005 2199.757324 0 0 0 0 0 0 2199.757324 53.853046 163.606012 734.286194 158.71587 508.8837785 0 0.0 0.08333333333333333 0.08333333333333333 0.25 0.08333333333333333 0.16666666666666666 0.3333333333333333 0.0 163.16092802857142 53.853046 33.5979635 0.9210526315789473 0.02631578947368421 0.05263157894736842 0.5833333333333334 0.3333333333333333 0.08333333333333333 0.0 0.0 0.0 0.0 0.0 0.5882352941176471 0.2647058823529412 0.058823529411764705 0.08823529411764706 0.0 dongzhenyu 4Сʱ_mousemovements
207.50812075000002 811.733246 707.812805 0 0 0 0 0 0 0 0 0 272.5014356666667 779.1324056666666 6.410256 0 0.0 0.0 0.0 0.0 0.42857142857142855 0.42857142857142855 0.14285714285714285 0.0 104.94647896296296 0 109.25228266666666 0.9 0.0 0.1 0.5714285714285714 0.2857142857142857 0.14285714285714285 0.0 0.0 0.0 0.0 0.0 0.5 0.34615384615384615 0.07692307692307693 0.038461538461538464 0.038461538461538464 dongzhenyu 4Сʱ_mousemovements
128.79182087499998 1181.9608053333334 2098.112616555556 4086.377197 3804.3572590000003 3804.594971 0 0 2381.7958983333333 2922.9938355 694.184344 879.7476959999999 187.60826333333333 2213.6982725000003 2604.211792 0 0.1111111111111111 0.2222222222222222 0.18518518518518517 0.14814814814814814 0.1111111111111111 0.14814814814814814 0.07407407407407407 0.0 621.1991008356165 729.143188 46.4958688 0.9240506329113924 0.012658227848101266 0.06329113924050633 0.2857142857142857 0.21428571428571427 0.32142857142857145 0.03571428571428571 0.10714285714285714 0.03571428571428571 0.0 0.0 0.6266666666666667 0.28 0.08 0.0 0.013333333333333334 dongzhenyu 4Сʱ_mousemovements
192.408226 1196.4851031428573 0 2415.0201292 2962.34668 4089.007568 0 0 0 924.2800782 0 2677.9128416666667 2171.96167 368.08314900000005 1315.4672402499998 2569.295166 0.0 0.25 0.0 0.15 0.05 0.1 0.4 0.05 437.3494329375 0 110.98937733333334 0.9142857142857143 0.0 0.08571428571428572 0.3 0.35 0.0 0.25 0.05 0.05 0.0 0.0 0.6363636363636364 0.24242424242424243 0.015151515151515152 0.07575757575757576 0.030303030303030304 dongzhenyu 4Сʱ_mousemovements
292.5360525 652.6229365714286 1018.433941 0 0 0 0 0 1179.195089 1186.124634 0 18.313283 567.1306883333333 168.0309275 0 148.77813533333332 0.17647058823529413 0.058823529411764705 0.0 0.11764705882352941 0.35294117647058826 0.11764705882352941 0.0 0.17647058823529413 115.51365015068494 68.39306516666667 51.331002999999995 0.9012345679012346 0.07407407407407407 0.024691358024691357 0.47058823529411764 0.4117647058823529 0.11764705882352941 0.0 0.0 0.0 0.0 0.0 0.4084507042253521 0.43661971830985913 0.08450704225352113 0.056338028169014086 0.014084507042253521 dongzhenyu 4Сʱ_mousemovements
460.70748083333336 807.1051024999999 2283.082153 2811.852661 0 4622.624023 0 0 4622.624023 871.2833159999998 1400.94381725 0 1536.0442896666666 0 0 0 0.07692307692307693 0.38461538461538464 0.3076923076923077 0.0 0.23076923076923078 0.0 0.0 0.0 519.1158324166668 0 167.59292466666668 0.9230769230769231 0.0 0.07692307692307693 0.46153846153846156 0.15384615384615385 0.15384615384615385 0.15384615384615385 0.0 0.07692307692307693 0.0 0.0 0.6388888888888888 0.2777777777777778 0.027777777777777776 0.05555555555555555 0.0 dongzhenyu 4Сʱ_mousemovements
151.1973809 581.6648980000001 1698.7026612000002 222.169876 0 0 0 686.80426 0 268.587635 1080.513916 31.239447 87.7042368 1534.9151178333334 121.8376265 0 0.0 0.21052631578947367 0.05263157894736842 0.05263157894736842 0.2631578947368421 0.3157894736842105 0.10526315789473684 0.0 293.818331707317 31.239447 0 0.9761904761904762 0.023809523809523808 0.0 0.5263157894736842 0.10526315789473684 0.2631578947368421 0.05263157894736842 0.0 0.0 0.0 0.05263157894736842 0.6571428571428571 0.17142857142857143 0.08571428571428572 0.05714285714285714 0.02857142857142857 dongzhenyu 4Сʱ_mousemovements
168.081685 129.247726 2319.17041 3304.387939 0 0 0 0 0 0 0 192.02328433333332 0 57.422928 3304.387939 2319.17041 0.0 0.0 0.0 0.5 0.0 0.16666666666666666 0.16666666666666666 0.16666666666666666 360.1795770588236 0 66.99916 0.8947368421052632 0.0 0.10526315789473684 0.5 0.16666666666666666 0.16666666666666666 0.16666666666666666 0.0 0.0 0.0 0.0 0.5263157894736842 0.3684210526315789 0.05263157894736842 0.0 0.05263157894736842 dongzhenyu 4Сʱ_mousemovements
132.124466 1415.789185 1652.498291 0 0 0 0 0 0 0 132.124466 1534.1437380000002 0 0 0 0 0.0 0.0 0.3333333333333333 0.6666666666666666 0.0 0.0 0.0 0.0 340.9208306666667 0 132.124466 0.9 0.0 0.1 0.3333333333333333 0.3333333333333333 0.3333333333333333 0.0 0.0 0.0 0.0 0.0 0.8888888888888888 0.0 0.1111111111111111 0.0 0.0 dongzhenyu 4Сʱ_mousemovements
611.838684 0 0 0 0 0 0 0 0 0 0 0 0 611.838684 0 0 0.0 0.0 0.0 0.0 0.0 1.0 0.0 0.0 305.919342 0 0 1.0 0.0 0.0 1.0 0.0 0.0 0.0 0.0 0.0 0.0 0.0 1.0 0.0 0.0 0.0 0.0 dongzhenyu 4Сʱ_mousemovements
422.22161028571423 1562.9736346666666 3458.9248859999993 0 3639.9799805000002 0 5510.063477 0 2943.0872799999997 2043.7233414999998 0 0 1616.7600503333333 1455.8745152222225 0 0 0.09090909090909091 0.36363636363636365 0.0 0.0 0.13636363636363635 0.4090909090909091 0.0 0.0 672.689719 0 100.0837318 0.921875 0.0 0.078125 0.3181818181818182 0.4090909090909091 0.13636363636363635 0.0 0.09090909090909091 0.0 0.045454545454545456 0.0 0.6833333333333333 0.23333333333333334 0.05 0.03333333333333333 0.0 dongzhenyu 4Сʱ_mousemovements
0 0 0 0 0 0 0 0 0 0 0 0 0 0 0 0 0 0 0 0 0 0 0 0 0 0 0 0 0 0 0 0 0 0 0 0 0 0 0 0 0 0 0 dongzhenyu 4Сʱ_mousemovements
0 0 0 0 0 0 0 0 0 0 0 0 0 0 0 0 0 0 0 0 0 0 0 0 0 0 0 0 0 0 0 0 0 0 0 0 0 0 0 0 0 0 0 dongzhenyu 4Сʱ_mousemovements
182.19326 964.893494 806.123535 0 0 1286.863647 0 0 1286.863647 576.3670885 0 176.545837 806.123535 0 0 0 0.2 0.4 0.0 0.2 0.2 0.0 0.0 0.0 248.8020394615384 0 187.840683 0.9285714285714286 0.0 0.07142857142857142 0.4 0.2 0.2 0.0 0.0 0.2 0.0 0.0 0.38461538461538464 0.46153846153846156 0.15384615384615385 0.0 0.0 dongzhenyu 4Сʱ_mousemovements
237.9472933 1332.6731567142856 2199.111532 2847.829102 2625.565186 0 0 0 1974.915955 1038.8953626 1385.285767 2847.829102 1889.045166 1348.831772 410.40124014285715 244.309387 0.09090909090909091 0.22727272727272727 0.045454545454545456 0.045454545454545456 0.045454545454545456 0.18181818181818182 0.3181818181818182 0.045454545454545456 353.30320766666676 0 65.84317257142857 0.9041095890410958 0.0 0.0958904109589041 0.45454545454545453 0.3181818181818182 0.13636363636363635 0.045454545454545456 0.045454545454545456 0.0 0.0 0.0 0.6470588235294118 0.27941176470588236 0.04411764705882353 0.029411764705882353 0.0 dongzhenyu 4Сʱ_mousemovements
0 0 0 0 0 0 0 0 0 0 0 0 0 0 0 0 0 0 0 0 0 0 0 0 0.0 0 0 1.0 0.0 0.0 0 0 0 0 0 0 0 0 0.8571428571428571 0.0 0.14285714285714285 0.0 0.0 dongzhenyu 4Сʱ_mousemovements
334.1389465 0 1397.39502 0 1413.369385 0 0 0 0 1397.39502 399.459869 0 268.818024 0 0 1413.369385 0.0 0.25 0.25 0.0 0.25 0.0 0.0 0.25 497.0060425714286 0 0 1.0 0.0 0.0 0.5 0.0 0.25 0.0 0.25 0.0 0.0 0.0 0.3333333333333333 0.6666666666666666 0.0 0.0 0.0 dongzhenyu 4Сʱ_mousemovements
297.07680957142856 1464.4380495000003 2139.9131106 2289.181885 2983.0732424999997 0 0 0 0 1724.6302015 1775.6837047500003 1305.322266 302.06145475 1671.203667 1777.5231933333334 2938.3396 0.0 0.19047619047619047 0.19047619047619047 0.047619047619047616 0.19047619047619047 0.19047619047619047 0.14285714285714285 0.047619047619047616 537.6293353965517 0 72.01152625 0.9354838709677419 0.0 0.06451612903225806 0.3333333333333333 0.19047619047619047 0.23809523809523808 0.14285714285714285 0.09523809523809523 0.0 0.0 0.0 0.6440677966101694 0.2711864406779661 0.01694915254237288 0.03389830508474576 0.03389830508474576 dongzhenyu 4Сʱ_mousemovements
110.779648 993.0955505 0 1890.406982 0 0 0 0 0 1492.3701780000001 0 0 0 0 501.31868749999995 0 0.0 0.5 0.0 0.0 0.0 0.0 0.5 0.0 323.04984025 0 110.779648 0.9230769230769231 0.0 0.07692307692307693 0.25 0.5 0.0 0.25 0.0 0.0 0.0 0.0 0.5833333333333334 0.25 0.08333333333333333 0.08333333333333333 0.0 dongzhenyu 4Сʱ_mousemovements
252.85023875000005 829.8965760000001 3341.498779 2894.552002 3441.689209 0 0 0 0 2123.4108276666666 32.033844 0 451.38139350000006 1255.5991185 0 0 0.0 0.25 0.08333333333333333 0.0 0.16666666666666666 0.5 0.0 0.0 442.2970895454545 0 80.93995666666667 0.9166666666666666 0.0 0.08333333333333333 0.3333333333333333 0.4166666666666667 0.08333333333333333 0.08333333333333333 0.08333333333333333 0.0 0.0 0.0 0.7058823529411765 0.17647058823529413 0.08823529411764706 0.029411764705882353 0.0 dongzhenyu 4Сʱ_mousemovements
9.132421 725.9626184999998 0 0 0 0 0 0 0 1276.664429 1026.343262 137.670975 157.73175 0 1020.968628 736.396667 0.0 0.16666666666666666 0.16666666666666666 0.16666666666666666 0.16666666666666666 0.0 0.16666666666666666 0.16666666666666666 184.56240845454545 0 101.51171533333333 0.88 0.0 0.12 0.14285714285714285 0.8571428571428571 0.0 0.0 0.0 0.0 0.0 0.0 0.6190476190476191 0.23809523809523808 0.0 0.14285714285714285 0.0 dongzhenyu 4Сʱ_mousemovements
0 0 0 0 0 0 0 0 0 0 0 0 0 0 0 0 0 0 0 0 0 0 0 0 0 0 0 0 0 0 0 0 0 0 0 0 0 0 0 0 0 0 0 dongzhenyu 4Сʱ_mousemovements
0 0 0 0 0 0 0 0 0 0 0 0 0 0 0 0 0 0 0 0 0 0 0 0 0 0 0 0 0 0 0 0 0 0 0 0 0 0 0 0 0 0 0 dongzhenyu 4Сʱ_mousemovements
93.729298 1335.9645296 2782.7210693333327 0 0 0 0 0 212.834641 2004.9037018333331 104.823647 0 0 2785.729004 82.634949 0 0.1 0.6 0.1 0.0 0.0 0.1 0.1 0.0 577.999456 0 93.729298 0.9285714285714286 0.0 0.07142857142857142 0.2 0.5 0.3 0.0 0.0 0.0 0.0 0.0 0.5555555555555556 0.3333333333333333 0.037037037037037035 0.07407407407407407 0.0 dongzhenyu 4Сʱ_mousemovements
139.624634 174.1426315 1176.2205655 0 0 3247.094482 0 0 0 393.558563 178.281677 0 0 1378.9013174999998 0 0 0.0 0.16666666666666666 0.16666666666666666 0.0 0.0 0.6666666666666666 0.0 0.0 320.9898494444444 0 154.81411 0.9 0.0 0.1 0.16666666666666666 0.3333333333333333 0.3333333333333333 0.0 0.0 0.16666666666666666 0.0 0.0 0.6111111111111112 0.16666666666666666 0.05555555555555555 0.16666666666666666 0.0 dongzhenyu 4Сʱ_mousemovements
47.223078199999996 1307.151123 1698.412842 3209.472656 3763.469238 0 0 6850.183594 6850.183594 152.3874095 1302.266357 1297.3230983333335 38.692719 2543.2557779999997 52.714691 0 0.08333333333333333 0.16666666666666666 0.08333333333333333 0.25 0.08333333333333333 0.25 0.08333333333333333 0.0 434.3485894 0 87.44704766666666 0.8823529411764706 0.0 0.11764705882352941 0.4166666666666667 0.16666666666666666 0.16666666666666666 0.08333333333333333 0.08333333333333333 0.0 0.0 0.08333333333333333 0.64 0.2 0.04 0.12 0.0 dongzhenyu 4Сʱ_mousemovements
38.82149191666667 1170.2926635000001 2146.12207 3184.739339333333 3084.168457 0 0 0 9.09772 1189.141876 0 907.3632938333334 18.867924 906.0018883333333 976.730304 1745.4393083333334 0.05 0.15 0.0 0.3 0.05 0.15 0.15 0.15 226.83814202325578 7.2776575 189.89547149999999 0.9148936170212766 0.06382978723404255 0.02127659574468085 0.5714285714285714 0.19047619047619047 0.047619047619047616 0.14285714285714285 0.047619047619047616 0.0 0.0 0.0 0.5930232558139535 0.26744186046511625 0.10465116279069768 0.03488372093023256 0.0 dongzhenyu 4Сʱ_mousemovements
25.02288930769231 1259.617645 0 0 0 0 0 0 4.712535 141.394577 1259.617645 5.231038 4.9190875 8.068872 0 59.5260795 0.08333333333333333 0.08333333333333333 0.16666666666666666 0.08333333333333333 0.3333333333333333 0.08333333333333333 0.0 0.16666666666666666 33.0939885064935 4.313418666666667 128.737484 0.875 0.10227272727272728 0.022727272727272728 0.8666666666666667 0.13333333333333333 0.0 0.0 0.0 0.0 0.0 0.0 0.37037037037037035 0.3950617283950617 0.09876543209876543 0.09876543209876543 0.037037037037037035 dongzhenyu 4Сʱ_mousemovements
90.01942333333334 1985.93335 2633.950276666667 0 0 0 0 0 854.51931 37.088406 0 0 2102.928856 0 0 0 0.2857142857142857 0.14285714285714285 0.0 0.0 0.5714285714285714 0.0 0.0 0.0 506.95798935000005 0 18.682663 0.9523809523809523 0.0 0.047619047619047616 0.42857142857142855 0.14285714285714285 0.42857142857142855 0.0 0.0 0.0 0.0 0.0 0.6842105263157895 0.05263157894736842 0.15789473684210525 0.05263157894736842 0.05263157894736842 dongzhenyu 4Сʱ_mousemovements
0 0 0 0 0 0 0 0 0 0 0 0 0 0 0 0 0 0 0 0 0 0 0 0 0 0 0 0 0 0 0 0 0 0 0 0 0 0 0 0 0 0 0 dongzhenyu 4Сʱ_mousemovements
106.5748462 0 0 0 0 0 0 0 0 11.764706 0 0 0 459.236237 45.27919 12.820513 0.0 0.25 0.0 0.0 0.0 0.25 0.25 0.25 38.06244507142857 0 0 1.0 0.0 0.0 1.0 0.0 0.0 0.0 0.0 0.0 0.0 0.0 0.7692307692307693 0.0 0.07692307692307693 0.07692307692307693 0.07692307692307693 dongzhenyu 4Сʱ_mousemovements
0 0 0 0 0 0 0 0 0 0 0 0 0 0 0 0 0 0 0 0 0 0 0 0 0 0 0 0 0 0 0 0 0 0 0 0 0 0 0 0 0 0 0 dongzhenyu 4Сʱ_mousemovements
0 0 0 0 0 0 0 0 0 0 0 0 0 0 0 0 0 0 0 0 0 0 0 0 0 0 0 0 0 0 0 0 0 0 0 0 0 0 0 0 0 0 0 dongzhenyu 4Сʱ_mousemovements
202.2651291666667 1573.188441 2981.23132325 3848.0126139999998 0 0 0 974.267456 2750.279053 2344.690372 200.794373 523.1203 148.022598 2053.2624786 0 75.025368 0.058823529411764705 0.4117647058823529 0.058823529411764705 0.058823529411764705 0.058823529411764705 0.29411764705882354 0.0 0.058823529411764705 592.9351781836734 0 264.5125916 0.9074074074074074 0.0 0.09259259259259259 0.35294117647058826 0.17647058823529413 0.23529411764705882 0.17647058823529413 0.0 0.0 0.0 0.058823529411764705 0.74 0.16 0.04 0.04 0.02 dongzhenyu 4Сʱ_mousemovements
51.81594857142858 892.120468 1749.2563066666664 1857.827271 4217.159668 0 0 0 402.236053 2105.6459390000005 0 0 497.014262 1108.6276141666665 17.64050675 0 0.05555555555555555 0.2222222222222222 0.0 0.0 0.16666666666666666 0.3333333333333333 0.2222222222222222 0.0 342.5305759166667 0 149.18066575 0.9230769230769231 0.0 0.07692307692307693 0.3888888888888889 0.3333333333333333 0.16666666666666666 0.05555555555555555 0.05555555555555555 0.0 0.0 0.0 0.6938775510204082 0.1836734693877551 0.08163265306122448 0.02040816326530612 0.02040816326530612 dongzhenyu 4Сʱ_mousemovements
354.44162 978.0922973999999 1739.409831 2132.6092835 0 0 0 0 2003.815186 1508.5415856666666 1731.1953735 737.2667133333333 1501.1047365 279.719162 1238.74469 45.520447 0.05555555555555555 0.16666666666666666 0.1111111111111111 0.16666666666666666 0.1111111111111111 0.1111111111111111 0.2222222222222222 0.05555555555555555 441.0051298372093 1273.496948 176.35343433333333 0.9148936170212766 0.02127659574468085 0.06382978723404255 0.3333333333333333 0.2777777777777778 0.16666666666666666 0.2222222222222222 0.0 0.0 0.0 0.0 0.7045454545454546 0.18181818181818182 0.045454545454545456 0.06818181818181818 0.0 dongzhenyu 4Сʱ_mousemovements
115.258408 1107.1598780000002 310.554047 3291.416504 3866.037842 0 0 0 0 1466.6331942000002 693.661919 0 0 3291.416504 0 0 0.0 0.625 0.25 0.0 0.0 0.125 0.0 0.0 457.30396976000003 0 193.10235633333332 0.8928571428571429 0.0 0.10714285714285714 0.125 0.5 0.125 0.125 0.125 0.0 0.0 0.0 0.5384615384615384 0.34615384615384615 0.038461538461538464 0.07692307692307693 0.0 dongzhenyu 4Сʱ_mousemovements
247.9884034 1194.442314 817.710449 2690.9868165 0 4074.489014 0 0 0 1385.8216606666665 530.6158826666667 0 1254.5894314999998 2071.134762 1297.0411173333334 0 0.0 0.23076923076923078 0.23076923076923078 0.0 0.15384615384615385 0.15384615384615385 0.23076923076923078 0.0 388.6928234634147 0 88.86965175 0.9111111111111111 0.0 0.08888888888888889 0.38461538461538464 0.3076923076923077 0.07692307692307693 0.15384615384615385 0.0 0.07692307692307693 0.0 0.0 0.5714285714285714 0.2619047619047619 0.07142857142857142 0.09523809523809523 0.0 dongzhenyu 4Сʱ_mousemovements
0 0 0 0 0 0 0 0 0 0 0 0 0 0 0 0 0 0 0 0 0 0 0 0 0 0 0 0 0 0 0 0 0 0 0 0 0 0 0 0 0 0 0 dongzhenyu 4Сʱ_mousemovements
0 0 0 0 0 0 0 0 0 0 0 0 0 0 0 0 0 0 0 0 0 0 0 0 0 0 0 0 0 0 0 0 0 0 0 0 0 0 0 0 0 0 0 dongzhenyu 4Сʱ_mousemovements
159.59636663636363 717.5450577333335 2692.83831775 2085.438944666667 4102.23229975 3469.248291 0 0 691.947083 1593.6373222 959.2963746000001 306.237518 2197.4228212499997 1955.7992553333331 192.80232816666668 72.422623 0.02631578947368421 0.2631578947368421 0.13157894736842105 0.02631578947368421 0.10526315789473684 0.23684210526315788 0.15789473684210525 0.05263157894736842 399.99441772268915 0 121.68318566666667 0.8880597014925373 0.0 0.11194029850746269 0.2894736842105263 0.39473684210526316 0.10526315789473684 0.07894736842105263 0.10526315789473684 0.02631578947368421 0.0 0.0 0.5725190839694656 0.2748091603053435 0.061068702290076333 0.07633587786259542 0.015267175572519083 dongzhenyu 4Сʱ_mousemovements
238.67488939999998 0 0 0 0 0 0 0 50.842121 100.585953 0 0 12.206993 100.996521 928.742859 0 0.2 0.2 0.0 0.0 0.2 0.2 0.2 0.0 40.02153707407407 0 37.597648666666664 0.9 0.0 0.1 1.0 0.0 0.0 0.0 0.0 0.0 0.0 0.0 0.4827586206896552 0.3103448275862069 0.034482758620689655 0.13793103448275862 0.034482758620689655 dongzhenyu 4Сʱ_mousemovements
0 0 0 0 0 0 0 0 0 0 0 0 0 0 0 0 0 0 0 0 0 0 0 0 0 0 0 0 0 0 0 0 0 0 0 0 0 0 0 0 0 0 0 dongzhenyu 4Сʱ_mousemovements
340.83194799999995 1973.7070924999998 2276.166992 2512.5247393333334 3119.308594 0 0 0 1076.4096476666666 2781.3102213333336 1477.937134 3.099465 3.205128 805.9990029999999 0 2312.952148 0.21428571428571427 0.21428571428571427 0.14285714285714285 0.07142857142857142 0.07142857142857142 0.21428571428571427 0.0 0.07142857142857142 401.2496465 3.1522965000000003 0 0.96 0.04 0.0 0.5 0.14285714285714285 0.07142857142857142 0.21428571428571427 0.07142857142857142 0.0 0.0 0.0 0.7045454545454546 0.13636363636363635 0.06818181818181818 0.06818181818181818 0.022727272727272728 dongzhenyu 4Сʱ_mousemovements
120.06332025 1793.38536825 2196.900635 3359.515381 0 0 0 0 0 123.920559 161.370407 272.228119 0 2066.3740982 2196.900635 0 0.0 0.2 0.1 0.1 0.0 0.5 0.1 0.0 433.786979137931 119.386752 272.228119 0.8787878787878788 0.09090909090909091 0.030303030303030304 0.4 0.4 0.1 0.1 0.0 0.0 0.0 0.0 0.6451612903225806 0.16129032258064516 0.0967741935483871 0.06451612903225806 0.03225806451612903 dongzhenyu 4Сʱ_mousemovements
0 0 0 0 0 0 0 0 0 0 0 0 0 0 0 0 0 0 0 0 0 0 0 0 0 0 0 0 0 0 0 0 0 0 0 0 0 0 0 0 0 0 0 dongzhenyu 4Сʱ_mousemovements
0 0 0 0 0 0 0 0 0 0 0 0 0 0 0 0 0 0 0 0 0 0 0 0 0 0 0 0 0 0 0 0 0 0 0 0 0 0 0 0 0 0 0 dongzhenyu 4Сʱ_mousemovements
0 0 0 0 0 0 0 0 0 0 0 0 0 0 0 0 0 0 0 0 0 0 0 0 0 0 0 0 0 0 0 0 0 0 0 0 0 0 0 0 0 0 0 dongzhenyu 4Сʱ_mousemovements
0 0 0 0 0 0 0 0 0 0 0 0 0 0 0 0 0 0 0 0 0 0 0 0 0 0 0 0 0 0 0 0 0 0 0 0 0 0 0 0 0 0 0 dongzhenyu 4Сʱ_mousemovements
55.335083 440.656464 0 2289.230713 0 0 0 0 0 55.335083 0 440.656464 2289.230713 0 0 0 0.0 0.3333333333333333 0.0 0.3333333333333333 0.3333333333333333 0.0 0.0 0.0 303.32079744444445 0 55.335083 0.9 0.0 0.1 0.3333333333333333 0.3333333333333333 0.0 0.3333333333333333 0.0 0.0 0.0 0.0 0.6666666666666666 0.2222222222222222 0.1111111111111111 0.0 0.0 dongzhenyu 4Сʱ_mousemovements
0 0 0 0 0 0 0 0 0 0 0 0 0 0 0 0 0 0 0 0 0 0 0 0 0 0 0 0 0 0 0 0 0 0 0 0 0 0 0 0 0 0 0 dongzhenyu 4Сʱ_mousemovements
0 0 0 0 0 0 0 0 0 0 0 0 0 0 0 0 0 0 0 0 0 0 0 0 0 0 0 0 0 0 0 0 0 0 0 0 0 0 0 0 0 0 0 dongzhenyu 4Сʱ_mousemovements
381.31949311111106 198.693451 1338.6325318 3624.671582 0 0 0 0 198.693451 3139.800008333333 2935.267781666667 208.1844865 1474.249664 898.48053 587.0404474 941.5471896666667 0.09523809523809523 0.14285714285714285 0.14285714285714285 0.09523809523809523 0.09523809523809523 0.047619047619047616 0.23809523809523808 0.14285714285714285 457.15766356896563 1074.621216 176.00286766666667 0.8923076923076924 0.015384615384615385 0.09230769230769231 0.42857142857142855 0.09523809523809523 0.23809523809523808 0.23809523809523808 0.0 0.0 0.0 0.0 0.5714285714285714 0.31746031746031744 0.047619047619047616 0.031746031746031744 0.031746031746031744 dongzhenyu 4Сʱ_mousemovements
0 0 0 0 0 0 0 0 0 0 0 0 0 0 0 0 0 0 0 0 0 0 0 0 0 0 0 0 0 0 0 0 0 0 0 0 0 0 0 0 0 0 0 dongzhenyu 4Сʱ_mousemovements
0 0 0 0 0 0 0 0 0 0 0 0 0 0 0 0 0 0 0 0 0 0 0 0 0 0 0 0 0 0 0 0 0 0 0 0 0 0 0 0 0 0 0 dongzhenyu 4Сʱ_mousemovements
122.64556420000001 918.001465 1585.225779333333 2580.610352 3448.074219 0 0 0 0 0 1506.4316024999998 0 0 2352.5158695 191.6499785 1162.401827 0.0 0.0 0.3333333333333333 0.0 0.0 0.16666666666666666 0.16666666666666666 0.3333333333333333 445.3402880588235 25.641026 198.81819800000002 0.8947368421052632 0.02631578947368421 0.07894736842105263 0.4166666666666667 0.08333333333333333 0.25 0.08333333333333333 0.16666666666666666 0.0 0.0 0.0 0.5675675675675675 0.24324324324324326 0.10810810810810811 0.05405405405405406 0.02702702702702703 dongzhenyu 4Сʱ_mousemovements
0 0 0 0 0 0 0 0 0 0 0 0 0 0 0 0 0 0 0 0 0 0 0 0 0 0 0 0 0 0 0 0 0 0 0 0 0 0 0 0 0 0 0 dongzhenyu 4Сʱ_mousemovements
0 0 0 0 0 0 0 0 0 0 0 0 0 0 0 0 0 0 0 0 0 0 0 0 0 0 0 0 0 0 0 0 0 0 0 0 0 0 0 0 0 0 0 dongzhenyu 4Сʱ_mousemovements
0 0 0 0 0 0 0 0 0 0 0 0 0 0 0 0 0 0 0 0 0 0 0 0 0 0 0 0 0 0 0 0 0 0 0 0 0 0 0 0 0 0 0 dongzhenyu 4Сʱ_mousemovements
0 0 0 0 0 0 0 0 0 0 0 0 0 0 0 0 0 0 0 0 0 0 0 0 0 0 0 0 0 0 0 0 0 0 0 0 0 0 0 0 0 0 0 dongzhenyu 4Сʱ_mousemovements
404.464882 355.680176 0 2759.9846495 0 6458.859863 0 0 5539.7185055 732.045044 0 0 899.392151 216.28244800000002 0 0 0.3333333333333333 0.16666666666666666 0.0 0.0 0.16666666666666666 0.3333333333333333 0.0 0.0 933.325313 0 76.88472 0.9333333333333333 0.0 0.06666666666666667 0.3333333333333333 0.16666666666666666 0.0 0.3333333333333333 0.0 0.16666666666666666 0.0 0.0 0.5333333333333333 0.3333333333333333 0.13333333333333333 0.0 0.0 dongzhenyu 4Сʱ_mousemovements
221.3087846666667 1142.511353 1890.123901 3507.715088 0 0 0 0 0 1786.034714 0 0 1142.511353 1221.6207275 46.45446 0 0.0 0.3333333333333333 0.0 0.0 0.16666666666666666 0.3333333333333333 0.16666666666666666 0.0 373.3404155789474 0 55.404399999999995 0.9047619047619048 0.0 0.09523809523809523 0.5 0.16666666666666666 0.16666666666666666 0.16666666666666666 0.0 0.0 0.0 0.0 0.8 0.1 0.0 0.1 0.0 dongzhenyu 4Сʱ_mousemovements
123.55812066666665 1004.7588195 0 0 0 0 0 0 0 0 0 1167.308838 421.1044005 287.513855 83.160507 0 0.0 0.0 0.0 0.2 0.4 0.2 0.2 0.0 238.01920009999998 0 0 1.0 0.0 0.0 0.6 0.4 0.0 0.0 0.0 0.0 0.0 0.0 0.5555555555555556 0.3333333333333333 0.0 0.1111111111111111 0.0 dongzhenyu 4Сʱ_mousemovements
0 0 0 0 0 0 0 0 0 0 0 0 0 0 0 0 0 0 0 0 0 0 0 0 0 0 0 0 0 0 0 0 0 0 0 0 0 0 0 0 0 0 0 dongzhenyu 4Сʱ_mousemovements
0 0 0 0 0 0 0 0 0 0 0 0 0 0 0 0 0 0 0 0 0 0 0 0 0 0 0 0 0 0 0 0 0 0 0 0 0 0 0 0 0 0 0 dongzhenyu 4Сʱ_mousemovements
0 0 0 0 0 0 0 0 0 0 0 0 0 0 0 0 0 0 0 0 0 0 0 0 0 0 0 0 0 0 0 0 0 0 0 0 0 0 0 0 0 0 0 dongzhenyu 4Сʱ_mousemovements
0 0 0 0 0 0 0 0 0 0 0 0 0 0 0 0 0 0 0 0 0 0 0 0 0 0 0 0 0 0 0 0 0 0 0 0 0 0 0 0 0 0 0 dongzhenyu 4Сʱ_mousemovements
0 0 0 0 0 0 0 0 0 0 0 0 0 0 0 0 0 0 0 0 0 0 0 0 0 0 0 0 0 0 0 0 0 0 0 0 0 0 0 0 0 0 0 dongzhenyu 4Сʱ_mousemovements
0 0 0 0 0 0 0 0 0 0 0 0 0 0 0 0 0 0 0 0 0 0 0 0 0 0 0 0 0 0 0 0 0 0 0 0 0 0 0 0 0 0 0 dongzhenyu 4Сʱ_mousemovements
0 0 0 0 0 0 0 0 0 0 0 0 0 0 0 0 0 0 0 0 0 0 0 0 0 0 0 0 0 0 0 0 0 0 0 0 0 0 0 0 0 0 0 dongzhenyu 4Сʱ_mousemovements
0 0 0 0 0 0 0 0 0 0 0 0 0 0 0 0 0 0 0 0 0 0 0 0 0 0 0 0 0 0 0 0 0 0 0 0 0 0 0 0 0 0 0 dongzhenyu 4Сʱ_mousemovements
0 0 0 0 0 0 0 0 0 0 0 0 0 0 0 0 0 0 0 0 0 0 0 0 0 0 0 0 0 0 0 0 0 0 0 0 0 0 0 0 0 0 0 dongzhenyu 4Сʱ_mousemovements
0 0 0 0 0 0 0 0 0 0 0 0 0 0 0 0 0 0 0 0 0 0 0 0 0 0 0 0 0 0 0 0 0 0 0 0 0 0 0 0 0 0 0 dongzhenyu 4Сʱ_mousemovements
0 0 0 0 0 0 0 0 0 0 0 0 0 0 0 0 0 0 0 0 0 0 0 0 0 0 0 0 0 0 0 0 0 0 0 0 0 0 0 0 0 0 0 dongzhenyu 4Сʱ_mousemovements
0 0 0 0 0 0 0 0 0 0 0 0 0 0 0 0 0 0 0 0 0 0 0 0 0 0 0 0 0 0 0 0 0 0 0 0 0 0 0 0 0 0 0 dongzhenyu 4Сʱ_mousemovements
0 0 0 0 0 0 0 0 0 0 0 0 0 0 0 0 0 0 0 0 0 0 0 0 0 0 0 0 0 0 0 0 0 0 0 0 0 0 0 0 0 0 0 dongzhenyu 4Сʱ_mousemovements
0 0 0 0 0 0 0 0 0 0 0 0 0 0 0 0 0 0 0 0 0 0 0 0 0 0 0 0 0 0 0 0 0 0 0 0 0 0 0 0 0 0 0 dongzhenyu 4Сʱ_mousemovements
0 0 0 0 0 0 0 0 0 0 0 0 0 0 0 0 0 0 0 0 0 0 0 0 0 0 0 0 0 0 0 0 0 0 0 0 0 0 0 0 0 0 0 dongzhenyu 4Сʱ_mousemovements
0 0 0 0 0 0 0 0 0 0 0 0 0 0 0 0 0 0 0 0 0 0 0 0 0 0 0 0 0 0 0 0 0 0 0 0 0 0 0 0 0 0 0 dongzhenyu 4Сʱ_mousemovements
0 0 0 0 0 0 0 0 0 0 0 0 0 0 0 0 0 0 0 0 0 0 0 0 0 0 0 0 0 0 0 0 0 0 0 0 0 0 0 0 0 0 0 dongzhenyu 4Сʱ_mousemovements
469.79533485714285 1796.5543899166667 2361.723802444444 1779.6552425 0 2785.55542 0 0 0 1710.4094898333333 0 0 1722.54241575 1588.5575990000002 2190.633911 0 0.0 0.3870967741935484 0.0 0.0 0.12903225806451613 0.41935483870967744 0.06451612903225806 0.0 638.8504642469137 0 140.1425092 0.9418604651162791 0.0 0.05813953488372093 0.22580645161290322 0.3870967741935484 0.2903225806451613 0.06451612903225806 0.0 0.03225806451612903 0.0 0.0 0.7317073170731707 0.15853658536585366 0.06097560975609756 0.036585365853658534 0.012195121951219513 dongzhenyu 4Сʱ_mousemovements
245.29883785714287 1414.1374144000001 1910.535369833333 0 0 0 0 0 0 1450.4635893999998 1413.9387055 0 21.744894 1102.7443194285713 809.9468893333333 0 0.0 0.2777777777777778 0.1111111111111111 0.0 0.05555555555555555 0.3888888888888889 0.16666666666666666 0.0 365.27517700000004 0 105.22631959999998 0.9152542372881356 0.0 0.0847457627118644 0.3888888888888889 0.2777777777777778 0.3333333333333333 0.0 0.0 0.0 0.0 0.0 0.6481481481481481 0.2037037037037037 0.09259259259259259 0.05555555555555555 0.0 dongzhenyu 4Сʱ_mousemovements
203.32184657142855 568.0411301666667 1400.8879239999999 3072.950073 0 0 0 0 0 1121.7827291249998 27.642851 797.475128 73.90155 1364.4719257499999 150.76911866666669 0 0.0 0.42105263157894735 0.05263157894736842 0.10526315789473684 0.05263157894736842 0.21052631578947367 0.15789473684210525 0.0 206.7702075844156 0 94.23508071428571 0.9166666666666666 0.0 0.08333333333333333 0.3684210526315789 0.3157894736842105 0.21052631578947367 0.10526315789473684 0.0 0.0 0.0 0.0 0.7333333333333333 0.10666666666666667 0.06666666666666667 0.08 0.013333333333333334 dongzhenyu 4Сʱ_mousemovements
264.23285164285716 1269.2335408333333 1739.6640626666667 2394.487061 1307.805054 0 0 0 0 1319.9904374 474.20340580000004 2065.743408 161.445328 685.2419835 337.9783556666667 978.1001377499999 0.0 0.2 0.2 0.04 0.04 0.24 0.12 0.16 264.8429133802817 456.3840825 74.19006514285715 0.8875 0.025 0.0875 0.56 0.24 0.12 0.04 0.04 0.0 0.0 0.0 0.5194805194805194 0.36363636363636365 0.03896103896103896 0.06493506493506493 0.012987012987012988 dongzhenyu 4Сʱ_mousemovements
0 222.470581 0 0 0 0 0 0 0 0 0 222.470581 0 0 0 0 0.0 0.0 0.0 1.0 0.0 0.0 0.0 0.0 0.0 0 222.470581 0.8571428571428571 0.0 0.14285714285714285 0.0 1.0 0.0 0.0 0.0 0.0 0.0 0.0 0.6666666666666666 0.16666666666666666 0.16666666666666666 0.0 0.0 dongzhenyu 4Сʱ_mousemovements
0 0 0 0 0 0 0 0 0 0 0 0 0 0 0 0 0 0 0 0 0 0 0 0 0 0 0 0 0 0 0 0 0 0 0 0 0 0 0 0 0 0 0 dongzhenyu 4Сʱ_mousemovements
232.1423812 1322.4238325714284 2739.589192333333 3700.029907 0 0 0 0 1108.2513425 1992.8222569999998 3134.387085 0 651.6268876 788.430679 624.8806832 0 0.09090909090909091 0.22727272727272727 0.09090909090909091 0.0 0.22727272727272727 0.13636363636363635 0.22727272727272727 0.0 508.8805332264151 0 56.6374425 0.9298245614035088 0.0 0.07017543859649122 0.45454545454545453 0.3181818181818182 0.13636363636363635 0.09090909090909091 0.0 0.0 0.0 0.0 0.4807692307692308 0.3269230769230769 0.11538461538461539 0.057692307692307696 0.019230769230769232 dongzhenyu 4Сʱ_mousemovements
565.7236583333334 196.688431 1689.770874 2590.811035 3215.1188965 0 0 0 110.028786 1401.4011365 0 2590.811035 0 2149.1173705 0 0 0.125 0.5 0.0 0.125 0.0 0.25 0.0 0.0 474.3377254230769 0 135.9491235 0.9285714285714286 0.0 0.07142857142857142 0.375 0.125 0.125 0.125 0.25 0.0 0.0 0.0 0.84 0.0 0.04 0.08 0.04 dongzhenyu 4Сʱ_mousemovements
0 0 0 0 0 0 0 0 0 0 0 0 0 0 0 0 0 0 0 0 0 0 0 0 0 0 0 0 0 0 0 0 0 0 0 0 0 0 0 0 0 0 0 dongzhenyu 4Сʱ_mousemovements
0 0 0 0 0 0 0 0 0 0 0 0 0 0 0 0 0 0 0 0 0 0 0 0 0 0 0 0 0 0 0 0 0 0 0 0 0 0 0 0 0 0 0 dongzhenyu 4Сʱ_mousemovements
0 0 0 0 0 0 0 0 0 0 0 0 0 0 0 0 0 0 0 0 0 0 0 0 0 0 0 0 0 0 0 0 0 0 0 0 0 0 0 0 0 0 0 dongzhenyu 4Сʱ_mousemovements
