99.0146628 253.0955505 300.535156 393.521423 1214.772583 661.2862245 783.6216585000001 0 82.18292566666666 90.04074424999999 770.6377640000001 0 201.062286 0 353.80609875 587.308594 0.15789473684210525 0.21052631578947367 0.21052631578947367 0.0 0.15789473684210525 0.0 0.21052631578947367 0.05263157894736842 65.24627166101695 0 271.71695877777785 0.8676470588235294 0.0 0.1323529411764706 0.5263157894736842 0.10526315789473684 0.05263157894736842 0.05263157894736842 0.05263157894736842 0.10526315789473684 0.10526315789473684 0.0 0.5238095238095238 0.1746031746031746 0.15873015873015872 0.1111111111111111 0.031746031746031744 dongzhenyu 9Сʱ_mousemovements
0 0 0 1222.598999 0 575.566711 0 0 575.566711 0 0 0 0 1222.598999 0 0 0.5 0.0 0.0 0.0 0.0 0.5 0.0 0.0 152.824874875 0 575.566711 0.8888888888888888 0.0 0.1111111111111111 0.0 0.0 0.0 0.5 0.0 0.5 0.0 0.0 0.5714285714285714 0.2857142857142857 0.14285714285714285 0.0 0.0 dongzhenyu 9Сʱ_mousemovements
0 0 0 0 0 0 0 0 0 0 0 0 0 0 0 0 0 0 0 0 0 0 0 0 0 0 0 0 0 0 0 0 0 0 0 0 0 0 0 0 0 0 0 dongzhenyu 9Сʱ_mousemovements
0 0 0 0 0 0 0 0 0 0 0 0 0 0 0 0 0 0 0 0 0 0 0 0 0 0 0 0 0 0 0 0 0 0 0 0 0 0 0 0 0 0 0 dongzhenyu 9Сʱ_mousemovements
0 0 0 0 0 0 0 0 0 0 0 0 0 0 0 0 0 0 0 0 0 0 0 0 0 0 0 0 0 0 0 0 0 0 0 0 0 0 0 0 0 0 0 dongzhenyu 9Сʱ_mousemovements
0 0 0 0 0 0 0 0 0 0 0 0 0 0 0 0 0 0 0 0 0 0 0 0 0 0 0 0 0 0 0 0 0 0 0 0 0 0 0 0 0 0 0 dongzhenyu 9Сʱ_mousemovements
1087.242432 0 0 0 0 0 0 0 0 0 0 0 0 1087.242432 0 0 0.0 0.0 0.0 0.0 0.0 1.0 0.0 0.0 543.621216 0 0 1.0 0.0 0.0 1.0 0.0 0.0 0.0 0.0 0.0 0.0 0.0 1.0 0.0 0.0 0.0 0.0 dongzhenyu 9Сʱ_mousemovements
0 0 0 0 0 0 0 0 0 0 0 0 0 0 0 0 0 0 0 0 0 0 0 0 0 0 0 0 0 0 0 0 0 0 0 0 0 0 0 0 0 0 0 dongzhenyu 9Сʱ_mousemovements
0 0 0 0 0 0 0 0 0 0 0 0 0 0 0 0 0 0 0 0 0 0 0 0 0 0 0 0 0 0 0 0 0 0 0 0 0 0 0 0 0 0 0 dongzhenyu 9Сʱ_mousemovements
0 0 0 0 0 0 0 0 0 0 0 0 0 0 0 0 0 0 0 0 0 0 0 0 0 0 0 0 0 0 0 0 0 0 0 0 0 0 0 0 0 0 0 dongzhenyu 9Сʱ_mousemovements
0 0 0 0 0 0 0 0 0 0 0 0 0 0 0 0 0 0 0 0 0 0 0 0 0 0 0 0 0 0 0 0 0 0 0 0 0 0 0 0 0 0 0 dongzhenyu 9Сʱ_mousemovements
0 0 0 0 0 0 0 0 0 0 0 0 0 0 0 0 0 0 0 0 0 0 0 0 0 0 0 0 0 0 0 0 0 0 0 0 0 0 0 0 0 0 0 dongzhenyu 9Сʱ_mousemovements
0 0 0 0 0 0 0 0 0 0 0 0 0 0 0 0 0 0 0 0 0 0 0 0 0 0 0 0 0 0 0 0 0 0 0 0 0 0 0 0 0 0 0 dongzhenyu 9Сʱ_mousemovements
0 0 0 0 0 0 0 0 0 0 0 0 0 0 0 0 0 0 0 0 0 0 0 0 0 0 0 0 0 0 0 0 0 0 0 0 0 0 0 0 0 0 0 dongzhenyu 9Сʱ_mousemovements
0 0 0 0 0 0 0 0 0 0 0 0 0 0 0 0 0 0 0 0 0 0 0 0 0 0 0 0 0 0 0 0 0 0 0 0 0 0 0 0 0 0 0 dongzhenyu 9Сʱ_mousemovements
0 0 0 0 0 0 0 0 0 0 0 0 0 0 0 0 0 0 0 0 0 0 0 0 0 0 0 0 0 0 0 0 0 0 0 0 0 0 0 0 0 0 0 dongzhenyu 9Сʱ_mousemovements
0 0 0 0 0 0 0 0 0 0 0 0 0 0 0 0 0 0 0 0 0 0 0 0 0 0 0 0 0 0 0 0 0 0 0 0 0 0 0 0 0 0 0 dongzhenyu 9Сʱ_mousemovements
0 0 0 0 0 0 0 0 0 0 0 0 0 0 0 0 0 0 0 0 0 0 0 0 0 0 0 0 0 0 0 0 0 0 0 0 0 0 0 0 0 0 0 dongzhenyu 9Сʱ_mousemovements
0 0 0 0 0 0 0 0 0 0 0 0 0 0 0 0 0 0 0 0 0 0 0 0 0 0 0 0 0 0 0 0 0 0 0 0 0 0 0 0 0 0 0 dongzhenyu 9Сʱ_mousemovements
0 0 0 0 0 0 0 0 0 0 0 0 0 0 0 0 0 0 0 0 0 0 0 0 0 0 0 0 0 0 0 0 0 0 0 0 0 0 0 0 0 0 0 dongzhenyu 9Сʱ_mousemovements
10.752688 0 0 1449.19873 0 0 0 0 0 0 0 0 10.752688 1449.19873 0 0 0.0 0.0 0.0 0.0 0.5 0.5 0.0 0.0 243.32523633333335 0 0 1.0 0.0 0.0 0.5 0.0 0.0 0.5 0.0 0.0 0.0 0.0 0.4 0.4 0.2 0.0 0.0 dongzhenyu 9Сʱ_mousemovements
0 0 0 0 0 0 0 0 0 0 0 0 0 0 0 0 0 0 0 0 0 0 0 0 0 0 0 0 0 0 0 0 0 0 0 0 0 0 0 0 0 0 0 dongzhenyu 9Сʱ_mousemovements
0 0 0 0 0 0 0 0 0 0 0 0 0 0 0 0 0 0 0 0 0 0 0 0 0 0 0 0 0 0 0 0 0 0 0 0 0 0 0 0 0 0 0 dongzhenyu 9Сʱ_mousemovements
0 0 0 0 0 0 0 0 0 0 0 0 0 0 0 0 0 0 0 0 0 0 0 0 0 0 0 0 0 0 0 0 0 0 0 0 0 0 0 0 0 0 0 dongzhenyu 9Сʱ_mousemovements
279.63405291666663 1241.0756175 2244.3460257142856 2708.4101565 2473.5509035 0 0 0 1588.4618041999997 1785.880629 826.6810722 32.051281 1351.1597121999998 1237.1765046 1956.300049 470.62834949999996 0.1724137931034483 0.1724137931034483 0.1724137931034483 0.034482758620689655 0.1724137931034483 0.1724137931034483 0.034482758620689655 0.06896551724137931 530.3703849420291 51.6543865 88.770653 0.9452054794520548 0.0273972602739726 0.0273972602739726 0.41379310344827586 0.20689655172413793 0.2413793103448276 0.06896551724137931 0.06896551724137931 0.0 0.0 0.0 0.6338028169014085 0.22535211267605634 0.08450704225352113 0.028169014084507043 0.028169014084507043 dongzhenyu 9Сʱ_mousemovements
385.11966762500003 1257.9839175 224.610596 0 5213.613525000001 0 0 0 2584.8248595 535.5161746666666 62.768696 372.06050100000004 5842.571777 311.40914150000003 0 1100.1424105 0.15384615384615385 0.23076923076923078 0.07692307692307693 0.15384615384615385 0.07692307692307693 0.15384615384615385 0.0 0.15384615384615385 367.2967784883721 0 91.0002694 0.8958333333333334 0.0 0.10416666666666667 0.6153846153846154 0.15384615384615385 0.07692307692307693 0.0 0.15384615384615385 0.0 0.0 0.0 0.7272727272727273 0.22727272727272727 0.022727272727272728 0.0 0.022727272727272728 dongzhenyu 9Сʱ_mousemovements
0 0 0 0 0 0 0 0 0 0 0 0 0 0 0 0 0 0 0 0 0 0 0 0 0 0 0 0 0 0 0 0 0 0 0 0 0 0 0 0 0 0 0 dongzhenyu 9Сʱ_mousemovements
125.4967514 0 0 793.367798 0 0 0 0 0 0 0 150.27748366666665 88.32565299999999 0 0 793.367798 0.0 0.0 0.0 0.5 0.3333333333333333 0.0 0.0 0.16666666666666666 72.21572283333333 0 120.968544 0.9473684210526315 0.0 0.05263157894736842 0.8333333333333334 0.0 0.0 0.16666666666666666 0.0 0.0 0.0 0.0 0.47368421052631576 0.3157894736842105 0.15789473684210525 0.05263157894736842 0.0 dongzhenyu 9Сʱ_mousemovements
140.32648176923078 468.417328 233.1212005 0 776.50293 0 0 0 0 977.391724 192.235924 148.69216899999998 123.9022874 107.60100533333333 426.7629395 247.572937 0.0 0.05 0.2 0.1 0.25 0.15 0.2 0.05 74.93999568518518 168.80741875 109.334732 0.9 0.06666666666666667 0.03333333333333333 0.65 0.2 0.1 0.0 0.05 0.0 0.0 0.0 0.6909090909090909 0.12727272727272726 0.09090909090909091 0.03636363636363636 0.05454545454545454 dongzhenyu 9Сʱ_mousemovements
71.17745575000001 316.1416018 829.0360565000001 0 875.787109 607.381958 0 0 289.304993 489.0204925 1230.706787 327.2157666666667 116.12269599999999 44.194176 401.4901125 447.539154 0.07692307692307693 0.15384615384615385 0.07692307692307693 0.23076923076923078 0.15384615384615385 0.07692307692307693 0.15384615384615385 0.07692307692307693 133.4470355 401.4901125 66.75590733333333 0.8571428571428571 0.05714285714285714 0.08571428571428572 0.3076923076923077 0.38461538461538464 0.15384615384615385 0.0 0.07692307692307693 0.07692307692307693 0.0 0.0 0.5172413793103449 0.1724137931034483 0.13793103448275862 0.10344827586206896 0.06896551724137931 dongzhenyu 9Сʱ_mousemovements
82.09368284615385 333.5520506 0 428.220581 398.933899 0 755.090179 0 331.40769950000004 117.58900433333332 39.98312 0 196.475998875 0 386.5641166666667 62.7773725 0.09090909090909091 0.13636363636363635 0.045454545454545456 0.0 0.36363636363636365 0.0 0.2727272727272727 0.09090909090909091 53.79287466037736 43.1327765 194.0931870909091 0.803030303030303 0.030303030303030304 0.16666666666666666 0.5909090909090909 0.22727272727272727 0.0 0.045454545454545456 0.045454545454545456 0.0 0.09090909090909091 0.0 0.5806451612903226 0.1935483870967742 0.0967741935483871 0.11290322580645161 0.016129032258064516 dongzhenyu 9Сʱ_mousemovements
89.8560626 579.0567371666667 710.69783 437.876495 472.589142 0 404.7264255 0 392.99891166666674 107.13298783333335 349.447784 734.0750629999999 169.39057079999998 307.200714 774.3587494999999 437.876495 0.13636363636363635 0.2727272727272727 0.045454545454545456 0.13636363636363635 0.22727272727272727 0.045454545454545456 0.09090909090909091 0.045454545454545456 106.23903231249999 380.88916 318.01854149999997 0.8727272727272727 0.05454545454545454 0.07272727272727272 0.45454545454545453 0.2727272727272727 0.09090909090909091 0.045454545454545456 0.045454545454545456 0.0 0.09090909090909091 0.0 0.5625 0.22916666666666666 0.08333333333333333 0.0625 0.0625 dongzhenyu 9Сʱ_mousemovements
121.31201719999999 476.8933565 513.457947 895.203918 0 0 0 0 895.203918 414.187653 0 458.66369633333335 0 0 16.129032 89.16565733333334 0.1111111111111111 0.1111111111111111 0.0 0.3333333333333333 0.0 0.0 0.1111111111111111 0.3333333333333333 111.50593081818182 8.064516 249.87457700000002 0.8461538461538461 0.07692307692307693 0.07692307692307693 0.5555555555555556 0.2222222222222222 0.1111111111111111 0.1111111111111111 0.0 0.0 0.0 0.0 0.6521739130434783 0.21739130434782608 0.043478260869565216 0.0 0.08695652173913043 dongzhenyu 9Сʱ_mousemovements
180.179112 0 0 446.2993775 474.318207 0 0 0 474.318207 424.044678 10.44102 625.0854035 134.1744678 79.3409595 0 0 0.08333333333333333 0.08333333333333333 0.08333333333333333 0.16666666666666666 0.4166666666666667 0.16666666666666666 0.0 0.0 56.4811310625 0 236.22655519999998 0.8648648648648649 0.0 0.13513513513513514 0.75 0.0 0.0 0.16666666666666666 0.08333333333333333 0.0 0.0 0.0 0.75 0.1111111111111111 0.027777777777777776 0.05555555555555555 0.05555555555555555 dongzhenyu 9Сʱ_mousemovements
68.01922335714285 278.097961 400.9218243333333 380.162323 0 620.6669816666666 342.639709 0 49.026222 282.731021 125.07377650000001 0 67.53985933333333 300.3339466 442.48954000000003 194.2821275 0.04 0.2 0.08 0.0 0.24 0.2 0.16 0.08 67.56636061666667 19.469464 187.2599576666667 0.8450704225352113 0.028169014084507043 0.1267605633802817 0.56 0.04 0.12 0.12 0.0 0.12 0.04 0.0 0.6363636363636364 0.13636363636363635 0.10606060606060606 0.06060606060606061 0.06060606060606061 dongzhenyu 9Сʱ_mousemovements
95.73820750000002 261.971359 0 345.933167 563.8908690000001 0 0 0 132.021085 140.174057 229.70041933333331 314.351845 284.703319 121.354072875 42.728199499999995 74.92982625 0.08823529411764706 0.11764705882352941 0.08823529411764706 0.058823529411764705 0.11764705882352941 0.23529411764705882 0.17647058823529413 0.11764705882352941 43.53715511494253 26.8817205 156.97183657142858 0.90625 0.020833333333333332 0.07291666666666667 0.8235294117647058 0.08823529411764706 0.0 0.029411764705882353 0.058823529411764705 0.0 0.0 0.0 0.6853932584269663 0.21348314606741572 0.06741573033707865 0.033707865168539325 0.0 dongzhenyu 9Сʱ_mousemovements
88.10961908695654 474.45795625000005 997.608887 593.3568419999999 529.632477 1143.797119 635.8735655 933.7774964999999 96.9255905 408.5440794 276.2690735 225.48572033333335 445.32100460000004 276.931519875 260.03023640000004 243.3922206666667 0.05263157894736842 0.2631578947368421 0.05263157894736842 0.07894736842105263 0.13157894736842105 0.21052631578947367 0.13157894736842105 0.07894736842105263 67.21023504210527 32.821452 364.2942781333333 0.8333333333333334 0.03508771929824561 0.13157894736842105 0.6052631578947368 0.10526315789473684 0.02631578947368421 0.05263157894736842 0.07894736842105263 0.02631578947368421 0.05263157894736842 0.05263157894736842 0.5636363636363636 0.2545454545454545 0.08181818181818182 0.08181818181818182 0.01818181818181818 dongzhenyu 9Сʱ_mousemovements
203.33165231578946 358.08423285714287 545.4767 406.144043 472.340561 1208.2902527499998 861.54126 786.7533875 349.29771739999995 460.80461433333335 1191.252828 558.7895406666667 246.18206362500004 233.4483892 479.2763335 153.0394 0.13157894736842105 0.15789473684210525 0.07894736842105263 0.07894736842105263 0.21052631578947367 0.13157894736842105 0.15789473684210525 0.05263157894736842 122.5009896153846 15.178716 322.7477522666667 0.8125 0.05357142857142857 0.13392857142857142 0.5 0.18421052631578946 0.05263157894736842 0.02631578947368421 0.05263157894736842 0.10526315789473684 0.02631578947368421 0.05263157894736842 0.5412844036697247 0.23853211009174313 0.08256880733944955 0.10091743119266056 0.03669724770642202 dongzhenyu 9Сʱ_mousemovements
148.2624726363636 272.264038 630.5793763333332 695.496338 999.207458 0 645.745972 707.420715 359.250478 309.44213775 303.55974625000005 98.15635400000001 148.04907533333332 373.17091022222223 132.54598515384615 158.94400675 0.05555555555555555 0.07407407407407407 0.14814814814814814 0.05555555555555555 0.1111111111111111 0.16666666666666666 0.24074074074074073 0.14814814814814814 90.16215080733944 71.04965836363637 128.51760323076923 0.8195488721804511 0.08270676691729323 0.09774436090225563 0.8148148148148148 0.05555555555555555 0.05555555555555555 0.018518518518518517 0.018518518518518517 0.0 0.018518518518518517 0.018518518518518517 0.6615384615384615 0.2153846153846154 0.1076923076923077 0.015384615384615385 0.0 dongzhenyu 9Сʱ_mousemovements
144.71561842857142 448.37792966666666 731.291545 0 983.240112 803.728271 1165.787445 0 319.3510423333333 487.03132250000004 564.312355 236.56636 189.11879779999998 544.0497413999999 302.4728855714285 191.44313820000002 0.06976744186046512 0.09302325581395349 0.13953488372093023 0.023255813953488372 0.11627906976744186 0.11627906976744186 0.32558139534883723 0.11627906976744186 118.8101866962025 202.8829898181818 418.7311172222222 0.797979797979798 0.1111111111111111 0.09090909090909091 0.6511627906976745 0.13953488372093023 0.06976744186046512 0.0 0.023255813953488372 0.023255813953488372 0.09302325581395349 0.0 0.6666666666666666 0.1875 0.08333333333333333 0.041666666666666664 0.020833333333333332 dongzhenyu 9Сʱ_mousemovements
0 0 0 0 0 0 0 0 0 0 0 0 0 0 0 0 0 0 0 0 0 0 0 0 0 0 0 0 0 0 0 0 0 0 0 0 0 0 0 0 0 0 0 dongzhenyu 9Сʱ_mousemovements
77.57803833333334 492.556091 257.618393 0 733.447266 0 734.5195309999999 0 360.105621 323.17099160000004 0 0 733.447266 105.44739766666667 127.56139833333334 139.941696 0.13333333333333333 0.3333333333333333 0.0 0.0 0.06666666666666667 0.2 0.2 0.06666666666666667 46.96725810416667 9.1743115 233.67207685714283 0.8421052631578947 0.03508771929824561 0.12280701754385964 0.6 0.06666666666666667 0.13333333333333333 0.0 0.06666666666666667 0.0 0.13333333333333333 0.0 0.6 0.21818181818181817 0.07272727272727272 0.05454545454545454 0.05454545454545454 dongzhenyu 9Сʱ_mousemovements
80.3064683125 411.0795719999999 449.4181213333333 927.5776673333334 598.541687 1230.8931885000002 0 0 83.632362 766.2269796666666 363.289556 119.40294433333334 183.420052 418.51883575 394.75641809090905 47.186239 0.034482758620689655 0.10344827586206896 0.10344827586206896 0.10344827586206896 0.06896551724137931 0.13793103448275862 0.3793103448275862 0.06896551724137931 87.53516311363637 210.970673 299.24178737500006 0.9072164948453608 0.010309278350515464 0.08247422680412371 0.5517241379310345 0.10344827586206896 0.10344827586206896 0.10344827586206896 0.06896551724137931 0.06896551724137931 0.0 0.0 0.449438202247191 0.20224719101123595 0.19101123595505617 0.1348314606741573 0.02247191011235955 dongzhenyu 9Сʱ_mousemovements
54.470015000000004 0 296.47049 503.613342 454.46175400000004 604.41272 0 962.2872005 155.130112 832.142456 753.793396 0 177.32366433333334 102.732491 335.320714 296.47049 0.08333333333333333 0.16666666666666666 0.08333333333333333 0.0 0.25 0.08333333333333333 0.25 0.08333333333333333 88.31970186206897 88.5387535 442.99891875 0.8285714285714286 0.05714285714285714 0.11428571428571428 0.4166666666666667 0.0 0.08333333333333333 0.08333333333333333 0.16666666666666666 0.08333333333333333 0.0 0.16666666666666666 0.5483870967741935 0.12903225806451613 0.06451612903225806 0.16129032258064516 0.0967741935483871 dongzhenyu 9Сʱ_mousemovements
135.427391 513.840027 0 0 0 0 0 1045.068237 0 0 0 1045.068237 0 0 287.646553 209.401703 0.0 0.0 0.0 0.25 0.0 0.0 0.5 0.25 126.30785478571428 0 61.453079 0.9333333333333333 0.0 0.06666666666666667 0.5 0.25 0.0 0.0 0.0 0.0 0.0 0.25 0.42857142857142855 0.35714285714285715 0.14285714285714285 0.07142857142857142 0.0 dongzhenyu 9Сʱ_mousemovements
95.31608288235293 312.46346120000004 0 411.8245238333334 0 708.995544 0 0 111.2484225 156.99164274999998 278.99288459999997 0 272.328949 487.4836833333334 151.92069557142855 230.33804133333334 0.06896551724137931 0.27586206896551724 0.1724137931034483 0.0 0.034482758620689655 0.10344827586206896 0.2413793103448276 0.10344827586206896 45.471821520000006 0 139.65009615384616 0.8849557522123894 0.0 0.11504424778761062 0.5862068965517241 0.1724137931034483 0.0 0.20689655172413793 0.0 0.034482758620689655 0.0 0.0 0.5137614678899083 0.29357798165137616 0.09174311926605505 0.06422018348623854 0.03669724770642202 dongzhenyu 9Сʱ_mousemovements
91.1647555 355.1510271428571 425.4849855 0 760.716553 0 0 1906.463501 498.289063 133.89547380000002 253.33351633333334 1357.6945803333333 760.716553 92.088432 130.41275149999998 553.8450315 0.041666666666666664 0.20833333333333334 0.125 0.125 0.041666666666666664 0.041666666666666664 0.3333333333333333 0.08333333333333333 74.82126842168674 30.052385000000005 270.4325348 0.8645833333333334 0.03125 0.10416666666666667 0.5 0.2916666666666667 0.08333333333333333 0.0 0.041666666666666664 0.0 0.0 0.08333333333333333 0.6063829787234043 0.19148936170212766 0.11702127659574468 0.07446808510638298 0.010638297872340425 dongzhenyu 9Сʱ_mousemovements
0 927.963257 0 0 1497.620972 0 0 0 1497.620972 927.963257 0 0 0 0 0 0 0.5 0.5 0.0 0.0 0.0 0.0 0.0 0.0 154.66054283333332 0 1497.620972 0.8571428571428571 0.0 0.14285714285714285 0.0 0.5 0.0 0.0 0.5 0.0 0.0 0.0 0.8333333333333334 0.16666666666666666 0.0 0.0 0.0 dongzhenyu 9Сʱ_mousemovements
0 0 0 0 0 0 0 0 0 0 0 0 0 0 0 0 0 0 0 0 0 0 0 0 0 0 0 0 0 0 0 0 0 0 0 0 0 0 0 0 0 0 0 dongzhenyu 9Сʱ_mousemovements
71.410652 0 0 0 0 0 0 0 71.410652 0 0 0 0 0 0 0 1.0 0.0 0.0 0.0 0.0 0.0 0.0 0.0 35.705326 0 0 1.0 0.0 0.0 1.0 0.0 0.0 0.0 0.0 0.0 0.0 0.0 0.0 0.0 0.0 1.0 0.0 dongzhenyu 9Сʱ_mousemovements
0 0 0 0 0 0 0 0 0 0 0 0 0 0 0 0 0 0 0 0 0 0 0 0 0 0 0 0 0 0 0 0 0 0 0 0 0 0 0 0 0 0 0 dongzhenyu 9Сʱ_mousemovements
0 0 0 0 0 0 0 0 0 0 0 0 0 0 0 0 0 0 0 0 0 0 0 0 0 0 0 0 0 0 0 0 0 0 0 0 0 0 0 0 0 0 0 dongzhenyu 9Сʱ_mousemovements
29.91453 0 0 872.354675 0 0 1051.468872 0 0 29.91453 0 872.354675 0 0 1051.468872 0 0.0 0.3333333333333333 0.0 0.3333333333333333 0.0 0.0 0.3333333333333333 0.0 240.477943375 0 29.91453 0.8888888888888888 0.0 0.1111111111111111 0.3333333333333333 0.0 0.0 0.3333333333333333 0.0 0.0 0.3333333333333333 0.0 0.5 0.25 0.125 0.125 0.0 dongzhenyu 9Сʱ_mousemovements
0 0 0 0 0 0 0 0 0 0 0 0 0 0 0 0 0 0 0 0 0 0 0 0 0 0 0 0 0 0 0 0 0 0 0 0 0 0 0 0 0 0 0 dongzhenyu 9Сʱ_mousemovements
62.878882 184.858582 0 588.919312 0 692.910706 0 987.217834 0 549.0986365 0 0 0 588.919312 692.910706 99.8184535 0.0 0.3333333333333333 0.0 0.0 0.0 0.16666666666666666 0.16666666666666666 0.3333333333333333 0.0 0 368.52345685714283 0.825 0.0 0.175 0.3333333333333333 0.16666666666666666 0.0 0.16666666666666666 0.0 0.16666666666666666 0.0 0.16666666666666666 0.46153846153846156 0.358974358974359 0.07692307692307693 0.07692307692307693 0.02564102564102564 dongzhenyu 9Сʱ_mousemovements
247.641907 0 420.71385200000003 0 0 0 0 0 0 0 0 0 0 274.152191 0 407.45871 0.0 0.0 0.0 0.0 0.0 0.3333333333333333 0.0 0.6666666666666666 116.41677428571428 0 274.152191 0.875 0.0 0.125 0.3333333333333333 0.0 0.6666666666666666 0.0 0.0 0.0 0.0 0.0 0.2857142857142857 0.2857142857142857 0.2857142857142857 0.0 0.14285714285714285 dongzhenyu 9Сʱ_mousemovements
206.2970528 645.610372 467.7078245 0 1146.406494 963.2565005000001 793.129395 0 657.2414446666667 427.97888200000006 0 793.129395 471.21525700000007 264.8643795 1306.400757 0 0.21428571428571427 0.21428571428571427 0.0 0.07142857142857142 0.2857142857142857 0.14285714285714285 0.07142857142857142 0.0 137.42780123404253 0 327.66856525000003 0.9215686274509803 0.0 0.0784313725490196 0.35714285714285715 0.21428571428571427 0.14285714285714285 0.0 0.07142857142857142 0.14285714285714285 0.07142857142857142 0.0 0.5102040816326531 0.2653061224489796 0.08163265306122448 0.10204081632653061 0.04081632653061224 dongzhenyu 9Сʱ_mousemovements
88.74129983333334 0 0 0 0 0 0 0 0 0 0 0 70.59465266666666 93.6652565 0 133.333328 0.0 0.0 0.0 0.0 0.5 0.3333333333333333 0.0 0.16666666666666666 20.4787615 0 0 1.0 0.0 0.0 1.0 0.0 0.0 0.0 0.0 0.0 0.0 0.0 0.6086956521739131 0.13043478260869565 0.0 0.043478260869565216 0.21739130434782608 dongzhenyu 9Сʱ_mousemovements
15.044826 0 0 0 883.52594 0 659.76239 0 0 659.76239 0 0 770.844849 505.6259285 0 0 0.0 0.25 0.0 0.0 0.25 0.5 0.0 0.0 242.68142699999999 15.044826 0 0.9090909090909091 0.09090909090909091 0.0 0.25 0.0 0.0 0.0 0.5 0.0 0.25 0.0 0.5 0.125 0.25 0.0 0.125 dongzhenyu 9Сʱ_mousemovements
123.83323355555555 308.0267185 343.872223 225.514923 835.179626 0 753.786621 838.572571 241.778473 104.179547 0 420.3602985 121.04892975 31.746031 835.179626 501.49994649999996 0.125 0.125 0.0 0.25 0.25 0.0625 0.0625 0.125 53.79563187234043 0 274.88547562499997 0.8545454545454545 0.0 0.14545454545454545 0.5625 0.125 0.0625 0.0625 0.0625 0.0 0.0625 0.0625 0.5 0.25 0.09615384615384616 0.09615384615384616 0.057692307692307696 dongzhenyu 9Сʱ_mousemovements
69.89354942857143 259.06919366666665 207.9360275 470.76484700000003 491.651093 0 0 312.142883 320.3813142 62.5 0 161.52958399999997 146.1021002 134.07138799999998 30.627417 46.2593225 0.21739130434782608 0.043478260869565216 0.0 0.30434782608695654 0.21739130434782608 0.08695652173913043 0.043478260869565216 0.08695652173913043 60.482073813559325 48.4217065 83.87574333333333 0.921875 0.03125 0.046875 0.6086956521739131 0.13043478260869565 0.08695652173913043 0.08695652173913043 0.043478260869565216 0.0 0.0 0.043478260869565216 0.576271186440678 0.22033898305084745 0.0847457627118644 0.0847457627118644 0.03389830508474576 dongzhenyu 9Сʱ_mousemovements
96.10206271428572 224.27867633333335 337.302101 411.988159 0 651.689941 1099.9844054999999 787.515625 163.46336 443.686508 411.988159 175.1651 200.786527 580.2115782499999 261.987854 303.510293 0.16 0.08 0.04 0.04 0.32 0.16 0.04 0.16 61.22163566233767 261.987854 283.94371888888884 0.8850574712643678 0.011494252873563218 0.10344827586206896 0.56 0.12 0.08 0.04 0.0 0.04 0.08 0.08 0.5308641975308642 0.24691358024691357 0.1111111111111111 0.08641975308641975 0.024691358024691357 dongzhenyu 9Сʱ_mousemovements
72.1848688 0 398.33120733333334 399.585602 462.220642 0 0 821.676575 0 100.95876312499999 564.2434896666667 280.42294300000003 40.32258 451.45195775 129.023159 19.7004605 0.0 0.34782608695652173 0.13043478260869565 0.08695652173913043 0.08695652173913043 0.17391304347826086 0.08695652173913043 0.08695652173913043 54.92954284722222 0 322.55490125 0.9473684210526315 0.0 0.05263157894736842 0.6521739130434783 0.0 0.13043478260869565 0.043478260869565216 0.08695652173913043 0.0 0.0 0.08695652173913043 0.5774647887323944 0.16901408450704225 0.11267605633802817 0.08450704225352113 0.056338028169014086 dongzhenyu 9Сʱ_mousemovements
135.25157775 240.358093 292.89917 912.70636 0 0 0 768.82605 0 393.1849545 0 0 213.34412949999998 0 0 385.68445399999996 0.0 0.25 0.0 0.0 0.25 0.0 0.0 0.5 49.30961485294117 0 269.81726975000004 0.8947368421052632 0.0 0.10526315789473684 0.5 0.125 0.125 0.125 0.0 0.0 0.0 0.125 0.6216216216216216 0.24324324324324326 0.05405405405405406 0.0 0.08108108108108109 dongzhenyu 9Сʱ_mousemovements
137.3022065 333.732025 519.725464 357.274963 1030.913818 667.331955 0 940.114807 691.7971955 1001.380554 239.910721 72.523773 635.9714150000001 171.72764966666668 48.043926 199.124077 0.13333333333333333 0.06666666666666667 0.06666666666666667 0.06666666666666667 0.2 0.2 0.13333333333333333 0.13333333333333333 64.97103024489796 0 405.21035950000004 0.8909090909090909 0.0 0.10909090909090909 0.5333333333333333 0.06666666666666667 0.06666666666666667 0.06666666666666667 0.06666666666666667 0.13333333333333333 0.0 0.06666666666666667 0.5882352941176471 0.21568627450980393 0.11764705882352941 0.058823529411764705 0.0196078431372549 dongzhenyu 9Сʱ_mousemovements
145.60901585714285 361.8780923333333 386.46849799999995 539.78964225 582.5971476666667 0 938.5720825000001 0 396.67005800000004 252.382795 0 0 461.5923981666667 491.565323 444.42280550000004 754.73053 0.30434782608695654 0.21739130434782608 0.0 0.0 0.2608695652173913 0.08695652173913043 0.08695652173913043 0.043478260869565216 63.848860499999994 32.258064 425.25380145454545 0.8604651162790697 0.011627906976744186 0.12790697674418605 0.30434782608695654 0.13043478260869565 0.17391304347826086 0.17391304347826086 0.13043478260869565 0.0 0.08695652173913043 0.0 0.6049382716049383 0.13580246913580246 0.13580246913580246 0.07407407407407407 0.04938271604938271 dongzhenyu 9Сʱ_mousemovements
69.69060666666667 0 397.68490933333334 686.9246519999999 0 875.549805 0 0 447.814056 0 577.6628235999999 594.923574 69.83527749999999 84.085258 361.66142766666667 63.00095640000001 0.043478260869565216 0.0 0.21739130434782608 0.13043478260869565 0.08695652173913043 0.043478260869565216 0.2608695652173913 0.21739130434782608 90.33821605454544 10.638298 259.1261705454545 0.8208955223880597 0.014925373134328358 0.16417910447761194 0.391304347826087 0.0 0.391304347826087 0.17391304347826086 0.0 0.043478260869565216 0.0 0.0 0.5737704918032787 0.11475409836065574 0.18032786885245902 0.08196721311475409 0.04918032786885246 dongzhenyu 9Сʱ_mousemovements
63.88930525 357.4658965 331.3701785 405.56414800000005 706.552704 345.21579 563.15918 692.756897 0 421.77955625 440.3564455 78.436333 344.757507 430.12450120000005 50.842895500000004 465.096741 0.0 0.23529411764705882 0.11764705882352941 0.058823529411764705 0.058823529411764705 0.29411764705882354 0.11764705882352941 0.11764705882352941 43.36815922727273 0.0 301.02074781818186 0.8461538461538461 0.01282051282051282 0.14102564102564102 0.23529411764705882 0.23529411764705882 0.11764705882352941 0.11764705882352941 0.11764705882352941 0.058823529411764705 0.058823529411764705 0.058823529411764705 0.6338028169014085 0.22535211267605634 0.056338028169014086 0.028169014084507043 0.056338028169014086 dongzhenyu 9Сʱ_mousemovements
15.584568 0 0 0 0 0 0 0 0 0 0 0 0 0 15.584568 0 0.0 0.0 0.0 0.0 0.0 0.0 1.0 0.0 9.1743115 12.820513 0 0.6666666666666666 0.3333333333333333 0.0 1.0 0.0 0.0 0.0 0.0 0.0 0.0 0.0 1.0 0.0 0.0 0.0 0.0 dongzhenyu 9Сʱ_mousemovements
0 0 0 0 0 0 0 0 0 0 0 0 0 0 0 0 0 0 0 0 0 0 0 0 0 0 0 0 0 0 0 0 0 0 0 0 0 0 0 0 0 0 0 dongzhenyu 9Сʱ_mousemovements
0 0 0 0 0 0 0 0 0 0 0 0 0 0 0 0 0 0 0 0 0 0 0 0 0 0 0 0 0 0 0 0 0 0 0 0 0 0 0 0 0 0 0 dongzhenyu 9Сʱ_mousemovements
0 0 444.916901 0 0 0 742.459778 0 0 0 0 742.459778 0 0 0 444.916901 0.0 0.0 0.0 0.5 0.0 0.0 0.0 0.5 88.9833802 0 742.459778 0.8333333333333334 0.0 0.16666666666666666 0.0 0.0 0.5 0.0 0.0 0.0 0.5 0.0 0.5 0.0 0.25 0.0 0.25 dongzhenyu 9Сʱ_mousemovements
0 0 0 0 0 0 0 0 0 0 0 0 0 0 0 0 0 0 0 0 0 0 0 0 0 0 0 0 0 0 0 0 0 0 0 0 0 0 0 0 0 0 0 dongzhenyu 9Сʱ_mousemovements
247.482635 0 0 489.37983166666663 7266.962891 613.389099 1625.629272 0 0 498.400253 3888.8989565 0 1625.629272 0 573.893066 247.482635 0.0 0.2857142857142857 0.2857142857142857 0.0 0.14285714285714285 0.0 0.14285714285714285 0.14285714285714285 296.4197387666666 0 465.8022457999999 0.8571428571428571 0.0 0.14285714285714285 0.14285714285714285 0.0 0.0 0.42857142857142855 0.14285714285714285 0.14285714285714285 0.14285714285714285 0.0 0.71875 0.0625 0.03125 0.0625 0.125 dongzhenyu 9Сʱ_mousemovements
131.64277470833335 894.3609005000001 465.4716614 0 703.697815 0 672.482971 0 327.4535378333333 36.52322 556.308075 412.7145795 86.14457585714285 236.83426649999998 150.39158633333332 340.31234044444443 0.17647058823529413 0.029411764705882353 0.058823529411764705 0.11764705882352941 0.20588235294117646 0.058823529411764705 0.08823529411764706 0.2647058823529412 58.47652543119267 0 248.4536691666667 0.9008264462809917 0.0 0.09917355371900827 0.7058823529411765 0.058823529411764705 0.14705882352941177 0.0 0.058823529411764705 0.0 0.029411764705882353 0.0 0.6086956521739131 0.2608695652173913 0.06956521739130435 0.034782608695652174 0.02608695652173913 dongzhenyu 9Сʱ_mousemovements
46.189475833333326 522.93284225 0 415.809143 542.7287905000001 0 0 711.724976 377.9908495 82.56881 0 558.776062 330.1400435 711.724976 102.83574425 530.5063785 0.26666666666666666 0.06666666666666667 0.0 0.06666666666666667 0.13333333333333333 0.06666666666666667 0.26666666666666666 0.13333333333333333 73.15228879545454 45.268067 266.3160153333333 0.8148148148148148 0.07407407407407407 0.1111111111111111 0.4 0.26666666666666666 0.0 0.13333333333333333 0.13333333333333333 0.0 0.0 0.06666666666666667 0.6530612244897959 0.16326530612244897 0.10204081632653061 0.04081632653061224 0.04081632653061224 dongzhenyu 9Сʱ_mousemovements
135.3965209 345.30849475 400.504089 454.1746826666667 0 0 0 597.86145 137.07122650000002 106.331276 688.2977293333333 228.592185 209.3010057142857 0 212.67672233333334 59.601746500000004 0.3448275862068966 0.034482758620689655 0.10344827586206896 0.10344827586206896 0.2413793103448276 0.0 0.10344827586206896 0.06896551724137931 38.606595370786515 47.34769266666667 191.4682612 0.8317757009345794 0.028037383177570093 0.14018691588785046 0.6896551724137931 0.13793103448275862 0.034482758620689655 0.10344827586206896 0.0 0.0 0.0 0.034482758620689655 0.61 0.27 0.06 0.03 0.03 dongzhenyu 9Сʱ_mousemovements
160.562626 0 320.909363 574.0502779999999 414.680145 0 0 0 77.615388 311.91884366666665 0 0 257.89784349999996 36.261887 31.746031 303.1296183333333 0.1111111111111111 0.16666666666666666 0.0 0.0 0.4444444444444444 0.05555555555555555 0.05555555555555555 0.16666666666666666 53.70230949230769 21.276596 123.92802299999998 0.9154929577464789 0.014084507042253521 0.07042253521126761 0.7777777777777778 0.0 0.05555555555555555 0.1111111111111111 0.05555555555555555 0.0 0.0 0.0 0.5671641791044776 0.19402985074626866 0.1044776119402985 0.08955223880597014 0.04477611940298507 dongzhenyu 9Сʱ_mousemovements
108.21106111111112 260.526703 337.290405 375.526611 0 664.2396395 0 0 260.526703 824.945801 26.737968 0 126.03841985714287 259.236553 0 503.533478 0.07142857142857142 0.07142857142857142 0.07142857142857142 0.0 0.5 0.21428571428571427 0.0 0.07142857142857142 59.164866642857156 0 263.599383 0.9333333333333333 0.0 0.06666666666666667 0.6428571428571429 0.07142857142857142 0.07142857142857142 0.07142857142857142 0.0 0.14285714285714285 0.0 0.0 0.5609756097560976 0.17073170731707318 0.024390243902439025 0.1951219512195122 0.04878048780487805 dongzhenyu 9Сʱ_mousemovements
55.25847999999999 230.856903 0 0 0 0 0 0 0 0 0 0 131.5574835 78.258896 0 0 0.0 0.0 0.0 0.0 0.6666666666666666 0.3333333333333333 0.0 0.0 2.3041474285714285 0 154.5578995 0.875 0.0 0.125 0.6666666666666666 0.3333333333333333 0.0 0.0 0.0 0.0 0.0 0.0 0.8571428571428571 0.0 0.07142857142857142 0.07142857142857142 0.0 dongzhenyu 9Сʱ_mousemovements
0 0 0 0 0 0 0 0 0 0 0 0 0 0 0 0 0 0 0 0 0 0 0 0 0 0 0 0 0 0 0 0 0 0 0 0 0 0 0 0 0 0 0 dongzhenyu 9Сʱ_mousemovements
0 0 0 0 0 0 0 0 0 0 0 0 0 0 0 0 0 0 0 0 0 0 0 0 0 0 0 0 0 0 0 0 0 0 0 0 0 0 0 0 0 0 0 dongzhenyu 9Сʱ_mousemovements
0 0 0 0 0 0 0 0 0 0 0 0 0 0 0 0 0 0 0 0 0 0 0 0 0 0 0 0 0 0 0 0 0 0 0 0 0 0 0 0 0 0 0 dongzhenyu 9Сʱ_mousemovements
0 0 0 0 0 0 0 0 0 0 0 0 0 0 0 0 0 0 0 0 0 0 0 0 0 0 0 0 0 0 0 0 0 0 0 0 0 0 0 0 0 0 0 dongzhenyu 9Сʱ_mousemovements
0 0 0 0 0 0 0 0 0 0 0 0 0 0 0 0 0 0 0 0 0 0 0 0 0 0 0 0 0 0 0 0 0 0 0 0 0 0 0 0 0 0 0 dongzhenyu 9Сʱ_mousemovements
0 0 0 0 0 0 0 0 0 0 0 0 0 0 0 0 0 0 0 0 0 0 0 0 0 0 0 0 0 0 0 0 0 0 0 0 0 0 0 0 0 0 0 dongzhenyu 9Сʱ_mousemovements
156.555008 0 0 0 0 0 0 5691.494263 8307.364258 0 156.555008 0 0 3075.624268 0 0 0.3333333333333333 0.0 0.3333333333333333 0.0 0.0 0.3333333333333333 0.0 0.0 1923.2572556666664 0 0 1.0 0.0 0.0 0.3333333333333333 0.0 0.0 0.0 0.0 0.0 0.0 0.6666666666666666 0.6666666666666666 0.3333333333333333 0.0 0.0 0.0 dongzhenyu 9Сʱ_mousemovements
0 260.581909 0 0 0 267.972595 0 0 0 267.972595 260.581909 0 0 0 0 0 0.0 0.5 0.5 0.0 0.0 0.0 0.0 0.0 32.572738625 0 267.972595 0.8888888888888888 0.0 0.1111111111111111 0.0 0.5 0.0 0.0 0.0 0.5 0.0 0.0 0.42857142857142855 0.2857142857142857 0.14285714285714285 0.14285714285714285 0.0 dongzhenyu 9Сʱ_mousemovements
0 0 0 0 0 0 0 0 0 0 0 0 0 0 0 0 0 0 0 0 0 0 0 0 0 0 0 0 0 0 0 0 0 0 0 0 0 0 0 0 0 0 0 dongzhenyu 9Сʱ_mousemovements
0 0 0 0 0 0 0 0 0 0 0 0 0 0 0 0 0 0 0 0 0 0 0 0 0 0 0 0 0 0 0 0 0 0 0 0 0 0 0 0 0 0 0 dongzhenyu 9Сʱ_mousemovements
0 0 0 0 0 0 0 0 0 0 0 0 0 0 0 0 0 0 0 0 0 0 0 0 0 0 0 0 0 0 0 0 0 0 0 0 0 0 0 0 0 0 0 dongzhenyu 9Сʱ_mousemovements
0 0 0 0 0 0 0 0 0 0 0 0 0 0 0 0 0 0 0 0 0 0 0 0 0 0 0 0 0 0 0 0 0 0 0 0 0 0 0 0 0 0 0 dongzhenyu 9Сʱ_mousemovements
0 0 0 0 0 0 0 0 0 0 0 0 0 0 0 0 0 0 0 0 0 0 0 0 0 0 0 0 0 0 0 0 0 0 0 0 0 0 0 0 0 0 0 dongzhenyu 9Сʱ_mousemovements
0 0 0 0 0 0 0 0 0 0 0 0 0 0 0 0 0 0 0 0 0 0 0 0 0 0 0 0 0 0 0 0 0 0 0 0 0 0 0 0 0 0 0 dongzhenyu 9Сʱ_mousemovements
0 0 0 0 0 0 0 0 0 0 0 0 0 0 0 0 0 0 0 0 0 0 0 0 0 0 0 0 0 0 0 0 0 0 0 0 0 0 0 0 0 0 0 dongzhenyu 9Сʱ_mousemovements
224.88419866666666 191.648712 680.3026933333334 0 0 0 0 0 191.648712 0 454.012756 217.76591150000002 0 239.120773 0 793.447662 0.14285714285714285 0.0 0.14285714285714285 0.2857142857142857 0.0 0.14285714285714285 0.0 0.2857142857142857 98.58608044444445 0 122.69260799999999 0.9310344827586207 0.0 0.06896551724137931 0.42857142857142855 0.14285714285714285 0.42857142857142855 0.0 0.0 0.0 0.0 0.0 0.5925925925925926 0.25925925925925924 0.037037037037037035 0.1111111111111111 0.0 dongzhenyu 9Сʱ_mousemovements
0 0 0 0 0 0 0 0 0 0 0 0 0 0 0 0 0 0 0 0 0 0 0 0 0 0 0 0 0 0 0 0 0 0 0 0 0 0 0 0 0 0 0 dongzhenyu 9Сʱ_mousemovements
0 0 0 0 0 0 0 0 0 0 0 0 0 0 0 0 0 0 0 0 0 0 0 0 0 0 0 0 0 0 0 0 0 0 0 0 0 0 0 0 0 0 0 dongzhenyu 9Сʱ_mousemovements
0 0 0 0 0 0 0 0 0 0 0 0 0 0 0 0 0 0 0 0 0 0 0 0 0 0 0 0 0 0 0 0 0 0 0 0 0 0 0 0 0 0 0 dongzhenyu 9Сʱ_mousemovements
0 0 0 0 0 0 0 0 0 0 0 0 0 0 0 0 0 0 0 0 0 0 0 0 0 0 0 0 0 0 0 0 0 0 0 0 0 0 0 0 0 0 0 dongzhenyu 9Сʱ_mousemovements
0 0 0 0 0 0 0 0 0 0 0 0 0 0 0 0 0 0 0 0 0 0 0 0 0 0 0 0 0 0 0 0 0 0 0 0 0 0 0 0 0 0 0 dongzhenyu 9Сʱ_mousemovements
0 0 0 0 0 0 0 0 0 0 0 0 0 0 0 0 0 0 0 0 0 0 0 0 0 0 0 0 0 0 0 0 0 0 0 0 0 0 0 0 0 0 0 dongzhenyu 9Сʱ_mousemovements
0 0 0 0 0 0 0 0 0 0 0 0 0 0 0 0 0 0 0 0 0 0 0 0 0 0 0 0 0 0 0 0 0 0 0 0 0 0 0 0 0 0 0 dongzhenyu 9Сʱ_mousemovements
0 0 0 0 0 0 0 0 0 0 0 0 0 0 0 0 0 0 0 0 0 0 0 0 0 0 0 0 0 0 0 0 0 0 0 0 0 0 0 0 0 0 0 dongzhenyu 9Сʱ_mousemovements
0 0 0 0 0 0 0 0 0 0 0 0 0 0 0 0 0 0 0 0 0 0 0 0 0 0 0 0 0 0 0 0 0 0 0 0 0 0 0 0 0 0 0 dongzhenyu 9Сʱ_mousemovements
0 0 0 0 0 0 0 0 0 0 0 0 0 0 0 0 0 0 0 0 0 0 0 0 0 0 0 0 0 0 0 0 0 0 0 0 0 0 0 0 0 0 0 dongzhenyu 9Сʱ_mousemovements
0 0 0 0 0 0 0 0 0 0 0 0 0 0 0 0 0 0 0 0 0 0 0 0 0 0 0 0 0 0 0 0 0 0 0 0 0 0 0 0 0 0 0 dongzhenyu 9Сʱ_mousemovements
0 0 0 0 0 0 0 0 0 0 0 0 0 0 0 0 0 0 0 0 0 0 0 0 0 0 0 0 0 0 0 0 0 0 0 0 0 0 0 0 0 0 0 dongzhenyu 9Сʱ_mousemovements
0 0 0 0 0 0 0 0 0 0 0 0 0 0 0 0 0 0 0 0 0 0 0 0 0 0 0 0 0 0 0 0 0 0 0 0 0 0 0 0 0 0 0 dongzhenyu 9Сʱ_mousemovements
0 0 0 0 0 0 0 0 0 0 0 0 0 0 0 0 0 0 0 0 0 0 0 0 0 0 0 0 0 0 0 0 0 0 0 0 0 0 0 0 0 0 0 dongzhenyu 9Сʱ_mousemovements
48.6858968 120.302616 356.244781 0 0 887.686462 697.435913 993.824524 158.04454 25.641026 993.824524 35.598495 42.969535 887.686462 380.22244 91.824959 0.09090909090909091 0.09090909090909091 0.09090909090909091 0.09090909090909091 0.18181818181818182 0.09090909090909091 0.2727272727272727 0.09090909090909091 31.803808735294115 12.820513 330.3222675714286 0.7906976744186046 0.046511627906976744 0.16279069767441862 0.45454545454545453 0.18181818181818182 0.09090909090909091 0.0 0.0 0.09090909090909091 0.09090909090909091 0.09090909090909091 0.6052631578947368 0.23684210526315788 0.05263157894736842 0.05263157894736842 0.05263157894736842 dongzhenyu 9Сʱ_mousemovements
80.5630835 0 0 0 0 0 0 0 0 0 0 0 31.914894 0 0 129.211273 0.0 0.0 0.0 0.0 0.5 0.0 0.0 0.5 2.4549918461538462 0 129.211273 0.9285714285714286 0.0 0.07142857142857142 1.0 0.0 0.0 0.0 0.0 0.0 0.0 0.0 0.6153846153846154 0.15384615384615385 0.15384615384615385 0.07692307692307693 0.0 dongzhenyu 9Сʱ_mousemovements
123.90126600000002 0 0 0 0 0 0 0 97.20107999999999 0 0 84.527557 134.9627915 0 0 147.45160933333335 0.25 0.0 0.0 0.125 0.25 0.0 0.0 0.375 53.334268882352944 0 84.527557 0.9444444444444444 0.0 0.05555555555555555 1.0 0.0 0.0 0.0 0.0 0.0 0.0 0.0 0.2857142857142857 0.35714285714285715 0.2857142857142857 0.0 0.07142857142857142 dongzhenyu 9Сʱ_mousemovements
102.27133886666668 262.71849679999997 258.49099 306.543579 2643.195557 0 0 822.995911 156.25930666666667 620.4941004285713 0 344.82991799999996 110.35862199999998 160.875088 166.13994299999996 50.65245933333333 0.12 0.28 0.0 0.08 0.12 0.08 0.2 0.12 62.2220699382716 37.2731795 202.284557 0.8709677419354839 0.021505376344086023 0.10752688172043011 0.6 0.2 0.08 0.04 0.04 0.0 0.0 0.04 0.5681818181818182 0.22727272727272727 0.125 0.03409090909090909 0.045454545454545456 dongzhenyu 9Сʱ_mousemovements
138.6237206923077 228.39033300000003 332.08479066666666 0 0 346.995819 0 0 321.064476 312.3774413333333 0 137.7550275 171.64274928571427 130.072002 253.68635833333335 111.85721899999999 0.16666666666666666 0.125 0.0 0.08333333333333333 0.2916666666666667 0.08333333333333333 0.125 0.125 62.64203715068493 21.276596 76.83815933333334 0.9125 0.0125 0.075 0.5416666666666666 0.16666666666666666 0.25 0.0 0.0 0.041666666666666664 0.0 0.0 0.43243243243243246 0.24324324324324326 0.14864864864864866 0.0945945945945946 0.08108108108108109 dongzhenyu 9Сʱ_mousemovements
89.7958064074074 387.849518 435.57776399999995 477.767883 524.1371356666667 478.295929 0 0 188.45049866666668 87.36948466666666 145.0301095 184.26444183333334 267.7366166 64.158119 901.876587 126.43084780000001 0.16666666666666666 0.08333333333333333 0.1111111111111111 0.16666666666666666 0.1388888888888889 0.027777777777777776 0.027777777777777776 0.2777777777777778 55.33530752127659 15.044826 102.21293349999999 0.8623853211009175 0.009174311926605505 0.12844036697247707 0.75 0.027777777777777776 0.08333333333333333 0.027777777777777776 0.08333333333333333 0.027777777777777776 0.0 0.0 0.6470588235294118 0.17647058823529413 0.09803921568627451 0.058823529411764705 0.0196078431372549 dongzhenyu 9Сʱ_mousemovements
98.33806399999999 0 351.5779645 349.628845 469.456787 0 853.258789 564.174001 235.32527100000001 308.876986 349.628845 0 232.831436 229.18512099999998 464.5890845 159.18775225 0.25 0.2 0.05 0.0 0.05 0.15 0.1 0.2 48.28980214285714 6.4102565 199.3637339090909 0.8289473684210527 0.02631578947368421 0.14473684210526316 0.6 0.0 0.1 0.05 0.05 0.0 0.05 0.15 0.6901408450704225 0.19718309859154928 0.04225352112676056 0.04225352112676056 0.028169014084507043 dongzhenyu 9Сʱ_mousemovements
0 0 0 0 0 0 0 0 0 0 0 0 0 0 0 0 0 0 0 0 0 0 0 0 0 0 0 0 0 0 0 0 0 0 0 0 0 0 0 0 0 0 0 dongzhenyu 9Сʱ_mousemovements
0 0 0 0 0 0 0 0 0 0 0 0 0 0 0 0 0 0 0 0 0 0 0 0 0 0 0 0 0 0 0 0 0 0 0 0 0 0 0 0 0 0 0 dongzhenyu 9Сʱ_mousemovements
0 0 0 0 0 0 0 0 0 0 0 0 0 0 0 0 0 0 0 0 0 0 0 0 0 0 0 0 0 0 0 0 0 0 0 0 0 0 0 0 0 0 0 dongzhenyu 9Сʱ_mousemovements
