91.1400879 515.396515 0 0 809.2564900000001 0 0 0 122.32457149999999 304.609642 1082.081543 484.80854800000003 369.24708599999997 149.664978 0 32.258064 0.26666666666666666 0.13333333333333333 0.06666666666666667 0.13333333333333333 0.13333333333333333 0.2 0.0 0.06666666666666667 74.16497973333334 195.29373166666664 223.32904799999997 0.9 0.06 0.04 0.6666666666666666 0.13333333333333333 0.0 0.0 0.2 0.0 0.0 0.0 0.6590909090909091 0.29545454545454547 0.045454545454545456 0.0 0.0 wangcheng 6Сʱ_mousemovements
59.02938373684211 197.104523 0 0 0 538.785706 0 429.971008 89.4354591 93.56299028571429 0 0 0 538.785706 0 49.83457475 0.45454545454545453 0.3181818181818182 0.0 0.0 0.0 0.045454545454545456 0.0 0.18181818181818182 38.769822508474576 0 0 1.0 0.0 0.0 0.8636363636363636 0.045454545454545456 0.0 0.0 0.0 0.045454545454545456 0.0 0.045454545454545456 0.6226415094339622 0.1320754716981132 0.16981132075471697 0.07547169811320754 0.0 wangcheng 6Сʱ_mousemovements
148.858813 343.7787095 0 488.546692 0 0 0 622.5458375 290.28548075000003 120.49984322222222 494.1783143333333 234.94491 0 305.9480033333333 245.067932 79.365082 0.17391304347826086 0.391304347826087 0.13043478260869565 0.08695652173913043 0.0 0.13043478260869565 0.043478260869565216 0.043478260869565216 68.10809732142857 108.144338 650.9279175 0.9180327868852459 0.04918032786885246 0.03278688524590164 0.7391304347826086 0.08695652173913043 0.0 0.08695652173913043 0.0 0.0 0.0 0.08695652173913043 0.6491228070175439 0.21052631578947367 0.03508771929824561 0.05263157894736842 0.05263157894736842 wangcheng 6Сʱ_mousemovements
87.87063009090907 359.168365 0 0 0 392.117493 1034.22876 0 0 148.57270214285714 127.37958900000001 0 1034.22876 237.851669 18.638298 147.966431 0.0 0.5 0.14285714285714285 0.0 0.07142857142857142 0.07142857142857142 0.14285714285714285 0.07142857142857142 37.15287959574468 118.805257 162.37260925 0.8703703703703703 0.05555555555555555 0.07407407407407407 0.7857142857142857 0.07142857142857142 0.0 0.0 0.0 0.07142857142857142 0.07142857142857142 0.0 0.6862745098039216 0.2549019607843137 0.0392156862745098 0.0196078431372549 0.0 wangcheng 6Сʱ_mousemovements
356.2732976666666 623.103455 0 0 0 0 1680.746338 0 0 0 123.027321 0 623.103455 0 1179.47699 267.58493 0.0 0.0 0.2 0.0 0.2 0.0 0.4 0.2 118.75776588888887 623.103455 1680.746338 0.8181818181818182 0.09090909090909091 0.09090909090909091 0.6 0.2 0.0 0.0 0.0 0.0 0.2 0.0 0.6 0.3 0.1 0.0 0.0 wangcheng 6Сʱ_mousemovements
140.88950288888887 326.83534749999995 410.2656785 0 659.915955 2236.14917 0 700.1856839999999 358.84018299999997 284.6856325 701.5120027500002 391.3741305 262.13565075 251.6153656666667 671.2071225 143.0452894 0.0625 0.3125 0.125 0.0625 0.125 0.09375 0.0625 0.15625 87.76537971875 0 323.61073775 0.9230769230769231 0.0 0.07692307692307693 0.5625 0.1875 0.0625 0.0 0.03125 0.03125 0.0 0.125 0.5816326530612245 0.24489795918367346 0.09183673469387756 0.061224489795918366 0.02040816326530612 wangcheng 6Сʱ_mousemovements
95.12996500000001 178.33879066666665 0 445.191246 709.1867065 0 1042.947123 0 110.83326925 297.03769671428563 772.8401180000001 340.80611433333337 81.2662905 213.59685766666666 482.6153776666667 82.65274366666667 0.14814814814814814 0.25925925925925924 0.07407407407407407 0.1111111111111111 0.07407407407407407 0.1111111111111111 0.1111111111111111 0.1111111111111111 78.67299219230767 0 207.61852285714284 0.9176470588235294 0.0 0.08235294117647059 0.6296296296296297 0.1111111111111111 0.0 0.07407407407407407 0.07407407407407407 0.0 0.1111111111111111 0.0 0.6233766233766234 0.18181818181818182 0.12987012987012986 0.03896103896103896 0.025974025974025976 wangcheng 6Сʱ_mousemovements
125.47441928571426 313.242798 245.735077 0 383.347717 0 0 0 16.3608 83.77890925 278.233724 0 0 293.40133166666664 0 0 0.09090909090909091 0.36363636363636365 0.2727272727272727 0.0 0.0 0.2727272727272727 0.0 0.0 40.38667738235294 133.781387 212.83589949999998 0.8947368421052632 0.05263157894736842 0.05263157894736842 0.6363636363636364 0.09090909090909091 0.18181818181818182 0.0 0.09090909090909091 0.0 0.0 0.0 0.5806451612903226 0.16129032258064516 0.1935483870967742 0.0 0.06451612903225806 wangcheng 6Сʱ_mousemovements
105.90375719999997 330.492249 250.323959 354.673462 0 0 0 539.253174 13.962848 153.9212055 354.673462 145.404518 15.873015 190.90952650000003 271.71486675 81.941124 0.07142857142857142 0.14285714285714285 0.07142857142857142 0.14285714285714285 0.07142857142857142 0.14285714285714285 0.2857142857142857 0.07142857142857142 66.08795477777778 0 154.614044 0.972972972972973 0.0 0.02702702702702703 0.7142857142857143 0.07142857142857142 0.07142857142857142 0.07142857142857142 0.0 0.0 0.0 0.07142857142857142 0.6666666666666666 0.23333333333333334 0.06666666666666667 0.03333333333333333 0.0 wangcheng 6Сʱ_mousemovements
84.49134145454546 233.505295 501.4745483333333 502.325531 772.5102235 1484.283203 0 1134.832642 400.75639075 0 635.6510755 283.233459 618.3397013333333 101.95771250000001 0 175.1175072 0.19047619047619047 0.0 0.19047619047619047 0.047619047619047616 0.14285714285714285 0.19047619047619047 0.0 0.23809523809523808 72.65305626388883 22.567238500000002 381.8577143333334 0.9 0.025 0.075 0.5238095238095238 0.09523809523809523 0.14285714285714285 0.047619047619047616 0.09523809523809523 0.047619047619047616 0.0 0.047619047619047616 0.6 0.2 0.08 0.09333333333333334 0.02666666666666667 wangcheng 6Сʱ_mousemovements
92.40255207142857 396.6382142 1066.454468 0 0 1457.473755 0 1288.081909 0 100.68680255555557 596.0055344 0 0 206.3816742 990.5615235 189.596619 0.0 0.4090909090909091 0.22727272727272727 0.0 0.0 0.22727272727272727 0.09090909090909091 0.045454545454545456 104.59779367164178 0 40.39237800000001 0.9710144927536232 0.0 0.028985507246376812 0.6363636363636364 0.22727272727272727 0.045454545454545456 0.0 0.0 0.045454545454545456 0.0 0.045454545454545456 0.55 0.2 0.18333333333333332 0.05 0.016666666666666666 wangcheng 6Сʱ_mousemovements
0 0 0 0 786.343201 0 0 0 0 0 786.343201 0 0 0 0 0 0.0 0.0 1.0 0.0 0.0 0.0 0.0 0.0 0.0 0 786.343201 0.8571428571428571 0.0 0.14285714285714285 0.0 0.0 0.0 0.0 1.0 0.0 0.0 0.0 0.8333333333333334 0.0 0.16666666666666666 0.0 0.0 wangcheng 6Сʱ_mousemovements
131.2579880952381 337.74590780000005 255.042587 770.373779 694.503845 1396.470825 0 1034.894287 80.18405366666667 418.01106419999996 151.8025055 288.8324993333333 100.51642666666669 291.06709839999996 379.95859537499996 149.584543 0.0967741935483871 0.16129032258064516 0.06451612903225806 0.0967741935483871 0.0967741935483871 0.16129032258064516 0.25806451612903225 0.06451612903225806 68.4872887111111 0.0 221.14332981818185 0.8823529411764706 0.00980392156862745 0.10784313725490197 0.6774193548387096 0.16129032258064516 0.03225806451612903 0.03225806451612903 0.03225806451612903 0.03225806451612903 0.0 0.03225806451612903 0.6288659793814433 0.1958762886597938 0.10309278350515463 0.061855670103092786 0.010309278350515464 wangcheng 6Сʱ_mousemovements
120.83296277272729 188.10995200000002 517.186279 412.3607025 0 444.0574345 0 734.885864 115.9426915 119.83985630769226 428.40658066666657 0 227.19133075 274.52839175 104.95942999999997 478.5420305 0.06060606060606061 0.3939393939393939 0.09090909090909091 0.0 0.12121212121212122 0.12121212121212122 0.15151515151515152 0.06060606060606061 41.11537732631579 13.1743115 219.28949075 0.8715596330275229 0.01834862385321101 0.11009174311926606 0.6666666666666666 0.15151515151515152 0.030303030303030304 0.06060606060606061 0.0 0.06060606060606061 0.0 0.030303030303030304 0.6796116504854369 0.14563106796116504 0.10679611650485436 0.02912621359223301 0.038834951456310676 wangcheng 6Сʱ_mousemovements
37.3070245 385.6886746666667 404.725616 598.8606363333334 458.95805399999995 489.6883746666667 0 725.049133 75.798035 268.1120768 508.08173350000004 398.949799 280.780299 216.00344750000002 329.37543320000003 0 0.047619047619047616 0.23809523809523808 0.19047619047619047 0.047619047619047616 0.14285714285714285 0.09523809523809523 0.23809523809523808 0.0 67.1346593818182 87.76382199999999 527.5269468 0.8461538461538461 0.07692307692307693 0.07692307692307693 0.38095238095238093 0.14285714285714285 0.047619047619047616 0.14285714285714285 0.09523809523809523 0.14285714285714285 0.0 0.047619047619047616 0.6 0.2 0.08333333333333333 0.08333333333333333 0.03333333333333333 wangcheng 6Сʱ_mousemovements
68.43992814285714 284.6769185 310.8142245 0 0 0 411.675751 0 95.12729666666667 75.6500865 289.70307966666667 0 0 0 227.03659249999998 160.9365235 0.25 0.16666666666666666 0.25 0.0 0.0 0.0 0.16666666666666666 0.16666666666666666 13.172294925 217.85974599999997 279.78156125 0.8695652173913043 0.043478260869565216 0.08695652173913043 0.5833333333333334 0.16666666666666666 0.16666666666666666 0.0 0.0 0.0 0.08333333333333333 0.0 0.6511627906976745 0.16279069767441862 0.11627906976744186 0.046511627906976744 0.023255813953488372 wangcheng 6Сʱ_mousemovements
131.1813834545455 322.86064899999997 453.56172699999996 0 604.0572203333332 593.050598 663.827881 0 86.592361 344.138159 305.532866 302.41867699999995 248.3162345 347.97151575000004 285.255859 753.571289 0.041666666666666664 0.20833333333333334 0.20833333333333334 0.16666666666666666 0.08333333333333333 0.16666666666666666 0.08333333333333333 0.041666666666666664 35.85737826829267 916.363403 325.04627600000003 0.8631578947368421 0.010526315789473684 0.12631578947368421 0.4583333333333333 0.16666666666666666 0.125 0.0 0.125 0.08333333333333333 0.041666666666666664 0.0 0.7078651685393258 0.14606741573033707 0.07865168539325842 0.0449438202247191 0.02247191011235955 wangcheng 6Сʱ_mousemovements
113.06111350000002 408.3984525 519.470886 892.413696 0 659.993469 327.9731825 897.956665 223.987422 170.14922140000004 350.64895750000005 685.5209856666667 0 106.0548545 56.53207074999999 144.165253 0.11538461538461539 0.19230769230769232 0.23076923076923078 0.11538461538461539 0.0 0.15384615384615385 0.15384615384615385 0.038461538461538464 38.588661651685385 38.29519775 289.0106351 0.8640776699029126 0.038834951456310676 0.0970873786407767 0.6923076923076923 0.07692307692307693 0.038461538461538464 0.038461538461538464 0.0 0.038461538461538464 0.07692307692307693 0.038461538461538464 0.71 0.12 0.12 0.04 0.01 wangcheng 6Сʱ_mousemovements
131.37848062500004 483.45234112500003 527.4078675000001 0 0 778.889465 0 0 98.16955525 226.02175899999997 512.8499297500001 99.38225449999999 403.84092200000003 376.20254525 305.631561 260.814036 0.14814814814814814 0.2222222222222222 0.14814814814814814 0.07407407407407407 0.1111111111111111 0.14814814814814814 0.037037037037037035 0.1111111111111111 71.77282689610392 390.07016 471.70044699999994 0.9390243902439024 0.012195121951219513 0.04878048780487805 0.5925925925925926 0.2962962962962963 0.07407407407407407 0.0 0.0 0.037037037037037035 0.0 0.0 0.5822784810126582 0.3037974683544304 0.0759493670886076 0.02531645569620253 0.012658227848101266 wangcheng 6Сʱ_mousemovements
90.65007723529412 335.96966560000004 356.68627019999997 534.003296 552.14856 169.791779 1470.31134 892.97345 72.19851666666665 221.14443671428572 377.42663860000005 429.5800935 121.80135233333333 268.53122933333333 636.4488494 245.94575560000004 0.09090909090909091 0.21212121212121213 0.15151515151515152 0.06060606060606061 0.09090909090909091 0.09090909090909091 0.15151515151515152 0.15151515151515152 51.91316894623655 473.52868580000006 241.52521799999997 0.8454545454545455 0.045454545454545456 0.10909090909090909 0.5151515151515151 0.15151515151515152 0.15151515151515152 0.030303030303030304 0.030303030303030304 0.030303030303030304 0.06060606060606061 0.030303030303030304 0.625 0.19230769230769232 0.10576923076923077 0.038461538461538464 0.038461538461538464 wangcheng 6Сʱ_mousemovements
94.366047 1269.7584535 535.680542 287.856964 513.6220549999999 0 0 0 405.6075252 87.468071875 573.5314636666666 0 0 535.680542 0 316.5 0.2631578947368421 0.42105263157894735 0.15789473684210525 0.0 0.0 0.05263157894736842 0.0 0.10526315789473684 105.95634134693881 141.732136 0 0.9423076923076923 0.057692307692307696 0.0 0.6842105263157895 0.10526315789473684 0.05263157894736842 0.05263157894736842 0.10526315789473684 0.0 0.0 0.0 0.7555555555555555 0.13333333333333333 0.06666666666666667 0.044444444444444446 0.0 wangcheng 6Сʱ_mousemovements
125.018421125 251.36010750000003 744.55427575 0 0 0 672.760223 0 481.968475 0 629.4210167499999 133.634293 644.397156 116.35688033333334 296.40599050000003 32.258064 0.125 0.0 0.25 0.0625 0.0625 0.1875 0.25 0.0625 48.47426137254902 312.845093 434.51038714285716 0.864406779661017 0.01694915254237288 0.11864406779661017 0.5 0.125 0.25 0.0 0.0 0.0 0.125 0.0 0.6851851851851852 0.25925925925925924 0.018518518518518517 0.0 0.037037037037037035 wangcheng 6Сʱ_mousemovements
139.06994285714285 162.56929 748.0437772500001 0 0 0 0 563.316345 139.002903 195.39111116666663 566.441711 392.1329725 76.874932 455.12663249999997 520.1774879999999 162.56929 0.1 0.3 0.05 0.1 0.15 0.1 0.15 0.05 78.83047696551726 12.7488765 355.79150899999996 0.9206349206349206 0.031746031746031744 0.047619047619047616 0.7 0.05 0.2 0.0 0.0 0.0 0.0 0.05 0.6491228070175439 0.21052631578947367 0.07017543859649122 0.03508771929824561 0.03508771929824561 wangcheng 6Сʱ_mousemovements
56.486403437500016 171.333435 0 0 649.429626 0 0 0 70.5832025 0 108.1989935 12.8415615 649.429626 113.53645500000002 0.0 24.139037500000004 0.2222222222222222 0.0 0.1111111111111111 0.1111111111111111 0.05555555555555555 0.2222222222222222 0.05555555555555555 0.2222222222222222 33.16433684615384 0 0 1.0 0.0 0.0 0.8888888888888888 0.05555555555555555 0.0 0.0 0.05555555555555555 0.0 0.0 0.0 0.6170212765957447 0.2127659574468085 0.0851063829787234 0.0851063829787234 0.0 wangcheng 6Сʱ_mousemovements
112.25899190909094 287.309288 357.808472 999.5005493333333 872.956604 0 670.113037 0 142.56665 270.8390802 1002.82666 0 261.832153 514.524107 430.9465916666668 88.303505 0.05 0.25 0.05 0.0 0.05 0.2 0.3 0.1 52.29071056603773 49.83820600000001 588.8399725 0.8412698412698413 0.031746031746031744 0.12698412698412698 0.55 0.1 0.05 0.15 0.1 0.0 0.05 0.0 0.6833333333333333 0.13333333333333333 0.08333333333333333 0.08333333333333333 0.016666666666666666 wangcheng 6Сʱ_mousemovements
103.02590374999998 76.250023 0 0 0 0 0 1336.547974 38.044842 12.820513 494.0648806666666 0 0 0 172.78117925 0 0.1 0.2 0.3 0.0 0.0 0.0 0.4 0.0 19.655394487179485 33.236278 685.368004 0.8863636363636364 0.06818181818181818 0.045454545454545456 0.8 0.1 0.0 0.0 0.0 0.0 0.0 0.1 0.775 0.125 0.1 0.0 0.0 wangcheng 6Сʱ_mousemovements
109.20261449999998 331.45434833333337 991.494141 0 0 0 3385.356689 0 39.216789 365.632042 0 96.774193 554.0986065 1198.9916840000003 164.14912416666664 85.106384 0.11764705882352941 0.11764705882352941 0.0 0.058823529411764705 0.11764705882352941 0.17647058823529413 0.35294117647058826 0.058823529411764705 126.24888801923079 0 58.351536 0.9629629629629629 0.0 0.037037037037037035 0.7058823529411765 0.17647058823529413 0.058823529411764705 0.0 0.0 0.0 0.058823529411764705 0.0 0.5769230769230769 0.19230769230769232 0.19230769230769232 0.019230769230769232 0.019230769230769232 wangcheng 6Сʱ_mousemovements
55.99250421428572 0 574.444519 0 0 0 431.463715 0 47.63260425 62.041975 316.645258 0 0 431.463715 125.0 47.57244916666667 0.25 0.125 0.125 0.0 0.0 0.0625 0.0625 0.375 33.76987345283019 0 0 1.0 0.0 0.0 0.875 0.0 0.0625 0.0 0.0 0.0 0.0625 0.0 0.75 0.11363636363636363 0.06818181818181818 0.06818181818181818 0.0 wangcheng 6Сʱ_mousemovements
88.66398033333333 0 0 0 391.873413 0 0 0 30.089651 0 0 117.95114500000001 0 0 391.873413 0 0.25 0.0 0.0 0.5 0.0 0.0 0.25 0.0 32.8932677 0 0 1.0 0.0 0.0 0.75 0.0 0.0 0.0 0.25 0.0 0.0 0.0 0.7333333333333333 0.06666666666666667 0.13333333333333333 0.06666666666666667 0.0 wangcheng 6Сʱ_mousemovements
26.52465228571429 0 0 0 749.792175 0 0 910.677551 29.822362199999997 910.677551 0 0 749.792175 22.376358 14.184397 0 0.5555555555555556 0.1111111111111111 0.0 0.0 0.1111111111111111 0.1111111111111111 0.1111111111111111 0.0 40.76112930769231 14.184397 257.389511 0.8666666666666667 0.03333333333333333 0.1 0.7777777777777778 0.0 0.0 0.0 0.1111111111111111 0.0 0.0 0.1111111111111111 0.5769230769230769 0.34615384615384615 0.0 0.038461538461538464 0.038461538461538464 wangcheng 6Сʱ_mousemovements
80.48061346153848 383.72019466666666 0 461.23822 0 0 0 0 0 115.4527208888889 276.5246735 0 35.296181 470.611435 30.0446815 29.91453 0.0 0.5294117647058824 0.11764705882352941 0.0 0.058823529411764705 0.11764705882352941 0.11764705882352941 0.058823529411764705 49.31779235714288 79.483551 253.90797449999997 0.9333333333333333 0.022222222222222223 0.044444444444444446 0.7647058823529411 0.17647058823529413 0.0 0.058823529411764705 0.0 0.0 0.0 0.0 0.5365853658536586 0.3170731707317073 0.07317073170731707 0.07317073170731707 0.0 wangcheng 6Сʱ_mousemovements
142.18643000000003 252.83457949999996 155.308395 0 245.089401 0 0 0 0 86.30982399999999 261.89322649999997 0 0 110.1138905 226.67418299999997 0 0.0 0.16666666666666666 0.16666666666666666 0.0 0.0 0.3333333333333333 0.3333333333333333 0.0 45.31769142500001 58.729801 86.0604685 0.9302325581395349 0.023255813953488372 0.046511627906976744 0.6666666666666666 0.16666666666666666 0.08333333333333333 0.0 0.08333333333333333 0.0 0.0 0.0 0.5789473684210527 0.21052631578947367 0.15789473684210525 0.02631578947368421 0.02631578947368421 wangcheng 6Сʱ_mousemovements
98.91048430769231 645.1946459999999 130.035599 508.563202 0 0 0 0 126.50826775000002 110.8304445 477.584284 0 159.007935 345.7121505 13.250725500000001 115.018084 0.2222222222222222 0.1111111111111111 0.2222222222222222 0.0 0.05555555555555555 0.1111111111111111 0.1111111111111111 0.16666666666666666 87.42714045454542 6.6124275 0 0.9565217391304348 0.043478260869565216 0.0 0.7222222222222222 0.16666666666666666 0.05555555555555555 0.05555555555555555 0.0 0.0 0.0 0.0 0.6 0.175 0.075 0.1 0.05 wangcheng 6Сʱ_mousemovements
132.056292875 503.33934 394.167053 0 0 1214.773071 0 0 30.871447 132.3772755 392.41220100000004 174.107544 0 216.597393 1214.773071 276.47297649999996 0.08333333333333333 0.16666666666666666 0.16666666666666666 0.08333333333333333 0.0 0.25 0.08333333333333333 0.16666666666666666 70.8620414137931 8.129822 804.4700620000001 0.90625 0.03125 0.0625 0.6666666666666666 0.16666666666666666 0.08333333333333333 0.0 0.0 0.08333333333333333 0.0 0.0 0.6071428571428571 0.21428571428571427 0.07142857142857142 0.10714285714285714 0.0 wangcheng 6Сʱ_mousemovements
160.05714493333335 383.09300999999994 609.8389435 625.2509666666666 0 0 2507.618408 0 938.0776746666666 160.32680883333336 278.291369 257.9618915 595.193848 571.6019532 403.30941399999995 49.821400000000004 0.12 0.24 0.12 0.08 0.04 0.2 0.08 0.12 140.5453986140351 123.61123633333334 288.58924475000003 0.890625 0.046875 0.0625 0.6 0.16 0.08 0.12 0.0 0.0 0.04 0.0 0.6451612903225806 0.12903225806451613 0.1774193548387097 0.03225806451612903 0.016129032258064516 wangcheng 6Сʱ_mousemovements
83.51640085714283 427.7973326666667 0 453.213776 571.125717 0 0 0 28.3498495 157.09395246153846 357.25705124999996 123.829666 59.85198733333334 250.10432928571427 172.24662400000003 44.2580755 0.05555555555555555 0.3611111111111111 0.1111111111111111 0.027777777777777776 0.08333333333333333 0.19444444444444445 0.1111111111111111 0.05555555555555555 30.62040140816325 62.481694999999995 331.5420397777777 0.8672566371681416 0.05309734513274336 0.07964601769911504 0.7777777777777778 0.08333333333333333 0.0 0.027777777777777776 0.1111111111111111 0.0 0.0 0.0 0.6355140186915887 0.205607476635514 0.08411214953271028 0.037383177570093455 0.037383177570093455 wangcheng 6Сʱ_mousemovements
79.60727211111112 0 598.324158 436.602234 0 0 0 0 82.098724 82.18698499999999 436.602234 0 0 54.991361500000004 280.42957800000005 58.522728 0.09090909090909091 0.18181818181818182 0.09090909090909091 0.0 0.0 0.18181818181818182 0.2727272727272727 0.18181818181818182 48.276738764705875 10.475002 99.507721 0.9444444444444444 0.027777777777777776 0.027777777777777776 0.8181818181818182 0.0 0.09090909090909091 0.09090909090909091 0.0 0.0 0.0 0.0 0.65625 0.15625 0.125 0.03125 0.03125 wangcheng 6Сʱ_mousemovements
59.65699119047622 291.5837365 268.800079 0 0 682.786743 1065.146362 0 80.47582175 149.2379672 169.001167 18.859247 58.9091668 375.55924999999996 398.58075833333334 46.58403975000001 0.15384615384615385 0.19230769230769232 0.07692307692307693 0.038461538461538464 0.19230769230769232 0.07692307692307693 0.11538461538461539 0.15384615384615385 42.990158767441855 40.576135 74.391548 0.9662921348314607 0.02247191011235955 0.011235955056179775 0.8076923076923077 0.07692307692307693 0.038461538461538464 0.0 0.0 0.038461538461538464 0.038461538461538464 0.0 0.6049382716049383 0.2839506172839506 0.04938271604938271 0.024691358024691357 0.037037037037037035 wangcheng 6Сʱ_mousemovements
78.264725875 400.964264 0 0 0 0 0 874.412964 0 77.20780857142857 243.3137055 0 0 874.412964 0 0 0.0 0.7 0.2 0.0 0.0 0.1 0.0 0.0 86.43159250000002 0 0 1.0 0.0 0.0 0.8 0.1 0.0 0.0 0.0 0.0 0.0 0.1 0.6190476190476191 0.23809523809523808 0.047619047619047616 0.0 0.09523809523809523 wangcheng 6Сʱ_mousemovements
0 0 0 0 0 0 0 0 0 0 0 0 0 0 0 0 0 0 0 0 0 0 0 0 0 0 0 0 0 0 0 0 0 0 0 0 0 0 0 0 0 0 0 wangcheng 6Сʱ_mousemovements
122.61819106666668 368.93202600000006 590.3332184000002 435.924194 0 0 0 0 129.539485 211.14658683333332 365.08400350000005 209.81179775000004 283.13089 1399.950928 336.01926166666664 92.6123465 0.06896551724137931 0.20689655172413793 0.13793103448275862 0.13793103448275862 0.06896551724137931 0.034482758620689655 0.20689655172413793 0.13793103448275862 107.38969153448274 173.63545360000003 216.30799660000002 0.8529411764705882 0.07352941176470588 0.07352941176470588 0.5172413793103449 0.27586206896551724 0.1724137931034483 0.034482758620689655 0.0 0.0 0.0 0.0 0.4925373134328358 0.31343283582089554 0.11940298507462686 0.07462686567164178 0.0 wangcheng 6Сʱ_mousemovements
125.1437998947368 180.89222599999997 324.5423772500001 539.511963 441.37170449999996 0 0 0 68.07849133333333 276.456257 198.53211216666662 168.905655 0 304.8822596666667 208.21170375 97.5836295 0.10344827586206896 0.13793103448275862 0.20689655172413793 0.034482758620689655 0.0 0.10344827586206896 0.27586206896551724 0.13793103448275862 58.86518949295773 114.42487940000001 296.42696866666665 0.8987341772151899 0.06329113924050633 0.0379746835443038 0.6551724137931034 0.10344827586206896 0.13793103448275862 0.034482758620689655 0.06896551724137931 0.0 0.0 0.0 0.5072463768115942 0.2753623188405797 0.11594202898550725 0.07246376811594203 0.028985507246376812 wangcheng 6Сʱ_mousemovements
101.06937742857144 370.84821780000004 521.7047115 880.4750824999999 0 612.414612 0 770.869507 225.07135 172.9511692727273 586.7601011666667 0 23.4808315 770.869507 178.7957887777778 44.626817 0.03125 0.34375 0.1875 0.0 0.0625 0.03125 0.28125 0.0625 50.50796394252874 450.65246649999995 163.96158274999996 0.8446601941747572 0.038834951456310676 0.11650485436893204 0.65625 0.15625 0.0625 0.0625 0.0 0.03125 0.0 0.03125 0.5263157894736842 0.25263157894736843 0.16842105263157894 0.010526315789473684 0.042105263157894736 wangcheng 6Сʱ_mousemovements
101.4276251 584.0017876666666 819.4604190000001 1696.906982 0 450.483063 699.2080283333333 0 619.266785 297.11946518181816 1406.9403075 277.55699080000005 80.10261650000001 226.53330025000002 437.40896599999996 42.553192 0.030303030303030304 0.3333333333333333 0.06060606060606061 0.15151515151515152 0.06060606060606061 0.24242424242424243 0.09090909090909091 0.030303030303030304 94.30898980952381 300.39562200000006 332.09415700000005 0.8842105263157894 0.05263157894736842 0.06315789473684211 0.6060606060606061 0.18181818181818182 0.06060606060606061 0.030303030303030304 0.0 0.030303030303030304 0.09090909090909091 0.0 0.6629213483146067 0.14606741573033707 0.11235955056179775 0.0449438202247191 0.033707865168539325 wangcheng 6Сʱ_mousemovements
131.32756443478254 536.7156982 0 1135.533691 0 0 840.921692 0 98.1805345 238.45179366666665 452.5000713333334 332.14925300000004 101.1374775 95.06904833333333 177.22793442857144 653.5859525000001 0.06666666666666667 0.2 0.1 0.16666666666666666 0.06666666666666667 0.1 0.23333333333333334 0.06666666666666667 69.7210176056338 242.8879845714286 103.01597140000004 0.8068181818181818 0.07954545454545454 0.11363636363636363 0.7666666666666667 0.16666666666666666 0.0 0.03333333333333333 0.0 0.0 0.03333333333333333 0.0 0.6235294117647059 0.24705882352941178 0.09411764705882353 0.011764705882352941 0.023529411764705882 wangcheng 6Сʱ_mousemovements
129.175636 560.5712023333334 0 0 0 941.295532 0 0 0 234.35992288888895 192.74801050000002 941.295532 0 248.96260450000003 116.55921550000004 93.85723850000001 0.0 0.375 0.16666666666666666 0.041666666666666664 0.0 0.08333333333333333 0.25 0.08333333333333333 73.53832568253969 40.345299499999996 68.70435716666667 0.863013698630137 0.0547945205479452 0.0821917808219178 0.8333333333333334 0.125 0.0 0.0 0.0 0.041666666666666664 0.0 0.0 0.6323529411764706 0.25 0.058823529411764705 0.058823529411764705 0.0 wangcheng 6Сʱ_mousemovements
102.08004745833334 241.89908200000002 0 542.6470436666667 1471.160645 1001.347137 740.84082 0 98.798218 513.6893242857142 172.0932692 235.75822660000003 20.2579805 172.8844875 85.88077214285714 1060.138845 0.029411764705882353 0.20588235294117646 0.14705882352941177 0.14705882352941177 0.058823529411764705 0.11764705882352941 0.20588235294117646 0.08823529411764706 67.55409159210525 486.97244962499997 173.94660857142858 0.8351648351648352 0.08791208791208792 0.07692307692307693 0.7058823529411765 0.058823529411764705 0.0 0.08823529411764706 0.058823529411764705 0.058823529411764705 0.029411764705882353 0.0 0.5176470588235295 0.3058823529411765 0.08235294117647059 0.03529411764705882 0.058823529411764705 wangcheng 6Сʱ_mousemovements
104.28844156000005 207.2360842 344.581322 205.072784 0 0 0 808.352234 122.54972724999999 69.23566714285712 122.8881151666667 426.33040625 0 116.096212 212.96743960000003 103.07087859999999 0.11764705882352941 0.20588235294117646 0.17647058823529413 0.11764705882352941 0.0 0.08823529411764706 0.14705882352941177 0.14705882352941177 47.15004243209878 333.333344 298.3730852499999 0.9418604651162791 0.011627906976744186 0.046511627906976744 0.7352941176470589 0.14705882352941177 0.058823529411764705 0.029411764705882353 0.0 0.0 0.0 0.029411764705882353 0.6097560975609756 0.23170731707317074 0.08536585365853659 0.036585365853658534 0.036585365853658534 wangcheng 6Сʱ_mousemovements
194.80865743749996 339.8689626666667 532.118988 1316.951904 115.983467 1529.8961795 882.0704955 0 64.43173200000001 165.62058674999997 709.6509704 192.130966 249.38182119999996 696.082676 980.2163889999999 100.51624299999999 0.1111111111111111 0.14814814814814814 0.18518518518518517 0.037037037037037035 0.18518518518518517 0.07407407407407407 0.14814814814814814 0.1111111111111111 66.91818678124999 670.7212341666665 450.08010642857147 0.8311688311688312 0.07792207792207792 0.09090909090909091 0.5925925925925926 0.1111111111111111 0.07407407407407407 0.037037037037037035 0.037037037037037035 0.07407407407407407 0.07407407407407407 0.0 0.6301369863013698 0.1917808219178082 0.0821917808219178 0.0821917808219178 0.0136986301369863 wangcheng 6Сʱ_mousemovements
52.31324011111113 430.96910049999997 158.133865 0 0 0 0 0 66.40817866666667 123.65396333333331 232.222076 134.417686 0 158.133865 66.98933799999999 32.080549 0.14285714285714285 0.2857142857142857 0.047619047619047616 0.09523809523809523 0.0 0.047619047619047616 0.14285714285714285 0.23809523809523808 28.244780797101452 12.820513 0 0.9857142857142858 0.014285714285714285 0.0 0.8571428571428571 0.09523809523809523 0.047619047619047616 0.0 0.0 0.0 0.0 0.0 0.7258064516129032 0.1774193548387097 0.03225806451612903 0.06451612903225806 0.0 wangcheng 6Сʱ_mousemovements
63.88481815384617 255.1947733333334 0 0 769.80423 0 279.455933 0 81.058445 140.2360837142857 509.11368949999996 110.895638 0 0 142.60692725 78.535599 0.18181818181818182 0.3181818181818182 0.18181818181818182 0.045454545454545456 0.0 0.0 0.18181818181818182 0.09090909090909091 28.79191192957747 95.99064300000002 264.0768561428572 0.8765432098765432 0.037037037037037035 0.08641975308641975 0.5909090909090909 0.2727272727272727 0.0 0.0 0.09090909090909091 0.0 0.045454545454545456 0.0 0.6533333333333333 0.17333333333333334 0.10666666666666667 0.06666666666666667 0.0 wangcheng 6Сʱ_mousemovements
159.8370413333333 478.1688385 409.9385395714285 521.277191 0 0 685.688965 0 45.7061025 108.99947360000002 503.04644775 282.483368 12.820513 368.3700993333334 290.2897443333333 0 0.06896551724137931 0.1724137931034483 0.27586206896551724 0.034482758620689655 0.034482758620689655 0.20689655172413793 0.20689655172413793 0.0 105.79157513114754 157.611805 333.33979800000003 0.8591549295774648 0.07042253521126761 0.07042253521126761 0.5172413793103449 0.13793103448275862 0.2413793103448276 0.06896551724137931 0.0 0.0 0.034482758620689655 0.0 0.6 0.24615384615384617 0.09230769230769231 0.046153846153846156 0.015384615384615385 wangcheng 6Сʱ_mousemovements
100.07561042857142 289.1109816 758.379547 665.00061 0 625.09552 614.308838 0 195.32616725000003 244.851257 387.07431399999996 625.09552 743.205261 183.76263566666663 125.31886299999998 303.89263033333333 0.16 0.04 0.16 0.04 0.08 0.12 0.28 0.12 45.52945303896104 119.53434175000001 304.2251811999999 0.8461538461538461 0.04395604395604396 0.10989010989010989 0.56 0.2 0.12 0.04 0.0 0.04 0.04 0.0 0.6941176470588235 0.21176470588235294 0.047058823529411764 0.03529411764705882 0.011764705882352941 wangcheng 6Сʱ_mousemovements
94.456533 308.39620225000004 211.358414 776.6983335 777.6866151666668 0 0 0 295.2102585 330.9190966666667 388.40094750000003 259.035102 417.5149536666667 517.423548 51.282051 537.583313 0.08 0.24 0.08 0.12 0.12 0.16 0.04 0.16 93.62556833898309 651.7748873333334 362.4105766666667 0.8676470588235294 0.04411764705882353 0.08823529411764706 0.32 0.32 0.04 0.08 0.24 0.0 0.0 0.0 0.53125 0.25 0.078125 0.0625 0.078125 wangcheng 6Сʱ_mousemovements
80.16263986363634 260.490997 0 1568.1647034999999 907.8542174999999 752.904541 772.794434 0 256.3810102499999 62.67168372727272 428.0959573333333 920.710754 1272.121826 106.694176 190.552198 392.4097175 0.26666666666666666 0.36666666666666664 0.1 0.03333333333333333 0.06666666666666667 0.03333333333333333 0.06666666666666667 0.06666666666666667 78.91967355844154 136.59064466666666 379.28501499999993 0.8953488372093024 0.03488372093023256 0.06976744186046512 0.7333333333333333 0.06666666666666667 0.0 0.06666666666666667 0.06666666666666667 0.03333333333333333 0.03333333333333333 0.0 0.6746987951807228 0.18072289156626506 0.07228915662650602 0.04819277108433735 0.024096385542168676 wangcheng 6Сʱ_mousemovements
94.56280255000004 269.60886775 1597.763646 759.9662625 0 0 0 601.362427 193.24517349999996 175.3060966 113.858047 489.70838299999997 39.095176333333335 195.35239860000001 173.11632350000002 1492.9266253333335 0.2 0.16666666666666666 0.03333333333333333 0.1 0.1 0.16666666666666666 0.13333333333333333 0.1 87.59982781111111 113.858047 235.80435774999995 0.9090909090909091 0.010101010101010102 0.08080808080808081 0.6666666666666666 0.13333333333333333 0.1 0.06666666666666667 0.0 0.0 0.0 0.03333333333333333 0.5638297872340425 0.2978723404255319 0.07446808510638298 0.0425531914893617 0.02127659574468085 wangcheng 6Сʱ_mousemovements
117.85592683333334 639.7998556666666 437.567139 1154.613281 60.16634 0 1099.540649 1692.174072 0 465.07423020000004 515.19400625 221.446556 29.309851 437.567139 402.48935516666666 66.878761 0.0 0.25 0.2 0.1 0.05 0.05 0.3 0.05 101.35732448076925 136.79061575 391.9977668 0.8524590163934426 0.06557377049180328 0.08196721311475409 0.6 0.15 0.05 0.05 0.05 0.0 0.05 0.05 0.6181818181818182 0.23636363636363636 0.10909090909090909 0.01818181818181818 0.01818181818181818 wangcheng 6Сʱ_mousemovements
136.23127099999996 323.53183599999994 245.02066 415.021576 601.645996 0 382.19519 1010.7453 325.226563 303.674102 385.85271199999994 245.02066 208.16497199999995 311.17954999999995 176.09714566666665 141.649292 0.04 0.2 0.12 0.04 0.24 0.08 0.24 0.04 41.05689632530121 186.5062275 253.5022117 0.8736842105263158 0.021052631578947368 0.10526315789473684 0.6 0.2 0.04 0.04 0.04 0.0 0.04 0.04 0.6781609195402298 0.10344827586206896 0.11494252873563218 0.06896551724137931 0.034482758620689655 wangcheng 6Сʱ_mousemovements
132.11589764285716 370.079075 931.557434 0 601.57312 0 883.366516 0 492.990631 137.333965 423.40858849999995 601.57312 239.2138455 465.808411 189.99706 63.5080645 0.09523809523809523 0.2857142857142857 0.19047619047619047 0.047619047619047616 0.09523809523809523 0.047619047619047616 0.14285714285714285 0.09523809523809523 76.88355734545456 204.86337519999998 246.7617035 0.8870967741935484 0.08064516129032258 0.03225806451612903 0.6666666666666666 0.19047619047619047 0.047619047619047616 0.0 0.047619047619047616 0.0 0.047619047619047616 0.0 0.5789473684210527 0.24561403508771928 0.10526315789473684 0.05263157894736842 0.017543859649122806 wangcheng 6Сʱ_mousemovements
85.69220465217393 0 417.302368 1368.665405 535.2849936666667 0 0 740.128845 410.75740799999994 57.1080265 468.4370482000001 341.1655275 91.89795237500003 0 112.78137900000002 152.72819785714287 0.06896551724137931 0.06896551724137931 0.1724137931034483 0.06896551724137931 0.27586206896551724 0.0 0.10344827586206896 0.2413793103448276 42.95082378823529 138.89343050000002 217.4265423 0.8762886597938144 0.020618556701030927 0.10309278350515463 0.7931034482758621 0.0 0.034482758620689655 0.034482758620689655 0.10344827586206896 0.0 0.0 0.034482758620689655 0.6555555555555556 0.2 0.07777777777777778 0.022222222222222223 0.044444444444444446 wangcheng 6Сʱ_mousemovements
317.349369 474.458649 0 0 0 0 0 0 0 102.228462 0 474.458649 532.470276 0 0 0 0.0 0.3333333333333333 0.0 0.3333333333333333 0.3333333333333333 0.0 0.0 0.0 90.6712482857143 474.458649 0 0.875 0.125 0.0 0.6666666666666666 0.3333333333333333 0.0 0.0 0.0 0.0 0.0 0.0 0.5714285714285714 0.2857142857142857 0.0 0.0 0.14285714285714285 wangcheng 6Сʱ_mousemovements
0 0 0 0 0 0 0 0 0 0 0 0 0 0 0 0 0 0 0 0 0 0 0 0 0 0 0 0 0 0 0 0 0 0 0 0 0 0 0 0 0 0 0 wangcheng 6Сʱ_mousemovements
0 0 0 0 0 0 0 0 0 0 0 0 0 0 0 0 0 0 0 0 0 0 0 0 0 0 0 0 0 0 0 0 0 0 0 0 0 0 0 0 0 0 0 wangcheng 6Сʱ_mousemovements
178.74143033333334 321.24955750000004 626.559509 441.925995 0 0 164.478073 1088.290649 0 184.71217049999998 0 393.4105376666667 0 563.239807 500.90995766666674 338.8557285 0.0 0.3076923076923077 0.0 0.23076923076923078 0.0 0.07692307692307693 0.23076923076923078 0.15384615384615385 56.09748965 82.2390365 375.73062883333336 0.8333333333333334 0.041666666666666664 0.125 0.46153846153846156 0.15384615384615385 0.15384615384615385 0.07692307692307693 0.0 0.0 0.07692307692307693 0.07692307692307693 0.7021276595744681 0.14893617021276595 0.0851063829787234 0.06382978723404255 0.0 wangcheng 6Сʱ_mousemovements
141.13118075999995 244.39859600000005 601.519287 549.4068072499999 330.761139 537.263855 931.385315 0 220.522568 189.85070037499997 568.4326578333333 144.855816 180.64946450000002 154.47050228571425 133.33421125 519.314255 0.02631578947368421 0.21052631578947367 0.15789473684210525 0.05263157894736842 0.10526315789473684 0.18421052631578946 0.21052631578947367 0.05263157894736842 35.53839321698112 62.26590433333332 385.35442357142847 0.8617886178861789 0.024390243902439025 0.11382113821138211 0.6578947368421053 0.13157894736842105 0.02631578947368421 0.10526315789473684 0.02631578947368421 0.02631578947368421 0.02631578947368421 0.0 0.6837606837606838 0.1623931623931624 0.07692307692307693 0.05982905982905983 0.017094017094017096 wangcheng 6Сʱ_mousemovements
165.95282666666668 0 386.855652 601.1062826666667 0 0 404.74588 0 69.877298 165.72201650000002 661.6020510000001 97.79195766666668 433.485199 335.413818 241.91816274999996 220.44924100000003 0.08695652173913043 0.2608695652173913 0.08695652173913043 0.13043478260869565 0.08695652173913043 0.043478260869565216 0.17391304347826086 0.13043478260869565 61.742087285714284 9.708738 528.7014085000001 0.9180327868852459 0.01639344262295082 0.06557377049180328 0.782608695652174 0.0 0.043478260869565216 0.13043478260869565 0.0 0.0 0.043478260869565216 0.0 0.6666666666666666 0.09259259259259259 0.18518518518518517 0.05555555555555555 0.0 wangcheng 6Сʱ_mousemovements
162.38576600000002 648.909424 0 722.3744913333334 0 668.50824 0 0 284.7044775 340.983887 1129.649902 400.208481 522.258484 0 240.74285833333337 138.837692 0.14285714285714285 0.07142857142857142 0.07142857142857142 0.14285714285714285 0.07142857142857142 0.0 0.42857142857142855 0.07142857142857142 46.0524954047619 0 430.2583178571429 0.8571428571428571 0.0 0.14285714285714285 0.6428571428571429 0.07142857142857142 0.0 0.21428571428571427 0.0 0.07142857142857142 0.0 0.0 0.5869565217391305 0.21739130434782608 0.10869565217391304 0.06521739130434782 0.021739130434782608 wangcheng 6Сʱ_mousemovements
109.919975 0 0 0 0 0 0 0 0 0 0 0 0 0 0 109.919975 0.0 0.0 0.0 0.0 0.0 0.0 0.0 1.0 15.702853571428571 0 0 1.0 0.0 0.0 1.0 0.0 0.0 0.0 0.0 0.0 0.0 0.0 0.8333333333333334 0.16666666666666666 0.0 0.0 0.0 wangcheng 6Сʱ_mousemovements
165.96702100000005 876.6878613333334 0 0 0 0 0 0 864.1871313333335 47.733390500000006 289.051247 149.071198 447.131104 0 0 0 0.2727272727272727 0.36363636363636365 0.18181818181818182 0.09090909090909091 0.09090909090909091 0.0 0.0 0.0 136.4758535172414 0 0 1.0 0.0 0.0 0.7272727272727273 0.2727272727272727 0.0 0.0 0.0 0.0 0.0 0.0 0.5833333333333334 0.20833333333333334 0.16666666666666666 0.0 0.041666666666666664 wangcheng 6Сʱ_mousemovements
70.18892650000001 0 0 0 556.494202 0 0 0 0 317.1860275 0 0 0 0 0 62.5 0.0 0.6666666666666666 0.0 0.0 0.0 0.0 0.0 0.3333333333333333 116.14534250000001 0 0 1.0 0.0 0.0 0.6666666666666666 0.0 0.0 0.0 0.3333333333333333 0.0 0.0 0.0 0.75 0.0 0.0 0.0 0.25 wangcheng 6Сʱ_mousemovements
152.3676146875 427.5840834999999 0 570.4324849999999 0 0 1802.519165 0 881.552612 251.15982333333332 693.887647 489.50438700000007 213.49489440000002 78.698677 148.32067539999997 269.6386165 0.041666666666666664 0.125 0.125 0.08333333333333333 0.20833333333333334 0.041666666666666664 0.20833333333333334 0.16666666666666666 96.33242461538461 78.3279752 376.8514721666667 0.8253968253968254 0.07936507936507936 0.09523809523809523 0.6666666666666666 0.16666666666666666 0.0 0.125 0.0 0.0 0.041666666666666664 0.0 0.6166666666666667 0.2 0.13333333333333333 0.03333333333333333 0.016666666666666666 wangcheng 6Сʱ_mousemovements
107.6034637352941 268.223465 416.6805316666667 279.706573 0 0 0 0 60.77743433333334 83.88054609090908 222.35090928571432 0 271.65477 215.28150999999994 215.5805108 79.931095 0.225 0.275 0.175 0.0 0.075 0.075 0.125 0.05 42.693463195876284 131.989109625 175.844686 0.8981481481481481 0.07407407407407407 0.027777777777777776 0.85 0.05 0.075 0.025 0.0 0.0 0.0 0.0 0.6666666666666666 0.19047619047619047 0.09523809523809523 0.01904761904761905 0.02857142857142857 wangcheng 6Сʱ_mousemovements
113.74252684615386 513.68811 0 0 841.1152345 1468.554688 0 612.164001 79.40343733333333 202.89680966666666 1468.554688 110.63237699999999 190.981443 513.68811 526.63326075 108.19294749999999 0.16666666666666666 0.16666666666666666 0.05555555555555555 0.1111111111111111 0.1111111111111111 0.05555555555555555 0.2222222222222222 0.1111111111111111 131.537729225 21.531427 225.35904699999998 0.9090909090909091 0.045454545454545456 0.045454545454545456 0.7222222222222222 0.05555555555555555 0.0 0.0 0.1111111111111111 0.05555555555555555 0.0 0.05555555555555555 0.5609756097560976 0.3170731707317073 0.0975609756097561 0.0 0.024390243902439025 wangcheng 6Сʱ_mousemovements
132.02827436000004 395.5466917999999 464.123398 1386.771118 0 253.247726 971.689148 0 213.60339633333334 264.58524309999996 439.85480766666666 253.247726 254.42172633333328 497.60341249999993 102.87496728571429 121.27918425 0.08571428571428572 0.2857142857142857 0.08571428571428572 0.02857142857142857 0.08571428571428572 0.11428571428571428 0.2 0.11428571428571428 87.37869935294117 64.372877 283.42853825 0.9139784946236559 0.043010752688172046 0.043010752688172046 0.7142857142857143 0.14285714285714285 0.05714285714285714 0.02857142857142857 0.0 0.02857142857142857 0.02857142857142857 0.0 0.5842696629213483 0.24719101123595505 0.056179775280898875 0.06741573033707865 0.0449438202247191 wangcheng 6Сʱ_mousemovements
109.63611466666663 214.99434250000002 0 0 0 0 0 0 135.34186533333335 86.821991 70.51750960000001 117.57042433333334 151.444889 109.190475 141.148404375 78.95114899999999 0.20689655172413793 0.06896551724137931 0.1724137931034483 0.10344827586206896 0.06896551724137931 0.034482758620689655 0.27586206896551724 0.06896551724137931 30.999702456521735 84.91355133333333 70.86262525000001 0.9292929292929293 0.030303030303030304 0.04040404040404041 0.9310344827586207 0.06896551724137931 0.0 0.0 0.0 0.0 0.0 0.0 0.6559139784946236 0.20430107526881722 0.08602150537634409 0.043010752688172046 0.010752688172043012 wangcheng 6Сʱ_mousemovements
117.01368314285712 379.007843 0 349.13028 0 698.367493 0 1298.082642 185.52126500000003 158.78945933333333 1298.082642 183.0491635 125.293656 160.13433366666666 234.53827449999994 96.48058933333333 0.15384615384615385 0.11538461538461539 0.038461538461538464 0.07692307692307693 0.15384615384615385 0.11538461538461539 0.23076923076923078 0.11538461538461539 78.83475315 28.429909999999996 114.77478466666668 0.8450704225352113 0.07042253521126761 0.08450704225352113 0.8076923076923077 0.07692307692307693 0.0 0.038461538461538464 0.0 0.038461538461538464 0.0 0.038461538461538464 0.6417910447761194 0.19402985074626866 0.08955223880597014 0.05970149253731343 0.014925373134328358 wangcheng 6Сʱ_mousemovements
89.4862574210526 278.7467714 1212.4947590000002 1001.362244 0 2547.025879 700.8883766666667 0 271.1824265 90.08607500000001 372.9375761666668 1253.7301865 77.219039 210.9540635 704.3811678333332 47.74703966666667 0.06451612903225806 0.12903225806451613 0.1935483870967742 0.06451612903225806 0.12903225806451613 0.12903225806451613 0.1935483870967742 0.0967741935483871 134.34070169999998 79.69006828571428 201.3893203333333 0.8433734939759037 0.08433734939759036 0.07228915662650602 0.6129032258064516 0.16129032258064516 0.06451612903225806 0.03225806451612903 0.0 0.03225806451612903 0.0967741935483871 0.0 0.618421052631579 0.21052631578947367 0.09210526315789473 0.06578947368421052 0.013157894736842105 wangcheng 6Сʱ_mousemovements
33.925833999999995 364.23666 0 0 519.715088 0 0 0 0 0 48.222851999999996 519.715088 0 0 235.0703606666667 0 0.0 0.0 0.5 0.125 0.0 0.0 0.375 0.0 46.902067035714275 100.031914 4.527787 0.9333333333333333 0.03333333333333333 0.03333333333333333 0.625 0.25 0.0 0.0 0.125 0.0 0.0 0.0 0.5416666666666666 0.2916666666666667 0.125 0.0 0.041666666666666664 wangcheng 6Сʱ_mousemovements
132.85021223809522 525.3011395 347.365997 672.6725615 954.321777 0 1118.428711 0 1603.231445 228.365784 589.0602823333334 183.06156925 351.597247 232.20882933333337 133.90817750000002 0 0.034482758620689655 0.20689655172413793 0.10344827586206896 0.13793103448275862 0.10344827586206896 0.20689655172413793 0.20689655172413793 0.0 97.05420488059698 62.58197419999999 212.0894952222222 0.8271604938271605 0.06172839506172839 0.1111111111111111 0.7241379310344828 0.06896551724137931 0.034482758620689655 0.06896551724137931 0.034482758620689655 0.0 0.06896551724137931 0.0 0.7162162162162162 0.14864864864864866 0.06756756756756757 0.05405405405405406 0.013513513513513514 wangcheng 6Сʱ_mousemovements
542.25771375 342.613831 0 0 0 0 1269.837891 0 0 206.01341250000002 0 3192.398193 3.367003 1269.837891 253.686249 155.9123865 0.0 0.2 0.0 0.1 0.1 0.1 0.3 0.2 101.68062039130433 0 424.40163133333334 0.9387755102040817 0.0 0.061224489795918366 0.8 0.1 0.0 0.0 0.0 0.0 0.1 0.0 0.8 0.06666666666666667 0.1111111111111111 0.0 0.022222222222222223 wangcheng 6Сʱ_mousemovements
0 0 0 0 0 0 0 0 0 0 0 0 0 0 0 0 0 0 0 0 0 0 0 0 0 0 0 0 0 0 0 0 0 0 0 0 0 0 0 0 0 0 0 wangcheng 6Сʱ_mousemovements
0 0 0 0 0 0 0 0 0 0 0 0 0 0 0 0 0 0 0 0 0 0 0 0 0.0 0 0.0 0.8 0.0 0.2 0 0 0 0 0 0 0 0 1.0 0.0 0.0 0.0 0.0 wangcheng 6Сʱ_mousemovements
0 0 0 0 0 0 0 0 0 0 0 0 0 0 0 0 0 0 0 0 0 0 0 0 0 0 0 0 0 0 0 0 0 0 0 0 0 0 0 0 0 0 0 wangcheng 6Сʱ_mousemovements
94.056443 0 0 0 0 0 0 0 0 70.630441 140.908447 0 0 0 0 0 0.0 0.6666666666666666 0.3333333333333333 0.0 0.0 0.0 0.0 0.0 31.352147666666667 0 0 1.0 0.0 0.0 1.0 0.0 0.0 0.0 0.0 0.0 0.0 0.0 0.8571428571428571 0.14285714285714285 0.0 0.0 0.0 wangcheng 6Сʱ_mousemovements
0 0 0 0 0 0 0 0 0 0 0 0 0 0 0 0 0 0 0 0 0 0 0 0 0.0 0 0 1.0 0.0 0.0 0 0 0 0 0 0 0 0 1.0 0.0 0.0 0.0 0.0 wangcheng 6Сʱ_mousemovements
72.8121456 0 0 634.742981 0 0 0 0 0 42.619503 0 0 133.0006045 634.742981 0 12.820513 0.0 0.3333333333333333 0.0 0.0 0.3333333333333333 0.16666666666666666 0.0 0.16666666666666666 39.95214836 0 0 1.0 0.0 0.0 0.8333333333333334 0.0 0.0 0.16666666666666666 0.0 0.0 0.0 0.0 0.8636363636363636 0.09090909090909091 0.045454545454545456 0.0 0.0 wangcheng 6Сʱ_mousemovements
146.64693466666668 0 0 0 0 0 0 1627.98645 0 97.2930565 1627.98645 0 0 245.354691 0 0 0.0 0.5 0.25 0.0 0.0 0.25 0.0 0.0 173.2828972 89.743591 245.354691 0.8333333333333334 0.08333333333333333 0.08333333333333333 0.75 0.0 0.0 0.0 0.0 0.0 0.0 0.25 0.7777777777777778 0.1111111111111111 0.1111111111111111 0.0 0.0 wangcheng 6Сʱ_mousemovements
0 0 0 0 0 0 0 0 0 0 0 0 0 0 0 0 0 0 0 0 0 0 0 0 0 0 0 0 0 0 0 0 0 0 0 0 0 0 0 0 0 0 0 wangcheng 6Сʱ_mousemovements
114.40248733333333 0 0 0 0 1162.653198 739.210876 0 89.743591 134.49690999999999 739.210876 0 0 1162.653198 42.553192 150.627411 0.125 0.375 0.125 0.0 0.0 0.125 0.125 0.125 106.80769759090909 0 119.2548255 0.9166666666666666 0.0 0.08333333333333333 0.75 0.0 0.0 0.0 0.0 0.125 0.125 0.0 0.6363636363636364 0.22727272727272727 0.09090909090909091 0.0 0.045454545454545456 wangcheng 6Сʱ_mousemovements
0 0 0 0 0 0 0 0 0 0 0 0 0 0 0 0 0 0 0 0 0 0 0 0 0.0 0 0 1.0 0.0 0.0 0 0 0 0 0 0 0 0 0 0 0 0 0 wangcheng 6Сʱ_mousemovements
0 0 0 0 0 0 0 0 0 0 0 0 0 0 0 0 0 0 0 0 0 0 0 0 0 0 0 0 0 0 0 0 0 0 0 0 0 0 0 0 0 0 0 wangcheng 6Сʱ_mousemovements
0 0 0 0 0 0 0 0 0 0 0 0 0 0 0 0 0 0 0 0 0 0 0 0 0 0 0 0 0 0 0 0 0 0 0 0 0 0 0 0 0 0 0 wangcheng 6Сʱ_mousemovements
0 0 0 0 0 0 0 0 0 0 0 0 0 0 0 0 0 0 0 0 0 0 0 0 0 0 0 0 0 0 0 0 0 0 0 0 0 0 0 0 0 0 0 wangcheng 6Сʱ_mousemovements
0 0 0 0 0 0 0 0 0 0 0 0 0 0 0 0 0 0 0 0 0 0 0 0 0 0 0 0 0 0 0 0 0 0 0 0 0 0 0 0 0 0 0 wangcheng 6Сʱ_mousemovements
0 0 0 0 0 0 0 0 0 0 0 0 0 0 0 0 0 0 0 0 0 0 0 0 0 0 0 0 0 0 0 0 0 0 0 0 0 0 0 0 0 0 0 wangcheng 6Сʱ_mousemovements
0 0 0 0 0 0 0 0 0 0 0 0 0 0 0 0 0 0 0 0 0 0 0 0 0 0 0 0 0 0 0 0 0 0 0 0 0 0 0 0 0 0 0 wangcheng 6Сʱ_mousemovements
0 0 0 0 0 0 0 0 0 0 0 0 0 0 0 0 0 0 0 0 0 0 0 0 0 0 0 0 0 0 0 0 0 0 0 0 0 0 0 0 0 0 0 wangcheng 6Сʱ_mousemovements
0 0 0 0 1455.929321 0 0 0 0 0 0 0 0 0 1455.929321 0 0.0 0.0 0.0 0.0 0.0 0.0 1.0 0.0 727.9646605 0 0 1.0 0.0 0.0 0.0 0.0 0.0 0.0 1.0 0.0 0.0 0.0 0.0 1.0 0.0 0.0 0.0 wangcheng 6Сʱ_mousemovements
172.17440899999997 0 1109.55954 0 0 0 1241.841553 0 0 57.09589 212.867447 1241.841553 0 215.477219 576.816101 922.7800295000001 0.0 0.14285714285714285 0.14285714285714285 0.14285714285714285 0.0 0.14285714285714285 0.14285714285714285 0.2857142857142857 197.6027747142857 0 0 1.0 0.0 0.0 0.5714285714285714 0.0 0.2857142857142857 0.0 0.0 0.0 0.14285714285714285 0.0 0.5555555555555556 0.2222222222222222 0.2222222222222222 0.0 0.0 wangcheng 6Сʱ_mousemovements
141.71432088888886 0 0 448.9072115 454.720581 0 0 0 33.8272415 129.25531949999998 160.293045 464.31492649999996 346.308197 0 259.272339 202.43177866666667 0.16666666666666666 0.16666666666666666 0.08333333333333333 0.16666666666666666 0.08333333333333333 0.0 0.08333333333333333 0.25 44.32085853124999 0 302.42410474999997 0.8888888888888888 0.0 0.1111111111111111 0.75 0.0 0.0 0.16666666666666666 0.08333333333333333 0.0 0.0 0.0 0.7647058823529411 0.14705882352941177 0.0 0.029411764705882353 0.058823529411764705 wangcheng 6Сʱ_mousemovements
331.48475175000004 575.0490264285714 519.2470792857143 1085.9419453333333 523.932129 0 533.5114444999999 0 588.6169773999998 682.8355788750005 219.17676642857145 426.5637857500001 446.083252 576.95190725 451.02342911111106 378.51686850000004 0.12195121951219512 0.1951219512195122 0.17073170731707318 0.0975609756097561 0.04878048780487805 0.0975609756097561 0.21951219512195122 0.04878048780487805 129.93795559459465 716.56749625 339.0139574285715 0.9098360655737705 0.03278688524590164 0.05737704918032787 0.4878048780487805 0.17073170731707318 0.17073170731707318 0.07317073170731707 0.04878048780487805 0.0 0.04878048780487805 0.0 0.6206896551724138 0.2413793103448276 0.06896551724137931 0.0603448275862069 0.008620689655172414 wangcheng 6Сʱ_mousemovements
91.63457230000002 283.782318 0 841.2920123333334 409.621124 0 680.379364 0 0 52.21502233333334 912.991882 0 608.179138 447.766846 365.09641999999997 775.1060076666666 0.0 0.5294117647058824 0.058823529411764705 0.0 0.058823529411764705 0.058823529411764705 0.11764705882352941 0.17647058823529413 73.3982509117647 8.0 165.100956 0.9444444444444444 0.013888888888888888 0.041666666666666664 0.5882352941176471 0.058823529411764705 0.0 0.17647058823529413 0.058823529411764705 0.0 0.11764705882352941 0.0 0.676923076923077 0.09230769230769231 0.03076923076923077 0.13846153846153847 0.06153846153846154 wangcheng 6Сʱ_mousemovements
69.46364292307693 681.3384706666667 438.01998899999995 0 0 1256.6153869999998 0 513.660095 0 204.523143 433.096802 864.4102579999999 0 434.783203 251.32726739999993 262.50753 0.0 0.45454545454545453 0.045454545454545456 0.13636363636363635 0.0 0.045454545454545456 0.22727272727272727 0.09090909090909091 138.56586151923082 18.348623 64.220184 0.9629629629629629 0.018518518518518517 0.018518518518518517 0.5909090909090909 0.13636363636363635 0.13636363636363635 0.0 0.0 0.09090909090909091 0.0 0.045454545454545456 0.52 0.26 0.14 0.06 0.02 wangcheng 6Сʱ_mousemovements
144.29146659999998 338.2099915 0 0 876.382813 0 0 0 0 211.6248265 0 0 0 323.90246125000004 7.109005 0 0.0 0.6153846153846154 0.0 0.0 0.0 0.3076923076923077 0.07692307692307693 0.0 99.62028190000001 3.5545025 0 0.9375 0.0625 0.0 0.7692307692307693 0.15384615384615385 0.0 0.0 0.07692307692307693 0.0 0.0 0.0 0.5172413793103449 0.1724137931034483 0.1724137931034483 0.034482758620689655 0.10344827586206896 wangcheng 6Сʱ_mousemovements
147.93902236842104 405.77948 290.2477415 0 768.028931 928.7649074999999 779.71228 813.11908 133.23223224999998 163.0833422 675.7528073333333 277.485168 357.77887 410.766876 284.62840400000005 354.7338743333333 0.13793103448275862 0.1724137931034483 0.10344827586206896 0.034482758620689655 0.034482758620689655 0.034482758620689655 0.27586206896551724 0.20689655172413793 106.98957556923078 0 624.2476806666666 0.9558823529411765 0.0 0.04411764705882353 0.6551724137931034 0.10344827586206896 0.06896551724137931 0.0 0.034482758620689655 0.06896551724137931 0.034482758620689655 0.034482758620689655 0.53125 0.234375 0.140625 0.078125 0.015625 wangcheng 6Сʱ_mousemovements
170.8875618571429 0 676.2005615 0 632.147705 710.72699 0 0 111.64681250000001 110.54067239999999 337.05255633333337 671.4373475 0 238.078705 80.913864 581.2611770000001 0.1111111111111111 0.2777777777777778 0.16666666666666666 0.1111111111111111 0.0 0.16666666666666666 0.05555555555555555 0.1111111111111111 99.37433018367345 99.45517 118.904335 0.9607843137254902 0.0196078431372549 0.0196078431372549 0.7777777777777778 0.0 0.1111111111111111 0.0 0.05555555555555555 0.05555555555555555 0.0 0.0 0.5681818181818182 0.2727272727272727 0.06818181818181818 0.06818181818181818 0.022727272727272728 wangcheng 6Сʱ_mousemovements
248.85268345454543 202.03346266666668 1174.651123 0 706.983521 0 1926.242554 0 151.581726 176.9793994 468.17019700000003 0 140.17262649999998 261.4794845 985.05617525 435.009064 0.058823529411764705 0.29411764705882354 0.11764705882352941 0.0 0.11764705882352941 0.11764705882352941 0.23529411764705882 0.058823529411764705 204.3244886857143 0 0 1.0 0.0 0.0 0.6470588235294118 0.17647058823529413 0.058823529411764705 0.0 0.058823529411764705 0.0 0.058823529411764705 0.0 0.5806451612903226 0.25806451612903225 0.06451612903225806 0.0967741935483871 0.0 wangcheng 6Сʱ_mousemovements
106.99227756250002 348.35765075000006 0 0 0 0 0 0 0.0 97.325806375 371.304321 0 0 184.142586 205.00399780000004 193.805939 0.05 0.4 0.05 0.0 0.0 0.2 0.25 0.05 52.63232277966099 0 0 1.0 0.0 0.0 0.8 0.2 0.0 0.0 0.0 0.0 0.0 0.0 0.7142857142857143 0.16071428571428573 0.08928571428571429 0.03571428571428571 0.0 wangcheng 6Сʱ_mousemovements
180.88919770588234 782.3016282500001 0 1288.055054 660.9656904999999 0 0 0 87.785695 144.32034462500002 1059.2486880000001 836.7938536666667 1226.244507 0 536.368652 358.5428936666667 0.19230769230769232 0.3076923076923077 0.07692307692307693 0.11538461538461539 0.038461538461538464 0.0 0.038461538461538464 0.23076923076923078 135.69471555223882 0 261.173687 0.9436619718309859 0.0 0.056338028169014086 0.6538461538461539 0.15384615384615385 0.0 0.038461538461538464 0.15384615384615385 0.0 0.0 0.0 0.5737704918032787 0.21311475409836064 0.11475409836065574 0.06557377049180328 0.03278688524590164 wangcheng 6Сʱ_mousemovements
92.22216578571427 0 328.5146255 1755.586548 0 0 613.508667 0 98.2682992 112.9193526 613.508667 0 257.24249000000003 0 0 469.01509775000005 0.2777777777777778 0.2777777777777778 0.05555555555555555 0.0 0.16666666666666666 0.0 0.0 0.2222222222222222 67.45679354687499 0 0.0 0.9846153846153847 0.0 0.015384615384615385 0.7777777777777778 0.0 0.1111111111111111 0.05555555555555555 0.0 0.0 0.05555555555555555 0.0 0.6981132075471698 0.1320754716981132 0.05660377358490566 0.05660377358490566 0.05660377358490566 wangcheng 6Сʱ_mousemovements
79.73332108333334 1276.074341 0 322.10199 0 486.765594 0 0 34.488766 177.4430755 219.343185 64.221436 89.171974 421.2181242 47.8378075 38.93201500000001 0.06666666666666667 0.13333333333333333 0.06666666666666667 0.06666666666666667 0.06666666666666667 0.3333333333333333 0.13333333333333333 0.13333333333333333 46.17005688888889 0 182.852902 0.9473684210526315 0.0 0.05263157894736842 0.8 0.06666666666666667 0.0 0.06666666666666667 0.0 0.06666666666666667 0.0 0.0 0.5714285714285714 0.24489795918367346 0.061224489795918366 0.04081632653061224 0.08163265306122448 wangcheng 6Сʱ_mousemovements
133.81392509090907 314.87856200000004 570.9750825 608.2653096666667 457.2519075 0 0 0 0 168.68866166666666 328.062067875 1053.044434 0 204.520905 332.29187399999995 211.52709966666671 0.0 0.2222222222222222 0.2962962962962963 0.037037037037037035 0.0 0.037037037037037035 0.2962962962962963 0.1111111111111111 61.154921965517225 360.20787674999997 293.07694250000003 0.8055555555555556 0.1111111111111111 0.08333333333333333 0.4074074074074074 0.3333333333333333 0.07407407407407407 0.1111111111111111 0.07407407407407407 0.0 0.0 0.0 0.5 0.3382352941176471 0.07352941176470588 0.058823529411764705 0.029411764705882353 wangcheng 6Сʱ_mousemovements
0 0 0 0 0 0 0 0 0 0 0 0 0 0 0 0 0 0 0 0 0 0 0 0 0 0 0 0 0 0 0 0 0 0 0 0 0 0 0 0 0 0 0 wangcheng 6Сʱ_mousemovements
0 0 0 0 0 0 0 0 0 0 0 0 0 0 0 0 0 0 0 0 0 0 0 0 0 0 0 0 0 0 0 0 0 0 0 0 0 0 0 0 0 0 0 wangcheng 6Сʱ_mousemovements
0 0 0 0 0 0 0 0 0 0 0 0 0 0 0 0 0 0 0 0 0 0 0 0 0 0 0 0 0 0 0 0 0 0 0 0 0 0 0 0 0 0 0 wangcheng 6Сʱ_mousemovements
0 0 0 0 0 0 0 0 0 0 0 0 0 0 0 0 0 0 0 0 0 0 0 0 0 0 0 0 0 0 0 0 0 0 0 0 0 0 0 0 0 0 0 wangcheng 6Сʱ_mousemovements
0 0 0 0 0 0 0 0 0 0 0 0 0 0 0 0 0 0 0 0 0 0 0 0 0 0 0 0 0 0 0 0 0 0 0 0 0 0 0 0 0 0 0 wangcheng 6Сʱ_mousemovements
0 0 0 0 0 0 0 0 0 0 0 0 0 0 0 0 0 0 0 0 0 0 0 0 0 0 0 0 0 0 0 0 0 0 0 0 0 0 0 0 0 0 0 wangcheng 6Сʱ_mousemovements
0 0 0 0 0 0 0 0 0 0 0 0 0 0 0 0 0 0 0 0 0 0 0 0 0 0 0 0 0 0 0 0 0 0 0 0 0 0 0 0 0 0 0 wangcheng 6Сʱ_mousemovements
0 0 0 0 0 0 0 0 0 0 0 0 0 0 0 0 0 0 0 0 0 0 0 0 0 0 0 0 0 0 0 0 0 0 0 0 0 0 0 0 0 0 0 wangcheng 6Сʱ_mousemovements
