269.983925 1078.8198849999999 293.72699 0 0 0 0 0 0 1132.470581 598.770622 0 0 0 330.66139250000003 0 0.0 0.2 0.4 0.0 0.0 0.0 0.4 0.0 213.66675785714284 0 0.0 0.9333333333333333 0.0 0.06666666666666667 0.4 0.4 0.2 0.0 0.0 0.0 0.0 0.0 0.8461538461538461 0.07692307692307693 0.0 0.07692307692307693 0.0 maoyu 7Сʱ_mousemovements
0 0 0 0 0 0 0 0 0 0 0 0 0 0 0 0 0 0 0 0 0 0 0 0 0 0 0 0 0 0 0 0 0 0 0 0 0 0 0 0 0 0 0 maoyu 7Сʱ_mousemovements
0 0 0 0 0 0 0 0 0 0 0 0 0 0 0 0 0 0 0 0 0 0 0 0 0 0 0 0 0 0 0 0 0 0 0 0 0 0 0 0 0 0 0 maoyu 7Сʱ_mousemovements
0 0 0 0 0 0 0 0 0 0 0 0 0 0 0 0 0 0 0 0 0 0 0 0 0 0 0 0 0 0 0 0 0 0 0 0 0 0 0 0 0 0 0 maoyu 7Сʱ_mousemovements
0 0 0 0 0 0 0 0 0 0 0 0 0 0 0 0 0 0 0 0 0 0 0 0 0 0 0 0 0 0 0 0 0 0 0 0 0 0 0 0 0 0 0 maoyu 7Сʱ_mousemovements
1161.8946535 0 0 0 0 0 0 0 0 787.032593 0 0 0 1536.756714 0 0 0.0 0.5 0.0 0.0 0.0 0.5 0.0 0.0 580.94732675 0 0 1.0 0.0 0.0 1.0 0.0 0.0 0.0 0.0 0.0 0.0 0.0 0.6666666666666666 0.0 0.0 0.0 0.3333333333333333 maoyu 7Сʱ_mousemovements
50.163696 0 440.549164 0 0 779.469055 704.374695 0 0 0 414.8163755 0 572.4619295 0 0 0 0.0 0.0 0.5 0.0 0.5 0.0 0.0 0.0 20.97853161904762 0 511.33581533333336 0.875 0.0 0.125 0.25 0.0 0.25 0.0 0.0 0.25 0.25 0.0 0.6363636363636364 0.22727272727272727 0.0 0.09090909090909091 0.045454545454545456 maoyu 7Сʱ_mousemovements
59.34690233333333 332.013031 496.909821 0 0 1385.1372273333334 2004.0266725000001 619.728333 640.428772 1757.4914549999999 2519.215332 1488.838013 51.10648 351.467977 260.59074050000004 0 0.09090909090909091 0.18181818181818182 0.09090909090909091 0.09090909090909091 0.09090909090909091 0.2727272727272727 0.18181818181818182 0.0 147.36503431481484 0 366.48901320000004 0.9152542372881356 0.0 0.0847457627118644 0.2727272727272727 0.09090909090909091 0.09090909090909091 0.0 0.0 0.2727272727272727 0.18181818181818182 0.09090909090909091 0.46153846153846156 0.3269230769230769 0.1346153846153846 0.057692307692307696 0.019230769230769232 maoyu 7Сʱ_mousemovements
130.414246 229.3527145 0 0 0 1571.22315975 0 0 0 1840.6122435000002 182.567398 0 0 372.9807436666667 1891.278198 0 0.0 0.2857142857142857 0.14285714285714285 0.0 0.0 0.42857142857142855 0.14285714285714285 0.0 201.68886596000004 0 457.94766625 0.8620689655172413 0.0 0.13793103448275862 0.14285714285714285 0.2857142857142857 0.0 0.0 0.0 0.5714285714285714 0.0 0.0 0.5925925925925926 0.2222222222222222 0.07407407407407407 0.1111111111111111 0.0 maoyu 7Сʱ_mousemovements
0 0 0 0 0 0 0 0 0 0 0 0 0 0 0 0 0 0 0 0 0 0 0 0 0 0 0 0 0 0 0 0 0 0 0 0 0 0 0 0 0 0 0 maoyu 7Сʱ_mousemovements
6.410256 0 0 619.107605 906.043823 0 0 905.718475 906.043823 0 619.107605 0 1069.559692 741.877258 6.410256 0 0.2 0.0 0.2 0.0 0.2 0.2 0.2 0.0 94.07635785714285 6.410256 680.4924315000001 0.875 0.041666666666666664 0.08333333333333333 0.2 0.0 0.0 0.2 0.2 0.0 0.0 0.4 0.8571428571428571 0.0 0.09523809523809523 0.047619047619047616 0.0 maoyu 7Сʱ_mousemovements
0 0 0 0 0 0 0 0 0 0 0 0 0 0 0 0 0 0 0 0 0 0 0 0 0 0 0 0 0 0 0 0 0 0 0 0 0 0 0 0 0 0 0 maoyu 7Сʱ_mousemovements
43.263462 0 0 0 0 0 0 0 43.263462 0 0 0 0 0 0 0 1.0 0.0 0.0 0.0 0.0 0.0 0.0 0.0 10.8158655 0 0 1.0 0.0 0.0 1.0 0.0 0.0 0.0 0.0 0.0 0.0 0.0 0.6666666666666666 0.0 0.0 0.3333333333333333 0.0 maoyu 7Сʱ_mousemovements
0 0 0 0 0 0 0 0 0 0 0 0 0 0 0 0 0 0 0 0 0 0 0 0 0 0 0 0 0 0 0 0 0 0 0 0 0 0 0 0 0 0 0 maoyu 7Сʱ_mousemovements
121.254631 0 0 0 1762.2145695 0 703.361694 0 2995.528809 121.254631 0 528.90033 703.361694 0 0 0 0.25 0.25 0.0 0.25 0.25 0.0 0.0 0.0 124.813700375 0 451.1722183333334 0.8888888888888888 0.0 0.1111111111111111 0.25 0.0 0.0 0.0 0.5 0.0 0.25 0.0 0.6923076923076923 0.19230769230769232 0.038461538461538464 0.0 0.07692307692307693 maoyu 7Сʱ_mousemovements
0 0 0 0 0 0 0 0 0 0 0 0 0 0 0 0 0 0 0 0 0 0 0 0 0 0 0 0 0 0 0 0 0 0 0 0 0 0 0 0 0 0 0 maoyu 7Сʱ_mousemovements
65.98028550000001 0 868.139669 0 0 0 0 0 27.272728 104.687843 453.515869 630.652039 0 0 0 1520.251099 0.2 0.2 0.2 0.2 0.0 0.0 0.0 0.2 273.6379578 0 0 1.0 0.0 0.0 0.4 0.0 0.6 0.0 0.0 0.0 0.0 0.0 0.4444444444444444 0.4444444444444444 0.1111111111111111 0.0 0.0 maoyu 7Сʱ_mousemovements
0 0 0 0 0 0 0 0 0 0 0 0 0 0 0 0 0 0 0 0 0 0 0 0 0 0 0 0 0 0 0 0 0 0 0 0 0 0 0 0 0 0 0 maoyu 7Сʱ_mousemovements
230.66623755555554 416.288086 0 0 0 0 0 0 81.25114599999999 416.288086 0 387.088867 0 442.17931100000004 96.774193 51.546426499999995 0.2 0.1 0.0 0.1 0.0 0.3 0.1 0.2 103.845176 0 0 1.0 0.0 0.0 0.9 0.1 0.0 0.0 0.0 0.0 0.0 0.0 0.631578947368421 0.2631578947368421 0.10526315789473684 0.0 0.0 maoyu 7Сʱ_mousemovements
62.769735499999996 0 0 0 0 997.379852 462.481262 0 0 0 1281.399902 713.359802 112.071457 237.974638 0 0 0.0 0.0 0.2 0.2 0.2 0.4 0.0 0.0 58.06130662500001 0 396.4363593333333 0.8888888888888888 0.0 0.1111111111111111 0.4 0.0 0.0 0.0 0.0 0.4 0.2 0.0 0.7083333333333334 0.125 0.125 0.0 0.041666666666666664 maoyu 7Сʱ_mousemovements
573.500732 967.47876 0 0 0 810.151917 2847.674072 1163.1435545 872.9231565 0 0 1153.941528 0 967.47876 2847.674072 810.151917 0.3333333333333333 0.0 0.0 0.16666666666666666 0.0 0.16666666666666666 0.16666666666666666 0.16666666666666666 258.26694896153845 0 405.0759585 0.9285714285714286 0.0 0.07142857142857142 0.16666666666666666 0.16666666666666666 0.0 0.0 0.0 0.16666666666666666 0.16666666666666666 0.3333333333333333 0.5925925925925926 0.25925925925925924 0.0 0.14814814814814814 0.0 maoyu 7Сʱ_mousemovements
450.5328085 0 1036.756592 1098.149414 663.958923 0 2095.654297 882.128235 1156.801506 813.7680664999999 0 0 882.128235 0 29.825768 1098.149414 0.2222222222222222 0.4444444444444444 0.0 0.0 0.1111111111111111 0.0 0.1111111111111111 0.1111111111111111 287.27102557142854 0 773.043579 0.9130434782608695 0.0 0.08695652173913043 0.4444444444444444 0.0 0.1111111111111111 0.1111111111111111 0.1111111111111111 0.0 0.1111111111111111 0.1111111111111111 0.42857142857142855 0.2857142857142857 0.14285714285714285 0.047619047619047616 0.09523809523809523 maoyu 7Сʱ_mousemovements
366.647827 0 0 0 0 0 0 0 0 0 366.647827 0 0 0 0 0 0.0 0.0 1.0 0.0 0.0 0.0 0.0 0.0 183.3239135 0 0 1.0 0.0 0.0 1.0 0.0 0.0 0.0 0.0 0.0 0.0 0.0 1.0 0.0 0.0 0.0 0.0 maoyu 7Сʱ_mousemovements
109.4974575 759.251038 0 0 1065.611328 0 0 0 35.425076 0 0 0 759.251038 624.5905835 0 0 0.25 0.0 0.0 0.0 0.25 0.5 0.0 0.0 227.09525344444444 0 0 1.0 0.0 0.0 0.5 0.25 0.0 0.0 0.25 0.0 0.0 0.0 0.3333333333333333 0.0 0.5 0.16666666666666666 0.0 maoyu 7Сʱ_mousemovements
44.795353 431.741989 0 0 462.825714 961.7873535000001 796.597046 0 0 431.741989 796.597046 1338.24646 462.825714 44.795353 585.328247 0 0.0 0.2857142857142857 0.14285714285714285 0.14285714285714285 0.14285714285714285 0.14285714285714285 0.14285714285714285 0.0 73.3910146 0 472.38659 0.8823529411764706 0.0 0.11764705882352941 0.14285714285714285 0.2857142857142857 0.0 0.0 0.14285714285714285 0.2857142857142857 0.14285714285714285 0.0 0.6666666666666666 0.16666666666666666 0.06666666666666667 0.03333333333333333 0.06666666666666667 maoyu 7Сʱ_mousemovements
72.77553566666667 0 0 1848.009766 0 0 678.362488 0 0 0 278.06303166666663 0 955.254883 0 0 0 0.0 0.0 0.6 0.0 0.4 0.0 0.0 0.0 82.65345492 0 678.362488 0.9615384615384616 0.0 0.038461538461538464 0.6 0.0 0.0 0.2 0.0 0.0 0.2 0.0 0.625 0.2916666666666667 0.0 0.0 0.08333333333333333 maoyu 7Сʱ_mousemovements
181.83670054545453 555.098389 0 1220.777466 0 0 0 335.416138 535.8768323333334 67.3195115 335.416138 0 21.276596 190.6509095 409.14351300000004 201.9005435 0.21428571428571427 0.14285714285714285 0.07142857142857142 0.0 0.07142857142857142 0.14285714285714285 0.21428571428571427 0.14285714285714285 77.02787568181817 0 240.75638966666668 0.9361702127659575 0.0 0.06382978723404255 0.7857142857142857 0.07142857142857142 0.0 0.07142857142857142 0.0 0.0 0.0 0.07142857142857142 0.5365853658536586 0.21951219512195122 0.14634146341463414 0.04878048780487805 0.04878048780487805 maoyu 7Сʱ_mousemovements
125.254837 0 0 0 0 0 627.09314 0 0 627.09314 0 0 0 0 125.254837 0 0.0 0.5 0.0 0.0 0.0 0.0 0.5 0.0 15.656854625 0 627.09314 0.8888888888888888 0.0 0.1111111111111111 0.5 0.0 0.0 0.0 0.0 0.0 0.5 0.0 0.5714285714285714 0.0 0.42857142857142855 0.0 0.0 maoyu 7Сʱ_mousemovements
0 0 0 0 0 0 0 0 0 0 0 0 0 0 0 0 0 0 0 0 0 0 0 0 0 0 0 0 0 0 0 0 0 0 0 0 0 0 0 0 0 0 0 maoyu 7Сʱ_mousemovements
264.3290984117646 0 1962.043823 0 0 0 0 560.093018 93.919441 435.13006680000007 407.345947 77.9912075 562.305954 1103.407936 173.47406175 78.75467499999999 0.05263157894736842 0.2631578947368421 0.05263157894736842 0.10526315789473684 0.10526315789473684 0.10526315789473684 0.21052631578947367 0.10526315789473684 175.39328784999998 0 0 1.0 0.0 0.0 0.8947368421052632 0.0 0.05263157894736842 0.0 0.0 0.0 0.0 0.05263157894736842 0.4722222222222222 0.3055555555555556 0.1388888888888889 0.08333333333333333 0.0 maoyu 7Сʱ_mousemovements
0 0 0 0 0 1158.259369 0 0 0 1434.55896 0 0 881.959778 0 0 0 0.0 0.5 0.0 0.0 0.5 0.0 0.0 0.0 579.1296845 0 0 1.0 0.0 0.0 0.0 0.0 0.0 0.0 0.0 1.0 0.0 0.0 0.0 0.3333333333333333 0.0 0.3333333333333333 0.3333333333333333 maoyu 7Сʱ_mousemovements
77.3759951 721.501404 565.2046205 0 1260.704468 0 0 0 23.255814 638.373624 36.220657 97.833 457.3345386666667 673.275391 0 81.4078676 0.07142857142857142 0.14285714285714285 0.07142857142857142 0.07142857142857142 0.21428571428571427 0.07142857142857142 0.0 0.35714285714285715 48.350277596491225 0 565.2046205 0.9661016949152542 0.0 0.03389830508474576 0.7142857142857143 0.07142857142857142 0.14285714285714285 0.0 0.07142857142857142 0.0 0.0 0.0 0.7272727272727273 0.14545454545454545 0.07272727272727272 0.03636363636363636 0.01818181818181818 maoyu 7Сʱ_mousemovements
179.08276133333334 0 0 0 0 0 0 0 0 77.292229 318.745514 0 141.210541 0 0 0 0.0 0.3333333333333333 0.3333333333333333 0.0 0.3333333333333333 0.0 0.0 0.0 107.4496568 0 0 1.0 0.0 0.0 1.0 0.0 0.0 0.0 0.0 0.0 0.0 0.0 0.5 0.0 0.0 0.5 0.0 maoyu 7Сʱ_mousemovements
211.0576115 238.42729300000002 0 401.9249115 1228.0697175 1616.17688 0 1577.7986246666667 227.529648 1583.6320903333333 234.175248 96.201988 455.2272035 656.8281555 1054.5193076666667 0 0.07142857142857142 0.21428571428571427 0.14285714285714285 0.07142857142857142 0.14285714285714285 0.14285714285714285 0.21428571428571427 0.0 198.111477 0 401.97558883333335 0.8775510204081632 0.0 0.12244897959183673 0.2857142857142857 0.14285714285714285 0.0 0.14285714285714285 0.14285714285714285 0.07142857142857142 0.0 0.21428571428571427 0.5116279069767442 0.27906976744186046 0.046511627906976744 0.09302325581395349 0.06976744186046512 maoyu 7Сʱ_mousemovements
0 0 0 0 0 0 0 0 0 0 0 0 0 0 0 0 0 0 0 0 0 0 0 0 0.0 0 0 1.0 0.0 0.0 0 0 0 0 0 0 0 0 1.0 0.0 0.0 0.0 0.0 maoyu 7Сʱ_mousemovements
0 0 0 0 0 0 0 0 0 0 0 0 0 0 0 0 0 0 0 0 0 0 0 0 0 0 0 0 0 0 0 0 0 0 0 0 0 0 0 0 0 0 0 maoyu 7Сʱ_mousemovements
0 0 0 0 0 0 0 0 0 0 0 0 0 0 0 0 0 0 0 0 0 0 0 0 0 0 0 0 0 0 0 0 0 0 0 0 0 0 0 0 0 0 0 maoyu 7Сʱ_mousemovements
4.0 411.27171300000003 0 0 0 1885.099243 0 0 0 717.8928729999999 0 0 0 0 0 557.96405 0.0 0.75 0.0 0.0 0.0 0.0 0.0 0.25 174.50452092857145 0 134.289688 0.875 0.0 0.125 0.25 0.5 0.0 0.0 0.0 0.25 0.0 0.0 0.6428571428571429 0.2857142857142857 0.07142857142857142 0.0 0.0 maoyu 7Сʱ_mousemovements
0 0 0 0 0 0 0 0 0 0 0 0 0 0 0 0 0 0 0 0 0 0 0 0 0 0 0 0 0 0 0 0 0 0 0 0 0 0 0 0 0 0 0 maoyu 7Сʱ_mousemovements
0 0 0 0 0 0 0 0 0 0 0 0 0 0 0 0 0 0 0 0 0 0 0 0 0 0 0 0 0 0 0 0 0 0 0 0 0 0 0 0 0 0 0 maoyu 7Сʱ_mousemovements
0 0 0 0 0 0 0 0 0 0 0 0 0 0 0 0 0 0 0 0 0 0 0 0 0 0 0 0 0 0 0 0 0 0 0 0 0 0 0 0 0 0 0 maoyu 7Сʱ_mousemovements
393.2132113333333 414.243805 292.390778 0 0 339.160309 0 839.332275 81.240891 626.78804 0 0 0 516.339315 180.931885 0 0.14285714285714285 0.2857142857142857 0.0 0.0 0.0 0.42857142857142855 0.14285714285714285 0.0 75.20972191666667 339.160309 460.286583 0.8888888888888888 0.037037037037037035 0.07407407407407407 0.42857142857142855 0.14285714285714285 0.14285714285714285 0.0 0.0 0.14285714285714285 0.0 0.14285714285714285 0.5416666666666666 0.2916666666666667 0.041666666666666664 0.08333333333333333 0.041666666666666664 maoyu 7Сʱ_mousemovements
0 0 0 0 0 0 0 0 0 0 0 0 0 0 0 0 0 0 0 0 0 0 0 0 0 0 0 0 0 0 0 0 0 0 0 0 0 0 0 0 0 0 0 maoyu 7Сʱ_mousemovements
206.06084866666666 0 964.864838 0 0 0 0 0 160.876785 674.92804 34.738491 446.715881 0 832.833496 91.5842895 0 0.125 0.125 0.125 0.125 0.0 0.25 0.25 0.0 123.52035216 34.738491 43.347473 0.9259259259259259 0.037037037037037035 0.037037037037037035 0.75 0.0 0.25 0.0 0.0 0.0 0.0 0.0 0.5652173913043478 0.30434782608695654 0.08695652173913043 0.043478260869565216 0.0 maoyu 7Сʱ_mousemovements
147.1478314117647 72.175049 397.094543 0 1171.325439 0 0 1719.116333 70.0097475 140.6848755 582.3034925 259.356689 116.63747599999999 335.44477716666665 232.6507415 0 0.19047619047619047 0.09523809523809523 0.19047619047619047 0.047619047619047616 0.09523809523809523 0.2857142857142857 0.09523809523809523 0.0 104.57835746153849 72.75480533333332 68.29516466666666 0.896551724137931 0.05172413793103448 0.05172413793103448 0.8095238095238095 0.047619047619047616 0.047619047619047616 0.0 0.047619047619047616 0.0 0.0 0.047619047619047616 0.45454545454545453 0.2909090909090909 0.14545454545454545 0.09090909090909091 0.01818181818181818 maoyu 7Сʱ_mousemovements
0 0 0 0 0 0 0 0 0 0 0 0 0 0 0 0 0 0 0 0 0 0 0 0 0 0 0 0 0 0 0 0 0 0 0 0 0 0 0 0 0 0 0 maoyu 7Сʱ_mousemovements
506.1000025 0 2017.412354 0 1036.947144 0 0 0 914.459839 1036.947144 0 0 0 97.740166 2017.412354 0 0.25 0.25 0.0 0.0 0.0 0.25 0.25 0.0 330.73494475 0 97.740166 0.9230769230769231 0.0 0.07692307692307693 0.5 0.0 0.25 0.0 0.25 0.0 0.0 0.0 0.5384615384615384 0.38461538461538464 0.0 0.0 0.07692307692307693 maoyu 7Сʱ_mousemovements
0 0 0 0 759.398499 0 0 0 0 0 759.398499 0 0 0 0 0 0.0 0.0 1.0 0.0 0.0 0.0 0.0 0.0 379.6992495 0 0 1.0 0.0 0.0 0.0 0.0 0.0 0.0 1.0 0.0 0.0 0.0 0.0 0.0 1.0 0.0 0.0 maoyu 7Сʱ_mousemovements
0 0 0 0 0 0 0 0 0 0 0 0 0 0 0 0 0 0 0 0 0 0 0 0 0 0 0 0 0 0 0 0 0 0 0 0 0 0 0 0 0 0 0 maoyu 7Сʱ_mousemovements
0 0 0 0 0 0 0 0 0 0 0 0 0 0 0 0 0 0 0 0 0 0 0 0 0 0 0 0 0 0 0 0 0 0 0 0 0 0 0 0 0 0 0 maoyu 7Сʱ_mousemovements
0 0 0 0 0 0 0 0 0 0 0 0 0 0 0 0 0 0 0 0 0 0 0 0 0 0 0 0 0 0 0 0 0 0 0 0 0 0 0 0 0 0 0 maoyu 7Сʱ_mousemovements
0 0 0 0 0 0 0 0 0 0 0 0 0 0 0 0 0 0 0 0 0 0 0 0 0 0 0 0 0 0 0 0 0 0 0 0 0 0 0 0 0 0 0 maoyu 7Сʱ_mousemovements
0 0 0 0 0 0 0 0 0 0 0 0 0 0 0 0 0 0 0 0 0 0 0 0 0 0 0 0 0 0 0 0 0 0 0 0 0 0 0 0 0 0 0 maoyu 7Сʱ_mousemovements
92.0120608 375.23560349999997 1057.1499939999999 207.808472 0 312.189575 0 0 207.808472 0 726.7126109999999 312.189575 0 271.54962133333333 86.15831375 111.36796275 0.0625 0.0 0.1875 0.0625 0.0 0.1875 0.25 0.25 108.14008522222221 166.7330855 39.1903055 0.9 0.05 0.05 0.625 0.125 0.125 0.0625 0.0 0.0625 0.0 0.0 0.6486486486486487 0.1891891891891892 0.10810810810810811 0.05405405405405406 0.0 maoyu 7Сʱ_mousemovements
137.31849933333334 612.8029555 520.005142 781.6421204999999 156.791412 577.8284605 657.299988 0 343.511505 730.9223430000001 393.863174 179.800446 516.9903382 558.0191495 52.462082 123.6983795 0.1111111111111111 0.16666666666666666 0.1111111111111111 0.05555555555555555 0.2777777777777778 0.1111111111111111 0.05555555555555555 0.1111111111111111 94.42330152941177 156.751709 410.8322252857143 0.864406779661017 0.01694915254237288 0.11864406779661017 0.3333333333333333 0.2222222222222222 0.1111111111111111 0.1111111111111111 0.05555555555555555 0.1111111111111111 0.05555555555555555 0.0 0.6730769230769231 0.19230769230769232 0.11538461538461539 0.019230769230769232 0.0 maoyu 7Сʱ_mousemovements
252.72476687499997 733.7011716666666 0 0 0 0 0 0 487.244278 131.153473 588.368713 0 432.688492 696.3117675 172.408051 49.241169 0.18181818181818182 0.09090909090909091 0.09090909090909091 0.0 0.18181818181818182 0.18181818181818182 0.09090909090909091 0.18181818181818182 167.55741763999998 0 33.966209 0.9615384615384616 0.0 0.038461538461538464 0.7272727272727273 0.2727272727272727 0.0 0.0 0.0 0.0 0.0 0.0 0.64 0.28 0.0 0.08 0.0 maoyu 7Сʱ_mousemovements
0 0 0 0 0 0 0 0 0 0 0 0 0 0 0 0 0 0 0 0 0 0 0 0 0 0 0 0 0 0 0 0 0 0 0 0 0 0 0 0 0 0 0 maoyu 7Сʱ_mousemovements
0 0 0 0 0 0 0 0 0 0 0 0 0 0 0 0 0 0 0 0 0 0 0 0 0 0 0 0 0 0 0 0 0 0 0 0 0 0 0 0 0 0 0 maoyu 7Сʱ_mousemovements
0 0 0 0 0 0 0 0 0 0 0 0 0 0 0 0 0 0 0 0 0 0 0 0 0 0 0 0 0 0 0 0 0 0 0 0 0 0 0 0 0 0 0 maoyu 7Сʱ_mousemovements
135.28434763636363 402.9476293333334 0 0 681.77832 0 0 0 65.97353749999999 148.55264675 0 0 386.298553 294.9230005 120.28087866666665 725.758179 0.13333333333333333 0.26666666666666666 0.0 0.0 0.06666666666666667 0.26666666666666666 0.2 0.06666666666666667 78.42345694999999 96.786156 72.512299 0.9302325581395349 0.023255813953488372 0.046511627906976744 0.7333333333333333 0.2 0.0 0.0 0.06666666666666667 0.0 0.0 0.0 0.475 0.3 0.15 0.025 0.05 maoyu 7Сʱ_mousemovements
105.01118779999999 0 0 0 0 0 277.487701 887.300537 100.98269633333332 443.6502685 86.586569 87.857189 138.54739566666666 313.468765 53.471809 18.181818 0.17647058823529413 0.11764705882352941 0.17647058823529413 0.11764705882352941 0.17647058823529413 0.11764705882352941 0.058823529411764705 0.058823529411764705 60.82914246153845 277.487701 90.131798 0.9512195121951219 0.024390243902439025 0.024390243902439025 0.8823529411764706 0.0 0.0 0.0 0.0 0.0 0.058823529411764705 0.058823529411764705 0.6285714285714286 0.22857142857142856 0.11428571428571428 0.0 0.02857142857142857 maoyu 7Сʱ_mousemovements
91.862854 240.784164 0 0 0 0 0 0 0 91.862854 0 0 0 240.784164 0 0 0.0 0.6666666666666666 0.0 0.0 0.0 0.3333333333333333 0.0 0.0 30.322133714285712 0 0 1.0 0.0 0.0 0.6666666666666666 0.3333333333333333 0.0 0.0 0.0 0.0 0.0 0.0 0.7 0.2 0.1 0.0 0.0 maoyu 7Сʱ_mousemovements
0 0 0 0 0 0 0 0 0 0 0 0 0 0 0 0 0 0 0 0 0 0 0 0 0 0 0 0 0 0 0 0 0 0 0 0 0 0 0 0 0 0 0 maoyu 7Сʱ_mousemovements
152.7292005 0 0 0 0 0 449.985901 0 0 0 0 125.0 0 375.9304965 92.02085500000001 0 0.0 0.0 0.0 0.2 0.0 0.4 0.4 0.0 25.47633438095238 0 262.9498405 0.9130434782608695 0.0 0.08695652173913043 0.8 0.0 0.0 0.0 0.0 0.0 0.2 0.0 0.6666666666666666 0.2857142857142857 0.0 0.047619047619047616 0.0 maoyu 7Сʱ_mousemovements
133.74356633333335 559.039429 0 692.609314 916.832855 618.889099 0 0 88.388351 470.5562896666667 618.889099 0 235.161758 559.039429 503.4121003333333 83.281143 0.09090909090909091 0.2727272727272727 0.09090909090909091 0.0 0.09090909090909091 0.09090909090909091 0.2727272727272727 0.09090909090909091 91.44382884615386 732.7442015 331.8184985 0.8666666666666667 0.06666666666666667 0.06666666666666667 0.5454545454545454 0.09090909090909091 0.0 0.09090909090909091 0.18181818181818182 0.09090909090909091 0.0 0.0 0.6551724137931034 0.1724137931034483 0.06896551724137931 0.034482758620689655 0.06896551724137931 maoyu 7Сʱ_mousemovements
0 0 0 0 0 0 0 0 0 0 0 0 0 0 0 0 0 0 0 0 0 0 0 0 0.0 0 0 1.0 0.0 0.0 0 0 0 0 0 0 0 0 0.6666666666666666 0.0 0.0 0.0 0.3333333333333333 maoyu 7Сʱ_mousemovements
0 349.868835 1156.7709654999999 0 0 0 0 0 814.62677 924.391998 0 0 0 0 0 0 0.3333333333333333 0.6666666666666666 0.0 0.0 0.0 0.0 0.0 0.0 177.9647639230769 0 349.868835 0.9285714285714286 0.0 0.07142857142857142 0.0 0.3333333333333333 0.6666666666666666 0.0 0.0 0.0 0.0 0.0 0.8461538461538461 0.07692307692307693 0.07692307692307693 0.0 0.0 maoyu 7Сʱ_mousemovements
0 0 0 0 0 0 0 0 0 0 0 0 0 0 0 0 0 0 0 0 0 0 0 0 0 0 0 0 0 0 0 0 0 0 0 0 0 0 0 0 0 0 0 maoyu 7Сʱ_mousemovements
130.2506365882353 670.2874755 246.9717224 0 185.686264 432.595703 0 0 0 380.73144 303.57632060000003 250.349238 0 59.0239102 132.80187014285713 10.657193 0.0 0.19230769230769232 0.19230769230769232 0.11538461538461539 0.0 0.19230769230769232 0.2692307692307692 0.038461538461538464 48.91309020238094 87.4559386 123.14244028571429 0.875 0.052083333333333336 0.07291666666666667 0.6538461538461539 0.07692307692307693 0.19230769230769232 0.0 0.038461538461538464 0.038461538461538464 0.0 0.0 0.5444444444444444 0.2777777777777778 0.1111111111111111 0.044444444444444446 0.022222222222222223 maoyu 7Сʱ_mousemovements
341.0936066 0 0 0 0 0 0 0 0 0 0 0 0 0 136.1605605 477.7156373333333 0.0 0.0 0.0 0.0 0.0 0.0 0.4 0.6 142.12233608333332 0 0 1.0 0.0 0.0 1.0 0.0 0.0 0.0 0.0 0.0 0.0 0.0 0.6666666666666666 0.3333333333333333 0.0 0.0 0.0 maoyu 7Сʱ_mousemovements
249.02497099999997 812.593872 0 353.863617 685.863342 0 0 1814.077148 0 235.37394766666668 378.670345 299.46082680000006 170.289337 631.424366 351.49360980000006 222.80738925 0.0 0.21428571428571427 0.07142857142857142 0.17857142857142858 0.03571428571428571 0.17857142857142858 0.17857142857142858 0.14285714285714285 115.81035361038958 44.28797633333334 118.5472252 0.9058823529411765 0.03529411764705882 0.058823529411764705 0.8571428571428571 0.03571428571428571 0.0 0.03571428571428571 0.03571428571428571 0.0 0.0 0.03571428571428571 0.5925925925925926 0.2716049382716049 0.04938271604938271 0.04938271604938271 0.037037037037037035 maoyu 7Сʱ_mousemovements
130.19259110000002 399.738312 554.554886 198.9315185 602.3486479999999 0 0 901.097473 227.37902999999997 250.770737 658.9251785 0 285.60738633333335 642.4820405 125.88503480000001 28.70187 0.23809523809523808 0.047619047619047616 0.19047619047619047 0.0 0.14285714285714285 0.09523809523809523 0.23809523809523808 0.047619047619047616 92.99965359615386 174.6713576666667 365.82095625 0.8813559322033898 0.05084745762711865 0.06779661016949153 0.47619047619047616 0.09523809523809523 0.19047619047619047 0.09523809523809523 0.09523809523809523 0.0 0.0 0.047619047619047616 0.5454545454545454 0.3090909090909091 0.07272727272727272 0.05454545454545454 0.01818181818181818 maoyu 7Сʱ_mousemovements
0 0 0 0 0 0 0 0 0 0 0 0 0 0 0 0 0 0 0 0 0 0 0 0 0.0 0 0 1.0 0.0 0.0 0 0 0 0 0 0 0 0 1.0 0.0 0.0 0.0 0.0 maoyu 7Сʱ_mousemovements
219.584961 185.887619 1118.754395 0 0 0 0 0 219.584961 0 0 0 0 0 185.887619 1118.754395 0.3333333333333333 0.0 0.0 0.0 0.0 0.0 0.3333333333333333 0.3333333333333333 217.7467107142857 0 0 1.0 0.0 0.0 0.3333333333333333 0.3333333333333333 0.3333333333333333 0.0 0.0 0.0 0.0 0.0 0.6 0.2 0.0 0.0 0.2 maoyu 7Сʱ_mousemovements
268.41460666666666 567.907288 0 0 1124.57959 0 0 0 522.851379 0 0 0 962.122498 649.135834 141.19622049999998 0 0.16666666666666666 0.0 0.0 0.0 0.16666666666666666 0.3333333333333333 0.3333333333333333 0.0 153.50314511764705 178.06221 139.0111545 0.85 0.05 0.1 0.5 0.3333333333333333 0.0 0.0 0.16666666666666666 0.0 0.0 0.0 0.7222222222222222 0.05555555555555555 0.16666666666666666 0.0 0.05555555555555555 maoyu 7Сʱ_mousemovements
61.999234666666666 221.605591 0 3818.9491780000003 0 679.544922 0 0 7784.157227 3033.283447 639.40686 0 120.305397 0 343.772461 139.64894900000002 0.125 0.125 0.125 0.0 0.125 0.0 0.25 0.25 827.7126902666664 64.1526985 0 0.8823529411764706 0.11764705882352941 0.0 0.375 0.125 0.0 0.375 0.0 0.125 0.0 0.0 0.6 0.13333333333333333 0.06666666666666667 0.06666666666666667 0.13333333333333333 maoyu 7Сʱ_mousemovements
247.51025775 369.262482 1999.135742 0 0 0 0 0 0 1999.135742 0 0 217.520981 373.685257 197.206009 0 0.0 0.16666666666666666 0.0 0.0 0.16666666666666666 0.3333333333333333 0.3333333333333333 0.0 186.8235483125 0 369.262482 0.9411764705882353 0.0 0.058823529411764705 0.6666666666666666 0.16666666666666666 0.16666666666666666 0.0 0.0 0.0 0.0 0.0 0.7333333333333333 0.13333333333333333 0.06666666666666667 0.06666666666666667 0.0 maoyu 7Сʱ_mousemovements
0 0 0 0 0 0 0 0 0 0 0 0 0 0 0 0 0 0 0 0 0 0 0 0 0 0 0 0 0 0 0 0 0 0 0 0 0 0 0 0 0 0 0 maoyu 7Сʱ_mousemovements
0 0 0 0 0 0 0 0 0 0 0 0 0 0 0 0 0 0 0 0 0 0 0 0 0 0 0 0 0 0 0 0 0 0 0 0 0 0 0 0 0 0 0 maoyu 7Сʱ_mousemovements
0 0 0 0 0 0 0 0 0 0 0 0 0 0 0 0 0 0 0 0 0 0 0 0 0 0 0 0 0 0 0 0 0 0 0 0 0 0 0 0 0 0 0 maoyu 7Сʱ_mousemovements
0 0 0 0 0 0 0 0 0 0 0 0 0 0 0 0 0 0 0 0 0 0 0 0 0 0 0 0 0 0 0 0 0 0 0 0 0 0 0 0 0 0 0 maoyu 7Сʱ_mousemovements
0 0 0 0 0 0 0 0 0 0 0 0 0 0 0 0 0 0 0 0 0 0 0 0 0 0 0 0 0 0 0 0 0 0 0 0 0 0 0 0 0 0 0 maoyu 7Сʱ_mousemovements
0 0 0 0 0 0 0 0 0 0 0 0 0 0 0 0 0 0 0 0 0 0 0 0 0 0 0 0 0 0 0 0 0 0 0 0 0 0 0 0 0 0 0 maoyu 7Сʱ_mousemovements
142.19677199999998 1234.942871 247.738754 0 396.567963 1326.79834 0 0 31.75065 222.421356 1326.79834 639.659004 0 346.062653 0 0 0.125 0.25 0.125 0.25 0.0 0.25 0.0 0.0 98.52911329032257 0 180.108126 0.8857142857142857 0.0 0.11428571428571428 0.5 0.125 0.125 0.0 0.125 0.125 0.0 0.0 0.6363636363636364 0.18181818181818182 0.09090909090909091 0.06060606060606061 0.030303030303030304 maoyu 7Сʱ_mousemovements
0 0 0 0 0 0 0 0 0 0 0 0 0 0 0 0 0 0 0 0 0 0 0 0 0 0 0 0 0 0 0 0 0 0 0 0 0 0 0 0 0 0 0 maoyu 7Сʱ_mousemovements
0 0 0 0 0 0 0 0 0 0 0 0 0 0 0 0 0 0 0 0 0 0 0 0 0 0 0 0 0 0 0 0 0 0 0 0 0 0 0 0 0 0 0 maoyu 7Сʱ_mousemovements
0 0 0 0 0 0 0 0 0 0 0 0 0 0 0 0 0 0 0 0 0 0 0 0 0 0 0 0 0 0 0 0 0 0 0 0 0 0 0 0 0 0 0 maoyu 7Сʱ_mousemovements
0 0 0 0 0 0 0 0 0 0 0 0 0 0 0 0 0 0 0 0 0 0 0 0 0 0 0 0 0 0 0 0 0 0 0 0 0 0 0 0 0 0 0 maoyu 7Сʱ_mousemovements
0 0 0 0 0 0 0 0 0 0 0 0 0 0 0 0 0 0 0 0 0 0 0 0 0 0 0 0 0 0 0 0 0 0 0 0 0 0 0 0 0 0 0 maoyu 7Сʱ_mousemovements
0 0 2020.060303 0 0 0 0 0 0 0 0 0 0 2020.060303 0 0 0.0 0.0 0.0 0.0 0.0 1.0 0.0 0.0 1010.0301515 0 0 1.0 0.0 0.0 0.0 0.0 1.0 0.0 0.0 0.0 0.0 0.0 0.5 0.5 0.0 0.0 0.0 maoyu 7Сʱ_mousemovements
731.099548 0 343.772369 0 0 0 0 0 0 0 0 0 343.772369 731.099548 0 0 0.0 0.0 0.0 0.0 0.5 0.5 0.0 0.0 91.3874435 0 343.772369 0.8888888888888888 0.0 0.1111111111111111 0.5 0.0 0.5 0.0 0.0 0.0 0.0 0.0 0.7142857142857143 0.14285714285714285 0.0 0.14285714285714285 0.0 maoyu 7Сʱ_mousemovements
0 2423.243408 0 1398.533569 0 0 0 0 2423.243408 1398.533569 0 0 0 0 0 0 0.5 0.5 0.0 0.0 0.0 0.0 0.0 0.0 382.17769769999995 0 0 1.0 0.0 0.0 0.0 0.5 0.0 0.5 0.0 0.0 0.0 0.0 0.8888888888888888 0.1111111111111111 0.0 0.0 0.0 maoyu 7Сʱ_mousemovements
377.69329519999997 297.7904663333333 468.363922 439.519684 0 0 0 0 482.933548 124.64829999999999 480.319794 0 0 432.168476 398.719574 306.364197 0.18181818181818182 0.18181818181818182 0.09090909090909091 0.0 0.0 0.36363636363636365 0.09090909090909091 0.09090909090909091 102.20316673529413 5.606262 324.363617 0.918918918918919 0.02702702702702703 0.05405405405405406 0.45454545454545453 0.2727272727272727 0.09090909090909091 0.18181818181818182 0.0 0.0 0.0 0.0 0.625 0.15625 0.0625 0.09375 0.0625 maoyu 7Сʱ_mousemovements
0 0 0 0 0 0 0 0 0 0 0 0 0 0 0 0 0 0 0 0 0 0 0 0 0 0 0 0 0 0 0 0 0 0 0 0 0 0 0 0 0 0 0 maoyu 7Сʱ_mousemovements
173.52148433333332 0 1133.567444 1033.1582945 2497.564209 1523.9280395 0 0 1377.0674895 1019.6037825 0 0 1335.4157103333334 1107.925537 56.04332 435.877686 0.2 0.2 0.0 0.0 0.3 0.1 0.1 0.1 229.78439147619048 0 249.49725866666665 0.9333333333333333 0.0 0.06666666666666667 0.3 0.0 0.2 0.2 0.1 0.2 0.0 0.0 0.7209302325581395 0.18604651162790697 0.06976744186046512 0.0 0.023255813953488372 maoyu 7Сʱ_mousemovements
0 0 0 0 0 0 0 0 0 0 0 0 0 0 0 0 0 0 0 0 0 0 0 0 0 0 0 0 0 0 0 0 0 0 0 0 0 0 0 0 0 0 0 maoyu 7Сʱ_mousemovements
38.82634633333333 318.95814925 567.0799255 2077.3316849999997 749.9158692000001 2409.625061333333 1674.527466 0 1583.96354675 258.996674 643.391174 621.4726654 971.0776573333334 1270.1165084999998 421.911377 1589.518144333333 0.19047619047619047 0.047619047619047616 0.047619047619047616 0.23809523809523808 0.14285714285714285 0.09523809523809523 0.09523809523809523 0.14285714285714285 283.3265646818182 8.0 386.2707527142857 0.8918918918918919 0.013513513513513514 0.0945945945945946 0.14285714285714285 0.19047619047619047 0.09523809523809523 0.14285714285714285 0.23809523809523808 0.14285714285714285 0.047619047619047616 0.0 0.6901408450704225 0.14084507042253522 0.1267605633802817 0.04225352112676056 0.0 maoyu 7Сʱ_mousemovements
0 637.0356853333333 2076.137451 0 0 0 0 0 0 1018.678589 355.461426 0 0 0 536.967041 2076.137451 0.0 0.25 0.25 0.0 0.0 0.0 0.25 0.25 498.405563375 0 0 1.0 0.0 0.0 0.0 0.75 0.25 0.0 0.0 0.0 0.0 0.0 0.42857142857142855 0.2857142857142857 0.14285714285714285 0.14285714285714285 0.0 maoyu 7Сʱ_mousemovements
0 0 0 0 0 0 0 0 0 0 0 0 0 0 0 0 0 0 0 0 0 0 0 0 0 0 0 0 0 0 0 0 0 0 0 0 0 0 0 0 0 0 0 maoyu 7Сʱ_mousemovements
202.37585714285714 419.75297924999995 0 0 0 1189.612549 0 0 647.158997 197.059677 0 0 0 341.8332808 445.9170113333334 0 0.08333333333333333 0.25 0.0 0.0 0.0 0.4166666666666667 0.25 0.0 126.34431146875 127.074829 57.581334999999996 0.9142857142857143 0.02857142857142857 0.05714285714285714 0.5833333333333334 0.3333333333333333 0.0 0.0 0.0 0.08333333333333333 0.0 0.0 0.5882352941176471 0.2647058823529412 0.08823529411764706 0.029411764705882353 0.029411764705882353 maoyu 7Сʱ_mousemovements
106.66805184615386 0 172.13555899999997 299.097076 1088.753662 1128.649658 765.391052 0 61.629961333333334 217.89742399999997 230.10891700000002 0 42.553192 536.9576294 57.142857 0 0.15 0.35 0.15 0.0 0.05 0.25 0.05 0.0 71.34746091525423 113.3648225 187.18824 0.9076923076923077 0.03076923076923077 0.06153846153846154 0.65 0.0 0.15 0.05 0.05 0.05 0.05 0.0 0.576271186440678 0.22033898305084745 0.15254237288135594 0.01694915254237288 0.03389830508474576 maoyu 7Сʱ_mousemovements
0 0 0 0 0 0 0 0 0 0 0 0 0 0 0 0 0 0 0 0 0 0 0 0 0 0 0 0 0 0 0 0 0 0 0 0 0 0 0 0 0 0 0 maoyu 7Сʱ_mousemovements
133.65999366666665 70.400352 441.869263 0 761.234253 0 0 0 91.239586 126.7885455 47.2269545 121.071404 0 420.40995425 111.023771 159.817352 0.06666666666666667 0.26666666666666666 0.13333333333333333 0.06666666666666667 0.0 0.26666666666666666 0.13333333333333333 0.06666666666666667 73.31269002702705 70.400352 47.2269545 0.925 0.025 0.05 0.8 0.06666666666666667 0.06666666666666667 0.0 0.06666666666666667 0.0 0.0 0.0 0.5 0.2631578947368421 0.13157894736842105 0.07894736842105263 0.02631578947368421 maoyu 7Сʱ_mousemovements
153.30267471428573 315.7687605 355.107124 1336.041504 0 0 0 0 120.338797 111.77815133333333 309.518588 0 49.425884 245.44755949999998 605.2675833333334 111.98159050000001 0.15789473684210525 0.15789473684210525 0.2631578947368421 0.0 0.05263157894736842 0.10526315789473684 0.15789473684210525 0.10526315789473684 72.23294991666667 133.1782835 218.09851120000002 0.8727272727272727 0.03636363636363636 0.09090909090909091 0.7368421052631579 0.10526315789473684 0.10526315789473684 0.05263157894736842 0.0 0.0 0.0 0.0 0.5882352941176471 0.27450980392156865 0.11764705882352941 0.0196078431372549 0.0 maoyu 7Сʱ_mousemovements
380.98545825 1167.877106 1376.272969333333 0 523.890686 0 0 0 824.0100175 1048.642807 0 0 1035.820068 732.60424 168.785828 0 0.2 0.4 0.0 0.0 0.1 0.2 0.1 0.0 236.96148863636364 0 346.338257 0.9428571428571428 0.0 0.05714285714285714 0.4 0.2 0.3 0.0 0.1 0.0 0.0 0.0 0.7741935483870968 0.0967741935483871 0.06451612903225806 0.03225806451612903 0.03225806451612903 maoyu 7Сʱ_mousemovements
0 0 0 0 0 0 0 0 0 0 0 0 0 0 0 0 0 0 0 0 0 0 0 0 0 0 0 0 0 0 0 0 0 0 0 0 0 0 0 0 0 0 0 maoyu 7Сʱ_mousemovements
98.37522012500001 1333.889038 265.3512115 0 0 1433.725952 3835.2146 0 88.70322433333332 144.227685 111.93876649999999 0 540.642769 408.9020936 53.363074999999995 1933.736332 0.14285714285714285 0.19047619047619047 0.09523809523809523 0.0 0.14285714285714285 0.23809523809523808 0.09523809523809523 0.09523809523809523 154.42435484905658 62.07315199999999 84.206318 0.8833333333333333 0.05 0.06666666666666667 0.7619047619047619 0.047619047619047616 0.09523809523809523 0.0 0.0 0.047619047619047616 0.047619047619047616 0.0 0.6181818181818182 0.21818181818181817 0.10909090909090909 0.03636363636363636 0.01818181818181818 maoyu 7Сʱ_mousemovements
0 0 0 0 0 0 0 0 0 0 0 0 0 0 0 0 0 0 0 0 0 0 0 0 0 0 0 0 0 0 0 0 0 0 0 0 0 0 0 0 0 0 0 maoyu 7Сʱ_mousemovements
0 0 0 0 0 0 0 0 0 0 0 0 0 0 0 0 0 0 0 0 0 0 0 0 0 0 0 0 0 0 0 0 0 0 0 0 0 0 0 0 0 0 0 maoyu 7Сʱ_mousemovements
0 0 0 0 0 0 0 0 0 0 0 0 0 0 0 0 0 0 0 0 0 0 0 0 0 0 0 0 0 0 0 0 0 0 0 0 0 0 0 0 0 0 0 maoyu 7Сʱ_mousemovements
0 0 0 0 0 0 0 0 0 0 0 0 0 0 0 0 0 0 0 0 0 0 0 0 0 0 0 0 0 0 0 0 0 0 0 0 0 0 0 0 0 0 0 maoyu 7Сʱ_mousemovements
0 0 0 0 0 0 0 0 0 0 0 0 0 0 0 0 0 0 0 0 0 0 0 0 0 0 0 0 0 0 0 0 0 0 0 0 0 0 0 0 0 0 0 maoyu 7Сʱ_mousemovements
0 0 0 0 0 0 0 0 0 0 0 0 0 0 0 0 0 0 0 0 0 0 0 0 0 0 0 0 0 0 0 0 0 0 0 0 0 0 0 0 0 0 0 maoyu 7Сʱ_mousemovements
0 0 0 0 0 0 0 0 0 0 0 0 0 0 0 0 0 0 0 0 0 0 0 0 0 0 0 0 0 0 0 0 0 0 0 0 0 0 0 0 0 0 0 maoyu 7Сʱ_mousemovements
0 0 0 0 0 0 0 0 0 0 0 0 0 0 0 0 0 0 0 0 0 0 0 0 0 0 0 0 0 0 0 0 0 0 0 0 0 0 0 0 0 0 0 maoyu 7Сʱ_mousemovements
0 0 0 0 0 0 0 0 0 0 0 0 0 0 0 0 0 0 0 0 0 0 0 0 0 0 0 0 0 0 0 0 0 0 0 0 0 0 0 0 0 0 0 maoyu 7Сʱ_mousemovements
0 0 0 0 0 0 0 0 0 0 0 0 0 0 0 0 0 0 0 0 0 0 0 0 0 0 0 0 0 0 0 0 0 0 0 0 0 0 0 0 0 0 0 maoyu 7Сʱ_mousemovements
73.54903766666666 0 0 0 0 849.381653 0 0 98.046272 0 45.406223 0 0 849.381653 77.194618 0 0.25 0.0 0.25 0.0 0.0 0.25 0.25 0.0 54.504486529411764 45.406223 98.046272 0.8947368421052632 0.05263157894736842 0.05263157894736842 0.75 0.0 0.0 0.0 0.0 0.25 0.0 0.0 0.5882352941176471 0.23529411764705882 0.058823529411764705 0.058823529411764705 0.058823529411764705 maoyu 7Сʱ_mousemovements
115.84941711764706 280.1622005 264.37095650000003 1421.189575 1392.678467 0 0 0 158.8659194 46.444651750000006 211.51929999999996 1421.189575 0 570.3462956666667 167.88920716666667 118.144638 0.21739130434782608 0.17391304347826086 0.13043478260869565 0.043478260869565216 0.0 0.13043478260869565 0.2608695652173913 0.043478260869565216 87.67085008064515 69.701586 99.12619000000001 0.9253731343283582 0.029850746268656716 0.04477611940298507 0.7391304347826086 0.08695652173913043 0.08695652173913043 0.043478260869565216 0.043478260869565216 0.0 0.0 0.0 0.578125 0.25 0.125 0.0 0.046875 maoyu 7Сʱ_mousemovements
4.761662 267.91 601.27478 855.120239 0 0 0 0 0 728.1975095 0 0 0 180.19388733333335 0 0 0.0 0.4 0.0 0.0 0.0 0.6 0.0 0.0 153.24730915384615 0 4.761662 0.9285714285714286 0.0 0.07142857142857142 0.2 0.4 0.2 0.2 0.0 0.0 0.0 0.0 0.6363636363636364 0.2727272727272727 0.09090909090909091 0.0 0.0 maoyu 7Сʱ_mousemovements
