278.4932263333333 381.93485499999997 831.622925 889.87702175 799.5670777500001 0 0 2138.300781 0 415.5754758 713.5205155 870.0582885 0 652.2630106666667 786.3782635 202.80085000000003 0.0 0.2 0.24 0.08 0.0 0.12 0.16 0.2 200.56766566666667 0 188.12722699999998 0.971830985915493 0.0 0.028169014084507043 0.48 0.12 0.04 0.16 0.16 0.0 0.0 0.04 0.576271186440678 0.22033898305084745 0.0847457627118644 0.1016949152542373 0.01694915254237288 shenyanping 7Сʱ_mousemovements
157.90252936231883 415.26888533333334 378.8658003333333 702.37985225 1743.056125625 1346.1940232499999 1261.2041869999998 762.9514162500001 415.07357516666667 224.88430488235295 366.0446483333333 451.3462313125 114.42099546666667 287.4836375454546 939.2043423666669 508.8298182692308 0.12162162162162163 0.11486486486486487 0.10135135135135136 0.10810810810810811 0.10135135135135136 0.07432432432432433 0.20270270270270271 0.17567567567567569 128.71201760173162 13.774656333333333 185.94191986206897 0.8833652007648184 0.0057361376673040155 0.11089866156787763 0.46621621621621623 0.18243243243243243 0.10135135135135136 0.08108108108108109 0.05405405405405406 0.05405405405405406 0.033783783783783786 0.02702702702702703 0.6076759061833689 0.2068230277185501 0.09168443496801706 0.06823027718550106 0.0255863539445629 shenyanping 7Сʱ_mousemovements
284.8152931967213 522.024459846154 683.4935913636363 969.3156984 1236.4101360000002 793.4924193999999 1668.688324 1581.945923 407.79094318181814 630.8539485714285 361.4123925714286 371.0678708333333 328.4853972857142 612.097833888889 528.24769645 565.5427228571428 0.10891089108910891 0.13861386138613863 0.13861386138613863 0.1188118811881188 0.06930693069306931 0.0891089108910891 0.19801980198019803 0.13861386138613863 173.08311013186818 11.613698 182.29300780000003 0.9512195121951219 0.013937282229965157 0.03484320557491289 0.6039603960396039 0.12871287128712872 0.10891089108910891 0.04950495049504951 0.0297029702970297 0.04950495049504951 0.019801980198019802 0.009900990099009901 0.5436507936507936 0.24206349206349206 0.12301587301587301 0.06746031746031746 0.023809523809523808 shenyanping 7Сʱ_mousemovements
0 0 0 0 0 0 2371.694946 0 0 0 2322.356201 0 0 0 2421.033691 0 0.0 0.0 0.5 0.0 0.0 0.0 0.5 0.0 790.564982 0 0 1.0 0.0 0.0 0.0 0.0 0.0 0.0 0.0 0.0 1.0 0.0 0.5 0.5 0.0 0.0 0.0 shenyanping 7Сʱ_mousemovements
210.80030162499997 742.23761 870.571106 366.879219 0 924.62384 0 1227.115601 361.0356036666667 556.2129595 761.5586753333333 742.23761 0 0 253.44595333333334 100.962391 0.21428571428571427 0.14285714285714285 0.21428571428571427 0.07142857142857142 0.0 0.0 0.21428571428571427 0.14285714285714285 206.15696693333334 0 0 1.0 0.0 0.0 0.5714285714285714 0.07142857142857142 0.07142857142857142 0.14285714285714285 0.0 0.07142857142857142 0.0 0.07142857142857142 0.5238095238095238 0.2857142857142857 0.047619047619047616 0.09523809523809523 0.047619047619047616 shenyanping 7Сʱ_mousemovements
420.40794375 286.367645 0 616.5447085 519.058289 1245.59729 0 0 519.058289 0 703.908203 0 486.3574036 0 607.082703 0 0.1111111111111111 0.0 0.2222222222222222 0.0 0.5555555555555556 0.0 0.1111111111111111 0.0 216.76403118181815 196.93573 0 0.9565217391304348 0.043478260869565216 0.0 0.4444444444444444 0.1111111111111111 0.0 0.2222222222222222 0.1111111111111111 0.1111111111111111 0.0 0.0 0.5 0.3333333333333333 0.1111111111111111 0.0 0.05555555555555555 shenyanping 7Сʱ_mousemovements
415.2906822857143 357.1043122 0 714.04425 2584.738525 1793.497192 3248.914795 0 515.6433534 0 2097.698038666667 276.1857985 1040.4745025 312.205925 348.8013575 483.30742200000003 0.21739130434782608 0.0 0.13043478260869565 0.08695652173913043 0.08695652173913043 0.08695652173913043 0.17391304347826086 0.21739130434782608 269.78546737288144 0 23.4433 0.9833333333333333 0.0 0.016666666666666666 0.6086956521739131 0.21739130434782608 0.0 0.043478260869565216 0.043478260869565216 0.043478260869565216 0.043478260869565216 0.0 0.5576923076923077 0.3076923076923077 0.07692307692307693 0.038461538461538464 0.019230769230769232 shenyanping 7Сʱ_mousemovements
360.78454179999994 1000.596313 929.4967039999999 0 0 0 385.055206 0 355.3790205 732.0189313333334 424.1705808 922.074402 348.42801275 0 189.787979 412.412842 0.21052631578947367 0.15789473684210525 0.2631578947368421 0.05263157894736842 0.21052631578947367 0.0 0.05263157894736842 0.05263157894736842 152.2395839074074 0 145.15850766666668 0.9473684210526315 0.0 0.05263157894736842 0.7894736842105263 0.05263157894736842 0.10526315789473684 0.0 0.0 0.0 0.05263157894736842 0.0 0.7446808510638298 0.2127659574468085 0.02127659574468085 0.02127659574468085 0.0 shenyanping 7Сʱ_mousemovements
154.53240593333334 427.430054 592.5787863333334 1597.51799 813.062134 0 1507.89500425 0 198.6571255 295.402205 2317.6317135 167.115288 466.9469075 827.9261911428572 63.361682666666674 420.3007302 0.14814814814814814 0.07407407407407407 0.07407407407407407 0.07407407407407407 0.07407407407407407 0.25925925925925924 0.1111111111111111 0.18518518518518517 196.0207307142857 180.910736 33.79525533333334 0.9506172839506173 0.012345679012345678 0.037037037037037035 0.5555555555555556 0.037037037037037035 0.1111111111111111 0.07407407407407407 0.07407407407407407 0.0 0.14814814814814814 0.0 0.46153846153846156 0.36923076923076925 0.07692307692307693 0.07692307692307693 0.015384615384615385 shenyanping 7Сʱ_mousemovements
200.67148500000002 438.939453 451.29538 22.767952 0 755.74762 0 0 248.43192900000003 31.25 22.767952 438.939453 556.962036 0 168.905426 755.74762 0.25 0.125 0.125 0.125 0.125 0.0 0.125 0.125 116.6032568095238 22.767952 0 0.9545454545454546 0.045454545454545456 0.0 0.5 0.125 0.125 0.125 0.0 0.125 0.0 0.0 0.5294117647058824 0.29411764705882354 0.058823529411764705 0.11764705882352941 0.0 shenyanping 7Сʱ_mousemovements
94.4523585 139.448166 320.487488 272.695282 0 3505.18689 0 0 139.448166 2764.1578675 320.487488 58.430967599999995 21.276596 1041.349644 272.695282 15.225454000000001 0.06666666666666667 0.13333333333333333 0.06666666666666667 0.3333333333333333 0.06666666666666667 0.13333333333333333 0.06666666666666667 0.13333333333333333 200.3531671190476 272.695282 0 0.9767441860465116 0.023255813953488372 0.0 0.6666666666666666 0.06666666666666667 0.06666666666666667 0.06666666666666667 0.0 0.13333333333333333 0.0 0.0 0.5454545454545454 0.30303030303030304 0.06060606060606061 0.030303030303030304 0.06060606060606061 shenyanping 7Сʱ_mousemovements
194.33841700000002 394.66597 0 0 0 0 3272.874817 1362.733887 269.413513 786.9805835000001 486.385315 0 0 5593.865723 554.7917175 184.72936625 0.08333333333333333 0.16666666666666666 0.16666666666666666 0.0 0.0 0.08333333333333333 0.16666666666666666 0.3333333333333333 268.69490355263156 0 48.105598 0.9743589743589743 0.0 0.02564102564102564 0.5 0.25 0.0 0.0 0.0 0.0 0.16666666666666666 0.08333333333333333 0.59375 0.1875 0.1875 0.03125 0.0 shenyanping 7Сʱ_mousemovements
116.58742826086954 584.2939793333334 313.1816624285714 0 728.515747 0 678.638245 0 359.7921003333334 357.1765746666667 237.80048966666664 18.046488 456.7216415 357.0863586 321.91187730769224 69.33917840000001 0.07317073170731707 0.07317073170731707 0.21951219512195122 0.024390243902439025 0.04878048780487805 0.12195121951219512 0.3170731707317073 0.12195121951219512 86.05217948739498 84.76895619999999 109.44101912499998 0.9015151515151515 0.03787878787878788 0.06060606060606061 0.5609756097560976 0.21951219512195122 0.17073170731707318 0.0 0.024390243902439025 0.0 0.024390243902439025 0.0 0.49038461538461536 0.25961538461538464 0.10576923076923077 0.125 0.019230769230769232 shenyanping 7Сʱ_mousemovements
121.03081003703704 431.7445543333334 349.7514875 294.921509 0 483.924072 0 801.3153685 342.1580885 108.216345 334.93175299999996 228.33461500000004 276.96795633333335 170.39669450000002 324.65539450000006 170.59001333333333 0.09090909090909091 0.18181818181818182 0.1590909090909091 0.09090909090909091 0.06818181818181818 0.045454545454545456 0.22727272727272727 0.13636363636363635 77.1296253984375 17.540709 187.7276228 0.9142857142857143 0.05 0.03571428571428571 0.6136363636363636 0.20454545454545456 0.09090909090909091 0.022727272727272728 0.0 0.022727272727272728 0.0 0.045454545454545456 0.45 0.3416666666666667 0.09166666666666666 0.05 0.06666666666666667 shenyanping 7Сʱ_mousemovements
0 0 0 0 0 0 0 0 0 0 0 0 0 0 0 0 0 0 0 0 0 0 0 0 0 0 0 0 0 0 0 0 0 0 0 0 0 0 0 0 0 0 0 shenyanping 7Сʱ_mousemovements
