138.37583251515153 617.4220835 438.344574 1363.1698303333333 0 0 0 0 226.50231150000002 395.4064495 177.287521 550.3147735 326.6589916666667 204.86550383333335 301.72263933333335 275.51370233333336 0.046511627906976744 0.046511627906976744 0.023255813953488372 0.046511627906976744 0.06976744186046512 0.13953488372093023 0.5581395348837209 0.06976744186046512 88.88965178294575 0 666.0119794999999 0.9847328244274809 0.0 0.015267175572519083 0.7674418604651163 0.13953488372093023 0.023255813953488372 0.06976744186046512 0.0 0.0 0.0 0.0 0.5714285714285714 0.24761904761904763 0.11428571428571428 0.047619047619047616 0.01904761904761905 liyajie 7Сʱ_mousemovements
143.52815271428568 652.367096 0 607.468033 213.584839 0 0 1508.995728 344.0057185 177.09968859999998 308.559692 167.8254545 144.43139161538463 157.95022685714284 371.0936568571429 224.70886190909093 0.041666666666666664 0.10416666666666667 0.020833333333333332 0.041666666666666664 0.2708333333333333 0.14583333333333334 0.14583333333333334 0.22916666666666666 62.941626924137935 16.129032 187.96138383333331 0.9539473684210527 0.006578947368421052 0.039473684210526314 0.875 0.041666666666666664 0.0 0.041666666666666664 0.020833333333333332 0.0 0.0 0.020833333333333332 0.625 0.234375 0.0625 0.0546875 0.0234375 liyajie 7Сʱ_mousemovements
128.40379224390242 266.14426683333335 426.902705 0 273.4240345 0 643.334106 0 207.9584176666667 131.60471385714285 271.4001133333333 119.062973 228.0581114285714 205.604659 228.80513025000002 138.21974107142856 0.10714285714285714 0.125 0.05357142857142857 0.017857142857142856 0.125 0.10714285714285714 0.21428571428571427 0.25 72.1974114829932 0.0 0 0.9932432432432432 0.006756756756756757 0.0 0.7321428571428571 0.10714285714285714 0.10714285714285714 0.0 0.03571428571428571 0.0 0.017857142857142856 0.0 0.5447154471544715 0.25203252032520324 0.11382113821138211 0.04065040650406504 0.04878048780487805 liyajie 7Сʱ_mousemovements
102.17133022857142 306.4816946666667 675.9514464 3218.70752 0 830.5899355 1068.4667356666666 0 142.60712066666667 220.7793815 511.14396990000006 294.61170949999996 140.48042152631578 469.724903 104.27329907692307 198.8209266923077 0.06896551724137931 0.1839080459770115 0.11494252873563218 0.022988505747126436 0.21839080459770116 0.09195402298850575 0.14942528735632185 0.14942528735632185 89.3839990264317 27.6267225 0 0.9742489270386266 0.02575107296137339 0.0 0.8045977011494253 0.06896551724137931 0.05747126436781609 0.011494252873563218 0.0 0.022988505747126436 0.034482758620689655 0.0 0.5943396226415094 0.20754716981132076 0.12264150943396226 0.05188679245283019 0.02358490566037736 liyajie 7Сʱ_mousemovements
0 0 0 0 0 0 0 0 0 0 0 0 0 0 0 0 0 0 0 0 0 0 0 0 0 0 0 0 0 0 0 0 0 0 0 0 0 0 0 0 0 0 0 liyajie 7Сʱ_mousemovements
147.21291915999998 349.66697325 484.4032851999999 610.022237 1927.5962675 874.922577 3429.4970705 988.44043 836.417454 228.18061695238097 264.73209828571436 1202.1749365714288 198.82781828571427 258.14122057142856 253.092863 181.72065700000002 0.08695652173913043 0.30434782608695654 0.10144927536231885 0.10144927536231885 0.10144927536231885 0.10144927536231885 0.13043478260869565 0.07246376811594203 114.60308028372098 32.55805633333333 180.98429433333334 0.9347826086956522 0.02608695652173913 0.0391304347826087 0.7246376811594203 0.057971014492753624 0.07246376811594203 0.043478260869565216 0.028985507246376812 0.028985507246376812 0.028985507246376812 0.014492753623188406 0.5876777251184834 0.23222748815165878 0.0947867298578199 0.04739336492890995 0.037914691943127965 liyajie 7Сʱ_mousemovements
157.86176477966103 323.9947723000001 496.98548900000003 574.7952373333333 1331.5802002 2032.098511 941.6262815 1076.1177065 330.0662998750001 232.3171533809524 404.138532 716.416992 283.8172134 451.9150327058823 464.21423135714275 147.5558547 0.09411764705882353 0.24705882352941178 0.10588235294117647 0.011764705882352941 0.058823529411764705 0.2 0.16470588235294117 0.11764705882352941 86.7298192572614 88.37631213333331 563.6729898333334 0.8992537313432836 0.055970149253731345 0.04477611940298507 0.686046511627907 0.11627906976744186 0.046511627906976744 0.03488372093023256 0.05813953488372093 0.011627906976744186 0.023255813953488372 0.023255813953488372 0.5826446280991735 0.28512396694214875 0.07851239669421488 0.03305785123966942 0.02066115702479339 liyajie 7Сʱ_mousemovements
130.8320941818182 374.1054445 471.689636 0 1535.849304 1336.6034547499999 1012.0770263333334 1298.1131590000002 258.8902894 623.65359575 165.744232 2549.230225 375.84722325 636.5110497692308 429.0559538571428 233.02725833333332 0.11904761904761904 0.19047619047619047 0.023809523809523808 0.023809523809523808 0.09523809523809523 0.30952380952380953 0.16666666666666666 0.07142857142857142 117.72314178676471 180.044626 359.2896796875 0.8717948717948718 0.02564102564102564 0.10256410256410256 0.5238095238095238 0.14285714285714285 0.023809523809523808 0.0 0.07142857142857142 0.09523809523809523 0.07142857142857142 0.07142857142857142 0.6544117647058824 0.16911764705882354 0.11029411764705882 0.0661764705882353 0.0 liyajie 7Сʱ_mousemovements
0 0 0 0 0 0 0 0 0 0 0 0 0 0 0 0 0 0 0 0 0 0 0 0 0 0 0 0 0 0 0 0 0 0 0 0 0 0 0 0 0 0 0 liyajie 7Сʱ_mousemovements
0 0 0 0 0 0 0 0 0 0 0 0 0 0 0 0 0 0 0 0 0 0 0 0 0 0 0 0 0 0 0 0 0 0 0 0 0 0 0 0 0 0 0 liyajie 7Сʱ_mousemovements
2747.064065 0 330.551971 0 811.331787 0 0 0 0 12.820513 0 0 811.331787 0 0 2905.929794 0.0 0.25 0.0 0.0 0.25 0.0 0.0 0.5 786.5799255000001 12.820513 330.551971 0.8 0.1 0.1 0.5 0.0 0.25 0.0 0.25 0.0 0.0 0.0 0.625 0.125 0.125 0.125 0.0 liyajie 7Сʱ_mousemovements
171.74975799999999 476.94924019999996 686.1650695 839.4986510000001 1148.0755155 520.783081 0 1001.952942 950.103607 415.03568500000006 607.314214 1461.4367675 466.7654962857142 155.50322 340.422060375 406.91061975 0.05714285714285714 0.17142857142857143 0.08571428571428572 0.11428571428571428 0.2 0.02857142857142857 0.22857142857142856 0.11428571428571428 152.90597785858589 114.22964359999999 376.5000262727272 0.8608695652173913 0.043478260869565216 0.09565217391304348 0.3888888888888889 0.1388888888888889 0.1111111111111111 0.1388888888888889 0.1111111111111111 0.027777777777777776 0.0 0.08333333333333333 0.5925925925925926 0.25 0.09259259259259259 0.037037037037037035 0.027777777777777776 liyajie 7Сʱ_mousemovements
128.77828275 193.434044 350.6040645 0 735.458618 0 0 0 297.31842 149.86003714285715 374.108902 0 134.01546333333332 0 8.0 245.081226 0.058823529411764705 0.4117647058823529 0.17647058823529413 0.0 0.17647058823529413 0.0 0.058823529411764705 0.11764705882352941 98.84924200000002 8.0 0 0.9714285714285714 0.02857142857142857 0.0 0.7058823529411765 0.11764705882352941 0.11764705882352941 0.0 0.058823529411764705 0.0 0.0 0.0 0.5454545454545454 0.15151515151515152 0.12121212121212122 0.18181818181818182 0.0 liyajie 7Сʱ_mousemovements
202.81312024528296 542.6368126666666 499.697601 835.9968570000001 405.598572 513.151367 1305.3545835 869.1629433333333 490.97594449999997 253.86963213043487 273.1743499 179.025818 394.20043146153836 708.0920349999999 172.7287991111111 345.0639725 0.057971014492753624 0.3333333333333333 0.14492753623188406 0.014492753623188406 0.18840579710144928 0.07246376811594203 0.13043478260869565 0.057971014492753624 81.47226921182268 115.203917375 485.3053511 0.918552036199095 0.03619909502262444 0.04524886877828054 0.7681159420289855 0.08695652173913043 0.014492753623188406 0.028985507246376812 0.014492753623188406 0.014492753623188406 0.028985507246376812 0.043478260869565216 0.6381909547738693 0.20100502512562815 0.10050251256281408 0.04020100502512563 0.020100502512562814 liyajie 7Сʱ_mousemovements
142.61642155555552 421.354641 638.99620075 0 752.176056 614.5902862500001 0 1223.4927522500002 311.90569960000005 158.08442155555556 398.9187063333334 426.08646633333336 356.81772424999997 659.1812715555557 569.08537525 231.89792037499998 0.1111111111111111 0.2 0.06666666666666667 0.06666666666666667 0.08888888888888889 0.2 0.08888888888888889 0.17777777777777778 95.58256964800002 49.7190965 436.548493 0.8928571428571429 0.02857142857142857 0.07857142857142857 0.6 0.08888888888888889 0.08888888888888889 0.0 0.044444444444444446 0.08888888888888889 0.0 0.08888888888888889 0.6048387096774194 0.18548387096774194 0.12096774193548387 0.07258064516129033 0.016129032258064516 liyajie 7Сʱ_mousemovements
159.795537122449 313.1782615 151.48967 323.1772278 687.440582 597.339727 1620.7510985 1207.8247075 352.80834200000004 413.6327273333333 156.60639233333333 238.60785099999998 132.671958 285.51383536363636 413.17473254545456 91.12366300000001 0.04 0.2 0.12 0.05333333333333334 0.08 0.29333333333333333 0.14666666666666667 0.06666666666666667 90.11679467521368 25.013345 108.46227619999999 0.9669421487603306 0.012396694214876033 0.02066115702479339 0.6533333333333333 0.13333333333333333 0.02666666666666667 0.06666666666666667 0.02666666666666667 0.04 0.02666666666666667 0.02666666666666667 0.5098039215686274 0.23529411764705882 0.1323529411764706 0.0784313725490196 0.04411764705882353 liyajie 7Сʱ_mousemovements
164.4869318275862 399.616005 544.7462463333333 787.412109 1394.652466 0 1147.171509 1286.348816 187.4081385 447.46555307692313 412.41458760000006 64.516129 685.5605723333333 392.1618431428572 524.0152318333334 265.9873585 0.046511627906976744 0.3023255813953488 0.11627906976744186 0.023255813953488372 0.06976744186046512 0.16279069767441862 0.13953488372093023 0.13953488372093023 104.29391992810459 13.0436476 459.52492700000005 0.9444444444444444 0.030864197530864196 0.024691358024691357 0.6744186046511628 0.046511627906976744 0.06976744186046512 0.046511627906976744 0.046511627906976744 0.0 0.023255813953488372 0.09302325581395349 0.6433566433566433 0.1958041958041958 0.07692307692307693 0.04895104895104895 0.03496503496503497 liyajie 7Сʱ_mousemovements
60.3191293 269.27094500000004 206.788223 0 0 0 0 0 0 91.69550883333334 207.79863699999999 72.63254500000001 66.666664 38.46154 328.996185 0 0.0 0.42857142857142855 0.14285714285714285 0.21428571428571427 0.07142857142857142 0.07142857142857142 0.07142857142857142 0.0 36.76800797727273 0 0 1.0 0.0 0.0 0.7142857142857143 0.21428571428571427 0.07142857142857142 0.0 0.0 0.0 0.0 0.0 0.6052631578947368 0.15789473684210525 0.15789473684210525 0.05263157894736842 0.02631578947368421 liyajie 7Сʱ_mousemovements
