414.07880939999995 485.220421 0 505.032318 1135.017802 0 0 1574.7160035000002 1158.4176636666668 799.893494 591.265925 22.447834 1195.5413055 170.547348 1263.381714 203.948853 0.23076923076923078 0.07692307692307693 0.23076923076923078 0.07692307692307693 0.15384615384615385 0.07692307692307693 0.07692307692307693 0.07692307692307693 237.34877312499998 58.69070933333333 776.3732506666666 0.8421052631578947 0.07894736842105263 0.07894736842105263 0.38461538461538464 0.15384615384615385 0.0 0.07692307692307693 0.23076923076923078 0.0 0.0 0.15384615384615385 0.5757575757575758 0.15151515151515152 0.18181818181818182 0.06060606060606061 0.030303030303030304 liyajie 9Сʱ_mousemovements
0 0 0 0 0 0 0 0 0 0 0 0 0 0 0 0 0 0 0 0 0 0 0 0 0 0 0 0 0 0 0 0 0 0 0 0 0 0 0 0 0 0 0 liyajie 9Сʱ_mousemovements
0 0 0 0 0 0 0 0 0 0 0 0 0 0 0 0 0 0 0 0 0 0 0 0 0 0 0 0 0 0 0 0 0 0 0 0 0 0 0 0 0 0 0 liyajie 9Сʱ_mousemovements
0 0 0 0 0 0 0 0 0 0 0 0 0 0 0 0 0 0 0 0 0 0 0 0 0 0 0 0 0 0 0 0 0 0 0 0 0 0 0 0 0 0 0 liyajie 9Сʱ_mousemovements
0 0 0 0 0 0 0 0 0 0 0 0 0 0 0 0 0 0 0 0 0 0 0 0 0 0 0 0 0 0 0 0 0 0 0 0 0 0 0 0 0 0 0 liyajie 9Сʱ_mousemovements
138.14726913461536 471.0092011666666 497.7173345 818.2167460000001 843.1316605 835.41325375 0 1212.424561 362.6448502857143 717.7990967 629.3062493333333 778.824066 224.774529125 312.8988362608696 126.40161609090909 282.5745101875 0.0875 0.125 0.0375 0.025 0.1 0.2875 0.1375 0.2 75.05651425925927 15.583650555555558 454.8338582307693 0.8605577689243028 0.035856573705179286 0.10358565737051793 0.6419753086419753 0.07407407407407407 0.04938271604938271 0.07407407407407407 0.04938271604938271 0.09876543209876543 0.0 0.012345679012345678 0.620253164556962 0.20253164556962025 0.09282700421940929 0.05485232067510549 0.029535864978902954 liyajie 9Сʱ_mousemovements
140.3203969189189 342.6727041111111 445.67976383333325 1490.61515775 856.8503723333333 1208.1947632000001 810.6830445 1877.752686 709.9971367142856 753.0850587777778 199.86212799999998 512.6967046666667 309.9167054 419.9897235 287.3560283999999 363.82829419999996 0.1044776119402985 0.13432835820895522 0.08955223880597014 0.04477611940298507 0.07462686567164178 0.1791044776119403 0.22388059701492538 0.14925373134328357 133.7901632977528 36.496450333333335 366.96042107692307 0.8768472906403941 0.059113300492610835 0.06403940886699508 0.5522388059701493 0.13432835820895522 0.08955223880597014 0.05970149253731343 0.04477611940298507 0.07462686567164178 0.029850746268656716 0.014925373134328358 0.6296296296296297 0.20105820105820105 0.09523809523809523 0.0582010582010582 0.015873015873015872 liyajie 9Сʱ_mousemovements
149.90582057575756 954.348041 453.1539535 888.5461669999999 562.1419348333334 1604.5634155 1073.273773 1249.787313 536.0866559090908 590.1840114545455 1483.097832 422.979187 235.4929692307692 291.27953824 221.17474105555556 160.11698314285712 0.12087912087912088 0.12087912087912088 0.02197802197802198 0.04395604395604396 0.14285714285714285 0.27472527472527475 0.1978021978021978 0.07692307692307693 101.67109289019608 26.1889131 394.02707575 0.9074733096085409 0.03558718861209965 0.05693950177935943 0.7252747252747253 0.054945054945054944 0.02197802197802198 0.054945054945054944 0.06593406593406594 0.02197802197802198 0.02197802197802198 0.03296703296703297 0.6516393442622951 0.20081967213114754 0.0778688524590164 0.040983606557377046 0.028688524590163935 liyajie 9Сʱ_mousemovements
364.5190803488371 391.59568930000006 533.395788 724.9514588 598.45515425 622.487061 1313.275391 797.117981 1401.1505556 376.06232158333336 460.4284537142857 324.948446 165.4351144 328.4555990555555 480.16338062499995 416.2005908888889 0.06578947368421052 0.15789473684210525 0.09210526315789473 0.05263157894736842 0.06578947368421052 0.23684210526315788 0.21052631578947367 0.11842105263157894 145.34554516145832 480.4035048571428 226.14770423076925 0.9056603773584906 0.0330188679245283 0.06132075471698113 0.5657894736842105 0.13157894736842105 0.14473684210526316 0.06578947368421052 0.05263157894736842 0.013157894736842105 0.013157894736842105 0.013157894736842105 0.57 0.195 0.135 0.07 0.03 liyajie 9Сʱ_mousemovements
119.19777556060603 330.40140283333335 628.1850091250001 624.6913145 750.682739 762.2256165000001 0 1061.2754515000001 190.37154523809528 403.84033239999997 685.06557825 301.9868596666667 213.2685554117647 205.99399683333334 186.7816941 94.29212711111111 0.2441860465116279 0.11627906976744186 0.046511627906976744 0.03488372093023256 0.19767441860465115 0.13953488372093023 0.11627906976744186 0.10465116279069768 67.21641991338583 42.67287280000001 269.63951325 0.9372693726937269 0.01845018450184502 0.04428044280442804 0.7586206896551724 0.06896551724137931 0.09195402298850575 0.022988505747126436 0.011494252873563218 0.022988505747126436 0.0 0.022988505747126436 0.6147540983606558 0.1885245901639344 0.10655737704918032 0.06967213114754098 0.020491803278688523 liyajie 9Сʱ_mousemovements
113.6744885 554.9150043636364 464.0762146 1147.255943375 1462.28479 1368.3375243333332 707.62294 1284.3991085 772.8006377272729 573.35805125 1081.8692104285715 543.0314686666666 381.32224206250004 243.39905238888892 163.57692516666665 493.08746118749997 0.12222222222222222 0.044444444444444446 0.07777777777777778 0.06666666666666667 0.17777777777777778 0.2 0.13333333333333333 0.17777777777777778 137.76602799200003 42.818827875000004 276.00446850000003 0.8802816901408451 0.028169014084507043 0.09154929577464789 0.5333333333333333 0.12222222222222222 0.1111111111111111 0.08888888888888889 0.03333333333333333 0.06666666666666667 0.022222222222222223 0.022222222222222223 0.6106870229007634 0.20229007633587787 0.11068702290076336 0.061068702290076333 0.015267175572519083 liyajie 9Сʱ_mousemovements
146.89171403124996 451.68687639130434 561.4091051111111 762.7409896666668 888.4212648 1290.9948933333335 1174.621332833333 883.6253360000001 481.990260090909 387.589220611111 486.82917005263164 515.8720440909091 439.4628952 577.5895613571429 362.16772647826076 332.61476009523807 0.08661417322834646 0.14173228346456693 0.14960629921259844 0.08661417322834646 0.07874015748031496 0.11023622047244094 0.18110236220472442 0.16535433070866143 111.85947776176477 29.0209113125 402.48631731707314 0.8564231738035264 0.04030226700251889 0.10327455919395466 0.5039370078740157 0.18110236220472442 0.07086614173228346 0.09448818897637795 0.03937007874015748 0.047244094488188976 0.047244094488188976 0.015748031496062992 0.5907859078590786 0.22764227642276422 0.0948509485094851 0.05962059620596206 0.02710027100271003 liyajie 9Сʱ_mousemovements
132.34237347222222 373.27460475 640.9961546666667 1402.7602200000003 946.0128073333334 930.1943604 1593.1446126666667 717.63385 529.6093957272726 699.5232054 651.0213450000001 1391.838275 669.54535575 439.12295291666663 183.4775243076923 476.51932753846154 0.14864864864864866 0.06756756756756757 0.0945945945945946 0.06756756756756757 0.10810810810810811 0.16216216216216217 0.17567567567567569 0.17567567567567569 159.74545036781615 49.616077000000004 580.2370080000001 0.8405797101449275 0.06280193236714976 0.0966183574879227 0.4864864864864865 0.10810810810810811 0.08108108108108109 0.12162162162162163 0.08108108108108109 0.06756756756756757 0.04054054054054054 0.013513513513513514 0.6282722513089005 0.18848167539267016 0.09947643979057591 0.06282722513089005 0.020942408376963352 liyajie 9Сʱ_mousemovements
186.82146791379307 459.73503245454555 601.3772736363636 649.0283778461538 1211.1208210666666 1180.168518 1768.6789346666665 0 508.5055689230769 743.2928049999998 460.2055963846154 663.9624742857143 418.4415444 629.5757672631578 444.5014716111111 205.72863023529413 0.11504424778761062 0.1415929203539823 0.11504424778761062 0.061946902654867256 0.08849557522123894 0.168141592920354 0.1592920353982301 0.1504424778761062 157.57594172147645 16.237700454545458 301.318444875 0.873900293255132 0.03225806451612903 0.093841642228739 0.5132743362831859 0.09734513274336283 0.09734513274336283 0.11504424778761062 0.13274336283185842 0.017699115044247787 0.02654867256637168 0.0 0.5460122699386503 0.254601226993865 0.1165644171779141 0.05828220858895705 0.024539877300613498 liyajie 9Сʱ_mousemovements
152.94461465217393 354.341263 517.1998901428572 881.343038 832.5596723333333 0 515.23999 0 378.99536937500005 304.11272685714283 425.996562 470.391261 342.11778275 436.338174 108.8870545 265.151312 0.20512820512820512 0.1794871794871795 0.07692307692307693 0.07692307692307693 0.10256410256410256 0.1794871794871795 0.10256410256410256 0.07692307692307693 67.36876148760331 74.723427 433.5574184166667 0.8962962962962963 0.014814814814814815 0.08888888888888889 0.5897435897435898 0.05128205128205128 0.1794871794871795 0.07692307692307693 0.07692307692307693 0.0 0.02564102564102564 0.0 0.5645161290322581 0.21774193548387097 0.13709677419354838 0.06451612903225806 0.016129032258064516 liyajie 9Сʱ_mousemovements
150.75780063157893 359.196594 950.38517775 572.674581 1097.4686278 0 738.968811 832.576294 688.6767148749999 673.698619 492.713196 0 296.98880375 758.7509736 247.103514375 57.377420666666666 0.23529411764705882 0.14705882352941177 0.029411764705882353 0.0 0.11764705882352941 0.14705882352941177 0.23529411764705882 0.08823529411764706 140.8724938571428 35.7542154 404.0506422222222 0.8666666666666667 0.047619047619047616 0.08571428571428572 0.5428571428571428 0.02857142857142857 0.11428571428571428 0.08571428571428572 0.14285714285714285 0.0 0.02857142857142857 0.05714285714285714 0.6195652173913043 0.16304347826086957 0.08695652173913043 0.09782608695652174 0.03260869565217391 liyajie 9Сʱ_mousemovements
123.21162282539684 247.79895375 460.48040749999996 607.3162638333333 815.243876 1681.3396 906.7738646666667 589.41626 785.208791 471.25532074999995 209.83444319999998 397.2715656666667 246.96107442857144 164.42994091666665 144.3537450625 259.04903864705875 0.03614457831325301 0.0963855421686747 0.060240963855421686 0.03614457831325301 0.08433734939759036 0.2891566265060241 0.1927710843373494 0.20481927710843373 62.58407649411763 131.81490025 220.10216617647058 0.9107142857142857 0.02857142857142857 0.060714285714285714 0.7590361445783133 0.04819277108433735 0.024096385542168676 0.07228915662650602 0.03614457831325301 0.012048192771084338 0.03614457831325301 0.012048192771084338 0.6190476190476191 0.16666666666666666 0.10714285714285714 0.07539682539682539 0.031746031746031744 liyajie 9Сʱ_mousemovements
148.88995081818183 392.433624 855.1949615000001 265.620056 748.755524 300.786591 0 0 905.64502 446.70947249999995 434.9170075 0 185.0296432 1224.279297 106.87519074999999 295.81460066666665 0.05555555555555555 0.1111111111111111 0.1111111111111111 0.0 0.2777777777777778 0.05555555555555555 0.2222222222222222 0.16666666666666666 120.3310905 360.947571 300.786591 0.9583333333333334 0.020833333333333332 0.020833333333333332 0.5789473684210527 0.10526315789473684 0.10526315789473684 0.05263157894736842 0.10526315789473684 0.05263157894736842 0.0 0.0 0.5238095238095238 0.21428571428571427 0.21428571428571427 0.047619047619047616 0.0 liyajie 9Сʱ_mousemovements
