164.98747983333334 722.05542 755.903503 0 0 3468.24585 0 0 0 552.973694 2112.0746765 0 0 160.362396 199.7288418 0 0.0 0.1111111111111111 0.2222222222222222 0.0 0.0 0.1111111111111111 0.5555555555555556 0.0 237.44518607999998 0 0 1.0 0.0 0.0 0.6666666666666666 0.1111111111111111 0.1111111111111111 0.0 0.0 0.1111111111111111 0.0 0.0 0.42857142857142855 0.23809523809523808 0.23809523809523808 0.09523809523809523 0.0 shenyanping 8Сʱ_mousemovements
192.67622262499998 1555.6890947499999 0 0 849.2513119999999 2000.799072 0 0 662.1165259999999 589.678452 286.868469 0 832.0820183333332 478.401398 1572.944005333333 158.706718 0.2 0.13333333333333333 0.06666666666666667 0.0 0.2 0.06666666666666667 0.2 0.13333333333333333 318.4296626666667 0 0 1.0 0.0 0.0 0.5333333333333333 0.26666666666666666 0.0 0.0 0.13333333333333333 0.06666666666666667 0.0 0.0 0.6774193548387096 0.22580645161290322 0.03225806451612903 0.06451612903225806 0.0 shenyanping 8Сʱ_mousemovements
96.26959616666669 404.37393199999997 0 0 740.827209 1847.115356 0 0 519.12648 0 0 1179.2187345 0 314.16568 0 52.690379400000005 0.2 0.0 0.0 0.2 0.0 0.1 0.0 0.5 136.18082425925925 297.425751 0 0.9642857142857143 0.03571428571428571 0.0 0.6 0.2 0.0 0.0 0.1 0.1 0.0 0.0 0.625 0.20833333333333334 0.08333333333333333 0.08333333333333333 0.0 shenyanping 8Сʱ_mousemovements
142.393982 0 0 0 0 0 0 0 0 142.393982 0 0 0 0 0 0 0.0 1.0 0.0 0.0 0.0 0.0 0.0 0.0 71.196991 0 0 1.0 0.0 0.0 1.0 0.0 0.0 0.0 0.0 0.0 0.0 0.0 1.0 0.0 0.0 0.0 0.0 shenyanping 8Сʱ_mousemovements
150.8086973846154 479.4200868 365.3153075 483.292267 0 637.459229 0 994.39502 273.8889465 163.0856406666667 521.0065676 0 681.8059186666668 106.38298 131.74942800000002 197.42694600000002 0.16666666666666666 0.25 0.20833333333333334 0.0 0.125 0.041666666666666664 0.08333333333333333 0.125 86.24375720481926 0 264.225525 0.9764705882352941 0.0 0.023529411764705882 0.5416666666666666 0.20833333333333334 0.08333333333333333 0.08333333333333333 0.0 0.041666666666666664 0.0 0.041666666666666664 0.5588235294117647 0.27941176470588236 0.07352941176470588 0.04411764705882353 0.04411764705882353 shenyanping 8Сʱ_mousemovements
270.74966969999997 610.1338268333333 700.968689 526.1704589999999 1012.226624 0 2085.5301106666666 2349.3103640000004 489.62152100000003 453.62196000000006 1056.841667 398.99522225 498.9372150000001 78.91829100000001 397.5149612500001 690.0120498 0.03773584905660377 0.20754716981132076 0.2641509433962264 0.07547169811320754 0.05660377358490566 0.03773584905660377 0.22641509433962265 0.09433962264150944 197.75564049681532 77.14183799999999 159.44596133333334 0.9457831325301205 0.018072289156626505 0.03614457831325301 0.5660377358490566 0.11320754716981132 0.09433962264150944 0.09433962264150944 0.018867924528301886 0.0 0.05660377358490566 0.05660377358490566 0.5845070422535211 0.2605633802816901 0.07042253521126761 0.056338028169014086 0.028169014084507043 shenyanping 8Сʱ_mousemovements
198.4971248095238 377.1342641818182 237.60975449999998 718.5370993333332 447.628937 1448.829285 2523.739746 0 674.1031334 156.74075100000002 399.33846127272733 491.24933389999995 62.5 223.361585125 196.14568009090908 334.592838 0.078125 0.109375 0.171875 0.15625 0.015625 0.125 0.171875 0.171875 98.66609152261304 144.01994066666668 160.29364333333336 0.943127962085308 0.02843601895734597 0.02843601895734597 0.65625 0.171875 0.0625 0.046875 0.015625 0.03125 0.015625 0.0 0.5489130434782609 0.2391304347826087 0.10326086956521739 0.059782608695652176 0.04891304347826087 shenyanping 8Сʱ_mousemovements
193.349056796875 472.7596124285714 638.7967834615384 812.870044 1609.023987 0 1192.250763 423.059662 596.1832836666667 495.1308800999999 594.2962044374999 322.83637638461545 198.37443886666668 283.2600315 292.7380077000001 334.07076620000004 0.08333333333333333 0.09259259259259259 0.14814814814814814 0.12037037037037036 0.1388888888888889 0.09259259259259259 0.18518518518518517 0.1388888888888889 112.47108172755416 97.14769420000002 133.88659289655172 0.9047619047619048 0.014005602240896359 0.08123249299719888 0.5925925925925926 0.19444444444444445 0.12037037037037036 0.046296296296296294 0.018518518518518517 0.0 0.018518518518518517 0.009259259259259259 0.6170212765957447 0.23708206686930092 0.0668693009118541 0.04559270516717325 0.03343465045592705 shenyanping 8Сʱ_mousemovements
192.72208955932206 499.3043859090909 1012.0392692222225 1066.3374123333333 282.210541 594.901367 538.028748 0 416.1985725555556 273.7507411428572 180.75329778571435 434.4605091428572 793.3887231428571 571.5358405454546 205.1340448 186.03588084615387 0.10588235294117647 0.08235294117647059 0.16470588235294117 0.16470588235294117 0.08235294117647059 0.12941176470588237 0.11764705882352941 0.15294117647058825 101.29553876277373 54.910542666666665 148.09714422222223 0.9288135593220339 0.010169491525423728 0.061016949152542375 0.6941176470588235 0.12941176470588237 0.10588235294117647 0.03529411764705882 0.011764705882352941 0.011764705882352941 0.011764705882352941 0.0 0.5737051792828686 0.23904382470119523 0.09561752988047809 0.05976095617529881 0.03187250996015936 shenyanping 8Сʱ_mousemovements
182.5171598837209 586.409761 270.14331039999996 521.022484 1296.5683693333333 752.53598 0 560.049622 250.6512526 281.4896625999999 462.7464793333333 263.9270394285714 90.77333671428572 592.6431748 737.4833351818182 73.31853616666666 0.06944444444444445 0.1388888888888889 0.20833333333333334 0.09722222222222222 0.09722222222222222 0.06944444444444445 0.1527777777777778 0.16666666666666666 104.08764006306309 38.73197566666666 148.26371239999997 0.925 0.0125 0.0625 0.5972222222222222 0.19444444444444445 0.06944444444444445 0.05555555555555555 0.041666666666666664 0.027777777777777776 0.0 0.013888888888888888 0.660377358490566 0.20754716981132076 0.08018867924528301 0.0330188679245283 0.018867924528301886 shenyanping 8Сʱ_mousemovements
133.30470344117646 611.77100375 839.435196 0 473.738708 0 0 811.438416 116.294461 228.36873533333332 820.286438 114.5509006 359.14439500000003 297.647873 186.62192145454546 115.58924525 0.047619047619047616 0.14285714285714285 0.07142857142857142 0.11904761904761904 0.09523809523809523 0.07142857142857142 0.2619047619047619 0.19047619047619047 63.102769434108524 18.79655425 172.80479739999998 0.9020979020979021 0.027972027972027972 0.06993006993006994 0.8095238095238095 0.09523809523809523 0.047619047619047616 0.0 0.023809523809523808 0.0 0.0 0.023809523809523808 0.648854961832061 0.21374045801526717 0.06870229007633588 0.03816793893129771 0.030534351145038167 shenyanping 8Сʱ_mousemovements
208.22030535294115 495.906888090909 553.7763758571429 897.2593103333334 1873.6414184999999 1066.0595296666668 1042.8106893333334 1003.729431 318.2448522222223 183.24671487499998 562.7879730000001 574.3017615 304.27200042857146 958.2895512222224 459.87370323076925 271.83580249999994 0.1111111111111111 0.19753086419753085 0.08641975308641975 0.07407407407407407 0.08641975308641975 0.1111111111111111 0.16049382716049382 0.1728395061728395 135.3596048516949 66.61328014285714 100.68362484615385 0.921875 0.02734375 0.05078125 0.6296296296296297 0.13580246913580246 0.08641975308641975 0.037037037037037035 0.024691358024691357 0.037037037037037035 0.037037037037037035 0.012345679012345678 0.5818965517241379 0.2413793103448276 0.10344827586206896 0.05603448275862069 0.017241379310344827 shenyanping 8Сʱ_mousemovements
