51.439188 359.07403242857146 160.43888850000002 0 1715.91687 937.8359375 0 0 131.002207 298.922475 550.8920135 0 1269.532776 505.6367495 1715.91687 169.343983 0.3157894736842105 0.15789473684210525 0.10526315789473684 0.0 0.10526315789473684 0.10526315789473684 0.05263157894736842 0.15789473684210525 81.71873610447761 0 280.33611318181823 0.8589743589743589 0.0 0.14102564102564102 0.2631578947368421 0.3684210526315789 0.10526315789473684 0.0 0.05263157894736842 0.21052631578947367 0.0 0.0 0.6111111111111112 0.20833333333333334 0.05555555555555555 0.09722222222222222 0.027777777777777776 maoyu 6Сʱ_mousemovements
99.6886498 332.9676935 444.555725 0 0 772.646637 881.136353 835.42865 54.0183165 162.098801 676.9680785 515.370789 480.2483675 155.52311699999998 1026.785767 366.31896966666665 0.14285714285714285 0.07142857142857142 0.14285714285714285 0.07142857142857142 0.14285714285714285 0.14285714285714285 0.07142857142857142 0.21428571428571427 88.8933416 0 384.13191325 0.9183673469387755 0.0 0.08163265306122448 0.35714285714285715 0.2857142857142857 0.07142857142857142 0.0 0.0 0.14285714285714285 0.07142857142857142 0.07142857142857142 0.6046511627906976 0.18604651162790697 0.11627906976744186 0.046511627906976744 0.046511627906976744 maoyu 6Сʱ_mousemovements
114.04655747058825 415.81595975000005 246.94606025 286.225403 0 628.235657 652.486023 0 122.20910633333334 363.67459875000003 389.0639596666667 96.642982 208.62287666666666 124.17744828571429 267.52406125 168.80635066666665 0.10714285714285714 0.14285714285714285 0.10714285714285714 0.03571428571428571 0.10714285714285714 0.25 0.14285714285714285 0.10714285714285714 54.60714304705883 0 216.4542115714286 0.9239130434782609 0.0 0.07608695652173914 0.6071428571428571 0.14285714285714285 0.14285714285714285 0.03571428571428571 0.0 0.03571428571428571 0.03571428571428571 0.0 0.5517241379310345 0.19540229885057472 0.10344827586206896 0.06896551724137931 0.08045977011494253 maoyu 6Сʱ_mousemovements
374.10575466666666 189.407608 1249.866577 0 0 595.146973 765.276306 0 0 1249.866577 595.146973 356.542175 709.691406 189.407608 410.67999449999996 0 0.0 0.14285714285714285 0.14285714285714285 0.14285714285714285 0.14285714285714285 0.14285714285714285 0.2857142857142857 0.0 106.25436082758621 0 210.15956599999998 0.8787878787878788 0.0 0.12121212121212122 0.42857142857142855 0.14285714285714285 0.14285714285714285 0.0 0.0 0.14285714285714285 0.14285714285714285 0.0 0.75 0.14285714285714285 0.0 0.03571428571428571 0.07142857142857142 maoyu 6Сʱ_mousemovements
115.4801050714286 350.59433 420.05799880000006 1136.1457520000001 1425.451294 946.8435059999999 1158.851563 940.675476 341.81052666666665 721.29654125 701.0779 599.050869 300.905775 402.62377375 360.1186524 180.08021674999998 0.10344827586206896 0.13793103448275862 0.13793103448275862 0.10344827586206896 0.06896551724137931 0.13793103448275862 0.1724137931034483 0.13793103448275862 119.89078208791207 8.0 211.56741418181818 0.883495145631068 0.009708737864077669 0.10679611650485436 0.4827586206896552 0.06896551724137931 0.1724137931034483 0.10344827586206896 0.034482758620689655 0.06896551724137931 0.034482758620689655 0.034482758620689655 0.5959595959595959 0.18181818181818182 0.1414141414141414 0.030303030303030304 0.050505050505050504 maoyu 6Сʱ_mousemovements
168.4070439090909 0 280.684631 677.5548705 0 1848.0950165 2092.585449 479.525116 155.767258 983.11337275 2092.585449 204.835831 336.35199 219.00484160000002 476.5177135 33.483372 0.05555555555555555 0.2222222222222222 0.05555555555555555 0.05555555555555555 0.05555555555555555 0.2777777777777778 0.2222222222222222 0.05555555555555555 148.85211690000003 479.525116 86.48008075000001 0.9230769230769231 0.015384615384615385 0.06153846153846154 0.6111111111111112 0.0 0.05555555555555555 0.1111111111111111 0.0 0.1111111111111111 0.05555555555555555 0.05555555555555555 0.6271186440677966 0.22033898305084745 0.11864406779661017 0.01694915254237288 0.01694915254237288 maoyu 6Сʱ_mousemovements
0 517.206665 405.574738 694.3355105 0 762.221436 1317.197021 0 0 639.7140505 405.574738 717.286377 0 0 994.2908325 0 0.0 0.3333333333333333 0.16666666666666666 0.16666666666666666 0.0 0.0 0.3333333333333333 0.0 337.7592985384615 0 0 1.0 0.0 0.0 0.0 0.16666666666666666 0.16666666666666666 0.3333333333333333 0.0 0.16666666666666666 0.16666666666666666 0.0 0.3333333333333333 0.25 0.3333333333333333 0.08333333333333333 0.0 maoyu 6Сʱ_mousemovements
249.4294153333333 429.0600383333333 0 0 0 900.5932925 0 0 619.742126 239.373566 556.7120056666666 0 428.064423 0 439.669407 0 0.125 0.125 0.375 0.0 0.125 0.0 0.25 0.0 163.51279 0 119.686783 0.9166666666666666 0.0 0.08333333333333333 0.375 0.375 0.0 0.0 0.0 0.25 0.0 0.0 0.5909090909090909 0.22727272727272727 0.045454545454545456 0.13636363636363635 0.0 maoyu 6Сʱ_mousemovements
112.78956333333333 224.59199266666667 710.801941 532.0374145 0 0 0 746.783264 0 427.1103006666667 0 161.184345 746.783264 752.921265 143.46686033333333 0 0.0 0.3 0.0 0.2 0.1 0.1 0.3 0.0 129.97517170833333 103.247017 311.153564 0.9230769230769231 0.038461538461538464 0.038461538461538464 0.3 0.3 0.1 0.2 0.0 0.0 0.0 0.1 0.35 0.4 0.15 0.0 0.1 maoyu 6Сʱ_mousemovements
129.32249958333333 283.74503749999997 289.488953 650.0039979999999 408.928406 0 570.527466 0 125.651482 430.0082095 389.88489100000004 215.55946833333334 19.637894 77.877853 232.81917519999996 126.9294565 0.05 0.1 0.25 0.15 0.05 0.05 0.25 0.1 48.65811522388059 0.0 183.7147577 0.8589743589743589 0.01282051282051282 0.1282051282051282 0.6 0.1 0.05 0.1 0.1 0.0 0.05 0.0 0.6901408450704225 0.15492957746478872 0.04225352112676056 0.08450704225352113 0.028169014084507043 maoyu 6Сʱ_mousemovements
187.36795800000002 453.152397 0 455.132813 0 0 0 0 187.36795800000002 0 0 776.674316 0 455.132813 0 129.630478 0.4 0.0 0.0 0.2 0.0 0.2 0.0 0.2 123.58023423076922 0 129.630478 0.9285714285714286 0.0 0.07142857142857142 0.4 0.4 0.0 0.2 0.0 0.0 0.0 0.0 0.8 0.1 0.0 0.0 0.1 maoyu 6Сʱ_mousemovements
0 0 0 0 0 0 0 0 0 0 0 0 0 0 0 0 0 0 0 0 0 0 0 0 0 0 0 0 0 0 0 0 0 0 0 0 0 0 0 0 0 0 0 maoyu 6Сʱ_mousemovements
95.2665117 220.168182 331.195862 1083.309937 886.917847 0 0 767.009155 0 584.6249165 124.7646245 140.71553 0 281.8662826 464.91848400000003 114.20103566666667 0.0 0.13333333333333333 0.13333333333333333 0.06666666666666667 0.0 0.3333333333333333 0.13333333333333333 0.2 68.85561142222222 0 228.55271720000002 0.9 0.0 0.1 0.6666666666666666 0.06666666666666667 0.06666666666666667 0.06666666666666667 0.06666666666666667 0.0 0.0 0.06666666666666667 0.6666666666666666 0.1875 0.08333333333333333 0.020833333333333332 0.041666666666666664 maoyu 6Сʱ_mousemovements
86.04983577777779 0 0 0 502.828827 0 0 997.392822 53.500759 290.247196 28.392019 0 199.65709700000002 57.016396 49.5222395 528.453966 0.09090909090909091 0.18181818181818182 0.09090909090909091 0.0 0.18181818181818182 0.09090909090909091 0.18181818181818182 0.18181818181818182 75.82233903333332 0 0.0 0.967741935483871 0.0 0.03225806451612903 0.8181818181818182 0.0 0.0 0.0 0.09090909090909091 0.0 0.0 0.09090909090909091 0.48148148148148145 0.2222222222222222 0.14814814814814814 0.1111111111111111 0.037037037037037035 maoyu 6Сʱ_mousemovements
52.2583085 662.702637 756.4617005 424.681824 368.6469115 0 0 0 549.328564 258.32055933333334 1815.940186 0 472.535034 229.72699 0 254.35186766666666 0.14285714285714285 0.21428571428571427 0.07142857142857142 0.0 0.2857142857142857 0.07142857142857142 0.0 0.21428571428571427 96.00614526530613 243.164703 270.83598333333333 0.875 0.017857142857142856 0.10714285714285714 0.2857142857142857 0.07142857142857142 0.42857142857142855 0.07142857142857142 0.14285714285714285 0.0 0.0 0.0 0.76 0.12 0.08 0.02 0.02 maoyu 6Сʱ_mousemovements
0 0 0 0 0 0 0 0 0 0 0 0 0 0 0 0 0 0 0 0 0 0 0 0 0 0 0 0 0 0 0 0 0 0 0 0 0 0 0 0 0 0 0 maoyu 6Сʱ_mousemovements
123.621015 0 356.783605 340.008575 1129.959259 0 494.407181 0 0 818.165222 201.44824466666668 175.305405 698.542664 795.161148 162.554886 0 0.0 0.18181818181818182 0.2727272727272727 0.09090909090909091 0.09090909090909091 0.18181818181818182 0.18181818181818182 0.0 71.97556995 290.271698 372.13216379999994 0.8695652173913043 0.021739130434782608 0.10869565217391304 0.2727272727272727 0.0 0.2727272727272727 0.09090909090909091 0.18181818181818182 0.0 0.18181818181818182 0.0 0.4634146341463415 0.4146341463414634 0.04878048780487805 0.04878048780487805 0.024390243902439025 maoyu 6Сʱ_mousemovements
226.51342172222223 301.4343235555555 242.727432 0 1099.687744 0 167.441727 0 371.499878 180.60158985714287 408.11101149999996 287.12559533333337 800.840271 182.743937 303.30535225 131.65355566666665 0.03333333333333333 0.23333333333333334 0.13333333333333333 0.1 0.03333333333333333 0.1 0.26666666666666666 0.1 91.87291935064934 87.7208635 131.293861125 0.8850574712643678 0.022988505747126436 0.09195402298850575 0.6 0.3 0.03333333333333333 0.0 0.03333333333333333 0.0 0.03333333333333333 0.0 0.6710526315789473 0.15789473684210525 0.13157894736842105 0.039473684210526314 0.0 maoyu 6Сʱ_mousemovements
162.06670588888886 423.56426999999996 0 0 615.787613 0 715.0934755000001 0 657.71991 293.8131774 142.768776 377.554886 904.802063 428.3218385 70.20430366666666 549.346054 0.05555555555555555 0.2777777777777778 0.1111111111111111 0.1111111111111111 0.05555555555555555 0.1111111111111111 0.16666666666666666 0.1111111111111111 117.80896176470587 9.174312 73.58417266666667 0.9272727272727272 0.01818181818181818 0.05454545454545454 0.5 0.2777777777777778 0.0 0.0 0.1111111111111111 0.0 0.1111111111111111 0.0 0.5192307692307693 0.23076923076923078 0.07692307692307693 0.11538461538461539 0.057692307692307696 maoyu 6Сʱ_mousemovements
67.603459 224.250542 158.3842925 0 0 316.384583 0 0 0 0 43.439667 0 0 239.93089533333332 68.622117 316.384583 0.0 0.0 0.14285714285714285 0.0 0.0 0.42857142857142855 0.2857142857142857 0.14285714285714285 38.95622363636364 43.439667 316.384583 0.9166666666666666 0.041666666666666664 0.041666666666666664 0.2857142857142857 0.2857142857142857 0.2857142857142857 0.0 0.0 0.14285714285714285 0.0 0.0 0.38095238095238093 0.19047619047619047 0.14285714285714285 0.14285714285714285 0.14285714285714285 maoyu 6Сʱ_mousemovements
105.39138830434784 144.94715866666664 372.579834 1779.014282 269.648041 487.944763 0 0 0 309.2762445 88.4374165 372.181488 149.4796905 207.2421274 54.120347875 9.174312 0.0 0.3870967741935484 0.06451612903225806 0.03225806451612903 0.06451612903225806 0.16129032258064516 0.25806451612903225 0.03225806451612903 85.68184834782608 2.4590165 40.23759966666666 0.9324324324324325 0.02702702702702703 0.04054054054054054 0.7419354838709677 0.0967741935483871 0.03225806451612903 0.03225806451612903 0.06451612903225806 0.03225806451612903 0.0 0.0 0.6153846153846154 0.16923076923076924 0.1076923076923077 0.07692307692307693 0.03076923076923077 maoyu 6Сʱ_mousemovements
200.14727266666668 173.8724135 775.173828 0 0 493.744049 0 0 0 500.9634475 0 0 237.720909 307.3679045 125.0 0 0.0 0.2857142857142857 0.0 0.0 0.2857142857142857 0.2857142857142857 0.14285714285714285 0.0 66.29267183333333 0 313.04019900000003 0.9230769230769231 0.0 0.07692307692307693 0.42857142857142855 0.2857142857142857 0.14285714285714285 0.0 0.0 0.14285714285714285 0.0 0.0 0.6 0.25 0.1 0.05 0.0 maoyu 6Сʱ_mousemovements
115.15036766666665 355.31438449999996 789.0888263333333 402.97290050000004 476.331177 0 0 0 126.264954 389.9527215 684.348572 72.9933415 203.50719725000002 318.62134625 373.752655 82.2110935 0.043478260869565216 0.2608695652173913 0.043478260869565216 0.08695652173913043 0.17391304347826086 0.17391304347826086 0.043478260869565216 0.17391304347826086 90.069673828125 0 53.828102666666666 0.9142857142857143 0.0 0.08571428571428572 0.6521739130434783 0.08695652173913043 0.13043478260869565 0.08695652173913043 0.043478260869565216 0.0 0.0 0.0 0.5671641791044776 0.23880597014925373 0.1044776119402985 0.029850746268656716 0.05970149253731343 maoyu 6Сʱ_mousemovements
118.94292530769229 675.358398 1032.5456178 439.446045 3486.325684 666.6092225 1442.865082 2934.748535 758.7664932 664.550383 1018.37558 476.328186 949.4293519999999 382.526756 559.8807995 1055.2202453333332 0.19230769230769232 0.19230769230769232 0.07692307692307693 0.038461538461538464 0.07692307692307693 0.15384615384615385 0.15384615384615385 0.11538461538461539 267.9783097 92.6505395 439.9627456 0.8955223880597015 0.029850746268656716 0.07462686567164178 0.5 0.038461538461538464 0.19230769230769232 0.038461538461538464 0.038461538461538464 0.07692307692307693 0.07692307692307693 0.038461538461538464 0.5555555555555556 0.2222222222222222 0.07936507936507936 0.09523809523809523 0.047619047619047616 maoyu 6Сʱ_mousemovements
331.87250425 292.675232 0 657.612244 0 1032.6385498 1078.359375 0 909.8851523333333 492.1402435 876.242371 0 693.463501 1223.7265015 0 466.64854325 0.23076923076923078 0.15384615384615385 0.07692307692307693 0.0 0.07692307692307693 0.15384615384615385 0.0 0.3076923076923077 145.88929549999997 0.0 648.750702 0.9056603773584906 0.018867924528301886 0.07547169811320754 0.3076923076923077 0.07692307692307693 0.0 0.07692307692307693 0.0 0.38461538461538464 0.15384615384615385 0.0 0.5217391304347826 0.17391304347826086 0.1956521739130435 0.06521739130434782 0.043478260869565216 maoyu 6Сʱ_mousemovements
89.9867048888889 338.789975 510.75688666666673 0 618.298096 2690.824951 0 505.338928 68.043739 972.9071747500001 226.63499433333334 392.1722085 525.823242 264.990039 223.63812416666667 29.008951 0.05 0.2 0.15 0.1 0.05 0.1 0.3 0.05 114.28219845 50.807093333333334 168.24193340000002 0.8823529411764706 0.04411764705882353 0.07352941176470588 0.45 0.25 0.15 0.0 0.05 0.05 0.0 0.05 0.5081967213114754 0.3114754098360656 0.09836065573770492 0.06557377049180328 0.01639344262295082 maoyu 6Сʱ_mousemovements
153.50877459999998 519.5472106666666 235.421066 0 0 5701.479004 0 0 527.437012 2090.8955673333335 667.264587 65.44539166666667 0 235.421066 0 363.940033 0.1 0.3 0.1 0.3 0.0 0.1 0.0 0.1 328.74880125 9.174312 363.940033 0.9230769230769231 0.038461538461538464 0.038461538461538464 0.5 0.3 0.1 0.0 0.0 0.1 0.0 0.0 0.7142857142857143 0.14285714285714285 0.09523809523809523 0.0 0.047619047619047616 maoyu 6Сʱ_mousemovements
248.1710402 677.916102 415.737358 1118.0936076666667 1573.742706 1415.453491 1258.714457 2486.447266 1031.616232857143 297.066680875 0 66.4245375 1332.003357 913.1158995999998 529.7063304999999 844.245651 0.23333333333333334 0.26666666666666666 0.0 0.06666666666666667 0.06666666666666667 0.16666666666666666 0.13333333333333333 0.06666666666666667 302.51400458461535 49.8923185 334.801351 0.9285714285714286 0.02857142857142857 0.04285714285714286 0.5 0.1 0.06666666666666667 0.1 0.06666666666666667 0.03333333333333333 0.1 0.03333333333333333 0.46875 0.296875 0.1875 0.046875 0.0 maoyu 6Сʱ_mousemovements
117.81962599999999 329.73735566666664 0 731.8922115 573.991882 0 925.596039 0 37.096687 309.6302538 1001.509277 198.848221 388.1075745 631.286133 462.275146 730.868103 0.07142857142857142 0.35714285714285715 0.07142857142857142 0.14285714285714285 0.14285714285714285 0.07142857142857142 0.07142857142857142 0.07142857142857142 117.49105892682928 0 383.982395 0.9534883720930233 0.0 0.046511627906976744 0.42857142857142855 0.21428571428571427 0.0 0.14285714285714285 0.07142857142857142 0.0 0.14285714285714285 0.0 0.4444444444444444 0.2222222222222222 0.1111111111111111 0.1111111111111111 0.1111111111111111 maoyu 6Сʱ_mousemovements
402.603241 461.9961446666666 0 0 0 485.747284 0 0 166.90863 644.3804475 0 211.819 0 371.155823 638.297852 0 0.16666666666666666 0.3333333333333333 0.0 0.16666666666666666 0.0 0.16666666666666666 0.16666666666666666 0.0 178.46281333333334 0 0 1.0 0.0 0.0 0.3333333333333333 0.5 0.0 0.0 0.0 0.16666666666666666 0.0 0.0 0.2727272727272727 0.45454545454545453 0.0 0.2727272727272727 0.0 maoyu 6Сʱ_mousemovements
449.112396 0 0 0 0 0 0 0 0 449.112396 0 0 0 0 0 0 0.0 1.0 0.0 0.0 0.0 0.0 0.0 0.0 224.556198 0 0 1.0 0.0 0.0 1.0 0.0 0.0 0.0 0.0 0.0 0.0 0.0 1.0 0.0 0.0 0.0 0.0 maoyu 6Сʱ_mousemovements
132.6368950909091 0 0 0 0 676.452484 1331.040039 1008.878052 28.392976 388.64311100000003 425.099016 0 41.863247 614.7966072857143 64.516129 0 0.125 0.1875 0.125 0.0 0.0625 0.4375 0.0625 0.0 119.7354116585366 0 524.5723553333333 0.9318181818181818 0.0 0.06818181818181818 0.6875 0.0 0.0 0.0 0.0 0.125 0.125 0.0625 0.5675675675675675 0.16216216216216217 0.13513513513513514 0.08108108108108109 0.05405405405405406 maoyu 6Сʱ_mousemovements
96.21201260000001 233.200668 0 0 777.115112 1181.371277 659.902405 0 0 509.436035 0 777.115112 0 204.33628750000003 602.53112625 0 0.0 0.1 0.0 0.1 0.0 0.4 0.4 0.0 91.0939994117647 14.285714 467.513036 0.8947368421052632 0.02631578947368421 0.07894736842105263 0.5 0.1 0.0 0.0 0.1 0.2 0.1 0.0 0.5714285714285714 0.2571428571428571 0.11428571428571428 0.02857142857142857 0.02857142857142857 maoyu 6Сʱ_mousemovements
213.04679227272726 442.15393475 337.7724915 0 0 0 0 0 0 360.19292475 242.04017650000003 154.341286 0 279.16579920000004 377.67223600000005 25.295109 0.0 0.23529411764705882 0.11764705882352941 0.11764705882352941 0.0 0.29411764705882354 0.17647058823529413 0.058823529411764705 90.33349881132075 0 0 1.0 0.0 0.0 0.6470588235294118 0.23529411764705882 0.11764705882352941 0.0 0.0 0.0 0.0 0.0 0.5 0.30434782608695654 0.15217391304347827 0.0 0.043478260869565216 maoyu 6Сʱ_mousemovements
173.51352799999998 0 0 0 0 0 0 0 55.914919000000005 399.699646 182.524628 0 0 0 0 0 0.5 0.25 0.25 0.0 0.0 0.0 0.0 0.0 77.11712355555555 0 0 1.0 0.0 0.0 1.0 0.0 0.0 0.0 0.0 0.0 0.0 0.0 0.2857142857142857 0.5714285714285714 0.14285714285714285 0.0 0.0 maoyu 6Сʱ_mousemovements
145.62407368750002 188.366013 423.866241 418.543884 0 0 0 0 230.548538 103.285774 224.828598 239.030054 90.67998425 227.7188875 298.9501226666667 85.9550665 0.10526315789473684 0.15789473684210525 0.05263157894736842 0.10526315789473684 0.21052631578947367 0.10526315789473684 0.15789473684210525 0.10526315789473684 81.43162980487804 22.064495 0 0.9761904761904762 0.023809523809523808 0.0 0.8421052631578947 0.05263157894736842 0.05263157894736842 0.05263157894736842 0.0 0.0 0.0 0.0 0.5853658536585366 0.24390243902439024 0.0975609756097561 0.07317073170731707 0.0 maoyu 6Сʱ_mousemovements
91.28872359999998 790.226227 0 335.49353 0 39.045296 0 0 32.258064 150.78055074999997 281.23089625 116.6261215 0 76.3648785 56.50947225 251.1424508 0.041666666666666664 0.16666666666666666 0.16666666666666666 0.08333333333333333 0.0 0.16666666666666666 0.16666666666666666 0.20833333333333334 43.605547701298704 59.16822166666666 61.4084785 0.9166666666666666 0.03571428571428571 0.047619047619047616 0.8333333333333334 0.08333333333333333 0.0 0.041666666666666664 0.0 0.041666666666666664 0.0 0.0 0.5256410256410257 0.32051282051282054 0.08974358974358974 0.05128205128205128 0.01282051282051282 maoyu 6Сʱ_mousemovements
159.50501063636364 238.2434693333333 128.346603 796.5886535 443.63237749999996 795.7068073333334 0 396.5469815 810.4439355 165.83371549999998 418.49103349999996 0 430.442764 885.4002989999999 156.760221 175.035923 0.15384615384615385 0.15384615384615385 0.15384615384615385 0.0 0.07692307692307693 0.07692307692307693 0.23076923076923078 0.15384615384615385 94.6287690263158 210.00869200000002 289.95047999999997 0.8837209302325582 0.03488372093023256 0.08139534883720931 0.4230769230769231 0.11538461538461539 0.038461538461538464 0.15384615384615385 0.07692307692307693 0.11538461538461539 0.0 0.07692307692307693 0.6363636363636364 0.14285714285714285 0.1038961038961039 0.05194805194805195 0.06493506493506493 maoyu 6Сʱ_mousemovements
77.84363778947368 312.354664 738.6882325 987.5170595000001 0 1151.748291 704.861023 0 180.23961925 542.7260324000001 191.0257685 307.1954184 69.373268 337.9592793333333 134.45163524999998 24.9574595 0.13793103448275862 0.1724137931034483 0.06896551724137931 0.1724137931034483 0.034482758620689655 0.20689655172413793 0.13793103448275862 0.06896551724137931 75.89135582954546 196.869478 109.774275 0.8979591836734694 0.030612244897959183 0.07142857142857142 0.6551724137931034 0.13793103448275862 0.06896551724137931 0.06896551724137931 0.0 0.034482758620689655 0.034482758620689655 0.0 0.5681818181818182 0.23863636363636365 0.125 0.03409090909090909 0.03409090909090909 maoyu 6Сʱ_mousemovements
75.783045 280.3869858333333 477.07572339999996 977.2836305000001 376.76999700000005 0 0 1046.0284426666667 499.552521 278.7635774 560.672913 299.267426 649.932007 215.0277405 634.1479213333333 247.7615596666667 0.11538461538461539 0.19230769230769232 0.038461538461538464 0.038461538461538464 0.19230769230769232 0.07692307692307693 0.11538461538461539 0.23076923076923078 176.7009671454545 220.092131 111.111355 0.9016393442622951 0.06557377049180328 0.03278688524590164 0.2692307692307692 0.23076923076923078 0.19230769230769232 0.07692307692307693 0.11538461538461539 0.0 0.0 0.11538461538461539 0.4727272727272727 0.18181818181818182 0.12727272727272726 0.12727272727272726 0.09090909090909091 maoyu 6Сʱ_mousemovements
83.02661700000002 371.92087014285715 263.5842115 826.6388855 1194.852173 0 451.546844 0 213.98900100000003 241.33297424999995 273.91628475 859.747498 472.411438 176.1036542857143 420.80359799999997 300.4514545 0.10714285714285714 0.2857142857142857 0.14285714285714285 0.03571428571428571 0.03571428571428571 0.25 0.07142857142857142 0.07142857142857142 106.10746808450706 23.956478 39.36794833333333 0.9466666666666667 0.013333333333333334 0.04 0.5357142857142857 0.25 0.07142857142857142 0.07142857142857142 0.03571428571428571 0.0 0.03571428571428571 0.0 0.4264705882352941 0.39705882352941174 0.08823529411764706 0.058823529411764705 0.029411764705882353 maoyu 6Сʱ_mousemovements
256.2633915 0 217.4977485 0 637.527405 755.847961 0 817.489319 424.492942 403.498932 0 0 675.2793885000001 12.896719 391.6854485 271.602539 0.2222222222222222 0.1111111111111111 0.0 0.0 0.2222222222222222 0.1111111111111111 0.2222222222222222 0.1111111111111111 114.96127150000001 31.496565 325.212062 0.896551724137931 0.034482758620689655 0.06896551724137931 0.4444444444444444 0.0 0.2222222222222222 0.0 0.1111111111111111 0.1111111111111111 0.0 0.1111111111111111 0.5769230769230769 0.19230769230769232 0.07692307692307693 0.11538461538461539 0.038461538461538464 maoyu 6Сʱ_mousemovements
192.84131425 1042.974731 0 558.401657 478.202454 0 891.3157955 0 80.497726 331.31385425 393.4827686666667 478.202454 811.9598384999999 462.230358 179.6547476666667 367.431305 0.09090909090909091 0.18181818181818182 0.13636363636363635 0.045454545454545456 0.09090909090909091 0.09090909090909091 0.2727272727272727 0.09090909090909091 104.848261 47.201206 265.78199775 0.9242424242424242 0.015151515151515152 0.06060606060606061 0.7272727272727273 0.045454545454545456 0.0 0.09090909090909091 0.045454545454545456 0.0 0.09090909090909091 0.0 0.5666666666666667 0.2 0.1 0.06666666666666667 0.06666666666666667 maoyu 6Сʱ_mousemovements
134.85312265 634.3624570000001 614.789612 601.861023 118.084534 697.145752 0 0 105.39387133333334 159.26382433333333 397.9422685 95.45117719999999 1093.422241 67.61329066666667 199.6106722 294.29488000000003 0.1111111111111111 0.1111111111111111 0.07407407407407407 0.18518518518518517 0.07407407407407407 0.1111111111111111 0.18518518518518517 0.14814814814814814 72.13859697333334 118.084534 183.92523966666667 0.9146341463414634 0.012195121951219513 0.07317073170731707 0.7407407407407407 0.1111111111111111 0.037037037037037035 0.037037037037037035 0.037037037037037035 0.037037037037037035 0.0 0.0 0.5866666666666667 0.24 0.12 0.05333333333333334 0.0 maoyu 6Сʱ_mousemovements
265.1422912 503.421503125 741.649994 0 0 1188.587769 863.346069 649.5212405 203.49418633333335 433.74574916666666 578.8651735 513.565338 742.834351 726.602938 328.93374722222217 134.805969 0.0967741935483871 0.1935483870967742 0.06451612903225806 0.06451612903225806 0.03225806451612903 0.22580645161290322 0.2903225806451613 0.03225806451612903 125.82840422666665 346.6433501666666 400.72746714285717 0.8522727272727273 0.06818181818181818 0.07954545454545454 0.4838709677419355 0.25806451612903225 0.12903225806451613 0.0 0.0 0.03225806451612903 0.03225806451612903 0.06451612903225806 0.6588235294117647 0.25882352941176473 0.023529411764705882 0.047058823529411764 0.011764705882352941 maoyu 6Сʱ_mousemovements
90.853033125 310.4716645 910.443512 758.915507 520.425232 0 1652.8580929999998 882.528442 614.3073133999999 169.052094 2105.078857 824.691589 544.9010566666667 212.30113366666663 368.8241083333333 302.816498 0.2631578947368421 0.05263157894736842 0.05263157894736842 0.05263157894736842 0.15789473684210525 0.15789473684210525 0.15789473684210525 0.10526315789473684 140.4393849827586 0 669.52889 0.9508196721311475 0.0 0.04918032786885246 0.42105263157894735 0.10526315789473684 0.10526315789473684 0.15789473684210525 0.05263157894736842 0.0 0.10526315789473684 0.05263157894736842 0.5535714285714286 0.19642857142857142 0.10714285714285714 0.10714285714285714 0.03571428571428571 maoyu 6Сʱ_mousemovements
74.25099999999999 938.0250705000001 0 0 675.808594 608.287079 0 673.879211 46.893246 162.85204033333335 0 0 281.531834 1022.7465515000001 301.0333913333333 840.711792 0.08333333333333333 0.25 0.0 0.0 0.16666666666666666 0.16666666666666666 0.25 0.08333333333333333 71.96193938461539 0 416.26049359999996 0.8863636363636364 0.0 0.11363636363636363 0.5 0.16666666666666666 0.0 0.0 0.08333333333333333 0.16666666666666666 0.0 0.08333333333333333 0.7631578947368421 0.07894736842105263 0.10526315789473684 0.05263157894736842 0.0 maoyu 6Сʱ_mousemovements
124.530576 0 273.26955399999997 638.124939 834.277222 0 0 1119.960938 41.869821 122.898773 392.014465 0 638.124939 349.790863 543.7466012499999 0 0.2 0.1 0.1 0.0 0.1 0.1 0.4 0.0 101.02679850000001 0 108.88131266666666 0.918918918918919 0.0 0.08108108108108109 0.5 0.0 0.2 0.1 0.1 0.0 0.0 0.1 0.6206896551724138 0.1724137931034483 0.10344827586206896 0.06896551724137931 0.034482758620689655 maoyu 6Сʱ_mousemovements
126.81856459999999 258.927822 195.414429 0 263.159363 0 0 0 195.414429 27.154282 0 0 258.927822 67.734192 0 200.59092799999996 0.1111111111111111 0.1111111111111111 0.0 0.0 0.2222222222222222 0.1111111111111111 0.0 0.4444444444444444 30.920457771428566 0 176.102079 0.9210526315789473 0.0 0.07894736842105263 0.5555555555555556 0.2222222222222222 0.1111111111111111 0.0 0.1111111111111111 0.0 0.0 0.0 0.5625 0.21875 0.1875 0.03125 0.0 maoyu 6Сʱ_mousemovements
84.20867728571429 512.1192626666667 0 639.564804 0 0 0 0 469.23835499999996 0 491.023285 168.54184 99.74594542857143 62.5 0 194.40117833333332 0.15789473684210525 0.0 0.05263157894736842 0.05263157894736842 0.3684210526315789 0.05263157894736842 0.0 0.3157894736842105 97.4246067804878 0 0 1.0 0.0 0.0 0.7368421052631579 0.15789473684210525 0.0 0.10526315789473684 0.0 0.0 0.0 0.0 0.3611111111111111 0.2222222222222222 0.2777777777777778 0.08333333333333333 0.05555555555555555 maoyu 6Сʱ_mousemovements
124.0303919 124.237968 760.8437805000001 679.4649850000001 383.628387 849.9640909999999 394.101807 1226.009644 356.05660100000006 297.39675 976.897949 80.702881 733.0560305 570.4119297142857 186.9291725 0 0.21739130434782608 0.21739130434782608 0.043478260869565216 0.043478260869565216 0.08695652173913043 0.30434782608695654 0.08695652173913043 0.0 137.6702828688525 0 351.96684880000004 0.9242424242424242 0.0 0.07575757575757576 0.43478260869565216 0.043478260869565216 0.08695652173913043 0.17391304347826086 0.043478260869565216 0.13043478260869565 0.043478260869565216 0.043478260869565216 0.603448275862069 0.1896551724137931 0.10344827586206896 0.06896551724137931 0.034482758620689655 maoyu 6Сʱ_mousemovements
120.61621914285713 828.191742 963.671028 513.2029114999999 0 0 0 0 374.22049 219.67110200000002 660.256378 0 0 830.0162788 363.7301086 85.714287 0.058823529411764705 0.17647058823529413 0.11764705882352941 0.0 0.0 0.29411764705882354 0.29411764705882354 0.058823529411764705 105.00958056862746 435.49344725 262.14607559999996 0.85 0.06666666666666667 0.08333333333333333 0.4117647058823529 0.11764705882352941 0.23529411764705882 0.23529411764705882 0.0 0.0 0.0 0.0 0.7307692307692307 0.15384615384615385 0.057692307692307696 0.019230769230769232 0.038461538461538464 maoyu 6Сʱ_mousemovements
95.7554915 408.63032033333326 936.463562 757.0512389999999 0 0 0 2821.422119 210.98052966666668 472.818937 0 0 305.6650772 831.4036405999999 0 0 0.2 0.13333333333333333 0.0 0.0 0.3333333333333333 0.3333333333333333 0.0 0.0 198.9748611142857 9.174312 290.628601 0.9459459459459459 0.02702702702702703 0.02702702702702703 0.5333333333333333 0.2 0.06666666666666667 0.13333333333333333 0.0 0.0 0.0 0.06666666666666667 0.4666666666666667 0.2 0.26666666666666666 0.06666666666666667 0.0 maoyu 6Сʱ_mousemovements
167.82587193749998 412.81497520000005 788.1828858 474.356537 428.94673149999994 238.693649 715.243774 551.547485 555.8359994285713 336.1496598571428 318.724448 329.61842100000007 369.28307885714287 423.2685596666667 0 69.325924 0.21212121212121213 0.21212121212121213 0.06060606060606061 0.09090909090909091 0.21212121212121213 0.09090909090909091 0.0 0.12121212121212122 108.92334376923078 315.868256 197.1557957777778 0.900990099009901 0.009900990099009901 0.0891089108910891 0.48484848484848486 0.15151515151515152 0.15151515151515152 0.06060606060606061 0.06060606060606061 0.030303030303030304 0.030303030303030304 0.030303030303030304 0.59375 0.19791666666666666 0.125 0.020833333333333332 0.0625 maoyu 6Сʱ_mousemovements
89.97875549999999 352.231384 729.9571305 0 0 0 0 0 263.118904 111.99787966666666 0 1285.907837 55.30486533333334 58.24653450000001 63.829788 281.020905 0.13333333333333333 0.2 0.0 0.06666666666666667 0.2 0.26666666666666666 0.06666666666666667 0.06666666666666667 72.40691516216215 0 106.41742500000001 0.9487179487179487 0.0 0.05128205128205128 0.8 0.06666666666666667 0.13333333333333333 0.0 0.0 0.0 0.0 0.0 0.42424242424242425 0.30303030303030304 0.15151515151515152 0.06060606060606061 0.06060606060606061 maoyu 6Сʱ_mousemovements
62.864470888888896 0 0 0 0 0 0 1896.461182 86.830956 0 1896.461182 0 103.4270035 41.932703200000006 0 62.431759 0.1 0.0 0.1 0.0 0.2 0.5 0.0 0.1 91.19412666666666 0 0 1.0 0.0 0.0 0.9 0.0 0.0 0.0 0.0 0.0 0.0 0.1 0.5217391304347826 0.30434782608695654 0.13043478260869565 0.043478260869565216 0.0 maoyu 6Сʱ_mousemovements
114.06759550000001 348.3710175 547.2879839999999 711.182983 0 141.760391 1170.050415 749.626099 356.21502699999996 485.67853319999995 0 141.760391 685.7319943333333 150.794083 76.92308 0 0.15384615384615385 0.38461538461538464 0.0 0.07692307692307693 0.23076923076923078 0.07692307692307693 0.07692307692307693 0.0 102.1220343 141.760391 106.544717 0.9259259259259259 0.018518518518518517 0.05555555555555555 0.3076923076923077 0.15384615384615385 0.23076923076923078 0.07692307692307693 0.0 0.07692307692307693 0.07692307692307693 0.07692307692307693 0.52 0.24 0.14 0.06 0.04 maoyu 6Сʱ_mousemovements
67.75315839999999 386.60382075 554.0349833333333 631.0424235 730.997375 485.6263735 664.68927 172.010086 1397.030762 537.7539979999999 267.3737565 528.900269 473.2802295 289.82410957142855 38.410488 0 0.047619047619047616 0.19047619047619047 0.09523809523809523 0.047619047619047616 0.19047619047619047 0.3333333333333333 0.09523809523809523 0.0 98.13493320967741 172.010086 336.2898931428572 0.8857142857142857 0.014285714285714285 0.1 0.23809523809523808 0.19047619047619047 0.14285714285714285 0.19047619047619047 0.047619047619047616 0.09523809523809523 0.047619047619047616 0.047619047619047616 0.47619047619047616 0.25396825396825395 0.15873015873015872 0.06349206349206349 0.047619047619047616 maoyu 6Сʱ_mousemovements
120.22184056249999 226.4066235 1357.064056 739.315979 0 0 969.814819 465.184906 99.841873 358.2382525 48.748444 1886.75415 218.761887 288.4630612857143 337.07495325 52.5514765 0.043478260869565216 0.17391304347826086 0.043478260869565216 0.043478260869565216 0.043478260869565216 0.30434782608695654 0.17391304347826086 0.17391304347826086 107.05789674242422 48.748444 50.07896099999999 0.9428571428571428 0.014285714285714285 0.04285714285714286 0.6956521739130435 0.08695652173913043 0.08695652173913043 0.043478260869565216 0.0 0.0 0.043478260869565216 0.043478260869565216 0.5166666666666667 0.26666666666666666 0.11666666666666667 0.05 0.05 maoyu 6Сʱ_mousemovements
103.742293125 997.8673094999999 459.13798499999996 392.600494 0 0 611.981018 0 0 0 1418.629761 161.46701 468.32552333333336 209.9001472 148.652703 439.989639 0.0 0.0 0.06666666666666667 0.06666666666666667 0.2 0.3333333333333333 0.2 0.13333333333333333 108.54396952272727 0 292.2884025 0.9565217391304348 0.0 0.043478260869565216 0.5333333333333333 0.13333333333333333 0.13333333333333333 0.06666666666666667 0.0 0.0 0.13333333333333333 0.0 0.5 0.3684210526315789 0.02631578947368421 0.05263157894736842 0.05263157894736842 maoyu 6Сʱ_mousemovements
0 0 310.076935 921.6210733333334 0 0 4365.228516 0 0 2163.837646 0 263.97641 310.076935 4365.228516 337.049164 0 0.0 0.2 0.0 0.2 0.2 0.2 0.2 0.0 235.8325205862069 0 300.512787 0.9354838709677419 0.0 0.06451612903225806 0.0 0.0 0.2 0.6 0.0 0.0 0.2 0.0 0.48 0.24 0.12 0.08 0.08 maoyu 6Сʱ_mousemovements
131.03423033333334 152.54892 1780.659912 0 797.4994965 0 0 0 152.54892 1068.4971593333332 0 0 0 0 228.7108685 105.848381 0.14285714285714285 0.42857142857142855 0.0 0.0 0.0 0.0 0.2857142857142857 0.14285714285714285 178.2413870909091 0 0 1.0 0.0 0.0 0.42857142857142855 0.14285714285714285 0.14285714285714285 0.0 0.2857142857142857 0.0 0.0 0.0 0.6111111111111112 0.2222222222222222 0.05555555555555555 0.05555555555555555 0.05555555555555555 maoyu 6Сʱ_mousemovements
117.281211 751.3259786666666 539.5346375 902.8862915 2549.309814 0 0 0 26.520243 976.8478800000001 465.917664 489.75920099999996 150.922653 599.258667 828.37632 491.562149 0.07142857142857142 0.21428571428571427 0.07142857142857142 0.14285714285714285 0.07142857142857142 0.14285714285714285 0.14285714285714285 0.14285714285714285 228.17705494444448 0 88.721448 0.9473684210526315 0.0 0.05263157894736842 0.42857142857142855 0.21428571428571427 0.14285714285714285 0.14285714285714285 0.07142857142857142 0.0 0.0 0.0 0.5 0.20588235294117646 0.20588235294117646 0.08823529411764706 0.0 maoyu 6Сʱ_mousemovements
91.02999754545455 0 755.4064945 242.555283 652.724182 1120.851685 1428.881836 0 730.372803 302.928701 105.6435585 0 116.38113700000001 763.9939539999999 241.18881066666665 47.2027015 0.058823529411764705 0.17647058823529413 0.11764705882352941 0.0 0.11764705882352941 0.23529411764705882 0.17647058823529413 0.11764705882352941 97.43757175862069 0 76.4441965 0.9354838709677419 0.0 0.06451612903225806 0.6470588235294118 0.0 0.11764705882352941 0.058823529411764705 0.058823529411764705 0.058823529411764705 0.058823529411764705 0.0 0.5740740740740741 0.2037037037037037 0.09259259259259259 0.09259259259259259 0.037037037037037035 maoyu 6Сʱ_mousemovements
0 0 0 0 0 0 0 0 0 0 0 0 0 0 0 0 0 0 0 0 0 0 0 0 0 0 0 0 0 0 0 0 0 0 0 0 0 0 0 0 0 0 0 maoyu 6Сʱ_mousemovements
66.35020075 412.528473 0 0 460.083862 0 0 0 0 77.71424633333332 0 460.083862 0 0 412.528473 32.258064 0.0 0.5 0.0 0.16666666666666666 0.0 0.0 0.16666666666666666 0.16666666666666666 59.895428315789474 0 0 1.0 0.0 0.0 0.6666666666666666 0.16666666666666666 0.0 0.0 0.16666666666666666 0.0 0.0 0.0 0.6470588235294118 0.17647058823529413 0.17647058823529413 0.0 0.0 maoyu 6Сʱ_mousemovements
111.53925230769231 475.1313376666667 372.0188445 811.1077195 0 1550.441895 1385.016235 0 514.16021525 669.953537 470.397957 401.50337225 166.571856 83.285214 590.0125104 135.39898666666667 0.16666666666666666 0.08333333333333333 0.08333333333333333 0.16666666666666666 0.08333333333333333 0.08333333333333333 0.20833333333333334 0.125 132.65299827941175 0 129.82118450000002 0.918918918918919 0.0 0.08108108108108109 0.5416666666666666 0.125 0.08333333333333333 0.16666666666666666 0.0 0.041666666666666664 0.041666666666666664 0.0 0.4852941176470588 0.27941176470588236 0.17647058823529413 0.04411764705882353 0.014705882352941176 maoyu 6Сʱ_mousemovements
101.32271329999999 267.818489 0 1033.3439332 1035.9585265 524.514771 740.737427 2379.8217775000003 653.35502625 1126.2198156666666 806.136009 330.793096 385.30938150000003 527.2639936666667 0 161.53184466666667 0.17391304347826086 0.2608695652173913 0.08695652173913043 0.13043478260869565 0.08695652173913043 0.13043478260869565 0.0 0.13043478260869565 171.45970948 0.0 216.9909302222222 0.8823529411764706 0.011764705882352941 0.10588235294117647 0.43478260869565216 0.08695652173913043 0.0 0.21739130434782608 0.08695652173913043 0.043478260869565216 0.043478260869565216 0.08695652173913043 0.5753424657534246 0.2602739726027397 0.0821917808219178 0.0547945205479452 0.0273972602739726 maoyu 6Сʱ_mousemovements
99.19657579999999 165.122879 214.858673 257.74472 750.243713 0 0 0 165.8768931666667 181.54761299999998 203.418396 0 147.887131 171.505498 68.055014 0 0.3 0.25 0.05 0.0 0.05 0.15 0.2 0.0 52.43718978571428 0 34.85295766666667 0.9491525423728814 0.0 0.05084745762711865 0.75 0.1 0.05 0.05 0.05 0.0 0.0 0.0 0.45454545454545453 0.14545454545454545 0.18181818181818182 0.16363636363636364 0.05454545454545454 maoyu 6Сʱ_mousemovements
62.3384992 510.02544580000006 555.9501645 346.592541 793.8203430000001 1085.419312 261.556 1136.28894 177.1125375 1194.6259765 565.0759429999999 333.22313433333335 82.746254 518.3637148 263.6112136 0 0.09523809523809523 0.09523809523809523 0.14285714285714285 0.14285714285714285 0.047619047619047616 0.23809523809523808 0.23809523809523808 0.0 110.90797343243244 0 135.9783468888889 0.891566265060241 0.0 0.10843373493975904 0.23809523809523808 0.23809523809523808 0.09523809523809523 0.19047619047619047 0.09523809523809523 0.047619047619047616 0.047619047619047616 0.047619047619047616 0.5694444444444444 0.20833333333333334 0.06944444444444445 0.1388888888888889 0.013888888888888888 maoyu 6Сʱ_mousemovements
104.810457625 205.818466 568.5283151666666 532.4456025 634.955627 464.4218446666667 0 0 291.87726575 519.883484 551.443044 0 455.06229399999995 478.35655849999995 166.84739933333333 40.4115925 0.17391304347826086 0.043478260869565216 0.13043478260869565 0.0 0.17391304347826086 0.2608695652173913 0.13043478260869565 0.08695652173913043 109.13470407462685 0 216.9084026666667 0.9178082191780822 0.0 0.0821917808219178 0.34782608695652173 0.043478260869565216 0.2608695652173913 0.17391304347826086 0.043478260869565216 0.13043478260869565 0.0 0.0 0.5645161290322581 0.20967741935483872 0.08064516129032258 0.0967741935483871 0.04838709677419355 maoyu 6Сʱ_mousemovements
85.00752430769231 0 336.72716266666663 366.003632 0 954.615234 0 530.561371 57.334647 802.524658 0 247.765289 196.3347344 177.4734525 283.58099949999996 71.15762833333334 0.15 0.1 0.0 0.05 0.25 0.2 0.1 0.15 50.79165724242425 0.0 143.09644175 0.88 0.013333333333333334 0.10666666666666667 0.65 0.0 0.15 0.05 0.0 0.05 0.0 0.1 0.65625 0.15625 0.078125 0.015625 0.09375 maoyu 6Сʱ_mousemovements
142.1725468 135.878372 0 0 0 0 941.668213 627.155701 941.668213 0 400.710205 0 0 366.08473200000003 116.87554133333333 0 0.07692307692307693 0.0 0.07692307692307693 0.0 0.0 0.15384615384615385 0.6923076923076923 0.0 49.47974002083333 9.615384500000001 366.08473200000003 0.9230769230769231 0.038461538461538464 0.038461538461538464 0.7692307692307693 0.07692307692307693 0.0 0.0 0.0 0.0 0.07692307692307693 0.07692307692307693 0.6904761904761905 0.19047619047619047 0.047619047619047616 0.047619047619047616 0.023809523809523808 maoyu 6Сʱ_mousemovements
77.46692318181819 304.902863 0 738.66825875 0 544.273865 560.781723 1004.866882 218.47529725 403.5806814285715 306.398186 0 1061.46936 661.713196 63.060974 207.11647033333335 0.2 0.35 0.1 0.0 0.05 0.05 0.1 0.15 129.28638290384617 7.092198 52.432137 0.9629629629629629 0.018518518518518517 0.018518518518518517 0.55 0.05 0.0 0.2 0.0 0.05 0.1 0.05 0.4375 0.22916666666666666 0.10416666666666667 0.16666666666666666 0.0625 maoyu 6Сʱ_mousemovements
148.70066125000002 277.6912155 290.28652950000003 776.7407074 785.247955 356.456512 479.89679 678.3220214999999 445.504755 401.68590757142863 542.3267515 152.67419066666665 556.747963 271.371666 345.139679 969.45874 0.14814814814814814 0.25925925925925924 0.07407407407407407 0.1111111111111111 0.14814814814814814 0.14814814814814814 0.07407407407407407 0.037037037037037035 117.27167360526315 5.319149 218.542757 0.8636363636363636 0.022727272727272728 0.11363636363636363 0.2962962962962963 0.14814814814814814 0.14814814814814814 0.18518518518518517 0.07407407407407407 0.037037037037037035 0.037037037037037035 0.07407407407407407 0.6172839506172839 0.19753086419753085 0.04938271604938271 0.06172839506172839 0.07407407407407407 maoyu 6Сʱ_mousemovements
80.29377316666665 242.55585075000002 489.2201486666666 439.202911 513.073044 0 0 940.5159305 234.04113580000003 148.160889 0 436.19593799999996 720.395996 362.4479216666667 412.422195 469.679474 0.2777777777777778 0.1111111111111111 0.0 0.1111111111111111 0.05555555555555555 0.16666666666666666 0.2222222222222222 0.05555555555555555 87.33267544827585 0 171.53316742857143 0.8923076923076924 0.0 0.1076923076923077 0.3333333333333333 0.2222222222222222 0.16666666666666666 0.05555555555555555 0.1111111111111111 0.0 0.0 0.1111111111111111 0.5084745762711864 0.1694915254237288 0.1864406779661017 0.06779661016949153 0.06779661016949153 maoyu 6Сʱ_mousemovements
134.2459328888889 622.764221 456.0917055 349.225037 913.0385435000001 564.141357 0 825.861572 1008.339355 245.13668859999999 0 367.792076 511.03919966666666 1170.932251 263.8935343333333 222.99675 0.05555555555555555 0.2777777777777778 0.0 0.1111111111111111 0.16666666666666666 0.05555555555555555 0.16666666666666666 0.16666666666666666 114.4973430576923 59.377396 280.2721045 0.9122807017543859 0.017543859649122806 0.07017543859649122 0.5 0.05555555555555555 0.1111111111111111 0.05555555555555555 0.1111111111111111 0.05555555555555555 0.0 0.1111111111111111 0.6041666666666666 0.14583333333333334 0.10416666666666667 0.10416666666666667 0.041666666666666664 maoyu 6Сʱ_mousemovements
134.65724081818178 160.884018 734.6735535 263.681488 0 381.746521 882.875671 0 131.73040325 186.9930816 0 216.393677 514.261108 779.773112 350.110361 12.658228 0.21052631578947367 0.2631578947368421 0.0 0.05263157894736842 0.10526315789473684 0.15789473684210525 0.15789473684210525 0.05263157894736842 115.39373979166665 145.646545 212.282753 0.9411764705882353 0.0196078431372549 0.0392156862745098 0.5789473684210527 0.05263157894736842 0.21052631578947367 0.05263157894736842 0.0 0.05263157894736842 0.05263157894736842 0.0 0.6190476190476191 0.19047619047619047 0.14285714285714285 0.023809523809523808 0.023809523809523808 maoyu 6Сʱ_mousemovements
245.58261616666667 224.830826 395.749786 975.28772 671.7658690000001 385.210541 0 1870.852661 776.2215576666666 532.4070015 569.457031 385.210541 63.829788 952.0586853333334 236.125473 272.04383333333334 0.17647058823529413 0.23529411764705882 0.058823529411764705 0.058823529411764705 0.058823529411764705 0.17647058823529413 0.058823529411764705 0.17647058823529413 188.06111352272725 97.630356 337.6345723333333 0.9166666666666666 0.020833333333333332 0.0625 0.35294117647058826 0.17647058823529413 0.11764705882352941 0.058823529411764705 0.11764705882352941 0.058823529411764705 0.0 0.11764705882352941 0.5581395348837209 0.20930232558139536 0.13953488372093023 0.046511627906976744 0.046511627906976744 maoyu 6Сʱ_mousemovements
219.314743 0 0 0 0 996.336548 0 0 0 0 0 0 0 219.314743 996.336548 0 0.0 0.0 0.0 0.0 0.0 0.5 0.5 0.0 151.956411375 0 0 1.0 0.0 0.0 0.5 0.0 0.0 0.0 0.0 0.5 0.0 0.0 0.5 0.16666666666666666 0.3333333333333333 0.0 0.0 maoyu 6Сʱ_mousemovements
0 0 0 560.9728700000001 0 208.537445 0 0 0 451.984192 0 0 0 208.537445 0 669.961548 0.0 0.3333333333333333 0.0 0.0 0.0 0.3333333333333333 0.0 0.3333333333333333 109.81237412499999 0 451.984192 0.8888888888888888 0.0 0.1111111111111111 0.0 0.0 0.0 0.6666666666666666 0.0 0.3333333333333333 0.0 0.0 0.75 0.0 0.125 0.0 0.125 maoyu 6Сʱ_mousemovements
190.00553062499998 603.7059733333334 612.11351 378.299957 949.351624 1144.582764 0 848.702393 502.90822099999997 656.2978959999999 20.489964 310.1387555 379.650146 299.725752 265.20393288888886 0 0.12 0.2 0.04 0.08 0.04 0.16 0.36 0.0 125.52138503030302 48.3857255 145.02675785714288 0.88 0.02666666666666667 0.09333333333333334 0.64 0.12 0.08 0.04 0.04 0.04 0.0 0.04 0.5428571428571428 0.24285714285714285 0.08571428571428572 0.04285714285714286 0.08571428571428572 maoyu 6Сʱ_mousemovements
167.25972877777775 185.95641733333332 399.621597 0 1478.3697406666668 0 610.1642155 0 0 571.1998209000001 165.40011975 112.14746066666667 174.577744 345.94826612500003 185.77790520000002 0 0.0 0.3225806451612903 0.12903225806451613 0.0967741935483871 0.03225806451612903 0.25806451612903225 0.16129032258064516 0.0 117.51929942500001 82.27058933333333 233.18468674999997 0.9195402298850575 0.034482758620689655 0.04597701149425287 0.5806451612903226 0.1935483870967742 0.06451612903225806 0.0 0.0967741935483871 0.0 0.06451612903225806 0.0 0.5769230769230769 0.23076923076923078 0.10256410256410256 0.038461538461538464 0.05128205128205128 maoyu 6Сʱ_mousemovements
73.67870566666666 140.451736 0 0 0 1076.930176 0 0 0 23.187717 140.451736 125.838005 0 555.43565 66.6336915 0 0.0 0.125 0.125 0.25 0.0 0.25 0.25 0.0 85.95113373684211 0 13.191302499999999 0.9047619047619048 0.0 0.09523809523809523 0.75 0.125 0.0 0.0 0.0 0.125 0.0 0.0 0.631578947368421 0.21052631578947367 0.10526315789473684 0.05263157894736842 0.0 maoyu 6Сʱ_mousemovements
266.5119177142857 0 1248.894775 0 2052.86792 765.051636 0 0 1006.9732055 219.03373866666666 447.381653 0 2052.86792 286.958191 237.071182 0 0.2 0.3 0.1 0.0 0.1 0.1 0.2 0.0 235.84630079166672 0 136.04326799999998 0.9230769230769231 0.0 0.07692307692307693 0.7 0.0 0.1 0.0 0.1 0.1 0.0 0.0 0.6 0.32 0.0 0.08 0.0 maoyu 6Сʱ_mousemovements
329.82685649999996 316.037102 0 0 0 556.3747025 0 1370.976929 88.388351 424.492828 0 777.3704224999999 220.173325 669.113159 788.844031 221.01762025000002 0.07692307692307693 0.07692307692307693 0.0 0.15384615384615385 0.07692307692307693 0.07692307692307693 0.23076923076923078 0.3076923076923077 153.63576702702701 147.37593099999998 228.23584 0.925 0.05 0.025 0.46153846153846156 0.15384615384615385 0.0 0.0 0.0 0.3076923076923077 0.0 0.07692307692307693 0.45714285714285713 0.2857142857142857 0.17142857142857143 0.02857142857142857 0.05714285714285714 maoyu 6Сʱ_mousemovements
91.565796 0 0 0 0 0 0 0 0 0 0 0 0 0 63.829788 119.301804 0.0 0.0 0.0 0.0 0.0 0.0 0.5 0.5 45.782898 0 0 1.0 0.0 0.0 1.0 0.0 0.0 0.0 0.0 0.0 0.0 0.0 1.0 0.0 0.0 0.0 0.0 maoyu 6Сʱ_mousemovements
161.83735423076922 367.592499 158.873718 0 0 0 0 1008.093201 59.943222 132.682297 328.63198866666664 1008.093201 217.107939 181.000946 54.3278855 219.1505125 0.0625 0.0625 0.1875 0.0625 0.125 0.125 0.25 0.125 92.075910027027 72.762634 158.873718 0.9487179487179487 0.02564102564102564 0.02564102564102564 0.8125 0.0625 0.0625 0.0 0.0 0.0 0.0 0.0625 0.4857142857142857 0.4 0.02857142857142857 0.08571428571428572 0.0 maoyu 6Сʱ_mousemovements
224.44072599999998 149.0505865 0 0 0 0 945.019165 770.1013795 0 134.5182605 325.451744 0 0 595.724991 16.9825 590.7146225 0.0 0.2 0.2 0.0 0.0 0.3 0.1 0.2 63.00924081818184 30.8455465 441.13267175 0.8461538461538461 0.05128205128205128 0.10256410256410256 0.5 0.2 0.0 0.0 0.0 0.0 0.1 0.2 0.6060606060606061 0.18181818181818182 0.06060606060606061 0.12121212121212122 0.030303030303030304 maoyu 6Сʱ_mousemovements
136.3948625 503.71537000000006 836.164246 0 0 887.357422 858.1807555 0 893.736694 751.55624 82.138664 336.4385832500001 204.827789 651.4444237499999 0 98.06598533333333 0.0625 0.125 0.0625 0.25 0.0625 0.25 0.0 0.1875 158.09373330232557 82.138664 24.6882075 0.9347826086956522 0.021739130434782608 0.043478260869565216 0.5 0.1875 0.0625 0.0 0.0 0.125 0.125 0.0 0.475 0.35 0.075 0.05 0.05 maoyu 6Сʱ_mousemovements
225.94869375000002 267.8869095 434.352394 0 924.959381 701.7548979999999 1124.286865 1758.074951 541.3087005 452.51108550000004 593.780823 136.50412 934.906372 455.1281536666667 719.2121808333335 137.53597925 0.1 0.1 0.05 0.05 0.05 0.15 0.3 0.2 138.12309658928575 915.01239 411.24218366666656 0.9333333333333333 0.016666666666666666 0.05 0.4 0.2 0.1 0.0 0.1 0.1 0.05 0.05 0.6458333333333334 0.1875 0.14583333333333334 0.020833333333333332 0.0 maoyu 6Сʱ_mousemovements
80.504639 853.06604 0 0 519.079041 0 7325.875488 0 186.107285 3687.094961 0 0 0 0 459.74575966666674 0 0.16666666666666666 0.3333333333333333 0.0 0.0 0.0 0.0 0.5 0.0 423.05370733333336 7.092198 48.314434 0.9130434782608695 0.043478260869565216 0.043478260869565216 0.5 0.16666666666666666 0.0 0.0 0.16666666666666666 0.0 0.16666666666666666 0.0 0.8095238095238095 0.09523809523809523 0.047619047619047616 0.0 0.047619047619047616 maoyu 6Сʱ_mousemovements
155.3830252 1468.9335935 0 441.268158 578.56743625 0 0 0 0 421.721741 1437.200775 332.430139 0 433.80605066666675 266.14066833333334 409.49649 0.0 0.08333333333333333 0.16666666666666666 0.16666666666666666 0.0 0.25 0.25 0.08333333333333333 117.57221005128206 11.313708 374.73806320000006 0.8666666666666667 0.022222222222222223 0.1111111111111111 0.4166666666666667 0.16666666666666666 0.0 0.08333333333333333 0.3333333333333333 0.0 0.0 0.0 0.7804878048780488 0.12195121951219512 0.04878048780487805 0.024390243902439025 0.024390243902439025 maoyu 6Сʱ_mousemovements
143.86013930000001 346.423187 763.318916 0 0 1251.2964785 1606.075684 0 160.6954175 968.7194519999999 89.7117 272.694389 12.820513 246.986206 986.8279433333332 0 0.26666666666666666 0.2 0.06666666666666667 0.13333333333333333 0.06666666666666667 0.06666666666666667 0.2 0.0 131.77136596296293 107.4827955 89.7117 0.9473684210526315 0.03508771929824561 0.017543859649122806 0.625 0.0625 0.125 0.0 0.0 0.125 0.0625 0.0 0.6078431372549019 0.23529411764705882 0.0784313725490196 0.0392156862745098 0.0392156862745098 maoyu 6Сʱ_mousemovements
130.06431775 1039.547241 0 0 709.212402 0 603.544617 1136.125244 1039.547241 1136.125244 709.212402 603.544617 0 155.4170075 104.71162799999999 0 0.125 0.125 0.125 0.125 0.0 0.25 0.25 0.0 189.17456433333336 0.0 603.544617 0.9 0.05 0.05 0.5 0.125 0.0 0.0 0.125 0.0 0.125 0.125 0.5294117647058824 0.23529411764705882 0.11764705882352941 0.11764705882352941 0.0 maoyu 6Сʱ_mousemovements
0 0 0 0 0 0 0 0 0 0 0 0 0 0 0 0 0 0 0 0 0 0 0 0 0 0 0 0 0 0 0 0 0 0 0 0 0 0 0 0 0 0 0 maoyu 6Сʱ_mousemovements
7.092198 712.83306175 998.960083 0 0 0 0 0 247.214859 7.092198 0 998.960083 513.90281 1576.311768 0 0 0.16666666666666666 0.16666666666666666 0.0 0.16666666666666666 0.3333333333333333 0.16666666666666666 0.0 0.0 201.01878036842106 7.092198 30.935503 0.9047619047619048 0.047619047619047616 0.047619047619047616 0.16666666666666666 0.6666666666666666 0.16666666666666666 0.0 0.0 0.0 0.0 0.0 0.7333333333333333 0.2 0.06666666666666667 0.0 0.0 maoyu 6Сʱ_mousemovements
383.6132647142858 168.50090775 439.22365575 296.3522035 0 0 236.778381 0 198.052508 1007.5277405 292.966438 332.03091466666666 236.778381 158.820969 27.943224 266.17853920000005 0.16666666666666666 0.1111111111111111 0.1111111111111111 0.16666666666666666 0.05555555555555555 0.05555555555555555 0.05555555555555555 0.2777777777777778 123.57108073170734 219.81489625 0 0.9111111111111111 0.08888888888888889 0.0 0.3888888888888889 0.2222222222222222 0.2222222222222222 0.1111111111111111 0.0 0.0 0.05555555555555555 0.0 0.42105263157894735 0.23684210526315788 0.15789473684210525 0.10526315789473684 0.07894736842105263 maoyu 6Сʱ_mousemovements
153.55455179999998 177.62941 0 721.738637 548.200073 0 697.883667 0 0 831.297302 581.011271 410.822281 0 144.55387133333332 263.5322645 0 0.0 0.09090909090909091 0.2727272727272727 0.18181818181818182 0.0 0.2727272727272727 0.18181818181818182 0.0 63.617160307692316 0 375.1265136 0.8863636363636364 0.0 0.11363636363636363 0.45454545454545453 0.09090909090909091 0.0 0.2727272727272727 0.09090909090909091 0.0 0.09090909090909091 0.0 0.775 0.125 0.0 0.05 0.05 maoyu 6Сʱ_mousemovements
267.243256 291.307312 1806.599243 1161.7265245 0 0 0 0 0 0 560.8821105 0 249.236252 0 631.2510736666667 1112.789467 0.0 0.0 0.25 0.0 0.125 0.0 0.375 0.25 238.0382298636364 0 126.74578550000001 0.9166666666666666 0.0 0.08333333333333333 0.5 0.125 0.125 0.25 0.0 0.0 0.0 0.0 0.7142857142857143 0.23809523809523808 0.047619047619047616 0.0 0.0 maoyu 6Сʱ_mousemovements
0 0 0 0 0 0 0 0 0 0 0 0 0 0 0 0 0 0 0 0 0 0 0 0 0 0 0 0 0 0 0 0 0 0 0 0 0 0 0 0 0 0 0 maoyu 6Сʱ_mousemovements
0 0 0 0 0 0 0 0 0 0 0 0 0 0 0 0 0 0 0 0 0 0 0 0 0 0 0 0 0 0 0 0 0 0 0 0 0 0 0 0 0 0 0 maoyu 6Сʱ_mousemovements
0 0 0 0 0 0 0 0 0 0 0 0 0 0 0 0 0 0 0 0 0 0 0 0 0 0 0 0 0 0 0 0 0 0 0 0 0 0 0 0 0 0 0 maoyu 6Сʱ_mousemovements
0 0 0 0 0 0 0 0 0 0 0 0 0 0 0 0 0 0 0 0 0 0 0 0 0 0 0 0 0 0 0 0 0 0 0 0 0 0 0 0 0 0 0 maoyu 6Сʱ_mousemovements
0 0 0 0 0 0 0 0 0 0 0 0 0 0 0 0 0 0 0 0 0 0 0 0 0 0 0 0 0 0 0 0 0 0 0 0 0 0 0 0 0 0 0 maoyu 6Сʱ_mousemovements
0 0 0 0 0 0 0 0 0 0 0 0 0 0 0 0 0 0 0 0 0 0 0 0 0 0 0 0 0 0 0 0 0 0 0 0 0 0 0 0 0 0 0 maoyu 6Сʱ_mousemovements
0 0 0 0 0 0 0 0 0 0 0 0 0 0 0 0 0 0 0 0 0 0 0 0 0 0 0 0 0 0 0 0 0 0 0 0 0 0 0 0 0 0 0 maoyu 6Сʱ_mousemovements
0 0 0 0 0 0 0 0 0 0 0 0 0 0 0 0 0 0 0 0 0 0 0 0 0 0 0 0 0 0 0 0 0 0 0 0 0 0 0 0 0 0 0 maoyu 6Сʱ_mousemovements
0 0 0 0 0 0 0 0 0 0 0 0 0 0 0 0 0 0 0 0 0 0 0 0 0 0 0 0 0 0 0 0 0 0 0 0 0 0 0 0 0 0 0 maoyu 6Сʱ_mousemovements
0 0 0 0 0 0 0 0 0 0 0 0 0 0 0 0 0 0 0 0 0 0 0 0 0 0 0 0 0 0 0 0 0 0 0 0 0 0 0 0 0 0 0 maoyu 6Сʱ_mousemovements
0 0 0 0 0 0 0 0 0 0 0 0 0 0 0 0 0 0 0 0 0 0 0 0 0 0 0 0 0 0 0 0 0 0 0 0 0 0 0 0 0 0 0 maoyu 6Сʱ_mousemovements
0 0 0 0 0 0 0 0 0 0 0 0 0 0 0 0 0 0 0 0 0 0 0 0 0 0 0 0 0 0 0 0 0 0 0 0 0 0 0 0 0 0 0 maoyu 6Сʱ_mousemovements
0 0 0 0 0 0 0 0 0 0 0 0 0 0 0 0 0 0 0 0 0 0 0 0 0 0 0 0 0 0 0 0 0 0 0 0 0 0 0 0 0 0 0 maoyu 6Сʱ_mousemovements
0 0 0 0 0 0 0 0 0 0 0 0 0 0 0 0 0 0 0 0 0 0 0 0 0 0 0 0 0 0 0 0 0 0 0 0 0 0 0 0 0 0 0 maoyu 6Сʱ_mousemovements
0 0 0 0 0 0 0 0 0 0 0 0 0 0 0 0 0 0 0 0 0 0 0 0 0 0 0 0 0 0 0 0 0 0 0 0 0 0 0 0 0 0 0 maoyu 6Сʱ_mousemovements
0 0 0 0 0 0 0 0 0 0 0 0 0 0 0 0 0 0 0 0 0 0 0 0 0 0 0 0 0 0 0 0 0 0 0 0 0 0 0 0 0 0 0 maoyu 6Сʱ_mousemovements
0 0 0 0 0 0 0 0 0 0 0 0 0 0 0 0 0 0 0 0 0 0 0 0 0 0 0 0 0 0 0 0 0 0 0 0 0 0 0 0 0 0 0 maoyu 6Сʱ_mousemovements
0 0 0 0 0 0 0 0 0 0 0 0 0 0 0 0 0 0 0 0 0 0 0 0 0 0 0 0 0 0 0 0 0 0 0 0 0 0 0 0 0 0 0 maoyu 6Сʱ_mousemovements
0 0 0 0 0 0 0 0 0 0 0 0 0 0 0 0 0 0 0 0 0 0 0 0 0 0 0 0 0 0 0 0 0 0 0 0 0 0 0 0 0 0 0 maoyu 6Сʱ_mousemovements
0 0 0 0 0 0 0 0 0 0 0 0 0 0 0 0 0 0 0 0 0 0 0 0 0 0 0 0 0 0 0 0 0 0 0 0 0 0 0 0 0 0 0 maoyu 6Сʱ_mousemovements
