124.16854176190476 0 537.424225 0 0 645.170532 0 0 164.83633833333334 184.661957 0 611.5894774999999 132.12926712499998 30.727272 129.862839 187.838882 0.375 0.041666666666666664 0.0 0.08333333333333333 0.3333333333333333 0.08333333333333333 0.041666666666666664 0.041666666666666664 59.50656548611111 0 43.085644 0.9863013698630136 0.0 0.0136986301369863 0.875 0.0 0.08333333333333333 0.0 0.0 0.041666666666666664 0.0 0.0 0.5606060606060606 0.25757575757575757 0.12121212121212122 0.045454545454545456 0.015151515151515152 liyajie 2Сʱ_mousemovements
120.29638081249999 357.044586 0 0 0 0 0 0 117.98046099999999 78.72585500000001 441.79126 92.398804 87.4992295 357.044586 250.0 21.276596 0.23529411764705882 0.35294117647058826 0.058823529411764705 0.058823529411764705 0.11764705882352941 0.058823529411764705 0.058823529411764705 0.058823529411764705 49.60405823913044 0 0 1.0 0.0 0.0 0.9411764705882353 0.058823529411764705 0.0 0.0 0.0 0.0 0.0 0.0 0.6756756756756757 0.16216216216216217 0.08108108108108109 0.05405405405405406 0.02702702702702703 liyajie 2Сʱ_mousemovements
99.73780812500002 0 1069.204956 0 0 0 0 0 0 0 324.89901100000003 42.0319988 35.30219757142857 163.83252 0 1069.204956 0.0 0.0 0.17647058823529413 0.29411764705882354 0.4117647058823529 0.058823529411764705 0.0 0.058823529411764705 49.37024132075473 48.387096 0 0.9814814814814815 0.018518518518518517 0.0 0.9411764705882353 0.0 0.058823529411764705 0.0 0.0 0.0 0.0 0.0 0.7391304347826086 0.17391304347826086 0.043478260869565216 0.043478260869565216 0.0 liyajie 2Сʱ_mousemovements
49.655718923076925 0 0 0 0 0 0 0 0 0 0 300.432007 23.9444553 25.641026 0 80.00676 0.0 0.0 0.0 0.07692307692307693 0.7692307692307693 0.07692307692307693 0.0 0.07692307692307693 11.527220464285715 0 0 1.0 0.0 0.0 1.0 0.0 0.0 0.0 0.0 0.0 0.0 0.0 0.7021276595744681 0.1276595744680851 0.06382978723404255 0.10638297872340426 0.0 liyajie 2Сʱ_mousemovements
50.508883399999995 0 0 0 0 0 586.749512 0 0 0 0 0 50.508883399999995 0 586.749512 0 0.0 0.0 0.0 0.0 0.8333333333333334 0.0 0.16666666666666666 0.0 46.627440500000006 0 0 1.0 0.0 0.0 0.8333333333333334 0.0 0.0 0.0 0.0 0.0 0.16666666666666666 0.0 0.5 0.25 0.16666666666666666 0.0 0.08333333333333333 liyajie 2Сʱ_mousemovements
230.80499075 0 288.994324 0 461.807251 0 0 1096.327881 461.807251 1096.327881 426.805267 116.622063 189.8963165 288.994324 0 0 0.14285714285714285 0.14285714285714285 0.14285714285714285 0.14285714285714285 0.2857142857142857 0.14285714285714285 0.0 0.0 164.89586914285715 0 461.807251 0.9333333333333333 0.0 0.06666666666666667 0.5714285714285714 0.0 0.14285714285714285 0.0 0.14285714285714285 0.0 0.0 0.14285714285714285 0.5 0.2 0.0 0.3 0.0 liyajie 2Сʱ_mousemovements
63.64292712121213 190.33959600000003 244.77142699999996 217.38089 0 0 0 381.751801 187.341248 185.838193 186.010178 67.340065 89.78964657142856 85.72500237499999 134.6067855 63.99726257142857 0.023255813953488372 0.09302325581395349 0.023255813953488372 0.023255813953488372 0.16279069767441862 0.37209302325581395 0.13953488372093023 0.16279069767441862 40.361757981818165 0 0 1.0 0.0 0.0 0.7674418604651163 0.09302325581395349 0.09302325581395349 0.023255813953488372 0.0 0.0 0.0 0.023255813953488372 0.5684210526315789 0.24210526315789474 0.10526315789473684 0.07368421052631578 0.010526315789473684 liyajie 2Сʱ_mousemovements
28.7580461 0 0 0 0 0 0 0 0 0 0 0 32.258064 26.997913833333328 31.111638 0 0.0 0.0 0.0 0.0 0.1 0.6 0.3 0.0 5.135365375 0 0 1.0 0.0 0.0 1.0 0.0 0.0 0.0 0.0 0.0 0.0 0.0 0.7115384615384616 0.21153846153846154 0.038461538461538464 0.019230769230769232 0.019230769230769232 liyajie 2Сʱ_mousemovements
0 0 0 0 0 0 0 0 0 0 0 0 0 0 0 0 0 0 0 0 0 0 0 0 0 0 0 0 0 0 0 0 0 0 0 0 0 0 0 0 0 0 0 liyajie 2Сʱ_mousemovements
0 0 0 0 0 0 0 0 0 0 0 0 0 0 0 0 0 0 0 0 0 0 0 0 0 0 0 0 0 0 0 0 0 0 0 0 0 0 0 0 0 0 0 liyajie 2Сʱ_mousemovements
95.93487196969694 246.22961025000004 642.77093125 524.0820106666666 220.11055000000002 0 1610.1643980000001 0 220.1557832 335.2708174 237.469513 216.96214233333333 100.69643330000001 350.3281855 320.332357 132.704104 0.10416666666666667 0.10416666666666667 0.041666666666666664 0.0625 0.20833333333333334 0.16666666666666666 0.25 0.0625 77.70413533587787 45.2845475 187.20422722222222 0.9225352112676056 0.014084507042253521 0.06338028169014084 0.6875 0.08333333333333333 0.08333333333333333 0.0625 0.041666666666666664 0.0 0.041666666666666664 0.0 0.6 0.23076923076923078 0.06153846153846154 0.07692307692307693 0.03076923076923077 liyajie 2Сʱ_mousemovements
79.51088268181817 0 354.805634 602.169861 708.84758 594.255005 0 0 56.0 63.829788 423.228653 342.4940646666667 128.26884539999998 0 132.76571783333333 161.2782575 0.037037037037037035 0.037037037037037035 0.07407407407407407 0.1111111111111111 0.37037037037037035 0.0 0.2222222222222222 0.14814814814814814 64.73652752380953 18.796992 602.169861 0.9545454545454546 0.030303030303030304 0.015151515151515152 0.8148148148148148 0.0 0.037037037037037035 0.037037037037037035 0.07407407407407407 0.037037037037037035 0.0 0.0 0.5254237288135594 0.23728813559322035 0.13559322033898305 0.03389830508474576 0.06779661016949153 liyajie 2Сʱ_mousemovements
111.06444832653062 90.513268 335.7115175 808.2254335 0 0 0 0 87.11870214285715 45.79021642857143 1788.847168 129.57018566666667 186.1247787777778 400.7624436666667 46.04166457142856 119.0631339 0.12962962962962962 0.12962962962962962 0.018518518518518517 0.05555555555555555 0.16666666666666666 0.05555555555555555 0.25925925925925924 0.18518518518518517 47.19119771052632 10.638298 636.844788 0.987012987012987 0.006493506493506494 0.006493506493506494 0.9074074074074074 0.018518518518518517 0.037037037037037035 0.037037037037037035 0.0 0.0 0.0 0.0 0.624113475177305 0.2695035460992908 0.07092198581560284 0.014184397163120567 0.02127659574468085 liyajie 2Сʱ_mousemovements
70.30693523333335 432.98414920000005 314.281097 507.103546 766.0882260000001 0 972.031738 0 211.73817075 46.88216233333333 861.354492 511.9309354 225.01118075 54.63009085714286 106.2917894 314.281097 0.1 0.075 0.025 0.125 0.1 0.175 0.375 0.025 40.81925867479675 568.886169 335.0111083333333 0.9461538461538461 0.007692307692307693 0.046153846153846156 0.75 0.125 0.025 0.025 0.05 0.0 0.025 0.0 0.6416666666666667 0.16666666666666666 0.1 0.05 0.041666666666666664 liyajie 2Сʱ_mousemovements
100.917435 0 0 0 843.911743 0 0 0 0 0 0 0 0 100.917435 843.911743 0 0.0 0.0 0.0 0.0 0.0 0.5 0.5 0.0 12.614679375 0 843.911743 0.8888888888888888 0.0 0.1111111111111111 0.5 0.0 0.0 0.0 0.5 0.0 0.0 0.0 0.8571428571428571 0.0 0.14285714285714285 0.0 0.0 liyajie 2Сʱ_mousemovements
45.3080055 0 314.8172 0 0 0 0 0 0 0 0 0 45.3080055 0 0 314.8172 0.0 0.0 0.0 0.0 0.6666666666666666 0.0 0.0 0.3333333333333333 6.970462384615384 0 314.8172 0.9285714285714286 0.0 0.07142857142857142 0.6666666666666666 0.0 0.3333333333333333 0.0 0.0 0.0 0.0 0.0 0.8333333333333334 0.08333333333333333 0.0 0.0 0.08333333333333333 liyajie 2Сʱ_mousemovements
210.5859395 0 0 613.032959 684.823425 0 0 0 0 496.448425 613.032959 145.37674 0 89.407478 684.823425 111.111115 0.0 0.16666666666666666 0.16666666666666666 0.16666666666666666 0.0 0.16666666666666666 0.16666666666666666 0.16666666666666666 76.59877457894737 0 684.823425 0.95 0.0 0.05 0.6666666666666666 0.0 0.0 0.16666666666666666 0.16666666666666666 0.0 0.0 0.0 0.5294117647058824 0.17647058823529413 0.23529411764705882 0.0 0.058823529411764705 liyajie 2Сʱ_mousemovements
88.04742205000002 270.758759 314.922058 489.103119 431.098297 789.529785 0 0 452.7261046666667 226.608582 717.230774 403.2523195 52.402496799999994 78.56243725 105.66160428571428 169.929316 0.1111111111111111 0.07407407407407407 0.037037037037037035 0.07407407407407407 0.18518518518518517 0.14814814814814814 0.25925925925925924 0.1111111111111111 40.136718949999995 0 389.97495719999995 0.9411764705882353 0.0 0.058823529411764705 0.7407407407407407 0.037037037037037035 0.07407407407407407 0.037037037037037035 0.037037037037037035 0.07407407407407407 0.0 0.0 0.6857142857142857 0.12857142857142856 0.05714285714285714 0.11428571428571428 0.014285714285714285 liyajie 2Сʱ_mousemovements
61.18145676666668 220.993668 0 0 0 0 374.489746 0 0 465.667023 0 220.993668 52.03673522222223 30.717222636363637 33.53676666666667 184.20644 0.0 0.03125 0.0 0.03125 0.28125 0.34375 0.1875 0.125 24.021015749999997 0 220.993668 0.989247311827957 0.0 0.010752688172043012 0.9375 0.03125 0.0 0.0 0.0 0.0 0.03125 0.0 0.6794871794871795 0.23076923076923078 0.0641025641025641 0.01282051282051282 0.01282051282051282 liyajie 2Сʱ_mousemovements
120.7736235 211.71069557142854 0 0 0 688.822205 0 0 366.8312875 142.71510325 167.18312162499998 130.807266 67.073608 353.42159033333337 124.24772966666667 32.3662145 0.058823529411764705 0.23529411764705882 0.23529411764705882 0.029411764705882353 0.20588235294117646 0.08823529411764706 0.08823529411764706 0.058823529411764705 39.76540016129032 118.54981744444444 136.44517825 0.8773584905660378 0.08490566037735849 0.03773584905660377 0.7647058823529411 0.20588235294117646 0.0 0.0 0.0 0.029411764705882353 0.0 0.0 0.6354166666666666 0.23958333333333334 0.010416666666666666 0.0625 0.052083333333333336 liyajie 2Сʱ_mousemovements
0 0 0 0 0 0 0 0 0 0 0 0 0 0 0 0 0 0 0 0 0 0 0 0 0 0 0 0 0 0 0 0 0 0 0 0 0 0 0 0 0 0 0 liyajie 2Сʱ_mousemovements
0 0 0 0 0 0 0 0 0 0 0 0 0 0 0 0 0 0 0 0 0 0 0 0 0 0 0 0 0 0 0 0 0 0 0 0 0 0 0 0 0 0 0 liyajie 2Сʱ_mousemovements
61.22827100000001 86.80275 0 0 0 0 0 0 0 0 133.558945 0 72.55689050000001 61.62997066666666 25.316455 0 0.0 0.0 0.09090909090909091 0.0 0.18181818181818182 0.5454545454545454 0.18181818181818182 0.0 30.395020000000006 0 0 1.0 0.0 0.0 0.9090909090909091 0.09090909090909091 0.0 0.0 0.0 0.0 0.0 0.0 0.6842105263157895 0.15789473684210525 0.05263157894736842 0.05263157894736842 0.05263157894736842 liyajie 2Сʱ_mousemovements
75.41639685714287 0 0 0 0 0 0 0 0 102.71165400000001 0 36.062279 87.73623500000001 77.5698245 63.795500625 103.26709 0.0 0.09523809523809523 0.0 0.047619047619047616 0.14285714285714285 0.2857142857142857 0.38095238095238093 0.047619047619047616 25.96302186885246 0 0 1.0 0.0 0.0 1.0 0.0 0.0 0.0 0.0 0.0 0.0 0.0 0.5 0.2916666666666667 0.125 0.020833333333333332 0.0625 liyajie 2Сʱ_mousemovements
70.5025710909091 180.299667 401.10168450000003 0 705.82348625 1096.177124 0 0 102.58734580000001 0 1186.7473755 0 213.54604725 185.57350442857143 178.86752275 96.66482599999999 0.1724137931034483 0.0 0.06896551724137931 0.0 0.13793103448275862 0.2413793103448276 0.13793103448275862 0.2413793103448276 63.37285585333335 20.930212333333333 204.659480375 0.872093023255814 0.03488372093023256 0.09302325581395349 0.7333333333333333 0.03333333333333333 0.06666666666666667 0.0 0.13333333333333333 0.03333333333333333 0.0 0.0 0.5875 0.1875 0.1625 0.0 0.0625 liyajie 2Сʱ_mousemovements
45.576039300000005 423.532928 861.625229 0 599.351685 0 897.850281 0 897.850281 649.6580280000001 0 113.12851433333333 71.83498446153847 302.015936 12.638298 227.895496 0.04 0.08 0.0 0.12 0.52 0.08 0.08 0.08 65.89602827536233 0 4.3400935 0.971830985915493 0.0 0.028169014084507043 0.8 0.04 0.08 0.0 0.04 0.0 0.04 0.0 0.5373134328358209 0.3283582089552239 0.07462686567164178 0.05970149253731343 0.0 liyajie 2Сʱ_mousemovements
85.6567937 307.6017272 253.9071505 438.83119949999997 776.0380453333332 400.56346874999997 833.7384340000001 0 383.140579 38.46154 670.0930865 657.0334164999999 267.80107733333335 199.19764833333332 177.9419823333333 182.7604989090909 0.1 0.025 0.1 0.05 0.075 0.075 0.3 0.275 47.64580314912282 169.80879600000003 416.77264541666665 0.8769230769230769 0.03076923076923077 0.09230769230769231 0.5 0.125 0.05 0.1 0.075 0.1 0.05 0.0 0.5833333333333334 0.21666666666666667 0.058333333333333334 0.06666666666666667 0.075 liyajie 2Сʱ_mousemovements
144.4093066956522 294.0255464 407.93422157142857 612.2655638333332 599.1564758000001 759.334473 0 587.7631835 139.52734516666666 261.26116533333334 257.10896775 359.2021951666666 355.76438225000004 48.387096 394.746533 531.9707116666666 0.12 0.06 0.16 0.24 0.08 0.02 0.14 0.18 94.28423644800002 46.809535 293.5926577058824 0.8503401360544217 0.034013605442176874 0.11564625850340136 0.46 0.1 0.14 0.12 0.1 0.04 0.0 0.04 0.6222222222222222 0.17777777777777778 0.07407407407407407 0.0962962962962963 0.02962962962962963 liyajie 2Сʱ_mousemovements
117.75595824999999 183.68787914285713 476.19833366666666 375.766922 459.06263099999995 0 0 0 191.748551 321.1612571666667 389.704815 139.53694149999998 184.95170566666664 267.12835875 109.7041085 112.37258000000001 0.14634146341463414 0.14634146341463414 0.0975609756097561 0.0975609756097561 0.14634146341463414 0.0975609756097561 0.1951219512195122 0.07317073170731707 45.86504072649573 9.649848333333333 187.77887305882356 0.8540145985401459 0.021897810218978103 0.12408759124087591 0.5853658536585366 0.17073170731707318 0.07317073170731707 0.04878048780487805 0.12195121951219512 0.0 0.0 0.0 0.5967741935483871 0.1774193548387097 0.0967741935483871 0.08870967741935484 0.04032258064516129 liyajie 2Сʱ_mousemovements
62.91555715 228.15326220000003 0 416.63031 687.1632686666666 0 646.926117 1147.504883 845.82251 292.1876506666667 375.014839 309.518831 172.070862 436.5615752 39.2999925 38.621415375 0.030303030303030304 0.09090909090909091 0.15151515151515152 0.12121212121212122 0.030303030303030304 0.15151515151515152 0.18181818181818182 0.24242424242424243 49.342480344086034 27.690862666666664 306.32617369999997 0.8773584905660378 0.02830188679245283 0.09433962264150944 0.6060606060606061 0.15151515151515152 0.0 0.06060606060606061 0.09090909090909091 0.0 0.06060606060606061 0.030303030303030304 0.6565656565656566 0.20202020202020202 0.04040404040404041 0.04040404040404041 0.06060606060606061 liyajie 2Сʱ_mousemovements
101.48638768292683 177.353264 260.1110198 0 414.2535705 415.2397153333333 841.151489 1093.9111937500002 334.31372825 172.2460891 577.6079255000001 500.8780272 106.32854674999999 195.22321333333332 80.5437905882353 366.0304775 0.06666666666666667 0.16666666666666666 0.06666666666666667 0.08333333333333333 0.13333333333333333 0.1 0.2833333333333333 0.1 49.801063058823516 69.23766600000002 412.13125315384616 0.884393063583815 0.04046242774566474 0.07514450867052024 0.6833333333333333 0.06666666666666667 0.08333333333333333 0.0 0.03333333333333333 0.05 0.016666666666666666 0.06666666666666667 0.675 0.1625 0.0375 0.05 0.075 liyajie 2Сʱ_mousemovements
81.332269 0 0 0 0 0 0 0 223.259155 64.516129 0 0 0 0 42.553192 66.9436575 0.1111111111111111 0.1111111111111111 0.0 0.0 0.0 0.0 0.1111111111111111 0.6666666666666666 24.399680699999998 0 0 1.0 0.0 0.0 1.0 0.0 0.0 0.0 0.0 0.0 0.0 0.0 0.8636363636363636 0.09090909090909091 0.0 0.0 0.045454545454545456 liyajie 2Сʱ_mousemovements
30.487865166666666 0 0 0 0 0 0 0 0 0 0 0 32.19903633333333 40.2580645 5.813953 0 0.0 0.0 0.0 0.0 0.5 0.3333333333333333 0.16666666666666666 0.0 6.097573033333333 0 0 1.0 0.0 0.0 1.0 0.0 0.0 0.0 0.0 0.0 0.0 0.0 0.6666666666666666 0.2222222222222222 0.1111111111111111 0.0 0.0 liyajie 2Сʱ_mousemovements
49.860215999999994 151.874115 340.77477275 373.24148066666663 364.2466925 348.22332775 0 0 227.01681783333333 209.80584766666666 524.800049 186.723145 110.07459466666666 192.90492857142857 76.4683501 772.771484 0.15789473684210525 0.07894736842105263 0.02631578947368421 0.02631578947368421 0.23684210526315788 0.18421052631578946 0.2631578947368421 0.02631578947368421 35.17049109259259 164.9646278 244.78328800000003 0.8925619834710744 0.04132231404958678 0.06611570247933884 0.5789473684210527 0.02631578947368421 0.10526315789473684 0.07894736842105263 0.10526315789473684 0.10526315789473684 0.0 0.0 0.6435643564356436 0.19801980198019803 0.0891089108910891 0.04950495049504951 0.019801980198019802 liyajie 2Сʱ_mousemovements
49.58933776470587 216.732895 402.84699499999994 326.5035503333333 0 0 1149.742432 0 339.401367 231.293746 168.31884300000002 163.26137933333334 79.761999 134.432463875 127.8667605833333 61.48807216666666 0.021739130434782608 0.10869565217391304 0.06521739130434782 0.06521739130434782 0.17391304347826086 0.17391304347826086 0.2608695652173913 0.13043478260869565 32.53746871140939 23.607515799999998 95.11463416666665 0.8975903614457831 0.030120481927710843 0.07228915662650602 0.7391304347826086 0.10869565217391304 0.06521739130434782 0.06521739130434782 0.0 0.0 0.021739130434782608 0.0 0.5827814569536424 0.18543046357615894 0.1456953642384106 0.046357615894039736 0.039735099337748346 liyajie 2Сʱ_mousemovements
49.481254242424235 0 543.3296509999999 478.640892 0 678.144592 0 0 18.348623 62.485633750000005 581.377686 301.822502 44.61204085714286 28.5126918 212.69767546153847 37.510890833333335 0.02564102564102564 0.10256410256410256 0.02564102564102564 0.05128205128205128 0.1794871794871795 0.1282051282051282 0.3333333333333333 0.15384615384615385 29.356230507692313 45.241544714285716 153.059188 0.9154929577464789 0.04929577464788732 0.035211267605633804 0.8461538461538461 0.0 0.07692307692307693 0.05128205128205128 0.0 0.02564102564102564 0.0 0.0 0.6666666666666666 0.20833333333333334 0.058333333333333334 0.05 0.016666666666666666 liyajie 2Сʱ_mousemovements
49.94459352000002 0 390.96995549999997 0 341.633514 0 475.627563 0 346.209564 341.633514 0 280.48695960000003 113.97441574999999 50.03566550000001 23.899004799999997 43.99372107692307 0.018518518518518517 0.018518518518518517 0.0 0.09259259259259259 0.07407407407407407 0.18518518518518517 0.37037037037037035 0.24074074074074073 21.754653393258426 63.54111866666667 16.739502 0.9726775956284153 0.01639344262295082 0.01092896174863388 0.9259259259259259 0.0 0.037037037037037035 0.0 0.018518518518518517 0.0 0.018518518518518517 0.0 0.6607142857142857 0.24404761904761904 0.047619047619047616 0.023809523809523808 0.023809523809523808 liyajie 2Сʱ_mousemovements
39.859309162790694 66.001732 0 1004.571716 720.3576355 0 0 0 66.001732 395.987686 1004.571716 77.656853 28.519562466666667 75.12597583333334 56.10803755555555 0 0.02127659574468085 0.0425531914893617 0.02127659574468085 0.02127659574468085 0.3191489361702128 0.3829787234042553 0.19148936170212766 0.0 30.40490727819549 90.6931725 0 0.9851851851851852 0.014814814814814815 0.0 0.9148936170212766 0.02127659574468085 0.0 0.02127659574468085 0.0425531914893617 0.0 0.0 0.0 0.6386554621848739 0.23529411764705882 0.08403361344537816 0.025210084033613446 0.01680672268907563 liyajie 2Сʱ_mousemovements
67.4888238 0 0 394.251617 1023.459961 0 0 781.345642 139.313705 79.313705 0 595.386833 70.56169890909091 108.527205 49.26649 781.345642 0.043478260869565216 0.043478260869565216 0.0 0.08695652173913043 0.4782608695652174 0.17391304347826086 0.13043478260869565 0.043478260869565216 33.3986626875 0 292.3135603333333 0.963855421686747 0.0 0.03614457831325301 0.8695652173913043 0.0 0.0 0.043478260869565216 0.043478260869565216 0.0 0.0 0.043478260869565216 0.6231884057971014 0.2318840579710145 0.10144927536231885 0.014492753623188406 0.028985507246376812 liyajie 2Сʱ_mousemovements
71.93789312903225 311.38764000000003 240.477844 0 0 0 1018.303955 0 564.19397 534.793003 0 169.557823 69.25200406249999 65.5789118 39.1865075 126.984123 0.02857142857142857 0.05714285714285714 0.0 0.08571428571428572 0.45714285714285713 0.2857142857142857 0.05714285714285714 0.02857142857142857 28.909605710280374 0 1018.303955 0.9907407407407407 0.0 0.009259259259259259 0.8857142857142857 0.05714285714285714 0.02857142857142857 0.0 0.0 0.0 0.02857142857142857 0.0 0.7058823529411765 0.2 0.08235294117647059 0.011764705882352941 0.0 liyajie 2Сʱ_mousemovements
60.07231284615386 0 0 360.277679 0 0 0 0 360.277679 42.553192 0 72.4899765 56.053371125 0 0 0 0.07142857142857142 0.07142857142857142 0.0 0.2857142857142857 0.5714285714285714 0.0 0.0 0.0 16.615746106382982 0 360.277679 0.9791666666666666 0.0 0.020833333333333332 0.9285714285714286 0.0 0.0 0.07142857142857142 0.0 0.0 0.0 0.0 0.5581395348837209 0.27906976744186046 0.046511627906976744 0.046511627906976744 0.06976744186046512 liyajie 2Сʱ_mousemovements
0 0 0 0 0 0 0 0 0 0 0 0 0 0 0 0 0 0 0 0 0 0 0 0 0 0 0 0 0 0 0 0 0 0 0 0 0 0 0 0 0 0 0 liyajie 2Сʱ_mousemovements
29.333334 0 0 0 457.280914 0 458.002838 0 0 0 458.002838 0 0 243.307124 0 0 0.0 0.0 0.3333333333333333 0.0 0.0 0.6666666666666666 0.0 0.0 188.9234172 0.0 0 0.8333333333333334 0.16666666666666666 0.0 0.3333333333333333 0.0 0.0 0.0 0.3333333333333333 0.0 0.3333333333333333 0.0 0.4 0.4 0.0 0.0 0.2 liyajie 2Сʱ_mousemovements
55.28294327586206 440.0439605 0 473.07333000000006 0 0 521.885132 494.633759 137.55808566666667 0 0 342.2562715 164.74472599999999 46.07433266666667 35.36658366666666 334.9272662857143 0.08108108108108109 0.0 0.0 0.05405405405405406 0.1891891891891892 0.40540540540540543 0.08108108108108109 0.1891891891891892 50.82149853608245 0.0 231.2100645 0.97 0.01 0.02 0.7837837837837838 0.05405405405405406 0.0 0.10810810810810811 0.0 0.0 0.02702702702702703 0.02702702702702703 0.6091954022988506 0.20689655172413793 0.13793103448275862 0.034482758620689655 0.011494252873563218 liyajie 2Сʱ_mousemovements
0 0 0 0 0 0 0 0 0 0 0 0 0 0 0 0 0 0 0 0 0 0 0 0 0 0 0 0 0 0 0 0 0 0 0 0 0 0 0 0 0 0 0 liyajie 2Сʱ_mousemovements
53.56811185714286 0 0 0 0 0 0 0 0 106.5673105 0 0 40.734474 43.84797066666667 35.25 65.5513315 0.0 0.14285714285714285 0.0 0.0 0.35714285714285715 0.21428571428571427 0.14285714285714285 0.14285714285714285 16.303338391304347 0 0 1.0 0.0 0.0 1.0 0.0 0.0 0.0 0.0 0.0 0.0 0.0 0.625 0.25 0.075 0.025 0.025 liyajie 2Сʱ_mousemovements
41.106577812500014 218.330948 0 651.648422 0 516.146179 0 0 103.12500666666666 277.14372625 0 277.936943 30.426047666666665 44.07650253846153 93.57119766666666 0 0.08108108108108109 0.10810810810810811 0.0 0.05405405405405406 0.16216216216216217 0.35135135135135137 0.24324324324324326 0.0 27.61981892156863 2.6666666666666665 149.2587758 0.9272727272727272 0.02727272727272727 0.045454545454545456 0.8648648648648649 0.05405405405405406 0.0 0.05405405405405406 0.0 0.02702702702702703 0.0 0.0 0.6263736263736264 0.12087912087912088 0.08791208791208792 0.054945054945054944 0.10989010989010989 liyajie 2Сʱ_mousemovements
47.12342328947369 0 0 906.4266665 0 0 0 0 27.616236 355.86428666666666 0 0 63.4810926923077 104.80730671428572 21.972227875 40.0 0.025 0.075 0.0 0.0 0.325 0.35 0.2 0.025 26.25270061538461 37.458135600000006 1.7008299999999998 0.948905109489051 0.0364963503649635 0.014598540145985401 0.95 0.0 0.0 0.05 0.0 0.0 0.0 0.0 0.6475409836065574 0.18032786885245902 0.04918032786885246 0.03278688524590164 0.09016393442622951 liyajie 2Сʱ_mousemovements
50.970328166666654 180.9555435 0 630.49943575 0 0 0 0 250.5705265 191.37936775 0 186.132233 245.3643976666667 203.56355014285714 46.8002897 36.798553 0.05555555555555555 0.1111111111111111 0.0 0.027777777777777776 0.08333333333333333 0.19444444444444445 0.2777777777777778 0.25 22.248942699999997 14.285714 376.5926025 0.9629629629629629 0.007407407407407408 0.02962962962962963 0.8333333333333334 0.05555555555555555 0.0 0.1111111111111111 0.0 0.0 0.0 0.0 0.5725806451612904 0.16129032258064516 0.13709677419354838 0.07258064516129033 0.056451612903225805 liyajie 2Сʱ_mousemovements
43.108790523809525 0 0 0 0 0 0 0 0 0 0 0 50.338601499999996 51.580445624999996 17.986444799999997 0 0.0 0.0 0.0 0.0 0.38095238095238093 0.38095238095238093 0.23809523809523808 0.0 12.573397236111113 0 0 1.0 0.0 0.0 1.0 0.0 0.0 0.0 0.0 0.0 0.0 0.0 0.7627118644067796 0.22033898305084745 0.01694915254237288 0.0 0.0 liyajie 2Сʱ_mousemovements
43.37383270833334 0 0 282.080261 0 403.0348815 0 0 179.785823 0 0 36.970562 127.82667916666668 21.950196333333334 64.6092473 50.7353328 0.07407407407407407 0.0 0.0 0.037037037037037035 0.2222222222222222 0.1111111111111111 0.37037037037037035 0.18518518518518517 21.790925682926833 0 171.1330515 0.9761904761904762 0.0 0.023809523809523808 0.8888888888888888 0.0 0.0 0.037037037037037035 0.0 0.07407407407407407 0.0 0.0 0.6142857142857143 0.22857142857142856 0.07142857142857142 0.05714285714285714 0.02857142857142857 liyajie 2Сʱ_mousemovements
62.53245533333334 261.64580724999996 0 559.000137 0 0 1117.677856 482.10025 444.1690825 212.2230014 0 189.56902200000002 125.57894223076923 52.204549714285704 156.13813342857142 31.25 0.05263157894736842 0.13157894736842105 0.0 0.07894736842105263 0.34210526315789475 0.18421052631578946 0.18421052631578946 0.02631578947368421 39.61534721138211 68.17923449999999 210.42969766666667 0.9609375 0.015625 0.0234375 0.7894736842105263 0.10526315789473684 0.0 0.05263157894736842 0.0 0.0 0.02631578947368421 0.02631578947368421 0.5855855855855856 0.24324324324324326 0.11711711711711711 0.036036036036036036 0.018018018018018018 liyajie 2Сʱ_mousemovements
29.734812900000005 237.72723899999997 735.2680359999999 0 0 513.598511 0 927.512756 739.55127 30.242558 236.548401 31.147348333333337 72.02048273684211 22.447834 379.0860963333334 273.0815958571428 0.025 0.05 0.1 0.075 0.475 0.025 0.075 0.175 34.89410718110236 564.0419885 179.925728 0.9548872180451128 0.015037593984962405 0.03007518796992481 0.75 0.075 0.075 0.0 0.0 0.075 0.0 0.025 0.6239316239316239 0.23076923076923078 0.06837606837606838 0.07692307692307693 0.0 liyajie 2Сʱ_mousemovements
60.28703191304349 199.7361755 339.358948 0 220.077469 1067.5334676666666 0 0 1095.525818 0 236.9846243333333 221.847809 346.34256275000007 65.82088418181819 32.353214333333334 36.29966116666666 0.06666666666666667 0.0 0.1 0.03333333333333333 0.13333333333333333 0.36666666666666664 0.1 0.2 54.76402690909092 0 242.95884566666666 0.967032967032967 0.0 0.03296703296703297 0.7666666666666667 0.06666666666666667 0.03333333333333333 0.0 0.03333333333333333 0.1 0.0 0.0 0.5476190476190477 0.19047619047619047 0.16666666666666666 0.05952380952380952 0.03571428571428571 liyajie 2Сʱ_mousemovements
58.46704363888888 194.77159125 521.404663 543.016541 0 0 0 0 64.102562 0 0 318.72019375 82.2211589 0 46.49015923076923 84.48243885714285 0.023809523809523808 0.0 0.0 0.09523809523809523 0.23809523809523808 0.0 0.30952380952380953 0.3333333333333333 30.84625890625 0 0 1.0 0.0 0.0 0.8571428571428571 0.09523809523809523 0.023809523809523808 0.023809523809523808 0.0 0.0 0.0 0.0 0.6260869565217392 0.1826086956521739 0.12173913043478261 0.05217391304347826 0.017391304347826087 liyajie 2Сʱ_mousemovements
42.11791955172414 282.60905449999996 1080.253906 0 781.191406 651.232178 800.7254636666667 0 313.39151 337.397637 651.232178 781.191406 100.91703372727274 94.8149547142857 20.3939725 218.839758875 0.02702702702702703 0.10810810810810811 0.02702702702702703 0.02702702702702703 0.2972972972972973 0.1891891891891892 0.10810810810810811 0.21621621621621623 50.28101018947368 19.251818 628.7640176666667 0.95 0.02 0.03 0.7837837837837838 0.05405405405405406 0.02702702702702703 0.0 0.02702702702702703 0.02702702702702703 0.08108108108108109 0.0 0.5888888888888889 0.14444444444444443 0.14444444444444443 0.07777777777777778 0.044444444444444446 liyajie 2Сʱ_mousemovements
75.61658661538465 317.3469896666667 538.4352826666667 355.533859 553.0718385 0 847.97052 807.484741 81.23719133333333 286.740392 261.360626 713.9878235 423.5532685 86.81034266666667 112.42420618181819 293.17165620000003 0.07692307692307693 0.07692307692307693 0.05128205128205128 0.10256410256410256 0.05128205128205128 0.23076923076923078 0.28205128205128205 0.1282051282051282 46.897293828571414 75.97026249999999 448.17907049999997 0.8974358974358975 0.03418803418803419 0.06837606837606838 0.6666666666666666 0.07692307692307693 0.07692307692307693 0.05128205128205128 0.05128205128205128 0.0 0.02564102564102564 0.05128205128205128 0.5555555555555556 0.23148148148148148 0.07407407407407407 0.06481481481481481 0.07407407407407407 liyajie 2Сʱ_mousemovements
135.87750652941176 299.23040783333335 525.528687 466.2256165 718.763 678.5568695 608.19364925 686.620636 235.976274 64.590655 283.144516 469.3778327142857 188.5193923636364 325.7258266666667 191.68617079999999 294.0923344166667 0.15384615384615385 0.057692307692307696 0.057692307692307696 0.1346153846153846 0.21153846153846154 0.057692307692307696 0.09615384615384616 0.23076923076923078 65.02549010218979 79.67552549999999 468.72470020000003 0.9194630872483222 0.013422818791946308 0.06711409395973154 0.6538461538461539 0.11538461538461539 0.019230769230769232 0.038461538461538464 0.019230769230769232 0.038461538461538464 0.07692307692307693 0.038461538461538464 0.6014492753623188 0.13043478260869565 0.15217391304347827 0.050724637681159424 0.06521739130434782 liyajie 2Сʱ_mousemovements
69.96854319047618 162.25553100000002 300.96023533333334 606.77948 515.1716613333333 308.58931 784.280457 0 264.9636136666666 84.19399642857142 187.563482 147.21848683333334 209.70670660000002 311.3046543333333 147.344467 267.88537199999996 0.18181818181818182 0.21212121212121213 0.06060606060606061 0.18181818181818182 0.15151515151515152 0.09090909090909091 0.06060606060606061 0.06060606060606061 57.258589063157885 8.879432666666666 392.1402285 0.95 0.03 0.02 0.6363636363636364 0.06060606060606061 0.09090909090909091 0.030303030303030304 0.09090909090909091 0.06060606060606061 0.030303030303030304 0.0 0.651685393258427 0.15730337078651685 0.07865168539325842 0.07865168539325842 0.033707865168539325 liyajie 2Сʱ_mousemovements
70.274378875 234.65131387499997 547.923645 437.77554325 793.00412 1062.5979614999999 517.7554932500001 797.7185304 135.880348 115.1540645 366.7659505384615 306.36973775 321.158081 225.73446709090905 227.66523547058821 378.22298575 0.034482758620689655 0.034482758620689655 0.22413793103448276 0.06896551724137931 0.017241379310344827 0.1896551724137931 0.29310344827586204 0.13793103448275862 53.57013077564101 166.1396432857143 445.06115579999994 0.8764044943820225 0.03932584269662921 0.08426966292134831 0.5517241379310345 0.13793103448275862 0.017241379310344827 0.06896551724137931 0.034482758620689655 0.034482758620689655 0.06896551724137931 0.08620689655172414 0.6049382716049383 0.15432098765432098 0.16666666666666666 0.043209876543209874 0.030864197530864196 liyajie 2Сʱ_mousemovements
