186.15731457142857 0 0 1300.041016 0 0 0 0 0 395.4064495 0 0 0 130.472118 387.84627075 0 0.0 0.25 0.0 0.0 0.0 0.25 0.5 0.0 39.72244559375 0 666.0119794999999 0.9411764705882353 0.0 0.058823529411764705 0.875 0.0 0.0 0.125 0.0 0.0 0.0 0.0 0.4642857142857143 0.35714285714285715 0.07142857142857142 0.07142857142857142 0.03571428571428571 liyajie 7Сʱ_mousemovements
69.35029650000001 777.1477863333333 0 391.960907 0 0 0 0 391.960907 0 0 0 0 288.56156166666665 148.0854604 354.081512 0.05 0.0 0.0 0.0 0.0 0.15 0.75 0.05 76.66018020000001 0 0 1.0 0.0 0.0 0.8 0.15 0.0 0.05 0.0 0.0 0.0 0.0 0.5897435897435898 0.2564102564102564 0.07692307692307693 0.05128205128205128 0.02564102564102564 liyajie 7Сʱ_mousemovements
227.90360277777776 457.6963806666666 438.344574 2397.507568 0 0 0 0 61.043716 0 177.287521 550.3147735 326.6589916666667 0 693.735271 236.2297975 0.07142857142857142 0.0 0.07142857142857142 0.14285714285714285 0.21428571428571427 0.0 0.35714285714285715 0.14285714285714285 142.27440247727273 0 0 1.0 0.0 0.0 0.6428571428571429 0.21428571428571427 0.07142857142857142 0.07142857142857142 0.0 0.0 0.0 0.0 0.6111111111111112 0.16666666666666666 0.19444444444444445 0.027777777777777776 0.0 liyajie 7Сʱ_mousemovements
100.64405599999999 0 0 0 0 0 0 0 0 0 0 0 0 126.53790275 66.118927 0 0.0 0.0 0.0 0.0 0.0 0.5714285714285714 0.42857142857142855 0.0 30.630799652173913 0 0 1.0 0.0 0.0 1.0 0.0 0.0 0.0 0.0 0.0 0.0 0.0 0.6842105263157895 0.15789473684210525 0.05263157894736842 0.05263157894736842 0.05263157894736842 liyajie 7Сʱ_mousemovements
127.34791200000001 0 0 0 0 0 0 0 0 260.54306 0 0 120.3105575 142.17917633333334 45.540796 0 0.0 0.125 0.0 0.0 0.25 0.375 0.25 0.0 39.18397292307692 0 0 1.0 0.0 0.0 1.0 0.0 0.0 0.0 0.0 0.0 0.0 0.0 0.6363636363636364 0.18181818181818182 0.09090909090909091 0.045454545454545456 0.045454545454545456 liyajie 7Сʱ_mousemovements
162.93591483333333 0 0 799.221497 0 0 0 0 0 0 308.559692 0 147.110931 0 799.221497 130.4862165 0.0 0.0 0.14285714285714285 0.0 0.14285714285714285 0.0 0.14285714285714285 0.5714285714285714 63.45846378571428 0 0 1.0 0.0 0.0 0.8571428571428571 0.0 0.0 0.14285714285714285 0.0 0.0 0.0 0.0 0.5454545454545454 0.36363636363636365 0.045454545454545456 0.0 0.045454545454545456 liyajie 7Сʱ_mousemovements
155.90178813636362 652.367096 0 415.714569 213.584839 0 0 1508.995728 344.0057185 156.23884575 0 167.8254545 148.9876045 275.52655 1508.995728 278.5503735714286 0.07407407407407407 0.14814814814814814 0.0 0.07407407407407407 0.37037037037037035 0.037037037037037035 0.037037037037037035 0.25925925925925924 80.68973707042252 16.129032 187.96138383333331 0.9102564102564102 0.01282051282051282 0.07692307692307693 0.8148148148148148 0.07407407407407407 0.0 0.037037037037037035 0.037037037037037035 0.0 0.0 0.037037037037037035 0.6417910447761194 0.22388059701492538 0.05970149253731343 0.07462686567164178 0.0 liyajie 7Сʱ_mousemovements
127.6435607 315.59485366666667 508.18121350000007 0 0 0 643.334106 0 326.5774845 60.1893235 356.140228 119.062973 231.12687099999997 198.1513465 240.2007998 135.16990958333332 0.05263157894736842 0.05263157894736842 0.02631578947368421 0.02631578947368421 0.15789473684210525 0.10526315789473684 0.2631578947368421 0.3157894736842105 81.0016341521739 0 0 1.0 0.0 0.0 0.7894736842105263 0.07894736842105263 0.10526315789473684 0.0 0.0 0.0 0.02631578947368421 0.0 0.524390243902439 0.24390243902439024 0.17073170731707318 0.04878048780487805 0.012195121951219513 liyajie 7Сʱ_mousemovements
98.1555271 216.69368 264.345688 0 273.4240345 0 0 0 46.96738233333334 160.17086999999998 229.030056 0 209.645554 220.511284 171.8267825 156.51873 0.17647058823529413 0.29411764705882354 0.11764705882352941 0.0 0.058823529411764705 0.11764705882352941 0.11764705882352941 0.11764705882352941 52.061072230769234 0.0 0 0.9811320754716981 0.018867924528301886 0.0 0.5882352941176471 0.17647058823529413 0.11764705882352941 0.0 0.11764705882352941 0.0 0.0 0.0 0.575 0.275 0.0 0.025 0.125 liyajie 7Сʱ_mousemovements
0 0 0 0 0 0 0 0 0 0 0 0 0 0 0 0 0 0 0 0 0 0 0 0 0 0 0 0 0 0 0 0 0 0 0 0 0 0 0 0 0 0 0 liyajie 7Сʱ_mousemovements
136.7154828666667 328.791962 559.6835936666666 0 0 797.06073 962.983673 0 361.788193 652.924469 797.06073 0 197.3929764 1001.3994445 151.61373133333333 13.917712250000001 0.09090909090909091 0.09090909090909091 0.045454545454545456 0.0 0.22727272727272727 0.09090909090909091 0.2727272727272727 0.18181818181818182 118.37208436842104 11.464751 0 0.95 0.05 0.0 0.6818181818181818 0.045454545454545456 0.13636363636363635 0.0 0.0 0.045454545454545456 0.09090909090909091 0.0 0.5925925925925926 0.14814814814814814 0.14814814814814814 0.09259259259259259 0.018518518518518517 liyajie 7Сʱ_mousemovements
69.56242830000001 278.824554 0 0 0 0 0 0 152.66720600000002 0 42.856911 278.824554 47.221733 0 0 64.102562 0.18181818181818182 0.0 0.09090909090909091 0.09090909090909091 0.5454545454545454 0.0 0.0 0.09090909090909091 32.48162790000001 0 0 1.0 0.0 0.0 0.9090909090909091 0.09090909090909091 0.0 0.0 0.0 0.0 0.0 0.0 0.7777777777777778 0.14814814814814814 0.037037037037037035 0.0 0.037037037037037035 liyajie 7Сʱ_mousemovements
100.20148609090907 0 378.624786 3218.70752 0 864.119141 1279.432861 0 93.47510533333333 225.3200416666667 1798.666153 0 122.627419 1279.432861 79.296402 132.066101 0.2 0.4 0.13333333333333333 0.0 0.06666666666666667 0.06666666666666667 0.06666666666666667 0.06666666666666667 180.08159618421053 0 0 1.0 0.0 0.0 0.7333333333333333 0.0 0.06666666666666667 0.06666666666666667 0.0 0.06666666666666667 0.06666666666666667 0.0 0.5294117647058824 0.29411764705882354 0.14705882352941177 0.0 0.029411764705882353 liyajie 7Сʱ_mousemovements
107.3461038 307.81841299999996 1322.081665 0 0 0 0 0 0 109.3376145 112.36495866666667 310.398865 182.3150442857143 95.1134948 61.095683 333.2617907142857 0.0 0.2 0.15 0.025 0.175 0.125 0.15 0.175 58.848598742857135 43.788694 0 0.9722222222222222 0.027777777777777776 0.0 0.875 0.1 0.025 0.0 0.0 0.0 0.0 0.0 0.5714285714285714 0.22448979591836735 0.12244897959183673 0.061224489795918366 0.02040816326530612 liyajie 7Сʱ_mousemovements
0 0 0 0 0 0 0 0 0 0 0 0 0 0 0 0 0 0 0 0 0 0 0 0 0 0 0 0 0 0 0 0 0 0 0 0 0 0 0 0 0 0 0 liyajie 7Сʱ_mousemovements
0 0 0 0 0 0 0 0 0 0 0 0 0 0 0 0 0 0 0 0 0 0 0 0 0 0 0 0 0 0 0 0 0 0 0 0 0 0 0 0 0 0 0 liyajie 7Сʱ_mousemovements
0 0 0 0 0 0 0 0 0 0 0 0 0 0 0 0 0 0 0 0 0 0 0 0 0 0 0 0 0 0 0 0 0 0 0 0 0 0 0 0 0 0 0 liyajie 7Сʱ_mousemovements
0 0 0 0 0 0 0 0 0 0 0 0 0 0 0 0 0 0 0 0 0 0 0 0 0 0 0 0 0 0 0 0 0 0 0 0 0 0 0 0 0 0 0 liyajie 7Сʱ_mousemovements
0 0 0 0 0 0 6088.085938 0 0 0 0 6088.085938 0 0 0 0 0.0 0.0 0.0 1.0 0.0 0.0 0.0 0.0 3044.042969 0 0 1.0 0.0 0.0 0.0 0.0 0.0 0.0 0.0 0.0 1.0 0.0 0.5 0.5 0.0 0.0 0.0 liyajie 7Сʱ_mousemovements
164.04459188 91.152748 585.5718283333333 410.80191 1927.5962675 950.649536 770.908203 988.44043 983.8338777499999 267.92508433333336 353.33288775000005 568.0280075000001 69.962906 372.208579 213.00905483333335 222.5636655 0.10810810810810811 0.32432432432432434 0.10810810810810811 0.05405405405405406 0.02702702702702703 0.10810810810810811 0.16216216216216217 0.10810810810810811 94.8589622520325 43.0427265 198.388379875 0.9111111111111111 0.02962962962962963 0.05925925925925926 0.6756756756756757 0.05405405405405406 0.08108108108108109 0.05405405405405406 0.05405405405405406 0.02702702702702703 0.02702702702702703 0.02702702702702703 0.5952380952380952 0.2222222222222222 0.07936507936507936 0.06349206349206349 0.03968253968253968 liyajie 7Сʱ_mousemovements
130.38124643999998 608.1811985 332.6504705 1008.462891 0 799.195618 0 0 541.5846065000001 175.18799377777776 146.59771233333333 297.77065074999996 220.30530366666667 106.05140933333332 333.2604793333333 18.348623 0.06451612903225806 0.2903225806451613 0.0967741935483871 0.12903225806451613 0.1935483870967742 0.0967741935483871 0.0967741935483871 0.03225806451612903 76.48804406666667 11.588716 41.75161 0.967741935483871 0.021505376344086023 0.010752688172043012 0.8064516129032258 0.06451612903225806 0.06451612903225806 0.03225806451612903 0.0 0.03225806451612903 0.0 0.0 0.5783132530120482 0.24096385542168675 0.12048192771084337 0.024096385542168676 0.03614457831325301 liyajie 7Сʱ_mousemovements
152.065181952381 255.75212850000003 596.3935245 345.398102 1280.3989663333334 0 716.416992 1076.1177065 486.10765680000003 125.763995 548.198166 716.416992 324.5430503333333 381.60005511111115 823.6605223333332 65.4977462 0.15625 0.125 0.0625 0.03125 0.09375 0.28125 0.09375 0.15625 62.07625422891565 11.392006499999999 675.5010406 0.8556701030927835 0.041237113402061855 0.10309278350515463 0.65625 0.0625 0.0625 0.03125 0.09375 0.0 0.03125 0.0625 0.6292134831460674 0.16853932584269662 0.12359550561797752 0.0449438202247191 0.033707865168539325 liyajie 7Сʱ_mousemovements
197.090088 0 563.267761 0 1382.508423 0 0 0 0 1382.508423 0 0 0 0 563.267761 197.090088 0.0 0.3333333333333333 0.0 0.0 0.0 0.0 0.3333333333333333 0.3333333333333333 225.65693014285714 563.267761 0 0.875 0.125 0.0 0.3333333333333333 0.0 0.3333333333333333 0.0 0.3333333333333333 0.0 0.0 0.0 0.5714285714285714 0.2857142857142857 0.0 0.14285714285714285 0.0 liyajie 7Сʱ_mousemovements
148.0761521290323 341.05543325 231.887146 313.606262 1434.195679 2032.098511 1166.835571 0 13.5982075 187.068488625 362.9786365714286 0 222.728458 511.3970520000001 346.4749911 234.5462875 0.045454545454545456 0.36363636363636365 0.1590909090909091 0.0 0.045454545454545456 0.11363636363636363 0.22727272727272727 0.045454545454545456 87.19668877037037 71.68088949999999 4.532736 0.9183673469387755 0.06802721088435375 0.013605442176870748 0.7045454545454546 0.18181818181818182 0.022727272727272728 0.022727272727272728 0.022727272727272728 0.022727272727272728 0.022727272727272728 0.0 0.5522388059701493 0.3582089552238806 0.05970149253731343 0.014925373134328358 0.014925373134328358 liyajie 7Сʱ_mousemovements
163.39593720000002 0 0 1065.381348 0 0 1151.383789 0 182.7957 0 0 0 0 514.321176 48.387096 163.687155 0.09090909090909091 0.0 0.0 0.0 0.0 0.5454545454545454 0.09090909090909091 0.2727272727272727 137.19822132142855 9.174312 0 0.9655172413793104 0.034482758620689655 0.0 0.8333333333333334 0.0 0.0 0.08333333333333333 0.0 0.0 0.08333333333333333 0.0 0.6086956521739131 0.2608695652173913 0.08695652173913043 0.043478260869565216 0.0 liyajie 7Сʱ_mousemovements
178.16086272727273 374.1054445 471.689636 0 1696.9083555 1077.9506225 929.925964 1298.1131590000002 132.9613115 696.3399972857143 165.744232 0 484.234446 738.440400625 564.6314493333333 344.9537315 0.07692307692307693 0.2692307692307692 0.038461538461538464 0.0 0.11538461538461539 0.3076923076923077 0.11538461538461539 0.07692307692307693 106.9768231097561 347.43757999999997 465.25837791666663 0.8541666666666666 0.020833333333333332 0.125 0.4230769230769231 0.23076923076923078 0.038461538461538464 0.0 0.07692307692307693 0.07692307692307693 0.038461538461538464 0.11538461538461539 0.6428571428571429 0.14285714285714285 0.13095238095238096 0.08333333333333333 0.0 liyajie 7Сʱ_mousemovements
100.24544583333333 0 0 0 1213.731201 641.282349 954.921326 0 342.84294133333333 114.848785 0 0 50.685555 486.181593 622.4906005 0 0.3333333333333333 0.1111111111111111 0.0 0.0 0.1111111111111111 0.2222222222222222 0.2222222222222222 0.0 101.43353784375 0 55.178113333333336 0.9142857142857143 0.0 0.08571428571428572 0.6666666666666666 0.0 0.0 0.0 0.1111111111111111 0.1111111111111111 0.1111111111111111 0.0 0.6774193548387096 0.22580645161290322 0.03225806451612903 0.06451612903225806 0.0 liyajie 7Сʱ_mousemovements
16.129032 0 0 0 0 2549.230225 0 0 0 0 0 2549.230225 0 0 16.129032 0 0.0 0.0 0.0 0.5 0.0 0.0 0.5 0.0 254.92302249999997 16.129032 0.0 0.8333333333333334 0.08333333333333333 0.08333333333333333 0.5 0.0 0.0 0.0 0.0 0.5 0.0 0.0 0.7 0.2 0.1 0.0 0.0 liyajie 7Сʱ_mousemovements
0 0 0 0 0 0 0 0 0 0 0 0 0 0 0 0 0 0 0 0 0 0 0 0 0 0 0 0 0 0 0 0 0 0 0 0 0 0 0 0 0 0 0 liyajie 7Сʱ_mousemovements
0 0 0 0 0 0 0 0 0 0 0 0 0 0 0 0 0 0 0 0 0 0 0 0 0 0 0 0 0 0 0 0 0 0 0 0 0 0 0 0 0 0 0 liyajie 7Сʱ_mousemovements
0 0 0 0 0 0 0 0 0 0 0 0 0 0 0 0 0 0 0 0 0 0 0 0 0 0 0 0 0 0 0 0 0 0 0 0 0 0 0 0 0 0 0 liyajie 7Сʱ_mousemovements
0 0 0 0 0 0 0 0 0 0 0 0 0 0 0 0 0 0 0 0 0 0 0 0 0 0 0 0 0 0 0 0 0 0 0 0 0 0 0 0 0 0 0 liyajie 7Сʱ_mousemovements
0 0 0 0 0 0 0 0 0 0 0 0 0 0 0 0 0 0 0 0 0 0 0 0 0 0 0 0 0 0 0 0 0 0 0 0 0 0 0 0 0 0 0 liyajie 7Сʱ_mousemovements
0 0 0 0 0 0 0 0 0 0 0 0 0 0 0 0 0 0 0 0 0 0 0 0 0 0 0 0 0 0 0 0 0 0 0 0 0 0 0 0 0 0 0 liyajie 7Сʱ_mousemovements
0 0 0 0 0 0 0 0 0 0 0 0 0 0 0 0 0 0 0 0 0 0 0 0 0 0 0 0 0 0 0 0 0 0 0 0 0 0 0 0 0 0 0 liyajie 7Сʱ_mousemovements
0 0 0 0 0 0 0 0 0 0 0 0 0 0 0 0 0 0 0 0 0 0 0 0 0 0 0 0 0 0 0 0 0 0 0 0 0 0 0 0 0 0 0 liyajie 7Сʱ_mousemovements
0 0 0 0 0 0 0 0 0 0 0 0 0 0 0 0 0 0 0 0 0 0 0 0 0 0 0 0 0 0 0 0 0 0 0 0 0 0 0 0 0 0 0 liyajie 7Сʱ_mousemovements
2747.064065 0 330.551971 0 811.331787 0 0 0 0 12.820513 0 0 811.331787 0 0 2905.929794 0.0 0.25 0.0 0.0 0.25 0.0 0.0 0.5 786.5799255000001 12.820513 330.551971 0.8 0.1 0.1 0.5 0.0 0.25 0.0 0.25 0.0 0.0 0.0 0.625 0.125 0.125 0.125 0.0 liyajie 7Сʱ_mousemovements
238.6000595 0 707.859314 1381.259598 0 0 0 0 0 0 0 2359.676514 321.696899 155.50322 0 555.350998 0.0 0.0 0.0 0.2 0.2 0.2 0.0 0.4 231.35856733333335 0 159.06670633333331 0.8333333333333334 0.0 0.16666666666666666 0.4 0.0 0.2 0.4 0.0 0.0 0.0 0.0 0.5 0.4444444444444444 0.0 0.0 0.05555555555555555 liyajie 7Сʱ_mousemovements
70.88793625 241.3188705 542.7199095000001 519.9536435 985.873962 0 0 0 684.766418 273.84470350000004 0 985.873962 580.564819 0 140.39386625 258.4702415 0.09090909090909091 0.18181818181818182 0.0 0.09090909090909091 0.09090909090909091 0.0 0.36363636363636365 0.18181818181818182 67.89974212500002 186.83664 572.054443 0.8648648648648649 0.08108108108108109 0.05405405405405406 0.36363636363636365 0.18181818181818182 0.18181818181818182 0.18181818181818182 0.09090909090909091 0.0 0.0 0.0 0.5833333333333334 0.2222222222222222 0.1111111111111111 0.08333333333333333 0.0 liyajie 7Сʱ_mousemovements
234.83960800000003 609.136902 951.361145 0 1202.1427 520.783081 0 895.209015 0 515.8193103333333 607.314214 1250.098297 424.02819800000003 0 717.05424 0 0.0 0.23076923076923078 0.23076923076923078 0.15384615384615385 0.15384615384615385 0.0 0.23076923076923078 0.0 163.2557338974359 0.0 420.03188066666667 0.8478260869565217 0.021739130434782608 0.13043478260869565 0.42857142857142855 0.07142857142857142 0.07142857142857142 0.0 0.21428571428571427 0.07142857142857142 0.0 0.14285714285714285 0.7073170731707317 0.17073170731707318 0.07317073170731707 0.024390243902439025 0.024390243902439025 liyajie 7Сʱ_mousemovements
117.35355 646.4857790000001 0 395.066772 0 0 0 1215.440796 1215.440796 395.066772 0 0 505.68012000000004 0 10.638298 0 0.16666666666666666 0.16666666666666666 0.0 0.0 0.5 0.0 0.16666666666666666 0.0 240.58060984615383 10.638298 0 0.9285714285714286 0.07142857142857142 0.0 0.3333333333333333 0.3333333333333333 0.0 0.16666666666666666 0.0 0.0 0.0 0.16666666666666666 0.38461538461538464 0.3076923076923077 0.23076923076923078 0.0 0.07692307692307693 liyajie 7Сʱ_mousemovements
0 0 0 0 0 0 0 0 0 0 0 0 0 0 0 0 0 0 0 0 0 0 0 0 0 0 0 0 0 0 0 0 0 0 0 0 0 0 0 0 0 0 0 liyajie 7Сʱ_mousemovements
0 0 0 0 0 0 0 0 0 0 0 0 0 0 0 0 0 0 0 0 0 0 0 0 0 0 0 0 0 0 0 0 0 0 0 0 0 0 0 0 0 0 0 liyajie 7Сʱ_mousemovements
0 0 0 0 0 0 0 0 0 0 0 0 0 0 0 0 0 0 0 0 0 0 0 0 0 0 0 0 0 0 0 0 0 0 0 0 0 0 0 0 0 0 0 liyajie 7Сʱ_mousemovements
168.18455034615388 535.3524322000001 350.6040645 0 735.458618 513.151367 0 1163.865845 297.31842 139.1995375 420.70032399999997 179.025818 478.26016300000003 1163.865845 154.319824 216.99967166666667 0.027777777777777776 0.4444444444444444 0.19444444444444445 0.027777777777777776 0.1388888888888889 0.027777777777777776 0.05555555555555555 0.08333333333333333 130.33893698630138 162.55515533333335 160.836563 0.948051948051948 0.03896103896103896 0.012987012987012988 0.7222222222222222 0.1388888888888889 0.05555555555555555 0.0 0.027777777777777776 0.027777777777777776 0.0 0.027777777777777776 0.5352112676056338 0.19718309859154928 0.1267605633802817 0.1267605633802817 0.014084507042253521 liyajie 7Сʱ_mousemovements
205.84334409999997 0 0 0 0 0 0 0 0 208.69110862499997 0 0 0 0 194.45228600000002 0 0.0 0.8 0.0 0.0 0.0 0.0 0.2 0.0 70.98046348275861 0 0 1.0 0.0 0.0 1.0 0.0 0.0 0.0 0.0 0.0 0.0 0.0 0.8 0.08 0.04 0.08 0.0 liyajie 7Сʱ_mousemovements
108.94714035 467.142395 499.697601 818.084595 0 0 0 721.8114925 352.19804350000004 90.5282705 132.11524640000002 0 273.21253839999997 320.8972245 71.269098 172.501747 0.08 0.08 0.2 0.0 0.4 0.08 0.08 0.08 28.041039136842112 63.924389999999995 425.3030825 0.9134615384615384 0.028846153846153848 0.057692307692307696 0.8 0.04 0.04 0.04 0.0 0.0 0.0 0.08 0.6082474226804123 0.23711340206185566 0.1134020618556701 0.010309278350515464 0.030927835051546393 liyajie 7Сʱ_mousemovements
409.3622454444445 249.392204 0 853.909119 405.598572 0 1305.3545835 0 629.7538455 702.5609472499999 248.591705 0 403.2258 867.3999405 180.619194 874.415833 0.13333333333333333 0.26666666666666666 0.06666666666666667 0.0 0.06666666666666667 0.13333333333333333 0.26666666666666666 0.06666666666666667 141.56675797500003 83.39756766666666 713.466151 0.8695652173913043 0.06521739130434782 0.06521739130434782 0.6 0.13333333333333333 0.0 0.06666666666666667 0.06666666666666667 0.0 0.13333333333333333 0.0 0.717948717948718 0.15384615384615385 0.07692307692307693 0.05128205128205128 0.0 liyajie 7Сʱ_mousemovements
61.911091 0 0 0 0 593.3595986666668 0 1201.89502 518.731384 8.0 0 0 424.2420235 865.2902835 0 0 0.16666666666666666 0.16666666666666666 0.0 0.0 0.3333333333333333 0.3333333333333333 0.0 0.0 164.21616213333334 8.0 317.276783 0.8333333333333334 0.05555555555555555 0.1111111111111111 0.3333333333333333 0.0 0.0 0.0 0.0 0.5 0.0 0.16666666666666666 0.75 0.08333333333333333 0.08333333333333333 0.08333333333333333 0.0 liyajie 7Сʱ_mousemovements
114.455612 0 0 0 0 0 0 982.915436 0 351.4892045 0 0 0 1326.682251 165.081436 0 0.0 0.5 0.0 0.0 0.0 0.25 0.25 0.0 33.47516233333334 165.081436 1326.682251 0.9130434782608695 0.043478260869565216 0.043478260869565216 0.5 0.0 0.0 0.0 0.0 0.0 0.0 0.5 0.631578947368421 0.10526315789473684 0.2631578947368421 0.0 0.0 liyajie 7Сʱ_mousemovements
196.927518 0 418.209076 0 882.345642 678.282349 0 1726.245117 197.610187 185.420662 241.4840775 426.08646633333336 199.245255 0 1726.245117 354.45564724999997 0.1875 0.125 0.125 0.1875 0.0625 0.0 0.0625 0.25 87.32463109756097 12.897475 410.3512625 0.8367346938775511 0.04081632653061224 0.12244897959183673 0.75 0.0 0.0625 0.0 0.0625 0.0625 0.0 0.0625 0.6739130434782609 0.1956521739130435 0.08695652173913043 0.021739130434782608 0.021739130434782608 liyajie 7Сʱ_mousemovements
174.08746945 424.87751 712.5919090000001 0 622.00647 747.997437 0 0 257.653309 71.12918859999999 713.787964 0 197.707305 446.9308538181818 416.89420959999995 111.5857016 0.06451612903225806 0.16129032258064516 0.03225806451612903 0.0 0.06451612903225806 0.3548387096774194 0.16129032258064516 0.16129032258064516 107.51561712941178 21.276596 189.34501550000002 0.9659090909090909 0.011363636363636364 0.022727272727272728 0.6451612903225806 0.1935483870967742 0.0967741935483871 0.0 0.03225806451612903 0.03225806451612903 0.0 0.0 0.5063291139240507 0.24050632911392406 0.10126582278481013 0.12658227848101267 0.02531645569620253 liyajie 7Сʱ_mousemovements
124.61967246153844 0 147.970612 388.479996 0 522.0108720000001 2593.595215 0 0 630.4845964 138.879509 0 0 267.88047700000004 143.95000950000002 182.597961 0.0 0.2631578947368421 0.15789473684210525 0.0 0.0 0.42105263157894735 0.10526315789473684 0.05263157894736842 107.22941289090907 0 284.985596 0.9821428571428571 0.0 0.017857142857142856 0.6842105263157895 0.0 0.05263157894736842 0.10526315789473684 0.0 0.10526315789473684 0.05263157894736842 0.0 0.5625 0.20833333333333334 0.14583333333333334 0.041666666666666664 0.041666666666666664 liyajie 7Сʱ_mousemovements
156.10261804761905 236.20260599999997 155.008728 333.844444 687.440582 0 647.906982 1207.8247075 495.5424805 337.4846717777777 174.4019765 217.97165166666665 288.68929099999997 206.30158400000002 633.4291333333333 50.81754 0.0625 0.28125 0.125 0.09375 0.0625 0.1875 0.09375 0.09375 89.71071870297028 26.8817195 44.450648666666666 0.9528301886792453 0.018867924528301886 0.02830188679245283 0.65625 0.09375 0.03125 0.0625 0.0625 0.0 0.03125 0.0625 0.4782608695652174 0.22826086956521738 0.11956521739130435 0.11956521739130435 0.05434782608695652 liyajie 7Сʱ_mousemovements
97.46682816666667 311.8656602 0 171.237259 0 0 0 0 0 0 147.605549 300.516449 67.59338366666667 286.526764 219.09284633333334 0 0.0 0.0 0.16666666666666666 0.08333333333333333 0.25 0.25 0.25 0.0 53.44860219512196 0 123.973839 0.9761904761904762 0.0 0.023809523809523808 0.5 0.4166666666666667 0.0 0.08333333333333333 0.0 0.0 0.0 0.0 0.5 0.28125 0.1875 0.0 0.03125 liyajie 7Сʱ_mousemovements
167.09433325 0 0 696.476501 0 0 0 0 0 0 385.0517655 64.516129 119.167259 265.828804 16.129032 0 0.0 0.0 0.2222222222222222 0.1111111111111111 0.1111111111111111 0.4444444444444444 0.1111111111111111 0.0 112.06122972222221 16.129032 0 0.9473684210526315 0.05263157894736842 0.0 0.8888888888888888 0.0 0.0 0.1111111111111111 0.0 0.0 0.0 0.0 0.6470588235294118 0.17647058823529413 0.058823529411764705 0.058823529411764705 0.058823529411764705 liyajie 7Сʱ_mousemovements
190.5847686 631.506531 544.7462463333333 0 0 0 0 1006.527222 0 321.1166176666666 430.656469 0 0 0 1006.527222 0 0.0 0.6 0.3 0.0 0.0 0.0 0.1 0.0 111.18937723684212 0.0 0 0.9743589743589743 0.02564102564102564 0.0 0.5 0.1 0.3 0.0 0.0 0.0 0.0 0.1 0.4117647058823529 0.38235294117647056 0.11764705882352941 0.058823529411764705 0.029411764705882353 liyajie 7Сʱ_mousemovements
178.1604485 0 0 878.347717 1814.606812 0 1147.171509 0 318.940155 1012.759613 0 0 1814.606812 164.4371635 233.87604333333334 37.920488 0.09090909090909091 0.18181818181818182 0.0 0.0 0.09090909090909091 0.18181818181818182 0.2727272727272727 0.18181818181818182 131.20588285000002 8.587156 0 0.9523809523809523 0.047619047619047616 0.0 0.7272727272727273 0.0 0.0 0.09090909090909091 0.09090909090909091 0.0 0.09090909090909091 0.0 0.6363636363636364 0.21212121212121213 0.06060606060606061 0.030303030303030304 0.06060606060606061 liyajie 7Сʱ_mousemovements
92.13056772222222 243.8845785 206.788223 0 974.69812 0 0 1379.6226806666666 55.876122 219.54602827272728 207.79863699999999 72.63254500000001 94.787155 695.7024495000001 874.401596 380.02079375 0.037037037037037035 0.4074074074074074 0.07407407407407407 0.1111111111111111 0.07407407407407407 0.07407407407407407 0.07407407407407407 0.14814814814814814 60.23988431683168 31.914894 459.52492700000005 0.9528301886792453 0.009433962264150943 0.03773584905660377 0.6666666666666666 0.14814814814814814 0.037037037037037035 0.0 0.037037037037037035 0.0 0.0 0.1111111111111111 0.711340206185567 0.1134020618556701 0.10309278350515463 0.05154639175257732 0.020618556701030927 liyajie 7Сʱ_mousemovements
