115.75752038461539 448.531667 472.63273133333337 1507.17627 0 79.658104 0 0 0 810.6412456666667 310.08749950000004 342.21603400000004 129.051941 0 90.31117925000001 107.3809796 0.0 0.14285714285714285 0.19047619047619047 0.14285714285714285 0.09523809523809523 0.0 0.19047619047619047 0.23809523809523808 72.50656599999999 79.658104 168.76238999999998 0.9615384615384616 0.01282051282051282 0.02564102564102564 0.6190476190476191 0.14285714285714285 0.14285714285714285 0.047619047619047616 0.0 0.047619047619047616 0.0 0.0 0.6 0.25 0.08333333333333333 0.016666666666666666 0.05 shenyanping 6Сʱ_mousemovements
682.6583016000001 1836.164673 0 0 0 0 0 0 0 0 0 0 0 0 0 874.9093635 0.0 0.0 0.0 0.0 0.0 0.0 0.0 1.0 437.45468175 0 0 1.0 0.0 0.0 0.8333333333333334 0.16666666666666666 0.0 0.0 0.0 0.0 0.0 0.0 0.8571428571428571 0.14285714285714285 0.0 0.0 0.0 shenyanping 6Сʱ_mousemovements
120.61380575 0 719.2784425 0 0 0 0 0 92.082298 70.669365 488.620373 0 0 283.769905 75.633553 206.76718633333334 0.1 0.1 0.2 0.0 0.0 0.2 0.1 0.3 64.46618868571429 71.517174 75.633553 0.9459459459459459 0.02702702702702703 0.02702702702702703 0.8 0.0 0.2 0.0 0.0 0.0 0.0 0.0 0.7 0.13333333333333333 0.1 0.03333333333333333 0.03333333333333333 shenyanping 6Сʱ_mousemovements
239.67331419999996 1107.970581 659.5643264 699.0073293333334 0 416.387451 0 0 615.404541 398.4772835 840.696949 580.8183186666666 443.399465 28.4737525 442.51141924999996 440.845085 0.05 0.1 0.1 0.15 0.15 0.1 0.2 0.15 161.37387047272728 89.223 175.574459 0.9482758620689655 0.017241379310344827 0.034482758620689655 0.5 0.05 0.25 0.15 0.0 0.05 0.0 0.0 0.5 0.2826086956521739 0.1956521739130435 0.0 0.021739130434782608 shenyanping 6Сʱ_mousemovements
0 0 0 0 0 0 0 0 0 0 0 0 0 0 0 0 0 0 0 0 0 0 0 0 0 0 0 0 0 0 0 0 0 0 0 0 0 0 0 0 0 0 0 shenyanping 6Сʱ_mousemovements
599.63381575 0 0 0 0 0 0 0 0 0 0 932.918823 0 225.588364 620.014038 0 0.0 0.0 0.0 0.25 0.0 0.25 0.5 0.0 299.816907875 0 0 1.0 0.0 0.0 1.0 0.0 0.0 0.0 0.0 0.0 0.0 0.0 0.6666666666666666 0.3333333333333333 0.0 0.0 0.0 shenyanping 6Сʱ_mousemovements
170.1258426666667 645.7612178333334 488.130585 1807.0893146666665 1496.246175 0 0 0 80.3654445 329.40644069999996 2156.1208494999996 1007.5443515 811.12793 625.14382925 243.35093066666664 382.9731485 0.06451612903225806 0.3225806451612903 0.06451612903225806 0.12903225806451613 0.03225806451612903 0.12903225806451613 0.1935483870967742 0.06451612903225806 193.66458324096385 61.473901749999996 338.30450433333334 0.9222222222222223 0.044444444444444446 0.03333333333333333 0.5806451612903226 0.1935483870967742 0.03225806451612903 0.0967741935483871 0.0967741935483871 0.0 0.0 0.0 0.5897435897435898 0.24358974358974358 0.11538461538461539 0.038461538461538464 0.01282051282051282 shenyanping 6Сʱ_mousemovements
189.4161610277778 334.608202 461.3961867500001 447.45372033333337 1547.8698275 0 0 2001.286743 299.727376 228.23855722222223 353.9081981111111 600.434445 317.09047066666665 377.23788849999994 352.7196536666666 172.64937966666665 0.05172413793103448 0.15517241379310345 0.15517241379310345 0.10344827586206896 0.10344827586206896 0.1724137931034483 0.15517241379310345 0.10344827586206896 112.83323063855418 78.8446875 60.43143642857143 0.9273743016759777 0.0335195530726257 0.03910614525139665 0.6206896551724138 0.13793103448275862 0.13793103448275862 0.05172413793103448 0.034482758620689655 0.0 0.0 0.017241379310344827 0.47468354430379744 0.2974683544303797 0.08860759493670886 0.08227848101265822 0.056962025316455694 shenyanping 6Сʱ_mousemovements
122.68099418181815 678.7464047999999 0 1038.1865692499998 911.8911512499999 2301.7957455 2727.55542 3733.565186 658.577788142857 972.913175 0 1797.0559893333336 989.1991983333332 676.6652725 192.6013215 1929.2136575 0.25 0.10714285714285714 0.0 0.10714285714285714 0.10714285714285714 0.14285714285714285 0.21428571428571427 0.07142857142857142 244.46208660674162 6.410256 204.96777499999996 0.898989898989899 0.010101010101010102 0.09090909090909091 0.39285714285714285 0.17857142857142858 0.0 0.14285714285714285 0.14285714285714285 0.07142857142857142 0.03571428571428571 0.03571428571428571 0.6774193548387096 0.1935483870967742 0.08602150537634409 0.021505376344086023 0.021505376344086023 shenyanping 6Сʱ_mousemovements
187.31208629069772 469.52291777777776 611.2051736 955.9660903846153 835.4329280000001 1601.1402831999999 1615.522617857143 2041.648356 573.6782735238095 470.7256954545455 985.146151117647 487.63944383783786 255.43516299999996 622.8206596 682.0338774999999 403.94879818181823 0.12883435582822086 0.06748466257668712 0.10429447852760736 0.22699386503067484 0.08588957055214724 0.06134969325153374 0.12269938650306748 0.20245398773006135 145.01109676344078 342.2801785 153.17852863157898 0.9269102990033222 0.009966777408637873 0.06312292358803986 0.5276073619631901 0.11042944785276074 0.09202453987730061 0.07975460122699386 0.06748466257668712 0.06134969325153374 0.04294478527607362 0.018404907975460124 0.6126126126126126 0.23063063063063063 0.07567567567567568 0.05405405405405406 0.02702702702702703 shenyanping 6Сʱ_mousemovements
129.5338478461539 283.7345581111111 166.2210005 556.276294 848.3491006666667 0 2427.439453 1151.7699282499998 601.7505493333333 83.929554 592.3237449999999 507.6038979 1067.5259586666666 191.01824075 161.79550377777778 258.23496115384614 0.05660377358490566 0.03773584905660377 0.16981132075471697 0.18867924528301888 0.05660377358490566 0.07547169811320754 0.16981132075471697 0.24528301886792453 82.08155178026905 0.0 158.65234783333335 0.9214876033057852 0.004132231404958678 0.0743801652892562 0.49056603773584906 0.16981132075471697 0.03773584905660377 0.09433962264150944 0.11320754716981132 0.0 0.018867924528301886 0.07547169811320754 0.5813953488372093 0.20930232558139536 0.09302325581395349 0.07906976744186046 0.037209302325581395 shenyanping 6Сʱ_mousemovements
48.944179999999996 2139.412842 0 0 0 0 0 0 125.0 12.658228 2139.412842 0 0 0 0 9.174312 0.25 0.25 0.25 0.0 0.0 0.0 0.0 0.25 284.63388375 9.174312 0 0.8888888888888888 0.1111111111111111 0.0 0.75 0.25 0.0 0.0 0.0 0.0 0.0 0.0 1.0 0.0 0.0 0.0 0.0 shenyanping 6Сʱ_mousemovements
172.48612238636363 559.2717525789475 610.2754451428572 711.2731477 1360.4877716999997 1392.8801475 1655.9080507499998 1063.3102518333333 508.68650062499995 441.3262956086956 748.6094997499999 391.52887236363637 256.5607834210527 677.6930363333332 233.80906571428574 617.5975553157895 0.15286624203821655 0.1464968152866242 0.10191082802547771 0.07006369426751592 0.12101910828025478 0.15286624203821655 0.1337579617834395 0.12101910828025478 119.33815372163124 89.58632279999999 192.72292846666667 0.9185667752442996 0.008143322475570033 0.0732899022801303 0.5605095541401274 0.12101910828025478 0.08917197452229299 0.06369426751592357 0.06369426751592357 0.03821656050955414 0.025477707006369428 0.03821656050955414 0.6014109347442681 0.25749559082892415 0.06172839506172839 0.04056437389770723 0.03880070546737213 shenyanping 6Сʱ_mousemovements
119.38805380769233 330.48932499999995 781.2006633333334 672.9271982857143 566.6736887142857 800.7266358 1411.5775878 547.8037875 520.3036470769231 709.6812668571429 1049.20364375 593.9128238333334 512.4044995555555 217.8935822 311.12595125 251.08053000000004 0.20634920634920634 0.1111111111111111 0.06349206349206349 0.09523809523809523 0.14285714285714285 0.15873015873015872 0.12698412698412698 0.09523809523809523 100.8064748235294 243.196569 268.3375297142858 0.8804780876494024 0.00796812749003984 0.11155378486055777 0.4126984126984127 0.07936507936507936 0.09523809523809523 0.1111111111111111 0.1111111111111111 0.07936507936507936 0.07936507936507936 0.031746031746031744 0.6126126126126126 0.18018018018018017 0.07657657657657657 0.11261261261261261 0.018018018018018018 shenyanping 6Сʱ_mousemovements
