145.24520586666668 1262.051514 583.352295 0 1372.4288943333333 946.589111 0 904.334106 190.8164175 414.41955966666666 114.659004 15.044826 832.3595428000001 154.1518285 552.3432955 226.7676545 0.09090909090909091 0.13636363636363635 0.045454545454545456 0.045454545454545456 0.22727272727272727 0.09090909090909091 0.2727272727272727 0.09090909090909091 112.46952769117645 113.984426 352.7325103333333 0.8947368421052632 0.02631578947368421 0.07894736842105263 0.6818181818181818 0.045454545454545456 0.045454545454545456 0.0 0.13636363636363635 0.045454545454545456 0.0 0.045454545454545456 0.6428571428571429 0.21428571428571427 0.07142857142857142 0.04285714285714286 0.02857142857142857 liyajie 8Сʱ_mousemovements
182.23580385714288 829.898132 0 795.290863 921.46786475 0 900.396667 0 1442.620361 900.396667 0 0 676.3289672 0 117.70792574999999 521.726261 0.06666666666666667 0.06666666666666667 0.0 0.0 0.3333333333333333 0.0 0.26666666666666666 0.26666666666666666 226.96541432352942 0.0 565.574524 0.9444444444444444 0.027777777777777776 0.027777777777777776 0.4666666666666667 0.06666666666666667 0.0 0.13333333333333333 0.26666666666666666 0.0 0.06666666666666667 0.0 0.5757575757575758 0.21212121212121213 0.12121212121212122 0.09090909090909091 0.0 liyajie 8Сʱ_mousemovements
203.62205569999998 683.650421 400.71392849999995 472.56301900000005 0 691.856323 2115.25708 1003.5348515000001 49.104568 835.243286 247.74371524999998 871.6274415 225.02690133333337 262.419159 313.5535585 903.7309325999998 0.05 0.05 0.2 0.1 0.15 0.1 0.1 0.25 127.58209910714287 0 313.2956500000001 0.8615384615384616 0.0 0.13846153846153847 0.5 0.1 0.1 0.1 0.0 0.05 0.05 0.1 0.5396825396825397 0.2857142857142857 0.06349206349206349 0.07936507936507936 0.031746031746031744 liyajie 8Сʱ_mousemovements
123.1706983529412 252.93380233333332 551.2326505 110.596169 577.310059 0 0 1738.039063 0 76.65281649999999 86.94051366666666 707.7916006666666 4.56621 162.62460675 176.62780742857143 240.94909125 0.0 0.1016949152542373 0.2033898305084746 0.05084745762711865 0.01694915254237288 0.13559322033898305 0.3559322033898305 0.13559322033898305 47.23862308629441 56.112183 70.20435366666668 0.9036697247706422 0.06880733944954129 0.027522935779816515 0.864406779661017 0.05084745762711865 0.03389830508474576 0.01694915254237288 0.01694915254237288 0.0 0.0 0.01694915254237288 0.6188118811881188 0.2376237623762376 0.0891089108910891 0.039603960396039604 0.01485148514851485 liyajie 8Сʱ_mousemovements
127.7239603 335.8785453333333 441.90214549999996 0 534.563538 684.4315799999999 1432.432983 931.281128 392.9628563333333 334.3397955 117.419075 123.845207 382.074236 362.4648075 46.99227871428571 627.418289 0.1 0.2 0.03333333333333333 0.03333333333333333 0.13333333333333333 0.2 0.23333333333333334 0.06666666666666667 75.74921249473685 0 379.22118875 0.9595959595959596 0.0 0.04040404040404041 0.6666666666666666 0.1 0.06666666666666667 0.0 0.03333333333333333 0.06666666666666667 0.03333333333333333 0.03333333333333333 0.5393258426966292 0.2696629213483146 0.07865168539325842 0.0898876404494382 0.02247191011235955 liyajie 8Сʱ_mousemovements
107.246569 0 0 499.029205 0 0 0 0 0 0 0 0 0 109.962616 217.86195166666667 164.46701 0.0 0.0 0.0 0.0 0.0 0.2 0.6 0.2 38.66731170833333 0 0 1.0 0.0 0.0 0.8 0.0 0.0 0.2 0.0 0.0 0.0 0.0 0.75 0.1875 0.0 0.0625 0.0 liyajie 8Сʱ_mousemovements
201.01432774999998 323.501495 622.4372053333333 372.3170775 0 0 0 0 430.419098 0 0 746.8583835 355.2521106666666 323.501495 69.342636 178.3841245 0.1 0.0 0.0 0.2 0.3 0.1 0.1 0.2 65.90614964999999 0 275.81464775 0.9090909090909091 0.0 0.09090909090909091 0.4 0.1 0.3 0.2 0.0 0.0 0.0 0.0 0.6 0.17142857142857143 0.08571428571428572 0.14285714285714285 0.0 liyajie 8Сʱ_mousemovements
243.541733 0 0 0 0 0 0 1876.441406 0 1059.9915695 0 0 0 0 0 0 0.0 1.0 0.0 0.0 0.0 0.0 0.0 0.0 423.9966278 0 0 1.0 0.0 0.0 0.5 0.0 0.0 0.0 0.0 0.0 0.0 0.5 0.6666666666666666 0.3333333333333333 0.0 0.0 0.0 liyajie 8Сʱ_mousemovements
355.102535 0 0 0 0 0 1639.696411 0 0 0 0 633.712219 76.492851 1639.696411 0 0 0.0 0.0 0.0 0.3333333333333333 0.3333333333333333 0.3333333333333333 0.0 0.0 195.82512341666666 0 0 1.0 0.0 0.0 0.6666666666666666 0.0 0.0 0.0 0.0 0.0 0.3333333333333333 0.0 0.7142857142857143 0.14285714285714285 0.14285714285714285 0.0 0.0 liyajie 8Сʱ_mousemovements
182.10223390909093 183.746353 375.078613 0 387.387085 0 1133.316528 1741.5918169999998 217.7884175 677.225159 1503.889404 866.009094 133.28086316666668 225.772233 1354.9969456666668 254.2538145 0.1111111111111111 0.05555555555555555 0.05555555555555555 0.05555555555555555 0.3333333333333333 0.1111111111111111 0.16666666666666666 0.1111111111111111 130.85036994545453 0 351.77637599999997 0.9016393442622951 0.0 0.09836065573770492 0.6111111111111112 0.05555555555555555 0.05555555555555555 0.0 0.05555555555555555 0.0 0.05555555555555555 0.16666666666666666 0.6981132075471698 0.16981132075471697 0.03773584905660377 0.07547169811320754 0.018867924528301886 liyajie 8Сʱ_mousemovements
77.24592686666666 461.68438725000004 0 778.464966 4215.800293 593.584717 1065.398804 0 531.967873 1065.398804 778.464966 2190.400093 71.4734115 0 69.915345875 238.25799142857144 0.08695652173913043 0.043478260869565216 0.043478260869565216 0.08695652173913043 0.08695652173913043 0.0 0.34782608695652173 0.30434782608695654 134.9245266285714 12.820513 100.5689275 0.958904109589041 0.0136986301369863 0.0273972602739726 0.6521739130434783 0.17391304347826086 0.0 0.043478260869565216 0.043478260869565216 0.043478260869565216 0.043478260869565216 0.0 0.5692307692307692 0.23076923076923078 0.13846153846153847 0.015384615384615385 0.046153846153846156 liyajie 8Сʱ_mousemovements
200.423779 356.705353 1164.348389 1447.761841 0 1754.303385 0 801.7256775000001 898.8155744999999 381.48553999999996 296.888123 870.78479 811.23421875 483.424438 719.2227804 380.9421695 0.10526315789473684 0.15789473684210525 0.05263157894736842 0.05263157894736842 0.21052631578947367 0.05263157894736842 0.2631578947368421 0.10526315789473684 140.74041657142857 120.778904 441.13088342857145 0.875 0.027777777777777776 0.09722222222222222 0.5263157894736842 0.10526315789473684 0.05263157894736842 0.05263157894736842 0.0 0.15789473684210525 0.0 0.10526315789473684 0.6507936507936508 0.2222222222222222 0.047619047619047616 0.06349206349206349 0.015873015873015872 liyajie 8Сʱ_mousemovements
78.95782358333334 413.296234 347.2750855 346.78016133333335 696.312805 1079.9203696666666 0 1180.326172 988.74231 353.4755515 415.16294075 1371.910034 251.13340000000002 133.4490855 765.3384413333333 266.0923373333333 0.041666666666666664 0.08333333333333333 0.16666666666666666 0.041666666666666664 0.08333333333333333 0.3333333333333333 0.125 0.125 72.28812601470587 10.638298 446.6176163 0.8607594936708861 0.012658227848101266 0.12658227848101267 0.5 0.041666666666666664 0.08333333333333333 0.125 0.041666666666666664 0.125 0.0 0.08333333333333333 0.5972222222222222 0.2361111111111111 0.05555555555555555 0.08333333333333333 0.027777777777777776 liyajie 8Сʱ_mousemovements
116.9757422777778 521.5241395 433.981628 899.4419760000001 1105.0624693333334 0 1225.8355405 906.7518614999999 360.79879374999996 376.89762475 1116.388069 560.0378725 287.47470599999997 666.8390287999999 542.9120446666667 197.6605985 0.11764705882352941 0.11764705882352941 0.11764705882352941 0.058823529411764705 0.08823529411764706 0.14705882352941177 0.17647058823529413 0.17647058823529413 137.86382460869564 5.1282052 638.1937037142858 0.8846153846153846 0.04807692307692308 0.0673076923076923 0.5294117647058824 0.058823529411764705 0.029411764705882353 0.08823529411764706 0.17647058823529413 0.0 0.058823529411764705 0.058823529411764705 0.6421052631578947 0.16842105263157894 0.12631578947368421 0.042105263157894736 0.021052631578947368 liyajie 8Сʱ_mousemovements
252.63962199999997 441.583221 0 740.982666 0 0 0 0 0 415.42063666666667 0 0 0 0 441.583221 0 0.0 0.75 0.0 0.0 0.0 0.0 0.25 0.0 155.78273875 0 441.583221 0.8888888888888888 0.0 0.1111111111111111 0.5 0.25 0.0 0.25 0.0 0.0 0.0 0.0 0.7142857142857143 0.14285714285714285 0.14285714285714285 0.0 0.0 liyajie 8Сʱ_mousemovements
0 0 0 0 0 0 0 0 0 0 0 0 0 0 0 0 0 0 0 0 0 0 0 0 0 0 0 0 0 0 0 0 0 0 0 0 0 0 0 0 0 0 0 liyajie 8Сʱ_mousemovements
0 0 0 0 0 0 0 0 0 0 0 0 0 0 0 0 0 0 0 0 0 0 0 0 0 0 0 0 0 0 0 0 0 0 0 0 0 0 0 0 0 0 0 liyajie 8Сʱ_mousemovements
0 0 0 0 0 0 0 0 0 0 0 0 0 0 0 0 0 0 0 0 0 0 0 0 0 0 0 0 0 0 0 0 0 0 0 0 0 0 0 0 0 0 0 liyajie 8Сʱ_mousemovements
96.44864016666668 602.2484404285714 1463.6780654 1740.9400025 769.662476 0 4905.872559 0 2405.827881 1696.4223836666667 688.9156647499999 666.5189413333334 487.67107875 769.662476 1258.3149970000002 8.0 0.045454545454545456 0.13636363636363635 0.18181818181818182 0.13636363636363635 0.18181818181818182 0.045454545454545456 0.22727272727272727 0.045454545454545456 333.54118098333333 64.247593 282.3175615 0.9090909090909091 0.030303030303030304 0.06060606060606061 0.2727272727272727 0.3181818181818182 0.22727272727272727 0.09090909090909091 0.045454545454545456 0.0 0.045454545454545456 0.0 0.6101694915254238 0.2542372881355932 0.0847457627118644 0.05084745762711865 0.0 liyajie 8Сʱ_mousemovements
0 0 0 0 0 0 0 0 0 0 0 0 0 0 0 0 0 0 0 0 0 0 0 0 0 0 0 0 0 0 0 0 0 0 0 0 0 0 0 0 0 0 0 liyajie 8Сʱ_mousemovements
249.96822093750004 286.0060275 442.167328 896.113139 0 574.8886645 708.496887 0 0 317.59611766666666 706.5424228 18.181818 39.932532 414.9666276666667 423.231832 476.4961353333333 0.0 0.24 0.2 0.04 0.16 0.12 0.12 0.12 132.74047239682537 132.8533997142857 133.83049599999998 0.875 0.09722222222222222 0.027777777777777776 0.64 0.08 0.04 0.12 0.0 0.08 0.04 0.0 0.6031746031746031 0.15873015873015872 0.12698412698412698 0.07936507936507936 0.031746031746031744 liyajie 8Сʱ_mousemovements
0 0 0 0 0 0 0 0 0 0 0 0 0 0 0 0 0 0 0 0 0 0 0 0 0 0 0 0 0 0 0 0 0 0 0 0 0 0 0 0 0 0 0 liyajie 8Сʱ_mousemovements
61.801013000000005 212.28746 430.701416 604.003906 0 863.5779415 0 1410.885376 0 340.9547385 654.0979615 55.876122 1861.602661 277.3438453333334 322.79292575 159.54779660000003 0.0 0.2 0.1 0.05 0.05 0.15 0.2 0.25 83.81873878688525 10.226562666666666 295.851641 0.8472222222222222 0.041666666666666664 0.1111111111111111 0.55 0.05 0.1 0.1 0.0 0.1 0.0 0.1 0.6470588235294118 0.14705882352941177 0.11764705882352941 0.058823529411764705 0.029411764705882353 liyajie 8Сʱ_mousemovements
978.5748046000001 0 0 0 0 0 0 0 0 278.237854 0 604.299683 834.703674 0 2455.448486 720.184326 0.0 0.2 0.0 0.2 0.2 0.0 0.2 0.2 376.3749248461539 0.0 0 0.9285714285714286 0.07142857142857142 0.0 1.0 0.0 0.0 0.0 0.0 0.0 0.0 0.0 0.75 0.16666666666666666 0.08333333333333333 0.0 0.0 liyajie 8Сʱ_mousemovements
0 0 0 0 0 0 0 0 0 0 0 0 0 0 0 0 0 0 0 0 0 0 0 0 0 0 0 0 0 0 0 0 0 0 0 0 0 0 0 0 0 0 0 liyajie 8Сʱ_mousemovements
17.44186 0 347.762939 641.704651 0 0 0 0 641.704651 182.60239950000002 0 0 0 0 0 0 0.3333333333333333 0.6666666666666666 0.0 0.0 0.0 0.0 0.0 0.0 36.520479900000005 0.0 641.704651 0.8333333333333334 0.08333333333333333 0.08333333333333333 0.3333333333333333 0.0 0.3333333333333333 0.3333333333333333 0.0 0.0 0.0 0.0 0.6363636363636364 0.18181818181818182 0.09090909090909091 0.09090909090909091 0.0 liyajie 8Сʱ_mousemovements
85.3863114 622.8509266666667 0 0 530.6428323333333 0 0 0 329.845154 313.942848 483.681671 416.932556 0 797.521118 706.09491 13.923352666666666 0.09090909090909091 0.18181818181818182 0.18181818181818182 0.09090909090909091 0.0 0.09090909090909091 0.09090909090909091 0.2727272727272727 119.83676207999999 13.923352666666666 283.24124133333333 0.8064516129032258 0.0967741935483871 0.0967741935483871 0.45454545454545453 0.2727272727272727 0.0 0.0 0.2727272727272727 0.0 0.0 0.0 0.6666666666666666 0.18518518518518517 0.14814814814814814 0.0 0.0 liyajie 8Сʱ_mousemovements
173.595268 0 1066.410248 680.041504 957.471619 834.338684 0 0 0 0 610.845154 660.8694763333333 0 156.39241 1521.975342 680.041504 0.0 0.0 0.14285714285714285 0.42857142857142855 0.0 0.14285714285714285 0.14285714285714285 0.14285714285714285 69.18069736363636 0 571.6479161666667 0.7857142857142857 0.0 0.21428571428571427 0.2857142857142857 0.0 0.2857142857142857 0.14285714285714285 0.14285714285714285 0.14285714285714285 0.0 0.0 0.72 0.12 0.12 0.04 0.0 liyajie 8Сʱ_mousemovements
134.028746625 961.2499389999999 517.8382982857144 693.767944 1330.495605 271.2211 1067.082764 790.981995 64.102562 275.15806775 481.63715375000004 693.767944 340.4328864285714 69.412994 175.38820825 651.9533150000001 0.03225806451612903 0.12903225806451613 0.12903225806451613 0.03225806451612903 0.22580645161290322 0.03225806451612903 0.12903225806451613 0.2903225806451613 153.719923474359 114.08837866666666 158.06936399999998 0.9285714285714286 0.03571428571428571 0.03571428571428571 0.5161290322580645 0.0967741935483871 0.22580645161290322 0.03225806451612903 0.03225806451612903 0.03225806451612903 0.03225806451612903 0.03225806451612903 0.625 0.1388888888888889 0.1111111111111111 0.041666666666666664 0.08333333333333333 liyajie 8Сʱ_mousemovements
167.873841 0 0 0 0 1432.87146 0 0 1432.87146 0 0 0 0 265.734848 116.92445 0 0.16666666666666666 0.0 0.0 0.0 0.0 0.3333333333333333 0.5 0.0 175.14384625 169.1941755 0 0.8571428571428571 0.14285714285714285 0.0 0.8571428571428571 0.0 0.0 0.0 0.0 0.14285714285714285 0.0 0.0 0.8 0.2 0.0 0.0 0.0 liyajie 8Сʱ_mousemovements
4.56621 0 0 0 0 0 0 0 0 0 0 0 0 0 0 4.56621 0.0 0.0 0.0 0.0 0.0 0.0 0.0 1.0 0.0 0 4.56621 0.8 0.0 0.2 1.0 0.0 0.0 0.0 0.0 0.0 0.0 0.0 0.75 0.25 0.0 0.0 0.0 liyajie 8Сʱ_mousemovements
33.968058 0 0 0 0 0 510.046722 0 0 0 0 0 0 154.38754025 28.368793 0 0.0 0.0 0.0 0.0 0.0 0.8 0.2 0.0 26.91328975 0 0 1.0 0.0 0.0 0.8 0.0 0.0 0.0 0.0 0.0 0.2 0.0 0.5909090909090909 0.2727272727272727 0.045454545454545456 0.09090909090909091 0.0 liyajie 8Сʱ_mousemovements
80.52795514285715 0 0 0 1009.598572 787.515686 0 0 145.941132 1009.598572 0 236.05365 0 298.5013246666667 21.276596 26.21801 0.1111111111111111 0.1111111111111111 0.0 0.1111111111111111 0.0 0.3333333333333333 0.1111111111111111 0.2222222222222222 60.5335883076923 0 0 1.0 0.0 0.0 0.7777777777777778 0.0 0.0 0.0 0.1111111111111111 0.1111111111111111 0.0 0.0 0.6774193548387096 0.1935483870967742 0.06451612903225806 0.06451612903225806 0.0 liyajie 8Сʱ_mousemovements
65.51697458064517 313.05802950000003 479.262909 538.3348996666667 0 729.972229 973.3741454999999 1012.2272133333332 281.01459266666666 615.8734435 760.307007 801.9582215 162.31366725 632.005306 427.348846 120.66055374074074 0.06976744186046512 0.046511627906976744 0.023255813953488372 0.046511627906976744 0.09302325581395349 0.046511627906976744 0.046511627906976744 0.627906976744186 63.49051190090089 0.0 569.5608696666667 0.940677966101695 0.00847457627118644 0.05084745762711865 0.7209302325581395 0.046511627906976744 0.023255813953488372 0.06976744186046512 0.0 0.023255813953488372 0.046511627906976744 0.06976744186046512 0.5315315315315315 0.27927927927927926 0.07207207207207207 0.09009009009009009 0.02702702702702703 liyajie 8Сʱ_mousemovements
63.46186926086956 249.60828633333335 477.574697 641.874461 0 669.952942 1054.4930826666666 1171.806976 122.5203255 560.2498234000001 0 594.4395112 595.5176213333334 113.475174 114.42302833333333 148.09561358333335 0.10256410256410256 0.1282051282051282 0.0 0.1282051282051282 0.15384615384615385 0.02564102564102564 0.15384615384615385 0.3076923076923077 95.26797573626375 12.1445624 306.9738171666667 0.8425925925925926 0.046296296296296294 0.1111111111111111 0.5897435897435898 0.07692307692307693 0.07692307692307693 0.07692307692307693 0.0 0.05128205128205128 0.07692307692307693 0.05128205128205128 0.5520833333333334 0.20833333333333334 0.10416666666666667 0.07291666666666667 0.0625 liyajie 8Сʱ_mousemovements
108.83688049999999 376.299095 259.42276 0 591.020996 650.2857666666666 0 0 287.44649119999997 31.272764 587.3051046666667 302.08952350000004 292.149017 298.499359 31.746031 140.12460144444444 0.2 0.08 0.12 0.08 0.04 0.08 0.04 0.36 61.058026999999996 24.91362066666667 230.9665042 0.821917808219178 0.0410958904109589 0.136986301369863 0.64 0.16 0.04 0.0 0.04 0.12 0.0 0.0 0.6911764705882353 0.17647058823529413 0.04411764705882353 0.058823529411764705 0.029411764705882353 liyajie 8Сʱ_mousemovements
221.54945628571429 0 515.583313 344.517487 1217.2760132 534.9632875 0 0 61.97229 189.4667515 1863.2716675000001 770.1927185 12.820513 351.938083 223.011719 793.1599120000001 0.058823529411764705 0.11764705882352941 0.11764705882352941 0.11764705882352941 0.058823529411764705 0.29411764705882354 0.058823529411764705 0.17647058823529413 204.60521509999998 6.4102565 377.16156620000004 0.851063829787234 0.0425531914893617 0.10638297872340426 0.4117647058823529 0.0 0.11764705882352941 0.058823529411764705 0.29411764705882354 0.11764705882352941 0.0 0.0 0.6666666666666666 0.2619047619047619 0.0 0.047619047619047616 0.023809523809523808 liyajie 8Сʱ_mousemovements
88.0731048 509.960083 0 0 0 1468.536987 0 0 0 91.743118 0 277.915821 0 0 88.87542350000001 796.7684935 0.0 0.14285714285714285 0.0 0.2857142857142857 0.0 0.0 0.2857142857142857 0.2857142857142857 100.31002639130435 0 55.8659935 0.92 0.0 0.08 0.7142857142857143 0.14285714285714285 0.0 0.0 0.0 0.14285714285714285 0.0 0.0 0.625 0.2916666666666667 0.08333333333333333 0.0 0.0 liyajie 8Сʱ_mousemovements
0 0 0 0 0 0 0 0 0 0 0 0 0 0 0 0 0 0 0 0 0 0 0 0 0 0 0 0 0 0 0 0 0 0 0 0 0 0 0 0 0 0 0 liyajie 8Сʱ_mousemovements
0 0 0 0 0 0 0 0 0 0 0 0 0 0 0 0 0 0 0 0 0 0 0 0 0 0 0 0 0 0 0 0 0 0 0 0 0 0 0 0 0 0 0 liyajie 8Сʱ_mousemovements
0 0 0 0 0 0 0 0 0 0 0 0 0 0 0 0 0 0 0 0 0 0 0 0 0 0 0 0 0 0 0 0 0 0 0 0 0 0 0 0 0 0 0 liyajie 8Сʱ_mousemovements
0 0 0 0 0 0 0 0 0 0 0 0 0 0 0 0 0 0 0 0 0 0 0 0 0 0 0 0 0 0 0 0 0 0 0 0 0 0 0 0 0 0 0 liyajie 8Сʱ_mousemovements
0 0 0 0 0 0 0 0 0 0 0 0 0 0 0 0 0 0 0 0 0 0 0 0 0 0 0 0 0 0 0 0 0 0 0 0 0 0 0 0 0 0 0 liyajie 8Сʱ_mousemovements
0 0 428.031067 0 750.922302 0 0 0 0 0 0 750.922302 428.031067 0 0 0 0.0 0.0 0.0 0.5 0.5 0.0 0.0 0.0 30.573647642857143 0 750.922302 0.9333333333333333 0.0 0.06666666666666667 0.0 0.0 0.5 0.0 0.5 0.0 0.0 0.0 0.6153846153846154 0.15384615384615385 0.07692307692307693 0.07692307692307693 0.07692307692307693 liyajie 8Сʱ_mousemovements
130.40241483333332 0 620.687144 1093.4036560000002 1834.072876 0 3764.396729 0 1532.201904 442.477112 1834.072876 495.741669 819.2593316666666 139.19802575 0 1401.3642783333335 0.07142857142857142 0.07142857142857142 0.07142857142857142 0.07142857142857142 0.21428571428571427 0.2857142857142857 0.0 0.21428571428571427 243.01416268181814 115.384613 238.38290766666668 0.9166666666666666 0.020833333333333332 0.0625 0.42857142857142855 0.0 0.21428571428571427 0.21428571428571427 0.07142857142857142 0.0 0.07142857142857142 0.0 0.675 0.225 0.05 0.025 0.025 liyajie 8Сʱ_mousemovements
203.86508957142854 432.532481 752.495972 679.4611024 0 637.403259 485.977844 405.664215 153.76619325 458.4601745 594.089783 474.35135800000006 452.03497325 0 12.820513 414.91666569999995 0.14814814814814814 0.07407407407407407 0.037037037037037035 0.18518518518518517 0.14814814814814814 0.0 0.037037037037037035 0.37037037037037035 77.73815187142857 60.342117800000004 363.4290413846154 0.7954545454545454 0.056818181818181816 0.14772727272727273 0.5185185185185185 0.1111111111111111 0.037037037037037035 0.18518518518518517 0.0 0.07407407407407407 0.037037037037037035 0.037037037037037035 0.5625 0.2375 0.0625 0.0625 0.075 liyajie 8Сʱ_mousemovements
124.48003849999999 193.592163 461.575114 732.3019206666667 1278.3946532500001 1263.576477 1154.885742 0 274.0251588 751.4474822 606.01633075 797.159157 167.99320500000002 1166.380127 517.3490372499999 95.759071 0.1724137931034483 0.1724137931034483 0.13793103448275862 0.06896551724137931 0.13793103448275862 0.06896551724137931 0.13793103448275862 0.10344827586206896 90.91824514285716 15.957447000000002 488.43612799999994 0.84 0.02 0.14 0.4827586206896552 0.06896551724137931 0.10344827586206896 0.10344827586206896 0.13793103448275862 0.06896551724137931 0.034482758620689655 0.0 0.6021505376344086 0.17204301075268819 0.15053763440860216 0.06451612903225806 0.010752688172043012 liyajie 8Сʱ_mousemovements
161.4294562105263 603.3422578 1434.163208 948.15892775 786.8706176 813.423889 1134.310547 1376.907898 537.6631896 604.0242386666666 828.3563575000001 341.71678149999997 246.8052528 860.3132804285715 117.292572 282.967628 0.13157894736842105 0.15789473684210525 0.10526315789473684 0.05263157894736842 0.13157894736842105 0.18421052631578946 0.02631578947368421 0.21052631578947367 139.99710468 24.068914200000002 306.6588503684211 0.8064516129032258 0.04032258064516129 0.1532258064516129 0.5 0.13157894736842105 0.02631578947368421 0.10526315789473684 0.13157894736842105 0.02631578947368421 0.02631578947368421 0.05263157894736842 0.6068376068376068 0.21367521367521367 0.10256410256410256 0.06837606837606838 0.008547008547008548 liyajie 8Сʱ_mousemovements
0 0 0 0 0 0 0 0 0 0 0 0 0 0 0 0 0 0 0 0 0 0 0 0 0 0 0 0 0 0 0 0 0 0 0 0 0 0 0 0 0 0 0 liyajie 8Сʱ_mousemovements
0 560.225952 0 1298.152771 0 0 0 0 557.822449 0 1334.398926 0 0 0 560.225952 2002.236938 0.25 0.0 0.25 0.0 0.0 0.0 0.25 0.25 354.2601650909091 0 278.9112245 0.8461538461538461 0.0 0.15384615384615385 0.0 0.25 0.0 0.75 0.0 0.0 0.0 0.0 0.7692307692307693 0.15384615384615385 0.0 0.07692307692307693 0.0 liyajie 8Сʱ_mousemovements
0 0 0 0 0 0 0 0 0 0 0 0 0 0 0 0 0 0 0 0 0 0 0 0 0.0 0 0 1.0 0.0 0.0 0 0 0 0 0 0 0 0 0 0 0 0 0 liyajie 8Сʱ_mousemovements
0 0 0 0 0 0 0 0 0 0 0 0 0 0 0 0 0 0 0 0 0 0 0 0 0 0 0 0 0 0 0 0 0 0 0 0 0 0 0 0 0 0 0 liyajie 8Сʱ_mousemovements
0 0 0 0 0 0 0 0 0 0 0 0 0 0 0 0 0 0 0 0 0 0 0 0 0 0 0 0 0 0 0 0 0 0 0 0 0 0 0 0 0 0 0 liyajie 8Сʱ_mousemovements
0 0 0 464.936218 674.9354249999999 0 0 0 0 693.801575 0 0 464.936218 0 0 656.069275 0.0 0.3333333333333333 0.0 0.0 0.3333333333333333 0.0 0.0 0.3333333333333333 46.862091071428566 0.0 579.3688965 0.8235294117647058 0.058823529411764705 0.11764705882352941 0.0 0.0 0.0 0.3333333333333333 0.6666666666666666 0.0 0.0 0.0 0.7142857142857143 0.0 0.07142857142857142 0.21428571428571427 0.0 liyajie 8Сʱ_mousemovements
305.23797858333336 361.9452187142857 948.476532 343.617096 1013.1108095 0 1130.56665 0 711.999012 15.873015 515.9844270000001 357.69657325000003 492.1032255 564.380768 139.1229115 749.56752775 0.15384615384615385 0.038461538461538464 0.19230769230769232 0.15384615384615385 0.07692307692307693 0.07692307692307693 0.15384615384615385 0.15384615384615385 97.9476025064935 8.837104333333334 310.8644080625 0.8020833333333334 0.03125 0.16666666666666666 0.46153846153846156 0.2692307692307692 0.11538461538461539 0.038461538461538464 0.07692307692307693 0.0 0.038461538461538464 0.0 0.6111111111111112 0.23333333333333334 0.08888888888888889 0.044444444444444446 0.022222222222222223 liyajie 8Сʱ_mousemovements
136.06121314285716 312.6921695 433.634628 810.881302 0 1053.759842 1374.255127 0 417.7692795 329.785455 538.858887 890.6543579999999 0 320.85417800000005 381.206629 385.0021324 0.07407407407407407 0.14814814814814814 0.07407407407407407 0.14814814814814814 0.0 0.18518518518518517 0.18518518518518517 0.18518518518518517 68.36143291803279 9.649848333333333 472.4313722941176 0.7530864197530864 0.037037037037037035 0.20987654320987653 0.5185185185185185 0.07407407407407407 0.07407407407407407 0.14814814814814814 0.0 0.14814814814814814 0.037037037037037035 0.0 0.6363636363636364 0.14285714285714285 0.15584415584415584 0.05194805194805195 0.012987012987012988 liyajie 8Сʱ_mousemovements
29.983458499999998 0 656.120728 0 1057.980469 4062.0911865 0 1199.424072 0 0 2319.0649823333333 0 0 0 419.7969963333333 2881.088623 0.0 0.0 0.42857142857142855 0.0 0.0 0.0 0.42857142857142855 0.14285714285714285 694.6698969333333 21.505377 328.060364 0.8333333333333334 0.05555555555555555 0.1111111111111111 0.2857142857142857 0.0 0.14285714285714285 0.0 0.14285714285714285 0.2857142857142857 0.0 0.14285714285714285 0.6470588235294118 0.17647058823529413 0.11764705882352941 0.058823529411764705 0.0 liyajie 8Сʱ_mousemovements
0 0 0 0 0 0 0 0 0 0 0 0 0 0 0 0 0 0 0 0 0 0 0 0 0 0 0 0 0 0 0 0 0 0 0 0 0 0 0 0 0 0 0 liyajie 8Сʱ_mousemovements
0 0 0 0 0 0 0 0 0 0 0 0 0 0 0 0 0 0 0 0 0 0 0 0 0 0 0 0 0 0 0 0 0 0 0 0 0 0 0 0 0 0 0 liyajie 8Сʱ_mousemovements
0 0 0 0 0 0 0 0 0 0 0 0 0 0 0 0 0 0 0 0 0 0 0 0 0 0 0 0 0 0 0 0 0 0 0 0 0 0 0 0 0 0 0 liyajie 8Сʱ_mousemovements
