102.40138312 0 0 0 0 1126.394043 0 0 0 0 441.9663695 0 78.14443471428571 68.97499564285714 81.7204285 1126.394043 0.0 0.0 0.07692307692307693 0.0 0.2692307692307692 0.5384615384615384 0.07692307692307693 0.038461538461538464 38.80451180000001 0 0 1.0 0.0 0.0 0.9615384615384616 0.0 0.0 0.0 0.0 0.038461538461538464 0.0 0.0 0.6049382716049383 0.16049382716049382 0.08641975308641975 0.07407407407407407 0.07407407407407407 liyajie 3Сʱ_mousemovements
92.63847616 241.10717766666667 355.07444975 0 539.8913575 0 855.656372 0 0 168.66967775 319.507902 63.829788 552.936493 109.0294799 108.6293598 274.00470825 0.0 0.11428571428571428 0.11428571428571428 0.02857142857142857 0.05714285714285714 0.2857142857142857 0.2857142857142857 0.11428571428571428 60.33622471875001 29.569892 271.801483 0.96 0.02 0.02 0.7142857142857143 0.08571428571428572 0.11428571428571428 0.0 0.05714285714285714 0.0 0.02857142857142857 0.0 0.5113636363636364 0.20454545454545456 0.11363636363636363 0.09090909090909091 0.07954545454545454 liyajie 3Сʱ_mousemovements
176.8868042 371.4367776666666 0 1687.248291 0 0 871.701843 3994.537109 871.701843 261.76166 504.697876 400.467499 2090.58226 0 60.833293999999995 1687.248291 0.09090909090909091 0.2727272727272727 0.09090909090909091 0.09090909090909091 0.18181818181818182 0.0 0.18181818181818182 0.09090909090909091 199.09403021621623 23.814048666666665 371.4367776666666 0.8604651162790697 0.06976744186046512 0.06976744186046512 0.45454545454545453 0.2727272727272727 0.0 0.09090909090909091 0.0 0.0 0.09090909090909091 0.09090909090909091 0.7027027027027027 0.13513513513513514 0.10810810810810811 0.02702702702702703 0.02702702702702703 liyajie 3Сʱ_mousemovements
0 0 0 0 0 0 0 0 0 0 0 0 0 0 0 0 0 0 0 0 0 0 0 0 0 0 0 0 0 0 0 0 0 0 0 0 0 0 0 0 0 0 0 liyajie 3Сʱ_mousemovements
153.869927 0 0 0 0 0 601.097839 0 0 29.656855 0 0 368.123138 0 332.4638135 0 0.0 0.25 0.0 0.0 0.25 0.0 0.5 0.0 64.5656728125 0 29.656855 0.9411764705882353 0.0 0.058823529411764705 0.75 0.0 0.0 0.0 0.0 0.0 0.25 0.0 0.7142857142857143 0.21428571428571427 0.07142857142857142 0.0 0.0 liyajie 3Сʱ_mousemovements
276.03685974999996 0 1079.779724 0 0 0 0 0 1627.369507 532.189941 0 0 0 571.674683 94.280907 219.09592450000002 0.16666666666666666 0.16666666666666666 0.0 0.0 0.0 0.16666666666666666 0.16666666666666666 0.3333333333333333 191.98275805882352 0 0 1.0 0.0 0.0 0.6666666666666666 0.0 0.3333333333333333 0.0 0.0 0.0 0.0 0.0 0.75 0.08333333333333333 0.08333333333333333 0.08333333333333333 0.0 liyajie 3Сʱ_mousemovements
74.96311888888889 384.4309183333334 614.959595 0 605.720825 0 0 0 605.720825 0 0 235.7927855 171.24110380000002 118.07863350000002 48.129031999999995 276.595734 0.043478260869565216 0.0 0.0 0.08695652173913043 0.21739130434782608 0.5217391304347826 0.08695652173913043 0.043478260869565216 46.5413664375 0 0 1.0 0.0 0.0 0.782608695652174 0.13043478260869565 0.043478260869565216 0.0 0.043478260869565216 0.0 0.0 0.0 0.5714285714285714 0.2857142857142857 0.014285714285714285 0.08571428571428572 0.04285714285714286 liyajie 3Сʱ_mousemovements
226.91666449999997 0 0 0 0 0 754.137878 0 660.181824 217.310059 0 0 331.26046 754.137878 31.25 106.4102565 0.1111111111111111 0.1111111111111111 0.0 0.0 0.2222222222222222 0.1111111111111111 0.2222222222222222 0.2222222222222222 98.82581515384615 0 0 1.0 0.0 0.0 0.8888888888888888 0.0 0.0 0.0 0.0 0.0 0.1111111111111111 0.0 0.7647058823529411 0.11764705882352941 0.0 0.058823529411764705 0.058823529411764705 liyajie 3Сʱ_mousemovements
0 0 0 0 0 0 0 0 0 0 0 0 0 0 0 0 0 0 0 0 0 0 0 0 0 0 0 0 0 0 0 0 0 0 0 0 0 0 0 0 0 0 0 liyajie 3Сʱ_mousemovements
301.61049499999996 415.513153 0 0 0 0 0 0 0 434.73853533333335 0 0 16.129032 0 0 0 0.0 0.75 0.0 0.0 0.25 0.0 0.0 0.0 73.3524798888889 0 0 1.0 0.0 0.0 0.75 0.25 0.0 0.0 0.0 0.0 0.0 0.0 0.6 0.13333333333333333 0.13333333333333333 0.06666666666666667 0.06666666666666667 liyajie 3Сʱ_mousemovements
191.05838799999998 294.296967 0 0 0 0 1169.692749 0 0 680.591057 0 294.296967 0 190.627411 0 0 0.0 0.5 0.0 0.25 0.0 0.25 0.0 0.0 153.84220766666667 0 0 1.0 0.0 0.0 0.5 0.25 0.0 0.0 0.0 0.0 0.25 0.0 0.7142857142857143 0.14285714285714285 0.14285714285714285 0.0 0.0 liyajie 3Сʱ_mousemovements
106.85556306250001 175.283121 333.5880205 149.410477 151.54425 372.856743 179.98587 0 268.831787 151.0626937857143 183.1848301111111 0 0 55.7958705 0 160.686905 0.037037037037037035 0.5185185185185185 0.3333333333333333 0.0 0.0 0.07407407407407407 0.0 0.037037037037037035 64.7935391060606 0.0 28.278036 0.9705882352941176 0.014705882352941176 0.014705882352941176 0.5925925925925926 0.14814814814814814 0.07407407407407407 0.037037037037037035 0.037037037037037035 0.07407407407407407 0.037037037037037035 0.0 0.6428571428571429 0.14285714285714285 0.125 0.03571428571428571 0.05357142857142857 liyajie 3Сʱ_mousemovements
99.46320407142858 0 0 1243.995728 440.526306 871.914001 0 0 89.62497966666668 132.9128952 0 440.526306 0 73.168037 93.30479424999999 709.5226523333332 0.17647058823529413 0.29411764705882354 0.0 0.058823529411764705 0.0 0.058823529411764705 0.23529411764705882 0.17647058823529413 71.33854425000001 6.329114 75.55278766666667 0.9122807017543859 0.03508771929824561 0.05263157894736842 0.8235294117647058 0.0 0.0 0.058823529411764705 0.058823529411764705 0.058823529411764705 0.0 0.0 0.6875 0.14583333333333334 0.0625 0.08333333333333333 0.020833333333333332 liyajie 3Сʱ_mousemovements
114.732924 561.855184 405.9387513333333 0 1160.8542175 0 835.965149 0 346.5265655 222.581726 0 828.544128 240.62185564705882 0 144.52269066666668 466.20338525000005 0.06896551724137931 0.06896551724137931 0.0 0.034482758620689655 0.5862068965517241 0.0 0.10344827586206896 0.13793103448275862 74.46409547560974 8.064516 372.2548348333333 0.9111111111111111 0.022222222222222223 0.06666666666666667 0.6896551724137931 0.10344827586206896 0.10344827586206896 0.0 0.06896551724137931 0.0 0.034482758620689655 0.0 0.6025641025641025 0.19230769230769232 0.08974358974358974 0.10256410256410256 0.01282051282051282 liyajie 3Сʱ_mousemovements
109.589138125 493.99073799999996 0 673.637085 638.2971293333334 1066.73999 500.868744 0 525.9618088 230.65130433333331 165.744232 679.6364745 104.8139325 260.434372 241.64674875 171.21970599999997 0.2 0.12 0.04 0.08 0.08 0.08 0.16 0.24 37.458040455445534 0 541.1314131428571 0.9351851851851852 0.0 0.06481481481481481 0.64 0.08 0.0 0.08 0.12 0.04 0.04 0.0 0.7 0.1111111111111111 0.12222222222222222 0.05555555555555555 0.011111111111111112 liyajie 3Сʱ_mousemovements
169.65511985714284 244.945068 835.627014 614.8273315 653.3223875 0 0 0 580.2875873333334 197.93399 416.07580566666667 271.07831550000003 171.15439500000002 459.6867776666666 140.78093099999998 312.86035575 0.13043478260869565 0.043478260869565216 0.13043478260869565 0.08695652173913043 0.17391304347826086 0.13043478260869565 0.13043478260869565 0.17391304347826086 105.56039155882357 12.820513 137.857895 0.9577464788732394 0.014084507042253521 0.028169014084507043 0.6086956521739131 0.08695652173913043 0.043478260869565216 0.17391304347826086 0.08695652173913043 0.0 0.0 0.0 0.5573770491803278 0.19672131147540983 0.09836065573770492 0.08196721311475409 0.06557377049180328 liyajie 3Сʱ_mousemovements
60.2621248 0 0 409.273254 0 0 0 0 0 0 409.273254 260.609161 45.2125025 32.2324154 0 0 0.0 0.0 0.09090909090909091 0.09090909090909091 0.36363636363636365 0.45454545454545453 0.0 0.0 12.821728680851065 0 409.273254 0.9791666666666666 0.0 0.020833333333333332 0.9090909090909091 0.0 0.0 0.09090909090909091 0.0 0.0 0.0 0.0 0.6923076923076923 0.15384615384615385 0.07692307692307693 0.02564102564102564 0.05128205128205128 liyajie 3Сʱ_mousemovements
169.93276400000002 270.023438 632.4576926666667 445.83728 624.551422 860.5223695 0 0 393.88589500000006 709.875549 575.385529 536.975834 409.8660395 156.36273724999998 252.68261725 305.08446349999997 0.13636363636363635 0.045454545454545456 0.09090909090909091 0.09090909090909091 0.09090909090909091 0.18181818181818182 0.18181818181818182 0.18181818181818182 92.91504508771932 25.550100333333333 403.28324 0.8636363636363636 0.045454545454545456 0.09090909090909091 0.5909090909090909 0.045454545454545456 0.13636363636363635 0.045454545454545456 0.09090909090909091 0.09090909090909091 0.0 0.0 0.6481481481481481 0.18518518518518517 0.09259259259259259 0.037037037037037035 0.037037037037037035 liyajie 3Сʱ_mousemovements
78.78611888888892 375.46266149999997 377.64865125 646.1273805 812.4321594999999 0 958.464844 1323.472626 270.956699 998.3959196666666 411.4217685 401.759338 385.390307 353.9378283333333 103.29977549999997 197.76793957142854 0.12903225806451613 0.0967741935483871 0.06451612903225806 0.03225806451612903 0.06451612903225806 0.1935483870967742 0.1935483870967742 0.22580645161290322 43.5298262063492 8.922443 391.6330213333333 0.9 0.014285714285714285 0.08571428571428572 0.5806451612903226 0.06451612903225806 0.12903225806451613 0.06451612903225806 0.06451612903225806 0.0 0.03225806451612903 0.06451612903225806 0.5681818181818182 0.25 0.08333333333333333 0.07575757575757576 0.022727272727272728 liyajie 3Сʱ_mousemovements
39.612231541666674 0 650.3006895 0 380.504944 541.337402 1142.405029 0 355.545843 1142.405029 0 0 75.13869050000001 44.58186814285713 37.522060857142854 0 0.07547169811320754 0.018867924528301886 0.0 0.0 0.37735849056603776 0.39622641509433965 0.1320754716981132 0.0 25.37638418478261 0 298.490589 0.989247311827957 0.0 0.010752688172043012 0.9056603773584906 0.0 0.03773584905660377 0.0 0.018867924528301886 0.018867924528301886 0.018867924528301886 0.0 0.5755813953488372 0.2441860465116279 0.11046511627906977 0.046511627906976744 0.023255813953488372 liyajie 3Сʱ_mousemovements
72.4254202857143 0 1448.366943 775.858826 0 1288.98938 0 0 227.220901 76.92308 0 0 1112.1128845 57.221608333333336 15.584568 1288.98938 0.1 0.1 0.0 0.0 0.2 0.3 0.2 0.1 145.88354576923078 0 113.6104505 0.9285714285714286 0.0 0.07142857142857142 0.7 0.0 0.1 0.1 0.0 0.1 0.0 0.0 0.72 0.12 0.08 0.08 0.0 liyajie 3Сʱ_mousemovements
0 0 0 0 0 0 0 0 0 0 0 0 0 0 0 0 0 0 0 0 0 0 0 0 0 0 0 0 0 0 0 0 0 0 0 0 0 0 0 0 0 0 0 liyajie 3Сʱ_mousemovements
147.26766663636363 508.372559 0 0 320.999054 0 4085.246338 1579.199097 489.54106475 4085.246338 0 0 183.8650938 203.80091866666666 508.372559 31.25 0.26666666666666666 0.06666666666666667 0.0 0.0 0.3333333333333333 0.2 0.06666666666666667 0.06666666666666667 128.68357588679245 18.257826 212.5456721666667 0.8833333333333333 0.016666666666666666 0.1 0.7333333333333333 0.06666666666666667 0.0 0.0 0.06666666666666667 0.0 0.06666666666666667 0.06666666666666667 0.6666666666666666 0.22807017543859648 0.05263157894736842 0.05263157894736842 0.0 liyajie 3Сʱ_mousemovements
95.5735245 0 0 0 0 0 855.659363 0 0 0 0 0 855.659363 0 62.5 128.647049 0.0 0.0 0.0 0.0 0.3333333333333333 0.0 0.3333333333333333 0.3333333333333333 8.928571428571429 0 492.153206 0.7777777777777778 0.0 0.2222222222222222 0.6666666666666666 0.0 0.0 0.0 0.0 0.0 0.3333333333333333 0.0 0.75 0.125 0.0 0.125 0.0 liyajie 3Сʱ_mousemovements
332.95570075 629.2386625 554.322815 0 1273.076294 0 0 0 341.937622 1095.879242 0 0 212.530426 547.351028 288.3853245 0 0.125 0.25 0.0 0.0 0.125 0.25 0.25 0.0 232.3733876111111 22.447834 212.530426 0.9 0.05 0.05 0.5 0.25 0.125 0.0 0.125 0.0 0.0 0.0 0.5294117647058824 0.35294117647058826 0.11764705882352941 0.0 0.0 liyajie 3Сʱ_mousemovements
139.95258425000003 946.945445 439.937897 561.6263885 0 0 0 0 0 404.200867 623.5091034 618.02063 0 0 181.00530633333335 720.99231 0.0 0.09090909090909091 0.45454545454545453 0.09090909090909091 0.0 0.0 0.2727272727272727 0.09090909090909091 118.74706183870967 0 344.5232652 0.8611111111111112 0.0 0.1388888888888889 0.36363636363636365 0.2727272727272727 0.18181818181818182 0.18181818181818182 0.0 0.0 0.0 0.0 0.6764705882352942 0.14705882352941177 0.08823529411764706 0.058823529411764705 0.029411764705882353 liyajie 3Сʱ_mousemovements
116.28642657142858 411.76042183333334 564.6530089999999 289.041901 726.5316873333335 445.73761 0 602.218445 365.65719900000005 402.20223999999996 413.2497772 289.041901 296.483157 297.08406049999996 263.31637489999997 195.06189462499998 0.10256410256410256 0.10256410256410256 0.1282051282051282 0.02564102564102564 0.07692307692307693 0.10256410256410256 0.2564102564102564 0.20512820512820512 69.22148637142857 221.01209150000003 282.16768581818184 0.860655737704918 0.04918032786885246 0.09016393442622951 0.5384615384615384 0.15384615384615385 0.1282051282051282 0.02564102564102564 0.07692307692307693 0.05128205128205128 0.0 0.02564102564102564 0.6822429906542056 0.16822429906542055 0.09345794392523364 0.056074766355140186 0.0 liyajie 3Сʱ_mousemovements
218.03545879999996 0 338.087341 358.3086015 687.018372 687.106873 502.676178 717.763306 514.3898009999999 178.95807966666666 229.298447 0 687.106873 687.018372 316.409157 423.160919 0.25 0.25 0.08333333333333333 0.0 0.08333333333333333 0.08333333333333333 0.16666666666666666 0.08333333333333333 53.84665134693878 12.820513 348.0233563333333 0.875 0.017857142857142856 0.10714285714285714 0.4166666666666667 0.0 0.08333333333333333 0.16666666666666666 0.08333333333333333 0.08333333333333333 0.08333333333333333 0.08333333333333333 0.5918367346938775 0.20408163265306123 0.061224489795918366 0.12244897959183673 0.02040816326530612 liyajie 3Сʱ_mousemovements
96.96248485714285 257.5575053333333 0 0 713.7647703333333 618.056519 545.447632 1719.118286 444.311962 501.7435487777778 124.083481 0 197.048134 332.751938 67.381163 10.389712333333334 0.08695652173913043 0.391304347826087 0.043478260869565216 0.0 0.08695652173913043 0.13043478260869565 0.13043478260869565 0.13043478260869565 86.63762469491525 7.79228425 335.2125096666667 0.855072463768116 0.057971014492753624 0.08695652173913043 0.6086956521739131 0.13043478260869565 0.0 0.0 0.13043478260869565 0.043478260869565216 0.043478260869565216 0.043478260869565216 0.6984126984126984 0.09523809523809523 0.12698412698412698 0.047619047619047616 0.031746031746031744 liyajie 3Сʱ_mousemovements
134.19751715 440.5782063333333 0 347.784515 0 0 0 0 115.34533933333334 104.90781133333333 452.987966 0 165.04286299999998 284.4238815 9.146341 139.81960899999999 0.25 0.125 0.125 0.0 0.25 0.08333333333333333 0.041666666666666664 0.125 51.60891457142857 4.587156 3.048780333333333 0.9438202247191011 0.02247191011235955 0.033707865168539325 0.8333333333333334 0.125 0.0 0.041666666666666664 0.0 0.0 0.0 0.0 0.7532467532467533 0.15584415584415584 0.06493506493506493 0.025974025974025976 0.0 liyajie 3Сʱ_mousemovements
0 0 0 0 0 0 0 0 0 0 0 0 0 0 0 0 0 0 0 0 0 0 0 0 0 0 0 0 0 0 0 0 0 0 0 0 0 0 0 0 0 0 0 liyajie 3Сʱ_mousemovements
77.7435456 166.657257 0 649.338867 1875.625244 2762.259766 862.538391 0 1588.7350566666667 169.86501460000002 194.886612 213.88272849999998 107.932407 104.691818 58.16531 414.0920263333333 0.14285714285714285 0.23809523809523808 0.047619047619047616 0.19047619047619047 0.09523809523809523 0.047619047619047616 0.09523809523809523 0.14285714285714285 87.09016670370372 17.0485545 902.03624725 0.9 0.03333333333333333 0.06666666666666667 0.7142857142857143 0.047619047619047616 0.0 0.047619047619047616 0.047619047619047616 0.047619047619047616 0.09523809523809523 0.0 0.7090909090909091 0.16363636363636364 0.05454545454545454 0.05454545454545454 0.01818181818181818 liyajie 3Сʱ_mousemovements
384.90928625 1163.59436 635.1178285000001 0 0 0 0 0 533.649658 1111.846191 0 0 0 0 304.0312805 0 0.14285714285714285 0.2857142857142857 0.0 0.0 0.0 0.0 0.5714285714285714 0.0 208.01002978947366 21.276596 0 0.95 0.05 0.0 0.5714285714285714 0.14285714285714285 0.2857142857142857 0.0 0.0 0.0 0.0 0.0 0.6875 0.1875 0.125 0.0 0.0 liyajie 3Сʱ_mousemovements
196.9858066190476 197.5698855 0 569.2404632 594.760376 0 843.0656333333333 672.756531 156.11954339999997 329.321312 647.27417 656.847046 64.195795 486.28335050000004 344.57733633333334 174.10852524999999 0.15151515151515152 0.18181818181818182 0.06060606060606061 0.06060606060606061 0.06060606060606061 0.18181818181818182 0.18181818181818182 0.12121212121212122 102.85211352873561 3.5460993333333337 316.5693797142857 0.8969072164948454 0.030927835051546393 0.07216494845360824 0.6363636363636364 0.06060606060606061 0.0 0.15151515151515152 0.030303030303030304 0.0 0.09090909090909091 0.030303030303030304 0.5411764705882353 0.24705882352941178 0.10588235294117647 0.08235294117647059 0.023529411764705882 liyajie 3Сʱ_mousemovements
133.31278566666666 238.48453524999996 639.9729 696.6860352857142 749.4471026666666 666.875824 0 1205.485138 40.429096 458.3718809999999 660.9514770000001 942.612793 267.15554299999997 306.0535586 552.9098098888888 284.87224599999996 0.03225806451612903 0.16129032258064516 0.12903225806451613 0.03225806451612903 0.12903225806451613 0.16129032258064516 0.2903225806451613 0.06451612903225806 121.7404086448598 0.0 207.46124460000001 0.9469026548672567 0.008849557522123894 0.04424778761061947 0.3870967741935484 0.12903225806451613 0.03225806451612903 0.22580645161290322 0.0967741935483871 0.06451612903225806 0.0 0.06451612903225806 0.5098039215686274 0.23529411764705882 0.12745098039215685 0.08823529411764706 0.0392156862745098 liyajie 3Сʱ_mousemovements
253.94399525000003 494.48186960000004 823.595474 514.6866332 690.413452 551.295166 862.732422 591.654236 338.35812883333335 448.14873766666665 689.3525023999999 301.1069735 435.110639 463.214274 327.0050232 517.718201 0.17647058823529413 0.17647058823529413 0.14705882352941177 0.058823529411764705 0.08823529411764706 0.17647058823529413 0.14705882352941177 0.029411764705882353 131.3953502065217 879.029175 291.1395917142857 0.92 0.01 0.07 0.47058823529411764 0.14705882352941177 0.058823529411764705 0.14705882352941177 0.058823529411764705 0.029411764705882353 0.058823529411764705 0.029411764705882353 0.5714285714285714 0.16483516483516483 0.15384615384615385 0.08791208791208792 0.02197802197802198 liyajie 3Сʱ_mousemovements
174.95740259259256 336.092529 504.881073 0 735.587646 1097.954346 0 0 0 111.93001080000002 444.41267025 313.03938266666665 186.89227783333334 314.69006099999996 167.56952714285717 294.5120136666667 0.0 0.16129032258064516 0.12903225806451613 0.0967741935483871 0.1935483870967742 0.0967741935483871 0.22580645161290322 0.0967741935483871 94.30450244871791 0 21.3071365 0.975 0.0 0.025 0.8709677419354839 0.03225806451612903 0.03225806451612903 0.0 0.03225806451612903 0.03225806451612903 0.0 0.0 0.6285714285714286 0.2 0.11428571428571428 0.04285714285714286 0.014285714285714285 liyajie 3Сʱ_mousemovements
212.13816584615387 628.931274 629.937683 925.2447713333332 684.411995 1044.254761 788.93811 559.9364165 325.10393500000004 271.446295 454.5119895 0 639.062317 383.34066700000005 700.6862364999998 619.618103 0.07692307692307693 0.19230769230769232 0.15384615384615385 0.0 0.11538461538461539 0.19230769230769232 0.23076923076923078 0.038461538461538464 167.47368376119402 12.820513 624.777893 0.9571428571428572 0.014285714285714285 0.02857142857142857 0.5 0.038461538461538464 0.038461538461538464 0.11538461538461539 0.15384615384615385 0.038461538461538464 0.038461538461538464 0.07692307692307693 0.484375 0.265625 0.125 0.078125 0.046875 liyajie 3Сʱ_mousemovements
113.24150649999999 2545.855713 1413.138062 474.269089 0 626.1443485 358.744965 0 0 1265.41874725 0 447.780449 217.179736 0 184.74882649999998 210.438629 0.0 0.36363636363636365 0.0 0.18181818181818182 0.18181818181818182 0.0 0.18181818181818182 0.09090909090909091 179.30554777142856 0 231.945823 0.9210526315789473 0.0 0.07894736842105263 0.36363636363636365 0.09090909090909091 0.09090909090909091 0.18181818181818182 0.0 0.18181818181818182 0.09090909090909091 0.0 0.8214285714285714 0.07142857142857142 0.0 0.07142857142857142 0.03571428571428571 liyajie 3Сʱ_mousemovements
127.2414279 0 828.7800445 384.466949 0 475.660614 1450.5261535 0 797.6438166666667 146.24618825 96.0 277.59488650000003 780.007141 0 270.54238475 1199.871582 0.1875 0.25 0.0625 0.125 0.0625 0.0 0.25 0.0625 126.39644702325582 34.06581475 279.96093925 0.8431372549019608 0.0784313725490196 0.0784313725490196 0.625 0.0 0.125 0.0625 0.0 0.0625 0.125 0.0 0.5555555555555556 0.26666666666666666 0.08888888888888889 0.044444444444444446 0.044444444444444446 liyajie 3Сʱ_mousemovements
179.18826390624994 506.09922025 197.708103 1114.5822346666666 984.2854002500001 964.4702353333336 791.896851 0 523.641108 264.0266235714286 657.1585731666667 284.25916575 554.521984 268.4687425 218.09513850000002 610.938227222222 0.05660377358490566 0.1320754716981132 0.11320754716981132 0.1509433962264151 0.07547169811320754 0.11320754716981132 0.18867924528301888 0.16981132075471697 159.63412171544712 37.6075924 132.1395342 0.8913043478260869 0.036231884057971016 0.07246376811594203 0.6037735849056604 0.1509433962264151 0.03773584905660377 0.05660377358490566 0.07547169811320754 0.05660377358490566 0.018867924528301886 0.0 0.5307692307692308 0.2153846153846154 0.13076923076923078 0.09230769230769231 0.03076923076923077 liyajie 3Сʱ_mousemovements
137.61371662500002 290.43678400000005 508.75780475 990.749268 891.3324895000001 1296.611938 951.7793274999999 624.024048 483.85585299999997 206.3583984 365.693301 341.7292255 627.1326198333334 316.23371133333336 153.6040919 230.84828716666667 0.061224489795918366 0.20408163265306123 0.12244897959183673 0.04081632653061224 0.12244897959183673 0.12244897959183673 0.20408163265306123 0.12244897959183673 85.0048524148148 13.110608666666666 253.88211607142858 0.8881578947368421 0.019736842105263157 0.09210526315789473 0.64 0.14 0.08 0.02 0.04 0.02 0.04 0.02 0.5972222222222222 0.2152777777777778 0.09722222222222222 0.05555555555555555 0.034722222222222224 liyajie 3Сʱ_mousemovements
129.62224930434783 282.50024133333335 355.7178345 695.965416 638.3043825000001 1207.9755095 481.764282 688.797775 331.2736188 561.742079 479.71595909090905 390.0419513333333 173.90903816666662 208.5138924285714 338.08643200000006 486.86977939999997 0.10416666666666667 0.08333333333333333 0.22916666666666666 0.0625 0.125 0.14583333333333334 0.14583333333333334 0.10416666666666667 106.64188154887218 82.9151422 235.10748107692308 0.8807947019867549 0.033112582781456956 0.08609271523178808 0.4791666666666667 0.125 0.041666666666666664 0.08333333333333333 0.125 0.041666666666666664 0.020833333333333332 0.08333333333333333 0.6 0.2 0.08148148148148149 0.08888888888888889 0.02962962962962963 liyajie 3Сʱ_mousemovements
158.427499 479.968544 639.629051 676.7911551428572 730.4812746 972.0794473333332 585.983826 727.294128 392.76670725 397.9519025 760.073928857143 0 588.6854043333333 518.7002926666667 289.1263691818182 246.54858 0.08333333333333333 0.16666666666666666 0.14583333333333334 0.0 0.0625 0.1875 0.22916666666666666 0.125 183.71012079207918 134.17978666666662 468.966553 0.8938053097345132 0.07964601769911504 0.02654867256637168 0.4583333333333333 0.08333333333333333 0.08333333333333333 0.14583333333333334 0.10416666666666667 0.0625 0.041666666666666664 0.020833333333333332 0.5428571428571428 0.2 0.10476190476190476 0.11428571428571428 0.0380952380952381 liyajie 3Сʱ_mousemovements
234.32372974999998 531.0689371428572 402.2190186 1045.8767395 979.3565980000001 0 1930.654175 621.435547 352.3629955 415.85047920000005 1006.314697 1610.841553 333.431793 1377.369629 480.9564546 101.06383149999999 0.15384615384615385 0.19230769230769232 0.038461538461538464 0.038461538461538464 0.038461538461538464 0.07692307692307693 0.38461538461538464 0.07692307692307693 158.2424286760563 145.37100024999998 398.17124183333334 0.8765432098765432 0.04938271604938271 0.07407407407407407 0.3076923076923077 0.2692307692307692 0.19230769230769232 0.07692307692307693 0.07692307692307693 0.0 0.038461538461538464 0.038461538461538464 0.5945945945945946 0.20270270270270271 0.06756756756756757 0.12162162162162163 0.013513513513513514 liyajie 3Сʱ_mousemovements
307.188527 286.2962875 475.121231 0 0 600.425903 0 842.140045 375.57308950000004 303.705017 632.10556 282.393494 198.554459 573.134399 555.54466 0 0.16666666666666666 0.16666666666666666 0.16666666666666666 0.08333333333333333 0.08333333333333333 0.08333333333333333 0.25 0.0 62.57472688372093 0.0 294.7522676666666 0.7962962962962963 0.037037037037037035 0.16666666666666666 0.4166666666666667 0.16666666666666666 0.16666666666666666 0.0 0.0 0.08333333333333333 0.0 0.16666666666666666 0.6666666666666666 0.1875 0.041666666666666664 0.08333333333333333 0.020833333333333332 liyajie 3Сʱ_mousemovements
0 163.800018 965.231567 0 1294.63916 686.072937 602.162842 0 0 0 602.162842 0 965.231567 1294.63916 686.072937 163.800018 0.0 0.0 0.2 0.0 0.2 0.2 0.2 0.2 90.39482908 0 363.00894925 0.8620689655172413 0.0 0.13793103448275862 0.0 0.2 0.2 0.0 0.2 0.2 0.2 0.0 0.7916666666666666 0.125 0.0 0.041666666666666664 0.041666666666666664 liyajie 3Сʱ_mousemovements
0 0 0 0 0 0 0 0 0 0 0 0 0 0 0 0 0 0 0 0 0 0 0 0 0.0 0 0 1.0 0.0 0.0 0 0 0 0 0 0 0 0 1.0 0.0 0.0 0.0 0.0 liyajie 3Сʱ_mousemovements
0 0 0 0 0 0 0 0 0 0 0 0 0 0 0 0 0 0 0 0 0 0 0 0 0.0 0 0 1.0 0.0 0.0 0 0 0 0 0 0 0 0 1.0 0.0 0.0 0.0 0.0 liyajie 3Сʱ_mousemovements
0 0 0 0 0 0 0 0 0 0 0 0 0 0 0 0 0 0 0 0 0 0 0 0 0.0 0 0 1.0 0.0 0.0 0 0 0 0 0 0 0 0 1.0 0.0 0.0 0.0 0.0 liyajie 3Сʱ_mousemovements
162.3931683333333 0 0 0 0 0 0 0 296.099884 0 0 0 0 0 95.5398105 0 0.3333333333333333 0.0 0.0 0.0 0.0 0.0 0.6666666666666666 0.0 20.03422294444444 0 126.563492 0.9473684210526315 0.0 0.05263157894736842 1.0 0.0 0.0 0.0 0.0 0.0 0.0 0.0 0.7647058823529411 0.11764705882352941 0.11764705882352941 0.0 0.0 liyajie 3Сʱ_mousemovements
0 0 0 0 0 0 0 0 0 0 0 0 0 0 0 0 0 0 0 0 0 0 0 0 0 0 0 0 0 0 0 0 0 0 0 0 0 0 0 0 0 0 0 liyajie 3Сʱ_mousemovements
0 0 0 0 0 0 0 0 0 0 0 0 0 0 0 0 0 0 0 0 0 0 0 0 0 0 0 0 0 0 0 0 0 0 0 0 0 0 0 0 0 0 0 liyajie 3Сʱ_mousemovements
0 0 0 0 0 0 0 0 0 0 0 0 0 0 0 0 0 0 0 0 0 0 0 0 0 0 0 0 0 0 0 0 0 0 0 0 0 0 0 0 0 0 0 liyajie 3Сʱ_mousemovements
0 0 0 0 0 0 0 0 0 0 0 0 0 0 0 0 0 0 0 0 0 0 0 0 0 0 0 0 0 0 0 0 0 0 0 0 0 0 0 0 0 0 0 liyajie 3Сʱ_mousemovements
0 0 0 0 0 0 0 0 0 0 0 0 0 0 0 0 0 0 0 0 0 0 0 0 0 0 0 0 0 0 0 0 0 0 0 0 0 0 0 0 0 0 0 liyajie 3Сʱ_mousemovements
0 0 0 0 0 0 0 0 0 0 0 0 0 0 0 0 0 0 0 0 0 0 0 0 0 0 0 0 0 0 0 0 0 0 0 0 0 0 0 0 0 0 0 liyajie 3Сʱ_mousemovements
0 0 0 0 0 0 0 0 0 0 0 0 0 0 0 0 0 0 0 0 0 0 0 0 0 0 0 0 0 0 0 0 0 0 0 0 0 0 0 0 0 0 0 liyajie 3Сʱ_mousemovements
0 0 0 0 0 0 0 0 0 0 0 0 0 0 0 0 0 0 0 0 0 0 0 0 0 0 0 0 0 0 0 0 0 0 0 0 0 0 0 0 0 0 0 liyajie 3Сʱ_mousemovements
0 0 0 0 0 0 0 0 0 0 0 0 0 0 0 0 0 0 0 0 0 0 0 0 0 0 0 0 0 0 0 0 0 0 0 0 0 0 0 0 0 0 0 liyajie 3Сʱ_mousemovements
