157.57923947058822 471.1255865 983.0424805 991.3397367499999 1070.582275 0 669.214417 417.09671 195.628876 479.54035178571434 259.493408 46.483546000000004 507.70888433333334 379.7564116666667 706.0874146 0 0.03125 0.4375 0.03125 0.15625 0.09375 0.09375 0.15625 0.0 203.6232411875 19.631871142857143 106.1568415 0.8533333333333334 0.09333333333333334 0.05333333333333334 0.53125 0.1875 0.0625 0.125 0.03125 0.0 0.03125 0.03125 0.6323529411764706 0.22058823529411764 0.04411764705882353 0.04411764705882353 0.058823529411764705 leishengchuan 7Сʱ_mousemovements
0 0 0 0 0 0 0 0 0 0 0 0 0 0 0 0 0 0 0 0 0 0 0 0 0 0 0 0 0 0 0 0 0 0 0 0 0 0 0 0 0 0 0 leishengchuan 7Сʱ_mousemovements
0 0 0 0 0 0 0 0 0 0 0 0 0 0 0 0 0 0 0 0 0 0 0 0 0 0 0 0 0 0 0 0 0 0 0 0 0 0 0 0 0 0 0 leishengchuan 7Сʱ_mousemovements
0 0 0 0 0 0 0 0 0 0 0 0 0 0 0 0 0 0 0 0 0 0 0 0 0 0 0 0 0 0 0 0 0 0 0 0 0 0 0 0 0 0 0 leishengchuan 7Сʱ_mousemovements
0 0 0 0 0 0 0 0 0 0 0 0 0 0 0 0 0 0 0 0 0 0 0 0 0 0 0 0 0 0 0 0 0 0 0 0 0 0 0 0 0 0 0 leishengchuan 7Сʱ_mousemovements
0 258.211395 0 0 0 0 0 0 0 258.211395 0 0 0 0 0 0 0.0 1.0 0.0 0.0 0.0 0.0 0.0 0.0 129.1056975 0 0 1.0 0.0 0.0 0.0 1.0 0.0 0.0 0.0 0.0 0.0 0.0 0.0 0.0 1.0 0.0 0.0 leishengchuan 7Сʱ_mousemovements
0 0 0 0 0 0 0 0 0 0 0 0 0 0 0 0 0 0 0 0 0 0 0 0 0 0 0 0 0 0 0 0 0 0 0 0 0 0 0 0 0 0 0 leishengchuan 7Сʱ_mousemovements
0 0 0 0 0 0 0 0 0 0 0 0 0 0 0 0 0 0 0 0 0 0 0 0 0 0 0 0 0 0 0 0 0 0 0 0 0 0 0 0 0 0 0 leishengchuan 7Сʱ_mousemovements
95.62043849999999 334.34187299999996 1099.82373 0 0 721.0541483333333 1257.7363435 607.476807 436.7098075999999 711.8231367999999 404.382141 98.32262166666668 484.490921 839.831177 483.07993675 31.921026 0.2 0.2 0.12 0.12 0.08 0.08 0.16 0.04 118.5772724230769 173.4077605 283.47765112499997 0.8863636363636364 0.022727272727272728 0.09090909090909091 0.4 0.24 0.04 0.0 0.0 0.12 0.16 0.04 0.6666666666666666 0.1794871794871795 0.05128205128205128 0.05128205128205128 0.05128205128205128 leishengchuan 7Сʱ_mousemovements
160.21709378260869 639.5031584999999 323.052048 0 0 0 0 1481.845215 150.52189325 416.43709600000005 77.877853 85.514534 254.62166366666668 68.95714000000001 651.0668047500001 117.204788 0.13793103448275862 0.3103448275862069 0.034482758620689655 0.06896551724137931 0.10344827586206896 0.06896551724137931 0.13793103448275862 0.13793103448275862 87.60730468421052 9.174312 476.61613300000005 0.9382716049382716 0.012345679012345678 0.04938271604938271 0.7931034482758621 0.06896551724137931 0.06896551724137931 0.0 0.0 0.0 0.0 0.06896551724137931 0.6060606060606061 0.19696969696969696 0.06060606060606061 0.07575757575757576 0.06060606060606061 leishengchuan 7Сʱ_mousemovements
177.6547922857143 0 0 718.276428 753.472961 0 0 0 173.93723400000002 0 0 0 245.99181350000003 753.472961 490.78785700000003 70.2130825 0.2222222222222222 0.0 0.0 0.0 0.2222222222222222 0.1111111111111111 0.2222222222222222 0.2222222222222222 129.30156833333334 0 0 1.0 0.0 0.0 0.7777777777777778 0.0 0.0 0.1111111111111111 0.1111111111111111 0.0 0.0 0.0 0.7058823529411765 0.058823529411764705 0.11764705882352941 0.11764705882352941 0.0 leishengchuan 7Сʱ_mousemovements
194.57614633333333 733.193787 0 428.517792 0 0 0 0 175.003616 0 0 0 363.09617649999996 111.050262 0 733.193787 0.2 0.0 0.0 0.0 0.4 0.2 0.0 0.2 109.090001125 0 0 1.0 0.0 0.0 0.6 0.2 0.0 0.2 0.0 0.0 0.0 0.0 0.7692307692307693 0.15384615384615385 0.0 0.07692307692307693 0.0 leishengchuan 7Сʱ_mousemovements
233.69595211111113 1451.370036 826.4961545 1308.4926755 646.1226194999999 1114.3965455 0 0 333.448242 1115.06446125 227.886932 526.251236 1289.964233 1141.7506103333333 663.98291 348.51854599999996 0.05 0.2 0.05 0.2 0.05 0.15 0.05 0.25 193.93565325373132 0.0 250.94017979999998 0.9054054054054054 0.02702702702702703 0.06756756756756757 0.45 0.15 0.1 0.1 0.1 0.1 0.0 0.0 0.5625 0.234375 0.09375 0.03125 0.078125 leishengchuan 7Сʱ_mousemovements
71.4039 772.231934 0 0 0 814.388611 0 0 71.4039 0 0 0 772.231934 0 814.388611 0 0.3333333333333333 0.0 0.0 0.0 0.3333333333333333 0.0 0.3333333333333333 0.0 276.3374075 0 0 1.0 0.0 0.0 0.3333333333333333 0.3333333333333333 0.0 0.0 0.0 0.3333333333333333 0.0 0.0 0.25 0.5 0.0 0.25 0.0 leishengchuan 7Сʱ_mousemovements
0 0 0 0 0 0 0 0 0 0 0 0 0 0 0 0 0 0 0 0 0 0 0 0 0 0 0 0 0 0 0 0 0 0 0 0 0 0 0 0 0 0 0 leishengchuan 7Сʱ_mousemovements
178.20411477777782 368.653122 0 2737.592285 1792.343994 0 1829.75647 1189.917114 0 480.56202700000006 952.3065883333334 220.9282725 933.5279425 1015.5129855 291.084839 0 0.0 0.3333333333333333 0.2 0.13333333333333333 0.13333333333333333 0.13333333333333333 0.06666666666666667 0.0 224.4293273 7.142857 224.82358349999998 0.8695652173913043 0.043478260869565216 0.08695652173913043 0.6 0.13333333333333333 0.0 0.06666666666666667 0.06666666666666667 0.0 0.06666666666666667 0.06666666666666667 0.6590909090909091 0.22727272727272727 0.09090909090909091 0.022727272727272728 0.0 leishengchuan 7Сʱ_mousemovements
168.29252744444446 0 0 0 977.969788 0 0 0 359.52648350000004 147.6647375 381.836761 0 0 0 170.247742 103.5413115 0.4 0.2 0.1 0.0 0.0 0.0 0.1 0.2 120.53307055 81.941124 0 0.9523809523809523 0.047619047619047616 0.0 0.9 0.0 0.0 0.0 0.1 0.0 0.0 0.0 0.5294117647058824 0.29411764705882354 0.17647058823529413 0.0 0.0 leishengchuan 7Сʱ_mousemovements
136.78503827083333 429.14224690000003 792.0400169090909 475.82491566666664 347.848572 911.0891725 0 931.90094 456.3708724999999 396.28628056249994 304.6408902222222 220.9610723333333 322.81797018181817 190.8596755 370.6120313846155 169.3794996153846 0.07894736842105263 0.21052631578947367 0.11842105263157894 0.07894736842105263 0.14473684210526316 0.02631578947368421 0.17105263157894737 0.17105263157894737 106.8837285399061 2.7131326000000002 119.92247763636364 0.9301310043668122 0.021834061135371178 0.048034934497816595 0.631578947368421 0.13157894736842105 0.14473684210526316 0.039473684210526314 0.013157894736842105 0.02631578947368421 0.0 0.013157894736842105 0.5663265306122449 0.20408163265306123 0.1377551020408163 0.05102040816326531 0.04081632653061224 leishengchuan 7Сʱ_mousemovements
147.16256452380952 286.0378548333333 359.32541675 429.102051 1031.1674866 1107.291016 0 0 121.308179 122.85741700000001 264.07902925 489.833984 491.03571224999996 674.765076 631.48873725 301.62203342857146 0.15789473684210525 0.18421052631578946 0.10526315789473684 0.02631578947368421 0.10526315789473684 0.02631578947368421 0.21052631578947367 0.18421052631578946 102.19794863478259 21.5050846 153.69766214285715 0.905511811023622 0.03937007874015748 0.05511811023622047 0.5526315789473685 0.15789473684210525 0.10526315789473684 0.02631578947368421 0.13157894736842105 0.02631578947368421 0.0 0.0 0.5132743362831859 0.25663716814159293 0.1504424778761062 0.05309734513274336 0.02654867256637168 leishengchuan 7Сʱ_mousemovements
131.60928541935488 497.57255050000003 360.4282123333333 674.7235840000001 705.5808107500001 5378.237305 0 0 154.2347914 151.74733629999997 412.19130700000005 1110.3695423333331 550.18743325 378.45889175 509.29645214285716 127.13917187499999 0.1 0.2 0.12 0.12 0.08 0.08 0.14 0.16 144.5181652 34.134876 264.624309 0.9398496240601504 0.015037593984962405 0.045112781954887216 0.62 0.12 0.06 0.1 0.08 0.02 0.0 0.0 0.48739495798319327 0.2689075630252101 0.1092436974789916 0.10084033613445378 0.03361344537815126 leishengchuan 7Сʱ_mousemovements
