193.7190237777778 288.82341 333.028366 0 759.916687 827.8822815999999 986.1506146666666 623.8767089999999 262.6218058 527.9455445714286 656.3121034999999 350.474475 228.33848666666668 531.145294 305.77038238461535 393.01197579999996 0.1111111111111111 0.15555555555555556 0.044444444444444446 0.1111111111111111 0.13333333333333333 0.044444444444444446 0.28888888888888886 0.1111111111111111 94.46054015827336 236.91726519999997 193.77448845454546 0.896774193548387 0.03225806451612903 0.07096774193548387 0.6 0.1111111111111111 0.044444444444444446 0.0 0.022222222222222223 0.1111111111111111 0.06666666666666667 0.044444444444444446 0.5190839694656488 0.2748091603053435 0.07633587786259542 0.0916030534351145 0.03816793893129771 leishengchuan 10Сʱ_mousemovements
144.25485664102567 354.93685919999996 411.588015 497.22124287500003 1552.644516 369.9707436666667 0 0 348.19399259999994 229.8716733076923 218.951725125 681.5905364444444 221.72060733333333 349.5514864285714 247.9957185294117 457.7237891666667 0.07042253521126761 0.18309859154929578 0.11267605633802817 0.1267605633802817 0.08450704225352113 0.09859154929577464 0.23943661971830985 0.08450704225352113 111.56214477419358 116.331239125 128.72888484615385 0.8985507246376812 0.03864734299516908 0.06280193236714976 0.5492957746478874 0.14084507042253522 0.09859154929577464 0.11267605633802817 0.056338028169014086 0.04225352112676056 0.0 0.0 0.5363128491620112 0.22905027932960895 0.0893854748603352 0.08379888268156424 0.061452513966480445 leishengchuan 10Сʱ_mousemovements
0 0 0 2125.712891 0 2447.810303 0 0 0 2125.712891 0 0 0 2447.810303 0 0 0.0 0.5 0.0 0.0 0.0 0.5 0.0 0.0 762.2538656666667 0 0 1.0 0.0 0.0 0.0 0.0 0.0 0.5 0.0 0.5 0.0 0.0 0.6666666666666666 0.3333333333333333 0.0 0.0 0.0 leishengchuan 10Сʱ_mousemovements
0 0 0 0 0 0 0 0 0 0 0 0 0 0 0 0 0 0 0 0 0 0 0 0 0 0 0 0 0 0 0 0 0 0 0 0 0 0 0 0 0 0 0 leishengchuan 10Сʱ_mousemovements
0 0 0 0 0 0 0 0 0 0 0 0 0 0 0 0 0 0 0 0 0 0 0 0 0 0 0 0 0 0 0 0 0 0 0 0 0 0 0 0 0 0 0 leishengchuan 10Сʱ_mousemovements
0 0 0 0 0 0 0 0 0 0 0 0 0 0 0 0 0 0 0 0 0 0 0 0 0 0 0 0 0 0 0 0 0 0 0 0 0 0 0 0 0 0 0 leishengchuan 10Сʱ_mousemovements
123.92368534210527 455.797546 416.93153366666667 1443.7102280000001 940.1911416666666 9180.603516 701.2485655 746.301453 1319.0210188749998 103.99923561538463 420.94312875 255.4213592857143 39.8539315 284.49953374999996 747.5363807000001 681.7185116666666 0.14545454545454545 0.23636363636363636 0.07272727272727272 0.12727272727272726 0.03636363636363636 0.14545454545454545 0.18181818181818182 0.05454545454545454 166.4617554025974 30.74604225 213.42988828571427 0.9333333333333333 0.024242424242424242 0.04242424242424243 0.6909090909090909 0.05454545454545454 0.05454545454545454 0.07272727272727272 0.05454545454545454 0.01818181818181818 0.03636363636363636 0.01818181818181818 0.5655172413793104 0.2413793103448276 0.12413793103448276 0.04827586206896552 0.020689655172413793 leishengchuan 10Сʱ_mousemovements
152.8900602142857 600.33313175 435.57782249999997 221.361496 712.8114378 638.372803 575.158813 607.302734 231.2584515 316.3404912222222 353.89402090000004 299.80248191666664 268.737447 533.3993151666666 275.28894349999996 183.23265139999998 0.06060606060606061 0.13636363636363635 0.15151515151515152 0.18181818181818182 0.045454545454545456 0.09090909090909091 0.18181818181818182 0.15151515151515152 90.26245791847826 44.61889516666667 198.4415411875 0.8932038834951457 0.02912621359223301 0.07766990291262135 0.6363636363636364 0.12121212121212122 0.09090909090909091 0.015151515151515152 0.07575757575757576 0.015151515151515152 0.015151515151515152 0.030303030303030304 0.5681818181818182 0.2159090909090909 0.08522727272727272 0.09090909090909091 0.03977272727272727 leishengchuan 10Сʱ_mousemovements
177.54031523809525 227.7031096666667 493.83481625 334.47052 0 2978.327148 731.091736 1211.20813 346.46999099999994 644.5512725 78.134451 59.789841499999994 67.159412 387.0702105 10.638298 427.149384 0.09375 0.3125 0.09375 0.0625 0.125 0.25 0.03125 0.03125 73.69065192857143 48.59652500000001 294.79546881818175 0.8888888888888888 0.023809523809523808 0.0873015873015873 0.65625 0.09375 0.125 0.03125 0.0 0.03125 0.03125 0.03125 0.584070796460177 0.20353982300884957 0.07079646017699115 0.07964601769911504 0.061946902654867256 leishengchuan 10Сʱ_mousemovements
170.98891633333335 790.6348266666665 498.03283816666664 503.01281733333326 0 0 0 1849.723022 0 515.30957 991.3632124999999 426.062615 154.789755 0 399.363603 348.4852237500001 0.0 0.03571428571428571 0.07142857142857142 0.25 0.14285714285714285 0.0 0.21428571428571427 0.2857142857142857 123.98140620253164 578.384216 113.84767775 0.8977272727272727 0.011363636363636364 0.09090909090909091 0.5357142857142857 0.10714285714285714 0.21428571428571427 0.10714285714285714 0.0 0.0 0.0 0.03571428571428571 0.6842105263157895 0.15789473684210525 0.10526315789473684 0.02631578947368421 0.02631578947368421 leishengchuan 10Сʱ_mousemovements
273.71560975 0 686.771484 0 0 0 0 0 72.523773 482.873093 56.59248 0 0 686.771484 0 0 0.2 0.4 0.2 0.0 0.0 0.2 0.0 0.0 127.25956592857142 0 0 1.0 0.0 0.0 0.8 0.0 0.2 0.0 0.0 0.0 0.0 0.0 0.8 0.1 0.0 0.0 0.1 leishengchuan 10Сʱ_mousemovements
161.8485196923077 857.84748825 374.33462125 684.907489875 282.60605425 956.2495115 0 695.5915219999999 153.74682625 330.30576030769237 281.22171825 528.2197444999999 511.601982 374.97738244444446 613.8217343333333 424.402607 0.08 0.26 0.16 0.08 0.04 0.18 0.12 0.08 127.51782893750001 138.0336782857143 176.16383009999998 0.8827586206896552 0.04827586206896552 0.06896551724137931 0.52 0.08 0.08 0.16 0.08 0.04 0.0 0.04 0.5206611570247934 0.23140495867768596 0.1322314049586777 0.06611570247933884 0.049586776859504134 leishengchuan 10Сʱ_mousemovements
109.10334939622639 370.5199661428571 476.71626455555554 467.9752214444445 2476.740723 0 955.568542 858.375992 162.3955773888889 196.26688850000002 267.34571 453.805952 275.4793488 344.19958341666666 239.34749499999998 301.2707245333333 0.20224719101123595 0.1348314606741573 0.11235955056179775 0.1348314606741573 0.056179775280898875 0.1348314606741573 0.056179775280898875 0.16853932584269662 78.03774299212598 6.2917622 207.30417982608694 0.900709219858156 0.01773049645390071 0.08156028368794327 0.5955056179775281 0.15730337078651685 0.10112359550561797 0.10112359550561797 0.011235955056179775 0.0 0.011235955056179775 0.02247191011235955 0.5697211155378487 0.1952191235059761 0.10756972111553785 0.09163346613545817 0.035856573705179286 leishengchuan 10Сʱ_mousemovements
110.07305206521741 396.7740624166666 737.0656128 597.0263672 0 805.7108663333332 981.113983 1918.2043454999998 176.0976660909091 443.5964301538461 559.4655075 489.0108641999999 261.3776805833333 800.9267272222222 299.5627748235294 69.165033 0.13924050632911392 0.16455696202531644 0.05063291139240506 0.06329113924050633 0.1518987341772152 0.11392405063291139 0.21518987341772153 0.10126582278481013 105.22905469014086 28.488139999999998 340.1765138235294 0.8987341772151899 0.029535864978902954 0.07172995780590717 0.575 0.15 0.125 0.0625 0.0 0.0375 0.025 0.025 0.6268656716417911 0.1791044776119403 0.11940298507462686 0.04477611940298507 0.029850746268656716 leishengchuan 10Сʱ_mousemovements
90.77763970000001 478.0854999999999 388.798279 1322.151993 1056.373932 1055.2280580000001 1140.064209 0 315.46845875 213.73864033333334 851.890386 585.9930115 350.376198 593.7016056666666 256.2140136666667 1595.533081 0.1111111111111111 0.3333333333333333 0.16666666666666666 0.05555555555555555 0.05555555555555555 0.08333333333333333 0.16666666666666666 0.027777777777777776 133.81487049999998 12.71095125 284.4487911111112 0.8828828828828829 0.036036036036036036 0.08108108108108109 0.5555555555555556 0.16666666666666666 0.027777777777777776 0.1111111111111111 0.05555555555555555 0.05555555555555555 0.027777777777777776 0.0 0.6078431372549019 0.1568627450980392 0.13725490196078433 0.058823529411764705 0.0392156862745098 leishengchuan 10Сʱ_mousemovements
150.2322904137931 354.77176985714283 779.5615131666665 460.78899828571423 618.2589723333333 467.317393 803.7234559999999 2742.838379 312.45640592307694 245.6080092380952 441.81062699999995 722.2884865 638.3370428749998 339.8356697272727 221.53358743478256 224.20586555555556 0.13402061855670103 0.21649484536082475 0.08247422680412371 0.041237113402061855 0.08247422680412371 0.1134020618556701 0.23711340206185566 0.09278350515463918 112.54120162184877 157.99602042857143 337.3251195454545 0.9296875 0.02734375 0.04296875 0.5979381443298969 0.14432989690721648 0.061855670103092786 0.07216494845360824 0.030927835051546393 0.030927835051546393 0.05154639175257732 0.010309278350515464 0.6210045662100456 0.1917808219178082 0.1095890410958904 0.0273972602739726 0.0502283105022831 leishengchuan 10Сʱ_mousemovements
135.5162087368421 480.2846666666666 419.755554 761.42703625 771.6376955000001 0 0 0 332.3262588 247.97209033333334 1058.2944336666667 436.0546566666667 256.92643725 286.51614033333334 150.7308614 63.945157333333334 0.15625 0.1875 0.09375 0.09375 0.125 0.09375 0.15625 0.09375 93.99885714285715 66.20029966666667 263.4166841111111 0.875 0.03125 0.09375 0.59375 0.1875 0.03125 0.125 0.0625 0.0 0.0 0.0 0.6071428571428571 0.23809523809523808 0.10714285714285714 0.047619047619047616 0.0 leishengchuan 10Сʱ_mousemovements
168.96361705555557 536.1491015 537.3538482 0 1428.3387754999999 1451.1648865000002 750.366862 929.13208 88.534691 812.2305841111112 484.0565995999999 53.519054 24.848803 823.6443567142857 463.36172933333324 49.78101066666667 0.02857142857142857 0.2571428571428571 0.14285714285714285 0.02857142857142857 0.08571428571428572 0.2 0.17142857142857143 0.08571428571428572 166.23200954255321 87.7929325 533.0003374 0.912621359223301 0.038834951456310676 0.04854368932038835 0.5142857142857142 0.05714285714285714 0.14285714285714285 0.0 0.05714285714285714 0.11428571428571428 0.08571428571428572 0.02857142857142857 0.5 0.22340425531914893 0.1702127659574468 0.0425531914893617 0.06382978723404255 leishengchuan 10Сʱ_mousemovements
83.89139560000001 144.465378 494.511902 0 0 0 828.733643 0 144.465378 209.009735 66.188322 494.511902 0 449.1286165 8.547009 0 0.125 0.125 0.25 0.125 0.0 0.25 0.125 0.0 29.853510035714287 0 262.817405 0.875 0.0 0.125 0.625 0.125 0.125 0.0 0.0 0.0 0.125 0.0 0.3448275862068966 0.4482758620689655 0.10344827586206896 0.10344827586206896 0.0 leishengchuan 10Сʱ_mousemovements
0 0 0 0 0 0 0 0 0 0 0 0 0 0 0 0 0 0 0 0 0 0 0 0 0 0 0 0 0 0 0 0 0 0 0 0 0 0 0 0 0 0 0 leishengchuan 10Сʱ_mousemovements
