341.8316325 0 0 929.3629455 0 0 0 0 638.578735 0 770.83136 45.08453 0 0 1087.894531 0 0.25 0.0 0.25 0.25 0.0 0.0 0.25 0.0 207.78494642857143 1087.894531 0 0.875 0.125 0.0 0.5 0.0 0.0 0.5 0.0 0.0 0.0 0.0 0.3333333333333333 0.5 0.16666666666666666 0.0 0.0 wanghe 6Сʱ_mousemovements
0 0 0 0 0 0 0 0 0 0 0 0 0 0 0 0 0 0 0 0 0 0 0 0 0 0 0 0 0 0 0 0 0 0 0 0 0 0 0 0 0 0 0 wanghe 6Сʱ_mousemovements
0 0 0 0 0 0 0 0 0 0 0 0 0 0 0 0 0 0 0 0 0 0 0 0 0 0 0 0 0 0 0 0 0 0 0 0 0 0 0 0 0 0 0 wanghe 6Сʱ_mousemovements
0 0 0 0 0 0 0 0 0 0 0 0 0 0 0 0 0 0 0 0 0 0 0 0 0 0 0 0 0 0 0 0 0 0 0 0 0 0 0 0 0 0 0 wanghe 6Сʱ_mousemovements
0 0 0 0 0 0 0 0 0 0 0 0 0 0 0 0 0 0 0 0 0 0 0 0 0 0 0 0 0 0 0 0 0 0 0 0 0 0 0 0 0 0 0 wanghe 6Сʱ_mousemovements
151.6465 0 0 0 0 0 0 0 0 0 0 151.6465 0 0 0 0 0.0 0.0 0.0 1.0 0.0 0.0 0.0 0.0 25.274416666666667 0 0 1.0 0.0 0.0 1.0 0.0 0.0 0.0 0.0 0.0 0.0 0.0 0.8 0.2 0.0 0.0 0.0 wanghe 6Сʱ_mousemovements
0 0 0 0 2809.274658 0 0 0 0 0 0 2809.274658 0 0 0 0 0.0 0.0 0.0 1.0 0.0 0.0 0.0 0.0 1404.637329 0 0 1.0 0.0 0.0 0.0 0.0 0.0 0.0 1.0 0.0 0.0 0.0 1.0 0.0 0.0 0.0 0.0 wanghe 6Сʱ_mousemovements
0 0 0 0 0 0 0 0 0 0 0 0 0 0 0 0 0 0 0 0 0 0 0 0 0 0 0 0 0 0 0 0 0 0 0 0 0 0 0 0 0 0 0 wanghe 6Сʱ_mousemovements
0 0 0 0 0 0 0 0 0 0 0 0 0 0 0 0 0 0 0 0 0 0 0 0 0 0 0 0 0 0 0 0 0 0 0 0 0 0 0 0 0 0 0 wanghe 6Сʱ_mousemovements
0 0 0 0 0 0 0 0 0 0 0 0 0 0 0 0 0 0 0 0 0 0 0 0 0 0 0 0 0 0 0 0 0 0 0 0 0 0 0 0 0 0 0 wanghe 6Сʱ_mousemovements
0 0 0 0 0 0 0 0 0 0 0 0 0 0 0 0 0 0 0 0 0 0 0 0 0 0 0 0 0 0 0 0 0 0 0 0 0 0 0 0 0 0 0 wanghe 6Сʱ_mousemovements
0 0 0 0 0 0 0 0 0 0 0 0 0 0 0 0 0 0 0 0 0 0 0 0 0 0 0 0 0 0 0 0 0 0 0 0 0 0 0 0 0 0 0 wanghe 6Сʱ_mousemovements
0 0 0 0 0 0 0 0 0 0 0 0 0 0 0 0 0 0 0 0 0 0 0 0 0 0 0 0 0 0 0 0 0 0 0 0 0 0 0 0 0 0 0 wanghe 6Сʱ_mousemovements
0 0 0 0 0 0 0 0 0 0 0 0 0 0 0 0 0 0 0 0 0 0 0 0 0 0 0 0 0 0 0 0 0 0 0 0 0 0 0 0 0 0 0 wanghe 6Сʱ_mousemovements
0 0 0 0 0 0 0 0 0 0 0 0 0 0 0 0 0 0 0 0 0 0 0 0 0 0 0 0 0 0 0 0 0 0 0 0 0 0 0 0 0 0 0 wanghe 6Сʱ_mousemovements
0 0 0 0 0 0 0 0 0 0 0 0 0 0 0 0 0 0 0 0 0 0 0 0 0 0 0 0 0 0 0 0 0 0 0 0 0 0 0 0 0 0 0 wanghe 6Сʱ_mousemovements
0 0 0 0 0 0 0 0 0 0 0 0 0 0 0 0 0 0 0 0 0 0 0 0 0 0 0 0 0 0 0 0 0 0 0 0 0 0 0 0 0 0 0 wanghe 6Сʱ_mousemovements
0 0 0 0 0 0 0 0 0 0 0 0 0 0 0 0 0 0 0 0 0 0 0 0 0 0 0 0 0 0 0 0 0 0 0 0 0 0 0 0 0 0 0 wanghe 6Сʱ_mousemovements
197.616745 177.493561 0 0 0 0 0 0 177.493561 0 0 235.289383 0 157.596054 0 199.964798 0.25 0.0 0.0 0.25 0.0 0.25 0.0 0.25 33.48109084615385 0 167.5448075 0.8666666666666667 0.0 0.13333333333333333 0.75 0.25 0.0 0.0 0.0 0.0 0.0 0.0 0.7692307692307693 0.07692307692307693 0.0 0.07692307692307693 0.07692307692307693 wanghe 6Сʱ_mousemovements
144.4977554444444 208.27150749999998 0 0 1655.470093 0 0 0 0 35.8428435 0 705.3206686666666 163.831131 0 170.16901383333334 0 0.0 0.16666666666666666 0.0 0.25 0.08333333333333333 0.0 0.5 0.0 98.9208005882353 0 4.5928435 0.9444444444444444 0.0 0.05555555555555555 0.75 0.16666666666666666 0.0 0.0 0.08333333333333333 0.0 0.0 0.0 0.6428571428571429 0.14285714285714285 0.10714285714285714 0.07142857142857142 0.03571428571428571 wanghe 6Сʱ_mousemovements
179.4829335 0 436.2960665 0 1509.690674 0 0 0 0 325.176117 0 307.975182 0 290.431519 0 1509.690674 0.0 0.2 0.0 0.4 0.0 0.2 0.0 0.2 274.12486739999997 0 0 1.0 0.0 0.0 0.4 0.0 0.4 0.0 0.2 0.0 0.0 0.0 0.3333333333333333 0.3333333333333333 0.16666666666666666 0.0 0.16666666666666666 wanghe 6Сʱ_mousemovements
56.59248 0 0 218.505432 0 0 0 0 0 0 218.505432 56.59248 0 0 0 0 0.0 0.0 0.5 0.5 0.0 0.0 0.0 0.0 45.849652 0 0 1.0 0.0 0.0 0.5 0.0 0.0 0.5 0.0 0.0 0.0 0.0 1.0 0.0 0.0 0.0 0.0 wanghe 6Сʱ_mousemovements
36.3214215 0 0 0 0 0 0 0 0 0 0 30.089651 42.553192 0 0 0 0.0 0.0 0.0 0.5 0.5 0.0 0.0 0.0 12.1071405 0 0 1.0 0.0 0.0 1.0 0.0 0.0 0.0 0.0 0.0 0.0 0.0 0.75 0.25 0.0 0.0 0.0 wanghe 6Сʱ_mousemovements
62.5 0 0 0 0 0 0 0 0 0 0 0 62.5 0 0 0 0.0 0.0 0.0 0.0 1.0 0.0 0.0 0.0 31.25 0 0 1.0 0.0 0.0 1.0 0.0 0.0 0.0 0.0 0.0 0.0 0.0 1.0 0.0 0.0 0.0 0.0 wanghe 6Сʱ_mousemovements
89.96208242857143 200.115906 676.184784 478.576569 0 0 0 0 0 190.1166825 0 179.75531 345.98246 1023.372131 54.939516 91.86395399999999 0.0 0.18181818181818182 0.0 0.09090909090909091 0.18181818181818182 0.09090909090909091 0.18181818181818182 0.2727272727272727 62.13747193103449 0 286.269978 0.90625 0.0 0.09375 0.6363636363636364 0.09090909090909091 0.18181818181818182 0.09090909090909091 0.0 0.0 0.0 0.0 0.6551724137931034 0.13793103448275862 0.06896551724137931 0.10344827586206896 0.034482758620689655 wanghe 6Сʱ_mousemovements
0 0 489.716095 0 406.734314 0 0 0 0 639.4823 0 0 339.94989 0 406.734314 0 0.0 0.3333333333333333 0.0 0.0 0.3333333333333333 0.0 0.3333333333333333 0.0 49.190946153846156 0 373.34210199999995 0.8666666666666667 0.0 0.13333333333333333 0.0 0.0 0.6666666666666666 0.0 0.3333333333333333 0.0 0.0 0.0 0.7272727272727273 0.09090909090909091 0.09090909090909091 0.0 0.09090909090909091 wanghe 6Сʱ_mousemovements
190.2354355 0 0 0 0 0 0 0 0 0 0 0 0 0 194.942078 185.528793 0.0 0.0 0.0 0.0 0.0 0.0 0.5 0.5 95.11771775 0 0 1.0 0.0 0.0 1.0 0.0 0.0 0.0 0.0 0.0 0.0 0.0 1.0 0.0 0.0 0.0 0.0 wanghe 6Сʱ_mousemovements
94.7152075 533.108032 820.441223 366.511902 718.304087 874.4799805 948.988831 0 1148.04187 673.400935 0 40.986046 199.213398 514.4219866666667 298.53489440000004 646.059875 0.058823529411764705 0.17647058823529413 0.0 0.11764705882352941 0.11764705882352941 0.17647058823529413 0.29411764705882354 0.058823529411764705 153.35225906976746 9.174312 363.661209 0.9347826086956522 0.021739130434782608 0.043478260869565216 0.47058823529411764 0.058823529411764705 0.058823529411764705 0.058823529411764705 0.17647058823529413 0.11764705882352941 0.058823529411764705 0.0 0.5675675675675675 0.2702702702702703 0.02702702702702703 0.10810810810810811 0.02702702702702703 wanghe 6Сʱ_mousemovements
175.1409572307692 456.143814 596.78919225 465.366791 0 1108.3355713333333 0 0 112.51216149999999 624.4890681428571 546.089294 126.67994300000001 279.42106850000005 207.57303883333336 366.198334 1706.799316 0.08333333333333333 0.2916666666666667 0.041666666666666664 0.08333333333333333 0.16666666666666666 0.25 0.041666666666666664 0.041666666666666664 142.98396574193546 632.994446 83.50420375 0.9253731343283582 0.014925373134328358 0.05970149253731343 0.5416666666666666 0.08333333333333333 0.16666666666666666 0.08333333333333333 0.0 0.125 0.0 0.0 0.4166666666666667 0.31666666666666665 0.15 0.06666666666666667 0.05 wanghe 6Сʱ_mousemovements
86.46820833333332 521.679871 0 0 0 477.23877 0 0 0 477.23877 103.867104 44.505188 0 0 316.356102 0 0.0 0.2 0.2 0.2 0.0 0.0 0.4 0.0 32.923525000000005 0 210.92543033333334 0.8636363636363636 0.0 0.13636363636363635 0.6 0.2 0.0 0.0 0.0 0.2 0.0 0.0 0.631578947368421 0.21052631578947367 0.05263157894736842 0.10526315789473684 0.0 wanghe 6Сʱ_mousemovements
0 0 0 0 0 0 0 0 0 0 0 0 0 0 0 0 0 0 0 0 0 0 0 0 0 0 0 0 0 0 0 0 0 0 0 0 0 0 0 0 0 0 0 wanghe 6Сʱ_mousemovements
103.7023549 252.684036 766.363322 708.416321 0 1138.726898 0 789.746887 1287.177124 176.955659 329.03368475 368.16506949999996 38.21656 789.746887 619.18209975 94.606865 0.05555555555555555 0.16666666666666666 0.2222222222222222 0.1111111111111111 0.05555555555555555 0.05555555555555555 0.2222222222222222 0.1111111111111111 95.61705633333334 819.0745213333333 297.0915416666666 0.875 0.0625 0.0625 0.5555555555555556 0.05555555555555555 0.16666666666666666 0.05555555555555555 0.0 0.1111111111111111 0.0 0.05555555555555555 0.5217391304347826 0.2826086956521739 0.08695652173913043 0.021739130434782608 0.08695652173913043 wanghe 6Сʱ_mousemovements
0 0 0 0 0 0 0 0 0 0 0 0 0 0 0 0 0 0 0 0 0 0 0 0 0 0 0 0 0 0 0 0 0 0 0 0 0 0 0 0 0 0 0 wanghe 6Сʱ_mousemovements
0 0 0 0 0 0 0 0 0 0 0 0 0 0 0 0 0 0 0 0 0 0 0 0 0 0 0 0 0 0 0 0 0 0 0 0 0 0 0 0 0 0 0 wanghe 6Сʱ_mousemovements
0 0 0 0 0 0 0 0 0 0 0 0 0 0 0 0 0 0 0 0 0 0 0 0 0 0 0 0 0 0 0 0 0 0 0 0 0 0 0 0 0 0 0 wanghe 6Сʱ_mousemovements
0 551.526901 0 0 0 0 0 0 0 0 0 623.915161 0 479.138641 0 0 0.0 0.0 0.0 0.5 0.0 0.5 0.0 0.0 183.84230033333333 0 0 1.0 0.0 0.0 0.0 1.0 0.0 0.0 0.0 0.0 0.0 0.0 0.3333333333333333 0.6666666666666666 0.0 0.0 0.0 wanghe 6Сʱ_mousemovements
0 0 0 0 0 0 0 0 0 0 0 0 0 0 0 0 0 0 0 0 0 0 0 0 0 0 0 0 0 0 0 0 0 0 0 0 0 0 0 0 0 0 0 wanghe 6Сʱ_mousemovements
0 74.769829 0 0 0 0 987.331299 0 0 0 74.769829 0 0 0 0 987.331299 0.0 0.0 0.5 0.0 0.0 0.0 0.0 0.5 329.110433 74.769829 0 0.75 0.25 0.0 0.0 0.5 0.0 0.0 0.0 0.0 0.5 0.0 0.0 0.6666666666666666 0.0 0.3333333333333333 0.0 wanghe 6Сʱ_mousemovements
151.087126 784.407959 0 0 1316.424072 1084.9724735 0 675.981445 401.2948885 0 1316.424072 247.100342 431.98033150000003 0 1224.136475 945.808472 0.25 0.0 0.125 0.125 0.25 0.0 0.125 0.125 232.11467086666664 621.1591465 675.981445 0.8333333333333334 0.1111111111111111 0.05555555555555555 0.375 0.125 0.0 0.0 0.125 0.25 0.0 0.125 0.5333333333333333 0.3333333333333333 0.13333333333333333 0.0 0.0 wanghe 6Сʱ_mousemovements
0 0 0 0 0 0 0 0 0 0 0 0 0 0 0 0 0 0 0 0 0 0 0 0 0 0 0 0 0 0 0 0 0 0 0 0 0 0 0 0 0 0 0 wanghe 6Сʱ_mousemovements
0 0 0 0 0 0 0 0 0 0 0 0 0 0 0 0 0 0 0 0 0 0 0 0 0 0 0 0 0 0 0 0 0 0 0 0 0 0 0 0 0 0 0 wanghe 6Сʱ_mousemovements
0 0 0 0 0 0 0 0 0 0 0 0 0 0 0 0 0 0 0 0 0 0 0 0 0 0 0 0 0 0 0 0 0 0 0 0 0 0 0 0 0 0 0 wanghe 6Сʱ_mousemovements
172.73426661538457 132.710281 996.9882660000001 745.5841525000001 452.1784365 0 0 0 107.412151 257.6141553333334 722.1039836666667 0 182.05573266666667 234.46272033333335 789.33827025 428.004364 0.09090909090909091 0.2727272727272727 0.13636363636363635 0.0 0.13636363636363635 0.13636363636363635 0.18181818181818182 0.045454545454545456 123.49402288333336 373.12222033333336 77.57531833333333 0.9090909090909091 0.045454545454545456 0.045454545454545456 0.5909090909090909 0.045454545454545456 0.18181818181818182 0.09090909090909091 0.09090909090909091 0.0 0.0 0.0 0.5254237288135594 0.1864406779661017 0.11864406779661017 0.05084745762711865 0.11864406779661017 wanghe 6Сʱ_mousemovements
203.64459825000003 230.157959 598.8708495 0 474.69115200000005 640.082642 0 0 0 373.2236024 413.5929565 590.041626 121.31480633333335 375.1027323333333 124.55012225 0 0.0 0.23809523809523808 0.09523809523809523 0.047619047619047616 0.14285714285714285 0.2857142857142857 0.19047619047619047 0.0 92.80912832653061 183.124878 494.0699363333333 0.9074074074074074 0.037037037037037035 0.05555555555555555 0.5714285714285714 0.14285714285714285 0.09523809523809523 0.0 0.14285714285714285 0.047619047619047616 0.0 0.0 0.5510204081632653 0.10204081632653061 0.14285714285714285 0.10204081632653061 0.10204081632653061 wanghe 6Сʱ_mousemovements
78.93592537500001 0 698.0429839999999 855.94873 0 0 0 0 0 367.650561 0 496.196838 0 111.7339515 351.83402616666666 345.987488 0.0 0.23076923076923078 0.0 0.07692307692307693 0.0 0.15384615384615385 0.46153846153846156 0.07692307692307693 101.72935444999999 559.4758855 7.117438 0.8 0.16 0.04 0.6153846153846154 0.0 0.3076923076923077 0.07692307692307693 0.0 0.0 0.0 0.0 0.4782608695652174 0.30434782608695654 0.17391304347826086 0.043478260869565216 0.0 wanghe 6Сʱ_mousemovements
184.957491 473.3834305 832.872696 0 603.015991 0 0 0 603.015991 1195.233521 473.3834305 0 470.511871 0 525.504517 71.44181566666667 0.1111111111111111 0.1111111111111111 0.2222222222222222 0.0 0.1111111111111111 0.0 0.1111111111111111 0.3333333333333333 159.63534366666667 0 603.015991 0.9545454545454546 0.0 0.045454545454545456 0.4444444444444444 0.2222222222222222 0.2222222222222222 0.0 0.1111111111111111 0.0 0.0 0.0 0.47058823529411764 0.35294117647058826 0.058823529411764705 0.058823529411764705 0.058823529411764705 wanghe 6Сʱ_mousemovements
0 0 0 0 0 0 0 0 0 0 0 0 0 0 0 0 0 0 0 0 0 0 0 0 0 0 0 0 0 0 0 0 0 0 0 0 0 0 0 0 0 0 0 wanghe 6Сʱ_mousemovements
316.31453125 724.018982 0 0 0 628.20813 0 0 0 414.6410715 171.879791 0 0 776.9116515000001 62.5 0 0.0 0.3333333333333333 0.16666666666666666 0.0 0.0 0.3333333333333333 0.16666666666666666 0.0 153.02131592307694 0 628.20813 0.9285714285714286 0.0 0.07142857142857142 0.6666666666666666 0.16666666666666666 0.0 0.0 0.0 0.16666666666666666 0.0 0.0 0.6363636363636364 0.2727272727272727 0.0 0.0 0.09090909090909091 wanghe 6Сʱ_mousemovements
0 0 0 0 0 0 0 0 0 0 0 0 0 0 0 0 0 0 0 0 0 0 0 0 0 0 0 0 0 0 0 0 0 0 0 0 0 0 0 0 0 0 0 wanghe 6Сʱ_mousemovements
695.725037 0 388.586273 0 0 0 0 0 0 0 0 0 388.586273 0 0 695.725037 0.0 0.0 0.0 0.0 0.5 0.0 0.0 0.5 69.5725037 0 194.2931365 0.8333333333333334 0.0 0.16666666666666666 0.5 0.0 0.5 0.0 0.0 0.0 0.0 0.0 0.8 0.1 0.0 0.1 0.0 wanghe 6Сʱ_mousemovements
192.77415175 0 382.4806623333333 0 1040.032715 0 0 641.791931 707.3391725 88.679968 761.55481 0 355.12384399999996 268.2612305 0 0 0.2222222222222222 0.2222222222222222 0.1111111111111111 0.0 0.2222222222222222 0.2222222222222222 0.0 0.0 142.6251376666667 0 88.679968 0.9230769230769231 0.0 0.07692307692307693 0.4444444444444444 0.0 0.3333333333333333 0.0 0.1111111111111111 0.0 0.0 0.1111111111111111 0.3157894736842105 0.47368421052631576 0.10526315789473684 0.05263157894736842 0.05263157894736842 wanghe 6Сʱ_mousemovements
141.58301916666665 0 0 0 0 0 0 0 154.6966095 0 272.177124 41.724525 0 149.850998 0 76.352249 0.3333333333333333 0.0 0.16666666666666666 0.16666666666666666 0.0 0.16666666666666666 0.0 0.16666666666666666 36.716981363636364 0 41.724525 0.9565217391304348 0.0 0.043478260869565216 1.0 0.0 0.0 0.0 0.0 0.0 0.0 0.0 0.38095238095238093 0.14285714285714285 0.2857142857142857 0.19047619047619047 0.0 wanghe 6Сʱ_mousemovements
0 0 0 0 0 0 0 0 0 0 0 0 0 0 0 0 0 0 0 0 0 0 0 0 0 0 0 0 0 0 0 0 0 0 0 0 0 0 0 0 0 0 0 wanghe 6Сʱ_mousemovements
0 0 0 0 0 0 0 0 0 0 0 0 0 0 0 0 0 0 0 0 0 0 0 0 0 0 0 0 0 0 0 0 0 0 0 0 0 0 0 0 0 0 0 wanghe 6Сʱ_mousemovements
0 0 0 0 0 0 0 0 0 0 0 0 0 0 0 0 0 0 0 0 0 0 0 0 0 0 0 0 0 0 0 0 0 0 0 0 0 0 0 0 0 0 0 wanghe 6Сʱ_mousemovements
83.874373 446.423187 381.192078 573.549316 0 0 0 0 446.423187 97.462646 0 77.0802365 0 0 573.549316 381.192078 0.16666666666666666 0.16666666666666666 0.0 0.3333333333333333 0.0 0.0 0.16666666666666666 0.16666666666666666 5.315878379310345 0 374.65680675 0.8787878787878788 0.0 0.12121212121212122 0.5 0.16666666666666666 0.16666666666666666 0.16666666666666666 0.0 0.0 0.0 0.0 0.5 0.28125 0.15625 0.03125 0.03125 wanghe 6Сʱ_mousemovements
188.49702200000002 0 520.9463195 1174.802368 839.453613 0 0 0 839.453613 0 578.7100047499999 0 21.276596 0 446.069458 0 0.14285714285714285 0.0 0.5714285714285714 0.0 0.14285714285714285 0.0 0.14285714285714285 0.0 137.4186244117647 446.069458 839.453613 0.8947368421052632 0.05263157894736842 0.05263157894736842 0.42857142857142855 0.0 0.2857142857142857 0.14285714285714285 0.14285714285714285 0.0 0.0 0.0 0.5 0.21428571428571427 0.14285714285714285 0.07142857142857142 0.07142857142857142 wanghe 6Сʱ_mousemovements
117.07312 0 0 0 0 2202.127197 0 0 0 2202.127197 0 99.58182125 93.75 210.361435 0 0 0.0 0.14285714285714285 0.0 0.5714285714285714 0.14285714285714285 0.14285714285714285 0.0 0.0 181.53536981249997 0 0 1.0 0.0 0.0 0.8571428571428571 0.0 0.0 0.0 0.0 0.14285714285714285 0.0 0.0 0.6363636363636364 0.2727272727272727 0.09090909090909091 0.0 0.0 wanghe 6Сʱ_mousemovements
198.681282 582.24292 0 0 0 0 0 0 0 0 0 0 0 390.462101 0 0 0.0 0.0 0.0 0.0 0.0 1.0 0.0 0.0 156.1848404 0 0 1.0 0.0 0.0 0.5 0.5 0.0 0.0 0.0 0.0 0.0 0.0 0.5 0.25 0.125 0.0 0.125 wanghe 6Сʱ_mousemovements
68.167328 0 0 0 0 0 0 0 0 0 68.167328 0 0 0 0 0 0.0 0.0 1.0 0.0 0.0 0.0 0.0 0.0 0.0 0 68.167328 0.5 0.0 0.5 1.0 0.0 0.0 0.0 0.0 0.0 0.0 0.0 0.5 0.0 0.5 0.0 0.0 wanghe 6Сʱ_mousemovements
128.482749375 0 190.950943 0 612.13031 666.5362140000001 0 0 244.697426 149.5142175 0 160.947571 10.752688 289.63972160000003 0 711.114868 0.15384615384615385 0.15384615384615385 0.0 0.07692307692307693 0.07692307692307693 0.38461538461538464 0.0 0.15384615384615385 48.27932680851064 0 312.284706 0.9038461538461539 0.0 0.09615384615384616 0.6153846153846154 0.0 0.07692307692307693 0.0 0.07692307692307693 0.23076923076923078 0.0 0.0 0.6458333333333334 0.14583333333333334 0.08333333333333333 0.0625 0.0625 wanghe 6Сʱ_mousemovements
269.95241120000003 702.443115 417.423004 0 582.244507 0 0 0 582.244507 702.443115 417.423004 0 34.190842 93.26949350000001 0 564.5161135 0.125 0.125 0.125 0.0 0.125 0.25 0.0 0.25 158.82536000000002 0 34.190842 0.95 0.0 0.05 0.625 0.125 0.125 0.0 0.125 0.0 0.0 0.0 0.26666666666666666 0.13333333333333333 0.26666666666666666 0.2 0.13333333333333333 wanghe 6Сʱ_mousemovements
299.1781988888889 305.603287 0 0 0 0 0 1308.963745 210.581573 0 0 0 555.678215 328.30998224999996 268.711823 298.763962 0.08333333333333333 0.0 0.0 0.0 0.3333333333333333 0.3333333333333333 0.08333333333333333 0.16666666666666666 184.51096435999997 0 0 1.0 0.0 0.0 0.75 0.16666666666666666 0.0 0.0 0.0 0.0 0.0 0.08333333333333333 0.42857142857142855 0.42857142857142855 0.047619047619047616 0.09523809523809523 0.0 wanghe 6Сʱ_mousemovements
149.672503 651.505981 0 0 0 0 0 0 358.076935 132.723419 88.609451 0 84.476355 0 651.505981 0 0.16666666666666666 0.16666666666666666 0.16666666666666666 0.0 0.3333333333333333 0.0 0.16666666666666666 0.0 77.132885 0 88.609451 0.9444444444444444 0.0 0.05555555555555555 0.8333333333333334 0.16666666666666666 0.0 0.0 0.0 0.0 0.0 0.0 0.47058823529411764 0.4117647058823529 0.058823529411764705 0.058823529411764705 0.0 wanghe 6Сʱ_mousemovements
161.6820865 0 0 0 674.706665 551.494568 0 0 2.79257 0 248.616714 674.706665 111.1562385 500.1231385 0 47.619049 0.125 0.0 0.125 0.125 0.25 0.25 0.0 0.125 109.6750591 0 2.79257 0.9523809523809523 0.0 0.047619047619047616 0.75 0.0 0.0 0.0 0.125 0.125 0.0 0.0 0.3333333333333333 0.4 0.13333333333333333 0.06666666666666667 0.06666666666666667 wanghe 6Сʱ_mousemovements
171.84889588888888 569.5909575 706.069092 815.521423 796.628418 0 0 1176.323975 218.438324 596.502621 28.20274 206.4261935 151.387451 502.85911733333336 815.521423 329.6873625 0.06666666666666667 0.26666666666666666 0.06666666666666667 0.13333333333333333 0.06666666666666667 0.2 0.06666666666666667 0.13333333333333333 148.77430384999997 0 76.464244 0.9302325581395349 0.0 0.06976744186046512 0.6 0.13333333333333333 0.06666666666666667 0.06666666666666667 0.06666666666666667 0.0 0.0 0.06666666666666667 0.5 0.3125 0.0625 0.125 0.0 wanghe 6Сʱ_mousemovements
146.75055979999996 128.152557 0 620.23938 0 0 1211.142456 0 1211.142456 620.23938 225.802032 0 0 177.20571866666668 0 52.243083999999996 0.125 0.125 0.125 0.0 0.0 0.375 0.0 0.25 74.56510506060606 0 58.15968125 0.8918918918918919 0.0 0.10810810810810811 0.625 0.125 0.0 0.125 0.0 0.0 0.125 0.0 0.44 0.28 0.2 0.04 0.04 wanghe 6Сʱ_mousemovements
340.75290900000005 0 0 611.791748 0 0 0 0 0 0 0 0 598.449066 218.5761715 0 0 0.0 0.0 0.0 0.0 0.5 0.5 0.0 0.0 204.25630937500003 0 0 1.0 0.0 0.0 0.75 0.0 0.0 0.25 0.0 0.0 0.0 0.0 0.8 0.0 0.2 0.0 0.0 wanghe 6Сʱ_mousemovements
0 0 0 0 0 0 0 0 0 0 0 0 0 0 0 0 0 0 0 0 0 0 0 0 0 0 0 0 0 0 0 0 0 0 0 0 0 0 0 0 0 0 0 wanghe 6Сʱ_mousemovements
215.31721949999996 94.740295 508.1761476666666 923.0327454999999 704.2053525 0 0 0 672.0340575 227.433174 189.25583866666668 0 543.299683 672.8293915 0 312.66394 0.125 0.3125 0.1875 0.0 0.0625 0.25 0.0 0.0625 85.2635914090909 0 355.5855835 0.8461538461538461 0.0 0.15384615384615385 0.5 0.0625 0.1875 0.125 0.125 0.0 0.0 0.0 0.46808510638297873 0.1702127659574468 0.23404255319148937 0.10638297872340426 0.02127659574468085 wanghe 6Сʱ_mousemovements
182.40770350000003 349.206314 363.787506 0 0 0 383.501801 0 0 0 348.3040315 113.70388 0 202.90968960000004 213.235275 502.05249 0.0 0.0 0.2 0.1 0.0 0.5 0.1 0.1 93.75152071999999 0 196.360138 0.9615384615384616 0.0 0.038461538461538464 0.6 0.2 0.1 0.0 0.0 0.0 0.1 0.0 0.5454545454545454 0.2727272727272727 0.0 0.18181818181818182 0.0 wanghe 6Сʱ_mousemovements
360.99414533333334 200.245529 642.042542 346.400177 0 0 373.594879 0 208.23352799999998 0 0 0 642.042542 396.68899125 0 0 0.2857142857142857 0.0 0.0 0.0 0.14285714285714285 0.5714285714285714 0.0 0.0 155.60385664705882 0 0 1.0 0.0 0.0 0.42857142857142855 0.14285714285714285 0.14285714285714285 0.14285714285714285 0.0 0.0 0.14285714285714285 0.0 0.3076923076923077 0.23076923076923078 0.3076923076923077 0.07692307692307693 0.07692307692307693 wanghe 6Сʱ_mousemovements
134.02638636842107 283.373444 455.149475 0 0 0 718.15802 0 113.922592 169.07652916666666 387.177086 216.21299733333333 11.116240999999999 266.357783 126.1003036 0 0.045454545454545456 0.2727272727272727 0.09090909090909091 0.13636363636363635 0.09090909090909091 0.13636363636363635 0.22727272727272727 0.0 56.552312661290316 73.56247266666666 55.25029539999999 0.8857142857142857 0.04285714285714286 0.07142857142857142 0.8636363636363636 0.045454545454545456 0.045454545454545456 0.0 0.0 0.0 0.045454545454545456 0.0 0.6212121212121212 0.16666666666666666 0.09090909090909091 0.09090909090909091 0.030303030303030304 wanghe 6Сʱ_mousemovements
95.13890583333334 821.840332 1149.530029 711.3003233333334 674.46698 716.71344 0 0 645.8045576666667 0 0 590.0628966666667 12.820513 369.431094 185.2350465 618.7650145 0.23076923076923078 0.0 0.0 0.23076923076923078 0.07692307692307693 0.15384615384615385 0.15384615384615385 0.15384615384615385 193.66893186206894 120.96205400000001 88.0 0.8787878787878788 0.09090909090909091 0.030303030303030304 0.46153846153846156 0.07692307692307693 0.07692307692307693 0.23076923076923078 0.07692307692307693 0.07692307692307693 0.0 0.0 0.5 0.2857142857142857 0.07142857142857142 0.10714285714285714 0.03571428571428571 wanghe 6Сʱ_mousemovements
0 0 0 0 0 0 0 0 0 0 0 0 0 0 0 0 0 0 0 0 0 0 0 0 0 0 0 0 0 0 0 0 0 0 0 0 0 0 0 0 0 0 0 wanghe 6Сʱ_mousemovements
0 0 0 0 0 0 0 0 0 0 0 0 0 0 0 0 0 0 0 0 0 0 0 0 0 0 0 0 0 0 0 0 0 0 0 0 0 0 0 0 0 0 0 wanghe 6Сʱ_mousemovements
209.02153800000002 0 0 0 0 0 0 0 0 209.02153800000002 0 0 0 0 0 0 0.0 1.0 0.0 0.0 0.0 0.0 0.0 0.0 83.6086152 0 0 1.0 0.0 0.0 1.0 0.0 0.0 0.0 0.0 0.0 0.0 0.0 0.5 0.5 0.0 0.0 0.0 wanghe 6Сʱ_mousemovements
176.215165 842.60907 0 0 0 0 0 2075.706543 2075.706543 842.60907 38.839497 229.75734699999998 0 117.888657 0 264.832977 0.14285714285714285 0.14285714285714285 0.14285714285714285 0.2857142857142857 0.0 0.14285714285714285 0.0 0.14285714285714285 198.69590041176468 0 140.52037700000002 0.85 0.0 0.15 0.7142857142857143 0.14285714285714285 0.0 0.0 0.0 0.0 0.0 0.14285714285714285 0.65 0.3 0.0 0.05 0.0 wanghe 6Сʱ_mousemovements
205.38746120000002 468.083008 280.593597 459.124237 0 0 0 0 93.54074700000001 468.872261 230.392059 350.557022 0 112.50750900000001 285.76117700000003 0 0.13333333333333333 0.26666666666666666 0.06666666666666667 0.13333333333333333 0.0 0.2 0.2 0.0 68.12633437209303 312.728516 189.344361 0.8775510204081632 0.02040816326530612 0.10204081632653061 0.6666666666666666 0.13333333333333333 0.06666666666666667 0.13333333333333333 0.0 0.0 0.0 0.0 0.45454545454545453 0.3181818181818182 0.1590909090909091 0.06818181818181818 0.0 wanghe 6Сʱ_mousemovements
41.351779 927.152832 348.7601117500001 691.0258993333333 0 0 0 302.62384 183.394619 693.863098 615.7906493333334 54.193867 45.5440425 638.8330535 0 266.164795 0.15384615384615385 0.07692307692307693 0.23076923076923078 0.07692307692307693 0.15384615384615385 0.15384615384615385 0.0 0.15384615384615385 136.35206168965516 15.1246395 439.42143250000004 0.8787878787878788 0.06060606060606061 0.06060606060606061 0.3076923076923077 0.07692307692307693 0.3076923076923077 0.23076923076923078 0.0 0.0 0.0 0.07692307692307693 0.38461538461538464 0.2692307692307692 0.11538461538461539 0.15384615384615385 0.07692307692307693 wanghe 6Сʱ_mousemovements
0 0 0 456.370667 0 708.353271 750.181091 0 0 0 0 708.353271 0 456.370667 0 750.181091 0.0 0.0 0.0 0.3333333333333333 0.0 0.3333333333333333 0.0 0.3333333333333333 0.0 0 638.3016763333334 0.8846153846153846 0.0 0.11538461538461539 0.0 0.0 0.0 0.3333333333333333 0.0 0.3333333333333333 0.3333333333333333 0.0 0.6666666666666666 0.125 0.041666666666666664 0.125 0.041666666666666664 wanghe 6Сʱ_mousemovements
0 0 0 0 0 0 0 0 0 0 0 0 0 0 0 0 0 0 0 0 0 0 0 0 0 0 0 0 0 0 0 0 0 0 0 0 0 0 0 0 0 0 0 wanghe 6Сʱ_mousemovements
0 0 0 0 0 0 0 0 0 0 0 0 0 0 0 0 0 0 0 0 0 0 0 0 0 0 0 0 0 0 0 0 0 0 0 0 0 0 0 0 0 0 0 wanghe 6Сʱ_mousemovements
0 0 0 0 0 0 0 0 0 0 0 0 0 0 0 0 0 0 0 0 0 0 0 0 0 0 0 0 0 0 0 0 0 0 0 0 0 0 0 0 0 0 0 wanghe 6Сʱ_mousemovements
0 0 0 0 0 0 0 0 0 0 0 0 0 0 0 0 0 0 0 0 0 0 0 0 0.0 0 0 1.0 0.0 0.0 0 0 0 0 0 0 0 0 1.0 0.0 0.0 0.0 0.0 wanghe 6Сʱ_mousemovements
0 0 0 0 0 0 0 0 0 0 0 0 0 0 0 0 0 0 0 0 0 0 0 0 0 0 0 0 0 0 0 0 0 0 0 0 0 0 0 0 0 0 0 wanghe 6Сʱ_mousemovements
0 0 0 0 0 0 0 0 0 0 0 0 0 0 0 0 0 0 0 0 0 0 0 0 0 0 0 0 0 0 0 0 0 0 0 0 0 0 0 0 0 0 0 wanghe 6Сʱ_mousemovements
0 0 0 0 0 0 0 0 0 0 0 0 0 0 0 0 0 0 0 0 0 0 0 0 0 0 0 0 0 0 0 0 0 0 0 0 0 0 0 0 0 0 0 wanghe 6Сʱ_mousemovements
0 0 0 0 0 0 0 0 0 0 0 0 0 0 0 0 0 0 0 0 0 0 0 0 0 0 0 0 0 0 0 0 0 0 0 0 0 0 0 0 0 0 0 wanghe 6Сʱ_mousemovements
0 0 0 0 0 0 0 0 0 0 0 0 0 0 0 0 0 0 0 0 0 0 0 0 0 0 0 0 0 0 0 0 0 0 0 0 0 0 0 0 0 0 0 wanghe 6Сʱ_mousemovements
0 0 0 0 0 0 0 0 0 0 0 0 0 0 0 0 0 0 0 0 0 0 0 0 0 0 0 0 0 0 0 0 0 0 0 0 0 0 0 0 0 0 0 wanghe 6Сʱ_mousemovements
0 0 0 0 0 0 0 0 0 0 0 0 0 0 0 0 0 0 0 0 0 0 0 0 0 0 0 0 0 0 0 0 0 0 0 0 0 0 0 0 0 0 0 wanghe 6Сʱ_mousemovements
0 0 0 0 0 0 0 0 0 0 0 0 0 0 0 0 0 0 0 0 0 0 0 0 0 0 0 0 0 0 0 0 0 0 0 0 0 0 0 0 0 0 0 wanghe 6Сʱ_mousemovements
0 0 0 0 0 0 0 0 0 0 0 0 0 0 0 0 0 0 0 0 0 0 0 0 0 0 0 0 0 0 0 0 0 0 0 0 0 0 0 0 0 0 0 wanghe 6Сʱ_mousemovements
89.75103487499999 497.782715 471.14608799999996 0 0 0 0 0 0 259.59714533333334 332.477936 360.049744 115.5482715 137.255717 0 346.48859666666664 0.0 0.23076923076923078 0.07692307692307693 0.07692307692307693 0.15384615384615385 0.23076923076923078 0.0 0.23076923076923078 47.96372575675675 162.64531233333335 178.21096200000002 0.8222222222222222 0.06666666666666667 0.1111111111111111 0.6153846153846154 0.23076923076923078 0.15384615384615385 0.0 0.0 0.0 0.0 0.0 0.5714285714285714 0.16666666666666666 0.21428571428571427 0.047619047619047616 0.0 wanghe 6Сʱ_mousemovements
203.7006685 0 0 0 0 0 0 0 0 0 211.772461 195.628876 0 0 0 0 0.0 0.0 0.5 0.5 0.0 0.0 0.0 0.0 101.85033425 0 0 1.0 0.0 0.0 1.0 0.0 0.0 0.0 0.0 0.0 0.0 0.0 0.3333333333333333 0.6666666666666666 0.0 0.0 0.0 wanghe 6Сʱ_mousemovements
117.9366685 785.988831 0 0 0 0 0 0 0 479.681084 0 0 0 0 62.5 0 0.0 0.6666666666666666 0.0 0.0 0.0 0.0 0.3333333333333333 0.0 170.31036133333333 0 0 1.0 0.0 0.0 0.6666666666666666 0.3333333333333333 0.0 0.0 0.0 0.0 0.0 0.0 0.6 0.2 0.2 0.0 0.0 wanghe 6Сʱ_mousemovements
0 0 0 0 0 0 0 0 0 0 0 0 0 0 0 0 0 0 0 0 0 0 0 0 0 0 0 0 0 0 0 0 0 0 0 0 0 0 0 0 0 0 0 wanghe 6Сʱ_mousemovements
134.45344555555556 1120.69824225 0 622.973389 0 0 0 1816.666382 220.3621055 1816.666382 0 659.1330783333334 1270.07605 64.516129 0 72.5041485 0.26666666666666666 0.06666666666666667 0.0 0.4 0.06666666666666667 0.06666666666666667 0.0 0.13333333333333333 147.5816468235294 5.319149 120.10612259999998 0.8947368421052632 0.017543859649122806 0.08771929824561403 0.6 0.26666666666666666 0.0 0.06666666666666667 0.0 0.0 0.0 0.06666666666666667 0.5740740740740741 0.2037037037037037 0.18518518518518517 0.018518518518518517 0.018518518518518517 wanghe 6Сʱ_mousemovements
152.133652 0 0 0 0 0 0 0 0 0 0 0 0 152.133652 0 0 0.0 0.0 0.0 0.0 0.0 1.0 0.0 0.0 30.426730400000004 0 0 1.0 0.0 0.0 1.0 0.0 0.0 0.0 0.0 0.0 0.0 0.0 1.0 0.0 0.0 0.0 0.0 wanghe 6Сʱ_mousemovements
723.850952 0 0 0 0 0 0 0 723.850952 0 0 0 0 0 0 0 1.0 0.0 0.0 0.0 0.0 0.0 0.0 0.0 361.925476 0 0 1.0 0.0 0.0 1.0 0.0 0.0 0.0 0.0 0.0 0.0 0.0 1.0 0.0 0.0 0.0 0.0 wanghe 6Сʱ_mousemovements
48.02632766666667 334.7901 629.506027 831.955627 375.620758 0 0 0 0 88.050659 0 0 29.341112000000003 375.620758 668.1243055 85.396759 0.0 0.1111111111111111 0.0 0.0 0.2222222222222222 0.1111111111111111 0.4444444444444444 0.1111111111111111 151.37468356250002 429.1263425 0 0.8888888888888888 0.1111111111111111 0.0 0.3333333333333333 0.2222222222222222 0.2222222222222222 0.1111111111111111 0.1111111111111111 0.0 0.0 0.0 0.2857142857142857 0.5 0.14285714285714285 0.0 0.07142857142857142 wanghe 6Сʱ_mousemovements
259.680878 523.489197 0 0 0 0 0 0 0 259.680878 0 0 0 0 277.874512 769.103882 0.0 0.3333333333333333 0.0 0.0 0.0 0.0 0.3333333333333333 0.3333333333333333 217.7765453333333 0 0 1.0 0.0 0.0 0.3333333333333333 0.6666666666666666 0.0 0.0 0.0 0.0 0.0 0.0 0.2 0.4 0.2 0.0 0.2 wanghe 6Сʱ_mousemovements
0 0 0 0 0 0 0 0 0 0 0 0 0 0 0 0 0 0 0 0 0 0 0 0 0 0 0 0 0 0 0 0 0 0 0 0 0 0 0 0 0 0 0 wanghe 6Сʱ_mousemovements
46.959721 0 0 0 0 0 0 0 46.959721 0 0 0 0 0 0 0 1.0 0.0 0.0 0.0 0.0 0.0 0.0 0.0 23.4798605 0 0 1.0 0.0 0.0 1.0 0.0 0.0 0.0 0.0 0.0 0.0 0.0 1.0 0.0 0.0 0.0 0.0 wanghe 6Сʱ_mousemovements
95.622818 0 0 0 0 0 0 0 0 0 0 95.622818 0 0 0 0 0.0 0.0 0.0 1.0 0.0 0.0 0.0 0.0 47.811409 0 0 1.0 0.0 0.0 1.0 0.0 0.0 0.0 0.0 0.0 0.0 0.0 1.0 0.0 0.0 0.0 0.0 wanghe 6Сʱ_mousemovements
328.29675299999997 0 0 0 0 0 0 0 0 328.29675299999997 0 0 0 0 0 0 0.0 1.0 0.0 0.0 0.0 0.0 0.0 0.0 164.14837649999998 0 0 1.0 0.0 0.0 1.0 0.0 0.0 0.0 0.0 0.0 0.0 0.0 0.6666666666666666 0.3333333333333333 0.0 0.0 0.0 wanghe 6Сʱ_mousemovements
0 0 0 0 0 0 0 0 0 0 0 0 0 0 0 0 0 0 0 0 0 0 0 0 0 0 0 0 0 0 0 0 0 0 0 0 0 0 0 0 0 0 0 wanghe 6Сʱ_mousemovements
0 0 0 0 0 0 0 0 0 0 0 0 0 0 0 0 0 0 0 0 0 0 0 0 0 0 0 0 0 0 0 0 0 0 0 0 0 0 0 0 0 0 0 wanghe 6Сʱ_mousemovements
0 0 0 40.335896 0 678.342102 0 0 0 0 0 0 0 359.338999 0 0 0.0 0.0 0.0 0.0 0.0 1.0 0.0 0.0 339.171051 40.335896 0 0.6666666666666666 0.3333333333333333 0.0 0.0 0.0 0.0 0.5 0.0 0.5 0.0 0.0 0.0 0.5 0.0 0.0 0.5 wanghe 6Сʱ_mousemovements
80.87728089999999 139.442947 591.3039956666667 0 728.6253055 584.843384 0 0 740.9172060000001 205.2031202 117.480316 755.34967 271.3512143333333 191.918457 128.330376 3.428571 0.11764705882352941 0.29411764705882354 0.11764705882352941 0.058823529411764705 0.17647058823529413 0.058823529411764705 0.11764705882352941 0.058823529411764705 59.949867339622635 52.67434433333333 476.2852453333333 0.8983050847457628 0.05084745762711865 0.05084745762711865 0.5882352941176471 0.058823529411764705 0.17647058823529413 0.0 0.11764705882352941 0.058823529411764705 0.0 0.0 0.5 0.25 0.15384615384615385 0.038461538461538464 0.057692307692307696 wanghe 6Сʱ_mousemovements
128.59775850000003 0 0 0 0 0 0 0 0 0 0 53.719009 99.73826299999999 0 318.91449 0 0.0 0.0 0.0 0.16666666666666666 0.6666666666666666 0.0 0.16666666666666666 0.0 55.11332507142858 0 0 1.0 0.0 0.0 1.0 0.0 0.0 0.0 0.0 0.0 0.0 0.0 0.5833333333333334 0.25 0.16666666666666666 0.0 0.0 wanghe 6Сʱ_mousemovements
125.48505966666666 132.6861495 586.4180299999999 907.111735 1406.2696535 0 1480.712372 0 424.5113355 170.10841749999997 486.834301 275.0531045 665.372635 0 1442.4534913333334 642.6824466666667 0.1111111111111111 0.1111111111111111 0.2222222222222222 0.1111111111111111 0.1111111111111111 0.0 0.16666666666666666 0.16666666666666666 165.9865572857143 1075.35014925 0 0.9130434782608695 0.08695652173913043 0.0 0.3333333333333333 0.1111111111111111 0.16666666666666666 0.16666666666666666 0.1111111111111111 0.0 0.1111111111111111 0.0 0.3684210526315789 0.42105263157894735 0.13157894736842105 0.05263157894736842 0.02631578947368421 wanghe 6Сʱ_mousemovements
85.14115149999999 0 0 529.0490414999999 476.435791 227.921921 0 0 0 36.948975 227.921921 667.868896 133.333328 390.229187 0 476.435791 0.0 0.16666666666666666 0.16666666666666666 0.16666666666666666 0.16666666666666666 0.16666666666666666 0.0 0.16666666666666666 35.031968125000006 227.921921 572.1523434999999 0.8421052631578947 0.05263157894736842 0.10526315789473684 0.3333333333333333 0.0 0.0 0.3333333333333333 0.16666666666666666 0.16666666666666666 0.0 0.0 0.6875 0.125 0.0625 0.0625 0.0625 wanghe 6Сʱ_mousemovements
0 0 0 0 0 0 0 0 0 0 0 0 0 0 0 0 0 0 0 0 0 0 0 0 0 0 0 0 0 0 0 0 0 0 0 0 0 0 0 0 0 0 0 wanghe 6Сʱ_mousemovements
0 0 0 0 0 0 0 0 0 0 0 0 0 0 0 0 0 0 0 0 0 0 0 0 0 0 0 0 0 0 0 0 0 0 0 0 0 0 0 0 0 0 0 wanghe 6Сʱ_mousemovements
0 0 0 0 0 0 0 0 0 0 0 0 0 0 0 0 0 0 0 0 0 0 0 0 0 0 0 0 0 0 0 0 0 0 0 0 0 0 0 0 0 0 0 wanghe 6Сʱ_mousemovements
253.20804575 0 0 0 0 0 0 0 178.435684 156.130653 0 0 0 0 522.135193 0 0.25 0.5 0.0 0.0 0.0 0.0 0.25 0.0 126.604022875 0 0 1.0 0.0 0.0 1.0 0.0 0.0 0.0 0.0 0.0 0.0 0.0 0.8333333333333334 0.16666666666666666 0.0 0.0 0.0 wanghe 6Сʱ_mousemovements
152.74852683333333 318.9689026666667 0 0 0 0 0 1840.485962 519.165573 0 0 513.47603425 20.540015 560.028503 0 0 0.2 0.0 0.0 0.4 0.3 0.1 0.0 0.0 112.54193427272726 0 0 1.0 0.0 0.0 0.6 0.3 0.0 0.0 0.0 0.0 0.0 0.1 0.5666666666666667 0.3 0.03333333333333333 0.06666666666666667 0.03333333333333333 wanghe 6Сʱ_mousemovements
35.599131642857145 0 0 0 0 0 0 0 0 63.829788 0 24.455621000000004 41.11776128571428 0 0 0 0.0 0.07142857142857142 0.0 0.42857142857142855 0.5 0.0 0.0 0.0 16.6129281 0 0 1.0 0.0 0.0 1.0 0.0 0.0 0.0 0.0 0.0 0.0 0.0 0.7407407407407407 0.2222222222222222 0.0 0.037037037037037035 0.0 wanghe 6Сʱ_mousemovements
