107.13293828571429 0 0 0 0 0 0 2359.915039 0 125.664894 0 833.5415343333334 33.7843225 0 0 290.322571 0.0 0.25 0.0 0.375 0.25 0.0 0.0 0.125 182.93209452941178 0 0 1.0 0.0 0.0 0.875 0.0 0.0 0.0 0.0 0.0 0.0 0.125 0.6666666666666666 0.25 0.0 0.08333333333333333 0.0 wanghe 9Сʱ_mousemovements
78.62773670588234 384.34947950000003 0 0 1148.059326 0 791.613403 0 0 0 166.016671 62.630126125 48.37229766666667 217.611618 431.39840125 791.613403 0.0 0.0 0.19047619047619047 0.38095238095238093 0.14285714285714285 0.047619047619047616 0.19047619047619047 0.047619047619047616 50.17677001666666 0 344.812337 0.9523809523809523 0.0 0.047619047619047616 0.8095238095238095 0.09523809523809523 0.0 0.0 0.047619047619047616 0.0 0.047619047619047616 0.0 0.6111111111111112 0.14814814814814814 0.16666666666666666 0.018518518518518517 0.05555555555555555 wanghe 9Сʱ_mousemovements
56.91005200000001 0 0 404.322571 0 0 0 0 0 0 83.226677 178.6926246666667 12.658228 0 0 0 0.0 0.0 0.2 0.6 0.2 0.0 0.0 0.0 52.663564916666665 0 0 1.0 0.0 0.0 0.8 0.0 0.0 0.2 0.0 0.0 0.0 0.0 0.8333333333333334 0.0 0.0 0.0 0.16666666666666666 wanghe 9Сʱ_mousemovements
0 839.103455 0 0 561.306458 1221.088623 0 0 1221.088623 0 0 0 561.306458 839.103455 0 0 0.3333333333333333 0.0 0.0 0.0 0.3333333333333333 0.3333333333333333 0.0 0.0 436.9164226666667 0 0 1.0 0.0 0.0 0.0 0.3333333333333333 0.0 0.0 0.3333333333333333 0.3333333333333333 0.0 0.0 0.2 0.0 0.6 0.2 0.0 wanghe 9Сʱ_mousemovements
183.4526099166667 224.8458675 247.87981166666668 315.938599 0 570.698853 0 274.940399 0 145.8812815 185.109408 651.960632 0 310.63469200000003 0 54.627419 0.0 0.3 0.3 0.05 0.0 0.3 0.0 0.05 78.28598396153845 138.7517205 103.9828665 0.9285714285714286 0.03571428571428571 0.03571428571428571 0.6 0.1 0.15 0.05 0.0 0.05 0.0 0.05 0.54 0.2 0.2 0.02 0.04 wanghe 9Сʱ_mousemovements
53.098815333333334 579.156494 211.827499 0 0 0 0 0 185.17526249999997 579.156494 0 0 75.478712 31.922015 24.214281 0 0.18181818181818182 0.09090909090909091 0.0 0.0 0.18181818181818182 0.2727272727272727 0.2727272727272727 0.0 52.869722125 0 0 1.0 0.0 0.0 0.8181818181818182 0.09090909090909091 0.09090909090909091 0.0 0.0 0.0 0.0 0.0 0.65 0.3 0.0 0.05 0.0 wanghe 9Сʱ_mousemovements
62.25221133333334 0 0 473.733215 0 0 0 0 0 0 473.733215 0 0 0 62.25221133333334 0 0.0 0.0 0.25 0.0 0.0 0.0 0.75 0.0 82.56123112499999 0 0 1.0 0.0 0.0 0.75 0.0 0.0 0.25 0.0 0.0 0.0 0.0 0.5 0.16666666666666666 0.16666666666666666 0.16666666666666666 0.0 wanghe 9Сʱ_mousemovements
0.0 379.694061 0 0 0 0 0 0 0.0 0 0 0 0 0 0 379.694061 0.5 0.0 0.0 0.0 0.0 0.0 0.0 0.5 47.461757625 0 0 1.0 0.0 0.0 0.5 0.5 0.0 0.0 0.0 0.0 0.0 0.0 0.75 0.125 0.125 0.0 0.0 wanghe 9Сʱ_mousemovements
237.15590740000002 179.19039619999998 0 240.17897799999997 0 0 0 0 336.116425 134.1252405 0 145.2187775 120.23925799999999 611.492981 248.339523 276.536438 0.08333333333333333 0.16666666666666666 0.0 0.3333333333333333 0.16666666666666666 0.08333333333333333 0.08333333333333333 0.08333333333333333 79.40372278571428 0 169.392618 0.9333333333333333 0.0 0.06666666666666667 0.4166666666666667 0.4166666666666667 0.0 0.16666666666666666 0.0 0.0 0.0 0.0 0.55 0.1 0.1 0.15 0.1 wanghe 9Сʱ_mousemovements
97.76678955555556 0 0 0 0 0 0 0 0 0 0 0 38.32085 120.22575085714286 0.0 0 0.0 0.0 0.0 0.0 0.1111111111111111 0.7777777777777778 0.1111111111111111 0.0 43.995055300000004 0 0 1.0 0.0 0.0 1.0 0.0 0.0 0.0 0.0 0.0 0.0 0.0 0.7142857142857143 0.0 0.14285714285714285 0.14285714285714285 0.0 wanghe 9Сʱ_mousemovements
104.17173120000002 450.95525349999997 0 825.4718475 365.999756 0 0 0 350.9998412 0 365.999756 0 175.03299940000002 91.536789 742.397217 65.2366525 0.3333333333333333 0.0 0.06666666666666667 0.0 0.3333333333333333 0.06666666666666667 0.06666666666666667 0.13333333333333333 78.07924773170733 0 253.10737099999997 0.9318181818181818 0.0 0.06818181818181818 0.6666666666666666 0.13333333333333333 0.0 0.13333333333333333 0.06666666666666667 0.0 0.0 0.0 0.5945945945945946 0.1891891891891892 0.10810810810810811 0.08108108108108109 0.02702702702702703 wanghe 9Сʱ_mousemovements
140.02297555555558 281.63814766666667 0 0 487.448608 0 0 0 487.448608 0 244.63851433333332 392.357208 82.795552 0 226.2786175 112.313477 0.07692307692307693 0.0 0.23076923076923078 0.07692307692307693 0.38461538461538464 0.0 0.15384615384615385 0.07692307692307693 32.273215111111114 0 121.40231642857144 0.8852459016393442 0.0 0.11475409836065574 0.6923076923076923 0.23076923076923078 0.0 0.0 0.07692307692307693 0.0 0.0 0.0 0.5769230769230769 0.19230769230769232 0.19230769230769232 0.0 0.038461538461538464 wanghe 9Сʱ_mousemovements
146.5990375 273.670227 0 0 517.843628 0 641.0578 0 517.843628 39.062679 0 222.842331 172.77829739999999 421.20506250000005 0 119.313705 0.09090909090909091 0.09090909090909091 0.0 0.09090909090909091 0.45454545454545453 0.18181818181818182 0.0 0.09090909090909091 74.047826 0 340.0602395 0.9285714285714286 0.0 0.07142857142857142 0.7272727272727273 0.09090909090909091 0.0 0.0 0.09090909090909091 0.0 0.09090909090909091 0.0 0.5217391304347826 0.34782608695652173 0.043478260869565216 0.0 0.08695652173913043 wanghe 9Сʱ_mousemovements
107.6679198 298.12593100000004 0 402.122772 0 0 0 662.1166385 0 166.153908 598.046509 0 49.9354586 175.88835300000002 581.867203 361.702118 0.0 0.2 0.06666666666666667 0.0 0.3333333333333333 0.2 0.13333333333333333 0.06666666666666667 45.022437857142855 0 377.08617975 0.9130434782608695 0.0 0.08695652173913043 0.6666666666666666 0.13333333333333333 0.0 0.06666666666666667 0.0 0.0 0.0 0.13333333333333333 0.6944444444444444 0.1111111111111111 0.1111111111111111 0.05555555555555555 0.027777777777777776 wanghe 9Сʱ_mousemovements
342.30286424999997 567.8827515 0 754.31926 986.4823 0 842.112793 0 0 165.353882 636.8047945000001 405.138367 71.534012 1077.141724 0 925.966329 0.0 0.1 0.2 0.1 0.2 0.1 0.0 0.3 246.81985613043483 0 165.353882 0.9583333333333334 0.0 0.041666666666666664 0.4 0.2 0.0 0.2 0.1 0.0 0.1 0.0 0.5454545454545454 0.22727272727272727 0.13636363636363635 0.09090909090909091 0.0 wanghe 9Сʱ_mousemovements
32.128252599999996 0 0 300.52831649999996 507.866577 0 0 2382.4691159999998 992.868652 7.092198 0 0 66.666664 0.77364 1111.6178694999999 260.31503649999996 0.1 0.1 0.0 0.0 0.1 0.1 0.4 0.2 146.69322293333332 19.503546 398.67473125000004 0.8333333333333334 0.05555555555555555 0.1111111111111111 0.5 0.0 0.0 0.2 0.1 0.0 0.0 0.2 0.5384615384615384 0.23076923076923078 0.11538461538461539 0.07692307692307693 0.038461538461538464 wanghe 9Сʱ_mousemovements
110.46131666666668 527.68680575 0 939.618225 0 0 0 0 0 925.820496 939.618225 185.864426 308.878784 329.295929 344.7320935 2.807351 0.0 0.125 0.125 0.125 0.125 0.125 0.25 0.125 109.64511653571428 0 155.8430675 0.9333333333333333 0.0 0.06666666666666667 0.375 0.5 0.0 0.125 0.0 0.0 0.0 0.0 0.6666666666666666 0.08333333333333333 0.16666666666666666 0.041666666666666664 0.041666666666666664 wanghe 9Сʱ_mousemovements
124.93585085714287 298.69382571428565 0 633.343201 1050.008728 0 0 457.517059 568.1558836666667 154.714828 483.9935506666666 247.39233375000003 597.2923406666667 694.8849795 166.3251648 375.652985 0.13636363636363635 0.045454545454545456 0.13636363636363635 0.18181818181818182 0.13636363636363635 0.09090909090909091 0.22727272727272727 0.045454545454545456 101.46146931034482 0 350.6116295 0.8787878787878788 0.0 0.12121212121212122 0.3181818181818182 0.3181818181818182 0.0 0.22727272727272727 0.09090909090909091 0.0 0.0 0.045454545454545456 0.43548387096774194 0.22580645161290322 0.11290322580645161 0.14516129032258066 0.08064516129032258 wanghe 9Сʱ_mousemovements
177.17051433333333 450.29501799999997 709.17836 1408.212769 670.632263 0 497.863464 0 51.726131 657.3737945 282.9668865 81.85257916666666 702.6331586666666 291.8076323333333 589.481972 438.08874075 0.04 0.08 0.16 0.24 0.12 0.12 0.08 0.16 141.70426695161288 0 39.47782333333333 0.9538461538461539 0.0 0.046153846153846156 0.6 0.2 0.08 0.04 0.04 0.0 0.04 0.0 0.5 0.3275862068965517 0.06896551724137931 0.034482758620689655 0.06896551724137931 wanghe 9Сʱ_mousemovements
90.55734983333333 486.500519 487.7425636666667 0 0 466.386719 0 1073.051392 218.047424 701.0689493333333 486.500519 60.914146 168.120516 433.072235 62.5 163.9077 0.08333333333333333 0.25 0.08333333333333333 0.08333333333333333 0.25 0.08333333333333333 0.08333333333333333 0.08333333333333333 98.60063213157896 0 95.22879966666666 0.926829268292683 0.0 0.07317073170731707 0.5 0.08333333333333333 0.25 0.0 0.0 0.08333333333333333 0.0 0.08333333333333333 0.5142857142857142 0.22857142857142856 0.17142857142857143 0.05714285714285714 0.02857142857142857 wanghe 9Сʱ_mousemovements
0 533.119019 242.740311 0 0 0 0 0 0 0 0 0 533.119019 0 0 242.740311 0.0 0.0 0.0 0.0 0.5 0.0 0.0 0.5 88.85316983333333 0 242.740311 0.8571428571428571 0.0 0.14285714285714285 0.0 0.5 0.5 0.0 0.0 0.0 0.0 0.0 0.5 0.3333333333333333 0.0 0.0 0.16666666666666666 wanghe 9Сʱ_mousemovements
199.30285600000002 281.30946866666665 151.808121 531.09729 0 0 892.0174153333334 770.502121 434.327454 305.59385760000004 269.0126345 0 0 581.3194918571429 370.148987 0 0.0625 0.3125 0.125 0.0 0.0 0.4375 0.0625 0.0 204.10904238235295 0 0 1.0 0.0 0.0 0.375 0.1875 0.0625 0.0625 0.0 0.0 0.1875 0.125 0.5161290322580645 0.1935483870967742 0.03225806451612903 0.1935483870967742 0.06451612903225806 wanghe 9Сʱ_mousemovements
0 319.492584 0 0 293.171387 0 0 0 0 293.171387 0 0 0 319.492584 0 0 0.0 0.5 0.0 0.0 0.0 0.5 0.0 0.0 122.53279419999998 0 0 1.0 0.0 0.0 0.0 0.5 0.0 0.0 0.5 0.0 0.0 0.0 0.3333333333333333 0.3333333333333333 0.0 0.3333333333333333 0.0 wanghe 9Сʱ_mousemovements
384.3508749999999 0 0 169.900558 0 0 0 0 0 0 0 0 330.73829574999996 0 0 0 0.0 0.0 0.0 0.0 1.0 0.0 0.0 0.0 132.2953183 0 0 1.0 0.0 0.0 0.75 0.0 0.0 0.25 0.0 0.0 0.0 0.0 0.625 0.125 0.125 0.125 0.0 wanghe 9Сʱ_mousemovements
62.9213995 324.3623606666667 548.78894 0 710.745453 335.445374 0 0 80.13029449999999 47.216839 591.6333695000001 123.355003 32.258064 14.437902 388.44548050000003 135.387863 0.15384615384615385 0.07692307692307693 0.3076923076923077 0.07692307692307693 0.07692307692307693 0.07692307692307693 0.15384615384615385 0.07692307692307693 50.332789083333346 0 206.7278038333333 0.8888888888888888 0.0 0.1111111111111111 0.46153846153846156 0.23076923076923078 0.07692307692307693 0.0 0.15384615384615385 0.07692307692307693 0.0 0.0 0.58 0.26 0.1 0.06 0.0 wanghe 9Сʱ_mousemovements
286.6306385384616 157.886826 0 1540.7732545 0 0 1488.977295 0 93.7536545 770.730099 0 157.886826 408.38389340000003 850.7110496666668 907.000229 79.850762 0.11764705882352941 0.11764705882352941 0.0 0.058823529411764705 0.29411764705882354 0.17647058823529413 0.11764705882352941 0.11764705882352941 247.889433382353 26.368196 0 0.9714285714285714 0.02857142857142857 0.0 0.7647058823529411 0.058823529411764705 0.0 0.11764705882352941 0.0 0.0 0.058823529411764705 0.0 0.4375 0.25 0.21875 0.03125 0.0625 wanghe 9Сʱ_mousemovements
276.8466625 0 916.396973 0 0 2166.617188 0 0 0 1006.2325440000001 53.610302 44.368553000000006 420.69979675 91.239586 916.396973 0 0.0 0.25 0.08333333333333333 0.16666666666666666 0.3333333333333333 0.08333333333333333 0.08333333333333333 0.0 208.98145664285715 0 0 1.0 0.0 0.0 0.8333333333333334 0.0 0.08333333333333333 0.0 0.0 0.08333333333333333 0.0 0.0 0.5217391304347826 0.30434782608695654 0.17391304347826086 0.0 0.0 wanghe 9Сʱ_mousemovements
0 0 0 0 0 0 0 0 0 0 0 0 0 0 0 0 0 0 0 0 0 0 0 0 0 0 0 0 0 0 0 0 0 0 0 0 0 0 0 0 0 0 0 wanghe 9Сʱ_mousemovements
542.618548 0 365.577789 0 0 0 0 0 0 296.860191 0 0 1273.004517 0 0 126.708534 0.0 0.5 0.0 0.0 0.25 0.0 0.0 0.25 199.34334330000002 0 0 1.0 0.0 0.0 0.75 0.0 0.25 0.0 0.0 0.0 0.0 0.0 0.375 0.375 0.125 0.125 0.0 wanghe 9Сʱ_mousemovements
209.6473695128205 0 589.008179 0 0 0 0 0 141.77721466666665 134.0832939 947.564575 0 368.5842956 145.4546526 219.65214600000002 83.61749625 0.15 0.25 0.025 0.0 0.25 0.125 0.1 0.1 82.69109047169812 0 0 1.0 0.0 0.0 0.975 0.0 0.025 0.0 0.0 0.0 0.0 0.0 0.5454545454545454 0.30303030303030304 0.10101010101010101 0.04040404040404041 0.010101010101010102 wanghe 9Сʱ_mousemovements
119.60057392307691 509.32394775000006 0 1035.952026 0 1295.879395 1311.828735 0 59.87278933333334 936.7197110000001 652.4788139999999 0 64.136795 138.97866825 129.47725375000002 498.110168 0.15 0.15 0.2 0.0 0.05 0.2 0.2 0.05 67.01106474576271 0 410.2638235 0.8805970149253731 0.0 0.11940298507462686 0.65 0.2 0.0 0.05 0.0 0.05 0.05 0.0 0.6515151515151515 0.15151515151515152 0.13636363636363635 0.045454545454545456 0.015151515151515152 wanghe 9Сʱ_mousemovements
114.7266974 278.858902 148.628693 0 0 0 0 0 0 377.868103 36.437674 301.62786366666666 79.6334955 0 84.552827 0.50813 0.0 0.07692307692307693 0.15384615384615385 0.23076923076923078 0.15384615384615385 0.0 0.3076923076923077 0.07692307692307693 20.04299521875 10.638298 62.24705322222222 0.8648648648648649 0.013513513513513514 0.12162162162162163 0.7692307692307693 0.15384615384615385 0.07692307692307693 0.0 0.0 0.0 0.0 0.0 0.5882352941176471 0.23529411764705882 0.11764705882352941 0.04411764705882353 0.014705882352941176 wanghe 9Сʱ_mousemovements
170.08441583333334 0 380.248016 0 0 974.0706479999999 0 0 237.16979949999998 242.708567 490.2803496666667 0 89.13083999999999 1878.731689 264.54064666666665 0 0.11764705882352941 0.17647058823529413 0.17647058823529413 0.0 0.11764705882352941 0.058823529411764705 0.35294117647058826 0.0 119.9593625531915 380.248016 149.60277100000002 0.94 0.02 0.04 0.7058823529411765 0.0 0.058823529411764705 0.0 0.0 0.23529411764705882 0.0 0.0 0.5333333333333333 0.2 0.17777777777777778 0.044444444444444446 0.044444444444444446 wanghe 9Сʱ_mousemovements
77.659382 375.40931420000004 0 319.728653 621.688599 732.6604 0 723.365051 400.8284 320.127819 336.5305356666667 513.2197266666666 0 321.201111 25.316456 323.93762200000003 0.07142857142857142 0.21428571428571427 0.21428571428571427 0.21428571428571427 0.0 0.07142857142857142 0.07142857142857142 0.14285714285714285 99.71071283870968 224.39723333333336 380.2105523333333 0.8378378378378378 0.08108108108108109 0.08108108108108109 0.2857142857142857 0.35714285714285715 0.0 0.14285714285714285 0.07142857142857142 0.07142857142857142 0.0 0.07142857142857142 0.625 0.125 0.0625 0.125 0.0625 wanghe 9Сʱ_mousemovements
69.33580111111112 0 0 0 1663.03302 0 0 781.419983 0 1011.148071 480.6642685 39.9762085 55.16245466666667 0 1216.8197135 0 0.0 0.08333333333333333 0.16666666666666666 0.3333333333333333 0.25 0.0 0.16666666666666666 0.0 197.14617637499998 0 0 1.0 0.0 0.0 0.75 0.0 0.0 0.0 0.16666666666666666 0.0 0.0 0.08333333333333333 0.47368421052631576 0.3157894736842105 0.15789473684210525 0.0 0.05263157894736842 wanghe 9Сʱ_mousemovements
77.21226752941176 0 397.7232515 0 0 794.439941 0 0 0 0 794.439941 0 52.93780942857143 109.15016725000001 216.07226175 0 0.0 0.0 0.05 0.0 0.35 0.4 0.2 0.0 60.46864566666667 0 0 1.0 0.0 0.0 0.85 0.0 0.1 0.0 0.0 0.05 0.0 0.0 0.55 0.125 0.2 0.1 0.025 wanghe 9Сʱ_mousemovements
114.38888619999997 0 299.889801 750.6395915 891.1275939999999 0 0 0 1390.780518 188.73710649999998 94.5498965 0 216.92157 351.9395245 120.567375 508.080963 0.0625 0.125 0.125 0.0 0.0625 0.5 0.0625 0.0625 138.1178287837838 508.080963 0 0.9736842105263158 0.02631578947368421 0.0 0.625 0.0 0.0625 0.125 0.1875 0.0 0.0 0.0 0.3548387096774194 0.45161290322580644 0.0967741935483871 0.03225806451612903 0.06451612903225806 wanghe 9Сʱ_mousemovements
196.67971437499997 219.474823 0 902.192078 0 0 0 0 88.388351 461.73433700000004 0 0 0 0 43.771969 324.2587608 0.1111111111111111 0.2222222222222222 0.0 0.0 0.0 0.0 0.1111111111111111 0.5555555555555556 74.86401711111111 0 0 1.0 0.0 0.0 0.8 0.1 0.0 0.1 0.0 0.0 0.0 0.0 0.6774193548387096 0.16129032258064516 0.06451612903225806 0.06451612903225806 0.03225806451612903 wanghe 9Сʱ_mousemovements
65.35100475 0 0 0 0 0 0 0 0 0 0 0 0 0 0 60.3719275 0.0 0.0 0.0 0.0 0.0 0.0 0.0 1.0 21.78366825 0 0 1.0 0.0 0.0 1.0 0.0 0.0 0.0 0.0 0.0 0.0 0.0 0.5555555555555556 0.3333333333333333 0.1111111111111111 0.0 0.0 wanghe 9Сʱ_mousemovements
120.817932 0 0 0 0 0 0 0 0 0 0 0 0 0 0 120.817932 0.0 0.0 0.0 0.0 0.0 0.0 0.0 1.0 20.136322 0 0 1.0 0.0 0.0 1.0 0.0 0.0 0.0 0.0 0.0 0.0 0.0 0.4 0.4 0.0 0.2 0.0 wanghe 9Сʱ_mousemovements
208.3896135 0 1603.943726 0 0 0 0 0 0 0 1603.943726 0 455.811798 55.245073500000004 228.01191199999997 0 0.0 0.0 0.14285714285714285 0.0 0.14285714285714285 0.2857142857142857 0.42857142857142855 0.0 178.39258793750002 0 0 1.0 0.0 0.0 0.8571428571428571 0.0 0.14285714285714285 0.0 0.0 0.0 0.0 0.0 0.6666666666666666 0.25 0.08333333333333333 0.0 0.0 wanghe 9Сʱ_mousemovements
108.876728 0 0 0 0 0 0 0 0 0 0 0 0 108.876728 0 0 0.0 0.0 0.0 0.0 0.0 1.0 0.0 0.0 54.438364 0 0 1.0 0.0 0.0 1.0 0.0 0.0 0.0 0.0 0.0 0.0 0.0 1.0 0.0 0.0 0.0 0.0 wanghe 9Сʱ_mousemovements
0 0 0 0 0 0 0 0 0 0 0 0 0 0 0 0 0 0 0 0 0 0 0 0 0 0 0 0 0 0 0 0 0 0 0 0 0 0 0 0 0 0 0 wanghe 9Сʱ_mousemovements
0 0 0 0 0 0 0 0 0 0 0 0 0 0 0 0 0 0 0 0 0 0 0 0 0 0 0 0 0 0 0 0 0 0 0 0 0 0 0 0 0 0 0 wanghe 9Сʱ_mousemovements
0 0 0 0 0 0 0 0 0 0 0 0 0 0 0 0 0 0 0 0 0 0 0 0 0 0 0 0 0 0 0 0 0 0 0 0 0 0 0 0 0 0 0 wanghe 9Сʱ_mousemovements
0 0 0 0 0 0 0 0 0 0 0 0 0 0 0 0 0 0 0 0 0 0 0 0 0 0 0 0 0 0 0 0 0 0 0 0 0 0 0 0 0 0 0 wanghe 9Сʱ_mousemovements
0 350.022644 0 0 0 5253.353516 0 0 0 0 0 0 350.022644 0 0 5253.353516 0.0 0.0 0.0 0.0 0.5 0.0 0.0 0.5 1120.675232 0 0 1.0 0.0 0.0 0.0 0.5 0.0 0.0 0.0 0.5 0.0 0.0 0.6666666666666666 0.3333333333333333 0.0 0.0 0.0 wanghe 9Сʱ_mousemovements
293.82312766666666 0 0 0 0 0 0 0 0 0 0 0 293.82312766666666 0 0 0 0.0 0.0 0.0 0.0 1.0 0.0 0.0 0.0 146.91156383333333 0 0 1.0 0.0 0.0 1.0 0.0 0.0 0.0 0.0 0.0 0.0 0.0 0.75 0.25 0.0 0.0 0.0 wanghe 9Сʱ_mousemovements
99.4487407142857 721.600464 0 1057.912689 0 0 553.61908 680.732056 565.183525 55.542473 930.1881715 0 38.32085 523.83548 206.58915733333333 15.873015 0.16666666666666666 0.08333333333333333 0.16666666666666666 0.0 0.08333333333333333 0.16666666666666666 0.25 0.08333333333333333 175.75279613043477 362.801926 0 0.92 0.08 0.0 0.5833333333333334 0.08333333333333333 0.0 0.16666666666666666 0.0 0.0 0.08333333333333333 0.08333333333333333 0.6190476190476191 0.38095238095238093 0.0 0.0 0.0 wanghe 9Сʱ_mousemovements
110.3743283 620.4930420000001 409.37100999999996 0 0 0 0 0 294.297974 141.252197 575.916748 0 189.643845 213.68049424999998 199.246589 111.405701 0.07142857142857142 0.07142857142857142 0.07142857142857142 0.0 0.07142857142857142 0.2857142857142857 0.35714285714285715 0.07142857142857142 60.52976131914893 0 79.64315125 0.9215686274509803 0.0 0.0784313725490196 0.7142857142857143 0.14285714285714285 0.14285714285714285 0.0 0.0 0.0 0.0 0.0 0.5208333333333334 0.3333333333333333 0.10416666666666667 0.020833333333333332 0.020833333333333332 wanghe 9Сʱ_mousemovements
90.28380566666665 0 865.835449 0 0 844.122986 0 299.659821 148.936172 548.586773 571.8914035 0 0 293.38788066666666 73.550186 0 0.1 0.2 0.2 0.0 0.0 0.3 0.2 0.0 112.09561407407409 299.659821 90.915138 0.9310344827586207 0.034482758620689655 0.034482758620689655 0.6 0.0 0.2 0.0 0.0 0.1 0.0 0.1 0.64 0.2 0.12 0.04 0.0 wanghe 9Сʱ_mousemovements
184.38333183333336 538.649719 0 3004.144043 0 0 0 0 0 40.629032 0 349.231873 366.373291 3004.144043 222.17887850000002 0 0.0 0.125 0.0 0.125 0.125 0.125 0.5 0.0 209.47566913636362 0 40.629032 0.9565217391304348 0.0 0.043478260869565216 0.75 0.125 0.0 0.125 0.0 0.0 0.0 0.0 0.6666666666666666 0.16666666666666666 0.0 0.05555555555555555 0.1111111111111111 wanghe 9Сʱ_mousemovements
201.3766074166667 432.575226 0 0 0 0 0 0 0 83.784134 432.575226 224.626709 358.71641575 0 0 91.20798500000001 0.0 0.15384615384615385 0.07692307692307693 0.15384615384615385 0.3076923076923077 0.0 0.0 0.3076923076923077 98.24463844827585 0 0 1.0 0.0 0.0 0.9230769230769231 0.07692307692307693 0.0 0.0 0.0 0.0 0.0 0.0 0.5217391304347826 0.2608695652173913 0.08695652173913043 0.043478260869565216 0.08695652173913043 wanghe 9Сʱ_mousemovements
245.512924 268.149994 0 0 0 0 0 0 0 0 245.512924 0 0 0 268.149994 0 0.0 0.0 0.5 0.0 0.0 0.0 0.5 0.0 128.4157295 0 0 1.0 0.0 0.0 0.5 0.5 0.0 0.0 0.0 0.0 0.0 0.0 0.0 0.6666666666666666 0.0 0.3333333333333333 0.0 wanghe 9Сʱ_mousemovements
0 0 0 0 0 0 0 0 0 0 0 0 0 0 0 0 0 0 0 0 0 0 0 0 0 0 0 0 0 0 0 0 0 0 0 0 0 0 0 0 0 0 0 wanghe 9Сʱ_mousemovements
219.6912775 628.205139 1052.057373 0 0 0 0 0 0 1052.057373 0 0 0 426.562042 320.512826 0 0.0 0.25 0.0 0.0 0.0 0.25 0.5 0.0 351.13742566666673 12.820513 0 0.8571428571428571 0.14285714285714285 0.0 0.5 0.25 0.25 0.0 0.0 0.0 0.0 0.0 0.5 0.3333333333333333 0.0 0.0 0.16666666666666666 wanghe 9Сʱ_mousemovements
118.3791935 0 575.811157 0 0 697.895081 0 0 0 0 0 0 575.811157 226.08223 0 354.285619 0.0 0.0 0.0 0.0 0.25 0.25 0.0 0.5 115.36834369230769 0 10.676157 0.9285714285714286 0.0 0.07142857142857142 0.5 0.0 0.25 0.0 0.0 0.25 0.0 0.0 0.5384615384615384 0.3076923076923077 0.07692307692307693 0.07692307692307693 0.0 wanghe 9Сʱ_mousemovements
0 367.937592 0 0 0 0 0 0 0 0 367.937592 0 0 0 0 0 0.0 0.0 1.0 0.0 0.0 0.0 0.0 0.0 183.968796 0 0 1.0 0.0 0.0 0.0 1.0 0.0 0.0 0.0 0.0 0.0 0.0 0.0 1.0 0.0 0.0 0.0 wanghe 9Сʱ_mousemovements
0 0 0 0 0 0 0 0 0 0 0 0 0 0 0 0 0 0 0 0 0 0 0 0 0 0 0 0 0 0 0 0 0 0 0 0 0 0 0 0 0 0 0 wanghe 9Сʱ_mousemovements
124.23823666666668 290.27742 0 524.457336 573.3156584999999 634.918152 0 0 634.918152 290.018829 290.536011 0 234.80741650000002 309.3691215 705.815491 249.634796 0.1111111111111111 0.1111111111111111 0.1111111111111111 0.0 0.2222222222222222 0.2222222222222222 0.1111111111111111 0.1111111111111111 104.47411747368422 159.408918 477.72514349999994 0.8260869565217391 0.08695652173913043 0.08695652173913043 0.3333333333333333 0.2222222222222222 0.0 0.1111111111111111 0.2222222222222222 0.1111111111111111 0.0 0.0 0.7 0.05 0.1 0.1 0.05 wanghe 9Сʱ_mousemovements
0 0 1104.787842 0 0 0 645.677979 0 0 0 645.677979 0 1104.787842 0 0 0 0.0 0.0 0.5 0.0 0.5 0.0 0.0 0.0 157.82683457142858 0 645.677979 0.875 0.0 0.125 0.0 0.0 0.5 0.0 0.0 0.0 0.5 0.0 0.7142857142857143 0.14285714285714285 0.0 0.0 0.14285714285714285 wanghe 9Сʱ_mousemovements
482.90093 0 0 0 0 0 0 0 0 0 0 587.32605 430.68836999999996 0 0 0 0.0 0.0 0.0 0.3333333333333333 0.6666666666666666 0.0 0.0 0.0 241.450465 0 0 1.0 0.0 0.0 1.0 0.0 0.0 0.0 0.0 0.0 0.0 0.0 0.75 0.25 0.0 0.0 0.0 wanghe 9Сʱ_mousemovements
0 0 0 0 0 0 0 0 0 0 0 0 0 0 0 0 0 0 0 0 0 0 0 0 0 0 0 0 0 0 0 0 0 0 0 0 0 0 0 0 0 0 0 wanghe 9Сʱ_mousemovements
84.504689 0 0 0 0 0 0 0 0 0 0 0 68.54282300000001 116.428421 0 0 0.0 0.0 0.0 0.0 0.6666666666666666 0.3333333333333333 0.0 0.0 30.87092775 6.546645 0 0.8888888888888888 0.1111111111111111 0.0 1.0 0.0 0.0 0.0 0.0 0.0 0.0 0.0 0.7142857142857143 0.14285714285714285 0.14285714285714285 0.0 0.0 wanghe 9Сʱ_mousemovements
206.12348944444443 850.6795500000001 999.4710259999998 1463.346924 3680.483398 0 0 0 343.374979 307.1428605 929.898193 757.167965 0 1010.0977479999999 1589.036958 387.519728 0.1111111111111111 0.1111111111111111 0.1111111111111111 0.1111111111111111 0.0 0.1111111111111111 0.16666666666666666 0.2777777777777778 227.9704229310345 50.989006 42.266489666666665 0.9354838709677419 0.016129032258064516 0.04838709677419355 0.5 0.2222222222222222 0.16666666666666666 0.05555555555555555 0.05555555555555555 0.0 0.0 0.0 0.3392857142857143 0.4642857142857143 0.08928571428571429 0.10714285714285714 0.0 wanghe 9Сʱ_mousemovements
104.40095145454546 544.78176325 1331.10791 1369.5885416666667 1139.0586395 0 0 0 262.4187725 368.3749752500001 547.8305413333334 958.16532225 19.849419 1517.723145 472.74934375 71.23401750000001 0.09523809523809523 0.19047619047619047 0.14285714285714285 0.19047619047619047 0.047619047619047616 0.047619047619047616 0.19047619047619047 0.09523809523809523 132.55579046052628 19.849419 118.929854875 0.8941176470588236 0.011764705882352941 0.09411764705882353 0.5238095238095238 0.19047619047619047 0.047619047619047616 0.14285714285714285 0.09523809523809523 0.0 0.0 0.0 0.43243243243243246 0.40540540540540543 0.0945945945945946 0.05405405405405406 0.013513513513513514 wanghe 9Сʱ_mousemovements
176.8276722 510.138306 823.195496 0 0 0 2922.429199 0 273.494324 0 12.292234 510.138306 151.2124465 0 2922.429199 559.561203 0.125 0.0 0.125 0.125 0.25 0.0 0.125 0.25 204.63298464000002 0 12.038373 0.9259259259259259 0.0 0.07407407407407407 0.625 0.125 0.125 0.0 0.0 0.0 0.125 0.0 0.391304347826087 0.4782608695652174 0.043478260869565216 0.0 0.08695652173913043 wanghe 9Сʱ_mousemovements
137.43025208333333 361.7174606666667 1099.620636 930.7092285 0 0 0 0 7.316166 199.76287516666662 707.6884673999999 245.757324 129.732803 165.09787 370.74339528571437 0 0.045454545454545456 0.2727272727272727 0.22727272727272727 0.045454545454545456 0.045454545454545456 0.045454545454545456 0.3181818181818182 0.0 109.54088007462687 126.53674500000001 143.9075315 0.9436619718309859 0.028169014084507043 0.028169014084507043 0.5454545454545454 0.2727272727272727 0.09090909090909091 0.09090909090909091 0.0 0.0 0.0 0.0 0.421875 0.375 0.09375 0.0625 0.046875 wanghe 9Сʱ_mousemovements
169.52723316666666 354.0716245 773.372192 0 0 0 0 0 0 0 88.634399 395.877319 773.372192 0 233.0626585 219.909897 0.0 0.0 0.2222222222222222 0.1111111111111111 0.1111111111111111 0.0 0.4444444444444444 0.1111111111111111 63.841686447368424 0 18.173688749999997 0.9047619047619048 0.0 0.09523809523809523 0.6666666666666666 0.2222222222222222 0.1111111111111111 0.0 0.0 0.0 0.0 0.0 0.3684210526315789 0.47368421052631576 0.10526315789473684 0.02631578947368421 0.02631578947368421 wanghe 9Сʱ_mousemovements
87.38019757142857 39.391907 1511.6954955 0 0 0 4691.500977 1720.50769 0 364.8817974 0 1511.6954955 39.391907 0 1299.81526575 0 0.0 0.4166666666666667 0.0 0.16666666666666666 0.08333333333333333 0.0 0.3333333333333333 0.0 244.95823063414633 39.391907 3.773585 0.9534883720930233 0.023255813953488372 0.023255813953488372 0.5833333333333334 0.08333333333333333 0.16666666666666666 0.0 0.0 0.0 0.08333333333333333 0.08333333333333333 0.4878048780487805 0.3902439024390244 0.07317073170731707 0.04878048780487805 0.0 wanghe 9Сʱ_mousemovements
0 0 0 0 0 0 0 0 0 0 0 0 0 0 0 0 0 0 0 0 0 0 0 0 0 0 0 0 0 0 0 0 0 0 0 0 0 0 0 0 0 0 0 wanghe 9Сʱ_mousemovements
0 0 0 0 0 0 0 0 0 0 0 0 0 0 0 0 0 0 0 0 0 0 0 0 0 0 0 0 0 0 0 0 0 0 0 0 0 0 0 0 0 0 0 wanghe 9Сʱ_mousemovements
0 0 0 0 0 0 0 0 0 0 0 0 0 0 0 0 0 0 0 0 0 0 0 0 0 0 0 0 0 0 0 0 0 0 0 0 0 0 0 0 0 0 0 wanghe 9Сʱ_mousemovements
0 0 0 0 0 0 0 0 0 0 0 0 0 0 0 0 0 0 0 0 0 0 0 0 0 0 0 0 0 0 0 0 0 0 0 0 0 0 0 0 0 0 0 wanghe 9Сʱ_mousemovements
181.7198956666667 535.310318 233.82471450000003 0 0 0 0 0 0 845.803406 157.98164 0 0 356.774719 277.047363 143.920492 0.0 0.14285714285714285 0.2857142857142857 0.0 0.0 0.14285714285714285 0.14285714285714285 0.2857142857142857 69.54815465 0 230.82221966666668 0.8695652173913043 0.0 0.13043478260869565 0.42857142857142855 0.2857142857142857 0.2857142857142857 0.0 0.0 0.0 0.0 0.0 0.55 0.15 0.15 0.05 0.1 wanghe 9Сʱ_mousemovements
98.42654680000001 307.3068925 401.2917175 0 0 0 1018.597168 0 564.252197 271.80796225 0 0 1018.597168 27.723448 95.068436 67.527012 0.1 0.4 0.0 0.0 0.1 0.1 0.1 0.2 121.96240165217392 95.068436 27.723448 0.92 0.04 0.04 0.5 0.2 0.2 0.0 0.0 0.0 0.1 0.0 0.5 0.3 0.05 0.05 0.1 wanghe 9Сʱ_mousemovements
276.178602 397.576477 0 1139.578369 0 0 0 0 0 1139.578369 570.9022215 0 0 158.966625 0 42.553192 0.0 0.16666666666666666 0.3333333333333333 0.0 0.0 0.3333333333333333 0.0 0.16666666666666666 188.70494671428574 0 0 1.0 0.0 0.0 0.6666666666666666 0.16666666666666666 0.0 0.16666666666666666 0.0 0.0 0.0 0.0 0.6 0.4 0.0 0.0 0.0 wanghe 9Сʱ_mousemovements
81.346074 226.883942 550.53186 0 630.961975 0 0 0 0 0 0 164.430771 244.94641066666668 60.34985666666666 221.22159066666669 134.77605025 0.0 0.0 0.0 0.1111111111111111 0.16666666666666666 0.3333333333333333 0.16666666666666666 0.2222222222222222 38.49397760869565 0 428.92295850000005 0.9583333333333334 0.0 0.041666666666666664 0.8333333333333334 0.05555555555555555 0.05555555555555555 0.0 0.05555555555555555 0.0 0.0 0.0 0.5714285714285714 0.2857142857142857 0.047619047619047616 0.07142857142857142 0.023809523809523808 wanghe 9Сʱ_mousemovements
100.666246 525.5093155 0 0 285.543687 0 0 0 566.0084075 103.002907 0 98.66845 21.338839 0 91.70259075 235.75251 0.13333333333333333 0.13333333333333333 0.0 0.2 0.06666666666666667 0.0 0.26666666666666666 0.2 38.86218636170213 21.338839 220.39327824999998 0.9038461538461539 0.019230769230769232 0.07692307692307693 0.7333333333333333 0.13333333333333333 0.0 0.0 0.13333333333333333 0.0 0.0 0.0 0.6875 0.20833333333333334 0.0 0.041666666666666664 0.0625 wanghe 9Сʱ_mousemovements
250.8885955 383.471893 453.283569 0 494.943634 0 0 0 0 494.943634 0 0 0 287.65599050000003 381.610336 0 0.0 0.2 0.0 0.0 0.0 0.4 0.4 0.0 20.31786214634146 0 333.481313 0.9318181818181818 0.0 0.06818181818181818 0.4 0.2 0.2 0.0 0.2 0.0 0.0 0.0 0.39473684210526316 0.3157894736842105 0.21052631578947367 0.05263157894736842 0.02631578947368421 wanghe 9Сʱ_mousemovements
127.01641033333333 0 908.4113465 0 484.4729 0 400.582153 0 196.904572 75.475599 527.0853516 0 82.233505 0 166.743754375 103.82891649999999 0.05263157894736842 0.10526315789473684 0.2631578947368421 0.0 0.05263157894736842 0.0 0.42105263157894735 0.10526315789473684 55.91984226415095 97.81240099999998 337.4837645 0.8833333333333333 0.05 0.06666666666666667 0.7894736842105263 0.0 0.10526315789473684 0.0 0.05263157894736842 0.0 0.05263157894736842 0.0 0.5471698113207547 0.2641509433962264 0.1509433962264151 0.0 0.03773584905660377 wanghe 9Сʱ_mousemovements
102.75866671428571 439.05440266666665 0 1153.2554526666665 1437.836548 824.837646 0 0 406.3085935 571.3792569999999 863.642029 656.534058 1176.3423309999998 645.032104 160.6436478 36.153392 0.1111111111111111 0.1111111111111111 0.16666666666666666 0.05555555555555555 0.1111111111111111 0.05555555555555555 0.2777777777777778 0.1111111111111111 156.9400464423077 0 152.53253666666666 0.896551724137931 0.0 0.10344827586206896 0.3888888888888889 0.3333333333333333 0.0 0.16666666666666666 0.05555555555555555 0.05555555555555555 0.0 0.0 0.5 0.30357142857142855 0.10714285714285714 0.03571428571428571 0.05357142857142857 wanghe 9Сʱ_mousemovements
96.86409900000001 205.23996 0 0 656.626343 518.642517 708.0455322 0 116.77256750000001 0 518.642517 594.1304323333334 0 21.505377 475.5106506666666 662.7882995 0.16666666666666666 0.0 0.08333333333333333 0.25 0.0 0.08333333333333333 0.25 0.16666666666666666 3.7613994736842105 0 516.5259696999999 0.7916666666666666 0.0 0.20833333333333334 0.3333333333333333 0.08333333333333333 0.0 0.0 0.08333333333333333 0.08333333333333333 0.4166666666666667 0.0 0.7045454545454546 0.045454545454545456 0.045454545454545456 0.11363636363636363 0.09090909090909091 wanghe 9Сʱ_mousemovements
141.9228076 345.81962066666665 346.8327636666666 0 827.0548247500001 581.549133 0 1018.421753 333.5541075 11.627907 791.560791 538.0911255000001 68.432671 0 555.5907822500001 557.597973 0.23529411764705882 0.058823529411764705 0.058823529411764705 0.23529411764705882 0.058823529411764705 0.0 0.23529411764705882 0.11764705882352941 91.13509540816328 11.627907 459.78768485714284 0.8596491228070176 0.017543859649122806 0.12280701754385964 0.29411764705882354 0.17647058823529413 0.17647058823529413 0.0 0.23529411764705882 0.058823529411764705 0.0 0.058823529411764705 0.6296296296296297 0.09259259259259259 0.09259259259259259 0.14814814814814814 0.037037037037037035 wanghe 9Сʱ_mousemovements
96.04513239999999 383.086365 397.615906 1405.828857 657.592896 0 0 0 0 134.072252 384.424435 231.4900475 720.6449259999999 0 0 383.086365 0.0 0.2222222222222222 0.2222222222222222 0.2222222222222222 0.2222222222222222 0.0 0.0 0.1111111111111111 109.05158347826087 35.460995 390.3511355 0.8846153846153846 0.038461538461538464 0.07692307692307693 0.5555555555555556 0.1111111111111111 0.1111111111111111 0.1111111111111111 0.1111111111111111 0.0 0.0 0.0 0.5 0.3181818181818182 0.13636363636363635 0.045454545454545456 0.0 wanghe 9Сʱ_mousemovements
138.58317009090908 434.4334613333333 487.4033965 551.6302335 0 0 0 0 203.455307 487.82284549999997 41.733871 297.871304 386.9331205 265.287262 237.56573849999998 178.87667166666665 0.05555555555555555 0.1111111111111111 0.05555555555555555 0.16666666666666666 0.1111111111111111 0.1111111111111111 0.2222222222222222 0.16666666666666666 68.3224969347826 9.174312 250.53904914285718 0.8518518518518519 0.018518518518518517 0.12962962962962962 0.6111111111111112 0.16666666666666666 0.1111111111111111 0.1111111111111111 0.0 0.0 0.0 0.0 0.5686274509803921 0.17647058823529413 0.1568627450980392 0.058823529411764705 0.0392156862745098 wanghe 9Сʱ_mousemovements
58.78733140000001 0 0 0 0 746.5102845 866.282043 865.255615 0 949.702759 543.31781 45.619793 133.349319 305.8590126666667 0 464.4640825 0.0 0.1111111111111111 0.1111111111111111 0.1111111111111111 0.1111111111111111 0.3333333333333333 0.0 0.2222222222222222 5.352911266666666 0 671.5815092 0.8571428571428571 0.0 0.14285714285714285 0.5555555555555556 0.0 0.0 0.0 0.0 0.2222222222222222 0.1111111111111111 0.1111111111111111 0.7419354838709677 0.03225806451612903 0.03225806451612903 0.06451612903225806 0.12903225806451613 wanghe 9Сʱ_mousemovements
162.68658633333334 348.506775 0 0 0 0 0 0 0 25.641026 207.534067 513.868958 0 0 123.34939166666668 0 0.0 0.14285714285714285 0.2857142857142857 0.14285714285714285 0.0 0.0 0.42857142857142855 0.0 77.05612900000001 25.641026 33.0436015 0.8421052631578947 0.05263157894736842 0.10526315789473684 0.8571428571428571 0.14285714285714285 0.0 0.0 0.0 0.0 0.0 0.0 0.5 0.16666666666666666 0.2222222222222222 0.1111111111111111 0.0 wanghe 9Сʱ_mousemovements
198.88691675 612.090881 697.1185 0 0 1836.282593 0 0 761.857544 1836.282593 632.379456 0 257.99824033333334 21.552946 612.090881 0 0.125 0.125 0.125 0.0 0.375 0.125 0.125 0.0 261.1472131176471 0 198.655518 0.9444444444444444 0.0 0.05555555555555555 0.5 0.125 0.25 0.0 0.0 0.125 0.0 0.0 0.4166666666666667 0.3333333333333333 0.25 0.0 0.0 wanghe 9Сʱ_mousemovements
122.99827016666666 411.63960299999997 0 0 0 0 557.415894 0 0 341.207947 597.91095 148.17775 0 102.0867865 130.319149 225.368256 0.0 0.2222222222222222 0.1111111111111111 0.1111111111111111 0.0 0.2222222222222222 0.2222222222222222 0.1111111111111111 84.92622727272727 10.638298 119.8347115 0.88 0.04 0.08 0.6666666666666666 0.2222222222222222 0.0 0.0 0.0 0.0 0.1111111111111111 0.0 0.5789473684210527 0.10526315789473684 0.10526315789473684 0.05263157894736842 0.15789473684210525 wanghe 9Сʱ_mousemovements
287.3239225 0 0 0 0 0 0 0 0 0 0 0 287.3239225 0 0 0 0.0 0.0 0.0 0.0 1.0 0.0 0.0 0.0 143.66196125 0 0 1.0 0.0 0.0 1.0 0.0 0.0 0.0 0.0 0.0 0.0 0.0 1.0 0.0 0.0 0.0 0.0 wanghe 9Сʱ_mousemovements
0 0 0 0 0 0 0 0 0 0 0 0 0 0 0 0 0 0 0 0 0 0 0 0 0 0 0 0 0 0 0 0 0 0 0 0 0 0 0 0 0 0 0 wanghe 9Сʱ_mousemovements
0 0 0 0 0 0 0 0 0 0 0 0 0 0 0 0 0 0 0 0 0 0 0 0 0.0 0 0 1.0 0.0 0.0 0 0 0 0 0 0 0 0 0 0 0 0 0 wanghe 9Сʱ_mousemovements
0 0 0 0 0 0 0 0 0 0 0 0 0 0 0 0 0 0 0 0 0 0 0 0 0 0 0 0 0 0 0 0 0 0 0 0 0 0 0 0 0 0 0 wanghe 9Сʱ_mousemovements
0 0 0 0 0 0 0 0 0 0 0 0 0 0 0 0 0 0 0 0 0 0 0 0 0 0 0 0 0 0 0 0 0 0 0 0 0 0 0 0 0 0 0 wanghe 9Сʱ_mousemovements
0 0 0 0 0 0 0 0 0 0 0 0 0 0 0 0 0 0 0 0 0 0 0 0 0 0 0 0 0 0 0 0 0 0 0 0 0 0 0 0 0 0 0 wanghe 9Сʱ_mousemovements
0 0 0 0 0 0 0 0 0 0 0 0 0 0 0 0 0 0 0 0 0 0 0 0 0 0 0 0 0 0 0 0 0 0 0 0 0 0 0 0 0 0 0 wanghe 9Сʱ_mousemovements
0 0 0 0 0 0 0 0 0 0 0 0 0 0 0 0 0 0 0 0 0 0 0 0 0 0 0 0 0 0 0 0 0 0 0 0 0 0 0 0 0 0 0 wanghe 9Сʱ_mousemovements
45.184479 645.825836 0 2486.679932 1833.540039 2925.63623 0 0 0 41.589249 940.2610665 0 743.255615 0 1986.904073 0 0.0 0.1111111111111111 0.4444444444444444 0.0 0.1111111111111111 0.0 0.3333333333333333 0.0 359.6331686896552 0 25.74648566666667 0.90625 0.0 0.09375 0.3333333333333333 0.2222222222222222 0.0 0.1111111111111111 0.2222222222222222 0.1111111111111111 0.0 0.0 0.3548387096774194 0.4838709677419355 0.12903225806451613 0.03225806451612903 0.0 wanghe 9Сʱ_mousemovements
235.02584062499994 604.0013039090909 1413.727539 1366.2514305 2155.02181 2844.140869 3328.012207 0 337.206408 24.069771 578.9512793076923 1775.657349 0 3328.012207 1354.7415964 778.5340511111111 0.13513513513513514 0.05405405405405406 0.35135135135135137 0.05405405405405406 0.0 0.02702702702702703 0.13513513513513514 0.24324324324324326 281.3204816699029 0 104.92999422222222 0.9196428571428571 0.0 0.08035714285714286 0.43243243243243246 0.2972972972972973 0.02702702702702703 0.10810810810810811 0.08108108108108109 0.02702702702702703 0.02702702702702703 0.0 0.4485981308411215 0.3364485981308411 0.1588785046728972 0.028037383177570093 0.028037383177570093 wanghe 9Сʱ_mousemovements
67.39220011111112 289.06276933333334 757.0703275 1147.3621520000002 1112.502808 0 0 0 0 75.11675100000001 587.9577533333334 0 58.8199965 143.63393033333332 770.6641158 4.0 0.0 0.17647058823529413 0.17647058823529413 0.0 0.11764705882352941 0.17647058823529413 0.29411764705882354 0.058823529411764705 80.63738227586207 1247.625122 117.6231455 0.9206349206349206 0.015873015873015872 0.06349206349206349 0.5294117647058824 0.17647058823529413 0.11764705882352941 0.11764705882352941 0.058823529411764705 0.0 0.0 0.0 0.4 0.38333333333333336 0.18333333333333332 0.0 0.03333333333333333 wanghe 9Сʱ_mousemovements
411.20839449999994 763.100647 950.7935485 0 0 0 4012.834229 0 0 1099.151367 1307.762817 202.351486 0 387.080438 1575.317078 517.69728 0.0 0.1 0.1 0.1 0.0 0.2 0.3 0.2 338.2179243333333 0 6.4441915 0.9310344827586207 0.0 0.06896551724137931 0.6 0.1 0.2 0.0 0.0 0.0 0.1 0.0 0.35714285714285715 0.42857142857142855 0.14285714285714285 0.07142857142857142 0.0 wanghe 9Сʱ_mousemovements
146.91009449999999 644.4157513333333 0 1006.983215 0 0 0 0 203.77880100000002 0 511.88743099999994 798.2794799999999 54.324348 0 23.809032 0 0.3 0.0 0.3 0.2 0.1 0.0 0.1 0.0 146.07238476923078 0 23.809032 0.9629629629629629 0.0 0.037037037037037035 0.6 0.3 0.0 0.1 0.0 0.0 0.0 0.0 0.44 0.48 0.04 0.04 0.0 wanghe 9Сʱ_mousemovements
0 0 0 0 0 0 0 0 0 0 0 0 0 0 0 0 0 0 0 0 0 0 0 0 0 0 0 0 0 0 0 0 0 0 0 0 0 0 0 0 0 0 0 wanghe 9Сʱ_mousemovements
190.2040112857143 742.3633042499999 257.326217 1613.840332 0 0 1488.064087 0 892.00817875 40.476189 266.51164174999997 535.4798296666667 424.27081250000003 233.98273939999999 101.482291 963.301392 0.17391304347826086 0.08695652173913043 0.17391304347826086 0.13043478260869565 0.08695652173913043 0.21739130434782608 0.08695652173913043 0.043478260869565216 135.76334905882356 17.648176 128.3182665 0.9577464788732394 0.014084507042253521 0.028169014084507043 0.6086956521739131 0.17391304347826086 0.13043478260869565 0.043478260869565216 0.0 0.0 0.043478260869565216 0.0 0.40298507462686567 0.373134328358209 0.1791044776119403 0.014925373134328358 0.029850746268656716 wanghe 9Сʱ_mousemovements
75.280507 796.2049177499999 765.1214803333334 1371.3882650000003 0 0 0 0 0 919.6519349999999 61.533062 0 495.456909 121.38550949999998 762.1217961666667 0 0.0 0.3333333333333333 0.06666666666666667 0.0 0.06666666666666667 0.13333333333333333 0.4 0.0 151.58546835593222 0 146.74411557142858 0.8939393939393939 0.0 0.10606060606060606 0.3333333333333333 0.26666666666666666 0.2 0.2 0.0 0.0 0.0 0.0 0.3387096774193548 0.43548387096774194 0.12903225806451613 0.06451612903225806 0.03225806451612903 wanghe 9Сʱ_mousemovements
0 0 0 0 0 0 0 0 0 0 0 0 0 0 0 0 0 0 0 0 0 0 0 0 0 0 0 0 0 0 0 0 0 0 0 0 0 0 0 0 0 0 0 wanghe 9Сʱ_mousemovements
114.23300666666667 0 0 1018.762268 0 0 0 0 0 0 1018.762268 91.369232 125.664894 0 0 0 0.0 0.0 0.25 0.25 0.5 0.0 0.0 0.0 71.6558572631579 0 0 1.0 0.0 0.0 0.75 0.0 0.0 0.25 0.0 0.0 0.0 0.0 0.4444444444444444 0.5 0.05555555555555555 0.0 0.0 wanghe 9Сʱ_mousemovements
0 0 0 0 0 0 0 0 0 0 0 0 0 0 0 0 0 0 0 0 0 0 0 0 0 0 0 0 0 0 0 0 0 0 0 0 0 0 0 0 0 0 0 wanghe 9Сʱ_mousemovements
0 0 0 0 0 0 0 0 0 0 0 0 0 0 0 0 0 0 0 0 0 0 0 0 0 0 0 0 0 0 0 0 0 0 0 0 0 0 0 0 0 0 0 wanghe 9Сʱ_mousemovements
0 0 0 0 0 0 0 0 0 0 0 0 0 0 0 0 0 0 0 0 0 0 0 0 0 0 0 0 0 0 0 0 0 0 0 0 0 0 0 0 0 0 0 wanghe 9Сʱ_mousemovements
0 0 0 0 0 0 0 0 0 0 0 0 0 0 0 0 0 0 0 0 0 0 0 0 0 0 0 0 0 0 0 0 0 0 0 0 0 0 0 0 0 0 0 wanghe 9Сʱ_mousemovements
0 0 0 0 0 0 0 0 0 0 0 0 0 0 0 0 0 0 0 0 0 0 0 0 0 0 0 0 0 0 0 0 0 0 0 0 0 0 0 0 0 0 0 wanghe 9Сʱ_mousemovements
0 0 0 0 0 0 0 0 0 0 0 0 0 0 0 0 0 0 0 0 0 0 0 0 0 0 0 0 0 0 0 0 0 0 0 0 0 0 0 0 0 0 0 wanghe 9Сʱ_mousemovements
0 0 0 0 0 0 0 0 0 0 0 0 0 0 0 0 0 0 0 0 0 0 0 0 0 0 0 0 0 0 0 0 0 0 0 0 0 0 0 0 0 0 0 wanghe 9Сʱ_mousemovements
0 0 0 0 0 0 0 0 0 0 0 0 0 0 0 0 0 0 0 0 0 0 0 0 0 0 0 0 0 0 0 0 0 0 0 0 0 0 0 0 0 0 0 wanghe 9Сʱ_mousemovements
0 0 0 0 0 0 0 0 0 0 0 0 0 0 0 0 0 0 0 0 0 0 0 0 0 0 0 0 0 0 0 0 0 0 0 0 0 0 0 0 0 0 0 wanghe 9Сʱ_mousemovements
0 0 0 0 0 0 0 0 0 0 0 0 0 0 0 0 0 0 0 0 0 0 0 0 0 0 0 0 0 0 0 0 0 0 0 0 0 0 0 0 0 0 0 wanghe 9Сʱ_mousemovements
0 0 0 0 0 0 0 0 0 0 0 0 0 0 0 0 0 0 0 0 0 0 0 0 0 0 0 0 0 0 0 0 0 0 0 0 0 0 0 0 0 0 0 wanghe 9Сʱ_mousemovements
0 0 0 0 0 0 0 0 0 0 0 0 0 0 0 0 0 0 0 0 0 0 0 0 0 0 0 0 0 0 0 0 0 0 0 0 0 0 0 0 0 0 0 wanghe 9Сʱ_mousemovements
