115.91036368750002 165.970032 583.984375 559.1708985 0 987.70874 0 749.046051 277.1515646666666 116.71785 0 463.34911350000004 75.313285 201.13766600000002 3.367003 809.5983885 0.13043478260869565 0.043478260869565216 0.0 0.17391304347826086 0.21739130434782608 0.30434782608695654 0.043478260869565216 0.08695652173913043 43.3522940909091 54.984293 338.19791762499995 0.875 0.03409090909090909 0.09090909090909091 0.6956521739130435 0.043478260869565216 0.043478260869565216 0.08695652173913043 0.0 0.043478260869565216 0.0 0.08695652173913043 0.5952380952380952 0.2261904761904762 0.08333333333333333 0.047619047619047616 0.047619047619047616 wanghe 10Сʱ_mousemovements
81.2009315 455.0300595 329.863007 328.857605 0 395.934265 0 0 0 329.360306 0 0 525.81134 235.64622675 0 0 0.0 0.2857142857142857 0.0 0.0 0.14285714285714285 0.5714285714285714 0.0 0.0 105.77995611764706 0 328.857605 0.9444444444444444 0.0 0.05555555555555555 0.2857142857142857 0.2857142857142857 0.14285714285714285 0.14285714285714285 0.0 0.14285714285714285 0.0 0.0 0.5384615384615384 0.23076923076923078 0.15384615384615385 0.07692307692307693 0.0 wanghe 10Сʱ_mousemovements
90.69820257142858 291.13968475 0 364.695526 0 0 0 0 157.7372685 41.333332 146.38825575 129.75202033333335 384.6874675 163.0202255 47.470935 84.61058433333334 0.15384615384615385 0.07692307692307693 0.15384615384615385 0.11538461538461539 0.07692307692307693 0.07692307692307693 0.11538461538461539 0.23076923076923078 38.419142641025644 16.0 42.1223393 0.8764044943820225 0.011235955056179775 0.11235955056179775 0.8076923076923077 0.15384615384615385 0.0 0.038461538461538464 0.0 0.0 0.0 0.0 0.5925925925925926 0.2222222222222222 0.13580246913580246 0.024691358024691357 0.024691358024691357 wanghe 10Сʱ_mousemovements
166.03145222727278 135.941101 0 0 0 0 0 0 68.60619533333333 24.024016000000003 287.43253300000003 125.69685575 300.91238119999997 23.372816 0 154.8632035 0.13043478260869565 0.08695652173913043 0.08695652173913043 0.17391304347826086 0.21739130434782608 0.043478260869565216 0.0 0.2608695652173913 37.578077087500006 0 65.19890691666666 0.8695652173913043 0.0 0.13043478260869565 0.9565217391304348 0.043478260869565216 0.0 0.0 0.0 0.0 0.0 0.0 0.7625 0.15 0.0375 0.025 0.025 wanghe 10Сʱ_mousemovements
107.58459729166668 243.4810332 480.653839 0 0 0 0 0 167.22689066666666 82.17510850000001 233.217804 242.29263171428573 55.135479 57.772958 45.18800557142857 280.338894 0.1 0.06666666666666667 0.1 0.23333333333333334 0.06666666666666667 0.13333333333333333 0.23333333333333334 0.06666666666666667 46.41888177922078 46.8735365 82.71178775 0.8651685393258427 0.0898876404494382 0.0449438202247191 0.8 0.16666666666666666 0.03333333333333333 0.0 0.0 0.0 0.0 0.0 0.5609756097560976 0.1951219512195122 0.0975609756097561 0.0975609756097561 0.04878048780487805 wanghe 10Сʱ_mousemovements
90.7827536 314.7896774 584.709198 586.325737 794.262268 3232.228027 968.117493 1549.659058 725.1241868 428.69882433333333 938.8393555 299.0963575 0 810.754576 146.798535 367.6672515 0.19230769230769232 0.11538461538461539 0.07692307692307693 0.15384615384615385 0.0 0.19230769230769232 0.19230769230769232 0.07692307692307693 151.78435520895525 114.85511633333334 374.34555725 0.8589743589743589 0.038461538461538464 0.10256410256410256 0.38461538461538464 0.19230769230769232 0.07692307692307693 0.15384615384615385 0.038461538461538464 0.038461538461538464 0.07692307692307693 0.038461538461538464 0.6301369863013698 0.1506849315068493 0.1095890410958904 0.0684931506849315 0.0410958904109589 wanghe 10Сʱ_mousemovements
64.18210499999999 0 331.1049575 153.224945 0 1102.542114 789.189087 0 0 5.050505 188.361618 0 153.224945 456.251396 788.1952055 0 0.0 0.14285714285714285 0.14285714285714285 0.0 0.14285714285714285 0.2857142857142857 0.2857142857142857 0.0 103.70388345833334 153.224945 96.70606149999999 0.8888888888888888 0.037037037037037035 0.07407407407407407 0.2857142857142857 0.0 0.2857142857142857 0.14285714285714285 0.0 0.14285714285714285 0.14285714285714285 0.0 0.5 0.25 0.20833333333333334 0.0 0.041666666666666664 wanghe 10Сʱ_mousemovements
62.15829 0 833.5226745 736.854248 709.4857175 0 0 756.922119 801.428375 0 0 801.042847 598.6515909999999 121.537369 0 142.2982155 0.18181818181818182 0.0 0.0 0.09090909090909091 0.2727272727272727 0.09090909090909091 0.0 0.36363636363636365 148.58034973333335 0 144.39136966666666 0.9090909090909091 0.0 0.09090909090909091 0.45454545454545453 0.0 0.18181818181818182 0.09090909090909091 0.18181818181818182 0.0 0.0 0.09090909090909091 0.64 0.12 0.12 0.04 0.08 wanghe 10Сʱ_mousemovements
108.69824199999998 347.61486799999994 547.251602 0 0 1413.0073240000002 0 783.036458 1058.2476803333332 171.05456175 598.577942 796.961731 0 322.5180456666667 772.463485 88.980972 0.2 0.26666666666666666 0.06666666666666667 0.06666666666666667 0.0 0.2 0.13333333333333333 0.06666666666666667 106.15349663888888 15.873015 502.32051824999996 0.8 0.022222222222222223 0.17777777777777778 0.3333333333333333 0.2 0.13333333333333333 0.0 0.0 0.13333333333333333 0.0 0.2 0.5476190476190477 0.21428571428571427 0.09523809523809523 0.09523809523809523 0.047619047619047616 wanghe 10Сʱ_mousemovements
0 115.177109 1313.039795 1050.0513 0 0 0 0 0 591.621887 0 0 1508.480713 0 714.1084519999999 0 0.0 0.25 0.0 0.0 0.25 0.0 0.5 0.0 504.04564342857145 0 0 1.0 0.0 0.0 0.0 0.25 0.25 0.5 0.0 0.0 0.0 0.0 0.16666666666666666 0.3333333333333333 0.3333333333333333 0.0 0.16666666666666666 wanghe 10Сʱ_mousemovements
266.4081358 0 0 0 0 0 0 0 0 125.0 0 384.47019150000006 250.0 0 0 188.100296 0.0 0.2 0.0 0.4 0.2 0.0 0.0 0.2 83.25254243750001 0 0 1.0 0.0 0.0 1.0 0.0 0.0 0.0 0.0 0.0 0.0 0.0 0.5 0.3333333333333333 0.08333333333333333 0.08333333333333333 0.0 wanghe 10Сʱ_mousemovements
136.89533164285714 278.66630575 369.668182 563.143188 734.006104 0 0 633.31366 0 149.92167666666668 180.8915585 287.971844 369.47856525 30.686083 0 291.82423157142864 0.0 0.13636363636363635 0.18181818181818182 0.09090909090909091 0.18181818181818182 0.09090909090909091 0.0 0.3181818181818182 71.94332044642856 121.223943 187.7666452 0.875 0.046875 0.078125 0.6363636363636364 0.18181818181818182 0.045454545454545456 0.045454545454545456 0.045454545454545456 0.0 0.0 0.045454545454545456 0.4745762711864407 0.3220338983050847 0.0847457627118644 0.1016949152542373 0.01694915254237288 wanghe 10Сʱ_mousemovements
140.80318825 194.8024496666667 0 1223.333908 0 918.940613 0 965.012085 0 234.301758 794.1198575000001 0 1946.832764 366.5273846666667 360.7796135 85.106384 0.0 0.08333333333333333 0.16666666666666666 0.0 0.08333333333333333 0.25 0.3333333333333333 0.08333333333333333 168.27530010000004 191.9550705 965.012085 0.9090909090909091 0.06060606060606061 0.030303030303030304 0.3333333333333333 0.25 0.0 0.16666666666666666 0.0 0.16666666666666666 0.0 0.08333333333333333 0.5555555555555556 0.1111111111111111 0.1111111111111111 0.1111111111111111 0.1111111111111111 wanghe 10Сʱ_mousemovements
65.9178175 775.91864 579.958878 96.134575 0 814.44458 1020.205811 0 0 0 397.330596 814.44458 83.11219 516.499494 170.075821 273.36709920000004 0.0 0.0 0.16666666666666666 0.08333333333333333 0.08333333333333333 0.16666666666666666 0.08333333333333333 0.4166666666666667 68.70612572413793 40.309250666666664 537.18071725 0.8055555555555556 0.08333333333333333 0.1111111111111111 0.5 0.08333333333333333 0.16666666666666666 0.08333333333333333 0.0 0.08333333333333333 0.08333333333333333 0.0 0.5454545454545454 0.2727272727272727 0.06060606060606061 0.09090909090909091 0.030303030303030304 wanghe 10Сʱ_mousemovements
133.13182921052632 2858.120605 366.498566 0 807.06958 0 0 0 1468.7428435 219.645279 150.7137565 0 118.9814052857143 359.8938293333333 97.29038733333334 239.276703 0.09090909090909091 0.18181818181818182 0.09090909090909091 0.0 0.3181818181818182 0.13636363636363635 0.13636363636363635 0.045454545454545456 120.294077962963 21.77109866666667 0 0.9473684210526315 0.05263157894736842 0.0 0.8636363636363636 0.045454545454545456 0.045454545454545456 0.0 0.045454545454545456 0.0 0.0 0.0 0.6037735849056604 0.24528301886792453 0.05660377358490566 0.05660377358490566 0.03773584905660377 wanghe 10Сʱ_mousemovements
116.27638930769233 326.6422235 0 341.97005199999995 281.385193 0 0 0 308.315216 103.50432540000001 503.991196 0 158.99330525 279.933105 0 120.40788266666668 0.05263157894736842 0.2631578947368421 0.10526315789473684 0.0 0.21052631578947367 0.05263157894736842 0.0 0.3157894736842105 62.9264904893617 182.1745415 37.569680250000005 0.8867924528301887 0.03773584905660377 0.07547169811320754 0.6842105263157895 0.10526315789473684 0.0 0.15789473684210525 0.05263157894736842 0.0 0.0 0.0 0.4782608695652174 0.2826086956521739 0.17391304347826086 0.06521739130434782 0.0 wanghe 10Сʱ_mousemovements
36.401825 674.9698485 0 0 0 0 0 0 0 0 831.158508 36.401825 0 0 518.781189 0 0.0 0.0 0.3333333333333333 0.3333333333333333 0.0 0.0 0.3333333333333333 0.0 149.99329966666667 0 36.401825 0.9 0.0 0.1 0.3333333333333333 0.6666666666666666 0.0 0.0 0.0 0.0 0.0 0.0 0.25 0.5 0.25 0.0 0.0 wanghe 10Сʱ_mousemovements
152.84845305555552 395.67097000000007 416.9004823333333 699.1520385 0 518.826904 1120.705688 575.6804500000001 320.0809310000001 166.3899292 364.69294983333333 0 246.20570866666665 372.8553518333333 596.11412 196.56486800000002 0.16666666666666666 0.16666666666666666 0.2 0.0 0.1 0.2 0.06666666666666667 0.1 81.3510853125 44.4916765 347.63923787499994 0.8888888888888888 0.022222222222222223 0.08888888888888889 0.6 0.1 0.1 0.06666666666666667 0.0 0.03333333333333333 0.03333333333333333 0.06666666666666667 0.5903614457831325 0.24096385542168675 0.07228915662650602 0.060240963855421686 0.03614457831325301 wanghe 10Сʱ_mousemovements
102.124745 165.692398 293.9422 694.0971926 0 0 0 1402.1333009999998 1268.782227 0 565.062073 391.12404150000003 108.9036065 169.299984 1123.6856995 381.6721956666667 0.06666666666666667 0.0 0.06666666666666667 0.26666666666666666 0.13333333333333333 0.13333333333333333 0.13333333333333333 0.2 76.46099148780488 0 601.7478545714285 0.8541666666666666 0.0 0.14583333333333334 0.4 0.06666666666666667 0.06666666666666667 0.3333333333333333 0.0 0.0 0.0 0.13333333333333333 0.6976744186046512 0.046511627906976744 0.16279069767441862 0.06976744186046512 0.023255813953488372 wanghe 10Сʱ_mousemovements
83.9341505 0 472.512421 715.745911 623.945435 0 0 0 134.135086 0 33.733215 0 715.745911 0 623.945435 472.512421 0.2 0.0 0.2 0.0 0.2 0.0 0.2 0.2 162.19490441666667 0 33.733215 0.9230769230769231 0.0 0.07692307692307693 0.4 0.0 0.2 0.2 0.2 0.0 0.0 0.0 0.4166666666666667 0.3333333333333333 0.16666666666666666 0.08333333333333333 0.0 wanghe 10Сʱ_mousemovements
83.28773774999999 326.90802300000007 0 359.615173 0 720.448059 1108.904297 0 351.90505220000006 10.638298 0 231.2143685 188.93626774999998 612.466324 8.086253 268.453278 0.3125 0.0625 0.0 0.125 0.25 0.125 0.0625 0.0625 108.24416938461538 10.638298 85.88288066666667 0.9069767441860465 0.023255813953488372 0.06976744186046512 0.5 0.3125 0.0 0.0625 0.0 0.0625 0.0625 0.0 0.47368421052631576 0.23684210526315788 0.18421052631578946 0.05263157894736842 0.05263157894736842 wanghe 10Сʱ_mousemovements
0 816.179626 582.143799 0 0 0 3306.897461 0 0 582.143799 0 0 0 3306.897461 816.179626 0 0.0 0.3333333333333333 0.0 0.0 0.0 0.3333333333333333 0.3333333333333333 0.0 427.74735327272725 0 0 1.0 0.0 0.0 0.0 0.3333333333333333 0.3333333333333333 0.0 0.0 0.0 0.3333333333333333 0.0 0.5 0.25 0.125 0.125 0.0 wanghe 10Сʱ_mousemovements
136.7915402857143 692.594543 328.706116 0 979.621338 1311.449951 0 0 0 6.369427 596.019928 119.349628 207.7505535 368.61771100000004 1311.449951 0 0.0 0.09090909090909091 0.18181818181818182 0.18181818181818182 0.18181818181818182 0.2727272727272727 0.09090909090909091 0.0 91.30221886666666 6.369427 381.11918425 0.8571428571428571 0.02857142857142857 0.11428571428571428 0.6363636363636364 0.09090909090909091 0.09090909090909091 0.0 0.09090909090909091 0.09090909090909091 0.0 0.0 0.5 0.26666666666666666 0.13333333333333333 0.1 0.0 wanghe 10Сʱ_mousemovements
228.92201449999996 469.412598 0 854.980713 0 0 0 0 0 293.75405866666665 0 0 854.980713 249.2204695 88.24157 375.0 0.0 0.375 0.0 0.0 0.125 0.25 0.125 0.125 166.8060660625 0 29.028341 0.9411764705882353 0.0 0.058823529411764705 0.75 0.125 0.0 0.125 0.0 0.0 0.0 0.0 0.35714285714285715 0.42857142857142855 0.14285714285714285 0.0 0.07142857142857142 wanghe 10Сʱ_mousemovements
177.7725595 419.6413166666667 0 769.8782043333334 0 0 542.729431 0 3.767568 283.66033685714285 381.9454446666667 0 0 914.2430420000001 481.148529 88.607597 0.06666666666666667 0.4666666666666667 0.2 0.0 0.0 0.13333333333333333 0.06666666666666667 0.06666666666666667 81.88919565714285 294.0298 248.5379036666667 0.7777777777777778 0.08888888888888889 0.13333333333333333 0.5333333333333333 0.2 0.0 0.2 0.0 0.0 0.06666666666666667 0.0 0.631578947368421 0.23684210526315788 0.10526315789473684 0.02631578947368421 0.0 wanghe 10Сʱ_mousemovements
188.86801312499998 0 946.939941 0 0 0 0 0 0 0 946.939941 373.603149 0 0 154.51073560000003 182.393639 0.0 0.0 0.1111111111111111 0.1111111111111111 0.0 0.0 0.5555555555555556 0.2222222222222222 136.54911366666667 0 0 1.0 0.0 0.0 0.8888888888888888 0.0 0.1111111111111111 0.0 0.0 0.0 0.0 0.0 0.6923076923076923 0.3076923076923077 0.0 0.0 0.0 wanghe 10Сʱ_mousemovements
161.90849680000002 0 0 0 429.980194 0 0 0 309.8667295 144.767044 0 0 221.381241 237.511902 0 16.129032 0.3333333333333333 0.16666666666666666 0.0 0.0 0.16666666666666666 0.16666666666666666 0.0 0.16666666666666666 53.969498933333334 0 429.980194 0.9375 0.0 0.0625 0.8333333333333334 0.0 0.0 0.0 0.16666666666666666 0.0 0.0 0.0 0.7333333333333333 0.13333333333333333 0.13333333333333333 0.0 0.0 wanghe 10Сʱ_mousemovements
133.4625245 174.845856 476.762817 0 0 0 0 0 0 0 476.762817 174.845856 127.932465 138.992584 0 0 0.0 0.0 0.25 0.25 0.25 0.25 0.0 0.0 60.4695282 138.992584 174.845856 0.8333333333333334 0.08333333333333333 0.08333333333333333 0.5 0.25 0.25 0.0 0.0 0.0 0.0 0.0 0.5 0.2 0.1 0.1 0.1 wanghe 10Сʱ_mousemovements
116.34816866666667 0 185.371155 0 0 1040.713379 0 0 0 582.8566895 32.850475 191.194031 185.371155 0 0 0 0.0 0.4 0.2 0.2 0.2 0.0 0.0 0.0 75.383745 0 109.110815 0.9 0.0 0.1 0.6 0.0 0.2 0.0 0.0 0.2 0.0 0.0 0.5333333333333333 0.4 0.06666666666666667 0.0 0.0 wanghe 10Сʱ_mousemovements
47.1055765 505.98022449999996 378.999908 404.778625 0 327.655121 0 0 0 0 341.93584766666663 0 0 404.778625 353.3275145 80.364059 0.0 0.0 0.42857142857142855 0.0 0.0 0.14285714285714285 0.2857142857142857 0.14285714285714285 146.91721079999996 0 13.847094 0.9375 0.0 0.0625 0.2857142857142857 0.2857142857142857 0.14285714285714285 0.14285714285714285 0.0 0.14285714285714285 0.0 0.0 0.3076923076923077 0.3076923076923077 0.23076923076923078 0.07692307692307693 0.07692307692307693 wanghe 10Сʱ_mousemovements
98.65068166666666 210.41687 327.2589316666667 659.720459 362.706696 0 710.9096985 1228.9907225 450.31499499999995 210.41687 803.43634 290.421748 349.2936753 48.904125 8.222172 241.29597616666663 0.11538461538461539 0.038461538461538464 0.038461538461538464 0.11538461538461539 0.38461538461538464 0.038461538461538464 0.038461538461538464 0.23076923076923078 84.69355165277778 25.641026 191.8477819090909 0.8571428571428571 0.011904761904761904 0.13095238095238096 0.5769230769230769 0.038461538461538464 0.11538461538461539 0.07692307692307693 0.038461538461538464 0.0 0.07692307692307693 0.07692307692307693 0.6493506493506493 0.18181818181818182 0.1038961038961039 0.012987012987012988 0.05194805194805195 wanghe 10Сʱ_mousemovements
172.7763405714286 270.773102 434.265381 375.348022 1742.094238 0 920.989868 0 576.8265075 0 93.460876 179.129974 270.773102 611.8122093333333 920.989868 166.48717733333334 0.16666666666666666 0.0 0.08333333333333333 0.08333333333333333 0.08333333333333333 0.25 0.08333333333333333 0.25 178.78713873076924 179.129974 62.654707 0.896551724137931 0.034482758620689655 0.06896551724137931 0.5833333333333334 0.08333333333333333 0.08333333333333333 0.08333333333333333 0.08333333333333333 0.0 0.08333333333333333 0.0 0.4782608695652174 0.2608695652173913 0.13043478260869565 0.08695652173913043 0.043478260869565216 wanghe 10Сʱ_mousemovements
0 0 0 0 0 0 0 0 0 0 0 0 0 0 0 0 0 0 0 0 0 0 0 0 0 0 0 0 0 0 0 0 0 0 0 0 0 0 0 0 0 0 0 wanghe 10Сʱ_mousemovements
61.5923 0 0 397.19986 940.371094 0 0 667.145752 0 8.0 667.145752 160.903885 0 0 0 451.14798966666666 0.0 0.16666666666666666 0.16666666666666666 0.16666666666666666 0.0 0.0 0.0 0.5 108.22599073333335 8.0 279.0518725 0.8333333333333334 0.05555555555555555 0.1111111111111111 0.5 0.0 0.0 0.16666666666666666 0.16666666666666666 0.0 0.0 0.16666666666666666 0.7857142857142857 0.0 0.14285714285714285 0.07142857142857142 0.0 wanghe 10Сʱ_mousemovements
324.5024702105263 438.45241300000004 0 1995.779907 0 1246.504517 0 0 0 921.32537825 383.5767578 235.221741 44.814329 295.66860399999996 535.330527 104.826714 0.0 0.16666666666666666 0.20833333333333334 0.041666666666666664 0.08333333333333333 0.20833333333333334 0.25 0.041666666666666664 204.27252242307694 24.387239 25.54339733333333 0.9285714285714286 0.017857142857142856 0.05357142857142857 0.7916666666666666 0.125 0.0 0.041666666666666664 0.0 0.041666666666666664 0.0 0.0 0.5882352941176471 0.3137254901960784 0.09803921568627451 0.0 0.0 wanghe 10Сʱ_mousemovements
47.85348033333333 530.8000485 0 0 373.761261 0 1257.979004 0 0 309.35829 15.957447 451.974426 246.136673 1257.979004 0 0 0.0 0.2857142857142857 0.14285714285714285 0.14285714285714285 0.2857142857142857 0.14285714285714285 0.0 0.0 174.14937042857144 9.090909 194.859354 0.8235294117647058 0.058823529411764705 0.11764705882352941 0.42857142857142855 0.2857142857142857 0.0 0.0 0.14285714285714285 0.0 0.14285714285714285 0.0 0.5333333333333333 0.3333333333333333 0.06666666666666667 0.0 0.06666666666666667 wanghe 10Сʱ_mousemovements
115.30404853846154 786.565262 998.6453855 319.8387755 0 0 0 0 0 214.39190471428574 355.0868476666667 0 449.379669 121.615135 396.9591524999999 190.297882 0.0 0.3684210526315789 0.15789473684210525 0.0 0.05263157894736842 0.05263157894736842 0.3157894736842105 0.05263157894736842 98.21591319230768 41.356456 159.251541 0.896551724137931 0.05172413793103448 0.05172413793103448 0.6842105263157895 0.10526315789473684 0.10526315789473684 0.10526315789473684 0.0 0.0 0.0 0.0 0.5625 0.3125 0.041666666666666664 0.08333333333333333 0.0 wanghe 10Сʱ_mousemovements
122.62869045000002 417.0479775 0 2168.46582 0 1175.6549224999999 2776.116943 0 10.329582 458.75300025 1254.96614675 0 109.89049779999998 59.754292 321.8000723333333 80.644508 0.03571428571428571 0.14285714285714285 0.14285714285714285 0.0 0.17857142857142858 0.03571428571428571 0.42857142857142855 0.03571428571428571 144.63361956756756 29.441624 97.76126499999998 0.9024390243902439 0.012195121951219513 0.08536585365853659 0.7142857142857143 0.14285714285714285 0.0 0.03571428571428571 0.0 0.07142857142857142 0.03571428571428571 0.0 0.5921052631578947 0.25 0.06578947368421052 0.02631578947368421 0.06578947368421052 wanghe 10Сʱ_mousemovements
87.255724 327.6552366 334.19237266666664 0 829.7325745 733.224548 585.60553 889.960693 174.813583 318.808553 656.7010495 0 471.13020179999995 516.111145 316.99631300000004 733.224548 0.06666666666666667 0.2 0.13333333333333333 0.0 0.3333333333333333 0.06666666666666667 0.13333333333333333 0.06666666666666667 83.93762472727272 0 373.79564762499996 0.8461538461538461 0.0 0.15384615384615385 0.13333333333333333 0.3333333333333333 0.2 0.0 0.13333333333333333 0.06666666666666667 0.06666666666666667 0.06666666666666667 0.5208333333333334 0.25 0.0625 0.125 0.041666666666666664 wanghe 10Сʱ_mousemovements
0 0 2484.958008 506.301971 0 0 0 0 2484.958008 0 0 0 0 0 506.301971 0 0.5 0.0 0.0 0.0 0.0 0.0 0.5 0.0 1242.479004 0 506.301971 0.6666666666666666 0.0 0.3333333333333333 0.0 0.0 0.5 0.5 0.0 0.0 0.0 0.0 0.3333333333333333 0.3333333333333333 0.0 0.3333333333333333 0.0 wanghe 10Сʱ_mousemovements
97.37821261538463 270.6215946666667 330.12431300000003 306.614899 0 819.5716350000001 1267.9739989999998 0 54.458599666666665 264.754242 438.09848 544.4397989999999 483.00035119999995 360.78559866666666 101.2640278 512.0271223333333 0.125 0.041666666666666664 0.041666666666666664 0.125 0.20833333333333334 0.125 0.20833333333333334 0.125 126.87377569491525 11.7294055 132.57409975000002 0.9076923076923077 0.03076923076923077 0.06153846153846154 0.5416666666666666 0.125 0.08333333333333333 0.041666666666666664 0.0 0.125 0.08333333333333333 0.0 0.43103448275862066 0.25862068965517243 0.10344827586206896 0.1724137931034483 0.034482758620689655 wanghe 10Сʱ_mousemovements
62.37059961538462 242.578074 121.666908 443.0091555 453.519928 0 0 0 430.75888050000003 0 227.6520655 121.40459566666668 64.339777 0 71.690237 131.14027185714286 0.1 0.0 0.1 0.15 0.2 0.0 0.1 0.35 41.749207950000006 0 70.68638385714286 0.8955223880597015 0.0 0.1044776119402985 0.65 0.15 0.05 0.1 0.05 0.0 0.0 0.0 0.5 0.21666666666666667 0.06666666666666667 0.15 0.06666666666666667 wanghe 10Сʱ_mousemovements
126.63555450000001 285.7153705 477.9190888 1066.015625 843.171295 0 897.60968 647.487091 338.057068 332.33690699999994 548.77830525 152.90309899999997 326.45710099999997 343.36499 177.14738540000002 316.596686 0.02702702702702703 0.1891891891891892 0.10810810810810811 0.08108108108108109 0.08108108108108109 0.02702702702702703 0.2702702702702703 0.21621621621621623 128.3665512647059 163.92294700000002 213.76709100000002 0.85 0.0875 0.0625 0.6486486486486487 0.05405405405405406 0.13513513513513514 0.02702702702702703 0.05405405405405406 0.0 0.02702702702702703 0.05405405405405406 0.5064935064935064 0.2857142857142857 0.09090909090909091 0.03896103896103896 0.07792207792207792 wanghe 10Сʱ_mousemovements
262.35952166666664 449.709244 960.261414 615.200806 699.84906 0 0 863.6122129999999 0 586.83255 591.4466745 0 10.638298 961.3294980000001 308.01639575 186.12507133333335 0.0 0.125 0.25 0.0 0.0625 0.125 0.25 0.1875 176.03396802857142 0 220.4002016 0.875 0.0 0.125 0.5625 0.125 0.0625 0.0625 0.0625 0.0 0.0 0.125 0.6363636363636364 0.15151515151515152 0.09090909090909091 0.12121212121212122 0.0 wanghe 10Сʱ_mousemovements
74.86087983333333 0 591.725342 751.9618835 709.1234233333333 707.6586915 1114.489136 0 163.332809 538.942332 753.069336 0 207.0700112 752.362183 342.6879825 350.44283699999994 0.19047619047619047 0.14285714285714285 0.09523809523809523 0.0 0.23809523809523808 0.047619047619047616 0.09523809523809523 0.19047619047619047 99.38400208064516 92.6693155 186.28709942857145 0.8732394366197183 0.028169014084507043 0.09859154929577464 0.5714285714285714 0.0 0.047619047619047616 0.09523809523809523 0.14285714285714285 0.09523809523809523 0.047619047619047616 0.0 0.5538461538461539 0.26153846153846155 0.1076923076923077 0.07692307692307693 0.0 wanghe 10Сʱ_mousemovements
61.146145749999995 374.05694887500005 409.2007753333334 630.451477 688.7139285000001 780.0713499999999 633.615387 822.502869 822.502869 344.14633516666663 278.5364153333333 688.3064066666667 337.1500138 541.192566 228.75500875 359.277686 0.037037037037037035 0.2222222222222222 0.1111111111111111 0.1111111111111111 0.18518518518518517 0.037037037037037035 0.14814814814814814 0.14814814814814814 112.22903123188405 194.69603825000002 263.4850645714286 0.8625 0.05 0.0875 0.2962962962962963 0.2962962962962963 0.1111111111111111 0.037037037037037035 0.07407407407407407 0.07407407407407407 0.07407407407407407 0.037037037037037035 0.5263157894736842 0.17105263157894737 0.10526315789473684 0.11842105263157894 0.07894736842105263 wanghe 10Сʱ_mousemovements
110.07176085714285 371.2428016666666 413.43714950000003 289.594452 0 739.044108 722.717407 319.908356 458.15856575 615.56044775 195.595047 202.83076966666667 213.97770666666668 119.917351 135.395294 172.922577 0.14285714285714285 0.14285714285714285 0.03571428571428571 0.10714285714285714 0.32142857142857145 0.03571428571428571 0.03571428571428571 0.17857142857142858 72.04812095121953 0 172.0571063076923 0.8631578947368421 0.0 0.1368421052631579 0.5 0.21428571428571427 0.07142857142857142 0.03571428571428571 0.0 0.10714285714285714 0.03571428571428571 0.03571428571428571 0.4431818181818182 0.3977272727272727 0.06818181818181818 0.03409090909090909 0.056818181818181816 wanghe 10Сʱ_mousemovements
150.91117407692306 571.1522465714286 363.65213 591.1687623333333 849.409363 508.098145 964.343994 1818.354858 363.65213 324.54767499999997 659.946899 311.11976799999997 437.1570004285714 1296.8538205 419.7457416666666 117.59637033333333 0.034482758620689655 0.10344827586206896 0.10344827586206896 0.13793103448275862 0.2413793103448276 0.06896551724137931 0.20689655172413793 0.10344827586206896 87.10598629761905 0 384.65215200000006 0.8484848484848485 0.0 0.15151515151515152 0.4482758620689655 0.2413793103448276 0.034482758620689655 0.10344827586206896 0.06896551724137931 0.034482758620689655 0.034482758620689655 0.034482758620689655 0.6129032258064516 0.17204301075268819 0.16129032258064516 0.03225806451612903 0.021505376344086023 wanghe 10Сʱ_mousemovements
157.37271477272722 264.93211866666667 415.142181 469.99436950000006 726.4842588 0 980.5801085 0 832.0261380000001 423.70042500000005 189.09171871428572 186.23115800000002 288.85595309999997 319.2701035 159.458584 0 0.05714285714285714 0.2571428571428571 0.2 0.08571428571428572 0.2857142857142857 0.05714285714285714 0.05714285714285714 0.0 78.7584034893617 25.71461 264.254296 0.8392857142857143 0.03571428571428571 0.125 0.6285714285714286 0.08571428571428572 0.02857142857142857 0.05714285714285714 0.14285714285714285 0.0 0.05714285714285714 0.0 0.6153846153846154 0.23076923076923078 0.057692307692307696 0.038461538461538464 0.057692307692307696 wanghe 10Сʱ_mousemovements
447.7376648571429 431.887512 0 0 0 0 0 1055.456055 0 1055.456055 443.454315 0 644.2684323333333 0 385.958903 31.914845 0.0 0.1111111111111111 0.1111111111111111 0.0 0.3333333333333333 0.0 0.3333333333333333 0.1111111111111111 208.61783527272726 0 31.914845 0.9565217391304348 0.0 0.043478260869565216 0.7777777777777778 0.1111111111111111 0.0 0.0 0.0 0.0 0.0 0.1111111111111111 0.47058823529411764 0.29411764705882354 0.11764705882352941 0.11764705882352941 0.0 wanghe 10Сʱ_mousemovements
151.80830791666668 369.7475736666667 426.754639 445.565308 866.6160885 2431.893311 0 756.809387 353.3046875 890.8222176666667 470.6374355 204.32705666666666 133.333328 551.300771 331.973634 12.787724 0.09523809523809523 0.14285714285714285 0.09523809523809523 0.14285714285714285 0.047619047619047616 0.14285714285714285 0.2857142857142857 0.047619047619047616 121.10714885 8.0 207.25261528571428 0.8823529411764706 0.014705882352941176 0.10294117647058823 0.5714285714285714 0.14285714285714285 0.047619047619047616 0.047619047619047616 0.09523809523809523 0.047619047619047616 0.0 0.047619047619047616 0.5161290322580645 0.25806451612903225 0.12903225806451613 0.06451612903225806 0.03225806451612903 wanghe 10Сʱ_mousemovements
154.24541370588236 313.7041796 465.6417033333334 0 706.283142 1067.0078735 0 0 413.6379046 346.423729 290.58060966666665 106.553558 554.05543125 193.8176528 96.289192 87.56790500000001 0.17857142857142858 0.17857142857142858 0.10714285714285714 0.03571428571428571 0.14285714285714285 0.17857142857142858 0.10714285714285714 0.07142857142857142 87.2227784225352 26.070277 236.7576171111111 0.8452380952380952 0.047619047619047616 0.10714285714285714 0.6071428571428571 0.17857142857142858 0.10714285714285714 0.0 0.03571428571428571 0.07142857142857142 0.0 0.0 0.575 0.2625 0.075 0.075 0.0125 wanghe 10Сʱ_mousemovements
179.025818 0 0 546.04187 0 0 0 0 179.025818 0 0 0 0 546.04187 0 0 0.5 0.0 0.0 0.0 0.0 0.5 0.0 0.0 103.58109828571428 0 0 1.0 0.0 0.0 0.5 0.0 0.0 0.5 0.0 0.0 0.0 0.0 0.5 0.16666666666666666 0.3333333333333333 0.0 0.0 wanghe 10Сʱ_mousemovements
0 0 0 0 0 0 0 0 0 0 0 0 0 0 0 0 0 0 0 0 0 0 0 0 0 0 0 0 0 0 0 0 0 0 0 0 0 0 0 0 0 0 0 wanghe 10Сʱ_mousemovements
0 0 0 0 0 0 0 0 0 0 0 0 0 0 0 0 0 0 0 0 0 0 0 0 0.0 0 0 1.0 0.0 0.0 0 0 0 0 0 0 0 0 1.0 0.0 0.0 0.0 0.0 wanghe 10Сʱ_mousemovements
0 0 357.271271 639.554138 575.332581 0 0 0 607.4433595 0 0 357.271271 0 0 0 0 0.6666666666666666 0.0 0.0 0.3333333333333333 0.0 0.0 0.0 0.0 45.68243842857142 0 466.301926 0.875 0.0 0.125 0.0 0.0 0.3333333333333333 0.3333333333333333 0.3333333333333333 0.0 0.0 0.0 0.6666666666666666 0.0 0.13333333333333333 0.13333333333333333 0.06666666666666667 wanghe 10Сʱ_mousemovements
118.50317041666666 260.5885593333333 280.45648950000003 428.081207 1996.366211 0 621.05188 1236.5708315 516.1835988333333 275.406433 190.18066366666667 241.85006333333334 104.98686175 1212.223709 246.288788 285.3005675 0.2222222222222222 0.037037037037037035 0.1111111111111111 0.2222222222222222 0.14814814814814814 0.07407407407407407 0.037037037037037035 0.14814814814814814 78.56631139999999 0 222.7154272 0.8421052631578947 0.0 0.15789473684210525 0.4444444444444444 0.2222222222222222 0.14814814814814814 0.037037037037037035 0.037037037037037035 0.0 0.037037037037037035 0.07407407407407407 0.5977011494252874 0.19540229885057472 0.13793103448275862 0.06896551724137931 0.0 wanghe 10Сʱ_mousemovements
117.40182079999997 228.36078899999998 411.749023 567.3808745 324.500092 0 0 261.516052 0 225.78519733333334 203.22620879999997 341.3556365 151.512743 0 797.177734 83.20659766666667 0.0 0.3157894736842105 0.2631578947368421 0.10526315789473684 0.10526315789473684 0.0 0.05263157894736842 0.15789473684210525 61.807794055555554 105.28199966666666 124.98493933333334 0.8571428571428571 0.047619047619047616 0.09523809523809523 0.5263157894736842 0.15789473684210525 0.10526315789473684 0.10526315789473684 0.05263157894736842 0.0 0.0 0.05263157894736842 0.5172413793103449 0.27586206896551724 0.08620689655172414 0.05172413793103448 0.06896551724137931 wanghe 10Сʱ_mousemovements
143.7263314 204.029892 453.638733 407.132324 0 0 2217.343262 562.337097 377.3635255 168.40174866666666 92.393463 407.132324 2217.343262 172.675808 126.48823175000001 453.638733 0.13333333333333333 0.2 0.06666666666666667 0.06666666666666667 0.06666666666666667 0.13333333333333333 0.26666666666666666 0.06666666666666667 72.44932060465116 0 270.8029795 0.8431372549019608 0.0 0.1568627450980392 0.6666666666666666 0.06666666666666667 0.06666666666666667 0.06666666666666667 0.0 0.0 0.06666666666666667 0.06666666666666667 0.6739130434782609 0.06521739130434782 0.13043478260869565 0.06521739130434782 0.06521739130434782 wanghe 10Сʱ_mousemovements
136.798436 280.71726 540.0632935 0 1757.9381716666667 0 635.797668 0 394.118103 138.5508832 0 235.268898 610.849456857143 520.8190890000001 1087.1789855 58.96563433333333 0.043478260869565216 0.21739130434782608 0.0 0.08695652173913043 0.30434782608695654 0.13043478260869565 0.08695652173913043 0.13043478260869565 138.90436347540984 44.4411565 169.2885955714286 0.8714285714285714 0.02857142857142857 0.1 0.6086956521739131 0.13043478260869565 0.08695652173913043 0.0 0.13043478260869565 0.0 0.043478260869565216 0.0 0.5692307692307692 0.24615384615384617 0.09230769230769231 0.06153846153846154 0.03076923076923077 wanghe 10Сʱ_mousemovements
75.28621983333333 0 0 909.841003 588.9141845 1041.932983 0 0 0 398.7299446666666 57.009838 0 0 588.9141845 80.15021 909.841003 0.0 0.3 0.1 0.0 0.0 0.2 0.3 0.1 131.52741647826088 36.2352335 483.718628 0.8846153846153846 0.07692307692307693 0.038461538461538464 0.6 0.0 0.0 0.1 0.2 0.1 0.0 0.0 0.4782608695652174 0.30434782608695654 0.13043478260869565 0.0 0.08695652173913043 wanghe 10Сʱ_mousemovements
107.19443219999998 340.64834583333334 181.990463 915.2566526666666 0 81.390511 0 916.4953 637.3001462 66.666664 280.35180833333334 227.15100099999998 245.42780066666668 166.666183 32.08556 297.2431295 0.22727272727272727 0.045454545454545456 0.13636363636363635 0.13636363636363635 0.2727272727272727 0.045454545454545456 0.045454545454545456 0.09090909090909091 115.82635677358488 81.390511 164.2586418 0.8983050847457628 0.01694915254237288 0.0847457627118644 0.45454545454545453 0.2727272727272727 0.045454545454545456 0.13636363636363635 0.0 0.045454545454545456 0.0 0.045454545454545456 0.6153846153846154 0.15384615384615385 0.11538461538461539 0.07692307692307693 0.038461538461538464 wanghe 10Сʱ_mousemovements
141.48121154545453 521.04787075 0 389.9816083333333 813.9666440000001 819.576172 0 0 720.777565 220.77012175000002 683.473165 325.268677 71.71756785714285 343.561539 1000.7608945000001 186.523636 0.09090909090909091 0.18181818181818182 0.13636363636363635 0.045454545454545456 0.3181818181818182 0.09090909090909091 0.09090909090909091 0.045454545454545456 83.19481172881356 174.826874 332.6882778888889 0.855072463768116 0.014492753623188406 0.13043478260869565 0.5 0.18181818181818182 0.0 0.13636363636363635 0.09090909090909091 0.09090909090909091 0.0 0.0 0.6190476190476191 0.19047619047619047 0.07936507936507936 0.09523809523809523 0.015873015873015872 wanghe 10Сʱ_mousemovements
0 0 0 0 0 0 0 0 0 0 0 0 0 0 0 0 0 0 0 0 0 0 0 0 0 0 0 0 0 0 0 0 0 0 0 0 0 0 0 0 0 0 0 wanghe 10Сʱ_mousemovements
0 0 0 0 0 0 0 0 0 0 0 0 0 0 0 0 0 0 0 0 0 0 0 0 0 0 0 0 0 0 0 0 0 0 0 0 0 0 0 0 0 0 0 wanghe 10Сʱ_mousemovements
223.485931 0 250.10425550000002 627.229492 0 0 0 0 0 0 0 0 0 0 386.0349805 289.4269865 0.0 0.0 0.0 0.0 0.0 0.0 0.5 0.5 0.0 0 337.73098350000004 0.7894736842105263 0.0 0.21052631578947367 0.25 0.0 0.5 0.25 0.0 0.0 0.0 0.0 0.6428571428571429 0.21428571428571427 0.07142857142857142 0.07142857142857142 0.0 wanghe 10Сʱ_mousemovements
27.522936 0 318.145294 0 407.346771 0 0 0 0 27.522936 0 407.346771 0 0 0 318.145294 0.0 0.3333333333333333 0.0 0.3333333333333333 0.0 0.0 0.0 0.3333333333333333 3.058104 0 362.74603249999996 0.8181818181818182 0.0 0.18181818181818182 0.3333333333333333 0.0 0.3333333333333333 0.0 0.3333333333333333 0.0 0.0 0.0 0.8888888888888888 0.0 0.0 0.0 0.1111111111111111 wanghe 10Сʱ_mousemovements
177.64163442857142 496.79934325 417.969012 0 466.763329 1442.051819 0 0 1548.024414 158.393917 415.6181946666666 180.49273300000002 658.2843517499999 0 1004.103638 331.16381566666666 0.058823529411764705 0.11764705882352941 0.17647058823529413 0.17647058823529413 0.23529411764705882 0.0 0.058823529411764705 0.17647058823529413 113.41097019148937 18.348623 421.9374177142857 0.8545454545454545 0.01818181818181818 0.12727272727272726 0.3888888888888889 0.2222222222222222 0.16666666666666666 0.0 0.1111111111111111 0.1111111111111111 0.0 0.0 0.5869565217391305 0.2391304347826087 0.10869565217391304 0.06521739130434782 0.0 wanghe 10Сʱ_mousemovements
135.31529419999998 0 0 508.714264 0 0 604.429321 1099.054565 561.060991 0 19.07365 0 0 556.5717925 119.57535299999999 395.284698 0.25 0.0 0.125 0.0 0.0 0.25 0.25 0.125 75.36912908695652 0 288.821163 0.8518518518518519 0.0 0.14814814814814814 0.625 0.0 0.0 0.125 0.0 0.0 0.125 0.125 0.6 0.16 0.04 0.2 0.0 wanghe 10Сʱ_mousemovements
0 0 0 0 0 0 0 0 0 0 0 0 0 0 0 0 0 0 0 0 0 0 0 0 0 0 0 0 0 0 0 0 0 0 0 0 0 0 0 0 0 0 0 wanghe 10Сʱ_mousemovements
0 0 0 0 0 0 0 0 0 0 0 0 0 0 0 0 0 0 0 0 0 0 0 0 0 0 0 0 0 0 0 0 0 0 0 0 0 0 0 0 0 0 0 wanghe 10Сʱ_mousemovements
86.40967839999999 318.37172933333335 0 730.286865 0 0 0 0 0 387.3109205 115.6123005 0 90.932266 69.877121 316.93153866666665 0 0.0 0.2222222222222222 0.2222222222222222 0.0 0.1111111111111111 0.1111111111111111 0.3333333333333333 0.0 53.686917099999995 80.88903 85.1907804 0.8333333333333334 0.027777777777777776 0.1388888888888889 0.5555555555555556 0.3333333333333333 0.0 0.1111111111111111 0.0 0.0 0.0 0.0 0.53125 0.28125 0.125 0.03125 0.03125 wanghe 10Сʱ_mousemovements
0 0 0 461.436005 0 0 0 0 0 0 461.436005 0 0 0 0 0 0.0 0.0 1.0 0.0 0.0 0.0 0.0 0.0 0.0 0 461.436005 0.75 0.0 0.25 0.0 0.0 0.0 1.0 0.0 0.0 0.0 0.0 0.6666666666666666 0.0 0.0 0.3333333333333333 0.0 wanghe 10Сʱ_mousemovements
0 0 0 0 0 0 0 0 0 0 0 0 0 0 0 0 0 0 0 0 0 0 0 0 0 0 0 0 0 0 0 0 0 0 0 0 0 0 0 0 0 0 0 wanghe 10Сʱ_mousemovements
116.03250500000001 525.6131745 0 0 297.9952815 534.442627 1288.234497 632.974609 561.4003193333333 0 108.6308595 0 882.4799499999999 134.068451 534.442627 0 0.3333333333333333 0.0 0.2222222222222222 0.0 0.2222222222222222 0.1111111111111111 0.1111111111111111 0.0 85.01283366666667 119.26516 333.056697 0.8333333333333334 0.027777777777777776 0.1388888888888889 0.2222222222222222 0.2222222222222222 0.0 0.0 0.2222222222222222 0.1111111111111111 0.1111111111111111 0.1111111111111111 0.5862068965517241 0.2413793103448276 0.13793103448275862 0.0 0.034482758620689655 wanghe 10Сʱ_mousemovements
98.32210975000001 0 0 405.613892 0 401.538704 0 0 0 102.154939 228.280899 130.170929 232.21076200000002 0 574.796509 0 0.0 0.2857142857142857 0.14285714285714285 0.14285714285714285 0.2857142857142857 0.0 0.14285714285714285 0.0 81.37941843750001 120.550706 58.807632 0.8421052631578947 0.10526315789473684 0.05263157894736842 0.5714285714285714 0.0 0.0 0.14285714285714285 0.0 0.2857142857142857 0.0 0.0 0.6 0.2 0.06666666666666667 0.0 0.13333333333333333 wanghe 10Сʱ_mousemovements
75.347641 0 451.590622 397.006409 515.287476 0 0 776.99823 0 397.006409 776.99823 0 75.347641 483.107208 467.680756 0 0.0 0.16666666666666666 0.16666666666666666 0.0 0.16666666666666666 0.16666666666666666 0.3333333333333333 0.0 26.839289333333333 0 436.9427584 0.782608695652174 0.0 0.21739130434782608 0.16666666666666666 0.0 0.3333333333333333 0.16666666666666666 0.16666666666666666 0.0 0.0 0.16666666666666666 0.6666666666666666 0.09523809523809523 0.09523809523809523 0.047619047619047616 0.09523809523809523 wanghe 10Сʱ_mousemovements
127.41853259999998 231.8922955 346.406982 0 0 0 0 0 0 325.50679 48.399708 0 0 247.04981200000003 84.59044133333333 0 0.0 0.25 0.125 0.0 0.0 0.25 0.375 0.0 59.70211511111111 0 186.323082 0.9 0.0 0.1 0.625 0.25 0.125 0.0 0.0 0.0 0.0 0.0 0.5555555555555556 0.16666666666666666 0.16666666666666666 0.05555555555555555 0.05555555555555555 wanghe 10Сʱ_mousemovements
183.1409 0 544.121643 0 738.824036 0 0 0 0 183.1409 0 0 738.824036 544.121643 0 0 0.0 0.3333333333333333 0.0 0.0 0.3333333333333333 0.3333333333333333 0.0 0.0 45.343470249999996 0 460.982468 0.8571428571428571 0.0 0.14285714285714285 0.3333333333333333 0.0 0.3333333333333333 0.0 0.3333333333333333 0.0 0.0 0.0 0.7272727272727273 0.0 0.18181818181818182 0.09090909090909091 0.0 wanghe 10Сʱ_mousemovements
91.62769953333333 380.661133 471.25015233333335 181.543533 359.143402 0 0 255.524857 890.000793 340.69102499999997 317.591278 280.561951 31.0600375 71.963933 99.5597266 133.6480465 0.043478260869565216 0.17391304347826086 0.08695652173913043 0.043478260869565216 0.17391304347826086 0.17391304347826086 0.21739130434782608 0.08695652173913043 27.778902791666663 0 195.4682505833333 0.8571428571428571 0.0 0.14285714285714285 0.6521739130434783 0.08695652173913043 0.13043478260869565 0.043478260869565216 0.043478260869565216 0.0 0.0 0.043478260869565216 0.6216216216216216 0.2972972972972973 0.05405405405405406 0.02702702702702703 0.0 wanghe 10Сʱ_mousemovements
77.56622954545455 262.1474535 525.3886309999999 414.34878549999996 881.9048256666669 621.164063 825.959534 0 286.995422 427.325592 529.1168621666667 46.73572025 85.1943775 0 445.7963933749999 62.5 0.043478260869565216 0.043478260869565216 0.2608695652173913 0.17391304347826086 0.08695652173913043 0.0 0.34782608695652173 0.043478260869565216 97.92990377358491 45.149078 417.3906263333334 0.8412698412698413 0.06349206349206349 0.09523809523809523 0.4782608695652174 0.08695652173913043 0.13043478260869565 0.08695652173913043 0.13043478260869565 0.043478260869565216 0.043478260869565216 0.0 0.5614035087719298 0.22807017543859648 0.07017543859649122 0.03508771929824561 0.10526315789473684 wanghe 10Сʱ_mousemovements
233.48098 0 0 0 704.111023 0 778.656555 0 0 0 778.656555 0 294.968689 0 0 438.052147 0.0 0.0 0.25 0.0 0.25 0.0 0.0 0.5 58.370245 0.0 741.383789 0.7272727272727273 0.09090909090909091 0.18181818181818182 0.5 0.0 0.0 0.0 0.25 0.0 0.25 0.0 0.5454545454545454 0.2727272727272727 0.09090909090909091 0.0 0.09090909090909091 wanghe 10Сʱ_mousemovements
79.0211525 0 977.205658 916.610718 0 0 0 0 0 636.637146 0 738.411926 0 0 508.6890605 0 0.0 0.4 0.0 0.2 0.0 0.0 0.4 0.0 228.5991874615384 0 57.274902 0.9285714285714286 0.0 0.07142857142857142 0.4 0.0 0.4 0.2 0.0 0.0 0.0 0.0 0.6363636363636364 0.2727272727272727 0.09090909090909091 0.0 0.0 wanghe 10Сʱ_mousemovements
143.440923 299.43021957142855 0 429.367218 464.6946715 518.191711 0 0 268.13546733333334 0 356.1822266666666 268.5279296 66.666664 203.96936666666667 205.43382325 313.08271299999996 0.12 0.0 0.12 0.2 0.04 0.24 0.16 0.12 43.132221445945945 0.0 279.57042172727273 0.8604651162790697 0.011627906976744186 0.12790697674418605 0.52 0.28 0.0 0.08 0.08 0.04 0.0 0.0 0.6025641025641025 0.20512820512820512 0.08974358974358974 0.05128205128205128 0.05128205128205128 wanghe 10Сʱ_mousemovements
70.5244422 276.0870895 379.16294474999995 456.012024 0 432.652496 1052.30468775 610.556641 430.5562006 32.258064 0 183.64861299999998 464.5136171666666 0 1815.587769 188.4050966 0.22727272727272727 0.045454545454545456 0.0 0.18181818181818182 0.2727272727272727 0.0 0.045454545454545456 0.22727272727272727 82.08325936842107 51.966995749999995 449.48706562500007 0.8260869565217391 0.057971014492753624 0.11594202898550725 0.43478260869565216 0.08695652173913043 0.17391304347826086 0.043478260869565216 0.0 0.043478260869565216 0.17391304347826086 0.043478260869565216 0.6101694915254238 0.1694915254237288 0.11864406779661017 0.06779661016949153 0.03389830508474576 wanghe 10Сʱ_mousemovements
0 0 0 0 0 0 0 0 0 0 0 0 0 0 0 0 0 0 0 0 0 0 0 0 0 0 0 0 0 0 0 0 0 0 0 0 0 0 0 0 0 0 0 wanghe 10Сʱ_mousemovements
654.436747 346.24118 0 0 0 0 0 855.005615 1044.4759975 0 0 0 0 110.299713 855.005615 0 0.4 0.0 0.0 0.0 0.0 0.4 0.2 0.0 75.7700354347826 0 355.46155525 0.8518518518518519 0.0 0.14814814814814814 0.6 0.2 0.0 0.0 0.0 0.0 0.0 0.2 0.64 0.24 0.04 0.04 0.04 wanghe 10Сʱ_mousemovements
128.77463766666668 0 209.344559 0 0 0 0 0 119.798698 0 196.044983 70.480232 0 0 209.344559 0 0.25 0.0 0.25 0.25 0.0 0.0 0.25 0.0 0.0 0 148.91711800000002 0.8181818181818182 0.0 0.18181818181818182 0.75 0.0 0.25 0.0 0.0 0.0 0.0 0.0 0.5263157894736842 0.3684210526315789 0.05263157894736842 0.05263157894736842 0.0 wanghe 10Сʱ_mousemovements
132.10502535294117 486.150673 479.4216186 865.3993103999999 998.7640586666668 733.925476 2689.802979 1620.181885 424.50249640000004 790.87580875 1369.013489 276.621115 472.5457567142857 597.9552412 588.1376005555555 218.508927 0.11627906976744186 0.09302325581395349 0.046511627906976744 0.13953488372093023 0.16279069767441862 0.11627906976744186 0.20930232558139536 0.11627906976744186 103.10399769811322 118.36166700000001 564.6292194736843 0.8091603053435115 0.04580152671755725 0.1450381679389313 0.3953488372093023 0.18604651162790697 0.11627906976744186 0.11627906976744186 0.06976744186046512 0.06976744186046512 0.023255813953488372 0.023255813953488372 0.6666666666666666 0.18604651162790697 0.10077519379844961 0.031007751937984496 0.015503875968992248 wanghe 10Сʱ_mousemovements
277.0308 272.038475 391.989403 0 1326.50769 0 0 0 272.038475 0 0 0 0 459.632645 534.51351925 161.290329 0.2222222222222222 0.0 0.0 0.0 0.0 0.2222222222222222 0.4444444444444444 0.1111111111111111 36.93744 0 530.9126891999999 0.8571428571428571 0.0 0.14285714285714285 0.4444444444444444 0.2222222222222222 0.2222222222222222 0.0 0.1111111111111111 0.0 0.0 0.0 0.7666666666666667 0.06666666666666667 0.1 0.0 0.06666666666666667 wanghe 10Сʱ_mousemovements
59.1133 467.383911 738.984741 0 0 0 0 0 467.383911 0 738.984741 0 0 0 59.1133 0 0.3333333333333333 0.0 0.3333333333333333 0.0 0.0 0.0 0.3333333333333333 0.0 0.0 0 421.8273173333334 0.7692307692307693 0.0 0.23076923076923078 0.3333333333333333 0.3333333333333333 0.3333333333333333 0.0 0.0 0.0 0.0 0.0 0.6923076923076923 0.23076923076923078 0.07692307692307693 0.0 0.0 wanghe 10Сʱ_mousemovements
0 0 0 0 0 0 0 0 0 0 0 0 0 0 0 0 0 0 0 0 0 0 0 0 0 0 0 0 0 0 0 0 0 0 0 0 0 0 0 0 0 0 0 wanghe 10Сʱ_mousemovements
0 0 0 0 0 0 0 0 0 0 0 0 0 0 0 0 0 0 0 0 0 0 0 0 0 0 0 0 0 0 0 0 0 0 0 0 0 0 0 0 0 0 0 wanghe 10Сʱ_mousemovements
0 0 0 0 0 0 0 0 0 0 0 0 0 0 0 0 0 0 0 0 0 0 0 0 0 0 0 0 0 0 0 0 0 0 0 0 0 0 0 0 0 0 0 wanghe 10Сʱ_mousemovements
0 0 0 0 0 0 0 0 0 0 0 0 0 0 0 0 0 0 0 0 0 0 0 0 0 0 0 0 0 0 0 0 0 0 0 0 0 0 0 0 0 0 0 wanghe 10Сʱ_mousemovements
0 0 0 0 0 0 0 0 0 0 0 0 0 0 0 0 0 0 0 0 0 0 0 0 0 0 0 0 0 0 0 0 0 0 0 0 0 0 0 0 0 0 0 wanghe 10Сʱ_mousemovements
0 0 0 0 0 0 0 0 0 0 0 0 0 0 0 0 0 0 0 0 0 0 0 0 0 0 0 0 0 0 0 0 0 0 0 0 0 0 0 0 0 0 0 wanghe 10Сʱ_mousemovements
0 0 0 0 0 0 0 0 0 0 0 0 0 0 0 0 0 0 0 0 0 0 0 0 0 0 0 0 0 0 0 0 0 0 0 0 0 0 0 0 0 0 0 wanghe 10Сʱ_mousemovements
0 0 0 0 0 0 0 0 0 0 0 0 0 0 0 0 0 0 0 0 0 0 0 0 0 0 0 0 0 0 0 0 0 0 0 0 0 0 0 0 0 0 0 wanghe 10Сʱ_mousemovements
0 0 0 0 0 0 0 0 0 0 0 0 0 0 0 0 0 0 0 0 0 0 0 0 0 0 0 0 0 0 0 0 0 0 0 0 0 0 0 0 0 0 0 wanghe 10Сʱ_mousemovements
0 0 0 0 0 0 0 0 0 0 0 0 0 0 0 0 0 0 0 0 0 0 0 0 0 0 0 0 0 0 0 0 0 0 0 0 0 0 0 0 0 0 0 wanghe 10Сʱ_mousemovements
0 0 0 0 0 0 0 0 0 0 0 0 0 0 0 0 0 0 0 0 0 0 0 0 0 0 0 0 0 0 0 0 0 0 0 0 0 0 0 0 0 0 0 wanghe 10Сʱ_mousemovements
0 0 0 0 0 0 0 0 0 0 0 0 0 0 0 0 0 0 0 0 0 0 0 0 0 0 0 0 0 0 0 0 0 0 0 0 0 0 0 0 0 0 0 wanghe 10Сʱ_mousemovements
0 0 0 0 0 0 0 0 0 0 0 0 0 0 0 0 0 0 0 0 0 0 0 0 0 0 0 0 0 0 0 0 0 0 0 0 0 0 0 0 0 0 0 wanghe 10Сʱ_mousemovements
0 0 0 0 0 0 0 0 0 0 0 0 0 0 0 0 0 0 0 0 0 0 0 0 0 0 0 0 0 0 0 0 0 0 0 0 0 0 0 0 0 0 0 wanghe 10Сʱ_mousemovements
0 0 0 0 0 0 0 0 0 0 0 0 0 0 0 0 0 0 0 0 0 0 0 0 0 0 0 0 0 0 0 0 0 0 0 0 0 0 0 0 0 0 0 wanghe 10Сʱ_mousemovements
0 0 0 0 0 0 0 0 0 0 0 0 0 0 0 0 0 0 0 0 0 0 0 0 0 0 0 0 0 0 0 0 0 0 0 0 0 0 0 0 0 0 0 wanghe 10Сʱ_mousemovements
0 0 0 0 0 0 0 0 0 0 0 0 0 0 0 0 0 0 0 0 0 0 0 0 0 0 0 0 0 0 0 0 0 0 0 0 0 0 0 0 0 0 0 wanghe 10Сʱ_mousemovements
0 0 0 0 0 0 0 0 0 0 0 0 0 0 0 0 0 0 0 0 0 0 0 0 0 0 0 0 0 0 0 0 0 0 0 0 0 0 0 0 0 0 0 wanghe 10Сʱ_mousemovements
0 0 0 0 0 0 0 0 0 0 0 0 0 0 0 0 0 0 0 0 0 0 0 0 0 0 0 0 0 0 0 0 0 0 0 0 0 0 0 0 0 0 0 wanghe 10Сʱ_mousemovements
0 0 0 0 0 0 0 0 0 0 0 0 0 0 0 0 0 0 0 0 0 0 0 0 0 0 0 0 0 0 0 0 0 0 0 0 0 0 0 0 0 0 0 wanghe 10Сʱ_mousemovements
0 0 0 0 0 0 0 0 0 0 0 0 0 0 0 0 0 0 0 0 0 0 0 0 0 0 0 0 0 0 0 0 0 0 0 0 0 0 0 0 0 0 0 wanghe 10Сʱ_mousemovements
0 0 0 0 0 0 0 0 0 0 0 0 0 0 0 0 0 0 0 0 0 0 0 0 0 0 0 0 0 0 0 0 0 0 0 0 0 0 0 0 0 0 0 wanghe 10Сʱ_mousemovements
0 0 0 0 0 0 0 0 0 0 0 0 0 0 0 0 0 0 0 0 0 0 0 0 0 0 0 0 0 0 0 0 0 0 0 0 0 0 0 0 0 0 0 wanghe 10Сʱ_mousemovements
0 0 0 0 0 0 0 0 0 0 0 0 0 0 0 0 0 0 0 0 0 0 0 0 0 0 0 0 0 0 0 0 0 0 0 0 0 0 0 0 0 0 0 wanghe 10Сʱ_mousemovements
0 0 0 0 0 0 0 0 0 0 0 0 0 0 0 0 0 0 0 0 0 0 0 0 0 0 0 0 0 0 0 0 0 0 0 0 0 0 0 0 0 0 0 wanghe 10Сʱ_mousemovements
0 0 0 0 0 0 0 0 0 0 0 0 0 0 0 0 0 0 0 0 0 0 0 0 0 0 0 0 0 0 0 0 0 0 0 0 0 0 0 0 0 0 0 wanghe 10Сʱ_mousemovements
0 0 0 0 0 0 0 0 0 0 0 0 0 0 0 0 0 0 0 0 0 0 0 0 0 0 0 0 0 0 0 0 0 0 0 0 0 0 0 0 0 0 0 wanghe 10Сʱ_mousemovements
0 0 0 0 0 0 0 0 0 0 0 0 0 0 0 0 0 0 0 0 0 0 0 0 0 0 0 0 0 0 0 0 0 0 0 0 0 0 0 0 0 0 0 wanghe 10Сʱ_mousemovements
0 0 0 0 0 0 0 0 0 0 0 0 0 0 0 0 0 0 0 0 0 0 0 0 0 0 0 0 0 0 0 0 0 0 0 0 0 0 0 0 0 0 0 wanghe 10Сʱ_mousemovements
