87.0515857857143 367.85244 456.1296235 471.1008733333333 0 725.5286905 0 0 145.5432775 144.775453 471.1008733333333 576.676819 212.314087 281.8058776666667 550.922924 71.22758166666667 0.08 0.28 0.12 0.04 0.12 0.12 0.12 0.12 89.74664970149253 99.9282305 107.60589624999999 0.9178082191780822 0.0273972602739726 0.0547945205479452 0.56 0.08 0.16 0.12 0.0 0.08 0.0 0.0 0.5 0.24193548387096775 0.16129032258064516 0.06451612903225806 0.03225806451612903 leishengchuan 8Сʱ_mousemovements
180.54175066666667 410.0232436666667 727.6813656666667 421.48532099999994 1353.758301 1325.125 0 755.726074 0 245.014744625 461.52575557142853 198.05191000000002 0 194.71992999999998 687.5890036666666 384.49980057142864 0.0 0.21621621621621623 0.1891891891891892 0.08108108108108109 0.0 0.16216216216216217 0.16216216216216217 0.1891891891891892 145.91706904255318 15.637654 22.826384 0.9690721649484536 0.020618556701030927 0.010309278350515464 0.6486486486486487 0.08108108108108109 0.08108108108108109 0.08108108108108109 0.02702702702702703 0.05405405405405406 0.0 0.02702702702702703 0.5125 0.25 0.125 0.05 0.0625 leishengchuan 8Сʱ_mousemovements
147.1870028666667 331.15941825 0 401.324707 1151.330058 0 0 0 299.0738783333333 273.137840125 951.691162 260.75759525 120.70323179999998 180.01059966666665 619.4615689999999 163.47194254545454 0.07142857142857142 0.19047619047619047 0.023809523809523808 0.19047619047619047 0.11904761904761904 0.07142857142857142 0.07142857142857142 0.2619047619047619 74.14038842727273 13.878197199999999 192.5261857142857 0.8527131782945736 0.03875968992248062 0.10852713178294573 0.7142857142857143 0.19047619047619047 0.0 0.023809523809523808 0.07142857142857142 0.0 0.0 0.0 0.6050420168067226 0.18487394957983194 0.07563025210084033 0.09243697478991597 0.04201680672268908 leishengchuan 8Сʱ_mousemovements
98.01096720000001 0 0 0 0 0 0 0 0 64.516129 0 0 0 27.313709 57.4005545 283.423889 0.0 0.2 0.0 0.0 0.0 0.2 0.4 0.2 49.005483600000005 0 0 1.0 0.0 0.0 1.0 0.0 0.0 0.0 0.0 0.0 0.0 0.0 0.5555555555555556 0.1111111111111111 0.2222222222222222 0.0 0.1111111111111111 leishengchuan 8Сʱ_mousemovements
0 0 0 0 0 0 0 0 0 0 0 0 0 0 0 0 0 0 0 0 0 0 0 0 0 0 0 0 0 0 0 0 0 0 0 0 0 0 0 0 0 0 0 leishengchuan 8Сʱ_mousemovements
0 0 0 0 0 0 0 0 0 0 0 0 0 0 0 0 0 0 0 0 0 0 0 0 0 0 0 0 0 0 0 0 0 0 0 0 0 0 0 0 0 0 0 leishengchuan 8Сʱ_mousemovements
0 0 0 0 0 0 0 0 0 0 0 0 0 0 0 0 0 0 0 0 0 0 0 0 0 0 0 0 0 0 0 0 0 0 0 0 0 0 0 0 0 0 0 leishengchuan 8Сʱ_mousemovements
0 0 0 0 0 0 0 0 0 0 0 0 0 0 0 0 0 0 0 0 0 0 0 0 0 0 0 0 0 0 0 0 0 0 0 0 0 0 0 0 0 0 0 leishengchuan 8Сʱ_mousemovements
24.0 378.133362 198.354279 1239.135864 0 0 1177.654785 0 24.0 198.354279 0 0 0 777.8940735 0 1239.135864 0.2 0.2 0.0 0.0 0.0 0.4 0.0 0.2 230.25217615384616 0 24.0 0.9285714285714286 0.0 0.07142857142857142 0.2 0.2 0.2 0.2 0.0 0.0 0.2 0.0 0.0 0.8 0.1 0.1 0.0 leishengchuan 8Сʱ_mousemovements
153.132218125 527.7422945000001 0 483.07193 0 0 0 0 435.310028 483.07193 620.174561 0 0 140.70273400000002 138.83743233333334 245.734512 0.09090909090909091 0.09090909090909091 0.09090909090909091 0.0 0.0 0.36363636363636365 0.2727272727272727 0.09090909090909091 98.70050942857142 0 0 1.0 0.0 0.0 0.7272727272727273 0.18181818181818182 0.0 0.09090909090909091 0.0 0.0 0.0 0.0 0.5384615384615384 0.38461538461538464 0.0 0.07692307692307693 0.0 leishengchuan 8Сʱ_mousemovements
0 0 0 0 0 0 0 0 0 0 0 0 0 0 0 0 0 0 0 0 0 0 0 0 0 0 0 0 0 0 0 0 0 0 0 0 0 0 0 0 0 0 0 leishengchuan 8Сʱ_mousemovements
1277.443115 0 0 0 0 0 2806.513428 0 0 2806.513428 0 0 0 0 1277.443115 0 0.0 0.5 0.0 0.0 0.0 0.0 0.5 0.0 510.49456787500003 0 0 1.0 0.0 0.0 0.5 0.0 0.0 0.0 0.0 0.0 0.5 0.0 0.8571428571428571 0.14285714285714285 0.0 0.0 0.0 leishengchuan 8Сʱ_mousemovements
0 0 0 0 0 0 0 0 0 0 0 0 0 0 0 0 0 0 0 0 0 0 0 0 0 0 0 0 0 0 0 0 0 0 0 0 0 0 0 0 0 0 0 leishengchuan 8Сʱ_mousemovements
0 0 0 0 0 0 0 0 0 0 0 0 0 0 0 0 0 0 0 0 0 0 0 0 0 0 0 0 0 0 0 0 0 0 0 0 0 0 0 0 0 0 0 leishengchuan 8Сʱ_mousemovements
143.81561416666668 0 931.633667 0 0 0 0 820.416443 177.52425675 0 0 0 0 876.025055 76.398329 0 0.5 0.0 0.0 0.0 0.0 0.25 0.25 0.0 163.43398718749998 0 0 1.0 0.0 0.0 0.75 0.0 0.125 0.0 0.0 0.0 0.0 0.125 0.5384615384615384 0.07692307692307693 0.15384615384615385 0.07692307692307693 0.15384615384615385 leishengchuan 8Сʱ_mousemovements
94.28660400000001 0 475.171356 0 0 0 0 0 110.135918 145.200958 27.522936 0 0 475.171356 0 0 0.25 0.25 0.25 0.0 0.0 0.25 0.0 0.0 94.753896 0 0 1.0 0.0 0.0 0.75 0.0 0.25 0.0 0.0 0.0 0.0 0.0 0.3333333333333333 0.3333333333333333 0.16666666666666666 0.16666666666666666 0.0 leishengchuan 8Сʱ_mousemovements
132.56979300000003 1159.858643 501.5403493333334 998.3290813333334 1832.1405945 1046.306152 780.419861 0 263.232956 870.8999216666666 513.304405 1372.8660246666666 247.01223000000002 228.4875125 198.6516843333333 583.03921425 0.08 0.12 0.08 0.12 0.12 0.08 0.24 0.16 218.74025141818186 10.638298 193.0198226 0.9016393442622951 0.01639344262295082 0.08196721311475409 0.56 0.04 0.12 0.12 0.08 0.04 0.04 0.0 0.5892857142857143 0.19642857142857142 0.10714285714285714 0.08928571428571429 0.017857142857142856 leishengchuan 8Сʱ_mousemovements
248.93476999999996 432.5025742857143 855.1784815714284 258.242302 0 716.527832 598.003479 0 370.63421250000005 211.073125 818.22125725 271.62674450000003 213.463043 470.5512695 359.49045340000004 598.003479 0.13333333333333333 0.1 0.26666666666666666 0.2 0.03333333333333333 0.06666666666666667 0.16666666666666666 0.03333333333333333 93.2904325140187 69.3572025 286.1936456923077 0.8770491803278688 0.01639344262295082 0.10655737704918032 0.36666666666666664 0.23333333333333334 0.23333333333333334 0.1 0.0 0.03333333333333333 0.03333333333333333 0.0 0.5398230088495575 0.22123893805309736 0.168141592920354 0.035398230088495575 0.035398230088495575 leishengchuan 8Сʱ_mousemovements
100.19276331578949 874.104614 412.009644 411.482452 0 0 0 0 46.79224925 159.94378566666668 0 223.07351666666668 215.62318825000003 343.0448 80.645164 166.34141166666666 0.18181818181818182 0.2727272727272727 0.0 0.13636363636363635 0.18181818181818182 0.045454545454545456 0.045454545454545456 0.13636363636363635 49.72831277777778 7.092198 230.64165500000001 0.9545454545454546 0.015151515151515152 0.030303030303030304 0.8636363636363636 0.045454545454545456 0.045454545454545456 0.045454545454545456 0.0 0.0 0.0 0.0 0.7368421052631579 0.17543859649122806 0.03508771929824561 0.03508771929824561 0.017543859649122806 leishengchuan 8Сʱ_mousemovements
130.7458728 83.332535 428.7070462499999 0 0 657.259338 0 0 485.8822973333333 96.601578 270.94028199999997 0 125.28195199999999 227.62292466666668 82.79569599999999 148.3927 0.1875 0.0625 0.1875 0.0 0.125 0.1875 0.125 0.125 81.80171273913042 0.0 0.0 0.9583333333333334 0.020833333333333332 0.020833333333333332 0.625 0.0625 0.25 0.0 0.0 0.0625 0.0 0.0 0.5405405405405406 0.1891891891891892 0.13513513513513514 0.05405405405405406 0.08108108108108109 leishengchuan 8Сʱ_mousemovements
191.96236077777775 237.31748933333333 662.2434425 238.024673 635.167969 0 0 0 272.55658216666666 480.645233 211.85414916666664 253.3546215 416.966858 1201.20874 126.3154325 47.533716 0.24 0.04 0.24 0.08 0.04 0.04 0.24 0.08 90.66772712068965 92.09356540000002 322.87924449999997 0.8923076923076924 0.07692307692307693 0.03076923076923077 0.72 0.12 0.08 0.04 0.04 0.0 0.0 0.0 0.5 0.21428571428571427 0.19642857142857142 0.05357142857142857 0.03571428571428571 leishengchuan 8Сʱ_mousemovements
720.3222045 261.59433 0 0 0 0 0 0 261.59433 720.3222045 0 0 0 0 0 0 0.3333333333333333 0.6666666666666666 0.0 0.0 0.0 0.0 0.0 0.0 212.779842375 0 0 1.0 0.0 0.0 0.6666666666666666 0.3333333333333333 0.0 0.0 0.0 0.0 0.0 0.0 0.42857142857142855 0.2857142857142857 0.2857142857142857 0.0 0.0 leishengchuan 8Сʱ_mousemovements
0 0 0 0 0 0 0 0 0 0 0 0 0 0 0 0 0 0 0 0 0 0 0 0 0 0 0 0 0 0 0 0 0 0 0 0 0 0 0 0 0 0 0 leishengchuan 8Сʱ_mousemovements
0 0 0 0 0 0 0 0 0 0 0 0 0 0 0 0 0 0 0 0 0 0 0 0 0 0 0 0 0 0 0 0 0 0 0 0 0 0 0 0 0 0 0 leishengchuan 8Сʱ_mousemovements
108.6931042 392.932266 348.539215 851.7099304999999 0 0 1537.088745 875.299072 0 216.54757874999999 385.921356 1009.548767 348.539215 727.9202013333334 112.48234133333331 875.299072 0.0 0.2222222222222222 0.1111111111111111 0.05555555555555555 0.05555555555555555 0.16666666666666666 0.3333333333333333 0.05555555555555555 162.35805463414636 36.6972465 0.0 0.9318181818181818 0.045454545454545456 0.022727272727272728 0.5555555555555556 0.16666666666666666 0.05555555555555555 0.1111111111111111 0.0 0.0 0.05555555555555555 0.05555555555555555 0.5121951219512195 0.21951219512195122 0.0975609756097561 0.12195121951219512 0.04878048780487805 leishengchuan 8Сʱ_mousemovements
0 0 0 0 0 0 0 0 0 0 0 0 0 0 0 0 0 0 0 0 0 0 0 0 0 0 0 0 0 0 0 0 0 0 0 0 0 0 0 0 0 0 0 leishengchuan 8Сʱ_mousemovements
0 0 0 0 0 0 0 0 0 0 0 0 0 0 0 0 0 0 0 0 0 0 0 0 0 0 0 0 0 0 0 0 0 0 0 0 0 0 0 0 0 0 0 leishengchuan 8Сʱ_mousemovements
1800.28418 0 5501.682617 0 0 1580.551147 0 0 1580.551147 0 3650.9833985000005 0 0 0 0 0 0.3333333333333333 0.0 0.6666666666666666 0.0 0.0 0.0 0.0 0.0 888.2517944000001 0 0 1.0 0.0 0.0 0.3333333333333333 0.0 0.3333333333333333 0.0 0.0 0.3333333333333333 0.0 0.0 0.75 0.25 0.0 0.0 0.0 leishengchuan 8Сʱ_mousemovements
198.7740575 0 0 0 0 0 0 0 0 301.847309 0 0 0 94.627419 96.774193 0 0.0 0.5 0.0 0.0 0.0 0.25 0.25 0.0 99.38702875 0 0 1.0 0.0 0.0 1.0 0.0 0.0 0.0 0.0 0.0 0.0 0.0 1.0 0.0 0.0 0.0 0.0 leishengchuan 8Сʱ_mousemovements
0 0 0 0 0 0 0 0 0 0 0 0 0 0 0 0 0 0 0 0 0 0 0 0 0 0 0 0 0 0 0 0 0 0 0 0 0 0 0 0 0 0 0 leishengchuan 8Сʱ_mousemovements
0 0 0 0 0 0 0 0 0 0 0 0 0 0 0 0 0 0 0 0 0 0 0 0 0 0 0 0 0 0 0 0 0 0 0 0 0 0 0 0 0 0 0 leishengchuan 8Сʱ_mousemovements
145.5565230769231 323.74550800000003 468.748596 366.4439395 0 0 2092.466553 5109.28302 265.624298 805.059845 411.104244 167.97770400000002 0 50.755212 2020.8876741666666 167.39603424999999 0.08695652173913043 0.08695652173913043 0.08695652173913043 0.21739130434782608 0.0 0.08695652173913043 0.2608695652173913 0.17391304347826086 247.42669795384617 11.0921985 148.741534 0.9154929577464789 0.028169014084507043 0.056338028169014086 0.5652173913043478 0.17391304347826086 0.043478260869565216 0.08695652173913043 0.0 0.0 0.043478260869565216 0.08695652173913043 0.46551724137931033 0.3103448275862069 0.06896551724137931 0.05172413793103448 0.10344827586206896 leishengchuan 8Сʱ_mousemovements
86.98696985714285 193.94953062499997 52.973705 779.6232503333334 1064.187012 85.970131 499.348083 0 42.553192 365.78558483333336 357.476738 114.33072616666668 76.46471749999999 374.08211266666666 140.17593619999997 210.55650833333334 0.027777777777777776 0.16666666666666666 0.1111111111111111 0.16666666666666666 0.2222222222222222 0.08333333333333333 0.1388888888888889 0.08333333333333333 64.51564198979591 39.029537 188.2040462 0.9158878504672897 0.037383177570093455 0.04672897196261682 0.5833333333333334 0.2222222222222222 0.027777777777777776 0.08333333333333333 0.027777777777777776 0.027777777777777776 0.027777777777777776 0.0 0.5666666666666667 0.18888888888888888 0.1 0.06666666666666667 0.07777777777777778 leishengchuan 8Сʱ_mousemovements
56.7462158 307.12353659999997 235.28828025 467.11689750000005 0 303.8779396666667 735.0298155 489.3601075 266.0866074285714 49.353121599999994 93.1514025 226.76267488888888 244.223267 184.51759800000002 33.4529934 201.38463516666664 0.1320754716981132 0.09433962264150944 0.07547169811320754 0.16981132075471697 0.1509433962264151 0.07547169811320754 0.18867924528301888 0.11320754716981132 50.82260231944445 29.781989090909086 111.14792029999998 0.8727272727272727 0.06666666666666667 0.06060606060606061 0.660377358490566 0.09433962264150944 0.07547169811320754 0.03773584905660377 0.0 0.05660377358490566 0.03773584905660377 0.03773584905660377 0.5510204081632653 0.21768707482993196 0.14965986394557823 0.05442176870748299 0.027210884353741496 leishengchuan 8Сʱ_mousemovements
103.28410153333334 402.118713 0 430.203796 0 498.8873443333334 926.559692 1478.212769 25.948874 146.594768 72.642845 629.332428 318.3263816666667 564.7967375000001 54.53546133333333 752.4124015 0.045454545454545456 0.36363636363636365 0.045454545454545456 0.09090909090909091 0.13636363636363635 0.09090909090909091 0.13636363636363635 0.09090909090909091 111.78102937254901 7.8285713999999995 181.01439033333335 0.864406779661017 0.0847457627118644 0.05084745762711865 0.6818181818181818 0.045454545454545456 0.0 0.045454545454545456 0.0 0.13636363636363635 0.045454545454545456 0.045454545454545456 0.5 0.25 0.14583333333333334 0.08333333333333333 0.020833333333333332 leishengchuan 8Сʱ_mousemovements
52.23304099999999 0 1262.569946 0 0 0 0 0 83.698051 0 0 1262.569946 0 0 0 36.500536 0.25 0.0 0.0 0.25 0.0 0.0 0.0 0.5 177.40863362500002 0 0 1.0 0.0 0.0 0.75 0.0 0.25 0.0 0.0 0.0 0.0 0.0 0.2857142857142857 0.5714285714285714 0.14285714285714285 0.0 0.0 leishengchuan 8Сʱ_mousemovements
211.4844372 1506.588989 990.259827 0 0 0 0 0 0 140.1211845 1506.588989 0 0 0 0 441.859911 0.0 0.2857142857142857 0.14285714285714285 0.0 0.0 0.0 0.0 0.5714285714285714 161.40472722727276 0 3.367003 0.9565217391304348 0.0 0.043478260869565216 0.7142857142857143 0.14285714285714285 0.14285714285714285 0.0 0.0 0.0 0.0 0.0 0.42105263157894735 0.5263157894736842 0.05263157894736842 0.0 0.0 leishengchuan 8Сʱ_mousemovements
93.01921519999999 0 0 0 0 351.099609 0 0 68.029602 99.26661849999999 0 0 0 351.099609 0 0 0.16666666666666666 0.6666666666666666 0.0 0.0 0.0 0.16666666666666666 0.0 0.0 29.14984589285714 0 0 1.0 0.0 0.0 0.8333333333333334 0.0 0.0 0.0 0.0 0.16666666666666666 0.0 0.0 0.8695652173913043 0.08695652173913043 0.043478260869565216 0.0 0.0 leishengchuan 8Сʱ_mousemovements
159.2244035 0 0 0 0 0 0 0 90.717453 227.731354 0 0 0 0 0 0 0.5 0.5 0.0 0.0 0.0 0.0 0.0 0.0 79.61220175 0 0 1.0 0.0 0.0 1.0 0.0 0.0 0.0 0.0 0.0 0.0 0.0 0.3333333333333333 0.0 0.6666666666666666 0.0 0.0 leishengchuan 8Сʱ_mousemovements
37.65383 339.379547 0 0 0 0 0 0 15.044826 0 0 0 48.958332 0 0 339.379547 0.25 0.0 0.0 0.0 0.5 0.0 0.0 0.25 45.234103700000006 0 0 1.0 0.0 0.0 0.75 0.25 0.0 0.0 0.0 0.0 0.0 0.0 0.75 0.125 0.125 0.0 0.0 leishengchuan 8Сʱ_mousemovements
121.23309227272726 366.878662 559.879456 0 761.390676 1060.343628 0 600.0799865 64.587151 353.2770098 511.77394100000004 0 719.095703 660.281067 283.4588056666667 105.03350449999999 0.05263157894736842 0.2631578947368421 0.10526315789473684 0.0 0.05263157894736842 0.10526315789473684 0.3157894736842105 0.10526315789473684 99.25099801818182 0.0 448.730957 0.9322033898305084 0.01694915254237288 0.05084745762711865 0.5789473684210527 0.05263157894736842 0.05263157894736842 0.0 0.15789473684210525 0.05263157894736842 0.0 0.10526315789473684 0.5740740740740741 0.2037037037037037 0.14814814814814814 0.018518518518518517 0.05555555555555555 leishengchuan 8Сʱ_mousemovements
93.81988895454543 239.69719700000002 101.455039 328.222698 474.586243 669.253174 0 0 381.46822 149.24436175 86.39364314285714 162.669027 232.7525506 27.313709 112.927241 38.042553 0.06666666666666667 0.13333333333333333 0.23333333333333334 0.2 0.16666666666666666 0.03333333333333333 0.1 0.06666666666666667 38.89742847560975 20.719121 156.68026275 0.8631578947368421 0.05263157894736842 0.08421052631578947 0.7333333333333333 0.06666666666666667 0.06666666666666667 0.06666666666666667 0.03333333333333333 0.03333333333333333 0.0 0.0 0.5176470588235295 0.25882352941176473 0.047058823529411764 0.1411764705882353 0.03529411764705882 leishengchuan 8Сʱ_mousemovements
80.1386033076923 260.5677083333333 47.61462 551.3125846 0 0 0 419.995972 60.3475225 179.77005575 259.83627516666667 106.73545250000001 7.142857 46.198643 452.7600770000001 59.136387 0.08695652173913043 0.17391304347826086 0.2608695652173913 0.08695652173913043 0.043478260869565216 0.043478260869565216 0.21739130434782608 0.08695652173913043 63.233595460526324 29.100106666666665 77.312454 0.9382716049382716 0.037037037037037035 0.024691358024691357 0.5652173913043478 0.13043478260869565 0.043478260869565216 0.21739130434782608 0.0 0.0 0.0 0.043478260869565216 0.5735294117647058 0.22058823529411764 0.11764705882352941 0.058823529411764705 0.029411764705882353 leishengchuan 8Сʱ_mousemovements
49.17896933333334 387.907745 0 0 399.141113 898.929321 0 0 324.9182533333333 128.8632915 61.902912 0 144.11951625 0 0 0 0.25 0.3333333333333333 0.08333333333333333 0.0 0.3333333333333333 0.0 0.0 0.0 35.491114918918925 28.368793 393.524429 0.925 0.025 0.05 0.75 0.08333333333333333 0.0 0.0 0.08333333333333333 0.08333333333333333 0.0 0.0 0.6470588235294118 0.23529411764705882 0.08823529411764706 0.029411764705882353 0.0 leishengchuan 8Сʱ_mousemovements
149.60556666666665 375.021515 0 0 0 0 0 0 0 156.33316666666667 0 0 0 0 354.838715 0 0.0 0.75 0.0 0.0 0.0 0.0 0.25 0.0 58.84558678571428 0 0 1.0 0.0 0.0 0.75 0.25 0.0 0.0 0.0 0.0 0.0 0.0 0.6 0.3 0.0 0.0 0.1 leishengchuan 8Сʱ_mousemovements
38.8967105 0 0 0 0 0 0 0 30.690536 25.991542399999997 0 76.171631 35.53588233333333 94.280907 0 35.61517133333333 0.07142857142857142 0.35714285714285715 0.0 0.07142857142857142 0.21428571428571427 0.07142857142857142 0.0 0.21428571428571427 16.01629255882353 0 0 1.0 0.0 0.0 1.0 0.0 0.0 0.0 0.0 0.0 0.0 0.0 0.5517241379310345 0.3448275862068966 0.10344827586206896 0.0 0.0 leishengchuan 8Сʱ_mousemovements
61.567001000000005 199.53566999999998 294.190308 317.0638445 99.309555 0 0 0 72.678832 0 225.57796175000001 74.550695 175.4381065 0 78.148727 139.474678 0.13333333333333333 0.0 0.26666666666666666 0.2 0.13333333333333333 0.0 0.06666666666666667 0.2 30.925934596491228 68.7807865 109.2153625 0.9344262295081968 0.03278688524590164 0.03278688524590164 0.5333333333333333 0.2 0.06666666666666667 0.13333333333333333 0.06666666666666667 0.0 0.0 0.0 0.5882352941176471 0.1568627450980392 0.1568627450980392 0.0784313725490196 0.0196078431372549 leishengchuan 8Сʱ_mousemovements
71.70596719047616 311.6717049 548.130737 638.5252685 0 0 0 0 81.01885433333335 42.6490428 200.064978625 127.18290108333333 110.69947014999998 118.56322316666667 169.028681 187.35522157142856 0.07894736842105263 0.13157894736842105 0.10526315789473684 0.15789473684210525 0.2631578947368421 0.07894736842105263 0.09210526315789473 0.09210526315789473 35.11724572959182 25.106045615384613 118.42186842105264 0.8596491228070176 0.05701754385964912 0.08333333333333333 0.8289473684210527 0.13157894736842105 0.013157894736842105 0.02631578947368421 0.0 0.0 0.0 0.0 0.6372093023255814 0.1813953488372093 0.12093023255813953 0.046511627906976744 0.013953488372093023 leishengchuan 8Сʱ_mousemovements
91.84381549999999 270.2032731428572 365.5794396666667 273.6806375 0 1131.21814 0 0 140.008049 446.1030073333334 180.96076725000003 176.41182066666667 119.6359136875 229.39530985714285 224.28133 201.126851 0.041666666666666664 0.0625 0.16666666666666666 0.125 0.3333333333333333 0.14583333333333334 0.0625 0.0625 45.52065655782314 32.611740625 140.58700528571427 0.8698224852071006 0.047337278106508875 0.08284023668639054 0.7083333333333334 0.14583333333333334 0.0625 0.041666666666666664 0.0 0.041666666666666664 0.0 0.0 0.5419354838709678 0.24516129032258063 0.12258064516129032 0.05161290322580645 0.03870967741935484 leishengchuan 8Сʱ_mousemovements
65.81315436363634 205.92835966666667 285.365295 0 0 422.079681 1764.8287355 853.225647 120.066856 107.5361622 283.41855085714286 120.90671125 90.78577533333333 64.666996 373.64755544444444 59.66794833333333 0.019230769230769232 0.19230769230769232 0.1346153846153846 0.07692307692307693 0.17307692307692307 0.17307692307692307 0.17307692307692307 0.057692307692307696 56.880353457746466 0.0 52.688177399999994 0.922077922077922 0.012987012987012988 0.06493506493506493 0.8461538461538461 0.057692307692307696 0.019230769230769232 0.0 0.0 0.019230769230769232 0.038461538461538464 0.019230769230769232 0.5448275862068965 0.2620689655172414 0.0896551724137931 0.07586206896551724 0.027586206896551724 leishengchuan 8Сʱ_mousemovements
86.80284291666665 377.0747742 364.442169 537.489441 0 1494.882446 1992.422607 0 151.13022999999998 824.1516352000001 527.914917 289.1541593333333 183.499857 201.894553 904.9867855 202.6769105 0.18181818181818182 0.22727272727272727 0.045454545454545456 0.13636363636363635 0.09090909090909091 0.13636363636363635 0.09090909090909091 0.09090909090909091 95.94651539344262 25.641026 381.1431989999999 0.8591549295774648 0.014084507042253521 0.1267605633802817 0.5454545454545454 0.22727272727272727 0.045454545454545456 0.045454545454545456 0.0 0.045454545454545456 0.09090909090909091 0.0 0.6451612903225806 0.14516129032258066 0.12903225806451613 0.06451612903225806 0.016129032258064516 leishengchuan 8Сʱ_mousemovements
102.20671281250002 216.1950316 317.115234 1127.19102475 0 0 0 0 370.15560899999997 112.06616425000001 349.94478899999996 0 167.75647 288.1253554 525.014981 133.09535575 0.11538461538461539 0.15384615384615385 0.11538461538461539 0.0 0.07692307692307693 0.19230769230769232 0.19230769230769232 0.15384615384615385 105.81473952238808 8.879432666666666 141.97868333333332 0.9178082191780822 0.0410958904109589 0.0410958904109589 0.6153846153846154 0.19230769230769232 0.038461538461538464 0.15384615384615385 0.0 0.0 0.0 0.0 0.6 0.12307692307692308 0.2 0.046153846153846156 0.03076923076923077 leishengchuan 8Сʱ_mousemovements
119.45348519999997 550.74248125 875.8226015 842.308533 2357.958984 539.090271 728.804749 0 90.8692265 63.829788 383.9673781666666 413.0578215714285 70.982281 85.939896 491.092949 1290.7632139999998 0.08 0.04 0.24 0.28 0.08 0.04 0.16 0.08 137.23961331884055 0.0 186.26165600000002 0.9324324324324325 0.013513513513513514 0.05405405405405406 0.6 0.16 0.08 0.04 0.04 0.04 0.04 0.0 0.5151515151515151 0.21212121212121213 0.18181818181818182 0.045454545454545456 0.045454545454545456 leishengchuan 8Сʱ_mousemovements
91.74926155555555 143.682236 929.4260126666667 0 402.786835 0 0 0 107.808346 170.56940479999997 0 0 159.42540225 117.8875005 1255.324955 53.0044815 0.17391304347826086 0.21739130434782608 0.0 0.0 0.17391304347826086 0.08695652173913043 0.08695652173913043 0.2608695652173913 55.01585441176471 0 154.943096 0.9770114942528736 0.0 0.022988505747126436 0.782608695652174 0.043478260869565216 0.13043478260869565 0.0 0.043478260869565216 0.0 0.0 0.0 0.6216216216216216 0.25675675675675674 0.05405405405405406 0.06756756756756757 0.0 leishengchuan 8Сʱ_mousemovements
89.89467432 521.1085351666667 2115.450928 419.318634 558.521118 310.549988 0 0 172.6282425 201.2233215 281.749221 574.51495575 269.350233 234.7424408 78.664832625 459.8869095 0.05714285714285714 0.17142857142857143 0.11428571428571428 0.11428571428571428 0.11428571428571428 0.14285714285714285 0.22857142857142856 0.05714285714285714 93.77598040909089 35.154717 113.81575675000002 0.9361702127659575 0.02127659574468085 0.0425531914893617 0.7142857142857143 0.17142857142857143 0.02857142857142857 0.02857142857142857 0.02857142857142857 0.02857142857142857 0.0 0.0 0.573170731707317 0.2682926829268293 0.10975609756097561 0.024390243902439025 0.024390243902439025 leishengchuan 8Сʱ_mousemovements
61.27880866666666 432.354187 332.841461 267.546661 492.451172 0 0 0 0 67.918213 0 432.354187 332.841461 0 492.451172 157.7733305 0.0 0.2857142857142857 0.0 0.14285714285714285 0.14285714285714285 0.0 0.14285714285714285 0.2857142857142857 53.00188670588235 492.451172 157.7733305 0.85 0.05 0.1 0.42857142857142855 0.14285714285714285 0.14285714285714285 0.14285714285714285 0.14285714285714285 0.0 0.0 0.0 0.5294117647058824 0.35294117647058826 0.058823529411764705 0.058823529411764705 0.0 leishengchuan 8Сʱ_mousemovements
0 0 0 0 0 0 0 0 0 0 0 0 0 0 0 0 0 0 0 0 0 0 0 0 0 0 0 0 0 0 0 0 0 0 0 0 0 0 0 0 0 0 0 leishengchuan 8Сʱ_mousemovements
0 0 0 0 0 0 0 0 0 0 0 0 0 0 0 0 0 0 0 0 0 0 0 0 0 0 0 0 0 0 0 0 0 0 0 0 0 0 0 0 0 0 0 leishengchuan 8Сʱ_mousemovements
0 0 0 0 0 0 0 0 0 0 0 0 0 0 0 0 0 0 0 0 0 0 0 0 0 0 0 0 0 0 0 0 0 0 0 0 0 0 0 0 0 0 0 leishengchuan 8Сʱ_mousemovements
0 0 0 0 0 0 0 0 0 0 0 0 0 0 0 0 0 0 0 0 0 0 0 0 0 0 0 0 0 0 0 0 0 0 0 0 0 0 0 0 0 0 0 leishengchuan 8Сʱ_mousemovements
