48.36891783333334 352.9858653333333 681.862625 0 0 559.815491 0 0 334.23535933333335 43.59920628571429 156.0578056 0 2.906977 257.838585 38.54278516666667 16.129032 0.1 0.23333333333333334 0.16666666666666666 0.0 0.03333333333333333 0.23333333333333334 0.2 0.03333333333333333 39.938365474226806 44.4039895 1.4534885 0.9238095238095239 0.05714285714285714 0.01904761904761905 0.8 0.1 0.06666666666666667 0.0 0.0 0.03333333333333333 0.0 0.0 0.5638297872340425 0.2553191489361702 0.09574468085106383 0.06382978723404255 0.02127659574468085 leishengchuan 3Сʱ_mousemovements
78.98801360869564 148.162201 268.16927350000003 0 0 414.105011 0 0 0 177.82754814285713 107.21519925000001 93.92018 39.198711 49.55451316666666 91.31199960000001 130.375145 0.0 0.25925925925925924 0.14814814814814814 0.07407407407407407 0.037037037037037035 0.2222222222222222 0.18518518518518517 0.07407407407407407 21.74237053465346 91.60795775 117.63960566666667 0.9351851851851852 0.037037037037037035 0.027777777777777776 0.8518518518518519 0.037037037037037035 0.07407407407407407 0.0 0.0 0.037037037037037035 0.0 0.0 0.66 0.23 0.05 0.05 0.01 leishengchuan 3Сʱ_mousemovements
0 0 0 0 0 0 0 0 0 0 0 0 0 0 0 0 0 0 0 0 0 0 0 0 0 0 0 0 0 0 0 0 0 0 0 0 0 0 0 0 0 0 0 leishengchuan 3Сʱ_mousemovements
0 0 0 0 0 0 0 0 0 0 0 0 0 0 0 0 0 0 0 0 0 0 0 0 0.0 0 0 1.0 0.0 0.0 0 0 0 0 0 0 0 0 1.0 0.0 0.0 0.0 0.0 leishengchuan 3Сʱ_mousemovements
0 0 0 0 647.9892885 0 0 0 0 552.392273 0 0 0 743.586304 0 0 0.0 0.5 0.0 0.0 0.0 0.5 0.0 0.0 67.59875490909091 0 276.1961365 0.8461538461538461 0.0 0.15384615384615385 0.0 0.0 0.0 0.0 1.0 0.0 0.0 0.0 0.3333333333333333 0.5 0.08333333333333333 0.0 0.08333333333333333 leishengchuan 3Сʱ_mousemovements
108.094548625 1145.3072103333334 1246.3745726666666 1151.622314 0 0 0 0 0 586.7198226666666 511.94997399999994 0 0 106.3623925 925.2079436666668 131.442215 0.0 0.2 0.2 0.0 0.0 0.13333333333333333 0.4 0.06666666666666667 204.9248795116279 0 94.91355825000001 0.9148936170212766 0.0 0.0851063829787234 0.5333333333333333 0.2 0.2 0.06666666666666667 0.0 0.0 0.0 0.0 0.14634146341463414 0.7073170731707317 0.04878048780487805 0.0975609756097561 0.0 leishengchuan 3Сʱ_mousemovements
0 0 0 0 0 0 0 0 0 0 0 0 0 0 0 0 0 0 0 0 0 0 0 0 0 0 0 0 0 0 0 0 0 0 0 0 0 0 0 0 0 0 0 leishengchuan 3Сʱ_mousemovements
0 0 0 0 0 0 0 0 0 0 0 0 0 0 0 0 0 0 0 0 0 0 0 0 0 0 0 0 0 0 0 0 0 0 0 0 0 0 0 0 0 0 0 leishengchuan 3Сʱ_mousemovements
128.660587125 223.985092 2004.35144 0 0 0 0 0 0 0 0 94.31026019999999 557.2139856 0 0 0 0.0 0.0 0.0 0.5 0.5 0.0 0.0 0.0 125.29312419230769 0 0 1.0 0.0 0.0 0.8 0.1 0.1 0.0 0.0 0.0 0.0 0.0 0.5294117647058824 0.23529411764705882 0.11764705882352941 0.11764705882352941 0.0 leishengchuan 3Сʱ_mousemovements
149.8352833846154 520.0215225 1418.57153325 919.9832303333333 2078.967285 0 0 0 1180.2657737499999 191.12905775000002 47.4356 528.039342 866.9047119999999 794.0617065 527.527588 194.768074 0.16 0.16 0.04 0.12 0.2 0.08 0.04 0.2 186.26191745945945 0 126.29433183333333 0.925 0.0 0.075 0.52 0.16 0.16 0.12 0.04 0.0 0.0 0.0 0.35714285714285715 0.5571428571428572 0.05714285714285714 0.02857142857142857 0.0 leishengchuan 3Сʱ_mousemovements
75.4395205 412.89622499999996 1359.656128 1552.0083005000001 0 3303.687012 0 0 2540.6222534999997 0 256.2047575 1326.459106 377.382935 780.955185 28.571428 6.932412 0.2 0.0 0.2 0.1 0.1 0.2 0.1 0.1 286.7089632580645 0 2.310804 0.9117647058823529 0.0 0.08823529411764706 0.4 0.2 0.1 0.2 0.0 0.1 0.0 0.0 0.2857142857142857 0.6071428571428571 0.07142857142857142 0.03571428571428571 0.0 leishengchuan 3Сʱ_mousemovements
162.99880211764707 660.206421 807.5233766666666 845.5767823333332 719.483521 0 0 0 381.38867175 634.7383698 0 719.483521 105.29438799999998 383.9267946 51.66460175 416.354818 0.16 0.2 0.0 0.04 0.12 0.2 0.16 0.12 114.60755406329112 12.0998275 3.786987 0.9294117647058824 0.047058823529411764 0.023529411764705882 0.68 0.04 0.12 0.12 0.04 0.0 0.0 0.0 0.5375 0.35 0.0375 0.05 0.025 leishengchuan 3Сʱ_mousemovements
31.8609284 102.85405 302.17138133333333 0 0 0 0 0 0 0 0 152.8052655 374.498535 4.914005 42.95135 177.39785750000001 0.0 0.0 0.0 0.2222222222222222 0.1111111111111111 0.1111111111111111 0.3333333333333333 0.2222222222222222 23.7501802244898 0 4.914005 0.98 0.0 0.02 0.5555555555555556 0.1111111111111111 0.3333333333333333 0.0 0.0 0.0 0.0 0.0 0.5777777777777777 0.26666666666666666 0.08888888888888889 0.06666666666666667 0.0 leishengchuan 3Сʱ_mousemovements
108.58689857575757 184.32536839999997 779.614868 0 1605.654175 602.5127255 681.3721005 0 635.0768523999999 166.658449375 6.08221 261.10149633333333 212.42376971428573 188.03822950000003 40.0632715 138.45457829999998 0.11363636363636363 0.18181818181818182 0.022727272727272728 0.06818181818181818 0.1590909090909091 0.13636363636363635 0.09090909090909091 0.22727272727272727 69.599652953125 145.29839133333334 37.794146 0.9552238805970149 0.022388059701492536 0.022388059701492536 0.75 0.11363636363636363 0.022727272727272728 0.0 0.022727272727272728 0.045454545454545456 0.045454545454545456 0.0 0.5491803278688525 0.27049180327868855 0.10655737704918032 0.03278688524590164 0.040983606557377046 leishengchuan 3Сʱ_mousemovements
124.92882374999999 604.996033 0 0 0 0 0 0 68.193853 470.1910586666667 25.641026 0 97.96001885714286 77.34258825 29.55665 173.93021080000003 0.16 0.12 0.04 0.0 0.28 0.16 0.04 0.2 46.79594549350649 0 0 1.0 0.0 0.0 0.96 0.04 0.0 0.0 0.0 0.0 0.0 0.0 0.6617647058823529 0.23529411764705882 0.058823529411764705 0.029411764705882353 0.014705882352941176 leishengchuan 3Сʱ_mousemovements
131.231644 0 0 173.332962 0 0 0 0 0 173.332962 0 0 0 131.231644 0 0 0.0 0.5 0.0 0.0 0.0 0.5 0.0 0.0 25.380383833333337 0 0 1.0 0.0 0.0 0.5 0.0 0.0 0.5 0.0 0.0 0.0 0.0 0.7777777777777778 0.2222222222222222 0.0 0.0 0.0 leishengchuan 3Сʱ_mousemovements
0 0 0 0 0 0 0 0 0 0 0 0 0 0 0 0 0 0 0 0 0 0 0 0 0.0 0 0 1.0 0.0 0.0 0 0 0 0 0 0 0 0 1.0 0.0 0.0 0.0 0.0 leishengchuan 3Сʱ_mousemovements
0 0 0 0 0 0 0 0 0 0 0 0 0 0 0 0 0 0 0 0 0 0 0 0 0 0 0 0 0 0 0 0 0 0 0 0 0 0 0 0 0 0 0 leishengchuan 3Сʱ_mousemovements
148.2807858 449.952576 562.055176 276.048584 635.632202 0 0 0 449.952576 113.33402366666667 0 0 522.7288616666667 0 41.60705575 293.975647 0.07142857142857142 0.21428571428571427 0.0 0.0 0.21428571428571427 0.0 0.2857142857142857 0.21428571428571427 65.50954607692307 0 0 1.0 0.0 0.0 0.7142857142857143 0.07142857142857142 0.07142857142857142 0.07142857142857142 0.07142857142857142 0.0 0.0 0.0 0.5434782608695652 0.2391304347826087 0.13043478260869565 0.06521739130434782 0.021739130434782608 leishengchuan 3Сʱ_mousemovements
84.2031048 733.772095 348.09016933333334 461.129639 638.095215 528.20813 0 0 253.21372900000003 717.498459 395.597809 3.032932 118.6596545 182.46919254545458 99.0054934 0 0.14285714285714285 0.07142857142857142 0.03571428571428571 0.03571428571428571 0.14285714285714285 0.39285714285714285 0.17857142857142858 0.0 56.73289589534884 17.44186 308.9462903333333 0.9555555555555556 0.011111111111111112 0.03333333333333333 0.7142857142857143 0.07142857142857142 0.10714285714285714 0.03571428571428571 0.03571428571428571 0.03571428571428571 0.0 0.0 0.5555555555555556 0.18518518518518517 0.1728395061728395 0.06172839506172839 0.024691358024691357 leishengchuan 3Сʱ_mousemovements
86.67358689473686 901.2477875 271.110168 0 0 0 0 0 155.0806655 0 271.110168 18.348623 62.49960133333334 536.5629538571428 130.8748106666667 7.092198 0.08333333333333333 0.0 0.041666666666666664 0.041666666666666664 0.25 0.2916666666666667 0.25 0.041666666666666664 54.432504742268016 7.092198 39.309051833333335 0.9326923076923077 0.009615384615384616 0.057692307692307696 0.7916666666666666 0.16666666666666666 0.041666666666666664 0.0 0.0 0.0 0.0 0.0 0.46808510638297873 0.32978723404255317 0.10638297872340426 0.06382978723404255 0.031914893617021274 leishengchuan 3Сʱ_mousemovements
99.80365546153848 892.942459 0 462.307312 0 807.304688 0 1333.578674 1509.919067 0 284.4670565 0 225.4698665 490.53742400000004 497.35095250000006 33.06107133333333 0.05 0.0 0.1 0.0 0.3 0.2 0.2 0.15 119.151386 46.959721 48.063446 0.96875 0.015625 0.015625 0.65 0.1 0.0 0.1 0.0 0.05 0.0 0.1 0.5370370370370371 0.24074074074074073 0.12962962962962962 0.07407407407407407 0.018518518518518517 leishengchuan 3Сʱ_mousemovements
127.91901015625 125.564713 299.014526 1103.614502 0 0 432.240356 0 176.59433733333333 81.73756566666667 490.8986356666666 97.71072066666666 120.798996125 66.223399 73.64844275 228.1514118888889 0.08333333333333333 0.08333333333333333 0.08333333333333333 0.08333333333333333 0.2222222222222222 0.08333333333333333 0.1111111111111111 0.25 58.21002328846153 0 0 1.0 0.0 0.0 0.8888888888888888 0.027777777777777776 0.027777777777777776 0.027777777777777776 0.0 0.0 0.027777777777777776 0.0 0.6063829787234043 0.24468085106382978 0.07446808510638298 0.031914893617021274 0.0425531914893617 leishengchuan 3Сʱ_mousemovements
186.929842 0 0 0 359.14502 0 0 0 775.600586 64.516129 359.14502 0 61.038688500000006 118.687286 0 40.697674 0.14285714285714285 0.14285714285714285 0.14285714285714285 0.0 0.2857142857142857 0.14285714285714285 0.0 0.14285714285714285 27.172933899999997 10.638298 55.7195395 0.9433962264150944 0.018867924528301886 0.03773584905660377 0.8571428571428571 0.0 0.0 0.0 0.14285714285714285 0.0 0.0 0.0 0.6382978723404256 0.1702127659574468 0.1276595744680851 0.0425531914893617 0.02127659574468085 leishengchuan 3Сʱ_mousemovements
123.00850830555555 572.9124777142857 242.535849 515.3501894999999 1623.4211123333334 1192.84964 1532.1250613333334 0 574.9681195625001 257.0368296666667 0 168.40385683333332 887.5157278 187.4894715 47.92865311111112 149.6914483 0.27586206896551724 0.05172413793103448 0.0 0.10344827586206896 0.1724137931034483 0.06896551724137931 0.15517241379310345 0.1724137931034483 131.26054958641978 26.251534624999998 176.698293 0.9204545454545454 0.045454545454545456 0.03409090909090909 0.6206896551724138 0.1206896551724138 0.08620689655172414 0.034482758620689655 0.05172413793103448 0.034482758620689655 0.05172413793103448 0.0 0.5341614906832298 0.2795031055900621 0.13043478260869565 0.024844720496894408 0.031055900621118012 leishengchuan 3Сʱ_mousemovements
100.69909548717949 174.20153066666668 545.745148 706.889526 668.9438676666667 698.0142440000001 637.835205 229.24852 125.44347933333331 183.43075699999997 425.6012802 244.603384 194.93907566666667 279.823326 163.005222 203.8823405 0.16981132075471697 0.16981132075471697 0.09433962264150944 0.03773584905660377 0.11320754716981132 0.09433962264150944 0.16981132075471697 0.1509433962264151 76.1905391692308 36.773818375 432.4887315 0.9285714285714286 0.05714285714285714 0.014285714285714285 0.7358490566037735 0.05660377358490566 0.05660377358490566 0.018867924528301886 0.05660377358490566 0.03773584905660377 0.018867924528301886 0.018867924528301886 0.5564516129032258 0.22580645161290322 0.16129032258064516 0.024193548387096774 0.03225806451612903 leishengchuan 3Сʱ_mousemovements
123.78180248148146 329.446991 292.963654 637.8799846666666 616.529541 2889.023682 528.104553 404.716187 296.11811588888884 210.67909116666667 149.60442 601.2660682 336.92289466666665 120.38675466666666 259.3407846 137.74119566666667 0.25 0.16666666666666666 0.05555555555555555 0.1388888888888889 0.08333333333333333 0.08333333333333333 0.1388888888888889 0.08333333333333333 89.22751714414412 7.562639 202.3580935 0.9736842105263158 0.008771929824561403 0.017543859649122806 0.75 0.027777777777777776 0.027777777777777776 0.08333333333333333 0.027777777777777776 0.027777777777777776 0.027777777777777776 0.027777777777777776 0.5490196078431373 0.3137254901960784 0.058823529411764705 0.06862745098039216 0.00980392156862745 leishengchuan 3Сʱ_mousemovements
123.91793068888887 257.8964166 460.9272915 1080.6472473333333 347.127716 0 589.952515 798.31308 208.25287814285716 181.58668327272727 668.501171 178.7616505 164.48228162499998 536.1716718571428 133.10953366666666 192.54848757142858 0.11864406779661017 0.1864406779661017 0.03389830508474576 0.03389830508474576 0.13559322033898305 0.11864406779661017 0.2542372881355932 0.11864406779661017 82.80900507096774 42.2410372 76.3713805 0.9171597633136095 0.05917159763313609 0.023668639053254437 0.7627118644067796 0.0847457627118644 0.03389830508474576 0.05084745762711865 0.01694915254237288 0.0 0.01694915254237288 0.03389830508474576 0.5569620253164557 0.310126582278481 0.056962025316455694 0.056962025316455694 0.0189873417721519 leishengchuan 3Сʱ_mousemovements
102.79696266666669 205.62770074999997 293.877243 383.53320299999996 995.8132015 939.730164 0 930.812012 686.0717363333333 309.9670365999999 162.089428 441.33815 101.40652963636366 148.29023899999999 172.45540157142858 84.2480505 0.07142857142857142 0.11904761904761904 0.11904761904761904 0.07142857142857142 0.2619047619047619 0.14285714285714285 0.16666666666666666 0.047619047619047616 57.37415916793892 19.2778038 137.36411672727272 0.891156462585034 0.034013605442176874 0.07482993197278912 0.7142857142857143 0.09523809523809523 0.047619047619047616 0.047619047619047616 0.047619047619047616 0.023809523809523808 0.0 0.023809523809523808 0.5323741007194245 0.31654676258992803 0.04316546762589928 0.07194244604316546 0.03597122302158273 leishengchuan 3Сʱ_mousemovements
73.45311257142859 426.9101295 323.8298766 1284.2394562499999 1397.3486656 979.652527 1961.096008 0 1358.30702675 868.6789124285715 146.39876066666667 220.11565950000002 392.98102550000004 809.3072957142857 257.29124825 180.25772824999999 0.11428571428571428 0.2 0.08571428571428572 0.05714285714285714 0.11428571428571428 0.2 0.11428571428571428 0.11428571428571428 174.21187993965518 35.76002575 257.26524925 0.9354838709677419 0.03225806451612903 0.03225806451612903 0.4 0.11428571428571428 0.14285714285714285 0.11428571428571428 0.14285714285714285 0.02857142857142857 0.05714285714285714 0.0 0.2702702702702703 0.4954954954954955 0.0990990990990991 0.07207207207207207 0.06306306306306306 leishengchuan 3Сʱ_mousemovements
150.32279080000004 0 1193.99452025 1773.069702 0 0 0 0 0 87.647221 1324.016449 0 106.282436 0 415.960175 1282.9364500000001 0.0 0.2 0.2 0.0 0.2 0.0 0.1 0.3 258.0503137142857 0 37.6264765 0.9333333333333333 0.0 0.06666666666666667 0.5 0.0 0.4 0.1 0.0 0.0 0.0 0.0 0.36 0.6 0.0 0.0 0.04 leishengchuan 3Сʱ_mousemovements
70.60010666666666 431.06221 673.021286 657.1964115000001 320.570068 745.025024 0 0 383.5260826666667 562.3810870000001 326.34317 320.570068 42.67191566666667 685.118958 196.0550166666667 11.278195 0.17647058823529413 0.17647058823529413 0.11764705882352941 0.058823529411764705 0.17647058823529413 0.058823529411764705 0.17647058823529413 0.058823529411764705 123.47427142857143 18.818233499999998 0 0.9545454545454546 0.045454545454545456 0.0 0.5294117647058824 0.11764705882352941 0.11764705882352941 0.11764705882352941 0.058823529411764705 0.058823529411764705 0.0 0.0 0.525 0.275 0.125 0.075 0.0 leishengchuan 3Сʱ_mousemovements
72.23400384615384 984.281189 968.168823 0 0 0 0 0 0 481.0886259999999 0 0 62.3806 77.0215 33.973133000000004 35.6761 0.0 0.3333333333333333 0.0 0.0 0.13333333333333333 0.13333333333333333 0.26666666666666666 0.13333333333333333 53.5461492962963 0 0 1.0 0.0 0.0 0.8666666666666667 0.06666666666666667 0.06666666666666667 0.0 0.0 0.0 0.0 0.0 0.6875 0.16666666666666666 0.10416666666666667 0.041666666666666664 0.0 leishengchuan 3Сʱ_mousemovements
64.72064183333333 0 0 0 0 0 0 0 184.17961400000002 45.871559 0 16.0 0 114.32381333333335 37.70931246666667 30.273876 0.125 0.041666666666666664 0.0 0.041666666666666664 0.0 0.125 0.625 0.041666666666666664 20.438097421052632 0 0 1.0 0.0 0.0 1.0 0.0 0.0 0.0 0.0 0.0 0.0 0.0 0.7142857142857143 0.22857142857142856 0.04285714285714286 0.014285714285714285 0.0 leishengchuan 3Сʱ_mousemovements
94.98456605555558 743.300438 0 487.176147 1328.634521 884.165039 0 0 185.6021114 247.36675085714282 91.00025550000001 148.606308 153.1770108888889 273.5363273 78.71043399999999 62.34607400000001 0.12195121951219512 0.17073170731707318 0.04878048780487805 0.024390243902439025 0.21951219512195122 0.24390243902439024 0.0975609756097561 0.07317073170731707 56.97330475939851 28.571428 0 0.9925373134328358 0.007462686567164179 0.0 0.8780487804878049 0.04878048780487805 0.0 0.024390243902439025 0.024390243902439025 0.024390243902439025 0.0 0.0 0.625 0.2265625 0.078125 0.0390625 0.03125 leishengchuan 3Сʱ_mousemovements
100.04851333333335 0 174.399124 0 344.771271 0 0 0 199.313389 168.071175 201.163483 93.7696065 91.38940357142859 25.641026 31.746031 0 0.17647058823529413 0.11764705882352941 0.058823529411764705 0.11764705882352941 0.4117647058823529 0.058823529411764705 0.058823529411764705 0.0 34.68788729310345 0 4.000316 0.9666666666666667 0.0 0.03333333333333333 0.8823529411764706 0.0 0.058823529411764705 0.0 0.058823529411764705 0.0 0.0 0.0 0.7906976744186046 0.11627906976744186 0.023255813953488372 0.046511627906976744 0.023255813953488372 leishengchuan 3Сʱ_mousemovements
117.19984026315787 296.373161 0 0 0 0 0 0 0 66.19656375 51.367221 95.45797 108.31301880000001 202.29991520000002 63.53225066666667 612.903198 0.0 0.19047619047619047 0.09523809523809523 0.047619047619047616 0.23809523809523808 0.23809523809523808 0.14285714285714285 0.047619047619047616 38.7120300923077 34.565991499999996 117.064674 0.9420289855072463 0.028985507246376812 0.028985507246376812 0.9047619047619048 0.09523809523809523 0.0 0.0 0.0 0.0 0.0 0.0 0.5573770491803278 0.36065573770491804 0.04918032786885246 0.0 0.03278688524590164 leishengchuan 3Сʱ_mousemovements
31.366556 462.1427615 0 314.586212 0 0 0 0 9.026361 314.586212 0 0 16.129032 424.470154 144.28949 0 0.16666666666666666 0.16666666666666666 0.0 0.0 0.16666666666666666 0.3333333333333333 0.16666666666666666 0.0 55.16437675 9.026361 0 0.96 0.04 0.0 0.5 0.3333333333333333 0.0 0.16666666666666666 0.0 0.0 0.0 0.0 0.47368421052631576 0.21052631578947367 0.10526315789473684 0.15789473684210525 0.05263157894736842 leishengchuan 3Сʱ_mousemovements
121.48310382608695 382.2804324 563.693522 322.281372 0 864.249756 1784.124023 0 293.16899279999996 292.1481931111111 219.64926150000002 135.53308866666669 263.0602355 1784.124023 188.39144414285713 33.6143015 0.14285714285714285 0.2571428571428571 0.05714285714285714 0.08571428571428572 0.17142857142857143 0.02857142857142857 0.2 0.05714285714285714 98.07247580412373 3.546099 84.70414400000001 0.9603960396039604 0.019801980198019802 0.019801980198019802 0.6571428571428571 0.14285714285714285 0.08571428571428572 0.05714285714285714 0.0 0.02857142857142857 0.02857142857142857 0.0 0.5263157894736842 0.30526315789473685 0.08421052631578947 0.042105263157894736 0.042105263157894736 leishengchuan 3Сʱ_mousemovements
80.1582064 153.410004 0 0 0 0 0 0 0 66.67037733333332 98.440247 38.73716 62.5 94.280907 159.01291700000002 71.49839399999999 0.0 0.2727272727272727 0.09090909090909091 0.09090909090909091 0.09090909090909091 0.09090909090909091 0.18181818181818182 0.18181818181818182 18.01871826415094 0 0 1.0 0.0 0.0 0.9090909090909091 0.09090909090909091 0.0 0.0 0.0 0.0 0.0 0.0 0.6382978723404256 0.2127659574468085 0.0851063829787234 0.06382978723404255 0.0 leishengchuan 3Сʱ_mousemovements
50.04401672727273 0 0 0 0 0 0 0 134.0074825 0 0 0 27.1481094 40.072918 0 35.551918 0.18181818181818182 0.0 0.0 0.0 0.45454545454545453 0.09090909090909091 0.0 0.2727272727272727 15.291227333333334 0 0 1.0 0.0 0.0 1.0 0.0 0.0 0.0 0.0 0.0 0.0 0.0 0.7 0.16666666666666666 0.03333333333333333 0.0 0.1 leishengchuan 3Сʱ_mousemovements
85.995113 0 334.025085 0 0 672.137207 1786.147705 0 75.2292555 174.94905 38.05687 81.834763 146.37547 537.3586835000001 203.154324 43.212382000000005 0.1 0.1 0.05 0.05 0.2 0.2 0.2 0.1 51.76193284 19.028435 334.025085 0.9615384615384616 0.02564102564102564 0.01282051282051282 0.85 0.0 0.05 0.0 0.0 0.05 0.05 0.0 0.6811594202898551 0.21739130434782608 0.028985507246376812 0.057971014492753624 0.014492753623188406 leishengchuan 3Сʱ_mousemovements
62.78510471428573 0 0 0 0 0 0 0 84.45149099999999 16.129032 0 0 5.319149 96.143204 32.258064 78.41139916666667 0.21428571428571427 0.07142857142857142 0.0 0.0 0.14285714285714285 0.07142857142857142 0.07142857142857142 0.42857142857142855 9.98853938636364 0 0 1.0 0.0 0.0 1.0 0.0 0.0 0.0 0.0 0.0 0.0 0.0 0.6883116883116883 0.15584415584415584 0.11688311688311688 0.025974025974025976 0.012987012987012988 leishengchuan 3Сʱ_mousemovements
85.37192625531914 290.60179914285715 529.4659780000001 0 0 1005.364075 695.341309 341.291779 213.58538333333337 198.86514889999998 116.2723165 156.20406160000002 57.054898200000004 336.12228071428575 54.938871999999996 191.05074380000002 0.15254237288135594 0.1694915254237288 0.1016949152542373 0.0847457627118644 0.0847457627118644 0.11864406779661017 0.11864406779661017 0.1694915254237288 49.458971316939895 104.2263652857143 118.37064519999998 0.9384615384615385 0.035897435897435895 0.02564102564102564 0.7704918032786885 0.11475409836065574 0.04918032786885246 0.0 0.0 0.01639344262295082 0.03278688524590164 0.01639344262295082 0.6162162162162163 0.22702702702702704 0.0972972972972973 0.03783783783783784 0.021621621621621623 leishengchuan 3Сʱ_mousemovements
88.54890084848485 416.028793 686.8863323333334 574.3603515 496.724121 1220.693726 0 0 968.1978455 410.0518805 358.59906 119.824304 153.77458566666667 178.41800329999995 71.81568972727273 155.65363633333334 0.047619047619047616 0.14285714285714285 0.023809523809523808 0.07142857142857142 0.07142857142857142 0.23809523809523808 0.2619047619047619 0.14285714285714285 74.32761321311474 9.676280666666665 0 0.976 0.024 0.0 0.7674418604651163 0.06976744186046512 0.06976744186046512 0.046511627906976744 0.023255813953488372 0.023255813953488372 0.0 0.0 0.6120689655172413 0.20689655172413793 0.10344827586206896 0.06896551724137931 0.008620689655172414 leishengchuan 3Сʱ_mousemovements
27.31474475 0 342.764099 0 0 0 0 0 0 0 0 0 342.764099 0 27.31474475 0 0.0 0.0 0.0 0.0 0.2 0.0 0.8 0.0 28.251442375 0 0.0 0.9411764705882353 0.0 0.058823529411764705 0.8 0.0 0.2 0.0 0.0 0.0 0.0 0.0 0.5833333333333334 0.25 0.08333333333333333 0.08333333333333333 0.0 leishengchuan 3Сʱ_mousemovements
116.28383166666669 102.658127 704.966858 0 0 0 1578.112549 0 375.35466 632.068627 105.16782 0 178.0120695 26.807627999999998 178.3507032 17.44186 0.10526315789473684 0.21052631578947367 0.10526315789473684 0.0 0.10526315789473684 0.15789473684210525 0.2631578947368421 0.05263157894736842 87.1917516111111 31.651819999999997 0 0.9310344827586207 0.06896551724137931 0.0 0.7894736842105263 0.05263157894736842 0.10526315789473684 0.0 0.0 0.0 0.05263157894736842 0.0 0.43137254901960786 0.4117647058823529 0.11764705882352941 0.0392156862745098 0.0 leishengchuan 3Сʱ_mousemovements
26.116174 0 0 0 0 0 0 0 0.0 0 0 0 0 39.174261 0 0 0.3333333333333333 0.0 0.0 0.0 0.0 0.6666666666666666 0.0 0.0 13.058087 0 0 1.0 0.0 0.0 1.0 0.0 0.0 0.0 0.0 0.0 0.0 0.0 0.75 0.25 0.0 0.0 0.0 leishengchuan 3Сʱ_mousemovements
0 0 0 0 0 0 0 0 0 0 0 0 0 0 0 0 0 0 0 0 0 0 0 0 0 0 0 0 0 0 0 0 0 0 0 0 0 0 0 0 0 0 0 leishengchuan 3Сʱ_mousemovements
0 0 0 0 0 0 0 0 0 0 0 0 0 0 0 0 0 0 0 0 0 0 0 0 0 0 0 0 0 0 0 0 0 0 0 0 0 0 0 0 0 0 0 leishengchuan 3Сʱ_mousemovements
102.4334935 221.20126333333334 0 164.321304 689.59845 718.10289 0 0 74.103035 332.7665405 164.321304 280.158051 0 324.70968483333337 160.20592299999998 0 0.06666666666666667 0.13333333333333333 0.06666666666666667 0.06666666666666667 0.0 0.4 0.26666666666666666 0.0 52.295755400000004 156.26265325 10.401335 0.9230769230769231 0.06153846153846154 0.015384615384615385 0.5333333333333333 0.2 0.0 0.06666666666666667 0.06666666666666667 0.13333333333333333 0.0 0.0 0.5423728813559322 0.2033898305084746 0.13559322033898305 0.1016949152542373 0.01694915254237288 leishengchuan 3Сʱ_mousemovements
101.4378405 0 0 0 0 0 0 0 0 502.144257 0 0 10.955711 12.835389 18.348623 53.387352 0.0 0.16666666666666666 0.0 0.0 0.3333333333333333 0.16666666666666666 0.16666666666666666 0.16666666666666666 50.71892025 0 0 1.0 0.0 0.0 1.0 0.0 0.0 0.0 0.0 0.0 0.0 0.0 0.5 0.4 0.0 0.0 0.1 leishengchuan 3Сʱ_mousemovements
32.1593655 0 0 0 0 0 0 0 0 0 0 0 37.848213 32.051281 29.368983999999998 0 0.0 0.0 0.0 0.0 0.25 0.25 0.5 0.0 16.07968275 0 0 1.0 0.0 0.0 1.0 0.0 0.0 0.0 0.0 0.0 0.0 0.0 0.3333333333333333 0.3333333333333333 0.0 0.3333333333333333 0.0 leishengchuan 3Сʱ_mousemovements
279.17892542857146 628.5183946666666 322.60537733333337 0 0 0 0 0 825.979523 0 0 267.0692494 121.972519 424.111328 40.497372 203.8788795 0.23076923076923078 0.0 0.0 0.38461538461538464 0.07692307692307693 0.07692307692307693 0.07692307692307693 0.15384615384615385 123.97143734210525 48.3545875 0 0.95 0.05 0.0 0.5384615384615384 0.23076923076923078 0.23076923076923078 0.0 0.0 0.0 0.0 0.0 0.6129032258064516 0.1935483870967742 0.0967741935483871 0.0967741935483871 0.0 leishengchuan 3Сʱ_mousemovements
53.850827941176455 226.79109749999998 301.5060575 327.512604 0 0 911.424072 0 327.512604 19.83738675 95.34497933333334 302.573013 94.166111 54.2987 196.7791607 101.812912 0.04 0.16 0.12 0.08 0.08 0.08 0.4 0.04 43.10746234567901 24.696115142857142 0 0.9204545454545454 0.07954545454545454 0.0 0.68 0.16 0.08 0.04 0.0 0.0 0.04 0.0 0.5662650602409639 0.21686746987951808 0.08433734939759036 0.08433734939759036 0.04819277108433735 leishengchuan 3Сʱ_mousemovements
0 0 0 0 0 0 0 0 0 0 0 0 0 0 0 0 0 0 0 0 0 0 0 0 0 0 0 0 0 0 0 0 0 0 0 0 0 0 0 0 0 0 0 leishengchuan 3Сʱ_mousemovements
0 0 0 0 0 0 0 0 0 0 0 0 0 0 0 0 0 0 0 0 0 0 0 0 0 0 0 0 0 0 0 0 0 0 0 0 0 0 0 0 0 0 0 leishengchuan 3Сʱ_mousemovements
0 0 0 0 0 0 0 0 0 0 0 0 0 0 0 0 0 0 0 0 0 0 0 0 0 0 0 0 0 0 0 0 0 0 0 0 0 0 0 0 0 0 0 leishengchuan 3Сʱ_mousemovements
0 0 0 0 0 0 0 0 0 0 0 0 0 0 0 0 0 0 0 0 0 0 0 0 0 0 0 0 0 0 0 0 0 0 0 0 0 0 0 0 0 0 0 leishengchuan 3Сʱ_mousemovements
0 0 0 0 0 0 0 0 0 0 0 0 0 0 0 0 0 0 0 0 0 0 0 0 0 0 0 0 0 0 0 0 0 0 0 0 0 0 0 0 0 0 0 leishengchuan 3Сʱ_mousemovements
