57.351818630434785 301.77994925 475.01594925 0 0 486.96025099999997 0 0 334.23535933333335 93.12250746153845 134.34998055555553 93.92018 21.052844 161.70747492307692 62.528791727272726 92.29310733333334 0.05357142857142857 0.23214285714285715 0.16071428571428573 0.03571428571428571 0.03571428571428571 0.23214285714285715 0.19642857142857142 0.05357142857142857 29.846907244791655 63.2855768 71.1651588 0.927536231884058 0.04830917874396135 0.024154589371980676 0.8214285714285714 0.07142857142857142 0.07142857142857142 0.0 0.0 0.03571428571428571 0.0 0.0 0.6137566137566137 0.23809523809523808 0.07407407407407407 0.0582010582010582 0.015873015873015872 leishengchuan 3Сʱ_mousemovements
339.394684 0 0 0 0 0 0 0 0 339.394684 0 0 0 0 0 0 0.0 1.0 0.0 0.0 0.0 0.0 0.0 0.0 56.56578066666666 0 0 1.0 0.0 0.0 1.0 0.0 0.0 0.0 0.0 0.0 0.0 0.0 0.6 0.4 0.0 0.0 0.0 leishengchuan 3Сʱ_mousemovements
0 0 0 0 0 0 0 0 0 0 0 0 0 0 0 0 0 0 0 0 0 0 0 0 0.0 0 0 1.0 0.0 0.0 0 0 0 0 0 0 0 0 1.0 0.0 0.0 0.0 0.0 leishengchuan 3Сʱ_mousemovements
108.094548625 1145.3072103333334 1246.3745726666666 1151.622314 647.9892885 0 0 0 0 578.13793525 511.94997399999994 0 0 318.77036300000003 925.2079436666668 131.442215 0.0 0.23529411764705882 0.17647058823529413 0.0 0.0 0.17647058823529413 0.35294117647058826 0.058823529411764705 176.9510393148148 0 155.34108433333333 0.9 0.0 0.1 0.47058823529411764 0.17647058823529413 0.17647058823529413 0.058823529411764705 0.11764705882352941 0.0 0.0 0.0 0.18867924528301888 0.660377358490566 0.05660377358490566 0.07547169811320754 0.018867924528301886 leishengchuan 3Сʱ_mousemovements
0 0 0 0 0 0 0 0 0 0 0 0 0 0 0 0 0 0 0 0 0 0 0 0 0 0 0 0 0 0 0 0 0 0 0 0 0 0 0 0 0 0 0 leishengchuan 3Сʱ_mousemovements
128.660587125 223.985092 2004.35144 0 0 0 0 0 0 0 0 94.31026019999999 557.2139856 0 0 0 0.0 0.0 0.0 0.5 0.5 0.0 0.0 0.0 125.29312419230769 0 0 1.0 0.0 0.0 0.8 0.1 0.1 0.0 0.0 0.0 0.0 0.0 0.5294117647058824 0.23529411764705882 0.11764705882352941 0.11764705882352941 0.0 leishengchuan 3Сʱ_mousemovements
132.33039800000003 484.31308999999993 1406.7884522 1172.7932584 2078.967285 3303.687012 0 0 1633.7179336666668 191.12905775000002 186.61503833333333 727.6442830000001 785.3177491666665 787.50844575 278.049508 163.46213033333333 0.17142857142857143 0.11428571428571428 0.08571428571428572 0.11428571428571428 0.17142857142857143 0.11428571428571428 0.05714285714285714 0.17142857142857143 215.9177119333333 0 84.96648922222222 0.9210526315789473 0.0 0.07894736842105263 0.4857142857142857 0.17142857142857143 0.14285714285714285 0.14285714285714285 0.02857142857142857 0.02857142857142857 0.0 0.0 0.336734693877551 0.5714285714285714 0.061224489795918366 0.030612244897959183 0.0 leishengchuan 3Сʱ_mousemovements
162.99880211764707 660.206421 807.5233766666666 845.5767823333332 719.483521 0 0 0 381.38867175 634.7383698 0 719.483521 105.29438799999998 383.9267946 51.66460175 416.354818 0.16 0.2 0.0 0.04 0.12 0.2 0.16 0.12 114.60755406329112 12.0998275 3.786987 0.9294117647058824 0.047058823529411764 0.023529411764705882 0.68 0.04 0.12 0.12 0.04 0.0 0.0 0.0 0.5375 0.35 0.0375 0.05 0.025 leishengchuan 3Сʱ_mousemovements
91.92468207692309 102.85405 421.53225299999997 0 0 0 548.79071 0 427.308105 548.79071 6.08221 152.8052655 288.313095 24.113857000000003 43.02594666666667 340.49837475000004 0.05263157894736842 0.05263157894736842 0.05263157894736842 0.10526315789473684 0.10526315789473684 0.10526315789473684 0.3157894736842105 0.21052631578947367 44.57972688607595 0 5.4981075 0.9753086419753086 0.0 0.024691358024691357 0.6842105263157895 0.05263157894736842 0.21052631578947367 0.0 0.0 0.0 0.05263157894736842 0.0 0.4931506849315068 0.3424657534246575 0.0821917808219178 0.0410958904109589 0.0410958904109589 leishengchuan 3Сʱ_mousemovements
113.1825142448979 254.43714583333335 0 0 1605.654175 602.5127255 813.953491 0 377.606446125 219.5050061 25.641026 261.10149633333333 151.58145115384616 154.920669 30.254053 95.92300407692308 0.13559322033898305 0.1694915254237288 0.01694915254237288 0.05084745762711865 0.22033898305084745 0.15254237288135594 0.03389830508474576 0.22033898305084745 58.02287878857146 145.29839133333334 53.650114 0.9722222222222222 0.016666666666666666 0.011111111111111112 0.8305084745762712 0.1016949152542373 0.0 0.0 0.01694915254237288 0.03389830508474576 0.01694915254237288 0.0 0.6296296296296297 0.2222222222222222 0.09259259259259259 0.037037037037037035 0.018518518518518517 leishengchuan 3Сʱ_mousemovements
131.231644 0 0 173.332962 0 0 0 0 0 173.332962 0 0 0 131.231644 0 0 0.0 0.5 0.0 0.0 0.0 0.5 0.0 0.0 25.380383833333337 0 0 1.0 0.0 0.0 0.5 0.0 0.0 0.5 0.0 0.0 0.0 0.0 0.7777777777777778 0.2222222222222222 0.0 0.0 0.0 leishengchuan 3Сʱ_mousemovements
0 0 0 0 0 0 0 0 0 0 0 0 0 0 0 0 0 0 0 0 0 0 0 0 0.0 0 0 1.0 0.0 0.0 0 0 0 0 0 0 0 0 1.0 0.0 0.0 0.0 0.0 leishengchuan 3Сʱ_mousemovements
109.47773852941178 449.952576 474.1342165 276.048584 635.632202 0 0 0 449.952576 113.33402366666667 0 3.032932 368.4831848 26.50375 85.81220085714287 293.975647 0.045454545454545456 0.13636363636363635 0.0 0.045454545454545456 0.22727272727272727 0.09090909090909091 0.3181818181818182 0.13636363636363635 50.82915143902439 0 3.032932 0.9879518072289156 0.0 0.012048192771084338 0.7727272727272727 0.045454545454545456 0.09090909090909091 0.045454545454545456 0.045454545454545456 0.0 0.0 0.0 0.5540540540540541 0.1891891891891892 0.17567567567567569 0.06756756756756757 0.013513513513513514 leishengchuan 3Сʱ_mousemovements
92.26707968749999 845.4225566666668 309.722473 461.129639 638.095215 528.20813 0 0 220.50270783333335 717.498459 333.3539885 18.348623 71.925860875 356.8808934375 105.75239350000001 7.092198 0.13636363636363635 0.045454545454545456 0.045454545454545456 0.022727272727272728 0.18181818181818182 0.36363636363636365 0.18181818181818182 0.022727272727272728 61.421490098039214 12.267028999999999 144.95753125000002 0.9386503067484663 0.012269938650306749 0.049079754601226995 0.7272727272727273 0.13636363636363635 0.06818181818181818 0.022727272727272728 0.022727272727272728 0.022727272727272728 0.0 0.0 0.4965986394557823 0.2925170068027211 0.11564625850340136 0.061224489795918366 0.034013605442176874 leishengchuan 3Сʱ_mousemovements
125.23370578260871 637.149877 0 462.307312 0 807.304688 432.240356 1333.578674 637.3475010000001 25.641026 284.4670565 125.564713 181.85284118181818 490.53742400000004 497.35095250000006 173.17079433333333 0.09375 0.03125 0.0625 0.03125 0.34375 0.125 0.125 0.1875 94.33780903960395 46.959721 48.063446 0.9805825242718447 0.009708737864077669 0.009708737864077669 0.71875 0.09375 0.0 0.0625 0.0 0.03125 0.03125 0.0625 0.5862068965517241 0.22988505747126436 0.09195402298850575 0.05747126436781609 0.034482758620689655 leishengchuan 3Сʱ_mousemovements
129.7164166071429 0 299.014526 1103.614502 359.14502 0 0 0 451.630081 94.69593333333334 457.96023174999993 83.7837245 88.1814584 79.33937075 73.64844275 164.88840414285713 0.06451612903225806 0.0967741935483871 0.12903225806451613 0.06451612903225806 0.16129032258064516 0.12903225806451613 0.12903225806451613 0.22580645161290322 45.84135944347826 10.638298 55.7195395 0.9745762711864406 0.00847457627118644 0.01694915254237288 0.9032258064516129 0.0 0.03225806451612903 0.03225806451612903 0.03225806451612903 0.0 0.0 0.0 0.6018518518518519 0.2222222222222222 0.1111111111111111 0.037037037037037035 0.027777777777777776 leishengchuan 3Сʱ_mousemovements
120.0562303333333 524.6491241250001 329.2922124285714 579.1966349999999 1461.8363267500001 945.4319419999999 1308.5525972500002 229.24852 470.8753952380952 252.17092533333334 664.5090280000001 212.39620314285713 711.6653602857142 210.75041333333334 105.46693755555557 157.9876519375 0.23076923076923078 0.06593406593406594 0.03296703296703297 0.07692307692307693 0.15384615384615385 0.06593406593406594 0.1978021978021978 0.17582417582417584 117.27671949166668 35.70417615384615 240.645902625 0.9195402298850575 0.04980842911877394 0.03065134099616858 0.6593406593406593 0.08791208791208792 0.07692307692307693 0.03296703296703297 0.04395604395604396 0.04395604395604396 0.04395604395604396 0.01098901098901099 0.5294117647058824 0.2689075630252101 0.15126050420168066 0.02100840336134454 0.029411764705882353 leishengchuan 3Сʱ_mousemovements
107.00728261904763 221.74864466666668 418.916428 637.8799846666666 548.7597246666668 2889.023682 528.104553 404.716187 238.85853615384616 181.0863580833333 108.42203925 503.1978046666666 218.44907439999997 207.62205000000003 259.3407846 202.67887260000003 0.23214285714285715 0.21428571428571427 0.07142857142857142 0.10714285714285714 0.08928571428571429 0.10714285714285714 0.08928571428571429 0.08928571428571429 79.30564938650306 11.902793249999998 202.3580935 0.9644970414201184 0.023668639053254437 0.011834319526627219 0.75 0.05357142857142857 0.03571428571428571 0.05357142857142857 0.05357142857142857 0.017857142857142856 0.017857142857142856 0.017857142857142856 0.5704697986577181 0.2751677852348993 0.0738255033557047 0.06040268456375839 0.020134228187919462 leishengchuan 3Сʱ_mousemovements
117.34859729999998 244.0313497142857 460.9272915 912.040512 347.127716 939.730164 589.952515 798.31308 232.99880662500001 244.76530666666667 668.501171 178.7616505 150.06979584615385 536.1716718571428 121.85025064705881 192.54848757142858 0.11764705882352941 0.17647058823529413 0.029411764705882353 0.029411764705882353 0.19117647058823528 0.10294117647058823 0.25 0.10294117647058823 69.9491778080808 42.2410372 122.43226554545454 0.9041095890410958 0.045662100456621 0.0502283105022831 0.7352941176470589 0.10294117647058823 0.029411764705882353 0.058823529411764705 0.014705882352941176 0.014705882352941176 0.014705882352941176 0.029411764705882353 0.4950980392156863 0.3627450980392157 0.058823529411764705 0.058823529411764705 0.024509803921568627 leishengchuan 3Сʱ_mousemovements
97.97767876923076 351.90232599999996 315.27198128571433 1099.5607850000001 1282.624247285714 979.652527 1961.096008 930.812012 1180.8705016666665 608.2597641818182 156.20542774999998 352.84915379999995 205.23468350000002 504.22250030769226 240.17128311111114 148.25450233333333 0.08823529411764706 0.16176470588235295 0.11764705882352941 0.07352941176470588 0.14705882352941177 0.19117647058823528 0.1323529411764706 0.08823529411764706 130.93162501960785 26.60323577777778 187.34961024999998 0.9230769230769231 0.04072398190045249 0.03619909502262444 0.5735294117647058 0.08823529411764706 0.10294117647058823 0.07352941176470588 0.10294117647058823 0.014705882352941176 0.029411764705882353 0.014705882352941176 0.44607843137254904 0.3627450980392157 0.06862745098039216 0.07352941176470588 0.049019607843137254 leishengchuan 3Сʱ_mousemovements
103.30245777777778 0 1020.3367755 1229.09433 320.570068 745.025024 0 0 72.131226 461.32890525000005 1324.016449 320.570068 74.50685675000001 685.118958 285.8403256666666 1282.9364500000001 0.05263157894736842 0.21052631578947367 0.10526315789473684 0.05263157894736842 0.21052631578947367 0.05263157894736842 0.15789473684210525 0.15789473684210525 213.87263646938777 20.514385 37.6264765 0.9423076923076923 0.019230769230769232 0.038461538461538464 0.47368421052631576 0.0 0.3157894736842105 0.10526315789473684 0.05263157894736842 0.05263157894736842 0.0 0.0 0.4318181818181818 0.4318181818181818 0.06818181818181818 0.045454545454545456 0.022727272727272728 leishengchuan 3Сʱ_mousemovements
77.57415799999998 615.4685363333333 968.168823 629.273865 0 0 0 0 539.223511 403.7608686666667 326.34317 0 55.771464 77.0215 56.499356 27.543464999999998 0.08695652173913043 0.2608695652173913 0.08695652173913043 0.0 0.13043478260869565 0.08695652173913043 0.21739130434782608 0.13043478260869565 64.30748078666664 17.122082 0 0.9868421052631579 0.013157894736842105 0.0 0.782608695652174 0.13043478260869565 0.043478260869565216 0.043478260869565216 0.0 0.0 0.0 0.0 0.6376811594202898 0.21739130434782608 0.10144927536231885 0.043478260869565216 0.0 leishengchuan 3Сʱ_mousemovements
66.64590717857142 1328.332764 0 0 0 0 0 0 145.65712325 38.808794999999996 0 82.303154 102.348007 417.826051 37.70931246666667 30.273876 0.13793103448275862 0.06896551724137931 0.0 0.06896551724137931 0.034482758620689655 0.13793103448275862 0.5172413793103449 0.034482758620689655 31.317825147058823 0 0 1.0 0.0 0.0 0.9655172413793104 0.034482758620689655 0.0 0.0 0.0 0.0 0.0 0.0 0.6881720430107527 0.22580645161290322 0.03225806451612903 0.021505376344086023 0.03225806451612903 leishengchuan 3Сʱ_mousemovements
98.0294059787234 158.268112 174.399124 487.176147 836.702896 884.165039 0 0 213.69443900000002 254.495446875 127.72133133333334 93.7696065 127.73139439999999 143.2671535 69.3175534 62.34607400000001 0.1320754716981132 0.1509433962264151 0.05660377358490566 0.03773584905660377 0.2830188679245283 0.18867924528301888 0.09433962264150944 0.05660377358490566 48.17105596969697 28.571428 4.000316 0.9821428571428571 0.005952380952380952 0.011904761904761904 0.8867924528301887 0.018867924528301886 0.018867924528301886 0.018867924528301886 0.03773584905660377 0.018867924528301886 0.0 0.0 0.6756756756756757 0.19594594594594594 0.07432432432432433 0.04054054054054054 0.013513513513513514 leishengchuan 3Сʱ_mousemovements
117.19984026315787 296.373161 0 0 0 0 0 0 0 66.19656375 51.367221 95.45797 108.31301880000001 202.29991520000002 63.53225066666667 612.903198 0.0 0.19047619047619047 0.09523809523809523 0.047619047619047616 0.23809523809523808 0.23809523809523808 0.14285714285714285 0.047619047619047616 38.7120300923077 34.565991499999996 117.064674 0.9420289855072463 0.028985507246376812 0.028985507246376812 0.9047619047619048 0.09523809523809523 0.0 0.0 0.0 0.0 0.0 0.0 0.5573770491803278 0.36065573770491804 0.04918032786885246 0.0 0.03278688524590164 leishengchuan 3Сʱ_mousemovements
111.08504061538461 405.0982407142857 563.693522 319.71631866666667 0 864.249756 1784.124023 0 245.8118875 294.391995 219.64926150000002 135.53308866666669 227.78434928571428 877.6881103333334 182.878699875 33.6143015 0.14634146341463414 0.24390243902439024 0.04878048780487805 0.07317073170731707 0.17073170731707318 0.07317073170731707 0.1951219512195122 0.04878048780487805 89.56177847107439 5.372852999999999 84.70414400000001 0.9603174603174603 0.023809523809523808 0.015873015873015872 0.6341463414634146 0.17073170731707318 0.07317073170731707 0.07317073170731707 0.0 0.024390243902439025 0.024390243902439025 0.0 0.5175438596491229 0.2894736842105263 0.08771929824561403 0.06140350877192982 0.043859649122807015 leishengchuan 3Сʱ_mousemovements
62.30053614285715 153.410004 0 0 0 0 0 0 0 66.67037733333332 98.440247 38.73716 30.190749999999998 94.280907 159.01291700000002 46.387495 0.0 0.2 0.06666666666666667 0.06666666666666667 0.2 0.06666666666666667 0.13333333333333333 0.26666666666666666 16.279643015873017 0 0 1.0 0.0 0.0 0.9333333333333333 0.06666666666666667 0.0 0.0 0.0 0.0 0.0 0.0 0.6363636363636364 0.21818181818181817 0.07272727272727272 0.05454545454545454 0.01818181818181818 leishengchuan 3Сʱ_mousemovements
80.90731929166667 0 334.025085 0 0 672.137207 1786.147705 0 104.618369 174.94905 38.05687 81.834763 99.024311 437.90153040000007 203.154324 50.17577533333334 0.14814814814814814 0.07407407407407407 0.037037037037037035 0.037037037037037035 0.25925925925925924 0.18518518518518517 0.14814814814814814 0.1111111111111111 43.1881554950495 19.028435 334.025085 0.9711538461538461 0.019230769230769232 0.009615384615384616 0.8888888888888888 0.0 0.037037037037037035 0.0 0.0 0.037037037037037035 0.037037037037037035 0.0 0.6923076923076923 0.1978021978021978 0.03296703296703297 0.04395604395604396 0.03296703296703297 leishengchuan 3Сʱ_mousemovements
83.75698742105263 296.0970812 676.9182435 0 0 1005.364075 0 0 262.19498766666663 199.93642216666663 132.75086375 182.60479500000002 5.319149 212.37804425 57.38567316666666 144.51087433333333 0.13636363636363635 0.13636363636363635 0.09090909090909091 0.09090909090909091 0.045454545454545456 0.09090909090909091 0.13636363636363635 0.2727272727272727 36.19449063218391 141.722024 5.333333333333333 0.9560439560439561 0.027472527472527472 0.016483516483516484 0.8260869565217391 0.10869565217391304 0.043478260869565216 0.0 0.0 0.021739130434782608 0.0 0.0 0.6586826347305389 0.17365269461077845 0.11976047904191617 0.029940119760479042 0.017964071856287425 leishengchuan 3Сʱ_mousemovements
82.69321796428572 360.3627134 573.8051109999999 574.3603515 496.724121 1220.693726 695.341309 341.291779 317.356086 296.8612064545454 175.07650133333334 102.51850999999999 93.324781 241.69050178571428 66.34528584615384 158.0767159 0.11267605633802817 0.15492957746478872 0.04225352112676056 0.056338028169014086 0.11267605633802817 0.19718309859154928 0.18309859154929578 0.14084507042253522 57.99137287214611 10.0006558 287.926613 0.9690265486725663 0.022123893805309734 0.008849557522123894 0.7777777777777778 0.06944444444444445 0.05555555555555555 0.027777777777777776 0.013888888888888888 0.013888888888888888 0.027777777777777776 0.013888888888888888 0.6066350710900474 0.23222748815165878 0.09004739336492891 0.05687203791469194 0.014218009478672985 leishengchuan 3Сʱ_mousemovements
27.287251444444443 0 342.764099 0 0 0 0 0 0 0 0 0 342.764099 26.807627999999998 29.5441038 17.44186 0.0 0.0 0.0 0.0 0.1 0.3 0.5 0.1 18.385917562499998 0 0.0 0.9696969696969697 0.0 0.030303030303030304 0.9 0.0 0.1 0.0 0.0 0.0 0.0 0.0 0.48 0.36 0.04 0.12 0.0 leishengchuan 3Сʱ_mousemovements
129.7138240769231 102.658127 704.966858 0 0 0 1578.112549 0 250.23644000000002 632.068627 105.16782 0 178.0120695 39.174261 213.322994 0 0.17647058823529413 0.23529411764705882 0.11764705882352941 0.0 0.11764705882352941 0.11764705882352941 0.23529411764705882 0.0 105.6903823863636 31.651819999999997 0 0.9166666666666666 0.08333333333333333 0.0 0.7647058823529411 0.058823529411764705 0.11764705882352941 0.0 0.0 0.0 0.058823529411764705 0.0 0.47619047619047616 0.38095238095238093 0.14285714285714285 0.0 0.0 leishengchuan 3Сʱ_mousemovements
0 0 0 0 0 0 0 0 0 0 0 0 0 0 0 0 0 0 0 0 0 0 0 0 0 0 0 0 0 0 0 0 0 0 0 0 0 0 0 0 0 0 0 leishengchuan 3Сʱ_mousemovements
102.4334935 221.20126333333334 0 164.321304 689.59845 718.10289 0 0 74.103035 332.7665405 164.321304 280.158051 0 324.70968483333337 160.20592299999998 0 0.06666666666666667 0.13333333333333333 0.06666666666666667 0.06666666666666667 0.0 0.4 0.26666666666666666 0.0 52.295755400000004 156.26265325 10.401335 0.9230769230769231 0.06153846153846154 0.015384615384615385 0.5333333333333333 0.2 0.0 0.06666666666666667 0.06666666666666667 0.13333333333333333 0.0 0.0 0.5423728813559322 0.2033898305084746 0.13559322033898305 0.1016949152542373 0.01694915254237288 leishengchuan 3Сʱ_mousemovements
73.7264505 0 0 0 0 0 0 0 0 502.144257 0 0 19.919878333333333 22.443335 25.695530333333334 53.387352 0.0 0.1 0.0 0.0 0.3 0.2 0.3 0.1 36.86322525 0 0 1.0 0.0 0.0 1.0 0.0 0.0 0.0 0.0 0.0 0.0 0.0 0.4375 0.375 0.0 0.125 0.0625 leishengchuan 3Сʱ_mousemovements
279.17892542857146 628.5183946666666 322.60537733333337 0 0 0 0 0 825.979523 0 0 267.0692494 121.972519 424.111328 40.497372 203.8788795 0.23076923076923078 0.0 0.0 0.38461538461538464 0.07692307692307693 0.07692307692307693 0.07692307692307693 0.15384615384615385 123.97143734210525 48.3545875 0 0.95 0.05 0.0 0.5384615384615384 0.23076923076923078 0.23076923076923078 0.0 0.0 0.0 0.0 0.0 0.6129032258064516 0.1935483870967742 0.0967741935483871 0.0967741935483871 0.0 leishengchuan 3Сʱ_mousemovements
53.850827941176455 226.79109749999998 301.5060575 327.512604 0 0 911.424072 0 327.512604 19.83738675 95.34497933333334 302.573013 94.166111 54.2987 196.7791607 101.812912 0.04 0.16 0.12 0.08 0.08 0.08 0.4 0.04 43.10746234567901 24.696115142857142 0 0.9204545454545454 0.07954545454545454 0.0 0.68 0.16 0.08 0.04 0.0 0.0 0.04 0.0 0.5662650602409639 0.21686746987951808 0.08433734939759036 0.08433734939759036 0.04819277108433735 leishengchuan 3Сʱ_mousemovements
0 0 0 0 0 0 0 0 0 0 0 0 0 0 0 0 0 0 0 0 0 0 0 0 0 0 0 0 0 0 0 0 0 0 0 0 0 0 0 0 0 0 0 leishengchuan 3Сʱ_mousemovements
0 0 0 0 0 0 0 0 0 0 0 0 0 0 0 0 0 0 0 0 0 0 0 0 0 0 0 0 0 0 0 0 0 0 0 0 0 0 0 0 0 0 0 leishengchuan 3Сʱ_mousemovements
0 0 0 0 0 0 0 0 0 0 0 0 0 0 0 0 0 0 0 0 0 0 0 0 0 0 0 0 0 0 0 0 0 0 0 0 0 0 0 0 0 0 0 leishengchuan 3Сʱ_mousemovements
