86.94175383333332 384.34947950000003 0 0 1148.059326 0 791.613403 2359.915039 0 125.664894 166.016671 272.878692 42.5371076 217.611618 431.39840125 540.967987 0.0 0.06896551724137931 0.13793103448275862 0.3793103448275862 0.1724137931034483 0.034482758620689655 0.13793103448275862 0.06896551724137931 79.48638711688314 0 344.812337 0.9625 0.0 0.0375 0.8275862068965517 0.06896551724137931 0.0 0.0 0.034482758620689655 0.0 0.034482758620689655 0.034482758620689655 0.6212121212121212 0.16666666666666666 0.13636363636363635 0.030303030303030304 0.045454545454545456 wanghe 9Сʱ_mousemovements
56.91005200000001 839.103455 0 404.322571 561.306458 1221.088623 0 0 1221.088623 0 83.226677 178.6926246666667 286.982343 839.103455 0 0 0.125 0.0 0.125 0.375 0.25 0.125 0.0 0.0 180.74785083333333 0 0 1.0 0.0 0.0 0.5 0.125 0.0 0.125 0.125 0.125 0.0 0.0 0.5454545454545454 0.0 0.2727272727272727 0.09090909090909091 0.09090909090909091 wanghe 9Сʱ_mousemovements
127.58669795238096 342.94940966666667 238.8667335 315.938599 0 570.698853 0 274.940399 185.17526249999997 207.77774042857143 185.109408 651.960632 75.478712 217.7304663333333 24.214281 54.627419 0.06451612903225806 0.22580645161290322 0.1935483870967742 0.03225806451612903 0.06451612903225806 0.2903225806451613 0.0967741935483871 0.03225806451612903 70.25979601315788 138.7517205 103.9828665 0.95 0.025 0.025 0.6774193548387096 0.0967741935483871 0.12903225806451613 0.03225806451612903 0.0 0.03225806451612903 0.0 0.03225806451612903 0.5714285714285714 0.22857142857142856 0.14285714285714285 0.02857142857142857 0.02857142857142857 wanghe 9Сʱ_mousemovements
46.689158500000005 379.694061 0 473.733215 0 0 0 0 0.0 0 473.733215 0 0 0 62.25221133333334 379.694061 0.16666666666666666 0.0 0.16666666666666666 0.0 0.0 0.0 0.5 0.16666666666666666 65.011494375 0 0 1.0 0.0 0.0 0.6666666666666666 0.16666666666666666 0.0 0.16666666666666666 0.0 0.0 0.0 0.0 0.6428571428571429 0.14285714285714285 0.14285714285714285 0.07142857142857142 0.0 wanghe 9Сʱ_mousemovements
147.54861735714286 179.19039619999998 0 240.17897799999997 0 0 0 0 336.116425 134.1252405 0 145.2187775 92.93312199999998 181.634154625 124.1697615 276.536438 0.047619047619047616 0.09523809523809523 0.0 0.19047619047619047 0.14285714285714285 0.38095238095238093 0.09523809523809523 0.047619047619047616 64.65011133333333 0 169.392618 0.96 0.0 0.04 0.6666666666666666 0.23809523809523808 0.0 0.09523809523809523 0.0 0.0 0.0 0.0 0.6176470588235294 0.058823529411764705 0.11764705882352941 0.14705882352941177 0.058823529411764705 wanghe 9Сʱ_mousemovements
121.15389957894737 349.36499000000003 0 825.4718475 426.724182 0 0 0 373.74130233333335 0 274.97882475 392.357208 128.91427570000002 91.536789 398.31815066666667 80.92892733333333 0.21428571428571427 0.0 0.14285714285714285 0.03571428571428571 0.35714285714285715 0.03571428571428571 0.10714285714285714 0.10714285714285714 52.04213445263158 0 160.91383279999997 0.9047619047619048 0.0 0.09523809523809523 0.6785714285714286 0.17857142857142858 0.0 0.07142857142857142 0.07142857142857142 0.0 0.0 0.0 0.5842696629213483 0.19101123595505617 0.15730337078651685 0.033707865168539325 0.033707865168539325 wanghe 9Сʱ_mousemovements
124.97063877777782 289.9740296666667 0 402.122772 517.843628 0 641.0578 662.1166385 517.843628 134.38110075 598.046509 222.842331 111.35687799999998 274.0150368 581.867203 240.50791149999998 0.038461538461538464 0.15384615384615385 0.038461538461538464 0.038461538461538464 0.38461538461538464 0.19230769230769232 0.07692307692307693 0.07692307692307693 56.12038038235295 0 364.7441996666667 0.918918918918919 0.0 0.08108108108108109 0.6923076923076923 0.11538461538461539 0.0 0.038461538461538464 0.038461538461538464 0.0 0.038461538461538464 0.07692307692307693 0.6271186440677966 0.2033898305084746 0.0847457627118644 0.03389830508474576 0.05084745762711865 wanghe 9Сʱ_mousemovements
169.98363555555554 567.8827515 0 527.42378825 747.1744385 0 842.112793 2382.4691159999998 992.868652 86.22304 636.8047945000001 405.138367 69.91156266666667 538.957682 1111.6178694999999 659.7058119999999 0.05 0.1 0.1 0.05 0.15 0.1 0.2 0.25 190.14440337735851 19.503546 352.01056140000003 0.8833333333333333 0.03333333333333333 0.08333333333333333 0.45 0.1 0.0 0.2 0.1 0.0 0.05 0.1 0.5416666666666666 0.22916666666666666 0.125 0.08333333333333333 0.020833333333333332 wanghe 9Сʱ_mousemovements
120.5934906 381.96400027272733 0 684.3890383333334 1050.008728 0 0 457.517059 568.1558836666667 540.267662 597.89971925 235.0867522 525.1889515 573.0219626666667 217.298573 189.230168 0.1 0.06666666666666667 0.13333333333333333 0.16666666666666666 0.13333333333333333 0.1 0.23333333333333334 0.06666666666666667 104.12591259302324 0 311.65791709999996 0.8958333333333334 0.0 0.10416666666666667 0.3333333333333333 0.36666666666666664 0.0 0.2 0.06666666666666667 0.0 0.0 0.03333333333333333 0.5 0.18604651162790697 0.12790697674418605 0.11627906976744186 0.06976744186046512 wanghe 9Сʱ_mousemovements
152.4238959047619 456.3292681666667 576.3168822 1408.212769 670.632263 466.386719 497.863464 1073.051392 134.8867775 683.5908873999999 323.673613 78.86137442857141 435.3768373333334 327.123783 413.8213146666667 383.2525326 0.05405405405405406 0.13513513513513514 0.13513513513513514 0.1891891891891892 0.16216216216216217 0.10810810810810811 0.08108108108108109 0.13513513513513514 125.32488571999994 0 67.3533115 0.9433962264150944 0.0 0.05660377358490566 0.5675675675675675 0.16216216216216217 0.13513513513513514 0.02702702702702703 0.02702702702702703 0.02702702702702703 0.02702702702702703 0.02702702702702703 0.5053763440860215 0.2903225806451613 0.10752688172043011 0.043010752688172046 0.053763440860215055 wanghe 9Сʱ_mousemovements
199.30285600000002 344.26185625 197.274216 531.09729 0 0 892.0174153333334 770.502121 434.327454 305.59385760000004 269.0126345 0 533.119019 581.3194918571429 370.148987 242.740311 0.05555555555555555 0.2777777777777778 0.1111111111111111 0.0 0.05555555555555555 0.3888888888888889 0.05555555555555555 0.05555555555555555 186.8206615 0 242.740311 0.975609756097561 0.0 0.024390243902439025 0.3333333333333333 0.2222222222222222 0.1111111111111111 0.05555555555555555 0.0 0.0 0.16666666666666666 0.1111111111111111 0.5135135135135135 0.21621621621621623 0.02702702702702703 0.16216216216216217 0.08108108108108109 wanghe 9Сʱ_mousemovements
384.3508749999999 319.492584 0 169.900558 293.171387 0 0 0 0 293.171387 0 0 330.73829574999996 319.492584 0 0 0.0 0.16666666666666666 0.0 0.0 0.6666666666666666 0.16666666666666666 0.0 0.0 129.0411436 0 0 1.0 0.0 0.0 0.5 0.16666666666666666 0.0 0.16666666666666666 0.16666666666666666 0.0 0.0 0.0 0.5454545454545454 0.18181818181818182 0.09090909090909091 0.18181818181818182 0.0 wanghe 9Сʱ_mousemovements
215.9856156842105 282.743477 548.78894 1540.7732545 710.745453 335.445374 1488.977295 0 86.94197449999999 529.5590123333333 591.6333695000001 140.6209145 345.6962551666666 641.64276275 647.72285475 98.363129 0.13333333333333333 0.1 0.13333333333333333 0.06666666666666667 0.2 0.13333333333333333 0.13333333333333333 0.1 132.2465196463415 26.368196 206.7278038333333 0.9213483146067416 0.011235955056179775 0.06741573033707865 0.6333333333333333 0.13333333333333333 0.03333333333333333 0.06666666666666667 0.06666666666666667 0.03333333333333333 0.03333333333333333 0.0 0.524390243902439 0.25609756097560976 0.14634146341463414 0.04878048780487805 0.024390243902439025 wanghe 9Сʱ_mousemovements
276.8466625 0 916.396973 0 0 2166.617188 0 0 0 1006.2325440000001 53.610302 44.368553000000006 420.69979675 91.239586 916.396973 0 0.0 0.25 0.08333333333333333 0.16666666666666666 0.3333333333333333 0.08333333333333333 0.08333333333333333 0.0 208.98145664285715 0 0 1.0 0.0 0.0 0.8333333333333334 0.0 0.08333333333333333 0.0 0.0 0.08333333333333333 0.0 0.0 0.5217391304347826 0.30434782608695654 0.17391304347826086 0.0 0.0 wanghe 9Сʱ_mousemovements
233.43102511904766 0 477.29298400000005 0 0 0 0 0 141.77721466666665 161.21277675 947.564575 0 450.8043157272727 145.4546526 219.65214600000002 92.2357038 0.13636363636363635 0.2727272727272727 0.022727272727272728 0.0 0.25 0.11363636363636363 0.09090909090909091 0.11363636363636363 92.74731916379311 0 0 1.0 0.0 0.0 0.9545454545454546 0.0 0.045454545454545456 0.0 0.0 0.0 0.0 0.0 0.5327102803738317 0.308411214953271 0.102803738317757 0.04672897196261682 0.009345794392523364 wanghe 9Сʱ_mousemovements
117.481497173913 432.5022658333334 148.628693 1035.952026 0 1295.879395 1311.828735 0 59.87278933333334 797.006809 447.13176733333324 301.62786366666666 74.46792866666667 138.97866825 107.01504037500001 249.309149 0.09090909090909091 0.12121212121212122 0.18181818181818182 0.09090909090909091 0.09090909090909091 0.12121212121212122 0.24242424242424243 0.06060606060606061 42.572394422764226 10.638298 226.01965099999998 0.8723404255319149 0.0070921985815602835 0.12056737588652482 0.696969696969697 0.18181818181818182 0.030303030303030304 0.030303030303030304 0.0 0.030303030303030304 0.030303030303030304 0.0 0.6194029850746269 0.19402985074626866 0.12686567164179105 0.04477611940298507 0.014925373134328358 wanghe 9Сʱ_mousemovements
146.97815737499997 375.40931420000004 380.248016 319.728653 621.688599 925.7885983999998 0 723.365051 291.72266633333334 281.418193 413.4054426666667 513.2197266666666 89.13083999999999 1099.9664 230.36576228571425 323.93762200000003 0.0967741935483871 0.1935483870967742 0.1935483870967742 0.0967741935483871 0.06451612903225806 0.06451612903225806 0.22580645161290322 0.06451612903225806 111.91182228205129 263.359929 287.9674398 0.896551724137931 0.04597701149425287 0.05747126436781609 0.5161290322580645 0.16129032258064516 0.03225806451612903 0.06451612903225806 0.03225806451612903 0.16129032258064516 0.0 0.03225806451612903 0.5714285714285714 0.16883116883116883 0.12987012987012986 0.07792207792207792 0.05194805194805195 wanghe 9Сʱ_mousemovements
74.48579838461538 0 397.7232515 0 1663.03302 794.439941 0 781.419983 0 1011.148071 585.2561593333334 39.9762085 53.605203 109.15016725000001 549.6547456666666 0 0.0 0.03125 0.09375 0.125 0.3125 0.25 0.1875 0.0 106.02782256944445 0 0 1.0 0.0 0.0 0.8125 0.0 0.0625 0.0 0.0625 0.03125 0.0 0.03125 0.5254237288135594 0.1864406779661017 0.1864406779661017 0.06779661016949153 0.03389830508474576 wanghe 9Сʱ_mousemovements
150.9625876111111 219.474823 299.889801 801.157087 891.1275939999999 0 0 0 739.5844345 325.23572175 94.5498965 0 216.92157 351.9395245 82.16967199999999 354.89579449999997 0.08 0.16 0.08 0.0 0.04 0.32 0.08 0.24 106.92416823287672 508.080963 0 0.9864864864864865 0.013513513513513514 0.0 0.6923076923076923 0.038461538461538464 0.038461538461538464 0.11538461538461539 0.11538461538461539 0.0 0.0 0.0 0.5161290322580645 0.3064516129032258 0.08064516129032258 0.04838709677419355 0.04838709677419355 wanghe 9Сʱ_mousemovements
76.4443902 0 0 0 0 0 0 0 0 0 0 0 0 0 0 80.52059566666667 0.0 0.0 0.0 0.0 0.0 0.0 0.0 1.0 21.234552833333332 0 0 1.0 0.0 0.0 1.0 0.0 0.0 0.0 0.0 0.0 0.0 0.0 0.5 0.35714285714285715 0.07142857142857142 0.07142857142857142 0.0 wanghe 9Сʱ_mousemovements
183.511392125 0 1603.943726 0 0 0 0 0 0 0 1603.943726 0 455.811798 82.06090075 228.01191199999997 0 0.0 0.0 0.1111111111111111 0.0 0.1111111111111111 0.4444444444444444 0.3333333333333333 0.0 153.60174315 0 0 1.0 0.0 0.0 0.8888888888888888 0.0 0.1111111111111111 0.0 0.0 0.0 0.0 0.0 0.7142857142857143 0.21428571428571427 0.07142857142857142 0.0 0.0 wanghe 9Сʱ_mousemovements
0 0 0 0 0 0 0 0 0 0 0 0 0 0 0 0 0 0 0 0 0 0 0 0 0 0 0 0 0 0 0 0 0 0 0 0 0 0 0 0 0 0 0 wanghe 9Сʱ_mousemovements
0 0 0 0 0 0 0 0 0 0 0 0 0 0 0 0 0 0 0 0 0 0 0 0 0 0 0 0 0 0 0 0 0 0 0 0 0 0 0 0 0 0 0 wanghe 9Сʱ_mousemovements
293.82312766666666 350.022644 0 0 0 5253.353516 0 0 0 0 0 0 307.87300675 0 0 5253.353516 0.0 0.0 0.0 0.0 0.8 0.0 0.0 0.2 589.5314129999999 0 0 1.0 0.0 0.0 0.6 0.2 0.0 0.0 0.0 0.2 0.0 0.0 0.7142857142857143 0.2857142857142857 0.0 0.0 0.0 wanghe 9Сʱ_mousemovements
105.87555694117646 654.195516 409.37100999999996 1057.912689 0 0 553.61908 680.732056 474.88834133333336 98.397335 812.097697 0 113.9823475 317.06548949999996 202.000052125 63.639357999999994 0.11538461538461539 0.07692307692307693 0.11538461538461539 0.0 0.07692307692307693 0.23076923076923078 0.3076923076923077 0.07692307692307693 98.38875847142853 362.801926 79.64315125 0.9210526315789473 0.02631578947368421 0.05263157894736842 0.6538461538461539 0.11538461538461539 0.07692307692307693 0.07692307692307693 0.0 0.0 0.038461538461538464 0.038461538461538464 0.5507246376811594 0.34782608695652173 0.07246376811594203 0.014492753623188406 0.014492753623188406 wanghe 9Сʱ_mousemovements
137.33356874999998 538.649719 865.835449 3004.144043 0 844.122986 0 299.659821 148.936172 379.26752600000003 571.8914035 349.231873 366.373291 971.0769212499999 172.63598100000002 0 0.05555555555555555 0.16666666666666666 0.1111111111111111 0.05555555555555555 0.05555555555555555 0.2222222222222222 0.3333333333333333 0.0 155.81727144897957 299.659821 65.772085 0.9423076923076923 0.019230769230769232 0.038461538461538464 0.6666666666666666 0.05555555555555555 0.1111111111111111 0.05555555555555555 0.0 0.05555555555555555 0.0 0.05555555555555555 0.6511627906976745 0.18604651162790697 0.06976744186046512 0.046511627906976744 0.046511627906976744 wanghe 9Сʱ_mousemovements
204.77170869230773 350.36261 0 0 0 0 0 0 0 83.784134 339.044075 224.626709 358.71641575 0 268.149994 91.20798500000001 0.0 0.13333333333333333 0.13333333333333333 0.13333333333333333 0.26666666666666666 0.0 0.06666666666666667 0.26666666666666666 101.90174039393939 0 0 1.0 0.0 0.0 0.8666666666666667 0.13333333333333333 0.0 0.0 0.0 0.0 0.0 0.0 0.46153846153846156 0.3076923076923077 0.07692307692307693 0.07692307692307693 0.07692307692307693 wanghe 9Сʱ_mousemovements
219.6912775 628.205139 1052.057373 0 0 0 0 0 0 1052.057373 0 0 0 426.562042 320.512826 0 0.0 0.25 0.0 0.0 0.0 0.25 0.5 0.0 351.13742566666673 12.820513 0 0.8571428571428571 0.14285714285714285 0.0 0.5 0.25 0.25 0.0 0.0 0.0 0.0 0.0 0.5 0.3333333333333333 0.0 0.0 0.16666666666666666 wanghe 9Сʱ_mousemovements
118.3791935 367.937592 575.811157 0 0 697.895081 0 0 0 0 367.937592 0 575.811157 226.08223 0 354.285619 0.0 0.0 0.2 0.0 0.2 0.2 0.0 0.4 124.51507066666666 0 10.676157 0.9375 0.0 0.0625 0.4 0.2 0.2 0.0 0.0 0.2 0.0 0.0 0.5 0.35714285714285715 0.07142857142857142 0.07142857142857142 0.0 wanghe 9Сʱ_mousemovements
124.23823666666668 290.27742 0 524.457336 573.3156584999999 634.918152 0 0 634.918152 290.018829 290.536011 0 234.80741650000002 309.3691215 705.815491 249.634796 0.1111111111111111 0.1111111111111111 0.1111111111111111 0.0 0.2222222222222222 0.2222222222222222 0.1111111111111111 0.1111111111111111 104.47411747368422 159.408918 477.72514349999994 0.8260869565217391 0.08695652173913043 0.08695652173913043 0.3333333333333333 0.2222222222222222 0.0 0.1111111111111111 0.2222222222222222 0.1111111111111111 0.0 0.0 0.7 0.05 0.1 0.1 0.05 wanghe 9Сʱ_mousemovements
482.90093 0 1104.787842 0 0 0 645.677979 0 0 0 645.677979 587.32605 655.388194 0 0 0 0.0 0.0 0.2 0.2 0.6 0.0 0.0 0.0 196.4223563076923 0 645.677979 0.9285714285714286 0.0 0.07142857142857142 0.6 0.0 0.2 0.0 0.0 0.0 0.2 0.0 0.7272727272727273 0.18181818181818182 0.0 0.0 0.09090909090909091 wanghe 9Сʱ_mousemovements
84.504689 0 0 0 0 0 0 0 0 0 0 0 68.54282300000001 116.428421 0 0 0.0 0.0 0.0 0.0 0.6666666666666666 0.3333333333333333 0.0 0.0 30.87092775 6.546645 0 0.8888888888888888 0.1111111111111111 0.0 1.0 0.0 0.0 0.0 0.0 0.0 0.0 0.0 0.7142857142857143 0.14285714285714285 0.14285714285714285 0.0 0.0 wanghe 9Сʱ_mousemovements
150.17609355 697.730656625 1082.3802469999998 1393.0281372499999 1986.2002256666667 0 0 0 302.89687575 347.9642703333334 700.657602 891.1662031666668 19.849419 1179.3062136666665 951.1583212857142 297.15238214285716 0.10256410256410256 0.15384615384615385 0.1282051282051282 0.15384615384615385 0.02564102564102564 0.07692307692307693 0.1794871794871795 0.1794871794871795 173.8546612313433 35.4192125 98.02166436363636 0.9115646258503401 0.013605442176870748 0.07482993197278912 0.5128205128205128 0.20512820512820512 0.10256410256410256 0.10256410256410256 0.07692307692307693 0.0 0.0 0.0 0.3923076923076923 0.4307692307692308 0.09230769230769231 0.07692307692307693 0.007692307692307693 wanghe 9Сʱ_mousemovements
149.0177285882353 382.9204385714285 1007.4789226666667 930.7092285 0 0 2922.429199 0 140.405245 199.76287516666662 591.7890951666667 377.947815 144.05256533333332 165.09787 689.7041207500001 559.561203 0.06666666666666667 0.2 0.2 0.06666666666666667 0.1 0.03333333333333333 0.26666666666666666 0.06666666666666667 135.38112588043478 126.53674500000001 77.97295224999999 0.9387755102040817 0.02040816326530612 0.04081632653061224 0.5666666666666667 0.23333333333333334 0.1 0.06666666666666667 0.0 0.0 0.03333333333333333 0.0 0.41379310344827586 0.40229885057471265 0.08045977011494253 0.04597701149425287 0.05747126436781609 wanghe 9Сʱ_mousemovements
125.29421400000001 249.1783853333333 1265.5877276666668 0 0 0 4691.500977 1720.50769 0 364.8817974 88.634399 1139.7561033333334 406.3820495 0 766.438962125 219.909897 0.0 0.23809523809523808 0.09523809523809523 0.14285714285714285 0.09523809523809523 0.0 0.38095238095238093 0.047619047619047616 157.83888026582278 39.391907 15.293667999999997 0.9294117647058824 0.011764705882352941 0.058823529411764705 0.6190476190476191 0.14285714285714285 0.14285714285714285 0.0 0.0 0.0 0.047619047619047616 0.047619047619047616 0.43037974683544306 0.43037974683544306 0.08860759493670886 0.0379746835443038 0.012658227848101266 wanghe 9Сʱ_mousemovements
0 0 0 0 0 0 0 0 0 0 0 0 0 0 0 0 0 0 0 0 0 0 0 0 0 0 0 0 0 0 0 0 0 0 0 0 0 0 0 0 0 0 0 wanghe 9Сʱ_mousemovements
0 0 0 0 0 0 0 0 0 0 0 0 0 0 0 0 0 0 0 0 0 0 0 0 0 0 0 0 0 0 0 0 0 0 0 0 0 0 0 0 0 0 0 wanghe 9Сʱ_mousemovements
129.661552625 421.30860525 317.558216 0 0 0 1018.597168 0 564.252197 386.607051 157.98164 0 1018.597168 192.2490835 186.05789950000002 105.72375199999999 0.058823529411764705 0.29411764705882354 0.11764705882352941 0.0 0.058823529411764705 0.11764705882352941 0.11764705882352941 0.23529411764705882 97.58368211627908 95.068436 180.04752675 0.8958333333333334 0.020833333333333332 0.08333333333333333 0.47058823529411764 0.23529411764705882 0.23529411764705882 0.0 0.0 0.0 0.058823529411764705 0.0 0.525 0.225 0.1 0.05 0.1 wanghe 9Сʱ_mousemovements
122.36344831578946 312.2302095 550.53186 1139.578369 630.961975 0 0 0 0 1139.578369 570.9022215 164.430771 244.94641066666668 85.00404875000001 221.22159066666669 116.33147860000001 0.0 0.041666666666666664 0.08333333333333333 0.08333333333333333 0.125 0.3333333333333333 0.125 0.20833333333333334 73.54320373333333 0 428.92295850000005 0.967741935483871 0.0 0.03225806451612903 0.7916666666666666 0.08333333333333333 0.041666666666666664 0.041666666666666664 0.041666666666666664 0.0 0.0 0.0 0.5769230769230769 0.3076923076923077 0.038461538461538464 0.057692307692307696 0.019230769230769232 wanghe 9Сʱ_mousemovements
123.77737669230768 478.1635079999999 453.283569 0 355.3436693333333 0 0 0 566.0084075 233.649816 0 98.66845 21.338839 287.65599050000003 188.33850583333333 235.75251 0.1 0.15 0.0 0.15 0.05 0.1 0.3 0.15 30.222217125 21.338839 268.8595788571429 0.9166666666666666 0.010416666666666666 0.07291666666666667 0.65 0.15 0.05 0.0 0.15 0.0 0.0 0.0 0.5581395348837209 0.2558139534883721 0.09302325581395349 0.046511627906976744 0.046511627906976744 wanghe 9Сʱ_mousemovements
119.29803736363634 439.05440266666665 908.4113465 1153.2554526666665 961.154724 824.837646 400.582153 0 336.507253 323.42742799999996 653.294105625 656.534058 811.6393889999999 645.032104 164.39755953846154 69.99115425 0.08108108108108109 0.10810810810810811 0.21621621621621623 0.02702702702702703 0.08108108108108109 0.02702702702702703 0.35135135135135137 0.10810810810810811 105.94889576190477 97.81240099999998 226.5130278 0.8898305084745762 0.025423728813559324 0.0847457627118644 0.5945945945945946 0.16216216216216217 0.05405405405405406 0.08108108108108109 0.05405405405405406 0.02702702702702703 0.02702702702702703 0.0 0.5229357798165137 0.28440366972477066 0.12844036697247707 0.01834862385321101 0.045871559633027525 wanghe 9Сʱ_mousemovements
121.89671488888891 310.67470549999996 346.8327636666666 0 792.9691284 550.095825 708.0455322 1018.421753 261.29359416666665 11.627907 655.101654 562.1079712857144 68.432671 21.505377 521.2707258571428 610.1931362500001 0.20689655172413793 0.034482758620689655 0.06896551724137931 0.2413793103448276 0.034482758620689655 0.034482758620689655 0.2413793103448276 0.13793103448275862 52.97187189655173 11.627907 493.16314652941173 0.8285714285714286 0.009523809523809525 0.1619047619047619 0.3103448275862069 0.13793103448275862 0.10344827586206896 0.0 0.1724137931034483 0.06896551724137931 0.1724137931034483 0.034482758620689655 0.6632653061224489 0.07142857142857142 0.07142857142857142 0.1326530612244898 0.061224489795918366 wanghe 9Сʱ_mousemovements
125.2900333125 421.59668725 457.47423299999997 836.363108 657.592896 0 0 0 203.455307 310.94754875 270.194247 271.31880140000004 553.7890232499999 265.287262 237.56573849999998 229.929095 0.037037037037037035 0.14814814814814814 0.1111111111111111 0.18518518518518517 0.14814814814814814 0.07407407407407407 0.14814814814814814 0.14814814814814814 81.89885911594203 22.3176535 281.6084016666666 0.8625 0.025 0.1125 0.5925925925925926 0.14814814814814814 0.1111111111111111 0.1111111111111111 0.037037037037037035 0.0 0.0 0.0 0.547945205479452 0.2191780821917808 0.1506849315068493 0.0547945205479452 0.0273972602739726 wanghe 9Сʱ_mousemovements
115.45965227272728 348.506775 0 0 0 746.5102845 866.282043 865.255615 0 487.6718925 319.46198133333337 279.7443755 133.349319 305.8590126666667 123.34939166666668 464.4640825 0.0 0.125 0.1875 0.125 0.0625 0.1875 0.1875 0.125 30.29316091304348 25.641026 489.14210700000007 0.8518518518518519 0.018518518518518517 0.12962962962962962 0.6875 0.0625 0.0 0.0 0.0 0.125 0.0625 0.0625 0.6530612244897959 0.08163265306122448 0.10204081632653061 0.08163265306122448 0.08163265306122448 wanghe 9Сʱ_mousemovements
153.3537288 478.4566956666666 697.1185 0 0 1836.282593 557.415894 0 761.857544 839.5661623333332 615.145203 148.17775 257.99824033333334 75.242173 290.9097263333333 225.368256 0.058823529411764705 0.17647058823529413 0.11764705882352941 0.058823529411764705 0.17647058823529413 0.17647058823529413 0.17647058823529413 0.058823529411764705 161.74050315384616 10.638298 146.10831366666667 0.9069767441860465 0.023255813953488372 0.06976744186046512 0.5882352941176471 0.17647058823529413 0.11764705882352941 0.0 0.0 0.058823529411764705 0.058823529411764705 0.0 0.5161290322580645 0.1935483870967742 0.16129032258064516 0.03225806451612903 0.0967741935483871 wanghe 9Сʱ_mousemovements
287.3239225 0 0 0 0 0 0 0 0 0 0 0 287.3239225 0 0 0 0.0 0.0 0.0 0.0 1.0 0.0 0.0 0.0 143.66196125 0 0 1.0 0.0 0.0 1.0 0.0 0.0 0.0 0.0 0.0 0.0 0.0 1.0 0.0 0.0 0.0 0.0 wanghe 9Сʱ_mousemovements
0 0 0 0 0 0 0 0 0 0 0 0 0 0 0 0 0 0 0 0 0 0 0 0 0.0 0 0 1.0 0.0 0.0 0 0 0 0 0 0 0 0 0 0 0 0 0 wanghe 9Сʱ_mousemovements
0 0 0 0 0 0 0 0 0 0 0 0 0 0 0 0 0 0 0 0 0 0 0 0 0 0 0 0 0 0 0 0 0 0 0 0 0 0 0 0 0 0 0 wanghe 9Сʱ_mousemovements
0 0 0 0 0 0 0 0 0 0 0 0 0 0 0 0 0 0 0 0 0 0 0 0 0 0 0 0 0 0 0 0 0 0 0 0 0 0 0 0 0 0 0 wanghe 9Сʱ_mousemovements
205.05088878947367 610.4358473076924 1413.727539 1590.3371308 2026.4291016 2884.8885495 3328.012207 0 337.206408 29.909597 663.965346882353 1775.657349 743.255615 3328.012207 1591.802525125 778.5340511111111 0.10869565217391304 0.06521739130434782 0.3695652173913043 0.043478260869565216 0.021739130434782608 0.021739130434782608 0.17391304347826086 0.1956521739130435 298.5255416969697 0 85.13411708333332 0.9166666666666666 0.0 0.08333333333333333 0.41304347826086957 0.2826086956521739 0.021739130434782608 0.10869565217391304 0.10869565217391304 0.043478260869565216 0.021739130434782608 0.0 0.427536231884058 0.3695652173913043 0.15217391304347827 0.028985507246376812 0.021739130434782608 wanghe 9Сʱ_mousemovements
204.91867786666666 407.57223875 853.931938 1147.3621520000002 1112.502808 0 4012.834229 0 0 331.125405 767.90901925 202.351486 58.8199965 241.0125334 1072.408976625 346.46485333333334 0.0 0.14814814814814814 0.14814814814814814 0.037037037037037035 0.07407407407407407 0.18518518518518517 0.2962962962962963 0.1111111111111111 162.45708387058824 1247.625122 80.56349416666667 0.9239130434782609 0.010869565217391304 0.06521739130434782 0.5555555555555556 0.14814814814814814 0.14814814814814814 0.07407407407407407 0.037037037037037035 0.0 0.037037037037037035 0.0 0.38636363636363635 0.3977272727272727 0.17045454545454544 0.022727272727272728 0.022727272727272728 wanghe 9Сʱ_mousemovements
146.91009449999999 644.4157513333333 0 1006.983215 0 0 0 0 203.77880100000002 0 511.88743099999994 798.2794799999999 54.324348 0 23.809032 0 0.3 0.0 0.3 0.2 0.1 0.0 0.1 0.0 146.07238476923078 0 23.809032 0.9629629629629629 0.0 0.037037037037037035 0.6 0.3 0.0 0.1 0.0 0.0 0.0 0.0 0.44 0.48 0.04 0.04 0.0 wanghe 9Сʱ_mousemovements
159.96098384210526 769.2841109999999 511.2238486666667 1432.00128175 0 0 1488.064087 0 892.00817875 668.4588647142856 225.51592579999996 535.4798296666667 447.9995113333334 201.81210228571427 596.961919875 963.301392 0.10526315789473684 0.18421052631578946 0.13157894736842105 0.07894736842105263 0.07894736842105263 0.18421052631578946 0.21052631578947367 0.02631578947368421 143.1137824330709 17.648176 142.64948244444446 0.927007299270073 0.0072992700729927005 0.06569343065693431 0.5 0.21052631578947367 0.15789473684210525 0.10526315789473684 0.0 0.0 0.02631578947368421 0.0 0.37209302325581395 0.40310077519379844 0.15503875968992248 0.03875968992248062 0.031007751937984496 wanghe 9Сʱ_mousemovements
114.23300666666667 0 0 1018.762268 0 0 0 0 0 0 1018.762268 91.369232 125.664894 0 0 0 0.0 0.0 0.25 0.25 0.5 0.0 0.0 0.0 71.6558572631579 0 0 1.0 0.0 0.0 0.75 0.0 0.0 0.25 0.0 0.0 0.0 0.0 0.4444444444444444 0.5 0.05555555555555555 0.0 0.0 wanghe 9Сʱ_mousemovements
0 0 0 0 0 0 0 0 0 0 0 0 0 0 0 0 0 0 0 0 0 0 0 0 0 0 0 0 0 0 0 0 0 0 0 0 0 0 0 0 0 0 0 wanghe 9Сʱ_mousemovements
0 0 0 0 0 0 0 0 0 0 0 0 0 0 0 0 0 0 0 0 0 0 0 0 0 0 0 0 0 0 0 0 0 0 0 0 0 0 0 0 0 0 0 wanghe 9Сʱ_mousemovements
0 0 0 0 0 0 0 0 0 0 0 0 0 0 0 0 0 0 0 0 0 0 0 0 0 0 0 0 0 0 0 0 0 0 0 0 0 0 0 0 0 0 0 wanghe 9Сʱ_mousemovements
0 0 0 0 0 0 0 0 0 0 0 0 0 0 0 0 0 0 0 0 0 0 0 0 0 0 0 0 0 0 0 0 0 0 0 0 0 0 0 0 0 0 0 wanghe 9Сʱ_mousemovements
0 0 0 0 0 0 0 0 0 0 0 0 0 0 0 0 0 0 0 0 0 0 0 0 0 0 0 0 0 0 0 0 0 0 0 0 0 0 0 0 0 0 0 wanghe 9Сʱ_mousemovements
0 0 0 0 0 0 0 0 0 0 0 0 0 0 0 0 0 0 0 0 0 0 0 0 0 0 0 0 0 0 0 0 0 0 0 0 0 0 0 0 0 0 0 wanghe 9Сʱ_mousemovements
