184.22106600000004 169.37101 519.431885 734.5034485 1135.052612 834.2088624999999 0 0 519.431885 48.944271 699.1480865 0 545.2441216 0 265.0653312222222 131.4115065 0.05 0.05 0.1 0.0 0.25 0.0 0.45 0.1 109.88035255769233 21.276596 267.708167 0.8813559322033898 0.01694915254237288 0.1016949152542373 0.6 0.1 0.05 0.1 0.05 0.1 0.0 0.0 0.5918367346938775 0.22448979591836735 0.10204081632653061 0.08163265306122448 0.0 wanghe 5Сʱ_mousemovements
78.97982264705881 389.345113 591.184021 382.027527 542.9796905000001 0 1579.44104 0 403.113149 322.264145 93.374274 99.71895575 241.83544080000001 379.3441374 94.13793749999999 0 0.12 0.12 0.12 0.16 0.2 0.2 0.08 0.0 80.14127825675673 0 54.712425499999995 0.9487179487179487 0.0 0.05128205128205128 0.68 0.12 0.04 0.04 0.08 0.0 0.04 0.0 0.40625 0.265625 0.171875 0.109375 0.046875 wanghe 5Сʱ_mousemovements
100.11488673333334 256.537994 643.9138485000001 868.5570576666665 827.0700985 1004.093918 632.3543095 0 857.4834900000001 320.80190200000004 71.7128185 145.760825 614.0350771666666 626.3297390000001 129.8139725 386.8414286666666 0.06896551724137931 0.13793103448275862 0.06896551724137931 0.13793103448275862 0.20689655172413793 0.20689655172413793 0.06896551724137931 0.10344827586206896 81.4518569897959 12.974437 417.4298391818182 0.8909090909090909 0.00909090909090909 0.1 0.5172413793103449 0.034482758620689655 0.06896551724137931 0.10344827586206896 0.06896551724137931 0.13793103448275862 0.06896551724137931 0.0 0.5578947368421052 0.2 0.15789473684210525 0.042105263157894736 0.042105263157894736 wanghe 5Сʱ_mousemovements
106.22328544999998 252.142979 704.214868 586.145752 606.282547 0 1883.8080646666667 1152.4123736666668 563.2260743333333 570.7651807999999 185.2478428333333 411.468414 1097.9964969999999 326.83211324999996 191.147225 88.49040000000001 0.15384615384615385 0.1282051282051282 0.15384615384615385 0.02564102564102564 0.1794871794871795 0.10256410256410256 0.1282051282051282 0.1282051282051282 131.56753837962964 0 302.94890253846154 0.8925619834710744 0.0 0.10743801652892562 0.5128205128205128 0.10256410256410256 0.1282051282051282 0.05128205128205128 0.05128205128205128 0.0 0.07692307692307693 0.07692307692307693 0.5405405405405406 0.24324324324324326 0.16216216216216217 0.018018018018018018 0.036036036036036036 wanghe 5Сʱ_mousemovements
86.88534056666667 274.204628 392.05614233333336 312.353149 0 0 1272.701538 0 668.350769 115.57999050000001 0 150.17457583333334 96.35759594736844 384.701447 242.640765 30.064802 0.05405405405405406 0.10810810810810811 0.0 0.16216216216216217 0.5135135135135135 0.02702702702702703 0.10810810810810811 0.02702702702702703 67.15391127710843 0 171.20897549999998 0.9764705882352941 0.0 0.023529411764705882 0.8108108108108109 0.05405405405405406 0.08108108108108109 0.02702702702702703 0.0 0.0 0.02702702702702703 0.0 0.5070422535211268 0.2676056338028169 0.11267605633802817 0.056338028169014086 0.056338028169014086 wanghe 5Сʱ_mousemovements
99.57826914285715 193.917297 322.595459 0 567.0820520000001 0 0 0 182.08333549999998 272.32025166666665 0 75.7735595 243.69559479999998 236.4411133333333 6.734007 114.88160466666666 0.10526315789473684 0.15789473684210525 0.0 0.10526315789473684 0.2631578947368421 0.15789473684210525 0.05263157894736842 0.15789473684210525 67.3360464347826 0 257.198272 0.9583333333333334 0.0 0.041666666666666664 0.7368421052631579 0.05263157894736842 0.05263157894736842 0.0 0.15789473684210525 0.0 0.0 0.0 0.34210526315789475 0.2894736842105263 0.07894736842105263 0.15789473684210525 0.13157894736842105 wanghe 5Сʱ_mousemovements
123.24696099999998 192.39780166666665 0 0 0 1091.251953 0 1246.239746 714.462555 94.3145988 173.81612533333336 96.68719899999999 297.7716766 247.24590325 76.52661700000002 116.69862166666667 0.07142857142857142 0.17857142857142858 0.10714285714285714 0.07142857142857142 0.17857142857142858 0.14285714285714285 0.14285714285714285 0.10714285714285714 69.38114482432432 0 76.89506125 0.9024390243902439 0.0 0.0975609756097561 0.8214285714285714 0.10714285714285714 0.0 0.0 0.0 0.03571428571428571 0.0 0.03571428571428571 0.49295774647887325 0.28169014084507044 0.09859154929577464 0.07042253521126761 0.056338028169014086 wanghe 5Сʱ_mousemovements
178.5034384705882 534.417786 357.539734 385.7611385 0 903.8684390000001 0 0 1015.258057 245.93251633333333 367.67199700000003 79.2865286 357.7539458 346.8120555 0 148.30831166666667 0.043478260869565216 0.13043478260869565 0.08695652173913043 0.21739130434782608 0.21739130434782608 0.17391304347826086 0.0 0.13043478260869565 103.01749018644067 25.683123 134.02002833333333 0.9365079365079365 0.015873015873015872 0.047619047619047616 0.7391304347826086 0.043478260869565216 0.043478260869565216 0.08695652173913043 0.0 0.08695652173913043 0.0 0.0 0.4727272727272727 0.32727272727272727 0.10909090909090909 0.07272727272727272 0.01818181818181818 wanghe 5Сʱ_mousemovements
146.31932727272726 0 0 0 773.8934935 723.09137 1266.878052 1857.873413 0 723.09137 218.539346 212.49673966666668 0 757.7856445 0 651.0910895000001 0.0 0.0625 0.375 0.1875 0.0 0.25 0.0 0.125 160.76957681578946 0 298.63283433333334 0.926829268292683 0.0 0.07317073170731707 0.6875 0.0 0.0 0.0 0.125 0.0625 0.0625 0.0625 0.3611111111111111 0.25 0.19444444444444445 0.08333333333333333 0.1111111111111111 wanghe 5Сʱ_mousemovements
102.63784778571427 0 0 0 0 0 0 0 0 152.23986580000002 93.919441 44.263804400000005 31.888998 0 296.714081 0 0.0 0.35714285714285715 0.07142857142857142 0.35714285714285715 0.14285714285714285 0.0 0.07142857142857142 0.0 41.05513911428571 0 0 1.0 0.0 0.0 1.0 0.0 0.0 0.0 0.0 0.0 0.0 0.0 0.6153846153846154 0.3076923076923077 0.0 0.07692307692307693 0.0 wanghe 5Сʱ_mousemovements
181.53264559999997 0 518.205246 0 973.78894 0 1446.800415 2899.229126 489.23914600000006 225.92180500000003 277.776118 107.38872875000001 1446.800415 941.2782571666667 568.5031720000001 0 0.11538461538461539 0.23076923076923078 0.11538461538461539 0.15384615384615385 0.038461538461538464 0.23076923076923078 0.11538461538461539 0.0 197.4817072923077 13.179267 7.813834333333333 0.9285714285714286 0.02857142857142857 0.04285714285714286 0.7692307692307693 0.0 0.07692307692307693 0.0 0.038461538461538464 0.0 0.038461538461538464 0.07692307692307693 0.5471698113207547 0.20754716981132076 0.09433962264150944 0.05660377358490566 0.09433962264150944 wanghe 5Сʱ_mousemovements
62.5 0 0 0 0 0 0 0 0 0 0 0 0 0 62.5 0 0.0 0.0 0.0 0.0 0.0 0.0 1.0 0.0 31.25 0 0 1.0 0.0 0.0 1.0 0.0 0.0 0.0 0.0 0.0 0.0 0.0 1.0 0.0 0.0 0.0 0.0 wanghe 5Сʱ_mousemovements
0 0 0 0 0 0 0 0 0 0 0 0 0 0 0 0 0 0 0 0 0 0 0 0 0 0 0 0 0 0 0 0 0 0 0 0 0 0 0 0 0 0 0 wanghe 5Сʱ_mousemovements
169.29196933333333 0 0 0 0 0 0 0 0 0 0 0 0 0 118.088955 271.697998 0.0 0.0 0.0 0.0 0.0 0.0 0.6666666666666666 0.3333333333333333 52.63888442857142 0 139.403717 0.875 0.0 0.125 1.0 0.0 0.0 0.0 0.0 0.0 0.0 0.0 0.5714285714285714 0.42857142857142855 0.0 0.0 0.0 wanghe 5Сʱ_mousemovements
138.35309042857142 0 0 0 0 0 971.663757 0 86.95652 144.77865057142859 149.3180695 0 971.663757 21.744894 232.436554 0 0.07142857142857142 0.5 0.14285714285714285 0.0 0.07142857142857142 0.07142857142857142 0.14285714285714285 0.0 67.67336728947369 51.282051 142.86850750000002 0.926829268292683 0.024390243902439025 0.04878048780487805 0.9333333333333333 0.0 0.0 0.0 0.0 0.0 0.06666666666666667 0.0 0.631578947368421 0.23684210526315788 0.07894736842105263 0.02631578947368421 0.02631578947368421 wanghe 5Сʱ_mousemovements
152.47919159999998 252.0333555 0 0 0 0 831.879578 0 0 197.35673325 0 119.584091 67.129074 831.879578 0 290.322571 0.0 0.5 0.0 0.125 0.125 0.125 0.0 0.125 83.93368988 0 0.0 0.9615384615384616 0.0 0.038461538461538464 0.625 0.25 0.0 0.0 0.0 0.0 0.125 0.0 0.4782608695652174 0.34782608695652173 0.13043478260869565 0.043478260869565216 0.0 wanghe 5Сʱ_mousemovements
0 0 0 0 0 0 0 0 0 0 0 0 0 0 0 0 0 0 0 0 0 0 0 0 0 0 0 0 0 0 0 0 0 0 0 0 0 0 0 0 0 0 0 wanghe 5Сʱ_mousemovements
105.44537955555556 473.837219 0 1046.208725 0 0 0 533.75885 0 146.16350000000003 107.187431 0 115.6055565 533.75885 770.6515089999999 134.092514 0.0 0.38461538461538464 0.07692307692307693 0.0 0.15384615384615385 0.07692307692307693 0.23076923076923078 0.07692307692307693 108.21147463636363 473.837219 2.1030265 0.9166666666666666 0.027777777777777776 0.05555555555555555 0.6923076923076923 0.07692307692307693 0.0 0.15384615384615385 0.0 0.0 0.0 0.07692307692307693 0.6206896551724138 0.2413793103448276 0.06896551724137931 0.034482758620689655 0.034482758620689655 wanghe 5Сʱ_mousemovements
212.21209438461534 405.2799273333333 313.561096 0 1129.288574 0 2456.751465 1327.718933 0 352.62303144444445 304.64527200000003 308.907349 279.900665 1170.3930918333333 563.947388 275.15035650000004 0.0 0.391304347826087 0.08695652173913043 0.043478260869565216 0.08695652173913043 0.2608695652173913 0.043478260869565216 0.08695652173913043 180.0536180597015 0 144.92414960000002 0.9305555555555556 0.0 0.06944444444444445 0.5652173913043478 0.13043478260869565 0.043478260869565216 0.0 0.13043478260869565 0.0 0.043478260869565216 0.08695652173913043 0.48333333333333334 0.31666666666666665 0.11666666666666667 0.05 0.03333333333333333 wanghe 5Сʱ_mousemovements
72.73891130000001 822.7254029999999 0 812.335368 559.2409515 0 1017.130554 563.2291565 211.31906499999997 491.39065366666665 380.695625 77.948414 59.531132 835.5088503333333 491.1753865 304.421265 0.2 0.15 0.1 0.1 0.05 0.15 0.2 0.05 141.30067345238095 1066.2924195 4.703669 0.9333333333333333 0.044444444444444446 0.022222222222222223 0.5 0.1 0.0 0.15 0.1 0.0 0.05 0.1 0.3235294117647059 0.3235294117647059 0.23529411764705882 0.08823529411764706 0.029411764705882353 wanghe 5Сʱ_mousemovements
132.74142 268.6847046 0 0 647.184082 1354.501953 0 0 745.1096875 0 275.406769 0.0 158.0451405 282.3772036666666 303.944336 42.553192 0.1 0.0 0.05 0.05 0.4 0.3 0.05 0.05 121.12039970731705 0 104.81163 0.9761904761904762 0.0 0.023809523809523808 0.65 0.25 0.0 0.0 0.05 0.05 0.0 0.0 0.4166666666666667 0.16666666666666666 0.19444444444444445 0.19444444444444445 0.027777777777777776 wanghe 5Сʱ_mousemovements
111.80699687500001 484.15635199999997 0 804.691956 0 0 0 567.723389 0 256.44558725 527.501282 80.621498 0 344.9270386666667 15.873015 0 0.0 0.3076923076923077 0.07692307692307693 0.07692307692307693 0.0 0.46153846153846156 0.07692307692307693 0.0 164.393598625 230.67296149999999 166.350952 0.7619047619047619 0.19047619047619047 0.047619047619047616 0.6153846153846154 0.23076923076923078 0.0 0.07692307692307693 0.0 0.0 0.0 0.07692307692307693 0.5263157894736842 0.3684210526315789 0.10526315789473684 0.0 0.0 wanghe 5Сʱ_mousemovements
230.518851 1430.1089679999998 416.39200550000004 0 265.02002 0 0 0 3549.432861 677.532043 252.844057 265.02002 0 348.919347 0 35.256409 0.1111111111111111 0.1111111111111111 0.2222222222222222 0.1111111111111111 0.0 0.3333333333333333 0.0 0.1111111111111111 313.21463033333333 220.91207100000003 0 0.9 0.1 0.0 0.3333333333333333 0.3333333333333333 0.2222222222222222 0.0 0.1111111111111111 0.0 0.0 0.0 0.4666666666666667 0.4666666666666667 0.06666666666666667 0.0 0.0 wanghe 5Сʱ_mousemovements
207.54048390909094 211.555939 271.704346 1315.3162048 0 621.296936 0 0 0 783.34469625 1534.041748 0 64.7409322 684.2342835 343.978658 602.042633 0.0 0.21052631578947367 0.05263157894736842 0.0 0.2631578947368421 0.21052631578947367 0.15789473684210525 0.10526315789473684 204.56477695555554 245.68532333333334 21.612635 0.9183673469387755 0.061224489795918366 0.02040816326530612 0.5789473684210527 0.05263157894736842 0.05263157894736842 0.2631578947368421 0.0 0.05263157894736842 0.0 0.0 0.5853658536585366 0.24390243902439024 0.04878048780487805 0.024390243902439025 0.0975609756097561 wanghe 5Сʱ_mousemovements
228.70046582352938 479.5621303333333 2118.4487305000002 0 0 566.882385 698.347473 0 437.035652 194.05902600000002 424.940158 564.1578433333333 288.41136174999997 305.13215933333333 926.704067 347.320036 0.06666666666666667 0.1 0.13333333333333333 0.2 0.13333333333333333 0.1 0.13333333333333333 0.13333333333333333 235.444974 83.15071666666667 326.0195463333334 0.8983050847457628 0.05084745762711865 0.05084745762711865 0.5666666666666667 0.3 0.06666666666666667 0.0 0.0 0.03333333333333333 0.03333333333333333 0.0 0.45098039215686275 0.3333333333333333 0.0784313725490196 0.0784313725490196 0.058823529411764705 wanghe 5Сʱ_mousemovements
232.9649 0 262.7500915 0 0 977.526733 0 0 0 352.374527 52.895855 0 0 469.6116533333333 268.406647 0 0.0 0.2857142857142857 0.14285714285714285 0.0 0.0 0.42857142857142855 0.14285714285714285 0.0 76.55237370833333 262.7500915 72.129364 0.8888888888888888 0.07407407407407407 0.037037037037037035 0.5714285714285714 0.0 0.2857142857142857 0.0 0.0 0.14285714285714285 0.0 0.0 0.5 0.25 0.125 0.0 0.125 wanghe 5Сʱ_mousemovements
157.87631045454543 702.7116695 387.007744 1088.724976 0 0 0 0 0 538.3026505 494.075966 108.4996225 62.8787995 208.408249 565.607239 208.78043025 0.0 0.125 0.25 0.125 0.125 0.0625 0.0625 0.25 140.5862184705882 109.5232735 5.825243 0.918918918918919 0.05405405405405406 0.02702702702702703 0.6875 0.125 0.125 0.0625 0.0 0.0 0.0 0.0 0.4838709677419355 0.3225806451612903 0.16129032258064516 0.03225806451612903 0.0 wanghe 5Сʱ_mousemovements
108.26468933333332 0 0 983.973755 0 0 0 0 983.973755 0 0 108.26468933333332 0 0 0 0 0.25 0.0 0.0 0.75 0.0 0.0 0.0 0.0 182.16093885714287 33.641251 0 0.875 0.125 0.0 0.75 0.0 0.0 0.25 0.0 0.0 0.0 0.0 0.8571428571428571 0.14285714285714285 0.0 0.0 0.0 wanghe 5Сʱ_mousemovements
0 0 0 0 0 0 0 0 0 0 0 0 0 0 0 0 0 0 0 0 0 0 0 0 0 0 0 0 0 0 0 0 0 0 0 0 0 0 0 0 0 0 0 wanghe 5Сʱ_mousemovements
0 0 0 0 0 0 0 0 0 0 0 0 0 0 0 0 0 0 0 0 0 0 0 0 0 0 0 0 0 0 0 0 0 0 0 0 0 0 0 0 0 0 0 wanghe 5Сʱ_mousemovements
0 0 0 0 0 0 0 0 0 0 0 0 0 0 0 0 0 0 0 0 0 0 0 0 0 0 0 0 0 0 0 0 0 0 0 0 0 0 0 0 0 0 0 wanghe 5Сʱ_mousemovements
113.095056 331.75376900000003 421.3773655 372.57309 0 0 0 0 82.70892933333333 97.571199 127.54147699999999 221.02944549999998 336.0 0 404.326584 345.835693 0.14285714285714285 0.3333333333333333 0.14285714285714285 0.19047619047619047 0.047619047619047616 0.0 0.09523809523809523 0.047619047619047616 55.81734786440676 372.57309 22.559641 0.9672131147540983 0.01639344262295082 0.01639344262295082 0.7619047619047619 0.09523809523809523 0.09523809523809523 0.047619047619047616 0.0 0.0 0.0 0.0 0.5 0.26785714285714285 0.17857142857142858 0.017857142857142856 0.03571428571428571 wanghe 5Сʱ_mousemovements
91.10793166666667 0 0 379.723785 0 713.191986 453.586182 0 530.140457 55.9280165 123.17090200000001 41.488052 439.492584 239.48584000000002 22.255833 0 0.15384615384615385 0.15384615384615385 0.15384615384615385 0.07692307692307693 0.15384615384615385 0.23076923076923078 0.07692307692307693 0.0 77.76976242424243 41.488052 157.25837066666668 0.8918918918918919 0.02702702702702703 0.08108108108108109 0.6923076923076923 0.0 0.0 0.07692307692307693 0.0 0.15384615384615385 0.07692307692307693 0.0 0.5862068965517241 0.1724137931034483 0.034482758620689655 0.13793103448275862 0.06896551724137931 wanghe 5Сʱ_mousemovements
160.07538699999998 459.794876 1013.9264024285715 571.000092 0 0 0 0 531.6884845 680.0958559999999 441.9495282857143 182.28547166666667 1056.1573025 0 173.99418940000004 523.8756286 0.07692307692307693 0.07692307692307693 0.2692307692307692 0.11538461538461539 0.07692307692307693 0.0 0.19230769230769232 0.19230769230769232 157.0019628333333 54.545456 325.9014855 0.9295774647887324 0.014084507042253521 0.056338028169014086 0.5925925925925926 0.07407407407407407 0.25925925925925924 0.07407407407407407 0.0 0.0 0.0 0.0 0.5344827586206896 0.2413793103448276 0.13793103448275862 0.08620689655172414 0.0 wanghe 5Сʱ_mousemovements
96.774193 0 0 0 0 0 0 0 0 96.774193 0 0 0 0 0 0 0.0 1.0 0.0 0.0 0.0 0.0 0.0 0.0 48.3870965 0 0 1.0 0.0 0.0 1.0 0.0 0.0 0.0 0.0 0.0 0.0 0.0 1.0 0.0 0.0 0.0 0.0 wanghe 5Сʱ_mousemovements
0 0 0 0 0 0 0 0 0 0 0 0 0 0 0 0 0 0 0 0 0 0 0 0 0 0 0 0 0 0 0 0 0 0 0 0 0 0 0 0 0 0 0 wanghe 5Сʱ_mousemovements
0 0 0 0 0 0 0 0 0 0 0 0 0 0 0 0 0 0 0 0 0 0 0 0 0 0 0 0 0 0 0 0 0 0 0 0 0 0 0 0 0 0 0 wanghe 5Сʱ_mousemovements
0 0 0 0 0 0 0 0 0 0 0 0 0 0 0 0 0 0 0 0 0 0 0 0 0 0 0 0 0 0 0 0 0 0 0 0 0 0 0 0 0 0 0 wanghe 5Сʱ_mousemovements
0 0 0 0 0 0 0 0 0 0 0 0 0 0 0 0 0 0 0 0 0 0 0 0 0 0 0 0 0 0 0 0 0 0 0 0 0 0 0 0 0 0 0 wanghe 5Сʱ_mousemovements
418.686279 1005.515625 0 4091.953369 0 0 0 726.924438 0 0 726.924438 0 0 418.686279 4091.953369 1005.515625 0.0 0.0 0.25 0.0 0.0 0.25 0.25 0.25 693.6755234444445 0 0 1.0 0.0 0.0 0.25 0.25 0.0 0.25 0.0 0.0 0.0 0.25 0.6 0.4 0.0 0.0 0.0 wanghe 5Сʱ_mousemovements
0 0 0 0 0 0 0 0 0 0 0 0 0 0 0 0 0 0 0 0 0 0 0 0 0.0 0 0 1.0 0.0 0.0 0 0 0 0 0 0 0 0 1.0 0.0 0.0 0.0 0.0 wanghe 5Сʱ_mousemovements
0 0 0 0 0 0 0 0 0 0 0 0 0 0 0 0 0 0 0 0 0 0 0 0 0 0 0 0 0 0 0 0 0 0 0 0 0 0 0 0 0 0 0 wanghe 5Сʱ_mousemovements
0 0 0 0 0 0 0 0 0 0 0 0 0 0 0 0 0 0 0 0 0 0 0 0 0 0 0 0 0 0 0 0 0 0 0 0 0 0 0 0 0 0 0 wanghe 5Сʱ_mousemovements
0 0 0 0 0 0 0 0 0 0 0 0 0 0 0 0 0 0 0 0 0 0 0 0 0 0 0 0 0 0 0 0 0 0 0 0 0 0 0 0 0 0 0 wanghe 5Сʱ_mousemovements
0 0 0 0 0 0 0 0 0 0 0 0 0 0 0 0 0 0 0 0 0 0 0 0 0 0 0 0 0 0 0 0 0 0 0 0 0 0 0 0 0 0 0 wanghe 5Сʱ_mousemovements
0 0 0 0 0 0 0 0 0 0 0 0 0 0 0 0 0 0 0 0 0 0 0 0 0 0 0 0 0 0 0 0 0 0 0 0 0 0 0 0 0 0 0 wanghe 5Сʱ_mousemovements
0 0 0 0 0 0 0 0 0 0 0 0 0 0 0 0 0 0 0 0 0 0 0 0 0 0 0 0 0 0 0 0 0 0 0 0 0 0 0 0 0 0 0 wanghe 5Сʱ_mousemovements
0 0 0 0 0 0 0 0 0 0 0 0 0 0 0 0 0 0 0 0 0 0 0 0 0 0 0 0 0 0 0 0 0 0 0 0 0 0 0 0 0 0 0 wanghe 5Сʱ_mousemovements
129.74913615384617 431.78923939999993 0 322.726135 443.597351 0 0 0 371.9109345 286.1584013333333 322.726135 36.321423 169.947726 119.65132266666666 382.9857736666666 123.066177 0.1 0.15 0.05 0.05 0.3 0.15 0.15 0.05 62.347099063829795 25.641026 414.01344274999997 0.9038461538461539 0.019230769230769232 0.07692307692307693 0.65 0.25 0.0 0.05 0.05 0.0 0.0 0.0 0.5 0.2708333333333333 0.14583333333333334 0.041666666666666664 0.041666666666666664 wanghe 5Сʱ_mousemovements
95.96551735714284 525.212708 397.161078 788.2545718 1513.827789 839.5912476666666 1418.182007 0 398.47911999999997 974.3711455999999 732.447205 190.68754937500006 315.9993975 787.5290121666667 226.58649450000001 75.45128766666666 0.12903225806451613 0.16129032258064516 0.03225806451612903 0.25806451612903225 0.06451612903225806 0.1935483870967742 0.06451612903225806 0.0967741935483871 136.11462935106383 0.0 218.4049298888889 0.9038461538461539 0.009615384615384616 0.08653846153846154 0.45161290322580644 0.03225806451612903 0.16129032258064516 0.16129032258064516 0.06451612903225806 0.0967741935483871 0.03225806451612903 0.0 0.6067415730337079 0.1797752808988764 0.06741573033707865 0.10112359550561797 0.0449438202247191 wanghe 5Сʱ_mousemovements
187.36470533333332 0 922.1719515 3442.728027 972.762207 478.164032 251.755997 0 1345.2681603333333 393.78623949999997 0 0 0 868.8637165 495.3719445 0 0.3333333333333333 0.2222222222222222 0.0 0.0 0.0 0.2222222222222222 0.2222222222222222 0.0 200.11607561764708 0 249.30057033333333 0.918918918918919 0.0 0.08108108108108109 0.3333333333333333 0.0 0.2222222222222222 0.1111111111111111 0.1111111111111111 0.1111111111111111 0.1111111111111111 0.0 0.6296296296296297 0.14814814814814814 0.1111111111111111 0.07407407407407407 0.037037037037037035 wanghe 5Сʱ_mousemovements
134.24016372727272 371.81782499999997 458.053711 591.019592 384.151733 771.137512 714.234314 0 368.5295255 74.30397 249.13815025 283.195709 396.64313 338.4180196666667 235.1725234 777.59436 0.10526315789473684 0.05263157894736842 0.21052631578947367 0.05263157894736842 0.10526315789473684 0.15789473684210525 0.2631578947368421 0.05263157894736842 90.34157483018869 0 213.0010322 0.9137931034482759 0.0 0.08620689655172414 0.5789473684210527 0.10526315789473684 0.05263157894736842 0.05263157894736842 0.05263157894736842 0.05263157894736842 0.10526315789473684 0.0 0.5098039215686274 0.2549019607843137 0.13725490196078433 0.058823529411764705 0.0392156862745098 wanghe 5Сʱ_mousemovements
197.28427611111113 479.422516 648.1514435 617.802368 830.716888 0 2211.42041 0 108.77387999999999 1038.0411783333334 616.3129476666667 233.844788 189.29383833333335 338.7255055555555 231.63078640000003 514.110596 0.06666666666666667 0.1 0.2 0.03333333333333333 0.1 0.3 0.16666666666666666 0.03333333333333333 169.86367102777785 9.852217 104.01094366666666 0.9473684210526315 0.013157894736842105 0.039473684210526314 0.6 0.13333333333333333 0.13333333333333333 0.03333333333333333 0.06666666666666667 0.0 0.03333333333333333 0.0 0.53125 0.28125 0.109375 0.03125 0.046875 wanghe 5Сʱ_mousemovements
169.69124457142854 357.55107875000004 521.856323 0 609.021118 0 0 0 33.478535 99.86496 478.222463 0 89.10082650000001 185.839699 407.75713325 0 0.07692307692307693 0.07692307692307693 0.23076923076923078 0.0 0.15384615384615385 0.15384615384615385 0.3076923076923077 0.0 115.06663846875 0 33.3940185 0.9411764705882353 0.0 0.058823529411764705 0.5384615384615384 0.3076923076923077 0.07692307692307693 0.0 0.07692307692307693 0.0 0.0 0.0 0.3333333333333333 0.3333333333333333 0.18518518518518517 0.1111111111111111 0.037037037037037035 wanghe 5Сʱ_mousemovements
144.973878625 480.09729 475.15767080000006 0 972.6400604999999 0 0 0 682.288086 204.670982 1094.8834385 2.366051 241.039398 116.37799566666666 511.82765975 110.465118 0.058823529411764705 0.23529411764705882 0.11764705882352941 0.058823529411764705 0.058823529411764705 0.17647058823529413 0.23529411764705882 0.058823529411764705 100.4912574107143 0 162.7087338 0.9180327868852459 0.0 0.08196721311475409 0.47058823529411764 0.11764705882352941 0.29411764705882354 0.0 0.11764705882352941 0.0 0.0 0.0 0.391304347826087 0.2826086956521739 0.2391304347826087 0.0 0.08695652173913043 wanghe 5Сʱ_mousemovements
132.82473770000001 374.391418 859.227173 600.3730165 1033.7643739999999 0 0 0 661.8408890000001 433.5376015 205.9774625 118.393517 360.1899766 406.27473050000003 50.541426333333334 154.48053825 0.14285714285714285 0.07142857142857142 0.07142857142857142 0.03571428571428571 0.17857142857142858 0.14285714285714285 0.21428571428571427 0.14285714285714285 115.9899990923077 0 284.21892533333335 0.9558823529411765 0.0 0.04411764705882353 0.7142857142857143 0.07142857142857142 0.07142857142857142 0.07142857142857142 0.07142857142857142 0.0 0.0 0.0 0.5087719298245614 0.2807017543859649 0.12280701754385964 0.07017543859649122 0.017543859649122806 wanghe 5Сʱ_mousemovements
132.3585932 230.90880599999997 402.571991 0 709.6810607499999 457.778687 0 0 428.24955750000004 299.742344 228.291351 304.861786 118.82910016666666 499.6819455 295.014893 594.122898 0.1111111111111111 0.16666666666666666 0.05555555555555555 0.05555555555555555 0.3333333333333333 0.1111111111111111 0.05555555555555555 0.1111111111111111 64.39526779310344 0 437.38823325 0.9354838709677419 0.0 0.06451612903225806 0.5555555555555556 0.1111111111111111 0.05555555555555555 0.0 0.2222222222222222 0.05555555555555555 0.0 0.0 0.5208333333333334 0.2708333333333333 0.0625 0.10416666666666667 0.041666666666666664 wanghe 5Сʱ_mousemovements
648.1002833333333 0 0 0 0 0 0 0 0 143.01944 0 0 0 1734.614746 66.666664 0 0.0 0.3333333333333333 0.0 0.0 0.0 0.3333333333333333 0.3333333333333333 0.0 324.05014166666666 0 0 1.0 0.0 0.0 1.0 0.0 0.0 0.0 0.0 0.0 0.0 0.0 0.75 0.25 0.0 0.0 0.0 wanghe 5Сʱ_mousemovements
87.10965728571429 0 364.252808 677.681396 1288.180054 1975.86499 0 1662.0802 573.4157486666667 267.143463 1055.6892050000001 0 576.3603300000001 677.681396 1005.7316435 36.697247 0.23076923076923078 0.07692307692307693 0.15384615384615385 0.0 0.23076923076923078 0.07692307692307693 0.15384615384615385 0.07692307692307693 211.6610969736842 0.0 102.11407080000001 0.8636363636363636 0.022727272727272728 0.11363636363636363 0.5384615384615384 0.0 0.07692307692307693 0.07692307692307693 0.07692307692307693 0.15384615384615385 0.0 0.07692307692307693 0.45 0.225 0.2 0.075 0.05 wanghe 5Сʱ_mousemovements
106.84012190000001 0 386.0477393333333 394.110931 959.492462 1032.039886 0 0 0 527.3382366 0 150.14800250000002 468.70664600000003 269.7171765 78.804407 555.428772 0.0 0.2777777777777778 0.0 0.1111111111111111 0.2222222222222222 0.2222222222222222 0.1111111111111111 0.05555555555555555 94.75153463636364 0.0 198.912237 0.859375 0.03125 0.109375 0.5555555555555556 0.0 0.16666666666666666 0.05555555555555555 0.1111111111111111 0.1111111111111111 0.0 0.0 0.5272727272727272 0.16363636363636364 0.10909090909090909 0.14545454545454545 0.05454545454545454 wanghe 5Сʱ_mousemovements
