113.62060329545452 272.41765733333335 770.348816 0 821.2769773333333 0 876.880005 0 300.4155554444444 122.16321149999996 399.64862066666666 608.04187 46.636151333333345 61.83641733333332 301.90994266666667 107.145373 0.16363636363636364 0.32727272727272727 0.10909090909090909 0.03636363636363636 0.10909090909090909 0.05454545454545454 0.05454545454545454 0.14545454545454545 48.759375147727276 316.8420816666667 110.24508827272726 0.9263157894736842 0.015789473684210527 0.05789473684210526 0.8 0.10909090909090909 0.01818181818181818 0.0 0.05454545454545454 0.0 0.01818181818181818 0.0 0.6424242424242425 0.2545454545454545 0.048484848484848485 0.030303030303030304 0.024242424242424242 wangcheng 4Сʱ_mousemovements
130.45429796428567 473.1119333999999 517.8854166666666 928.0705693333331 711.1160585 684.2827299999999 1143.1077269999998 1159.995819 777.2021687 259.85479746153845 400.096849 636.2156248181818 189.45305450000004 333.55445944444443 689.4791162857143 498.27118483333334 0.15384615384615385 0.2 0.07692307692307693 0.16923076923076924 0.06153846153846154 0.13846153846153847 0.1076923076923077 0.09230769230769231 144.30535363829782 0 270.315703764706 0.9170731707317074 0.0 0.08292682926829269 0.4307692307692308 0.07692307692307693 0.13846153846153847 0.18461538461538463 0.03076923076923077 0.06153846153846154 0.046153846153846156 0.03076923076923077 0.6010928961748634 0.21311475409836064 0.07650273224043716 0.04918032786885246 0.060109289617486336 wangcheng 4Сʱ_mousemovements
99.14044802173915 279.459854 317.41717550000004 598.9755553333334 1589.6183469999999 902.3194119999999 648.741943 0 219.92600711111112 157.0131126842105 191.73315419999994 182.27183 176.79773781818182 723.757782 671.1198491428571 107.55088225 0.15 0.31666666666666665 0.08333333333333333 0.05 0.18333333333333332 0.03333333333333333 0.11666666666666667 0.06666666666666667 73.39939033160618 0 137.0525475 0.9698492462311558 0.0 0.03015075376884422 0.7666666666666667 0.03333333333333333 0.03333333333333333 0.05 0.03333333333333333 0.06666666666666667 0.016666666666666666 0.0 0.6610169491525424 0.1807909604519774 0.07909604519774012 0.03954802259887006 0.03954802259887006 wangcheng 4Сʱ_mousemovements
131.43399401219506 349.16291099999995 579.4819383 886.1032974000002 651.9414184 1208.252411 499.50705 1129.827393 273.9992517777778 174.15521451612892 435.5584341304348 339.15295670588245 211.80126980000006 312.29982133333334 414.1697201599998 170.17282912499996 0.06521739130434782 0.2246376811594203 0.16666666666666666 0.12318840579710146 0.07246376811594203 0.10869565217391304 0.18115942028985507 0.057971014492753624 69.07244355614974 148.04133621428568 285.2142444599999 0.8538812785388128 0.0319634703196347 0.1141552511415525 0.5942028985507246 0.1956521739130435 0.07246376811594203 0.07246376811594203 0.036231884057971016 0.014492753623188406 0.007246376811594203 0.007246376811594203 0.6400966183574879 0.18115942028985507 0.09903381642512077 0.05314009661835749 0.026570048309178744 wangcheng 4Сʱ_mousemovements
125.53391558208956 355.54881649999993 409.73732563636366 510.0845162857143 528.527985 456.0333913333333 705.265259 0 143.64810250000002 162.69321467857142 213.9318753076923 503.392896 235.79627500000004 522.7562283333333 221.02965656249998 199.64285399999997 0.08 0.28 0.13 0.06 0.11 0.06 0.16 0.12 71.45548045318354 187.81382749999997 218.4888704705882 0.9335664335664335 0.006993006993006993 0.05944055944055944 0.67 0.08 0.11 0.07 0.02 0.03 0.02 0.0 0.5652173913043478 0.2490118577075099 0.1067193675889328 0.06719367588932806 0.011857707509881422 wangcheng 4Сʱ_mousemovements
93.30089613636368 341.48483087499994 364.3762205 0 0 0 0 2713.552002 723.8685274 128.28454779999998 107.87119233333333 165.55706720000003 270.94473849999997 249.06789675 123.492342 40.497372 0.15151515151515152 0.15151515151515152 0.18181818181818182 0.15151515151515152 0.12121212121212122 0.12121212121212122 0.09090909090909091 0.030303030303030304 106.56427067123286 34.71597875 154.3735655 0.9240506329113924 0.05063291139240506 0.02531645569620253 0.6666666666666666 0.24242424242424243 0.06060606060606061 0.0 0.0 0.0 0.0 0.030303030303030304 0.5066666666666667 0.25333333333333335 0.13333333333333333 0.08 0.02666666666666667 wangcheng 4Сʱ_mousemovements
0 0 0 0 0 0 0 0 0 0 0 0 0 0 0 0 0 0 0 0 0 0 0 0 0 0 0 0 0 0 0 0 0 0 0 0 0 0 0 0 0 0 0 wangcheng 4Сʱ_mousemovements
172.643112 0 0 0 0 0 0 0 0 172.643112 0 0 0 0 0 0 0.0 1.0 0.0 0.0 0.0 0.0 0.0 0.0 86.321556 0 0 1.0 0.0 0.0 1.0 0.0 0.0 0.0 0.0 0.0 0.0 0.0 1.0 0.0 0.0 0.0 0.0 wangcheng 4Сʱ_mousemovements
0 0 0 0 0 0 0 0 0 0 0 0 0 0 0 0 0 0 0 0 0 0 0 0 0 0 0 0 0 0 0 0 0 0 0 0 0 0 0 0 0 0 0 wangcheng 4Сʱ_mousemovements
203.54759216666665 112.082687 382.356888 0 0 0 316.276794 0 462.04212950000004 205.26519940000003 316.276794 35.589073 0 112.082687 0 0 0.2 0.5 0.1 0.1 0.0 0.1 0.0 0.0 51.792181862068965 112.082687 266.76761633333336 0.8787878787878788 0.030303030303030304 0.09090909090909091 0.6 0.1 0.2 0.0 0.0 0.0 0.1 0.0 0.6666666666666666 0.23333333333333334 0.06666666666666667 0.03333333333333333 0.0 wangcheng 4Сʱ_mousemovements
112.84606456666667 343.7400485454545 375.500641 599.21466475 227.102615 453.25161749999995 1510.320068 0 113.80549425000001 308.9667393333333 135.45943820000002 130.444041125 289.41783200000003 610.0137755999999 368.17455533333333 173.49360019999997 0.08 0.18 0.1 0.16 0.12 0.1 0.06 0.2 79.81244805755394 35.956417 181.615124 0.9391891891891891 0.006756756756756757 0.05405405405405406 0.6 0.22 0.02 0.08 0.02 0.04 0.02 0.0 0.6183206106870229 0.20610687022900764 0.0916030534351145 0.04580152671755725 0.03816793893129771 wangcheng 4Сʱ_mousemovements
180.56330004347822 480.39869980000014 0 575.691493 467.6366883333333 734.263245 426.459991 968.9451295 300.10115333333334 423.2809963333334 569.1528892499999 148.806736 107.76732083333333 358.02878133333326 373.0444056666667 308.578354 0.07894736842105263 0.15789473684210525 0.10526315789473684 0.05263157894736842 0.15789473684210525 0.15789473684210525 0.23684210526315788 0.05263157894736842 98.72758672527472 34.033463 310.9391767499999 0.8666666666666667 0.01904761904761905 0.11428571428571428 0.6052631578947368 0.13157894736842105 0.0 0.07894736842105263 0.07894736842105263 0.02631578947368421 0.02631578947368421 0.05263157894736842 0.6391752577319587 0.17525773195876287 0.09278350515463918 0.05154639175257732 0.041237113402061855 wangcheng 4Сʱ_mousemovements
140.0740101249999 433.9433856363637 534.230236 827.1903321999998 1018.8329588 1125.8377685 1111.9984333333332 1535.475342 435.01876014285716 365.5951059411762 378.1565442 251.482536625 592.4891556 819.816046 198.90267475 115.59610300000001 0.09859154929577464 0.23943661971830985 0.07042253521126761 0.11267605633802817 0.14084507042253522 0.1267605633802817 0.11267605633802817 0.09859154929577464 119.31691471794872 123.867844 238.0806526521739 0.8904109589041096 0.0045662100456621 0.1050228310502283 0.5633802816901409 0.15492957746478872 0.056338028169014086 0.07042253521126761 0.07042253521126761 0.028169014084507043 0.04225352112676056 0.014084507042253521 0.624390243902439 0.23414634146341465 0.09268292682926829 0.03414634146341464 0.014634146341463415 wangcheng 4Сʱ_mousemovements
82.73177590000003 258.2047468571428 461.45426433333324 543.475891 995.496643 1299.0863239999999 0 894.3460693333335 51.559880250000006 231.08612136363638 997.0622442499999 82.333557 531.9125466666666 403.71072775000005 654.8761645000001 107.54031812499998 0.10256410256410256 0.28205128205128205 0.10256410256410256 0.02564102564102564 0.07692307692307693 0.10256410256410256 0.10256410256410256 0.20512820512820512 30.987669705426352 137.85263849999998 577.2539046874998 0.8775510204081632 0.013605442176870748 0.10884353741496598 0.5128205128205128 0.1794871794871795 0.07692307692307693 0.05128205128205128 0.02564102564102564 0.07692307692307693 0.0 0.07692307692307693 0.5939849624060151 0.2556390977443609 0.07518796992481203 0.06766917293233082 0.007518796992481203 wangcheng 4Сʱ_mousemovements
103.00817655813951 467.3518282000001 715.9761582499999 548.3926207999999 0 1143.6387736666668 488.316803 1531.160736 174.58243649999997 293.3499390714286 519.5944352727273 268.69926599999997 138.72923960000003 356.76529955555543 235.38554429999994 252.61117857142858 0.06349206349206349 0.2222222222222222 0.1746031746031746 0.047619047619047616 0.07936507936507936 0.14285714285714285 0.15873015873015872 0.1111111111111111 60.46026870949723 36.5723295 364.55894126086963 0.8689320388349514 0.019417475728155338 0.11165048543689321 0.6825396825396826 0.07936507936507936 0.06349206349206349 0.07936507936507936 0.0 0.047619047619047616 0.015873015873015872 0.031746031746031744 0.6417112299465241 0.24598930481283424 0.06951871657754011 0.026737967914438502 0.016042780748663103 wangcheng 4Сʱ_mousemovements
108.60992251020404 334.48354000000006 502.9109295000001 662.2352971428572 734.74530025 1055.8173319999999 964.0118816666667 923.726715 105.757424 369.112077642857 661.2830196 186.50079157142864 85.21761780000003 699.0923660000001 335.31940556250004 375.45470075000003 0.07954545454545454 0.1590909090909091 0.17045454545454544 0.07954545454545454 0.17045454545454544 0.11363636363636363 0.18181818181818182 0.045454545454545456 65.91044018487396 39.16662066666665 480.7957241470587 0.8561151079136691 0.02158273381294964 0.1223021582733813 0.5568181818181818 0.07954545454545454 0.06818181818181818 0.07954545454545454 0.09090909090909091 0.06818181818181818 0.03409090909090909 0.022727272727272728 0.6459143968871596 0.1828793774319066 0.07392996108949416 0.06614785992217899 0.0311284046692607 wangcheng 4Сʱ_mousemovements
139.33792608823524 349.78333140000007 438.5297782727273 1081.6036605 848.85748275 749.1539672000001 1558.27493275 1358.2378235 277.4037553333333 245.91648505555557 572.0481187142857 450.16940085714293 450.1105335714286 492.54221122222225 662.5355230000002 623.3154846 0.043478260869565216 0.2608695652173913 0.10144927536231885 0.10144927536231885 0.10144927536231885 0.13043478260869565 0.18840579710144928 0.07246376811594203 101.15076376732677 180.91663025000003 447.61982586363644 0.8706896551724138 0.034482758620689655 0.09482758620689655 0.4927536231884058 0.07246376811594203 0.15942028985507245 0.057971014492753624 0.057971014492753624 0.07246376811594203 0.057971014492753624 0.028985507246376812 0.6018957345971564 0.22274881516587677 0.07582938388625593 0.07109004739336493 0.02843601895734597 wangcheng 4Сʱ_mousemovements
102.44136883333331 334.65587099999993 394.3667525000001 435.56737680000003 756.022059 965.41981475 761.727295 654.862122 185.25638372727278 180.77611210526308 538.465913 338.6131505 273.17598408333333 376.910082875 246.11742443749984 228.04449824999998 0.13095238095238096 0.2261904761904762 0.07142857142857142 0.047619047619047616 0.14285714285714285 0.09523809523809523 0.19047619047619047 0.09523809523809523 46.56654911158798 155.994789375 400.61909688000014 0.8759398496240601 0.03007518796992481 0.09398496240601503 0.6428571428571429 0.10714285714285714 0.047619047619047616 0.05952380952380952 0.07142857142857142 0.047619047619047616 0.011904761904761904 0.011904761904761904 0.65 0.19583333333333333 0.07916666666666666 0.041666666666666664 0.03333333333333333 wangcheng 4Сʱ_mousemovements
97.51185637735847 457.7139302857143 863.5865174999999 583.8751222857143 810.818799857143 508.90022300000004 893.7924396666666 797.3004356666665 254.40514899999997 126.4561600434782 643.6632084285711 290.11886924999993 511.39933775 226.5042981 370.08633724999993 212.08771283333337 0.03409090909090909 0.26136363636363635 0.1590909090909091 0.09090909090909091 0.045454545454545456 0.11363636363636363 0.22727272727272727 0.06818181818181818 61.563736787148635 51.7402445 395.0175463870967 0.8645833333333334 0.027777777777777776 0.1076388888888889 0.6022727272727273 0.07954545454545454 0.022727272727272728 0.07954545454545454 0.07954545454545454 0.06818181818181818 0.03409090909090909 0.03409090909090909 0.648854961832061 0.1984732824427481 0.07633587786259542 0.04961832061068702 0.026717557251908396 wangcheng 4Сʱ_mousemovements
114.65777469863018 707.9050446000001 351.7881888333333 515.6129533333334 585.2211913333334 414.6470795 887.3489583333334 0 206.26965356521742 120.26523336363644 315.01279099999994 215.22139471428568 209.73493436842102 636.7236096666668 196.17023985714283 264.3950692499999 0.20175438596491227 0.09649122807017543 0.10526315789473684 0.06140350877192982 0.16666666666666666 0.13157894736842105 0.06140350877192982 0.17543859649122806 82.53181634534535 375.20486450000004 107.00739496774187 0.9098360655737705 0.00546448087431694 0.08469945355191257 0.6403508771929824 0.13157894736842105 0.10526315789473684 0.05263157894736842 0.02631578947368421 0.017543859649122806 0.02631578947368421 0.0 0.5947521865889213 0.22157434402332363 0.11370262390670553 0.04664723032069971 0.023323615160349854 wangcheng 4Сʱ_mousemovements
112.4155814761904 230.79691357894737 363.3390517272728 422.0542145000001 452.614685 1003.3154605 645.596375 579.2746735 249.85006466666678 119.13755624999999 229.90361775 240.0391078125 200.8876805333334 251.55649740000007 302.00785340000004 205.6729672631579 0.11428571428571428 0.19047619047619047 0.0761904761904762 0.1523809523809524 0.14285714285714285 0.047619047619047616 0.09523809523809523 0.18095238095238095 50.733624737142826 260.663422 121.20963128571434 0.9067357512953368 0.0025906735751295338 0.09067357512953368 0.6 0.18095238095238095 0.10476190476190476 0.05714285714285714 0.009523809523809525 0.01904761904761905 0.009523809523809525 0.01904761904761905 0.5574229691876751 0.22969187675070027 0.08403361344537816 0.07282913165266107 0.056022408963585436 wangcheng 4Сʱ_mousemovements
117.5504738253968 231.5566468076923 328.70329291666667 500.5119705 445.52372750000006 720.013804 342.686401 658.28302 190.73846835714292 286.8744868 163.1217803333333 249.01005877272726 109.80826580000002 215.54488244444443 287.39130874999995 180.8260985185185 0.125 0.08928571428571429 0.026785714285714284 0.19642857142857142 0.13392857142857142 0.08035714285714286 0.10714285714285714 0.24107142857142858 48.1266958301887 89.80659477777778 208.91856360000006 0.8784530386740331 0.024861878453038673 0.09668508287292818 0.5625 0.23214285714285715 0.10714285714285714 0.03571428571428571 0.017857142857142856 0.026785714285714284 0.008928571428571428 0.008928571428571428 0.5542521994134897 0.2434017595307918 0.0967741935483871 0.05865102639296188 0.0469208211143695 wangcheng 4Сʱ_mousemovements
90.83652547826088 420.98061471428576 364.51084525000005 587.1847230000001 0 652.7244080000002 927.2256466666668 725.714798 274.50060720000005 390.5120134285715 447.4389868888889 181.72869500000002 162.35621899999998 760.63158425 389.2427678571429 58.702644666666664 0.10638297872340426 0.14893617021276595 0.19148936170212766 0.0425531914893617 0.14893617021276595 0.0851063829787234 0.14893617021276595 0.1276595744680851 84.27347073076923 133.54194325 236.8173081666666 0.8552631578947368 0.02631578947368421 0.11842105263157894 0.48936170212765956 0.14893617021276595 0.0851063829787234 0.06382978723404255 0.0 0.10638297872340426 0.06382978723404255 0.0425531914893617 0.6258992805755396 0.1366906474820144 0.14388489208633093 0.05755395683453238 0.03597122302158273 wangcheng 4Сʱ_mousemovements
113.58389967692301 257.40373854545453 354.9674865999999 580.3368393999999 583.6476593333334 579.111557 545.684875 981.3669029999998 190.68754127272726 271.79881660000007 321.50776929411757 123.67412755555551 134.61644792307695 353.03422279999995 339.23750412500004 160.300065 0.10679611650485436 0.1941747572815534 0.1650485436893204 0.08737864077669903 0.1262135922330097 0.0970873786407767 0.1553398058252427 0.06796116504854369 64.15013281944442 89.46554616666667 266.55629057692306 0.9 0.01875 0.08125 0.6310679611650486 0.10679611650485436 0.04854368932038835 0.0970873786407767 0.05825242718446602 0.019417475728155338 0.009708737864077669 0.02912621359223301 0.589041095890411 0.2226027397260274 0.09931506849315068 0.05136986301369863 0.03767123287671233 wangcheng 4Сʱ_mousemovements
163.2135763541666 363.32158399999986 460.4402465 709.27642825 653.4246583999999 786.6950985000001 842.3896485714284 720.828369 402.16553433333326 379.7956306 417.01434259999996 404.0488853749999 251.49713013333334 319.8334563333334 250.0964324 371.48949766666664 0.12 0.13333333333333333 0.06666666666666667 0.10666666666666667 0.2 0.12 0.13333333333333333 0.12 87.90161858737864 89.251987125 320.42437234999994 0.8803418803418803 0.03418803418803419 0.08547008547008547 0.64 0.08 0.02666666666666667 0.05333333333333334 0.06666666666666667 0.02666666666666667 0.09333333333333334 0.013333333333333334 0.5720930232558139 0.21395348837209302 0.10697674418604651 0.06976744186046512 0.037209302325581395 wangcheng 4Сʱ_mousemovements
135.3712948333333 359.351959 375.776215 445.978851 598.3554444000001 0 1380.7163395 1606.929932 978.6235735 208.47938762499996 770.2817383333332 300.306343 50.632912 230.57212333333337 278.5665728333333 67.5968285 0.06451612903225806 0.25806451612903225 0.1935483870967742 0.0967741935483871 0.03225806451612903 0.0967741935483871 0.1935483870967742 0.06451612903225806 125.47858408695652 23.48184066666667 329.796251 0.8518518518518519 0.037037037037037035 0.1111111111111111 0.5806451612903226 0.0967741935483871 0.03225806451612903 0.03225806451612903 0.16129032258064516 0.0 0.06451612903225806 0.03225806451612903 0.6103896103896104 0.19480519480519481 0.09090909090909091 0.07792207792207792 0.025974025974025976 wangcheng 4Сʱ_mousemovements
99.14067935849057 470.7094956666667 720.0333006 534.5596159999999 870.6737913999999 767.003845 1529.8709920000001 1249.5180786 275.7596985 209.31887252380952 1023.5990020000002 93.5862865 320.7726915 407.39030124999994 280.6143688333333 257.76077975000004 0.1411764705882353 0.24705882352941178 0.11764705882352941 0.023529411764705882 0.09411764705882353 0.18823529411764706 0.1411764705882353 0.047058823529411764 103.2517410165289 82.37194159999999 270.08852873913054 0.8962962962962963 0.018518518518518517 0.08518518518518518 0.6235294117647059 0.07058823529411765 0.058823529411764705 0.07058823529411765 0.058823529411764705 0.023529411764705882 0.03529411764705882 0.058823529411764705 0.6008064516129032 0.22580645161290322 0.09274193548387097 0.04838709677419355 0.03225806451612903 wangcheng 4Сʱ_mousemovements
92.83583433333335 0 0 0 7303.527832 0 0 0 0 7303.527832 234.283066 12.974437 31.25 0 0 0 0.0 0.25 0.25 0.25 0.25 0.0 0.0 0.0 1261.5101496666666 12.974437 0 0.8571428571428571 0.14285714285714285 0.0 0.75 0.0 0.0 0.0 0.25 0.0 0.0 0.0 1.0 0.0 0.0 0.0 0.0 wangcheng 4Сʱ_mousemovements
80.44980275 0 612.879242 776.647522 514.035217 0 1592.140808 488.506866 222.77155733333333 25.641026 1232.7722776666667 433.94355399999995 422.27704366666666 180.837357 0 62.5 0.2 0.06666666666666667 0.2 0.13333333333333333 0.2 0.06666666666666667 0.0 0.13333333333333333 85.29925826 25.641026 423.70403133333326 0.8771929824561403 0.017543859649122806 0.10526315789473684 0.5333333333333333 0.0 0.13333333333333333 0.06666666666666667 0.06666666666666667 0.0 0.13333333333333333 0.06666666666666667 0.660377358490566 0.1509433962264151 0.09433962264150944 0.07547169811320754 0.018867924528301886 wangcheng 4Сʱ_mousemovements
91.33756330434781 174.935776 0 714.199097 0 1442.7015685 888.4349976666666 964.0275063333332 1639.731781 65.5637076 337.26237733333323 81.71514333333333 313.46021766666667 283.5266333750001 586.54444125 58.95065833333333 0.058823529411764705 0.14705882352941177 0.17647058823529413 0.08823529411764706 0.08823529411764706 0.23529411764705882 0.11764705882352941 0.08823529411764706 36.73297388976378 42.9534465 360.8752987894738 0.8581081081081081 0.013513513513513514 0.12837837837837837 0.6764705882352942 0.058823529411764705 0.0 0.029411764705882353 0.0 0.058823529411764705 0.08823529411764706 0.08823529411764706 0.7007299270072993 0.16058394160583941 0.043795620437956206 0.051094890510948905 0.043795620437956206 wangcheng 4Сʱ_mousemovements
