124.28582059999997 373.7499125 753.7926331666666 505.927612 1179.230835 1139.082397 0 0 0 199.41555712500002 705.67572 149.97674014285712 226.335617 579.1323455 343.95383383333336 273.7922325 0.0 0.24242424242424243 0.15151515151515152 0.21212121212121213 0.030303030303030304 0.12121212121212122 0.18181818181818182 0.06060606060606061 89.76269112612614 45.541069 102.28589858333332 0.8809523809523809 0.023809523809523808 0.09523809523809523 0.6060606060606061 0.12121212121212122 0.18181818181818182 0.030303030303030304 0.030303030303030304 0.030303030303030304 0.0 0.0 0.6324786324786325 0.2222222222222222 0.07692307692307693 0.042735042735042736 0.02564102564102564 chenyu 3Сʱ_mousemovements
0 0 0 0 0 0 0 0 0 0 0 0 0 0 0 0 0 0 0 0 0 0 0 0 0 0 0 0 0 0 0 0 0 0 0 0 0 0 0 0 0 0 0 chenyu 3Сʱ_mousemovements
0 0 0 0 0 0 0 0 0 0 0 0 0 0 0 0 0 0 0 0 0 0 0 0 0 0 0 0 0 0 0 0 0 0 0 0 0 0 0 0 0 0 0 chenyu 3Сʱ_mousemovements
157.05397068421053 569.8484395 552.523438 968.630493 0 0 0 0 0 446.46362660000005 515.5027315 0 417.2795105 625.99579625 99.75101407692308 25.641026 0.0 0.18518518518518517 0.07407407407407407 0.0 0.07407407407407407 0.14814814814814814 0.48148148148148145 0.037037037037037035 87.80404787179488 968.630493 35.64126133333333 0.9512195121951219 0.012195121951219513 0.036585365853658534 0.7037037037037037 0.2222222222222222 0.037037037037037035 0.037037037037037035 0.0 0.0 0.0 0.0 0.6056338028169014 0.2535211267605634 0.11267605633802817 0.028169014084507043 0.0 chenyu 3Сʱ_mousemovements
96.6269457948718 399.08160399999997 0 1793.484985 0 0 1718.257813 0 0 955.401154 992.5948635 0 0 107.3502776470588 98.6445593809524 342.47799699999996 0.0 0.045454545454545456 0.045454545454545456 0.0 0.0 0.38636363636363635 0.4772727272727273 0.045454545454545456 72.4567392820513 0 0 1.0 0.0 0.0 0.8863636363636364 0.06818181818181818 0.0 0.022727272727272728 0.0 0.0 0.022727272727272728 0.0 0.5 0.32075471698113206 0.08490566037735849 0.07547169811320754 0.018867924528301886 chenyu 3Сʱ_mousemovements
227.34680759999998 544.228882 446.47252557142855 479.04785525 566.074158 401.225922 554.202209 908.508179 294.6514078333334 520.9715811666666 844.5571642000001 352.71282199999996 156.21401830000002 301.9181101818182 69.621122 153.26371866666665 0.11764705882352941 0.11764705882352941 0.09803921568627451 0.0392156862745098 0.19607843137254902 0.21568627450980393 0.09803921568627451 0.11764705882352941 88.50535778658536 22.5352955 117.74395399999999 0.9213483146067416 0.011235955056179775 0.06741573033707865 0.6862745098039216 0.0196078431372549 0.13725490196078433 0.0784313725490196 0.0196078431372549 0.0196078431372549 0.0196078431372549 0.0196078431372549 0.5094339622641509 0.2138364779874214 0.1509433962264151 0.10062893081761007 0.025157232704402517 chenyu 3Сʱ_mousemovements
138.38193142857142 360.61296860000004 596.0059493636364 656.5983764 608.690315 697.454747909091 733.7230921428571 665.6478275 540.0420483333334 562.7928855555556 492.0271682352942 149.95672288888886 165.1693314 395.9869836666667 542.4450566153846 457.85046 0.0375 0.1125 0.2125 0.1125 0.125 0.15 0.1625 0.0875 88.94467290530302 257.51526955555556 268.91035118518516 0.88 0.03 0.09 0.4375 0.0625 0.1375 0.0625 0.05 0.1375 0.0875 0.025 0.5740740740740741 0.23333333333333334 0.10740740740740741 0.04814814814814815 0.037037037037037035 chenyu 3Сʱ_mousemovements
212.54639246153835 169.3114225 702.0109865 1273.692669 587.157593 0 1079.7229615 1100.34082 196.589075 357.280819 1093.19006925 552.4070802 296.65182525 616.4042702500001 587.1312626666667 148.77462125 0.1 0.1 0.1 0.125 0.1 0.1 0.075 0.3 145.80877894059407 1075.636597 186.71640225000002 0.9528301886792453 0.009433962264150943 0.03773584905660377 0.65 0.1 0.05 0.1 0.025 0.0 0.05 0.025 0.4787234042553192 0.24468085106382978 0.14893617021276595 0.0851063829787234 0.0425531914893617 chenyu 3Сʱ_mousemovements
165.03071057575755 284.070154 155.309479 775.6528867999999 832.384735 1037.638672 0 944.0268149999998 298.1621991666667 232.35058975 136.3800695 314.472687 353.9510825714286 361.2673506666667 520.1591116666666 358.20996859999997 0.12 0.24 0.04 0.06 0.14 0.18 0.12 0.1 93.4358663765432 9.319149 127.9178068 0.9310344827586207 0.011494252873563218 0.05747126436781609 0.66 0.1 0.02 0.1 0.04 0.02 0.0 0.06 0.5833333333333334 0.15384615384615385 0.14743589743589744 0.09615384615384616 0.019230769230769232 chenyu 3Сʱ_mousemovements
96.53062422222222 323.2569411111111 856.744995 894.3147280000001 968.572693 502.765076 646.1333213333334 673.3838505 132.80014666666668 350.35715600000003 101.87133 497.5280303333334 398.905228 398.9957585454546 385.0774206666667 63.58738079999999 0.08108108108108109 0.10810810810810811 0.02702702702702703 0.08108108108108109 0.1891891891891892 0.2972972972972973 0.08108108108108109 0.13513513513513514 64.07087408461538 397.15123375 193.7204568181818 0.896551724137931 0.027586206896551724 0.07586206896551724 0.4864864864864865 0.24324324324324326 0.02702702702702703 0.05405405405405406 0.02702702702702703 0.02702702702702703 0.08108108108108109 0.05405405405405406 0.4573643410852713 0.32558139534883723 0.13178294573643412 0.05426356589147287 0.031007751937984496 chenyu 3Сʱ_mousemovements
98.65406519672126 334.53284337499997 676.5602725 1200.740479 425.271484 1084.250732 1777.621948 1164.821289 294.457246 174.17289542857142 90.98103610000001 469.33915700000006 244.8422951 283.7999203076923 69.5398099 106.88343766666667 0.09210526315789473 0.18421052631578946 0.13157894736842105 0.07894736842105263 0.13157894736842105 0.17105263157894737 0.13157894736842105 0.07894736842105263 65.0341056017316 154.28258966666667 53.5652595 0.9705882352941176 0.012605042016806723 0.01680672268907563 0.8026315789473685 0.10526315789473684 0.02631578947368421 0.013157894736842105 0.013157894736842105 0.013157894736842105 0.013157894736842105 0.013157894736842105 0.5350877192982456 0.24561403508771928 0.12719298245614036 0.06140350877192982 0.03070175438596491 chenyu 3Сʱ_mousemovements
182.93341912820512 427.4883491666667 772.9491182 645.4714391538462 505.15157789999995 794.8223023999999 1306.4089233999998 1001.8369343333334 554.1317350454544 741.8269108571428 693.4289883333332 422.7585115789474 567.0763022142858 232.78639155555558 272.6529384444445 298.62968700000005 0.22448979591836735 0.07142857142857142 0.061224489795918366 0.19387755102040816 0.14285714285714285 0.09183673469387756 0.09183673469387756 0.12244897959183673 93.23630089329266 390.270226875 326.7563081111112 0.8840970350404312 0.0431266846361186 0.07277628032345014 0.3979591836734694 0.1836734693877551 0.05102040816326531 0.1326530612244898 0.10204081632653061 0.05102040816326531 0.05102040816326531 0.030612244897959183 0.5809248554913294 0.25722543352601157 0.0838150289017341 0.05202312138728324 0.02601156069364162 chenyu 3Сʱ_mousemovements
175.22066947222214 517.8643217142857 621.459655736842 747.8360876153846 860.4926044166667 822.5172505333334 974.8380890000002 1500.3480455000001 675.27636625 857.0245540399999 738.0994730000001 1038.4941600909092 396.0693835789473 397.6886531428571 529.6641675294117 510.76749650000005 0.08823529411764706 0.18382352941176472 0.11029411764705882 0.08088235294117647 0.13970588235294118 0.15441176470588236 0.125 0.11764705882352941 202.8727315366667 492.7627490857143 387.1496232777778 0.8498583569405099 0.09915014164305949 0.05099150141643059 0.2647058823529412 0.15441176470588236 0.13970588235294118 0.09558823529411764 0.08823529411764706 0.11029411764705882 0.08823529411764706 0.058823529411764705 0.5608308605341247 0.21364985163204747 0.11572700296735905 0.0771513353115727 0.032640949554896145 chenyu 3Сʱ_mousemovements
192.61417502173907 392.65284390909096 747.2008969999999 681.9659707142856 1197.2643618 767.428879 817.989502 1666.1352845 538.0898388 141.25410100000002 634.9080482307692 349.43847159999996 171.0844712857143 64.9256555 675.6652848235292 283.18230138461536 0.12345679012345678 0.1111111111111111 0.16049382716049382 0.12345679012345678 0.08641975308641975 0.024691358024691357 0.20987654320987653 0.16049382716049382 116.1152956718147 252.4854585 215.8332257 0.9217081850533808 0.0071174377224199285 0.0711743772241993 0.5679012345679012 0.13580246913580246 0.06172839506172839 0.08641975308641975 0.06172839506172839 0.04938271604938271 0.012345679012345678 0.024691358024691357 0.5346153846153846 0.2653846153846154 0.11923076923076924 0.06538461538461539 0.015384615384615385 chenyu 3Сʱ_mousemovements
0 0 0 0 0 0 0 0 0 0 0 0 0 0 0 0 0 0 0 0 0 0 0 0 0 0 0 0 0 0 0 0 0 0 0 0 0 0 0 0 0 0 0 chenyu 3Сʱ_mousemovements
0 0 0 0 0 0 0 0 0 0 0 0 0 0 0 0 0 0 0 0 0 0 0 0 0 0 0 0 0 0 0 0 0 0 0 0 0 0 0 0 0 0 0 chenyu 3Сʱ_mousemovements
459.998657 0 0 0 0 0 0 0 459.998657 0 0 0 0 0 0 0 1.0 0.0 0.0 0.0 0.0 0.0 0.0 0.0 229.9993285 0 0 1.0 0.0 0.0 1.0 0.0 0.0 0.0 0.0 0.0 0.0 0.0 1.0 0.0 0.0 0.0 0.0 chenyu 3Сʱ_mousemovements
161.5975425 302.24848433333335 576.087769 717.2574155 340.812653 0 1940.295166 1510.9572145 313.1105394 268.732178 275.668365 1505.3170775 253.248167 76.5893605 720.4049806666667 785.8366245 0.2777777777777778 0.05555555555555555 0.05555555555555555 0.1111111111111111 0.1111111111111111 0.1111111111111111 0.16666666666666666 0.1111111111111111 150.63603703571428 0 153.93322385714285 0.8888888888888888 0.0 0.1111111111111111 0.4444444444444444 0.16666666666666666 0.05555555555555555 0.1111111111111111 0.05555555555555555 0.0 0.05555555555555555 0.1111111111111111 0.5818181818181818 0.23636363636363636 0.14545454545454545 0.03636363636363636 0.0 chenyu 3Сʱ_mousemovements
177.0792209491525 591.1940445000001 766.1123412000001 978.20058425 880.1796264999999 978.8056409999999 877.7255250000001 2728.878418 260.1307051818182 665.6819218181819 2728.878418 480.50234 290.7780865 228.685138 305.78019491666663 431.2457961 0.12643678160919541 0.12643678160919541 0.011494252873563218 0.12643678160919541 0.1839080459770115 0.1724137931034483 0.13793103448275862 0.11494252873563218 130.45173799595142 0 204.13105240000002 0.9610894941634242 0.0 0.038910505836575876 0.6781609195402298 0.11494252873563218 0.05747126436781609 0.04597701149425287 0.022988505747126436 0.04597701149425287 0.022988505747126436 0.011494252873563218 0.5150214592274678 0.23605150214592274 0.12875536480686695 0.07296137339055794 0.04721030042918455 chenyu 3Сʱ_mousemovements
141.91548069696967 513.6148977142858 527.60878 1230.718994 648.102783 0 0 0 230.4918276666667 0 662.158188 645.4788209999999 172.1225433333333 279.3520674545455 122.29451706666667 286.95412825 0.13333333333333333 0.0 0.044444444444444446 0.08888888888888889 0.06666666666666667 0.24444444444444444 0.3333333333333333 0.08888888888888889 98.15022873451329 0 128.28023666666667 0.9495798319327731 0.0 0.05042016806722689 0.7333333333333333 0.15555555555555556 0.044444444444444446 0.022222222222222223 0.044444444444444446 0.0 0.0 0.0 0.5048543689320388 0.23300970873786409 0.14563106796116504 0.05825242718446602 0.05825242718446602 chenyu 3Сʱ_mousemovements
155.51108689534883 417.26705525 444.1576478 693.6486663333334 452.84002675 1584.16214 745.1276245 0 881.7346305 270.99343746153846 463.0203363333333 305.10030662500003 256.1858211578948 261.6240438666666 164.74740547999997 186.60674995454553 0.03669724770642202 0.11926605504587157 0.027522935779816515 0.07339449541284404 0.1743119266055046 0.13761467889908258 0.22935779816513763 0.2018348623853211 81.2044933663366 11.202224000000001 203.56708781250003 0.9409937888198758 0.009316770186335404 0.049689440993788817 0.7889908256880734 0.03669724770642202 0.045871559633027525 0.05504587155963303 0.03669724770642202 0.01834862385321101 0.01834862385321101 0.0 0.5858585858585859 0.19528619528619529 0.13804713804713806 0.05387205387205387 0.026936026936026935 chenyu 3Сʱ_mousemovements
0 0 806.43103 0 0 0 0 0 0 0 0 806.43103 0 0 0 0 0.0 0.0 0.0 1.0 0.0 0.0 0.0 0.0 115.20443285714285 0 0 1.0 0.0 0.0 0.0 0.0 1.0 0.0 0.0 0.0 0.0 0.0 0.3333333333333333 0.16666666666666666 0.3333333333333333 0.16666666666666666 0.0 chenyu 3Сʱ_mousemovements
113.51065725714285 190.20024866666665 760.2841736 623.29402925 0 570.084961 968.134766 1031.697522 92.28988589999999 458.92500250000006 669.4442367500001 1114.1324666666667 77.4654715 294.43375941666665 142.29103600000002 320.0482200000001 0.17543859649122806 0.21052631578947367 0.07017543859649122 0.05263157894736842 0.07017543859649122 0.21052631578947367 0.08771929824561403 0.12280701754385964 97.55025845833333 0 238.0491278333333 0.9333333333333333 0.0 0.06666666666666667 0.6140350877192983 0.05263157894736842 0.08771929824561403 0.07017543859649122 0.0 0.07017543859649122 0.017543859649122806 0.08771929824561403 0.5301204819277109 0.22289156626506024 0.14457831325301204 0.0783132530120482 0.024096385542168676 chenyu 3Сʱ_mousemovements
106.1315961935484 353.20880312500003 484.40227524999995 570.7902223333334 610.790771 833.257263 614.399597 1906.7194825000001 202.987474 353.12208549999997 672.6327718333333 578.4748069999999 165.04613866666668 418.45762085714284 276.6154221111111 185.520886625 0.10526315789473684 0.07017543859649122 0.10526315789473684 0.10526315789473684 0.05263157894736842 0.12280701754385964 0.15789473684210525 0.2807017543859649 100.7415640784314 358.195587 262.67481163636364 0.9216867469879518 0.012048192771084338 0.06626506024096386 0.543859649122807 0.14035087719298245 0.14035087719298245 0.05263157894736842 0.03508771929824561 0.03508771929824561 0.017543859649122806 0.03508771929824561 0.49032258064516127 0.27741935483870966 0.14193548387096774 0.05161290322580645 0.03870967741935484 chenyu 3Сʱ_mousemovements
98.08097975000001 0 438.554825 0 0 0 0 0 166.593491 185.60466 319.363068 0 0 0 557.746582 20.062884 0.16666666666666666 0.16666666666666666 0.16666666666666666 0.0 0.0 0.0 0.16666666666666666 0.3333333333333333 50.17947678571428 283.460447 0 0.875 0.125 0.0 0.6666666666666666 0.0 0.3333333333333333 0.0 0.0 0.0 0.0 0.0 0.7333333333333333 0.2 0.0 0.06666666666666667 0.0 chenyu 3Сʱ_mousemovements
0 0 0 0 0 0 0 0 0 0 0 0 0 0 0 0 0 0 0 0 0 0 0 0 0 0 0 0 0 0 0 0 0 0 0 0 0 0 0 0 0 0 0 chenyu 3Сʱ_mousemovements
196.08177585714287 529.470459 0 455.9847105 1521.171631 2388.633789 1908.425537 0 0 557.566895 91.859818 1686.1676025000002 160.355118 9.065472 293.1389098 1511.456543 0.0 0.07142857142857142 0.07142857142857142 0.2857142857142857 0.07142857142857142 0.07142857142857142 0.35714285714285715 0.07142857142857142 180.22054967307693 9.065472 290.0336875 0.9122807017543859 0.017543859649122806 0.07017543859649122 0.5 0.07142857142857142 0.0 0.14285714285714285 0.07142857142857142 0.07142857142857142 0.14285714285714285 0.0 0.5636363636363636 0.23636363636363636 0.07272727272727272 0.09090909090909091 0.03636363636363636 chenyu 3Сʱ_mousemovements
156.4955057115384 484.1035498461539 408.6363441111111 778.17755875 883.4005205000001 910.1421713333333 915.9235840000001 1062.0406189999999 333.2593069166667 465.66195055555556 486.6963828571429 566.248127875 334.34200059999995 226.27141056249997 335.46507499999996 311.33149879999996 0.13333333333333333 0.1 0.07777777777777778 0.08888888888888889 0.16666666666666666 0.17777777777777778 0.2 0.05555555555555555 129.7593413913044 12.820513 249.99613300000001 0.9543568464730291 0.004149377593360996 0.04149377593360996 0.5777777777777777 0.14444444444444443 0.1 0.044444444444444446 0.044444444444444446 0.03333333333333333 0.03333333333333333 0.022222222222222223 0.4304932735426009 0.242152466367713 0.20179372197309417 0.06726457399103139 0.05829596412556054 chenyu 3Сʱ_mousemovements
117.77591983333332 707.8978933333333 528.35606375 599.7350217999999 772.080017 1492.1272173333334 1437.4267269999998 558.689819 505.3343978 625.6622788461539 631.5234292499999 355.62615716666664 217.8560758333333 232.16867544444443 142.98923136000002 229.69430837500002 0.05263157894736842 0.1368421052631579 0.08421052631578947 0.06315789473684211 0.12631578947368421 0.18947368421052632 0.2631578947368421 0.08421052631578947 110.57534561904764 0 156.2023724285714 0.9473684210526315 0.0 0.05263157894736842 0.6947368421052632 0.09473684210526316 0.08421052631578947 0.05263157894736842 0.010526315789473684 0.031578947368421054 0.021052631578947368 0.010526315789473684 0.5210084033613446 0.23529411764705882 0.15546218487394958 0.0546218487394958 0.03361344537815126 chenyu 3Сʱ_mousemovements
0 0 0 0 0 0 0 0 0 0 0 0 0 0 0 0 0 0 0 0 0 0 0 0 0 0 0 0 0 0 0 0 0 0 0 0 0 0 0 0 0 0 0 chenyu 3Сʱ_mousemovements
