109.22298902173911 908.0787990000002 553.634674 435.79470425 1040.178772 1286.4639893333333 546.5060323333333 1059.5679935 177.09646329999998 404.4330863000002 155.65949625 15.221128 192.86319733333332 822.1140863333333 373.2501531111112 106.2618370909091 0.14925373134328357 0.29850746268656714 0.05970149253731343 0.014925373134328358 0.04477611940298507 0.13432835820895522 0.13432835820895522 0.16417910447761194 88.92852208955229 99.9340416 357.48299246153834 0.9178082191780822 0.0228310502283105 0.0593607305936073 0.6764705882352942 0.08823529411764706 0.029411764705882353 0.058823529411764705 0.029411764705882353 0.04411764705882353 0.04411764705882353 0.029411764705882353 0.6596858638743456 0.17277486910994763 0.11518324607329843 0.03664921465968586 0.015706806282722512 wangcheng 8Сʱ_mousemovements
89.01841950000001 593.87262 270.965668 0 1185.156128 489.281952 494.99990799999995 0 194.5914232222222 70.7851942 342.6989238333333 32.467794 148.84542700000003 18.814348 159.6012683333333 98.36403525000003 0.21428571428571427 0.11904761904761904 0.14285714285714285 0.047619047619047616 0.11904761904761904 0.023809523809523808 0.14285714285714285 0.19047619047619047 49.9934101076923 21.505377 38.357043600000004 0.948905109489051 0.014598540145985401 0.0364963503649635 0.8571428571428571 0.023809523809523808 0.023809523809523808 0.0 0.023809523809523808 0.023809523809523808 0.047619047619047616 0.0 0.7096774193548387 0.18548387096774194 0.04032258064516129 0.04838709677419355 0.016129032258064516 wangcheng 8Сʱ_mousemovements
0 0 0 0 0 0 0 0 0 0 0 0 0 0 0 0 0 0 0 0 0 0 0 0 0 0 0 0 0 0 0 0 0 0 0 0 0 0 0 0 0 0 0 wangcheng 8Сʱ_mousemovements
0 0 0 0 0 0 0 0 0 0 0 0 0 0 0 0 0 0 0 0 0 0 0 0 0 0 0 0 0 0 0 0 0 0 0 0 0 0 0 0 0 0 0 wangcheng 8Сʱ_mousemovements
114.61680688524586 325.07108183333327 411.6549793333333 554.027664 802.361206 1273.3448269999997 1547.7249388 1410.0901286666667 466.7684484545455 640.2577426000001 285.805233 174.16465566666668 262.2973591538462 303.93836447368426 403.3847270588235 235.39743550000006 0.10784313725490197 0.19607843137254902 0.0392156862745098 0.058823529411764705 0.12745098039215685 0.18627450980392157 0.16666666666666666 0.11764705882352941 93.06998302346038 78.400329 217.01110325000002 0.9045092838196287 0.010610079575596816 0.08488063660477453 0.5980392156862745 0.11764705882352941 0.08823529411764706 0.0196078431372549 0.029411764705882353 0.06862745098039216 0.049019607843137254 0.029411764705882353 0.6920821114369502 0.15249266862170088 0.09090909090909091 0.03519061583577713 0.02932551319648094 wangcheng 8Сʱ_mousemovements
115.30260944444446 529.5643768333333 297.79698199999996 0 509.288025 443.186066 1229.0776488 1652.959106 211.3137843333334 167.23452183333336 577.7511851666668 340.09606933333333 85.41141629999997 358.46318699999995 425.66650978947365 74.68698766666668 0.046875 0.09375 0.09375 0.046875 0.15625 0.125 0.296875 0.140625 61.36623182641509 0 167.41132878571435 0.9498207885304659 0.0 0.05017921146953405 0.703125 0.09375 0.078125 0.0 0.015625 0.015625 0.078125 0.015625 0.45726495726495725 0.2564102564102564 0.11965811965811966 0.1111111111111111 0.05555555555555555 wangcheng 8Сʱ_mousemovements
143.6646225 118.980957 0 0 0 0 0 0 0 76.8621885 508.176483 6.097561 0 0 0 25.641026 0.0 0.4 0.2 0.2 0.0 0.0 0.0 0.2 40.799904125 0 20.4204905 0.8888888888888888 0.0 0.1111111111111111 0.8 0.2 0.0 0.0 0.0 0.0 0.0 0.0 0.6470588235294118 0.23529411764705882 0.0 0.058823529411764705 0.058823529411764705 wangcheng 8Сʱ_mousemovements
84.12916051428577 236.65699985714284 373.84335512499996 686.771503 1300.8888488 789.2869415 906.5429889999999 872.5828246666666 338.28240966666664 266.3757486250001 424.09119016666665 573.9777668749999 459.28886166666666 477.0177385 442.070839111111 235.96051399999996 0.04054054054054054 0.21621621621621623 0.08108108108108109 0.10810810810810811 0.12162162162162163 0.05405405405405406 0.24324324324324326 0.13513513513513514 78.98251215789476 19.9202745 345.933100483871 0.8735632183908046 0.007662835249042145 0.11877394636015326 0.47297297297297297 0.0945945945945946 0.10810810810810811 0.12162162162162163 0.06756756756756757 0.05405405405405406 0.04054054054054054 0.04054054054054054 0.6610169491525424 0.1440677966101695 0.09745762711864407 0.05508474576271186 0.0423728813559322 wangcheng 8Сʱ_mousemovements
150.55365185714285 329.94261666666665 370.6277965454546 137.13887 319.1204685 677.7102269999999 850.5193175 0 352.0304566666667 324.7703092727272 492.66154475 284.14352575000004 335.66033575 200.94553387500002 332.80733662499995 420.0601942000001 0.06382978723404255 0.23404255319148937 0.0851063829787234 0.0851063829787234 0.0851063829787234 0.1702127659574468 0.1702127659574468 0.10638297872340426 64.20524453846153 8.0 387.4808702857143 0.9122807017543859 0.005847953216374269 0.08187134502923976 0.44680851063829785 0.06382978723404255 0.23404255319148937 0.02127659574468085 0.0425531914893617 0.14893617021276595 0.0425531914893617 0.0 0.6689655172413793 0.15862068965517243 0.09655172413793103 0.041379310344827586 0.034482758620689655 wangcheng 8Сʱ_mousemovements
136.36768036538453 279.98589171428574 501.9014383333333 729.1397972500001 824.8830961999998 753.0749546666665 517.941284 602.538818 415.09483377777786 371.4841606470589 351.1084503999999 332.5208421818182 330.968441625 776.20878775 242.46244205882357 296.1407890833334 0.09473684210526316 0.17894736842105263 0.05263157894736842 0.11578947368421053 0.16842105263157894 0.08421052631578947 0.17894736842105263 0.12631578947368421 73.0110300553633 38.86301 355.42161597368425 0.8810975609756098 0.003048780487804878 0.11585365853658537 0.5473684210526316 0.07368421052631578 0.06315789473684211 0.08421052631578947 0.10526315789473684 0.09473684210526316 0.010526315789473684 0.021052631578947368 0.6543624161073825 0.1476510067114094 0.1040268456375839 0.07046979865771812 0.02348993288590604 wangcheng 8Сʱ_mousemovements
91.72090283333331 357.99024966666667 0 467.24115 916.073578 633.921977 1190.629578 923.0867005 185.26944233333336 176.85952319999998 620.0369059999999 604.1043642000001 129.53689833333334 792.6140036666666 10.638298 657.5400136666667 0.11538461538461539 0.19230769230769232 0.11538461538461539 0.19230769230769232 0.11538461538461539 0.11538461538461539 0.038461538461538464 0.11538461538461539 60.165984263736284 12.820513 558.2524445999999 0.8921568627450981 0.00980392156862745 0.09803921568627451 0.46153846153846156 0.11538461538461539 0.0 0.07692307692307693 0.07692307692307693 0.11538461538461539 0.07692307692307693 0.07692307692307693 0.7111111111111111 0.13333333333333333 0.044444444444444446 0.06666666666666667 0.044444444444444446 wangcheng 8Сʱ_mousemovements
139.08632240845068 339.5481831818181 617.8227067272727 566.7480906249999 872.1459480000001 712.8718108999999 772.018257 801.8879395000001 332.9466622307691 320.3175685294118 347.13745724999995 553.4589599333334 128.98943668749996 278.1544466249999 383.2209368235293 459.96303585000004 0.10317460317460317 0.1349206349206349 0.09523809523809523 0.11904761904761904 0.12698412698412698 0.12698412698412698 0.1349206349206349 0.15873015873015872 68.79058587037039 12.408236285714285 367.5971764600002 0.8689655172413793 0.016091954022988506 0.11494252873563218 0.5634920634920635 0.0873015873015873 0.0873015873015873 0.06349206349206349 0.05555555555555555 0.07936507936507936 0.031746031746031744 0.031746031746031744 0.655860349127182 0.18703241895261846 0.0798004987531172 0.05236907730673317 0.02493765586034913 wangcheng 8Сʱ_mousemovements
239.7853062857143 401.367249 324.470932 0 728.445862 839.0579224999999 408.153259 0 0 314.21962333333335 312.27599900000007 0 316.760101 300.086838 700.901223 530.2833865 0.0 0.2 0.26666666666666666 0.0 0.06666666666666667 0.13333333333333333 0.2 0.13333333333333333 95.35248253846156 13.678065 505.17282720000003 0.8478260869565217 0.043478260869565216 0.10869565217391304 0.4666666666666667 0.06666666666666667 0.13333333333333333 0.0 0.13333333333333333 0.13333333333333333 0.06666666666666667 0.0 0.6190476190476191 0.21428571428571427 0.09523809523809523 0.047619047619047616 0.023809523809523808 wangcheng 8Сʱ_mousemovements
0 0 0 0 0 0 0 0 0 0 0 0 0 0 0 0 0 0 0 0 0 0 0 0 0 0 0 0 0 0 0 0 0 0 0 0 0 0 0 0 0 0 0 wangcheng 8Сʱ_mousemovements
