65.44301514285715 335.206909 373.85437 0 495.859711 816.814392 572.487061 0 0 572.487061 106.44390849999999 72.599266 0 709.8294983333334 147.33092933333333 146.56083800000002 0.0 0.07692307692307693 0.15384615384615385 0.07692307692307693 0.0 0.23076923076923078 0.23076923076923078 0.23076923076923078 27.900585236363636 0 259.4006392222222 0.859375 0.0 0.140625 0.5384615384615384 0.07692307692307693 0.07692307692307693 0.0 0.07692307692307693 0.15384615384615385 0.07692307692307693 0.0 0.5344827586206896 0.22413793103448276 0.13793103448275862 0.034482758620689655 0.06896551724137931 wanghe 2Сʱ_mousemovements
130.81966 0 0 0 0 0 0 0 0 0 0 0 0 140.944275 120.695045 0 0.0 0.0 0.0 0.0 0.0 0.5 0.5 0.0 26.163932 0 0 1.0 0.0 0.0 1.0 0.0 0.0 0.0 0.0 0.0 0.0 0.0 0.4444444444444444 0.5555555555555556 0.0 0.0 0.0 wanghe 2Сʱ_mousemovements
0 0 0 0 0 0 0 0 0 0 0 0 0 0 0 0 0 0 0 0 0 0 0 0 0 0 0 0 0 0 0 0 0 0 0 0 0 0 0 0 0 0 0 wanghe 2Сʱ_mousemovements
0 0 0 0 0 0 0 0 0 0 0 0 0 0 0 0 0 0 0 0 0 0 0 0 0 0 0 0 0 0 0 0 0 0 0 0 0 0 0 0 0 0 0 wanghe 2Сʱ_mousemovements
0 0 0 0 0 0 0 0 0 0 0 0 0 0 0 0 0 0 0 0 0 0 0 0 0 0 0 0 0 0 0 0 0 0 0 0 0 0 0 0 0 0 0 wanghe 2Сʱ_mousemovements
0 0 0 0 0 0 0 0 0 0 0 0 0 0 0 0 0 0 0 0 0 0 0 0 0 0 0 0 0 0 0 0 0 0 0 0 0 0 0 0 0 0 0 wanghe 2Сʱ_mousemovements
0 0 0 0 0 0 0 0 0 0 0 0 0 0 0 0 0 0 0 0 0 0 0 0 0 0 0 0 0 0 0 0 0 0 0 0 0 0 0 0 0 0 0 wanghe 2Сʱ_mousemovements
0 0 0 0 0 0 0 0 0 0 0 0 0 0 0 0 0 0 0 0 0 0 0 0 0 0 0 0 0 0 0 0 0 0 0 0 0 0 0 0 0 0 0 wanghe 2Сʱ_mousemovements
0 0 0 0 0 0 0 0 0 0 0 0 0 0 0 0 0 0 0 0 0 0 0 0 0 0 0 0 0 0 0 0 0 0 0 0 0 0 0 0 0 0 0 wanghe 2Сʱ_mousemovements
0 0 0 0 0 0 0 0 0 0 0 0 0 0 0 0 0 0 0 0 0 0 0 0 0 0 0 0 0 0 0 0 0 0 0 0 0 0 0 0 0 0 0 wanghe 2Сʱ_mousemovements
0 0 0 0 0 0 0 0 0 0 0 0 0 0 0 0 0 0 0 0 0 0 0 0 0 0 0 0 0 0 0 0 0 0 0 0 0 0 0 0 0 0 0 wanghe 2Сʱ_mousemovements
0 0 0 0 0 0 0 0 0 0 0 0 0 0 0 0 0 0 0 0 0 0 0 0 0 0 0 0 0 0 0 0 0 0 0 0 0 0 0 0 0 0 0 wanghe 2Сʱ_mousemovements
0 0 0 0 0 0 0 0 0 0 0 0 0 0 0 0 0 0 0 0 0 0 0 0 0 0 0 0 0 0 0 0 0 0 0 0 0 0 0 0 0 0 0 wanghe 2Сʱ_mousemovements
0 0 0 0 0 0 0 0 0 0 0 0 0 0 0 0 0 0 0 0 0 0 0 0 0 0 0 0 0 0 0 0 0 0 0 0 0 0 0 0 0 0 0 wanghe 2Сʱ_mousemovements
407.65212600000007 679.9442595 0 0 0 0 0 0 504.418762 0 967.304504 315.115082 1000.978549 392.584015 26.962331666666667 86.58238700000001 0.08333333333333333 0.0 0.08333333333333333 0.08333333333333333 0.25 0.08333333333333333 0.25 0.16666666666666666 135.51874184615386 0 37.794711750000005 0.9069767441860465 0.0 0.09302325581395349 0.8333333333333334 0.16666666666666666 0.0 0.0 0.0 0.0 0.0 0.0 0.6666666666666666 0.2222222222222222 0.08333333333333333 0.0 0.027777777777777776 wanghe 2Сʱ_mousemovements
96.99641142857145 318.894012 0 0 0 0 0 0 112.93331049999999 0 0 106.172813 0 146.654279 0 0 0.5 0.0 0.0 0.125 0.0 0.375 0.0 0.0 14.67113325 0 105.67852559999999 0.8648648648648649 0.0 0.13513513513513514 0.875 0.125 0.0 0.0 0.0 0.0 0.0 0.0 0.4722222222222222 0.25 0.25 0.0 0.027777777777777776 wanghe 2Сʱ_mousemovements
0 0 0 0 0 0 0 0 0 0 0 0 0 0 0 0 0 0 0 0 0 0 0 0 0 0 0 0 0 0 0 0 0 0 0 0 0 0 0 0 0 0 0 wanghe 2Сʱ_mousemovements
65.481621 982.01062 0 0 0 0 0 0 0 0 0 0 0 65.481621 982.01062 0 0.0 0.0 0.0 0.0 0.0 0.3333333333333333 0.6666666666666666 0.0 140.28723142857143 0 65.481621 0.9333333333333333 0.0 0.06666666666666667 0.3333333333333333 0.6666666666666666 0.0 0.0 0.0 0.0 0.0 0.0 0.8 0.2 0.0 0.0 0.0 wanghe 2Сʱ_mousemovements
0 0 0 0 0 1106.588623 0 0 0 0 0 0 1106.588623 0 0 0 0.0 0.0 0.0 0.0 1.0 0.0 0.0 0.0 184.43143716666668 0 0 1.0 0.0 0.0 0.0 0.0 0.0 0.0 0.0 1.0 0.0 0.0 0.75 0.0 0.25 0.0 0.0 wanghe 2Сʱ_mousemovements
86.150186 380.982605 0 0 2944.082764 1182.266846 0 1226.868774 0 2944.082764 0 380.982605 0 97.639366 31.914894 672.2639235 0.0 0.125 0.0 0.125 0.0 0.125 0.125 0.5 221.08041413636366 21.276596 639.9531059999999 0.88 0.04 0.08 0.5555555555555556 0.1111111111111111 0.0 0.0 0.1111111111111111 0.1111111111111111 0.0 0.1111111111111111 0.6363636363636364 0.13636363636363635 0.22727272727272727 0.0 0.0 wanghe 2Сʱ_mousemovements
123.054016 0 0 0 1239.601929 0 0 0 0 0 0 0 0 0 1239.601929 123.054016 0.0 0.0 0.0 0.0 0.0 0.0 0.25 0.75 201.095497125 0 0 1.0 0.0 0.0 0.75 0.0 0.0 0.0 0.25 0.0 0.0 0.0 0.3333333333333333 0.6666666666666666 0.0 0.0 0.0 wanghe 2Сʱ_mousemovements
100.5541322857143 0 0 0 449.122162 0 0 0 0 35.281898 0 0 0 136.472626 163.54109400000002 0 0.0 0.125 0.0 0.0 0.0 0.125 0.75 0.0 22.266614444444446 0 183.934166 0.9 0.0 0.1 0.875 0.0 0.0 0.0 0.125 0.0 0.0 0.0 0.72 0.04 0.12 0.08 0.04 wanghe 2Сʱ_mousemovements
284.6016955 413.2906537999999 805.8139293333334 0 0 0 0 0 0 568.620361 450.34545899999995 561.8371086666667 167.35530849999998 686.253235 143.375057 639.3116 0.0 0.07142857142857142 0.21428571428571427 0.21428571428571427 0.14285714285714285 0.07142857142857142 0.14285714285714285 0.14285714285714285 92.44943584090908 1526.814575 119.3830956 0.88 0.02 0.1 0.42857142857142855 0.35714285714285715 0.21428571428571427 0.0 0.0 0.0 0.0 0.0 0.5365853658536586 0.24390243902439024 0.14634146341463414 0.024390243902439025 0.04878048780487805 wanghe 2Сʱ_mousemovements
169.55732957142854 356.318848 433.98396 270.706085 547.22348 0 0 0 0 367.43222033333336 395.85601799999995 0 93.820297 547.06012 276.3036838 578.388855 0.0 0.1875 0.1875 0.0 0.1875 0.0625 0.3125 0.0625 114.63018156756758 53.19149 261.2615973333333 0.9024390243902439 0.024390243902439025 0.07317073170731707 0.4375 0.0625 0.3125 0.0625 0.125 0.0 0.0 0.0 0.4411764705882353 0.20588235294117646 0.17647058823529413 0.08823529411764706 0.08823529411764706 wanghe 2Сʱ_mousemovements
0 0 0 0 0 0 0 0 0 0 0 0 0 0 0 0 0 0 0 0 0 0 0 0 0 0 0 0 0 0 0 0 0 0 0 0 0 0 0 0 0 0 0 wanghe 2Сʱ_mousemovements
128.4551335 440.76303399999995 0 0 1076.4573975 780.092529 462.684479 0 289.74066666666664 116.600609 56.685394 606.067627 522.104477 500.293945 462.684479 819.1881663333334 0.23076923076923078 0.07692307692307693 0.07692307692307693 0.07692307692307693 0.15384615384615385 0.07692307692307693 0.07692307692307693 0.23076923076923078 112.18171468292684 0 252.3128675 0.8723404255319149 0.0 0.1276595744680851 0.3076923076923077 0.38461538461538464 0.0 0.0 0.15384615384615385 0.07692307692307693 0.07692307692307693 0.0 0.5227272727272727 0.20454545454545456 0.18181818181818182 0.09090909090909091 0.0 wanghe 2Сʱ_mousemovements
101.69164484615385 372.0507505 411.961884 861.529251 0 930.845886 890.66925 881.5439455000001 0 718.6782851999999 292.938629 265.7276345 148.75788866666667 198.34332675000002 832.3110045000001 92.7323982 0.0 0.22727272727272727 0.045454545454545456 0.09090909090909091 0.13636363636363635 0.18181818181818182 0.09090909090909091 0.22727272727272727 102.55287946551726 266.696564 196.3690905 0.8656716417910447 0.014925373134328358 0.11940298507462686 0.5909090909090909 0.09090909090909091 0.045454545454545456 0.09090909090909091 0.0 0.045454545454545456 0.045454545454545456 0.09090909090909091 0.5396825396825397 0.25396825396825395 0.07936507936507936 0.09523809523809523 0.031746031746031744 wanghe 2Сʱ_mousemovements
0 333.186371 0 0 727.084595 497.395142 0 417.170776 0 0 572.1276855 0 333.186371 0 0 497.395142 0.0 0.0 0.5 0.0 0.25 0.0 0.0 0.25 48.472306333333336 0 415.9174296666667 0.8333333333333334 0.0 0.16666666666666666 0.0 0.25 0.0 0.0 0.25 0.25 0.0 0.25 0.6428571428571429 0.07142857142857142 0.2857142857142857 0.0 0.0 wanghe 2Сʱ_mousemovements
110.80182320000002 0 416.182281 720.430969 0 652.6735535 1034.833618 0 877.6322935 126.13756749999999 124.5209385 0 52.692104 659.056152 416.182281 646.290955 0.2 0.2 0.2 0.0 0.1 0.1 0.1 0.1 74.08927072413793 0 313.7023733333333 0.8285714285714286 0.0 0.17142857142857143 0.5 0.0 0.1 0.1 0.0 0.2 0.1 0.0 0.47058823529411764 0.20588235294117646 0.17647058823529413 0.08823529411764706 0.058823529411764705 wanghe 2Сʱ_mousemovements
150.35512453333328 260.233363 1091.388428 0 1059.988403 456.173477 0 0 358.00292060000004 35.805756 39.986008 243.009159 697.2336426666667 0 0 312.85481814285714 0.21739130434782608 0.13043478260869565 0.043478260869565216 0.17391304347826086 0.13043478260869565 0.0 0.0 0.30434782608695654 87.87155130882351 318.143494 149.62169783333334 0.9066666666666666 0.013333333333333334 0.08 0.6521739130434783 0.13043478260869565 0.08695652173913043 0.0 0.043478260869565216 0.08695652173913043 0.0 0.0 0.6417910447761194 0.16417910447761194 0.08955223880597014 0.07462686567164178 0.029850746268656716 wanghe 2Сʱ_mousemovements
631.5511486666667 371.639435 0 665.291138 1599.4623415 924.986816 0 0 0 0 1171.907776 1979.202759 0 0 193.8842335 781.56958 0.0 0.0 0.25 0.125 0.0 0.0 0.25 0.375 445.59040553333335 185.8197175 0 0.8823529411764706 0.11764705882352941 0.0 0.375 0.125 0.0 0.125 0.25 0.125 0.0 0.0 0.5333333333333333 0.26666666666666666 0.2 0.0 0.0 wanghe 2Сʱ_mousemovements
107.37448023809524 470.2995145 592.98114 591.7130435 630.9735032499999 0 944.6534115 0 417.73940650000003 275.1456714 188.7555984 332.81391349999996 16.0 234.11091533333334 263.7219822222222 1141.371948 0.0625 0.15625 0.15625 0.1875 0.03125 0.09375 0.28125 0.03125 87.77832543243242 82.0075835 454.24332133333337 0.9024390243902439 0.024390243902439025 0.07317073170731707 0.65625 0.0625 0.03125 0.0625 0.125 0.0 0.0625 0.0 0.5866666666666667 0.14666666666666667 0.16 0.06666666666666667 0.04 wanghe 2Сʱ_mousemovements
79.27108916666667 539.04539 425.78245925 0 1777.409424 512.410736 0 0 272.458496 414.9712525 722.989502 173.631405 223.205877 1777.409424 351.04743859999996 0 0.0625 0.125 0.0625 0.125 0.25 0.0625 0.3125 0.0 98.95837432 0 275.0341203333333 0.8928571428571429 0.0 0.10714285714285714 0.375 0.1875 0.25 0.0 0.0625 0.125 0.0 0.0 0.4444444444444444 0.3111111111111111 0.1111111111111111 0.06666666666666667 0.06666666666666667 wanghe 2Сʱ_mousemovements
412.9920435714286 293.757446 322.001953 2583.339111 0 961.991333 1332.692505 3124.610352 914.681152 522.4390360000001 1049.46935 98.390648 86.554085 827.347229 3124.610352 0 0.15384615384615385 0.23076923076923078 0.23076923076923078 0.07692307692307693 0.07692307692307693 0.15384615384615385 0.07692307692307693 0.0 196.44873755813953 2583.339111 159.567393 0.9148936170212766 0.02127659574468085 0.06382978723404255 0.5384615384615384 0.07692307692307693 0.07692307692307693 0.07692307692307693 0.0 0.07692307692307693 0.07692307692307693 0.07692307692307693 0.6511627906976745 0.13953488372093023 0.11627906976744186 0.09302325581395349 0.0 wanghe 2Сʱ_mousemovements
131.42222950000001 299.87849224999997 627.6960446666667 0 622.554138 0 418.008362 0 216.939575 396.833374 337.0271963333333 1242.418823 319.370178 332.5096713333333 33.923797 0 0.07692307692307693 0.15384615384615385 0.23076923076923078 0.07692307692307693 0.07692307692307693 0.23076923076923078 0.15384615384615385 0.0 84.134272375 0 256.6965252 0.8888888888888888 0.0 0.1111111111111111 0.3076923076923077 0.3076923076923077 0.23076923076923078 0.0 0.07692307692307693 0.0 0.07692307692307693 0.0 0.625 0.15 0.075 0.15 0.0 wanghe 2Сʱ_mousemovements
163.05506533333335 513.7873305 299.51268749999997 528.181198 1087.251068 970.5233155000001 0 0 179.8897095 454.877955 548.1077231666667 387.907074 211.876026 85.02404 562.70094875 452.202026 0.07407407407407407 0.1111111111111111 0.2222222222222222 0.07407407407407407 0.2962962962962963 0.037037037037037035 0.14814814814814814 0.037037037037037035 94.48549822784811 0.0 401.07964000000004 0.9080459770114943 0.011494252873563218 0.08045977011494253 0.5555555555555556 0.14814814814814814 0.07407407407407407 0.07407407407407407 0.07407407407407407 0.07407407407407407 0.0 0.0 0.5555555555555556 0.2345679012345679 0.09876543209876543 0.09876543209876543 0.012345679012345678 wanghe 2Сʱ_mousemovements
831.99054 514.140503 0 0 0 0 0 0 0 0 0 0 514.140503 831.99054 0 0 0.0 0.0 0.0 0.0 0.5 0.5 0.0 0.0 224.3551738333333 0 0 1.0 0.0 0.0 0.5 0.5 0.0 0.0 0.0 0.0 0.0 0.0 0.5 0.25 0.25 0.0 0.0 wanghe 2Сʱ_mousemovements
0 0 0 0 0 0 0 0 0 0 0 0 0 0 0 0 0 0 0 0 0 0 0 0 0 0 0 0 0 0 0 0 0 0 0 0 0 0 0 0 0 0 0 wanghe 2Сʱ_mousemovements
0 0 0 0 0 0 0 0 0 0 0 0 0 0 0 0 0 0 0 0 0 0 0 0 0 0 0 0 0 0 0 0 0 0 0 0 0 0 0 0 0 0 0 wanghe 2Сʱ_mousemovements
89.56664399999998 0 1191.5683589999999 0 390.790436 638.358337 0 0 338.884735 535.9113235000001 0 0 46.9785905 183.76677199999997 54.170879 0 0.07142857142857142 0.42857142857142855 0.0 0.0 0.14285714285714285 0.21428571428571427 0.14285714285714285 0.0 123.68948426470588 0 34.169822 0.918918918918919 0.0 0.08108108108108109 0.7142857142857143 0.0 0.14285714285714285 0.0 0.07142857142857142 0.07142857142857142 0.0 0.0 0.375 0.25 0.0625 0.21875 0.09375 wanghe 2Сʱ_mousemovements
0 366.990326 629.1758729999999 380.973991 0 1841.52417 1084.6549375 0 0 1024.0001933333333 0 250.220901 0 588.0210265 1532.870239 366.990326 0.0 0.375 0.0 0.125 0.0 0.25 0.125 0.125 178.56201717857144 0 466.129206 0.9032258064516129 0.0 0.0967741935483871 0.0 0.125 0.25 0.25 0.0 0.125 0.25 0.0 0.4 0.4 0.16 0.0 0.04 wanghe 2Сʱ_mousemovements
48.094907 0 0 0 0 0 0 0 0 0 44.9138925 54.456936 0 0 0 0 0.0 0.0 0.6666666666666666 0.3333333333333333 0.0 0.0 0.0 0.0 24.0474535 0 0 1.0 0.0 0.0 1.0 0.0 0.0 0.0 0.0 0.0 0.0 0.0 1.0 0.0 0.0 0.0 0.0 wanghe 2Сʱ_mousemovements
0 0 0 0 0 0 0 0 0 0 0 0 0 0 0 0 0 0 0 0 0 0 0 0 0 0 0 0 0 0 0 0 0 0 0 0 0 0 0 0 0 0 0 wanghe 2Сʱ_mousemovements
47.54638 452.721863 409.72502099999997 0 0 870.271118 1088.202881 0 80.023048 0 452.721863 0 409.72502099999997 441.082502 0 569.4625434999999 0.125 0.0 0.125 0.0 0.25 0.25 0.0 0.25 83.03733466666667 0 441.082502 0.9375 0.0 0.0625 0.375 0.125 0.25 0.0 0.0 0.125 0.125 0.0 0.39285714285714285 0.21428571428571427 0.10714285714285714 0.17857142857142858 0.10714285714285714 wanghe 2Сʱ_mousemovements
217.06561737500002 826.312561 101.799133 287.604004 698.456604 1188.168823 0 1133.522369 232.2504425 0.0 1051.7133786666666 400.1278685 0 81.124817 570.093915 10.638298 0.125 0.0625 0.1875 0.125 0.0 0.0625 0.375 0.0625 148.70437118421054 10.638298 378.4698266666667 0.8444444444444444 0.022222222222222223 0.13333333333333333 0.5 0.125 0.0625 0.0625 0.0625 0.0625 0.0 0.125 0.6176470588235294 0.17647058823529413 0.11764705882352941 0.08823529411764706 0.0 wanghe 2Сʱ_mousemovements
76.3251814 508.69759099999993 262.319763 0 963.012756 0 0 0 434.8743206666666 45.5512465 963.012756 0 0 345.988007 142.7749936666667 0 0.3 0.2 0.1 0.0 0.0 0.1 0.3 0.0 45.726972511627906 0 194.46523016666666 0.8775510204081632 0.0 0.12244897959183673 0.5 0.3 0.1 0.0 0.1 0.0 0.0 0.0 0.7073170731707317 0.0975609756097561 0.07317073170731707 0.07317073170731707 0.04878048780487805 wanghe 2Сʱ_mousemovements
183.2454075 626.129211 544.867615 1042.6122435 769.0576376666667 0 1147.759766 0 0 697.6596273333333 0 544.867615 637.845581 604.6232403333333 1147.759766 840.323242 0.0 0.3 0.0 0.1 0.1 0.3 0.1 0.1 193.77891828125 0 292.2398073333333 0.9142857142857143 0.0 0.08571428571428572 0.2 0.1 0.1 0.2 0.3 0.0 0.1 0.0 0.36363636363636365 0.3333333333333333 0.18181818181818182 0.09090909090909091 0.030303030303030304 wanghe 2Сʱ_mousemovements
80.20370944444446 153.0398865 729.9367432 487.525055 1414.3454285 748.1843056666667 0 677.2178345 0 270.1813535 893.8116664000001 293.641796 0 498.9135496666666 544.0421346666667 207.531583 0.0 0.16666666666666666 0.20833333333333334 0.08333333333333333 0.0 0.25 0.125 0.16666666666666666 131.91612271621625 0 228.87603637499998 0.9024390243902439 0.0 0.0975609756097561 0.375 0.08333333333333333 0.20833333333333334 0.041666666666666664 0.08333333333333333 0.125 0.0 0.08333333333333333 0.547945205479452 0.2328767123287671 0.0684931506849315 0.1095890410958904 0.0410958904109589 wanghe 2Сʱ_mousemovements
120.56550314285714 730.3524627500001 0 0 0 0 0 1334.628906 503.000525 690.2502324999999 0 0 276.757629 485.5156656666666 227.190613 125.0 0.25 0.16666666666666666 0.0 0.0 0.08333333333333333 0.25 0.08333333333333333 0.16666666666666666 128.7887791111111 11.313708 805.6932674999999 0.9 0.03333333333333333 0.06666666666666667 0.5833333333333334 0.3333333333333333 0.0 0.0 0.0 0.0 0.0 0.08333333333333333 0.46153846153846156 0.2692307692307692 0.19230769230769232 0.07692307692307693 0.0 wanghe 2Сʱ_mousemovements
136.32913266666665 292.993614 279.02570349999996 655.5412979999999 491.292847 0 765.9160766666668 564.024597 379.745922 268.9841686666667 0 427.26840200000004 313.230493 704.29244 44.497688 360.557806 0.18181818181818182 0.13636363636363635 0.0 0.09090909090909091 0.22727272727272727 0.13636363636363635 0.045454545454545456 0.18181818181818182 79.017495265625 128.487686 351.1804791111111 0.8648648648648649 0.013513513513513514 0.12162162162162163 0.4090909090909091 0.09090909090909091 0.09090909090909091 0.18181818181818182 0.045454545454545456 0.0 0.13636363636363635 0.045454545454545456 0.5428571428571428 0.22857142857142856 0.08571428571428572 0.1 0.04285714285714286 wanghe 2Сʱ_mousemovements
67.46069993333334 383.31696700000003 0 413.119598 0 0 0 0 13.534714 231.683307 331.7719265 0 88.2678615714286 582.102722 0 0 0.05 0.1 0.1 0.0 0.7 0.05 0.0 0.0 58.402698980000004 24.628302 13.534714 0.9615384615384616 0.019230769230769232 0.019230769230769232 0.75 0.2 0.0 0.05 0.0 0.0 0.0 0.0 0.6382978723404256 0.2127659574468085 0.0425531914893617 0.0425531914893617 0.06382978723404255 wanghe 2Сʱ_mousemovements
152.77006566666665 341.979126 0 523.6883849999999 0 0 0 0 0 657.335876 387.527069 0 0 257.86946366666666 29.194757 0 0.0 0.16666666666666666 0.16666666666666666 0.0 0.0 0.5 0.16666666666666666 0.0 28.23953905405405 0 200.700787 0.9024390243902439 0.0 0.0975609756097561 0.5 0.16666666666666666 0.0 0.3333333333333333 0.0 0.0 0.0 0.0 0.65625 0.1875 0.09375 0.03125 0.03125 wanghe 2Сʱ_mousemovements
92.96055975 419.617157 0 0 0 0 0 0 0 0 0 0 115.19603 85.54873633333334 419.617157 0 0.0 0.0 0.0 0.0 0.2 0.6 0.2 0.0 79.14593959999999 0 0 1.0 0.0 0.0 0.8 0.2 0.0 0.0 0.0 0.0 0.0 0.0 0.5714285714285714 0.2857142857142857 0.14285714285714285 0.0 0.0 wanghe 2Сʱ_mousemovements
346.2974395 268.021088 0 0 0 0 0 0 0 0 320.2053223333333 0 0 0 0 0 0.0 0.0 1.0 0.0 0.0 0.0 0.0 0.0 192.1231934 0 0 1.0 0.0 0.0 0.6666666666666666 0.3333333333333333 0.0 0.0 0.0 0.0 0.0 0.0 0.3333333333333333 0.3333333333333333 0.3333333333333333 0.0 0.0 wanghe 2Сʱ_mousemovements
115.2124922 322.0411605 0 0 0 0 0 0 269.709595 0 220.637821 0 52.339767 73.813995 191.50289149999998 0 0.14285714285714285 0.0 0.2857142857142857 0.0 0.14285714285714285 0.14285714285714285 0.2857142857142857 0.0 39.168057239999996 0 120.47167549999999 0.9259259259259259 0.0 0.07407407407407407 0.7142857142857143 0.2857142857142857 0.0 0.0 0.0 0.0 0.0 0.0 0.45 0.2 0.1 0.1 0.15 wanghe 2Сʱ_mousemovements
108.53180390909091 288.193413 0 0 0 0 0 0 0 0 324.29274 0 133.05394099999998 91.282143 92.36348140000001 84.694908 0.0 0.0 0.15384615384615385 0.0 0.23076923076923078 0.07692307692307693 0.38461538461538464 0.15384615384615385 46.269603918918925 0 19.420441333333333 0.925 0.0 0.075 0.8461538461538461 0.15384615384615385 0.0 0.0 0.0 0.0 0.0 0.0 0.3 0.4 0.16666666666666666 0.03333333333333333 0.1 wanghe 2Сʱ_mousemovements
168.01219116666667 0 437.590668 668.185791 0 0 0 0 0 0 0 278.656006 242.5276645 611.892883 175.077596 272.80775 0.0 0.0 0.0 0.06666666666666667 0.13333333333333333 0.06666666666666667 0.4 0.3333333333333333 71.60262317021278 0 84.957051 0.9038461538461539 0.0 0.09615384615384616 0.8 0.0 0.06666666666666667 0.13333333333333333 0.0 0.0 0.0 0.0 0.625 0.25 0.041666666666666664 0.041666666666666664 0.041666666666666664 wanghe 2Сʱ_mousemovements
88.3194555 263.7205505 597.746826 236.666534 0 0 0 0 213.008316 0 236.666534 114.099205 82.05651950000001 100.68775 198.37244875000002 382.556396 0.07692307692307693 0.0 0.07692307692307693 0.15384615384615385 0.15384615384615385 0.15384615384615385 0.3076923076923077 0.07692307692307693 54.910073000000004 0 597.746826 0.967741935483871 0.0 0.03225806451612903 0.7142857142857143 0.14285714285714285 0.07142857142857142 0.07142857142857142 0.0 0.0 0.0 0.0 0.5416666666666666 0.16666666666666666 0.20833333333333334 0.041666666666666664 0.041666666666666664 wanghe 2Сʱ_mousemovements
179.8150865 353.279877 1171.608032 0 0 0 0 1342.132935 296.010712 0 0 1171.608032 0 187.549998 156.610352 876.3409885000001 0.125 0.0 0.0 0.125 0.0 0.375 0.125 0.25 71.919294375 0 819.0718235 0.9411764705882353 0.0 0.058823529411764705 0.5 0.25 0.125 0.0 0.0 0.0 0.0 0.125 0.6206896551724138 0.20689655172413793 0.13793103448275862 0.034482758620689655 0.0 wanghe 2Сʱ_mousemovements
175.26813 3000.0 781.3357946666666 0 0 0 0 0 661.9936065 512.689941 96.244835 0 3000.0 228.396072 0 708.493713 0.2857142857142857 0.14285714285714285 0.14285714285714285 0.0 0.14285714285714285 0.14285714285714285 0.0 0.14285714285714285 308.9374617894737 0 0 1.0 0.0 0.0 0.42857142857142855 0.14285714285714285 0.42857142857142855 0.0 0.0 0.0 0.0 0.0 0.17647058823529413 0.5294117647058824 0.11764705882352941 0.17647058823529413 0.0 wanghe 2Сʱ_mousemovements
185.76826507142863 404.0628053333333 235.34324133333334 603.275543 0 0 0 0 0 267.04395066666666 518.8434193333334 245.06606299999999 148.27454 203.52152166666667 174.35318375 331.319878 0.0 0.13636363636363635 0.13636363636363635 0.09090909090909091 0.09090909090909091 0.2727272727272727 0.18181818181818182 0.09090909090909091 80.1848001147541 0 119.17887571428571 0.8970588235294118 0.0 0.10294117647058823 0.6363636363636364 0.13636363636363635 0.13636363636363635 0.09090909090909091 0.0 0.0 0.0 0.0 0.48214285714285715 0.21428571428571427 0.08928571428571429 0.14285714285714285 0.07142857142857142 wanghe 2Сʱ_mousemovements
80.1430336 275.525085 606.202454 473.850464 467.938202 763.786804 0 0 346.81566899999996 100.32197333333333 0 0 571.359436 415.9256895 364.516968 0 0.36363636363636365 0.2727272727272727 0.0 0.0 0.09090909090909091 0.18181818181818182 0.09090909090909091 0.0 65.73925539393939 0 257.3121902 0.868421052631579 0.0 0.13157894736842105 0.45454545454545453 0.09090909090909091 0.09090909090909091 0.09090909090909091 0.18181818181818182 0.09090909090909091 0.0 0.0 0.3333333333333333 0.24242424242424243 0.21212121212121213 0.15151515151515152 0.06060606060606061 wanghe 2Сʱ_mousemovements
187.59329733333334 311.5506096666667 0 0 0 0 0 0 0 245.74776450000002 423.66275 0 450.574036 71.284363 60.415043 0 0.0 0.3333333333333333 0.16666666666666666 0.0 0.16666666666666666 0.16666666666666666 0.16666666666666666 0.0 75.8740175 0 65.849703 0.9 0.0 0.1 0.5 0.5 0.0 0.0 0.0 0.0 0.0 0.0 0.25 0.3333333333333333 0.16666666666666666 0.16666666666666666 0.08333333333333333 wanghe 2Сʱ_mousemovements
171.884888 0 0 674.4585163333334 0 1767.344971 451.985291 513.666992 715.449982 0 513.666992 0 311.846512 1767.344971 382.268814 0 0.25 0.0 0.125 0.0 0.25 0.125 0.25 0.0 123.60117679999999 0 502.52828975000006 0.8620689655172413 0.0 0.13793103448275862 0.25 0.0 0.0 0.375 0.0 0.125 0.125 0.125 0.4230769230769231 0.38461538461538464 0.07692307692307693 0.11538461538461539 0.0 wanghe 2Сʱ_mousemovements
155.85813433333334 0 0 0 0 676.757996 0 0 0 0 468.64663700000006 0 0 103.5195625 0 0 0.0 0.0 0.5 0.0 0.0 0.5 0.0 0.0 103.692448 0 3.715471 0.9166666666666666 0.0 0.08333333333333333 0.75 0.0 0.0 0.0 0.0 0.25 0.0 0.0 0.5714285714285714 0.0 0.0 0.2857142857142857 0.14285714285714285 wanghe 2Сʱ_mousemovements
87.866066 0 0 0 0 0 0 0 0 0 0 0 0 0 87.866066 0 0.0 0.0 0.0 0.0 0.0 0.0 1.0 0.0 43.933033 0 0 1.0 0.0 0.0 1.0 0.0 0.0 0.0 0.0 0.0 0.0 0.0 0.0 1.0 0.0 0.0 0.0 wanghe 2Сʱ_mousemovements
0 0 0 0 0 0 0 0 0 0 0 0 0 0 0 0 0 0 0 0 0 0 0 0 0 0 0 0 0 0 0 0 0 0 0 0 0 0 0 0 0 0 0 wanghe 2Сʱ_mousemovements
164.08585957142859 665.528839 510.168884 537.7410735 1329.799072 0 576.866394 0 342.635231 0 783.058533 496.0243375 1329.799072 0 326.8596998333333 295.3896966666667 0.13333333333333333 0.0 0.06666666666666667 0.13333333333333333 0.06666666666666667 0.0 0.4 0.2 102.77559 0 346.2435487142857 0.8541666666666666 0.0 0.14583333333333334 0.4666666666666667 0.2 0.06666666666666667 0.13333333333333333 0.06666666666666667 0.0 0.06666666666666667 0.0 0.6904761904761905 0.16666666666666666 0.07142857142857142 0.07142857142857142 0.0 wanghe 2Сʱ_mousemovements
104.02711914285715 0 734.492798 379.114288 0 0 0 0 0 0 499.6736143333333 33.338863 8.0 107.978966 878.612183 0 0.0 0.0 0.3 0.2 0.3 0.1 0.1 0.0 92.01034707142857 0 0 1.0 0.0 0.0 0.7 0.0 0.2 0.1 0.0 0.0 0.0 0.0 0.5217391304347826 0.2608695652173913 0.08695652173913043 0.043478260869565216 0.08695652173913043 wanghe 2Сʱ_mousemovements
0 612.360168 544.361206 0 0 0 0 0 0 0 0 0 0 612.360168 0 544.361206 0.0 0.0 0.0 0.0 0.0 0.5 0.0 0.5 289.18034350000005 0 0 1.0 0.0 0.0 0.0 0.5 0.5 0.0 0.0 0.0 0.0 0.0 0.3333333333333333 0.3333333333333333 0.3333333333333333 0.0 0.0 wanghe 2Сʱ_mousemovements
153.97199625 577.621948 638.6233365 0 0 0 544.1020505 0 150.92311850000002 125.0 568.2484840000001 0 0 189.041748 619.163635 0 0.2222222222222222 0.1111111111111111 0.3333333333333333 0.0 0.0 0.1111111111111111 0.2222222222222222 0.0 146.450070625 0 44.159012 0.96 0.0 0.04 0.4444444444444444 0.1111111111111111 0.2222222222222222 0.0 0.0 0.0 0.2222222222222222 0.0 0.6 0.2 0.1 0.0 0.1 wanghe 2Сʱ_mousemovements
0 0 0 0 0 0 0 0 0 0 0 0 0 0 0 0 0 0 0 0 0 0 0 0 0 0 0 0 0 0 0 0 0 0 0 0 0 0 0 0 0 0 0 wanghe 2Сʱ_mousemovements
0.0 288.9097595 695.298767 0 0 0 0 0 0 428.694855 0 848.942993 0 345.3896025 0 0.0 0.0 0.2 0.0 0.2 0.0 0.4 0.0 0.2 151.41669638461536 0.0 0 0.9285714285714286 0.07142857142857142 0.0 0.2 0.4 0.4 0.0 0.0 0.0 0.0 0.0 0.5 0.4 0.1 0.0 0.0 wanghe 2Сʱ_mousemovements
151.715475 888.401611 1351.244629 592.100159 0 0 0 0 0 0 825.8022005 184.980499 58.875507 0 0 514.3826306666666 0.0 0.0 0.2857142857142857 0.14285714285714285 0.14285714285714285 0.0 0.0 0.42857142857142855 214.91301868750003 0 0 1.0 0.0 0.0 0.5714285714285714 0.14285714285714285 0.14285714285714285 0.14285714285714285 0.0 0.0 0.0 0.0 0.6153846153846154 0.23076923076923078 0.15384615384615385 0.0 0.0 wanghe 2Сʱ_mousemovements
0 0 0 0 0 0 0 0 0 0 0 0 0 0 0 0 0 0 0 0 0 0 0 0 0.0 0 0 1.0 0.0 0.0 0 0 0 0 0 0 0 0 0 0 0 0 0 wanghe 2Сʱ_mousemovements
130.55244833333336 581.37761675 229.0902445 442.713531 0 0 0 0 408.8085733333334 95.054024 423.637238 140.6228295 128.1151465 0 488.30567899999994 375.25744249999997 0.23076923076923078 0.07692307692307693 0.07692307692307693 0.15384615384615385 0.15384615384615385 0.0 0.15384615384615385 0.15384615384615385 132.33616763333333 0 39.634148 0.967741935483871 0.0 0.03225806451612903 0.46153846153846156 0.3076923076923077 0.15384615384615385 0.07692307692307693 0.0 0.0 0.0 0.0 0.4230769230769231 0.38461538461538464 0.038461538461538464 0.11538461538461539 0.038461538461538464 wanghe 2Сʱ_mousemovements
122.68215466666668 348.923166 413.845551 0 632.031799 0 0 890.341675 632.031799 253.75577933333332 271.879013 890.341675 0 321.335022 89.9876835 272.05463899999995 0.07142857142857142 0.21428571428571427 0.14285714285714285 0.07142857142857142 0.0 0.07142857142857142 0.14285714285714285 0.2857142857142857 39.00045313043478 0 238.44608536363637 0.8070175438596491 0.0 0.19298245614035087 0.42857142857142855 0.35714285714285715 0.07142857142857142 0.0 0.07142857142857142 0.0 0.0 0.07142857142857142 0.6296296296296297 0.24074074074074073 0.018518518518518517 0.07407407407407407 0.037037037037037035 wanghe 2Сʱ_mousemovements
0 0 0 0 0 0 0 0 0 0 0 0 0 0 0 0 0 0 0 0 0 0 0 0 0 0 0 0 0 0 0 0 0 0 0 0 0 0 0 0 0 0 0 wanghe 2Сʱ_mousemovements
0 0 0 0 0 0 0 0 0 0 0 0 0 0 0 0 0 0 0 0 0 0 0 0 0 0 0 0 0 0 0 0 0 0 0 0 0 0 0 0 0 0 0 wanghe 2Сʱ_mousemovements
180.87298950000002 0 0 440.552429 0 1034.874756 940.190552 0 0 659.1553345 0 0 0 940.190552 259.43124750000004 0 0.0 0.4 0.0 0.0 0.0 0.2 0.4 0.0 48.26588946666667 0 684.4584580000001 0.8333333333333334 0.0 0.16666666666666666 0.4 0.0 0.0 0.2 0.0 0.2 0.2 0.0 0.7058823529411765 0.11764705882352941 0.058823529411764705 0.058823529411764705 0.058823529411764705 wanghe 2Сʱ_mousemovements
124.1929045 353.8606835 1313.485474 572.632446 1031.107056 0 467.917389 369.552582 346.622101 176.42392 624.850332 616.3327686666667 167.8181966666667 609.118408 124.76224149999999 67.22768 0.09523809523809523 0.047619047619047616 0.14285714285714285 0.14285714285714285 0.2857142857142857 0.047619047619047616 0.09523809523809523 0.14285714285714285 84.16983739622643 609.118408 198.791593125 0.8548387096774194 0.016129032258064516 0.12903225806451613 0.5714285714285714 0.19047619047619047 0.047619047619047616 0.047619047619047616 0.047619047619047616 0.0 0.047619047619047616 0.047619047619047616 0.603448275862069 0.25862068965517243 0.1206896551724138 0.017241379310344827 0.0 wanghe 2Сʱ_mousemovements
491.2241365 457.421783 0 109.166466 0 0 0 0 0 0 0 0 0 457.421783 410.818512 340.3981135 0.0 0.0 0.0 0.0 0.0 0.25 0.25 0.5 75.57294407692308 0 283.2941245 0.8666666666666667 0.0 0.13333333333333333 0.5 0.25 0.0 0.25 0.0 0.0 0.0 0.0 0.9 0.1 0.0 0.0 0.0 wanghe 2Сʱ_mousemovements
211.8697678 259.019028 497.53067 0 0 0 0 0 0 269.28961375 0 126.732956 423.944916 303.50813300000004 337.595642 0 0.0 0.4444444444444444 0.0 0.1111111111111111 0.1111111111111111 0.2222222222222222 0.1111111111111111 0.0 61.00112860714285 0 216.10415849999998 0.875 0.0 0.125 0.5555555555555556 0.2222222222222222 0.2222222222222222 0.0 0.0 0.0 0.0 0.0 0.5384615384615384 0.2692307692307692 0.07692307692307693 0.07692307692307693 0.038461538461538464 wanghe 2Сʱ_mousemovements
3.862974 408.727081 0 0 0 0 0 0 0 265.2547595 0 0 0 290.807617 0 0 0.0 0.6666666666666666 0.0 0.0 0.0 0.3333333333333333 0.0 0.0 35.109769666666665 0 98.22353033333333 0.8333333333333334 0.0 0.16666666666666666 0.3333333333333333 0.6666666666666666 0.0 0.0 0.0 0.0 0.0 0.0 0.8 0.1 0.1 0.0 0.0 wanghe 2Сʱ_mousemovements
38.5672455 461.39611833333333 0 0 0 0 0 0 0 276.2305145 56.326241 0 16.129032 322.804291 295.368372 0 0.0 0.2857142857142857 0.14285714285714285 0.0 0.14285714285714285 0.14285714285714285 0.2857142857142857 0.0 63.3340608888889 19.313709 189.56526599999998 0.8571428571428571 0.047619047619047616 0.09523809523809523 0.5714285714285714 0.42857142857142855 0.0 0.0 0.0 0.0 0.0 0.0 0.7058823529411765 0.23529411764705882 0.058823529411764705 0.0 0.0 wanghe 2Сʱ_mousemovements
91.904419 378.4910585 0 0 0 0 0 0 0 275.782532 0 0 0 389.225891 0 0.0 0.0 0.5 0.0 0.0 0.0 0.25 0.0 0.25 50.142278545454545 0 389.225891 0.9166666666666666 0.0 0.08333333333333333 0.5 0.5 0.0 0.0 0.0 0.0 0.0 0.0 0.5555555555555556 0.3333333333333333 0.1111111111111111 0.0 0.0 wanghe 2Сʱ_mousemovements
158.1603195 0 1112.097656 0 0 0 0 0 0 701.1578065 0 0 0 26.102682 0 0 0.0 0.6666666666666666 0.0 0.0 0.0 0.3333333333333333 0.0 0.0 70.11578065 0 26.102682 0.9523809523809523 0.0 0.047619047619047616 0.6666666666666666 0.0 0.3333333333333333 0.0 0.0 0.0 0.0 0.0 0.7222222222222222 0.1111111111111111 0.1111111111111111 0.05555555555555555 0.0 wanghe 2Сʱ_mousemovements
426.54767166666664 487.544495 0 1633.844727 0 0 0 0 0 441.79687749999994 0 0 0 0 1633.844727 0 0.0 0.8 0.0 0.0 0.0 0.0 0.2 0.0 365.38645433333335 25.683123 86.871025 0.8181818181818182 0.09090909090909091 0.09090909090909091 0.6 0.2 0.0 0.2 0.0 0.0 0.0 0.0 0.6666666666666666 0.2222222222222222 0.0 0.1111111111111111 0.0 wanghe 2Сʱ_mousemovements
117.792515 288.218597 0 1374.116089 0 0 0 0 0 126.47745549999999 221.301979 0 63.829788 0 1374.116089 0 0.0 0.3333333333333333 0.3333333333333333 0.0 0.16666666666666666 0.0 0.16666666666666666 0.0 118.99666212500001 0 114.779076 0.8888888888888888 0.0 0.1111111111111111 0.6666666666666666 0.16666666666666666 0.0 0.16666666666666666 0.0 0.0 0.0 0.0 0.5625 0.25 0.0625 0.0625 0.0625 wanghe 2Сʱ_mousemovements
143.6891396666667 244.01033266666664 422.903198 2436.396484 0 0 0 0 0 719.4682172500001 0 0 0 290.98996 284.51175666666666 0 0.0 0.5 0.0 0.0 0.0 0.125 0.375 0.0 134.04384625000003 0 201.33644725 0.8571428571428571 0.0 0.14285714285714285 0.375 0.375 0.125 0.125 0.0 0.0 0.0 0.0 0.6666666666666666 0.09523809523809523 0.14285714285714285 0.0 0.09523809523809523 wanghe 2Сʱ_mousemovements
34.88372 104.401794 718.34198 0 0 0 0 0 0 0 0 0 34.88372 718.34198 104.401794 0 0.0 0.0 0.0 0.0 0.3333333333333333 0.3333333333333333 0.3333333333333333 0.0 71.834198 34.88372 104.401794 0.8333333333333334 0.08333333333333333 0.08333333333333333 0.3333333333333333 0.3333333333333333 0.3333333333333333 0.0 0.0 0.0 0.0 0.0 0.625 0.125 0.25 0.0 0.0 wanghe 2Сʱ_mousemovements
0 194.244293 0 578.344543 0 0 0 0 0 194.244293 0 0 0 0 578.344543 0 0.0 0.5 0.0 0.0 0.0 0.0 0.5 0.0 0.0 0 386.294418 0.8181818181818182 0.0 0.18181818181818182 0.0 0.5 0.0 0.5 0.0 0.0 0.0 0.0 0.6 0.0 0.1 0.2 0.1 wanghe 2Сʱ_mousemovements
99.15478492307693 498.820568 0 0 0 0 1114.863037 0 254.29341 607.5043772500001 72.131226 168.16601333333332 85.379158 0 109.97373466666669 64.475494 0.16666666666666666 0.2222222222222222 0.05555555555555555 0.16666666666666666 0.1111111111111111 0.0 0.16666666666666666 0.1111111111111111 42.52733714285714 10.638298 329.2399564285715 0.8596491228070176 0.017543859649122806 0.12280701754385964 0.7222222222222222 0.2222222222222222 0.0 0.0 0.0 0.0 0.05555555555555555 0.0 0.660377358490566 0.1509433962264151 0.1320754716981132 0.018867924528301886 0.03773584905660377 wanghe 2Сʱ_mousemovements
1045.220337 0 0 0 0 0 1568.981812 1294.926819 1649.209839 940.643799 1045.220337 0 0 0 1568.981812 0 0.25 0.25 0.25 0.0 0.0 0.0 0.25 0.0 130.652542125 0 1386.2784833333335 0.7272727272727273 0.0 0.2727272727272727 0.25 0.0 0.0 0.0 0.0 0.0 0.25 0.5 0.5454545454545454 0.0 0.2727272727272727 0.18181818181818182 0.0 wanghe 2Сʱ_mousemovements
352.6666133333333 0 889.601135 0 0 2313.4555665 0 2280.70459 377.043194 889.601135 303.913452 0 0 2313.4555665 0 2280.70459 0.2857142857142857 0.14285714285714285 0.14285714285714285 0.0 0.0 0.2857142857142857 0.0 0.14285714285714285 292.2139974 0.0 88.796776 0.9375 0.03125 0.03125 0.42857142857142855 0.0 0.14285714285714285 0.0 0.0 0.2857142857142857 0.0 0.14285714285714285 0.5862068965517241 0.1724137931034483 0.13793103448275862 0.0 0.10344827586206896 wanghe 2Сʱ_mousemovements
85.276596 236.521942 0 0 0 0 0 0 236.521942 0 0 0 0 0 0 85.276596 0.3333333333333333 0.0 0.0 0.0 0.0 0.0 0.0 0.6666666666666666 2.6595745 0 182.26097099999998 0.8888888888888888 0.0 0.1111111111111111 0.6666666666666666 0.3333333333333333 0.0 0.0 0.0 0.0 0.0 0.0 0.5294117647058824 0.29411764705882354 0.17647058823529413 0.0 0.0 wanghe 2Сʱ_mousemovements
92.58653633333331 300.084747 0 0 0 0 0 0 0 229.9057235 51.366245 0 0 0 66.666664 0 0.0 0.5 0.25 0.0 0.0 0.0 0.25 0.0 21.366123769230764 0 300.084747 0.9285714285714286 0.0 0.07142857142857142 0.75 0.25 0.0 0.0 0.0 0.0 0.0 0.0 0.7272727272727273 0.0 0.18181818181818182 0.09090909090909091 0.0 wanghe 2Сʱ_mousemovements
162.5121842 449.38226299999997 0 583.17511 0 0 0 0 0 283.6107956 0 0 133.333328 351.497253 420.4991305 0 0.0 0.5555555555555556 0.0 0.0 0.1111111111111111 0.1111111111111111 0.2222222222222222 0.0 82.23683895454543 0 467.3361815 0.9166666666666666 0.0 0.08333333333333333 0.5555555555555556 0.3333333333333333 0.0 0.1111111111111111 0.0 0.0 0.0 0.0 0.6666666666666666 0.23809523809523808 0.047619047619047616 0.047619047619047616 0.0 wanghe 2Сʱ_mousemovements
133.505128 343.94093833333335 332.106022 0 0 0 0 0 340.647614 0 257.8862495 12.974437 273.986767 0 311.17806233333334 12.658228 0.1 0.0 0.2 0.1 0.2 0.0 0.3 0.1 37.59591546428572 12.974437 324.47510725 0.8484848484848485 0.030303030303030304 0.12121212121212122 0.5 0.3 0.2 0.0 0.0 0.0 0.0 0.0 0.75 0.125 0.125 0.0 0.0 wanghe 2Сʱ_mousemovements
0 0 0 0 0 0 0 0 0 0 0 0 0 0 0 0 0 0 0 0 0 0 0 0 0 0 0 0 0 0 0 0 0 0 0 0 0 0 0 0 0 0 0 wanghe 2Сʱ_mousemovements
164.37234283333336 725.729858 422.42848200000003 1827.534424 0 0 0 0 186.212128 593.270691 251.586273 0 0 521.016418 563.8980482 12.779552 0.1 0.1 0.1 0.0 0.0 0.1 0.5 0.1 106.21777070967744 0 218.3208822 0.8611111111111112 0.0 0.1388888888888889 0.6 0.1 0.2 0.1 0.0 0.0 0.0 0.0 0.6764705882352942 0.17647058823529413 0.11764705882352941 0.029411764705882353 0.0 wanghe 2Сʱ_mousemovements
394.4418795 4104.200684 384.606384 0 827.9378053333334 0 241.257751 0 384.606384 4104.200684 0 639.2452085000001 576.117798 0 212.765961 723.290375 0.125 0.125 0.0 0.25 0.125 0.0 0.125 0.25 219.64137440740743 0 518.1112212500001 0.8709677419354839 0.0 0.12903225806451613 0.25 0.125 0.125 0.0 0.375 0.0 0.125 0.0 0.6153846153846154 0.15384615384615385 0.15384615384615385 0.07692307692307693 0.0 wanghe 2Сʱ_mousemovements
204.0108842 0 0 0 778.384033 445.463531 1059.708862 0 0 0 435.632477 213.18586525 0 0 1059.708862 477.76302350000003 0.0 0.0 0.125 0.5 0.0 0.0 0.125 0.25 55.38301255555556 0 301.37825133333337 0.8181818181818182 0.0 0.18181818181818182 0.625 0.0 0.0 0.0 0.125 0.125 0.125 0.0 0.6296296296296297 0.07407407407407407 0.14814814814814814 0.14814814814814814 0.0 wanghe 2Сʱ_mousemovements
660.687988 1302.669922 0 0 0 1011.973938 0 0 0 1302.669922 660.687988 0 0 0 1011.973938 0 0.0 0.3333333333333333 0.3333333333333333 0.0 0.0 0.0 0.3333333333333333 0.0 151.02753153846155 0 1011.973938 0.9285714285714286 0.0 0.07142857142857142 0.3333333333333333 0.3333333333333333 0.0 0.0 0.0 0.3333333333333333 0.0 0.0 0.8181818181818182 0.09090909090909091 0.09090909090909091 0.0 0.0 wanghe 2Сʱ_mousemovements
121.614071 610.30702575 598.513367 1036.2635500000001 0 0 0 0 0 520.7175506 71.73338133333333 1.675609 127.659576 0 627.4116111999999 0 0.0 0.3333333333333333 0.2 0.06666666666666667 0.06666666666666667 0.0 0.3333333333333333 0.0 121.21925795454544 0 125.25563133333334 0.88 0.0 0.12 0.5333333333333333 0.26666666666666666 0.06666666666666667 0.13333333333333333 0.0 0.0 0.0 0.0 0.5227272727272727 0.3181818181818182 0.022727272727272728 0.11363636363636363 0.022727272727272728 wanghe 2Сʱ_mousemovements
49.5133245 221.062012 859.736694 0 431.018036 679.188293 0 227.885773 389.72901900000005 0 0 0 10.638298 679.188293 0 329.4519045 0.42857142857142855 0.0 0.0 0.0 0.14285714285714285 0.14285714285714285 0.0 0.2857142857142857 43.09659295454546 10.638298 389.7885285 0.8148148148148148 0.037037037037037035 0.14814814814814814 0.2857142857142857 0.14285714285714285 0.14285714285714285 0.0 0.14285714285714285 0.14285714285714285 0.0 0.14285714285714285 0.6111111111111112 0.16666666666666666 0.1111111111111111 0.0 0.1111111111111111 wanghe 2Сʱ_mousemovements
0 0 361.628662 0 0 1053.309204 0 0 1053.309204 0 0 0 0 361.628662 0 0 0.5 0.0 0.0 0.0 0.0 0.5 0.0 0.0 175.55153399999998 0 361.628662 0.8571428571428571 0.0 0.14285714285714285 0.0 0.0 0.5 0.0 0.0 0.5 0.0 0.0 0.6 0.0 0.2 0.2 0.0 wanghe 2Сʱ_mousemovements
37.8787865 264.803505 0 0 0 0 0 0 0 37.8787865 78.831314 0 0 0 450.775696 0 0.0 0.5 0.25 0.0 0.0 0.0 0.25 0.0 6.060605818181818 9.090909 264.803505 0.7857142857142857 0.07142857142857142 0.14285714285714285 0.5 0.5 0.0 0.0 0.0 0.0 0.0 0.0 0.875 0.125 0.0 0.0 0.0 wanghe 2Сʱ_mousemovements
0 590.807083 601.918762 0 0 0 0 0 0 0 780.314758 0 0 501.60908500000005 0 0 0.0 0.0 0.3333333333333333 0.0 0.0 0.6666666666666666 0.0 0.0 52.02098386666667 0 501.60908500000005 0.8823529411764706 0.0 0.11764705882352941 0.0 0.6666666666666666 0.3333333333333333 0.0 0.0 0.0 0.0 0.0 0.8333333333333334 0.08333333333333333 0.08333333333333333 0.0 0.0 wanghe 2Сʱ_mousemovements
108.360565 399.300995 618.10498 0 0 580.066055 0 0 0 0 253.83078 904.939575 0 0 618.10498 255.192535 0.0 0.0 0.4 0.2 0.0 0.0 0.2 0.2 169.22550958333332 0 255.192535 0.9230769230769231 0.0 0.07692307692307693 0.2 0.2 0.2 0.0 0.0 0.4 0.0 0.0 0.14285714285714285 0.2857142857142857 0.5714285714285714 0.0 0.0 wanghe 2Сʱ_mousemovements
181.065173 418.12779250000006 0 0 0 0 0 0 74.723427 234.23604600000002 290.960663 0 0 0 545.294922 0 0.2 0.4 0.2 0.0 0.0 0.0 0.2 0.0 75.83238018181818 0 545.294922 0.9166666666666666 0.0 0.08333333333333333 0.6 0.4 0.0 0.0 0.0 0.0 0.0 0.0 0.5454545454545454 0.36363636363636365 0.0 0.09090909090909091 0.0 wanghe 2Сʱ_mousemovements
0.0 0 0 0 0 0 0 0 0 0 0 0 0 0 0 0.0 0.0 0.0 0.0 0.0 0.0 0.0 0.0 1.0 0.0 0 0 1.0 0.0 0.0 1.0 0.0 0.0 0.0 0.0 0.0 0.0 0.0 1.0 0.0 0.0 0.0 0.0 wanghe 2Сʱ_mousemovements
0 0 0 0 0 0 0 0 0 0 0 0 0 0 0 0 0 0 0 0 0 0 0 0 0 0 0 0 0 0 0 0 0 0 0 0 0 0 0 0 0 0 0 wanghe 2Сʱ_mousemovements
0 0 0 0 0 0 0 0 0 0 0 0 0 0 0 0 0 0 0 0 0 0 0 0 0 0 0 0 0 0 0 0 0 0 0 0 0 0 0 0 0 0 0 wanghe 2Сʱ_mousemovements
172.00545849999997 0 414.511383 0 474.007507 859.762085 0 0 414.511383 0 0 474.007507 172.00545849999997 0 0 859.762085 0.2 0.0 0.0 0.2 0.4 0.0 0.0 0.2 19.443168625 0 445.3002985 0.8 0.0 0.2 0.4 0.0 0.2 0.0 0.2 0.2 0.0 0.0 0.6470588235294118 0.17647058823529413 0.11764705882352941 0.058823529411764705 0.0 wanghe 2Сʱ_mousemovements
0 0 0 0 0 0 0 0 0 0 0 0 0 0 0 0 0 0 0 0 0 0 0 0 0.0 0 0 1.0 0.0 0.0 0 0 0 0 0 0 0 0 1.0 0.0 0.0 0.0 0.0 wanghe 2Сʱ_mousemovements
0 0 0 0 0 0 0 0 0 0 0 0 0 0 0 0 0 0 0 0 0 0 0 0 0 0 0 0 0 0 0 0 0 0 0 0 0 0 0 0 0 0 0 wanghe 2Сʱ_mousemovements
0 0 0 0 0 0 0 0 0 0 0 0 0 0 0 0 0 0 0 0 0 0 0 0 0 0 0 0 0 0 0 0 0 0 0 0 0 0 0 0 0 0 0 wanghe 2Сʱ_mousemovements
0 0 0 0 0 0 0 0 0 0 0 0 0 0 0 0 0 0 0 0 0 0 0 0 0 0 0 0 0 0 0 0 0 0 0 0 0 0 0 0 0 0 0 wanghe 2Сʱ_mousemovements
0 0 0 0 0 0 0 0 0 0 0 0 0 0 0 0 0 0 0 0 0 0 0 0 0 0 0 0 0 0 0 0 0 0 0 0 0 0 0 0 0 0 0 wanghe 2Сʱ_mousemovements
