112.6114074 490.681366 0 0 0 0 0 0 0 0 0 0 214.024887 46.2166135 276.696434 193.887421 0.0 0.0 0.0 0.0 0.16666666666666666 0.3333333333333333 0.3333333333333333 0.16666666666666666 28.188250120000003 0 87.25803750000001 0.8620689655172413 0.0 0.13793103448275862 0.8333333333333334 0.16666666666666666 0.0 0.0 0.0 0.0 0.0 0.0 0.48148148148148145 0.3333333333333333 0.1111111111111111 0.07407407407407407 0.0 wangcheng 10Сʱ_mousemovements
125.75001211764707 527.85569775 483.678355 716.902527 913.810486 0 464.636566 0 148.67924039999997 215.9462172 162.119598 805.889506 333.1094365 344.09552 213.11363500000002 233.14856983333334 0.18518518518518517 0.18518518518518517 0.037037037037037035 0.1111111111111111 0.07407407407407407 0.07407407407407407 0.1111111111111111 0.2222222222222222 62.70914352 0 386.54648462499995 0.9036144578313253 0.0 0.0963855421686747 0.6296296296296297 0.14814814814814814 0.1111111111111111 0.037037037037037035 0.037037037037037035 0.0 0.037037037037037035 0.0 0.7066666666666667 0.16 0.08 0.02666666666666667 0.02666666666666667 wangcheng 10Сʱ_mousemovements
134.24590940740742 382.841187 119.069664 0 0 0 0 0 77.57985025 73.735611 113.6304825 116.95509066666665 133.34766399999998 178.86625733333332 200.44094320000002 58.411831 0.13793103448275862 0.034482758620689655 0.13793103448275862 0.10344827586206896 0.06896551724137931 0.3103448275862069 0.1724137931034483 0.034482758620689655 37.6482833647059 72.832049 141.59003439999998 0.9139784946236559 0.03225806451612903 0.053763440860215055 0.9310344827586207 0.034482758620689655 0.034482758620689655 0.0 0.0 0.0 0.0 0.0 0.6829268292682927 0.18292682926829268 0.08536585365853659 0.036585365853658534 0.012195121951219513 wangcheng 10Сʱ_mousemovements
192.09638087500002 0 238.417465 0 1308.407593 0 845.675461 27.772026 79.56073 488.8921923333334 428.56789800000007 101.564568 0 368.723976 93.656853 0 0.07692307692307693 0.46153846153846156 0.15384615384615385 0.07692307692307693 0.0 0.15384615384615385 0.07692307692307693 0.0 119.34850954054053 133.0947455 60.31735449999999 0.9024390243902439 0.04878048780487805 0.04878048780487805 0.6153846153846154 0.0 0.07692307692307693 0.0 0.07692307692307693 0.0 0.15384615384615385 0.07692307692307693 0.5882352941176471 0.20588235294117646 0.14705882352941177 0.058823529411764705 0.0 wangcheng 10Сʱ_mousemovements
164.483954631579 299.79814633333336 389.354218 380.725189 392.71069349999993 0 0 0 42.553192 166.63753428571428 200.59503933333335 275.62357199999997 21.276596 129.0763095 147.56974699999998 481.28516375 0.038461538461538464 0.2692307692307692 0.11538461538461539 0.11538461538461539 0.038461538461538464 0.07692307692307693 0.19230769230769232 0.15384615384615385 64.13458040298507 262.308411 145.82358185714287 0.8933333333333333 0.013333333333333334 0.09333333333333334 0.7307692307692307 0.11538461538461539 0.038461538461538464 0.038461538461538464 0.07692307692307693 0.0 0.0 0.0 0.6164383561643836 0.1917808219178082 0.0958904109589041 0.0684931506849315 0.0273972602739726 wangcheng 10Сʱ_mousemovements
120.044067 242.2208405 0 0 0 0 0 0 39.70603 0 0 0 57.763844 165.064972 179.53078100000002 363.872864 0.25 0.0 0.0 0.0 0.125 0.125 0.375 0.125 32.05928436666667 165.064972 38.93129 0.9090909090909091 0.030303030303030304 0.06060606060606061 0.75 0.25 0.0 0.0 0.0 0.0 0.0 0.0 0.5862068965517241 0.3448275862068966 0.06896551724137931 0.0 0.0 wangcheng 10Сʱ_mousemovements
97.39901547999997 409.3605601666668 466.2927395 616.4872435 0 0 0 0 237.0277453333334 136.117263 493.6178627500001 94.38774233333334 95.25465025 92.253548 255.0289512857143 253.83547950000002 0.08571428571428572 0.2 0.11428571428571428 0.08571428571428572 0.11428571428571428 0.14285714285714285 0.2 0.05714285714285714 59.37244452747252 38.935394499999994 225.13363900000004 0.91 0.02 0.07 0.7142857142857143 0.17142857142857143 0.05714285714285714 0.05714285714285714 0.0 0.0 0.0 0.0 0.5773195876288659 0.23711340206185566 0.15463917525773196 0.010309278350515464 0.020618556701030927 wangcheng 10Сʱ_mousemovements
122.14519900000005 0 192.306915 0 0 0 0 562.830017 0 36.427288 562.830017 0 0 189.15860166666673 56.0 32.117404 0.0 0.09090909090909091 0.09090909090909091 0.0 0.0 0.5454545454545454 0.09090909090909091 0.18181818181818182 38.85733100000001 0 84.75195350000001 0.9069767441860465 0.0 0.09302325581395349 0.8181818181818182 0.0 0.09090909090909091 0.0 0.0 0.0 0.0 0.09090909090909091 0.7105263157894737 0.21052631578947367 0.05263157894736842 0.02631578947368421 0.0 wangcheng 10Сʱ_mousemovements
187.30239875 223.414307 1028.864136 0 0 0 0 0 439.8640493333333 0 163.751709 271.38324 0 0 246.760941 0 0.5 0.0 0.16666666666666666 0.16666666666666666 0.0 0.0 0.16666666666666666 0.0 76.5656395 0 235.087624 0.9090909090909091 0.0 0.09090909090909091 0.6666666666666666 0.16666666666666666 0.16666666666666666 0.0 0.0 0.0 0.0 0.0 0.55 0.25 0.1 0.05 0.05 wangcheng 10Сʱ_mousemovements
62.04399191666666 237.15001416666664 294.087555 0 0 0 1194.734009 0 193.646667 41.56256744444445 163.80681366666667 479.1075745 14.640588 137.80045919999998 174.01924899999997 87.2070342 0.030303030303030304 0.2727272727272727 0.09090909090909091 0.18181818181818182 0.030303030303030304 0.15151515151515152 0.09090909090909091 0.15151515151515152 32.92431920588235 21.6129975 146.266994 0.8571428571428571 0.01680672268907563 0.12605042016806722 0.7272727272727273 0.18181818181818182 0.030303030303030304 0.0 0.0 0.0 0.06060606060606061 0.0 0.6339285714285714 0.22321428571428573 0.08035714285714286 0.044642857142857144 0.017857142857142856 wangcheng 10Сʱ_mousemovements
87.63108408333333 281.668266 425.872131 342.967957 0 385.799133 0 0 0 191.15046780000006 63.763863 292.8785015 62.5 123.88668125000001 151.557208 0 0.0 0.29411764705882354 0.058823529411764705 0.11764705882352941 0.058823529411764705 0.23529411764705882 0.23529411764705882 0.0 43.678340377777786 48.977680500000005 353.034042 0.9183673469387755 0.04081632653061224 0.04081632653061224 0.7058823529411765 0.11764705882352941 0.058823529411764705 0.058823529411764705 0.0 0.058823529411764705 0.0 0.0 0.5434782608695652 0.2391304347826087 0.043478260869565216 0.10869565217391304 0.06521739130434782 wangcheng 10Сʱ_mousemovements
100.75515425 0 458.103592 0 0 0 0 0 0 0 0 0 14.184397 237.175438 104.849968 362.92128 0.0 0.0 0.0 0.0 0.16666666666666666 0.3333333333333333 0.16666666666666666 0.3333333333333333 94.23055721428571 0 0 1.0 0.0 0.0 0.6666666666666666 0.0 0.3333333333333333 0.0 0.0 0.0 0.0 0.0 0.4166666666666667 0.3333333333333333 0.08333333333333333 0.16666666666666666 0.0 wangcheng 10Сʱ_mousemovements
0 0 0 0 0 0 0 0 0 0 0 0 0 0 0 0 0 0 0 0 0 0 0 0 0 0 0 0 0 0 0 0 0 0 0 0 0 0 0 0 0 0 0 wangcheng 10Сʱ_mousemovements
0 0 0 0 0 0 0 0 0 0 0 0 0 0 0 0 0 0 0 0 0 0 0 0 0 0 0 0 0 0 0 0 0 0 0 0 0 0 0 0 0 0 0 wangcheng 10Сʱ_mousemovements
249.33966691666663 252.99489599999998 605.95636 0 0 0 0 0 68.09484125 242.09469633333333 498.6196133333333 0 159.56137 418.0472335 0 454.282654 0.26666666666666666 0.2 0.2 0.0 0.13333333333333333 0.13333333333333333 0.0 0.06666666666666667 88.91889843902439 0 91.66946380000002 0.8913043478260869 0.0 0.10869565217391304 0.8 0.13333333333333333 0.06666666666666667 0.0 0.0 0.0 0.0 0.0 0.627906976744186 0.2558139534883721 0.06976744186046512 0.023255813953488372 0.023255813953488372 wangcheng 10Сʱ_mousemovements
100.5059609166667 0 665.689565 0 901.659149 609.126709 1016.59845 598.6905825 0 226.88226387500006 688.6128033333334 0 419.83741 472.34153 338.39378339999996 0 0.0 0.38095238095238093 0.14285714285714285 0.0 0.09523809523809523 0.14285714285714285 0.23809523809523808 0.0 77.02719755737702 306.728554 314.6810861249999 0.8591549295774648 0.028169014084507043 0.11267605633802817 0.5714285714285714 0.0 0.14285714285714285 0.0 0.09523809523809523 0.047619047619047616 0.047619047619047616 0.09523809523809523 0.6567164179104478 0.2537313432835821 0.029850746268656716 0.04477611940298507 0.014925373134328358 wangcheng 10Сʱ_mousemovements
86.8218729230769 503.22726449999993 0 0 0 0 0 0 95.42572850000002 124.7976756923077 272.66582024999997 0 45.224083 130.2529503333333 70.4278299 18.32540225 0.09302325581395349 0.3023255813953488 0.18604651162790697 0.0 0.023255813953488372 0.06976744186046512 0.23255813953488372 0.09302325581395349 38.04640249999999 78.252502 50.34275333333334 0.8823529411764706 0.007352941176470588 0.11029411764705882 0.9069767441860465 0.09302325581395349 0.0 0.0 0.0 0.0 0.0 0.0 0.6439393939393939 0.25 0.07575757575757576 0.030303030303030304 0.0 wangcheng 10Сʱ_mousemovements
28.490027666666666 863.02356 312.26004 0 0 0 0 0 0 156.13002 0 0 0 863.02356 0 42.7350415 0.0 0.4 0.0 0.0 0.0 0.2 0.0 0.4 95.33739707692308 0 21.367521 0.9285714285714286 0.0 0.07142857142857142 0.6 0.2 0.2 0.0 0.0 0.0 0.0 0.0 0.7692307692307693 0.15384615384615385 0.0 0.0 0.07692307692307693 wangcheng 10Сʱ_mousemovements
115.6739025 0 0 0 0 0 583.74646 0 0 0 80.403999 0 0 247.343918 309.355877 99.982399 0.0 0.0 0.2 0.0 0.0 0.2 0.4 0.2 58.19204856249999 34.965294 80.403999 0.8888888888888888 0.05555555555555555 0.05555555555555555 0.8 0.0 0.0 0.0 0.0 0.0 0.2 0.0 0.5714285714285714 0.35714285714285715 0.0 0.0 0.07142857142857142 wangcheng 10Сʱ_mousemovements
441.479561 148.785675 0 0 0 0 0 0 0 803.215271 148.785675 0 0 0 79.743851 0 0.0 0.3333333333333333 0.3333333333333333 0.0 0.0 0.0 0.3333333333333333 0.0 136.00013514285715 79.743851 0 0.875 0.125 0.0 0.6666666666666666 0.3333333333333333 0.0 0.0 0.0 0.0 0.0 0.0 0.5 0.16666666666666666 0.16666666666666666 0.16666666666666666 0.0 wangcheng 10Сʱ_mousemovements
124.15833799999999 756.410278 0 0 495.686005 0 0 0 242.293503 180.62519379999998 298.695862 0 0 271.228287 140.655914 0 0.18181818181818182 0.45454545454545453 0.09090909090909091 0.0 0.0 0.18181818181818182 0.09090909090909091 0.0 58.937572612903224 46.770569 495.686005 0.9393939393939394 0.030303030303030304 0.030303030303030304 0.8181818181818182 0.09090909090909091 0.0 0.0 0.09090909090909091 0.0 0.0 0.0 0.6551724137931034 0.20689655172413793 0.06896551724137931 0.034482758620689655 0.034482758620689655 wangcheng 10Сʱ_mousemovements
573.016113 0 0 1393.125488 0 0 0 0 0 0 0 0 0 1393.125488 573.016113 0 0.0 0.0 0.0 0.0 0.0 0.5 0.5 0.0 655.3805336666667 0 0 1.0 0.0 0.0 0.5 0.0 0.0 0.5 0.0 0.0 0.0 0.0 0.5 0.5 0.0 0.0 0.0 wangcheng 10Сʱ_mousemovements
140.805756 0 0 376.26413 0 0 0 0 104.38929 168.65506675 379.942566 0 0 119.590998 125.790817 0 0.1 0.4 0.1 0.0 0.0 0.3 0.1 0.0 55.932514960000006 69.093315 88.05487250000002 0.8928571428571429 0.03571428571428571 0.07142857142857142 0.9 0.0 0.0 0.1 0.0 0.0 0.0 0.0 0.6818181818181818 0.2727272727272727 0.045454545454545456 0.0 0.0 wangcheng 10Сʱ_mousemovements
82.22933633333334 167.060394 0 0 0 0 0 0 0 60.6865555 167.060394 0 0 91.012665 108.58022700000001 63.829788 0.0 0.2857142857142857 0.14285714285714285 0.0 0.0 0.14285714285714285 0.2857142857142857 0.14285714285714285 13.874598379310346 0 129.0365295 0.9354838709677419 0.0 0.06451612903225806 0.8571428571428571 0.14285714285714285 0.0 0.0 0.0 0.0 0.0 0.0 0.7307692307692307 0.19230769230769232 0.038461538461538464 0.0 0.038461538461538464 wangcheng 10Сʱ_mousemovements
122.568069 0 0 659.4445495 0 0 0 0 354.056976 10.638298 438.168457 45.619793 216.795229 0 145.600754 0 0.1 0.1 0.2 0.1 0.4 0.0 0.1 0.0 56.725963264705875 10.638298 120.03753399999998 0.8947368421052632 0.02631578947368421 0.07894736842105263 0.8 0.0 0.0 0.2 0.0 0.0 0.0 0.0 0.6285714285714286 0.2571428571428571 0.11428571428571428 0.0 0.0 wangcheng 10Сʱ_mousemovements
85.7756 277.842438 0 0 893.0399170000001 0 0 1144.2229 124.506287 410.5627703333333 687.212036 0 0 277.842438 0 1144.2229 0.14285714285714285 0.42857142857142855 0.14285714285714285 0.0 0.0 0.14285714285714285 0.0 0.14285714285714285 138.27197115 12.820513 343.606018 0.8695652173913043 0.043478260869565216 0.08695652173913043 0.42857142857142855 0.14285714285714285 0.0 0.0 0.2857142857142857 0.0 0.0 0.14285714285714285 0.7 0.05 0.15 0.1 0.0 wangcheng 10Сʱ_mousemovements
0 1633.784302 0 0 0 0 0 0 0 1633.784302 0 0 0 0 0 0 0.0 1.0 0.0 0.0 0.0 0.0 0.0 0.0 816.892151 0 0 1.0 0.0 0.0 0.0 1.0 0.0 0.0 0.0 0.0 0.0 0.0 1.0 0.0 0.0 0.0 0.0 wangcheng 10Сʱ_mousemovements
0 0 0 0 0 0 0 0 0 0 0 0 0 0 0 0 0 0 0 0 0 0 0 0 0 0 0 0 0 0 0 0 0 0 0 0 0 0 0 0 0 0 0 wangcheng 10Сʱ_mousemovements
121.2144865 0 450.70477299999993 0 0 0 0 0 139.754242 27.635656 158.734024 409.20813 0 627.43512 0 315.471069 0.14285714285714285 0.14285714285714285 0.2857142857142857 0.14285714285714285 0.0 0.14285714285714285 0.0 0.14285714285714285 79.86835934782609 0 0 1.0 0.0 0.0 0.5714285714285714 0.0 0.42857142857142855 0.0 0.0 0.0 0.0 0.0 0.5 0.2727272727272727 0.09090909090909091 0.09090909090909091 0.045454545454545456 wangcheng 10Сʱ_mousemovements
274.01256 887.8779146666666 367.58239199999997 112.417442 385.718964 0 0 0 287.2466275 435.33811549999996 314.38425550000005 252.3719175 0 258.8323063333334 300.2255596666667 1474.2557576666666 0.10526315789473684 0.10526315789473684 0.21052631578947367 0.10526315789473684 0.0 0.15789473684210525 0.15789473684210525 0.15789473684210525 183.0569497021276 83.893461 178.642552 0.9038461538461539 0.038461538461538464 0.057692307692307696 0.3157894736842105 0.3157894736842105 0.2631578947368421 0.05263157894736842 0.05263157894736842 0.0 0.0 0.0 0.5121951219512195 0.3170731707317073 0.07317073170731707 0.07317073170731707 0.024390243902439025 wangcheng 10Сʱ_mousemovements
59.56998481818182 482.813126 338.14801 0 0 0 0 0 56.580833 198.59348300000002 546.8897095 0 71.28808400000001 71.18233466666666 21.276596 11.365703000000002 0.07142857142857142 0.14285714285714285 0.14285714285714285 0.0 0.14285714285714285 0.21428571428571427 0.07142857142857142 0.21428571428571427 41.093224666666664 67.148758 144.6297875 0.9285714285714286 0.023809523809523808 0.047619047619047616 0.7857142857142857 0.14285714285714285 0.07142857142857142 0.0 0.0 0.0 0.0 0.0 0.5135135135135135 0.35135135135135137 0.05405405405405406 0.02702702702702703 0.05405405405405406 wangcheng 10Сʱ_mousemovements
0 82.620865 5281.868164 626.239639 0 0 0 0 0 0 394.24234 0 0 0 2074.2419890000006 0 0.0 0.0 0.25 0.0 0.0 0.0 0.75 0.0 516.0100458181819 82.620865 858.236938 0.8461538461538461 0.07692307692307693 0.07692307692307693 0.0 0.25 0.25 0.5 0.0 0.0 0.0 0.0 0.7 0.1 0.1 0.0 0.1 wangcheng 10Сʱ_mousemovements
114.96036336363635 271.7013512 455.694519 0 672.886108 802.042725 0 4136.256348 507.833809 1186.6234282500002 264.6379126666667 127.269485 74.468086 543.415344 257.8872818 138.74514475 0.09523809523809523 0.19047619047619047 0.14285714285714285 0.047619047619047616 0.047619047619047616 0.047619047619047616 0.23809523809523808 0.19047619047619047 127.56228332203395 47.48019 261.99834433333336 0.8939393939393939 0.015151515151515152 0.09090909090909091 0.5238095238095238 0.23809523809523808 0.09523809523809523 0.0 0.047619047619047616 0.047619047619047616 0.0 0.047619047619047616 0.6129032258064516 0.14516129032258066 0.0967741935483871 0.11290322580645161 0.03225806451612903 wangcheng 10Сʱ_mousemovements
182.18644315384608 0 428.973846 506.643829 454.437469 0 858.728271 0 71.254562 297.77269675 298.622772 105.913515 64.516129 372.9475 858.728271 65.37742650000001 0.058823529411764705 0.23529411764705882 0.11764705882352941 0.11764705882352941 0.058823529411764705 0.23529411764705882 0.058823529411764705 0.11764705882352941 82.361805372549 0 83.35102040000001 0.9107142857142857 0.0 0.08928571428571429 0.7647058823529411 0.0 0.058823529411764705 0.058823529411764705 0.058823529411764705 0.0 0.058823529411764705 0.0 0.6470588235294118 0.19607843137254902 0.0784313725490196 0.058823529411764705 0.0196078431372549 wangcheng 10Сʱ_mousemovements
101.93774920000001 313.382935 517.410492 293.921692 0 0 741.8031106666667 0 0 109.21985600000001 293.921692 601.2191896 0 120.28561 190.20811325000003 122.35047000000002 0.0 0.11764705882352941 0.058823529411764705 0.29411764705882354 0.0 0.11764705882352941 0.23529411764705882 0.17647058823529413 49.715355285714274 9.174312 406.94761900000003 0.875 0.017857142857142856 0.10714285714285714 0.5882352941176471 0.058823529411764705 0.11764705882352941 0.058823529411764705 0.0 0.0 0.17647058823529413 0.0 0.673469387755102 0.1836734693877551 0.08163265306122448 0.04081632653061224 0.02040816326530612 wangcheng 10Сʱ_mousemovements
182.2624463076923 0 0 0 0 1201.804199 1115.1328735000002 466.362061 184.600601 0 1304.564575 0 285.20115166666665 301.121826 288.91273399999994 207.2357964285714 0.058823529411764705 0.0 0.11764705882352941 0.0 0.17647058823529413 0.058823529411764705 0.17647058823529413 0.4117647058823529 56.17947864583334 8.5454545 444.2672406249999 0.8275862068965517 0.034482758620689655 0.13793103448275862 0.7647058823529411 0.0 0.0 0.0 0.0 0.058823529411764705 0.11764705882352941 0.058823529411764705 0.7058823529411765 0.13725490196078433 0.13725490196078433 0.0196078431372549 0.0 wangcheng 10Сʱ_mousemovements
81.2554276 286.1355104 239.15978499999997 489.03102149999995 0 349.848267 0 1053.142822 0 188.1064318 497.89006033333334 170.52406649999998 187.607129 186.3014423333333 167.42083949999997 123.6316615 0.0 0.18518518518518517 0.1111111111111111 0.07407407407407407 0.18518518518518517 0.2222222222222222 0.14814814814814814 0.07407407407407407 42.925140989010984 0 108.34433076470589 0.8425925925925926 0.0 0.1574074074074074 0.5555555555555556 0.18518518518518517 0.1111111111111111 0.07407407407407407 0.0 0.037037037037037035 0.0 0.037037037037037035 0.6078431372549019 0.22549019607843138 0.0784313725490196 0.0392156862745098 0.049019607843137254 wangcheng 10Сʱ_mousemovements
142.74514976923075 344.2663024 409.999451 604.0126746666666 805.4792785 522.80188 0 650.592712 67.45476679999999 168.46650583333334 421.5877078 452.91810599999997 199.486082 0 404.1824924999999 124.37843133333331 0.1282051282051282 0.15384615384615385 0.2564102564102564 0.05128205128205128 0.10256410256410256 0.0 0.15384615384615385 0.15384615384615385 62.69975680582523 8.0 305.6170060769231 0.8803418803418803 0.008547008547008548 0.1111111111111111 0.6666666666666666 0.1282051282051282 0.02564102564102564 0.07692307692307693 0.05128205128205128 0.02564102564102564 0.0 0.02564102564102564 0.6339285714285714 0.1875 0.09821428571428571 0.044642857142857144 0.03571428571428571 wangcheng 10Сʱ_mousemovements
120.9248658 389.7881948571429 528.0975149999999 2064.7950435000002 1131.646973 3528.57959 489.415497 0 111.9858245 216.10707850000003 812.0340820000001 1198.9649656666668 337.2373885 0 750.1551785714283 183.90359612499998 0.12903225806451613 0.06451612903225806 0.16129032258064516 0.0967741935483871 0.06451612903225806 0.0 0.22580645161290322 0.25806451612903225 140.96100505376347 0 201.75993485714284 0.8691588785046729 0.0 0.1308411214953271 0.4838709677419355 0.22580645161290322 0.12903225806451613 0.06451612903225806 0.03225806451612903 0.03225806451612903 0.03225806451612903 0.0 0.6078431372549019 0.29411764705882354 0.049019607843137254 0.0392156862745098 0.00980392156862745 wangcheng 10Сʱ_mousemovements
98.60215226666669 349.10373240000007 518.6522826666667 0 956.497803 0 0 787.446777 103.75767499999998 185.75575050000003 432.62042840000004 740.030701 74.004203 255.147293 609.6776886666667 87.70562100000001 0.2 0.08 0.2 0.04 0.16 0.04 0.12 0.16 60.80327206493507 50.473562 290.27555016666673 0.9058823529411765 0.023529411764705882 0.07058823529411765 0.6 0.2 0.12 0.0 0.04 0.0 0.0 0.04 0.5454545454545454 0.24675324675324675 0.09090909090909091 0.06493506493506493 0.05194805194805195 wangcheng 10Сʱ_mousemovements
116.73283234782612 221.9725725 0 643.145462 457.90794350000004 0 0 0 137.00116175000002 53.09617 179.544571 432.46665433333334 83.73298559999998 217.0516665 72.22907425 286.4264072857142 0.13793103448275862 0.10344827586206896 0.034482758620689655 0.10344827586206896 0.1724137931034483 0.06896551724137931 0.13793103448275862 0.2413793103448276 48.79560423529413 0 236.65614799999997 0.9444444444444444 0.0 0.05555555555555555 0.7931034482758621 0.06896551724137931 0.0 0.06896551724137931 0.06896551724137931 0.0 0.0 0.0 0.573170731707317 0.2682926829268293 0.07317073170731707 0.06097560975609756 0.024390243902439025 wangcheng 10Сʱ_mousemovements
113.76208169230769 363.4327967500001 268.369751 497.589111 865.108185 1075.650436 0 0 571.66826625 65.25137466666666 620.618679 404.5367636666667 176.91249866666666 316.06543 110.95984620000002 0 0.17391304347826086 0.13043478260869565 0.17391304347826086 0.13043478260869565 0.13043478260869565 0.043478260869565216 0.21739130434782608 0.0 33.214623 118.78046166666667 620.6473255 0.8607594936708861 0.0379746835443038 0.10126582278481013 0.5652173913043478 0.17391304347826086 0.043478260869565216 0.043478260869565216 0.08695652173913043 0.08695652173913043 0.0 0.0 0.7333333333333333 0.16 0.06666666666666667 0.02666666666666667 0.013333333333333334 wangcheng 10Сʱ_mousemovements
124.31829505263158 456.085938 558.578415 537.956787 802.705383 0 1614.785278 609.287903 126.826355 10.9974125 576.910736 386.62390925 374.357586 845.5243985000001 226.60530260000004 199.14654525 0.18518518518518517 0.07407407407407407 0.1111111111111111 0.14814814814814814 0.07407407407407407 0.07407407407407407 0.18518518518518517 0.14814814814814814 54.33571289534883 67.92599933333334 685.2163602 0.9148936170212766 0.031914893617021274 0.05319148936170213 0.7037037037037037 0.037037037037037035 0.07407407407407407 0.037037037037037035 0.07407407407407407 0.0 0.037037037037037035 0.037037037037037035 0.6931818181818182 0.20454545454545456 0.045454545454545456 0.045454545454545456 0.011363636363636364 wangcheng 10Сʱ_mousemovements
142.63886271999996 375.048248 536.7326903999999 1384.223633 2369.024109 1458.787781 833.7630005000001 0 91.4838905 124.67006642857145 340.76285433333334 1560.083773 168.57343033333333 682.5511878749999 436.5527634 121.100563 0.05263157894736842 0.18421052631578946 0.07894736842105263 0.07894736842105263 0.07894736842105263 0.21052631578947367 0.2631578947368421 0.05263157894736842 181.283086051948 87.22097885714285 552.5424408000001 0.8651685393258427 0.07865168539325842 0.056179775280898875 0.6578947368421053 0.02631578947368421 0.13157894736842105 0.02631578947368421 0.05263157894736842 0.05263157894736842 0.05263157894736842 0.0 0.5882352941176471 0.25882352941176473 0.10588235294117647 0.03529411764705882 0.011764705882352941 wangcheng 10Сʱ_mousemovements
184.51243081818177 470.5467094285715 481.5003815 587.9144594999999 3839.613281 1028.826172 789.483826 785.256287 164.55097999999998 151.93735639999997 372.59469900000005 785.256287 87.209305 416.7983576666666 799.1188048999999 410.60386166666666 0.05405405405405406 0.2702702702702703 0.10810810810810811 0.02702702702702703 0.02702702702702703 0.16216216216216217 0.2702702702702703 0.08108108108108109 129.79942636470594 83.12358166666668 422.9807005454546 0.8585858585858586 0.030303030303030304 0.1111111111111111 0.5945945945945946 0.1891891891891892 0.05405405405405406 0.05405405405405406 0.02702702702702703 0.02702702702702703 0.02702702702702703 0.02702702702702703 0.6458333333333334 0.21875 0.09375 0.03125 0.010416666666666666 wangcheng 10Сʱ_mousemovements
0 0 0 0 0 0 0 0 0 0 0 0 0 0 0 0 0 0 0 0 0 0 0 0 0 0 0 0 0 0 0 0 0 0 0 0 0 0 0 0 0 0 0 wangcheng 10Сʱ_mousemovements
83.734062 642.399231 242.746002 0 0 0 1468.674194 0 0 0 0 83.734062 642.399231 1468.674194 242.746002 0 0.0 0.0 0.0 0.25 0.25 0.25 0.25 0.0 64.2399231 0 598.3847526666666 0.7692307692307693 0.0 0.23076923076923078 0.25 0.25 0.25 0.0 0.0 0.0 0.25 0.0 0.6923076923076923 0.07692307692307693 0.07692307692307693 0.07692307692307693 0.07692307692307693 wangcheng 10Сʱ_mousemovements
78.10582322222224 615.321686 126.909462 0 496.9083705 0 2065.661865 0 163.882111 107.72963133333333 0 83.030321 524.999756 588.6016289999998 715.093933 78.629032 0.06666666666666667 0.2 0.0 0.13333333333333333 0.06666666666666667 0.26666666666666666 0.13333333333333333 0.13333333333333333 41.68947121153845 69.8649875 937.4671236666665 0.9122807017543859 0.03508771929824561 0.05263157894736842 0.6 0.13333333333333333 0.06666666666666667 0.0 0.13333333333333333 0.0 0.06666666666666667 0.0 0.660377358490566 0.2830188679245283 0.018867924528301886 0.03773584905660377 0.0 wangcheng 10Сʱ_mousemovements
128.40774645000002 716.9034423333334 611.2798563333333 731.307312 639.64502 188.941406 0 0 504.21415199999996 263.4474257142857 48.415897 419.2384743333333 222.92125699999997 284.861524 335.4379627142857 43.33239 0.1 0.23333333333333334 0.03333333333333333 0.1 0.13333333333333333 0.1 0.23333333333333334 0.06666666666666667 76.0493523258427 96.44989766666667 297.69397083333337 0.9081632653061225 0.030612244897959183 0.061224489795918366 0.6666666666666666 0.1 0.1 0.06666666666666667 0.03333333333333333 0.03333333333333333 0.0 0.0 0.65625 0.2604166666666667 0.052083333333333336 0.03125 0.0 wangcheng 10Сʱ_mousemovements
144.38426485 291.168302 240.612564 0 0 0 0 0 178.195278 89.826029 263.3387864 64.102562 16.0 248.87767414285716 139.17675999999997 213.112396 0.07142857142857142 0.14285714285714285 0.17857142857142858 0.03571428571428571 0.03571428571428571 0.25 0.21428571428571427 0.07142857142857142 50.803904807228925 165.46708433333336 80.558977 0.9120879120879121 0.03296703296703297 0.054945054945054944 0.7142857142857143 0.21428571428571427 0.07142857142857142 0.0 0.0 0.0 0.0 0.0 0.5977011494252874 0.20689655172413793 0.12643678160919541 0.04597701149425287 0.022988505747126436 wangcheng 10Сʱ_mousemovements
127.3594197368421 390.6180623333334 0 581.2203266666666 658.4906005 0 0 0 483.361572 174.6973059 297.1003455 304.969238 91.922005 83.95429800000001 244.43191225 535.7025146666666 0.037037037037037035 0.37037037037037035 0.14814814814814814 0.037037037037037035 0.037037037037037035 0.1111111111111111 0.14814814814814814 0.1111111111111111 49.92009670833332 11.023807 234.38881330769226 0.8372093023255814 0.011627906976744186 0.1511627906976744 0.7037037037037037 0.1111111111111111 0.0 0.1111111111111111 0.07407407407407407 0.0 0.0 0.0 0.654320987654321 0.18518518518518517 0.12345679012345678 0.012345679012345678 0.024691358024691357 wangcheng 10Сʱ_mousemovements
128.24562893333334 388.40110024999996 745.612671 402.0083313333333 723.941772 0 1861.947144 1520.4519655 224.05492299999997 459.1274525999999 693.72863575 0 257.4726255 548.2403018 300.15330650000004 159.99703200000002 0.07407407407407407 0.18518518518518517 0.14814814814814814 0.0 0.07407407407407407 0.18518518518518517 0.2222222222222222 0.1111111111111111 113.03284553030304 34.839636999999996 320.53384254545455 0.8354430379746836 0.02531645569620253 0.13924050632911392 0.5555555555555556 0.14814814814814814 0.037037037037037035 0.1111111111111111 0.037037037037037035 0.0 0.037037037037037035 0.07407407407407407 0.5333333333333333 0.25333333333333335 0.09333333333333334 0.09333333333333334 0.02666666666666667 wangcheng 10Сʱ_mousemovements
145.15480911111112 322.3641357000001 719.4681676666668 0 588.649231 0 0 0 0 229.78529042857141 455.63772599999993 514.802811 229.75857724999997 233.1187235555556 138.04621366666666 272.01481875 0.0 0.21875 0.0625 0.09375 0.125 0.28125 0.09375 0.125 92.48002248684207 184.70869166666668 333.62462366666665 0.926829268292683 0.036585365853658534 0.036585365853658534 0.5625 0.3125 0.09375 0.0 0.03125 0.0 0.0 0.0 0.5974025974025974 0.2597402597402597 0.07792207792207792 0.06493506493506493 0.0 wangcheng 10Сʱ_mousemovements
149.92094525 254.90846249999998 697.8026530000001 0 0 0 1322.81543 347.266846 0 302.3256408000001 0 0 674.511414 552.6024475 527.215476 0 0.0 0.45454545454545453 0.0 0.0 0.09090909090909091 0.18181818181818182 0.2727272727272727 0.0 129.53732196153848 347.266846 385.91790799999995 0.8666666666666667 0.03333333333333333 0.1 0.36363636363636365 0.18181818181818182 0.2727272727272727 0.0 0.0 0.0 0.09090909090909091 0.09090909090909091 0.6071428571428571 0.14285714285714285 0.17857142857142858 0.07142857142857142 0.0 wangcheng 10Сʱ_mousemovements
98.99988612500006 164.02872449999998 258.583733 0 0 0 0 0 76.45224 78.88658818750001 299.55688799999996 57.005913 32.258064 89.902237 92.36427655555553 0 0.05555555555555555 0.4444444444444444 0.1388888888888889 0.027777777777777776 0.027777777777777776 0.05555555555555555 0.25 0.0 29.41655117391305 20.146521 35.89243323529411 0.8646616541353384 0.007518796992481203 0.12781954887218044 0.8888888888888888 0.05555555555555555 0.05555555555555555 0.0 0.0 0.0 0.0 0.0 0.6461538461538462 0.2230769230769231 0.1076923076923077 0.015384615384615385 0.007692307692307693 wangcheng 10Сʱ_mousemovements
55.1009255 0 0 0 1566.94165 0 0 0 0 46.099289 0 0 64.102562 0 1566.94165 0 0.0 0.3333333333333333 0.0 0.0 0.3333333333333333 0.0 0.3333333333333333 0.0 230.43441985714284 0 64.102562 0.875 0.0 0.125 0.6666666666666666 0.0 0.0 0.0 0.3333333333333333 0.0 0.0 0.0 0.5714285714285714 0.42857142857142855 0.0 0.0 0.0 wangcheng 10Сʱ_mousemovements
61.7225205 249.9755325 0 0 0 651.92804 0 0 0 0 325.470184 0 0 651.92804 174.480881 61.7225205 0.0 0.0 0.2 0.0 0.0 0.2 0.2 0.4 132.813076 174.480881 38.338657 0.8 0.1 0.1 0.4 0.4 0.0 0.0 0.0 0.2 0.0 0.0 0.3 0.5 0.0 0.1 0.1 wangcheng 10Сʱ_mousemovements
101.090439 0 0 0 0 0 0 0 0 0 0 0 0 0 101.090439 0 0.0 0.0 0.0 0.0 0.0 0.0 1.0 0.0 0.0 0 101.090439 0.875 0.0 0.125 1.0 0.0 0.0 0.0 0.0 0.0 0.0 0.0 0.8333333333333334 0.0 0.16666666666666666 0.0 0.0 wangcheng 10Сʱ_mousemovements
15.503876 0 0 0 0 0 0 0 0 0 0 0 0 0 15.503876 0 0.0 0.0 0.0 0.0 0.0 0.0 1.0 0.0 0.0 0 15.503876 0.8 0.0 0.2 1.0 0.0 0.0 0.0 0.0 0.0 0.0 0.0 0.75 0.0 0.25 0.0 0.0 wangcheng 10Сʱ_mousemovements
76.4471625 315.2666165 0 0 0 0 0 0 0 45.52428166666667 333.123596 0 0 144.1377715 297.409637 33.834587 0.0 0.375 0.125 0.0 0.0 0.25 0.125 0.125 41.34429644444444 0 115.00629066666666 0.8571428571428571 0.0 0.14285714285714285 0.75 0.25 0.0 0.0 0.0 0.0 0.0 0.0 0.6 0.3 0.1 0.0 0.0 wangcheng 10Сʱ_mousemovements
255.42954933333334 407.55325700000003 0 0 0 0 0 1377.942505 65.062782 302.962738 430.347743 0 65.217392 584.0190276666667 555.433922 99.313705 0.14285714285714285 0.07142857142857142 0.21428571428571427 0.0 0.07142857142857142 0.21428571428571427 0.21428571428571427 0.07142857142857142 152.54650324242422 136.493435 0.0 0.9166666666666666 0.05555555555555555 0.027777777777777776 0.6428571428571429 0.2857142857142857 0.0 0.0 0.0 0.0 0.0 0.07142857142857142 0.6470588235294118 0.20588235294117646 0.11764705882352941 0.029411764705882353 0.0 wangcheng 10Сʱ_mousemovements
205.329605 0 451.189728 0 0 0 0 0 0 451.189728 0 0 0 205.329605 0 0 0.0 0.3333333333333333 0.0 0.0 0.0 0.6666666666666666 0.0 0.0 81.03473244444444 132.536346 0 0.9 0.1 0.0 0.6666666666666666 0.0 0.3333333333333333 0.0 0.0 0.0 0.0 0.0 0.625 0.125 0.0 0.25 0.0 wangcheng 10Сʱ_mousemovements
302.13724766666667 241.90996925000002 182.88707 0 0 0 0 0 756.110657 301.016052 0 155.538437 131.14016700000002 271.446564 0 155.273323 0.125 0.125 0.0 0.125 0.25 0.125 0.0 0.25 57.49656166666667 271.446564 192.6881103333333 0.84 0.04 0.12 0.375 0.5 0.125 0.0 0.0 0.0 0.0 0.0 0.5217391304347826 0.2608695652173913 0.043478260869565216 0.17391304347826086 0.0 wangcheng 10Сʱ_mousemovements
135.39056633333337 378.4611203333333 0 341.760742 0 0 0 0 225.430679 176.531658 630.99707 198.874359 0 0 194.18319675000004 104.38929 0.1 0.2 0.1 0.1 0.0 0.0 0.4 0.1 61.21139507407406 195.1770455 82.14191433333333 0.84375 0.0625 0.09375 0.6 0.3 0.0 0.1 0.0 0.0 0.0 0.0 0.5862068965517241 0.3103448275862069 0.06896551724137931 0.034482758620689655 0.0 wangcheng 10Сʱ_mousemovements
47.575916 0 538.257935 483.084076 0 0 0 0 0 0 538.257935 0 0 0 483.084076 47.575916 0.0 0.0 0.3333333333333333 0.0 0.0 0.0 0.3333333333333333 0.3333333333333333 45.06414238461538 0 241.542038 0.8666666666666667 0.0 0.13333333333333333 0.3333333333333333 0.0 0.3333333333333333 0.3333333333333333 0.0 0.0 0.0 0.0 0.6923076923076923 0.07692307692307693 0.15384615384615385 0.07692307692307693 0.0 wangcheng 10Сʱ_mousemovements
129.88425869999998 329.0928606000001 0 0 0 0 0 0 376.027557 122.48694760000004 350.73785399999997 0 83.10627 128.5897843333333 261.83108799999997 0 0.06666666666666667 0.3333333333333333 0.13333333333333333 0.0 0.06666666666666667 0.2 0.2 0.0 64.8400674390244 93.065388 49.8666745 0.9111111111111111 0.044444444444444446 0.044444444444444446 0.6666666666666666 0.3333333333333333 0.0 0.0 0.0 0.0 0.0 0.0 0.5121951219512195 0.21951219512195122 0.12195121951219512 0.07317073170731707 0.07317073170731707 wangcheng 10Сʱ_mousemovements
65.36261333333333 260.32485975 353.837189 0 0 0 0 0 0 124.92211150000001 168.88156633333332 0 47.815738 224.88435866666666 78.73462757142856 0 0.0 0.2 0.15 0.0 0.15 0.15 0.35 0.0 30.113370735849045 43.547132999999995 302.6893235 0.8983050847457628 0.06779661016949153 0.03389830508474576 0.75 0.2 0.05 0.0 0.0 0.0 0.0 0.0 0.5769230769230769 0.25 0.11538461538461539 0.019230769230769232 0.038461538461538464 wangcheng 10Сʱ_mousemovements
171.922497 318.05260733333336 323.921143 0 0 0 0 0 548.922455 143.44364666666664 318.05260733333336 0 0 71.61690233333333 106.80917199999999 281.841187 0.11764705882352941 0.17647058823529413 0.17647058823529413 0.0 0.0 0.17647058823529413 0.29411764705882354 0.058823529411764705 68.57962627272728 58.077318000000005 131.629299 0.88 0.08 0.04 0.7647058823529411 0.17647058823529413 0.058823529411764705 0.0 0.0 0.0 0.0 0.0 0.5952380952380952 0.23809523809523808 0.047619047619047616 0.09523809523809523 0.023809523809523808 wangcheng 10Сʱ_mousemovements
153.42240244444443 269.4176825 0 0 0 576.361389 2293.333313 0 0 136.56320957142856 272.6229475 747.5296095 170.29956049999998 231.54424550000002 188.89008066666665 1211.257566 0.0 0.30434782608695654 0.08695652173913043 0.08695652173913043 0.08695652173913043 0.17391304347826086 0.13043478260869565 0.13043478260869565 126.61118586440676 93.22491275 310.2535035 0.9076923076923077 0.06153846153846154 0.03076923076923077 0.782608695652174 0.08695652173913043 0.0 0.0 0.0 0.043478260869565216 0.08695652173913043 0.0 0.6071428571428571 0.25 0.125 0.017857142857142856 0.0 wangcheng 10Сʱ_mousemovements
245.6148686 235.765137 0 284.767517 0 0 0 0 2.279525 153.88931300000002 0 0 235.765137 390.196777 829.787231 133.783609 0.125 0.25 0.0 0.0 0.125 0.125 0.125 0.25 74.07026928 179.338257 2.279525 0.9259259259259259 0.037037037037037035 0.037037037037037035 0.625 0.125 0.0 0.25 0.0 0.0 0.0 0.0 0.5454545454545454 0.3181818181818182 0.0 0.09090909090909091 0.045454545454545456 wangcheng 10Сʱ_mousemovements
143.93736700000002 391.73041799999993 148.208572 359.4331055 0 2106.523193 0 717.621216 0 52.194645 833.1441229999998 0 63.425648 264.0299685 338.55212774999995 181.16892733333336 0.0 0.06666666666666667 0.26666666666666666 0.0 0.06666666666666667 0.13333333333333333 0.26666666666666666 0.2 123.58678959999997 289.02492766666666 63.425648 0.9090909090909091 0.06818181818181818 0.022727272727272728 0.4666666666666667 0.2 0.06666666666666667 0.13333333333333333 0.0 0.06666666666666667 0.0 0.06666666666666667 0.5277777777777778 0.2777777777777778 0.1388888888888889 0.0 0.05555555555555555 wangcheng 10Сʱ_mousemovements
129.60320275 0 912.133789 874.829407 0 0 0 0 27.658701 874.829407 0 0 912.133789 421.175964 24.154589 45.423557 0.16666666666666666 0.16666666666666666 0.0 0.0 0.16666666666666666 0.16666666666666666 0.16666666666666666 0.16666666666666666 110.406958 0 32.41228233333334 0.8695652173913043 0.0 0.13043478260869565 0.6666666666666666 0.0 0.16666666666666666 0.16666666666666666 0.0 0.0 0.0 0.0 0.4090909090909091 0.3181818181818182 0.13636363636363635 0.09090909090909091 0.045454545454545456 wangcheng 10Сʱ_mousemovements
132.6322 493.5384926666666 364.2565765 795.015015 743.5868835 0 677.980347 0 77.2395175 347.94855450000006 286.414825 595.0793959999999 96.774193 214.21622233333335 174.56588519999997 473.179016 0.09090909090909091 0.18181818181818182 0.045454545454545456 0.22727272727272727 0.045454545454545456 0.13636363636363635 0.22727272727272727 0.045454545454545456 47.77924416923077 0 473.483186125 0.8904109589041096 0.0 0.1095890410958904 0.5909090909090909 0.13636363636363635 0.09090909090909091 0.045454545454545456 0.09090909090909091 0.0 0.045454545454545456 0.0 0.5774647887323944 0.22535211267605634 0.08450704225352113 0.08450704225352113 0.028169014084507043 wangcheng 10Сʱ_mousemovements
140.86523564285713 324.684814 336.588318 0 0 0 0 0 139.94621 175.32417266666667 0 0 39.90783999999999 212.89788249999998 205.40728766666666 0 0.25 0.1875 0.0 0.0 0.125 0.25 0.1875 0.0 50.135572720930234 168.294159 35.2421215 0.8775510204081632 0.04081632653061224 0.08163265306122448 0.875 0.0625 0.0625 0.0 0.0 0.0 0.0 0.0 0.6304347826086957 0.21739130434782608 0.13043478260869565 0.0 0.021739130434782608 wangcheng 10Сʱ_mousemovements
78.94869466666667 233.1276095 0 0 459.250427 0 0 0 15.767387 0 314.077179 0 0 110.5393485 297.351288 0 0.16666666666666666 0.0 0.3333333333333333 0.0 0.0 0.3333333333333333 0.16666666666666666 0.0 27.213164960000004 0 120.50565150000003 0.8620689655172413 0.0 0.13793103448275862 0.5 0.3333333333333333 0.0 0.0 0.16666666666666666 0.0 0.0 0.0 0.5555555555555556 0.18518518518518517 0.18518518518518517 0.07407407407407407 0.0 wangcheng 10Сʱ_mousemovements
31.828546666666664 315.704163 0 0 0 0 0 0 0 13.888889 315.704163 0 67.669174 0 0 13.927577 0.0 0.25 0.25 0.0 0.25 0.0 0.0 0.25 17.539120166666667 0 23.871409999999997 0.8181818181818182 0.0 0.18181818181818182 0.75 0.25 0.0 0.0 0.0 0.0 0.0 0.0 0.7142857142857143 0.23809523809523808 0.0 0.047619047619047616 0.0 wangcheng 10Сʱ_mousemovements
34.3377905 0 0 0 0 0 0 0 26.066351 0 0 0 55.911106 0 27.6868525 0 0.25 0.0 0.0 0.0 0.25 0.0 0.5 0.0 4.578372066666666 0 0 1.0 0.0 0.0 1.0 0.0 0.0 0.0 0.0 0.0 0.0 0.0 0.6153846153846154 0.15384615384615385 0.19230769230769232 0.038461538461538464 0.0 wangcheng 10Сʱ_mousemovements
847.243347 0 0 0 0 0 0 0 0 0 0 0 847.243347 0 0 0 0.0 0.0 0.0 0.0 1.0 0.0 0.0 0.0 423.6216735 0 0 1.0 0.0 0.0 1.0 0.0 0.0 0.0 0.0 0.0 0.0 0.0 1.0 0.0 0.0 0.0 0.0 wangcheng 10Сʱ_mousemovements
62.5 0 0 0 0 0 0 0 0 0 0 0 62.5 0 0 0 0.0 0.0 0.0 0.0 1.0 0.0 0.0 0.0 31.25 0 0 1.0 0.0 0.0 1.0 0.0 0.0 0.0 0.0 0.0 0.0 0.0 1.0 0.0 0.0 0.0 0.0 wangcheng 10Сʱ_mousemovements
0 0 0 0 0 0 0 0 0 0 0 0 0 0 0 0 0 0 0 0 0 0 0 0 0 0 0 0 0 0 0 0 0 0 0 0 0 0 0 0 0 0 0 wangcheng 10Сʱ_mousemovements
183.22181919999997 707.243103 0 0 0 0 0 0 0 384.8715515 0 0 70.4495105 0 356.3550375 0 0.0 0.3333333333333333 0.0 0.0 0.3333333333333333 0.0 0.3333333333333333 0.0 69.53277254545455 0 93.631203 0.9565217391304348 0.0 0.043478260869565216 0.8333333333333334 0.16666666666666666 0.0 0.0 0.0 0.0 0.0 0.0 0.7222222222222222 0.16666666666666666 0.1111111111111111 0.0 0.0 wangcheng 10Сʱ_mousemovements
0 0 0 0 0 0 0 0 0 0 0 0 0 0 0 0 0 0 0 0 0 0 0 0 0 0 0 0 0 0 0 0 0 0 0 0 0 0 0 0 0 0 0 wangcheng 10Сʱ_mousemovements
0 0 0 0 0 0 0 0 0 0 0 0 0 0 0 0 0 0 0 0 0 0 0 0 0 0 0 0 0 0 0 0 0 0 0 0 0 0 0 0 0 0 0 wangcheng 10Сʱ_mousemovements
0 0 0 0 0 0 0 0 0 0 0 0 0 0 0 0 0 0 0 0 0 0 0 0 0 0 0 0 0 0 0 0 0 0 0 0 0 0 0 0 0 0 0 wangcheng 10Сʱ_mousemovements
230.649025 0 0 0 0 0 0 0 196.742569 0 264.555481 0 0 0 0 0 0.5 0.0 0.5 0.0 0.0 0.0 0.0 0.0 115.3245125 0 0 1.0 0.0 0.0 1.0 0.0 0.0 0.0 0.0 0.0 0.0 0.0 0.6666666666666666 0.3333333333333333 0.0 0.0 0.0 wangcheng 10Сʱ_mousemovements
250.03045649999999 0 0 0 1337.063965 0 0 0 0 0 0 0 0 767.4428405000001 302.239197 0 0.0 0.0 0.0 0.0 0.0 0.6666666666666666 0.3333333333333333 0.0 204.12498644444446 0 0.0 0.9 0.0 0.1 0.6666666666666666 0.0 0.0 0.0 0.3333333333333333 0.0 0.0 0.0 0.625 0.375 0.0 0.0 0.0 wangcheng 10Сʱ_mousemovements
111.87309825000003 0 0 0 0 0 0 0 0 125.46628033333336 0 0 71.093552 0 0 0 0.0 0.75 0.0 0.0 0.25 0.0 0.0 0.0 13.57953053846154 0 135.479248 0.8666666666666667 0.0 0.13333333333333333 1.0 0.0 0.0 0.0 0.0 0.0 0.0 0.0 0.6923076923076923 0.23076923076923078 0.07692307692307693 0.0 0.0 wangcheng 10Сʱ_mousemovements
48.68740991666669 206.67756133333333 0 241.772583 815.244141 484.973877 0 0 6.043648 77.485764875 152.72754100000003 0 26.111319 815.244141 247.039223 173.998367 0.05555555555555555 0.4444444444444444 0.2222222222222222 0.0 0.05555555555555555 0.05555555555555555 0.1111111111111111 0.05555555555555555 38.02564563043479 12.820513 109.36355466666669 0.8214285714285714 0.017857142857142856 0.16071428571428573 0.6666666666666666 0.16666666666666666 0.0 0.05555555555555555 0.05555555555555555 0.05555555555555555 0.0 0.0 0.5740740740740741 0.24074074074074073 0.1111111111111111 0.037037037037037035 0.037037037037037035 wangcheng 10Сʱ_mousemovements
155.2352884166666 212.432312 684.6026 555.734375 656.983887 0 1097.140869 0 0 195.5513115 429.0431106 0 0 250.537659 322.44971042857145 12.856848 0.0 0.11764705882352941 0.29411764705882354 0.0 0.0 0.058823529411764705 0.4117647058823529 0.11764705882352941 74.80492126315792 19.607843 112.31844985714285 0.8769230769230769 0.015384615384615385 0.1076923076923077 0.7058823529411765 0.058823529411764705 0.058823529411764705 0.058823529411764705 0.058823529411764705 0.0 0.058823529411764705 0.0 0.6935483870967742 0.16129032258064516 0.04838709677419355 0.03225806451612903 0.06451612903225806 wangcheng 10Сʱ_mousemovements
0 0 0 0 0 0 0 0 0 0 0 0 0 0 0 0 0 0 0 0 0 0 0 0 0 0 0 0 0 0 0 0 0 0 0 0 0 0 0 0 0 0 0 wangcheng 10Сʱ_mousemovements
110.095661 212.72876 0 0 0 0 0 370.12973 0 206.035427 212.72876 0 0 0 0 178.250198 0.0 0.5 0.25 0.0 0.0 0.0 0.0 0.25 100.3812265 0 0 1.0 0.0 0.0 0.5 0.25 0.0 0.0 0.0 0.0 0.0 0.25 0.42857142857142855 0.2857142857142857 0.2857142857142857 0.0 0.0 wangcheng 10Сʱ_mousemovements
136.969773 261.897639 236.37187175 0 667.892151 0 0 0 288.130676 283.6518895 301.16918575 60.564892 38.627419 235.07313340000002 90.05424000000004 11.320755 0.043478260869565216 0.17391304347826086 0.17391304347826086 0.043478260869565216 0.043478260869565216 0.21739130434782608 0.2608695652173913 0.043478260869565216 63.04532586666667 94.0144744 40.1654452 0.8571428571428571 0.07142857142857142 0.07142857142857142 0.6521739130434783 0.13043478260869565 0.17391304347826086 0.0 0.043478260869565216 0.0 0.0 0.0 0.5714285714285714 0.30158730158730157 0.047619047619047616 0.06349206349206349 0.015873015873015872 wangcheng 10Сʱ_mousemovements
116.21825383333334 0 173.00882 0 0 0 0 0 0 72.17297966666666 241.635864 0 0 29.288647 361.598297 0 0.0 0.5 0.16666666666666666 0.0 0.0 0.16666666666666666 0.16666666666666666 0.0 29.718154727272726 173.00882 21.7550595 0.88 0.04 0.08 0.8571428571428571 0.0 0.14285714285714285 0.0 0.0 0.0 0.0 0.0 0.5652173913043478 0.30434782608695654 0.043478260869565216 0.043478260869565216 0.043478260869565216 wangcheng 10Сʱ_mousemovements
94.82748386666668 440.5664776666666 290.334412 674.857544 0 0 0 571.234375 22.884888 0 316.41914399999996 330.9833605 120.99853877777777 148.2662985 34.704163 623.0459595 0.047619047619047616 0.0 0.09523809523809523 0.09523809523809523 0.42857142857142855 0.19047619047619047 0.047619047619047616 0.09523809523809523 46.55442370175439 10.752688 160.54304949999997 0.8260869565217391 0.028985507246376812 0.14492753623188406 0.7142857142857143 0.14285714285714285 0.047619047619047616 0.047619047619047616 0.0 0.0 0.0 0.047619047619047616 0.6507936507936508 0.2222222222222222 0.07936507936507936 0.0 0.047619047619047616 wangcheng 10Сʱ_mousemovements
133.47706178571426 281.06744 177.559219 0 904.658752 0 0 1651.412964 0 644.0502916666666 608.6131285 294.526924 111.74794766666668 136.66285825 171.92521649999998 139.51747933333334 0.0 0.14285714285714285 0.09523809523809523 0.09523809523809523 0.14285714285714285 0.19047619047619047 0.19047619047619047 0.14285714285714285 65.05268750793653 9.090909 201.25980362499996 0.863013698630137 0.0273972602739726 0.1095890410958904 0.6666666666666666 0.19047619047619047 0.047619047619047616 0.0 0.047619047619047616 0.0 0.0 0.047619047619047616 0.5714285714285714 0.12857142857142856 0.12857142857142856 0.08571428571428572 0.08571428571428572 wangcheng 10Сʱ_mousemovements
120.2545955 431.85078400000003 1008.6849734 347.9060365 0 0 0 0 132.14564149999998 605.0456431666668 506.1919025 64.7157615 185.01388714285713 524.5880434999999 12.195122 378.0543823333333 0.08 0.24 0.08 0.08 0.28 0.08 0.04 0.12 74.95257973333334 9.8646035 221.98764223076927 0.8333333333333334 0.022222222222222223 0.14444444444444443 0.64 0.08 0.2 0.08 0.0 0.0 0.0 0.0 0.6341463414634146 0.21951219512195122 0.06097560975609756 0.04878048780487805 0.036585365853658534 wangcheng 10Сʱ_mousemovements
104.76031946153847 228.43262125000004 0 0 0 0 592.517578 0 41.02160575 88.1831225 131.1093265 314.26302725 184.7086145 305.394562 207.958176 455.937744 0.21052631578947367 0.10526315789473684 0.21052631578947367 0.21052631578947367 0.10526315789473684 0.05263157894736842 0.05263157894736842 0.05263157894736842 31.530836625000006 0 282.4871571666666 0.9032258064516129 0.0 0.0967741935483871 0.6842105263157895 0.21052631578947367 0.0 0.0 0.0 0.0 0.10526315789473684 0.0 0.6551724137931034 0.13793103448275862 0.06896551724137931 0.08620689655172414 0.05172413793103448 wangcheng 10Сʱ_mousemovements
79.83132711764708 422.942078 396.5996503333334 753.6305084999999 619.648438 0 0 1122.169067 0 54.841133 565.6433333999998 149.071198 233.21582533333336 71.728155 154.15701810000002 373.65400700000004 0.0 0.08 0.2 0.04 0.12 0.08 0.4 0.08 60.525409596774196 87.76619350000001 458.168866 0.8985507246376812 0.028985507246376812 0.07246376811594203 0.68 0.04 0.12 0.08 0.04 0.0 0.0 0.04 0.640625 0.171875 0.109375 0.0625 0.015625 wangcheng 10Сʱ_mousemovements
107.46340885714287 0 1253.059692 0 587.586304 0 0 0 0 0 1253.059692 0 0 44.065212 342.68370566666664 66.92845925 0.0 0.0 0.1111111111111111 0.0 0.0 0.1111111111111111 0.3333333333333333 0.4444444444444444 116.77003115 85.16307833333333 2.0 0.8333333333333334 0.125 0.041666666666666664 0.7777777777777778 0.0 0.1111111111111111 0.0 0.1111111111111111 0.0 0.0 0.0 0.47619047619047616 0.3333333333333333 0.047619047619047616 0.14285714285714285 0.0 wangcheng 10Сʱ_mousemovements
166.92135424999995 714.971619 0 0 0 514.90564 0 0 229.78194249999999 318.000332 0 0 399.535706 222.65557566666658 84.180779 0 0.2 0.3 0.0 0.0 0.1 0.3 0.1 0.0 84.07365103448275 0 127.112213 0.9666666666666667 0.0 0.03333333333333333 0.8 0.1 0.0 0.0 0.0 0.1 0.0 0.0 0.6296296296296297 0.2222222222222222 0.07407407407407407 0.07407407407407407 0.0 wangcheng 10Сʱ_mousemovements
190.127635 290.513397 0 0 0 0 0 0 120.329672 259.92559800000004 0 0 0 290.513397 0 0 0.4 0.4 0.0 0.0 0.0 0.2 0.0 0.0 41.25088575 0 195.5048825 0.8888888888888888 0.0 0.1111111111111111 0.8 0.2 0.0 0.0 0.0 0.0 0.0 0.0 0.8 0.0 0.13333333333333333 0.06666666666666667 0.0 wangcheng 10Сʱ_mousemovements
78.75974874999999 484.6054385 0 1034.9525939999999 916.471222 0 0 1799.562744 0 182.44478633333333 1173.4138185 455.827263 997.673157 1818.957153 875.2673036666669 421.6346435 0.0 0.21428571428571427 0.14285714285714285 0.14285714285714285 0.07142857142857142 0.07142857142857142 0.21428571428571427 0.14285714285714285 204.7251236875 404.6391906666666 775.4654999999999 0.8421052631578947 0.07894736842105263 0.07894736842105263 0.2857142857142857 0.14285714285714285 0.0 0.35714285714285715 0.14285714285714285 0.0 0.0 0.07142857142857142 0.7297297297297297 0.08108108108108109 0.16216216216216217 0.02702702702702703 0.0 wangcheng 10Сʱ_mousemovements
71.34542 389.83344516666665 229.96177166666666 307.240875 0 639.070923 1971.958252 0 163.122513 318.372091 194.777781 0 130.057586 692.6484145 341.563347 28.667538 0.05263157894736842 0.21052631578947367 0.15789473684210525 0.0 0.10526315789473684 0.21052631578947367 0.21052631578947367 0.05263157894736842 52.532528250000006 0 186.99764300000004 0.8695652173913043 0.0 0.13043478260869565 0.3684210526315789 0.3157894736842105 0.15789473684210525 0.05263157894736842 0.0 0.05263157894736842 0.05263157894736842 0.0 0.6867469879518072 0.1686746987951807 0.060240963855421686 0.04819277108433735 0.03614457831325301 wangcheng 10Сʱ_mousemovements
169.8205376 0 0 879.597046 0 658.4300235 0 0 233.421555 0 641.317444 550.035034 66.666664 0 352.74321199999997 298.597626 0.125 0.0 0.125 0.25 0.125 0.0 0.25 0.125 66.38528686363635 0 528.3611566666666 0.88 0.0 0.12 0.625 0.0 0.0 0.125 0.0 0.25 0.0 0.0 0.7391304347826086 0.13043478260869565 0.043478260869565216 0.0 0.08695652173913043 wangcheng 10Сʱ_mousemovements
0 0 0 0 0 0 0 0 0 0 0 0 0 0 0 0 0 0 0 0 0 0 0 0 0 0 0 0 0 0 0 0 0 0 0 0 0 0 0 0 0 0 0 wangcheng 10Сʱ_mousemovements
0 0 0 0 0 0 0 0 0 0 0 0 0 0 0 0 0 0 0 0 0 0 0 0 0.0 0 0 1.0 0.0 0.0 0 0 0 0 0 0 0 0 1.0 0.0 0.0 0.0 0.0 wangcheng 10Сʱ_mousemovements
0 0 0 0 0 0 0 0 0 0 0 0 0 0 0 0 0 0 0 0 0 0 0 0 0 0 0 0 0 0 0 0 0 0 0 0 0 0 0 0 0 0 0 wangcheng 10Сʱ_mousemovements
0 0 0 0 0 0 0 0 0 0 0 0 0 0 0 0 0 0 0 0 0 0 0 0 0 0 0 0 0 0 0 0 0 0 0 0 0 0 0 0 0 0 0 wangcheng 10Сʱ_mousemovements
0 0 0 0 0 0 0 0 0 0 0 0 0 0 0 0 0 0 0 0 0 0 0 0 0 0 0 0 0 0 0 0 0 0 0 0 0 0 0 0 0 0 0 wangcheng 10Сʱ_mousemovements
184.120483 0 0 0 0 0 0 0 184.120483 0 0 0 0 0 0 0 1.0 0.0 0.0 0.0 0.0 0.0 0.0 0.0 46.03012075 0 0 1.0 0.0 0.0 1.0 0.0 0.0 0.0 0.0 0.0 0.0 0.0 0.6666666666666666 0.3333333333333333 0.0 0.0 0.0 wangcheng 10Сʱ_mousemovements
163.6154877241379 396.40079633333335 0 561.7136333333333 521.0241395 0 832.616699 0 235.4556775714286 309.77034785714284 165.47639400000003 540.6586245 124.94708650000001 181.0277188333333 421.10542375 138.1005158 0.17073170731707318 0.17073170731707318 0.14634146341463414 0.0975609756097561 0.04878048780487805 0.14634146341463414 0.0975609756097561 0.12195121951219512 48.91432377777779 0.0 215.23119066666663 0.8513513513513513 0.006756756756756757 0.14189189189189189 0.7073170731707317 0.14634146341463414 0.0 0.07317073170731707 0.04878048780487805 0.0 0.024390243902439025 0.0 0.6830985915492958 0.20422535211267606 0.035211267605633804 0.07042253521126761 0.007042253521126761 wangcheng 10Сʱ_mousemovements
70.6625383 198.84797666666668 253.4709775 448.264069 336.392929 579.826218 644.982971 0 21.885984 96.4541102 286.2617646666667 331.28686500000003 264.730324 337.3424185 254.39908224999996 136.79944066666664 0.041666666666666664 0.20833333333333334 0.125 0.08333333333333333 0.08333333333333333 0.16666666666666666 0.16666666666666666 0.125 46.7930911566265 0 160.9459962222222 0.9021739130434783 0.0 0.09782608695652174 0.4166666666666667 0.25 0.08333333333333333 0.041666666666666664 0.08333333333333333 0.08333333333333333 0.041666666666666664 0.0 0.5975609756097561 0.18292682926829268 0.10975609756097561 0.07317073170731707 0.036585365853658534 wangcheng 10Сʱ_mousemovements
217.71996900000005 463.5528682222223 0 456.78953550000006 663.6948165 0 0 746.427002 0 458.8524548999999 383.7484712857143 751.036377 0 277.35126488888886 268.42825619999996 70.3563 0.0 0.2631578947368421 0.18421052631578946 0.02631578947368421 0.0 0.23684210526315788 0.2631578947368421 0.02631578947368421 85.63637611607145 55.174286 330.0138236363636 0.9032258064516129 0.008064516129032258 0.08870967741935484 0.5789473684210527 0.23684210526315788 0.0 0.05263157894736842 0.10526315789473684 0.0 0.0 0.02631578947368421 0.5798319327731093 0.29411764705882354 0.058823529411764705 0.05042016806722689 0.01680672268907563 wangcheng 10Сʱ_mousemovements
104.5653106470588 297.688721 451.5271672857143 493.956116 0 0 0 0 325.7404251666666 297.570091 308.7142185 567.997406 127.03176425000001 137.08992575 345.84427933333336 9.090909 0.20689655172413793 0.10344827586206896 0.06896551724137931 0.06896551724137931 0.27586206896551724 0.13793103448275862 0.10344827586206896 0.034482758620689655 53.501463333333334 24.197157 205.3304925384615 0.8484848484848485 0.020202020202020204 0.13131313131313133 0.5862068965517241 0.034482758620689655 0.2413793103448276 0.13793103448275862 0.0 0.0 0.0 0.0 0.5760869565217391 0.16304347826086957 0.13043478260869565 0.07608695652173914 0.05434782608695652 wangcheng 10Сʱ_mousemovements
126.37126516666666 464.29572275 228.482361 356.4715885 0 1486.149658 0 1517.195557 236.498413 519.3886473999999 273.762342 50.529495 256.98717350000004 364.903549375 10.695188 103.37649225 0.037037037037037035 0.18518518518518517 0.1111111111111111 0.037037037037037035 0.14814814814814814 0.2962962962962963 0.037037037037037035 0.14814814814814814 76.59316692207793 0 311.2803662857142 0.9166666666666666 0.0 0.08333333333333333 0.6666666666666666 0.14814814814814814 0.037037037037037035 0.07407407407407407 0.0 0.037037037037037035 0.0 0.037037037037037035 0.5526315789473685 0.27631578947368424 0.10526315789473684 0.039473684210526314 0.02631578947368421 wangcheng 10Сʱ_mousemovements
168.3223696 343.262268 404.63006600000006 0 1042.2750245 0 0 981.644226 249.7608978 199.06340942857142 831.1671445000001 156.872665 0 0 418.1007715714286 49.250839250000006 0.19230769230769232 0.2692307692307692 0.07692307692307693 0.038461538461538464 0.0 0.0 0.2692307692307692 0.15384615384615385 93.17712426760568 10.638298 239.7374865 0.9342105263157895 0.013157894736842105 0.05263157894736842 0.7692307692307693 0.038461538461538464 0.07692307692307693 0.0 0.07692307692307693 0.0 0.0 0.038461538461538464 0.7205882352941176 0.17647058823529413 0.058823529411764705 0.04411764705882353 0.0 wangcheng 10Сʱ_mousemovements
116.65732028571428 1761.271973 343.90497975 671.734558 592.862244 0 410.512604 0 260.68158 275.2372245 794.9265723333333 233.08215350000003 129.609003 198.055862 402.72139000000004 351.8929195 0.06666666666666667 0.13333333333333333 0.2 0.13333333333333333 0.13333333333333333 0.06666666666666667 0.13333333333333333 0.13333333333333333 117.54183319047618 0 115.307591 0.875 0.0 0.125 0.4666666666666667 0.06666666666666667 0.26666666666666666 0.06666666666666667 0.06666666666666667 0.0 0.06666666666666667 0.0 0.5227272727272727 0.25 0.09090909090909091 0.11363636363636363 0.022727272727272728 wangcheng 10Сʱ_mousemovements
0 0 0 0 0 0 0 0 0 0 0 0 0 0 0 0 0 0 0 0 0 0 0 0 0 0 0 0 0 0 0 0 0 0 0 0 0 0 0 0 0 0 0 wangcheng 10Сʱ_mousemovements
0 0 0 0 0 0 0 0 0 0 0 0 0 0 0 0 0 0 0 0 0 0 0 0 0 0 0 0 0 0 0 0 0 0 0 0 0 0 0 0 0 0 0 wangcheng 10Сʱ_mousemovements
0 0 0 0 0 0 0 0 0 0 0 0 0 0 0 0 0 0 0 0 0 0 0 0 0 0 0 0 0 0 0 0 0 0 0 0 0 0 0 0 0 0 0 wangcheng 10Сʱ_mousemovements
