42.424240999999995 342.684235 553.634674 0 0 0 639.175232 0 0 278.5507175 342.684235 0 0 0 352.92094800000007 568.349731 0.0 0.3333333333333333 0.16666666666666666 0.0 0.0 0.0 0.3333333333333333 0.16666666666666666 124.37506630769234 9.090909 538.919617 0.8125 0.125 0.0625 0.3333333333333333 0.16666666666666666 0.3333333333333333 0.0 0.0 0.0 0.16666666666666666 0.0 0.6428571428571429 0.14285714285714285 0.21428571428571427 0.0 0.0 wangcheng 8Сʱ_mousemovements
0 0 0 0 0 0 0 0 0 0 0 0 0 0 0 0 0 0 0 0 0 0 0 0 0 0 0 0 0 0 0 0 0 0 0 0 0 0 0 0 0 0 0 wangcheng 8Сʱ_mousemovements
0 0 0 0 0 0 0 0 0 0 0 0 0 0 0 0 0 0 0 0 0 0 0 0 0 0 0 0 0 0 0 0 0 0 0 0 0 0 0 0 0 0 0 wangcheng 8Сʱ_mousemovements
0 0 0 0 0 0 0 0 0 0 0 0 0 0 0 0 0 0 0 0 0 0 0 0 0 0 0 0 0 0 0 0 0 0 0 0 0 0 0 0 0 0 0 wangcheng 8Сʱ_mousemovements
66.01098250000001 0 0 0 0 0 0 0 72.664026 67.40963 0 0 0 0 51.306248 0 0.5 0.25 0.0 0.0 0.0 0.0 0.25 0.0 16.502745625000003 0 0 1.0 0.0 0.0 1.0 0.0 0.0 0.0 0.0 0.0 0.0 0.0 0.4375 0.375 0.0625 0.0625 0.0625 wangcheng 8Сʱ_mousemovements
126.60036646666664 842.4715220000002 0 451.4691413333333 0 1081.112549 0 661.258057 118.04833966666666 496.4336141666667 106.0176845 0 114.102165 672.97192775 228.84506079999997 9.852217 0.13636363636363635 0.2727272727272727 0.09090909090909091 0.0 0.045454545454545456 0.18181818181818182 0.22727272727272727 0.045454545454545456 97.71644495384618 18.348623 192.2134246666667 0.9027777777777778 0.013888888888888888 0.08333333333333333 0.6521739130434783 0.13043478260869565 0.0 0.13043478260869565 0.0 0.043478260869565216 0.0 0.043478260869565216 0.676923076923077 0.2153846153846154 0.06153846153846154 0.03076923076923077 0.015384615384615385 wangcheng 8Сʱ_mousemovements
71.63845750000003 392.197968 0 0 1040.178772 1066.230713 466.507965 0 88.388351 311.31201250000004 0 0 0 988.8076073333333 0 60.23136314285715 0.06666666666666667 0.26666666666666666 0.0 0.0 0.0 0.2 0.0 0.4666666666666667 68.46170715094337 0 364.402762 0.9464285714285714 0.0 0.05357142857142857 0.6666666666666666 0.06666666666666667 0.0 0.0 0.13333333333333333 0.06666666666666667 0.06666666666666667 0.0 0.6808510638297872 0.0851063829787234 0.1702127659574468 0.06382978723404255 0.0 wangcheng 8Сʱ_mousemovements
80.879013 0 0 0 0 0 0 1457.87793 211.577072 0 0 15.221128 83.897339 0 1457.87793 12.820513 0.2 0.0 0.0 0.2 0.2 0.0 0.2 0.2 15.4147462 0 736.5495290000001 0.9090909090909091 0.0 0.09090909090909091 0.8 0.0 0.0 0.0 0.0 0.0 0.0 0.2 0.7777777777777778 0.1111111111111111 0.1111111111111111 0.0 0.0 wangcheng 8Сʱ_mousemovements
157.85990536363636 2186.176025 0 388.771393 0 1712.048706 533.8349 0 323.8420463333333 462.90013228571434 67.918381 0 380.590088 870.3581220000001 0 156.238205 0.2 0.4666666666666667 0.06666666666666667 0.0 0.06666666666666667 0.13333333333333333 0.0 0.06666666666666667 167.8052595000001 231.5698835 388.771393 0.918918918918919 0.05405405405405406 0.02702702702702703 0.7333333333333333 0.06666666666666667 0.0 0.06666666666666667 0.0 0.06666666666666667 0.06666666666666667 0.0 0.6451612903225806 0.16129032258064516 0.12903225806451613 0.03225806451612903 0.03225806451612903 wangcheng 8Сʱ_mousemovements
91.55463878571425 0 0 0 0 0 0 0 45.74870366666667 147.71907 0 0 0 0 76.89476525 114.87011683333337 0.21428571428571427 0.07142857142857142 0.0 0.0 0.0 0.0 0.2857142857142857 0.42857142857142855 28.774688153846146 43.010754 116.541351 0.9512195121951219 0.024390243902439025 0.024390243902439025 1.0 0.0 0.0 0.0 0.0 0.0 0.0 0.0 0.6842105263157895 0.23684210526315788 0.02631578947368421 0.02631578947368421 0.02631578947368421 wangcheng 8Сʱ_mousemovements
65.31868275 0 0 0 0 489.281952 592.033691 0 22.447834 55.7244185 375.0952376666666 59.618996 48.635981 0 187.791763 0 0.1 0.2 0.3 0.1 0.2 0.0 0.1 0.0 51.996501166666675 0 43.97007 0.967741935483871 0.0 0.03225806451612903 0.8 0.0 0.0 0.0 0.0 0.1 0.1 0.0 0.5925925925925926 0.2222222222222222 0.07407407407407407 0.07407407407407407 0.037037037037037035 wangcheng 8Сʱ_mousemovements
0 0 0 0 0 0 0 0 0 0 0 0 0 0 0 0 0 0 0 0 0 0 0 0 0 0 0 0 0 0 0 0 0 0 0 0 0 0 0 0 0 0 0 wangcheng 8Сʱ_mousemovements
0 0 0 0 0 0 0 0 0 0 0 0 0 0 0 0 0 0 0 0 0 0 0 0 0 0 0 0 0 0 0 0 0 0 0 0 0 0 0 0 0 0 0 wangcheng 8Сʱ_mousemovements
7.142857 0 0 0 0 0 0 0 0 0 0 0 7.142857 0 0 0 0.0 0.0 0.0 0.0 1.0 0.0 0.0 0.0 0.0 0 7.142857 0.8 0.0 0.2 1.0 0.0 0.0 0.0 0.0 0.0 0.0 0.0 1.0 0.0 0.0 0.0 0.0 wangcheng 8Сʱ_mousemovements
84.46772659999999 0 0 0 1185.156128 0 397.966125 0 631.0021859999999 32.258064 66.069542 5.316592 319.906158 0 0 0 0.2857142857142857 0.14285714285714285 0.14285714285714285 0.14285714285714285 0.2857142857142857 0.0 0.0 0.0 100.0072147 0.0 5.316592 0.9090909090909091 0.045454545454545456 0.045454545454545456 0.7142857142857143 0.0 0.0 0.0 0.14285714285714285 0.0 0.14285714285714285 0.0 0.7368421052631579 0.21052631578947367 0.0 0.05263157894736842 0.0 wangcheng 8Сʱ_mousemovements
109.38125683333332 593.87262 270.965668 0 0 0 0 0 15.044826 62.5 432.419144 0 0 18.814348 462.236786 48.84579049999999 0.125 0.125 0.25 0.0 0.0 0.125 0.125 0.25 51.80384417241379 0 18.814348 0.9666666666666667 0.0 0.03333333333333333 0.75 0.125 0.125 0.0 0.0 0.0 0.0 0.0 0.7142857142857143 0.14285714285714285 0.07142857142857142 0.07142857142857142 0.0 wangcheng 8Сʱ_mousemovements
157.28983300000002 0 0 0 0 0 0 0 157.28983300000002 0 0 0 0 0 0 0 1.0 0.0 0.0 0.0 0.0 0.0 0.0 0.0 39.322458250000004 0 0 1.0 0.0 0.0 1.0 0.0 0.0 0.0 0.0 0.0 0.0 0.0 1.0 0.0 0.0 0.0 0.0 wangcheng 8Сʱ_mousemovements
0 0 0 0 0 0 0 0 0 0 0 0 0 0 0 0 0 0 0 0 0 0 0 0 0 0 0 0 0 0 0 0 0 0 0 0 0 0 0 0 0 0 0 wangcheng 8Сʱ_mousemovements
0 0 0 0 0 0 0 0 0 0 0 0 0 0 0 0 0 0 0 0 0 0 0 0 0 0 0 0 0 0 0 0 0 0 0 0 0 0 0 0 0 0 0 wangcheng 8Сʱ_mousemovements
0 0 0 0 0 0 0 0 0 0 0 0 0 0 0 0 0 0 0 0 0 0 0 0 0 0 0 0 0 0 0 0 0 0 0 0 0 0 0 0 0 0 0 wangcheng 8Сʱ_mousemovements
0 0 0 0 0 0 0 0 0 0 0 0 0 0 0 0 0 0 0 0 0 0 0 0 0 0 0 0 0 0 0 0 0 0 0 0 0 0 0 0 0 0 0 wangcheng 8Сʱ_mousemovements
0 0 0 0 0 0 0 0 0 0 0 0 0 0 0 0 0 0 0 0 0 0 0 0 0 0 0 0 0 0 0 0 0 0 0 0 0 0 0 0 0 0 0 wangcheng 8Сʱ_mousemovements
0 0 0 0 0 0 0 0 0 0 0 0 0 0 0 0 0 0 0 0 0 0 0 0 0 0 0 0 0 0 0 0 0 0 0 0 0 0 0 0 0 0 0 wangcheng 8Сʱ_mousemovements
0 0 0 0 0 0 0 0 0 0 0 0 0 0 0 0 0 0 0 0 0 0 0 0 0 0 0 0 0 0 0 0 0 0 0 0 0 0 0 0 0 0 0 wangcheng 8Сʱ_mousemovements
0 0 0 0 0 0 0 0 0 0 0 0 0 0 0 0 0 0 0 0 0 0 0 0 0 0 0 0 0 0 0 0 0 0 0 0 0 0 0 0 0 0 0 wangcheng 8Сʱ_mousemovements
0 0 0 0 0 0 0 0 0 0 0 0 0 0 0 0 0 0 0 0 0 0 0 0 0 0 0 0 0 0 0 0 0 0 0 0 0 0 0 0 0 0 0 wangcheng 8Сʱ_mousemovements
0 0 0 0 0 0 0 0 0 0 0 0 0 0 0 0 0 0 0 0 0 0 0 0 0 0 0 0 0 0 0 0 0 0 0 0 0 0 0 0 0 0 0 wangcheng 8Сʱ_mousemovements
0 0 0 0 0 0 0 0 0 0 0 0 0 0 0 0 0 0 0 0 0 0 0 0 0 0 0 0 0 0 0 0 0 0 0 0 0 0 0 0 0 0 0 wangcheng 8Сʱ_mousemovements
0 0 0 0 0 0 0 0 0 0 0 0 0 0 0 0 0 0 0 0 0 0 0 0 0 0 0 0 0 0 0 0 0 0 0 0 0 0 0 0 0 0 0 wangcheng 8Сʱ_mousemovements
0 0 0 0 0 0 0 0 0 0 0 0 0 0 0 0 0 0 0 0 0 0 0 0 0 0 0 0 0 0 0 0 0 0 0 0 0 0 0 0 0 0 0 wangcheng 8Сʱ_mousemovements
0 0 0 0 0 0 0 0 0 0 0 0 0 0 0 0 0 0 0 0 0 0 0 0 0 0 0 0 0 0 0 0 0 0 0 0 0 0 0 0 0 0 0 wangcheng 8Сʱ_mousemovements
0 0 0 0 0 0 0 0 0 0 0 0 0 0 0 0 0 0 0 0 0 0 0 0 0 0 0 0 0 0 0 0 0 0 0 0 0 0 0 0 0 0 0 wangcheng 8Сʱ_mousemovements
0 0 0 0 0 0 0 0 0 0 0 0 0 0 0 0 0 0 0 0 0 0 0 0 0 0 0 0 0 0 0 0 0 0 0 0 0 0 0 0 0 0 0 wangcheng 8Сʱ_mousemovements
0 0 0 0 0 0 0 0 0 0 0 0 0 0 0 0 0 0 0 0 0 0 0 0 0 0 0 0 0 0 0 0 0 0 0 0 0 0 0 0 0 0 0 wangcheng 8Сʱ_mousemovements
0 0 0 0 0 0 0 0 0 0 0 0 0 0 0 0 0 0 0 0 0 0 0 0 0 0 0 0 0 0 0 0 0 0 0 0 0 0 0 0 0 0 0 wangcheng 8Сʱ_mousemovements
0 0 0 0 0 0 0 0 0 0 0 0 0 0 0 0 0 0 0 0 0 0 0 0 0 0 0 0 0 0 0 0 0 0 0 0 0 0 0 0 0 0 0 wangcheng 8Сʱ_mousemovements
179.804947 0 0 0 0 0 0 0 0 0 0 179.804947 0 0 0 0 0.0 0.0 0.0 1.0 0.0 0.0 0.0 0.0 0.0 0 179.804947 0.8 0.0 0.2 1.0 0.0 0.0 0.0 0.0 0.0 0.0 0.0 0.8 0.2 0.0 0.0 0.0 wangcheng 8Сʱ_mousemovements
112.64675618181818 0 590.931824 692.512451 875.163147 435.34726 0 824.4696655 0 461.6954706666667 0 320.25060099999996 98.145115 473.90299600000003 373.4005521666666 35.960591 0.0 0.17647058823529413 0.0 0.11764705882352941 0.11764705882352941 0.11764705882352941 0.35294117647058826 0.11764705882352941 68.1961752075472 0 311.2685075 0.8983050847457628 0.0 0.1016949152542373 0.6470588235294118 0.0 0.058823529411764705 0.058823529411764705 0.058823529411764705 0.058823529411764705 0.0 0.11764705882352941 0.7636363636363637 0.10909090909090909 0.09090909090909091 0.01818181818181818 0.01818181818181818 wangcheng 8Сʱ_mousemovements
95.15041333333333 0 0 0 0 0 0 0 0 0 0 0 81.455894 0 62.5 141.495346 0.0 0.0 0.0 0.0 0.3333333333333333 0.0 0.3333333333333333 0.3333333333333333 13.59291619047619 0 0.0 0.9545454545454546 0.0 0.045454545454545456 1.0 0.0 0.0 0.0 0.0 0.0 0.0 0.0 0.8333333333333334 0.05555555555555555 0.05555555555555555 0.0 0.05555555555555555 wangcheng 8Сʱ_mousemovements
107.2566755 0 0 0 560.607849 0 0 0 0 0 0 105.560028 0 0 108.953323 560.607849 0.0 0.0 0.0 0.3333333333333333 0.0 0.0 0.3333333333333333 0.3333333333333333 8.796669 0 334.78058599999997 0.8571428571428571 0.0 0.14285714285714285 0.6666666666666666 0.0 0.0 0.0 0.3333333333333333 0.0 0.0 0.0 0.75 0.16666666666666666 0.0 0.0 0.08333333333333333 wangcheng 8Сʱ_mousemovements
83.4402897857143 205.25565600000002 363.96182075 0 0 580.028931 525.303497 0 232.146301 160.52078042857147 168.905426 68.551704 260.04474 269.5178148333333 91.239586 197.171161 0.041666666666666664 0.2916666666666667 0.041666666666666664 0.041666666666666664 0.125 0.25 0.041666666666666664 0.16666666666666666 48.83486337878789 52.0424615 220.46118957142858 0.88 0.02666666666666667 0.09333333333333334 0.5833333333333334 0.125 0.16666666666666666 0.0 0.0 0.041666666666666664 0.08333333333333333 0.0 0.7101449275362319 0.08695652173913043 0.08695652173913043 0.057971014492753624 0.057971014492753624 wangcheng 8Сʱ_mousemovements
147.25323857142857 232.547989 246.836151 415.542877 0 1448.3816733333333 1003.748169 2581.331055 590.3779508571428 1322.000295 0 0 201.40185066666666 461.87327566666664 0 0 0.4375 0.1875 0.0 0.0 0.1875 0.1875 0.0 0.0 130.2189286666666 0 118.78484266666669 0.9230769230769231 0.0 0.07692307692307693 0.4375 0.125 0.0625 0.0625 0.0 0.1875 0.0625 0.0625 0.6527777777777778 0.16666666666666666 0.1111111111111111 0.041666666666666664 0.027777777777777776 wangcheng 8Сʱ_mousemovements
120.11848677777776 446.63102419999996 191.16777 0 971.312622 545.861328 0 0 294.555166 262.02774900000003 403.8175505 50.570053 302.8298706666667 87.84679 195.9442994 397.6370906666666 0.07692307692307693 0.15384615384615385 0.07692307692307693 0.038461538461538464 0.11538461538461539 0.23076923076923078 0.19230769230769232 0.11538461538461539 67.08242110256411 104.75819649999998 94.5263377142857 0.896551724137931 0.022988505747126436 0.08045977011494253 0.6923076923076923 0.19230769230769232 0.038461538461538464 0.0 0.038461538461538464 0.038461538461538464 0.0 0.0 0.6666666666666666 0.21794871794871795 0.07692307692307693 0.02564102564102564 0.01282051282051282 wangcheng 8Сʱ_mousemovements
94.280907 420.15451 839.290161 0 0 0 0 0 0 420.15451 0 0 839.290161 94.280907 0 0 0.0 0.3333333333333333 0.0 0.0 0.3333333333333333 0.3333333333333333 0.0 0.0 135.37255779999998 0 0 1.0 0.0 0.0 0.3333333333333333 0.3333333333333333 0.3333333333333333 0.0 0.0 0.0 0.0 0.0 0.2857142857142857 0.5714285714285714 0.14285714285714285 0.0 0.0 wangcheng 8Сʱ_mousemovements
154.347742 166.680405 380.821625 0 0 3007.03125 2842.1347654999995 0 180.550644 2431.078293 166.680405 0 0 1202.93457 1124.907547 69.148933 0.1111111111111111 0.2222222222222222 0.1111111111111111 0.0 0.0 0.1111111111111111 0.3333333333333333 0.1111111111111111 341.8574954399999 0 654.8781965000001 0.9259259259259259 0.0 0.07407407407407407 0.4444444444444444 0.1111111111111111 0.1111111111111111 0.0 0.0 0.1111111111111111 0.2222222222222222 0.0 0.64 0.12 0.16 0.08 0.0 wangcheng 8Сʱ_mousemovements
96.108776 264.506927 0 0 509.288025 0 864.033813 0 0 53.914833 386.897476 0 0 111.190504 261.0336256 21.276596 0.0 0.07692307692307693 0.15384615384615385 0.0 0.0 0.3076923076923077 0.38461538461538464 0.07692307692307693 31.66702308108108 0 475.745557 0.925 0.0 0.075 0.7692307692307693 0.07692307692307693 0.0 0.0 0.07692307692307693 0.0 0.07692307692307693 0.0 0.4444444444444444 0.3333333333333333 0.1111111111111111 0.05555555555555555 0.05555555555555555 wangcheng 8Сʱ_mousemovements
127.34781466666668 130.1353 178.744904 0 0 0 1265.765625 0 0 0 697.9504625 0 178.744904 0 169.5656815 42.912081 0.0 0.0 0.2222222222222222 0.0 0.1111111111111111 0.0 0.4444444444444444 0.2222222222222222 46.01244618749999 0 43.378433333333334 0.9411764705882353 0.0 0.058823529411764705 0.6666666666666666 0.1111111111111111 0.1111111111111111 0.0 0.0 0.0 0.1111111111111111 0.0 0.4090909090909091 0.22727272727272727 0.25 0.045454545454545456 0.06818181818181818 wangcheng 8Сʱ_mousemovements
163.42006685714287 868.1177876666667 0 0 0 0 1630.0466920000001 1652.959106 259.891785 280.6711476666667 1059.603882 0 209.302322 2200.489502 1010.012493 24.9977075 0.07692307692307693 0.23076923076923078 0.07692307692307693 0.0 0.07692307692307693 0.07692307692307693 0.3076923076923077 0.15384615384615385 147.88026387272728 0 175.97726933333334 0.9482758620689655 0.0 0.05172413793103448 0.5384615384615384 0.23076923076923078 0.0 0.0 0.0 0.0 0.15384615384615385 0.07692307692307693 0.42 0.32 0.1 0.14 0.02 wangcheng 8Сʱ_mousemovements
339.2392045 0 314.086426 0 0 0 0 0 314.086426 0 0 0 0 0 339.2392045 0 0.3333333333333333 0.0 0.0 0.0 0.0 0.0 0.6666666666666666 0.0 55.14249083333334 0 0 1.0 0.0 0.0 0.6666666666666666 0.0 0.3333333333333333 0.0 0.0 0.0 0.0 0.0 0.5 0.16666666666666666 0.08333333333333333 0.16666666666666666 0.08333333333333333 wangcheng 8Сʱ_mousemovements
68.0553514 0 0 0 0 0 0 0 0 1.095875 0 168.358368 33.75033 103.321854 0 0 0.0 0.2 0.0 0.2 0.4 0.2 0.0 0.0 17.232754000000003 0 23.659969500000003 0.8947368421052632 0.0 0.10526315789473684 1.0 0.0 0.0 0.0 0.0 0.0 0.0 0.0 0.375 0.3125 0.125 0.1875 0.0 wangcheng 8Сʱ_mousemovements
73.78895299999999 0 379.473114 0 0 0 0 0 0 0 0 408.743774 64.32863940000001 59.566062 350.202454 111.662628 0.0 0.0 0.0 0.09090909090909091 0.45454545454545453 0.18181818181818182 0.09090909090909091 0.18181818181818182 35.5235815 0 2.103545 0.975609756097561 0.0 0.024390243902439025 0.8181818181818182 0.0 0.18181818181818182 0.0 0.0 0.0 0.0 0.0 0.5 0.2647058823529412 0.058823529411764705 0.11764705882352941 0.058823529411764705 wangcheng 8Сʱ_mousemovements
146.55325833333333 0 237.207352 0 0 0 0 0 0 0 237.207352 0 76.92308 0 249.365906 113.370789 0.0 0.0 0.25 0.0 0.25 0.0 0.25 0.25 30.766687590909086 0 0 1.0 0.0 0.0 0.75 0.0 0.25 0.0 0.0 0.0 0.0 0.0 0.5882352941176471 0.11764705882352941 0.11764705882352941 0.11764705882352941 0.058823529411764705 wangcheng 8Сʱ_mousemovements
65.66226366666666 178.390671 0 0 0 443.186066 755.495422 0 59.963142 106.38298 0 443.186066 0 0 393.0680454999999 178.390671 0.16666666666666666 0.16666666666666666 0.0 0.16666666666666666 0.0 0.0 0.3333333333333333 0.16666666666666666 48.75098607142858 0 104.51567 0.9333333333333333 0.0 0.06666666666666667 0.5 0.16666666666666666 0.0 0.0 0.0 0.16666666666666666 0.16666666666666666 0.0 0.52 0.16 0.04 0.16 0.12 wangcheng 8Сʱ_mousemovements
0 0 0 0 0 0 0 0 0 0 0 0 0 0 0 0 0 0 0 0 0 0 0 0 0 0 0 0 0 0 0 0 0 0 0 0 0 0 0 0 0 0 0 wangcheng 8Сʱ_mousemovements
0 0 0 0 0 0 0 0 0 0 0 0 0 0 0 0 0 0 0 0 0 0 0 0 0 0 0 0 0 0 0 0 0 0 0 0 0 0 0 0 0 0 0 wangcheng 8Сʱ_mousemovements
0 0 0 0 0 0 0 0 0 0 0 0 0 0 0 0 0 0 0 0 0 0 0 0 0 0 0 0 0 0 0 0 0 0 0 0 0 0 0 0 0 0 0 wangcheng 8Сʱ_mousemovements
0 0 0 0 0 0 0 0 0 0 0 0 0 0 0 0 0 0 0 0 0 0 0 0 0 0 0 0 0 0 0 0 0 0 0 0 0 0 0 0 0 0 0 wangcheng 8Сʱ_mousemovements
0 0 0 0 0 0 0 0 0 0 0 0 0 0 0 0 0 0 0 0 0 0 0 0 0 0 0 0 0 0 0 0 0 0 0 0 0 0 0 0 0 0 0 wangcheng 8Сʱ_mousemovements
0 0 0 0 0 0 0 0 0 0 0 0 0 0 0 0 0 0 0 0 0 0 0 0 0 0 0 0 0 0 0 0 0 0 0 0 0 0 0 0 0 0 0 wangcheng 8Сʱ_mousemovements
0 0 0 0 0 0 0 0 0 0 0 0 0 0 0 0 0 0 0 0 0 0 0 0 0 0 0 0 0 0 0 0 0 0 0 0 0 0 0 0 0 0 0 wangcheng 8Сʱ_mousemovements
0 0 0 0 0 0 0 0 0 0 0 0 0 0 0 0 0 0 0 0 0 0 0 0 0 0 0 0 0 0 0 0 0 0 0 0 0 0 0 0 0 0 0 wangcheng 8Сʱ_mousemovements
0 0 0 0 0 0 0 0 0 0 0 0 0 0 0 0 0 0 0 0 0 0 0 0 0 0 0 0 0 0 0 0 0 0 0 0 0 0 0 0 0 0 0 wangcheng 8Сʱ_mousemovements
143.6646225 118.980957 0 0 0 0 0 0 0 76.8621885 508.176483 6.097561 0 0 0 25.641026 0.0 0.4 0.2 0.2 0.0 0.0 0.0 0.2 40.799904125 0 20.4204905 0.8888888888888888 0.0 0.1111111111111111 0.8 0.2 0.0 0.0 0.0 0.0 0.0 0.0 0.6470588235294118 0.23529411764705882 0.0 0.058823529411764705 0.058823529411764705 wangcheng 8Сʱ_mousemovements
0 0 0 0 0 0 0 0 0 0 0 0 0 0 0 0 0 0 0 0 0 0 0 0 0 0 0 0 0 0 0 0 0 0 0 0 0 0 0 0 0 0 0 wangcheng 8Сʱ_mousemovements
94.07443649999999 0 0 331.917694 0 0 633.564026 940.4653625000001 0 1226.12439 654.806335 0 633.564026 0 86.02121 217.02267849999998 0.0 0.16666666666666666 0.16666666666666666 0.0 0.16666666666666666 0.0 0.16666666666666666 0.3333333333333333 65.60727999999999 0 430.6039295 0.8333333333333334 0.0 0.16666666666666666 0.3333333333333333 0.0 0.0 0.16666666666666666 0.0 0.0 0.16666666666666666 0.3333333333333333 0.75 0.15 0.05 0.05 0.0 wangcheng 8Сʱ_mousemovements
0 0 0 0 0 0 0 0 0 0 0 0 0 0 0 0 0 0 0 0 0 0 0 0 0 0 0 0 0 0 0 0 0 0 0 0 0 0 0 0 0 0 0 wangcheng 8Сʱ_mousemovements
0 0 0 0 0 0 0 0 0 0 0 0 0 0 0 0 0 0 0 0 0 0 0 0 0 0 0 0 0 0 0 0 0 0 0 0 0 0 0 0 0 0 0 wangcheng 8Сʱ_mousemovements
145.47000375 238.50025200000002 382.13307699999996 438.988777 527.463928 0 1149.604858 0 0 187.62464733333331 282.313049 838.534393 209.314888 471.4338075 292.19097400000004 0 0.0 0.23076923076923078 0.07692307692307693 0.15384615384615385 0.15384615384615385 0.15384615384615385 0.23076923076923078 0.0 70.90815085106382 0 237.94050000000001 0.8867924528301887 0.0 0.11320754716981132 0.3076923076923077 0.15384615384615385 0.23076923076923078 0.15384615384615385 0.07692307692307693 0.0 0.07692307692307693 0.0 0.574468085106383 0.1702127659574468 0.10638297872340426 0.10638297872340426 0.0425531914893617 wangcheng 8Сʱ_mousemovements
64.7510154 0 433.201904 833.6000366666667 0 1274.185669 936.460083 736.817749 0 173.47763166666667 1275.642578 936.460083 1086.8767699999999 0 416.062584 225.00205800000003 0.0 0.23076923076923078 0.07692307692307693 0.07692307692307693 0.15384615384615385 0.0 0.15384615384615385 0.3076923076923077 99.60058738095242 29.202251 606.49889375 0.8936170212765957 0.02127659574468085 0.0851063829787234 0.38461538461538464 0.0 0.15384615384615385 0.23076923076923078 0.0 0.07692307692307693 0.07692307692307693 0.07692307692307693 0.6666666666666666 0.08888888888888889 0.15555555555555556 0.044444444444444446 0.044444444444444446 wangcheng 8Сʱ_mousemovements
89.57378116666666 152.212921 273.327759 0 2590.0445555 641.355957 0 0 273.327759 0 152.212921 605.864868 196.712952 0 818.2741289999999 682.15625 0.08333333333333333 0.0 0.08333333333333333 0.16666666666666666 0.08333333333333333 0.0 0.5 0.08333333333333333 136.3790215 0 419.35660299999995 0.8571428571428571 0.0 0.14285714285714285 0.5 0.08333333333333333 0.08333333333333333 0.0 0.16666666666666666 0.16666666666666666 0.0 0.0 0.6842105263157895 0.15789473684210525 0.0 0.07894736842105263 0.07894736842105263 wangcheng 8Сʱ_mousemovements
83.962905 277.37986 247.307449 823.4160563333335 398.44560249999995 0 0 0 463.152588 511.51035300000007 0 17.242149 186.964203 482.6016695 336.9301643333333 155.56861849999999 0.07692307692307693 0.23076923076923078 0.0 0.07692307692307693 0.07692307692307693 0.15384615384615385 0.23076923076923078 0.15384615384615385 108.45328422580646 0 225.3938514 0.8611111111111112 0.0 0.1388888888888889 0.38461538461538464 0.15384615384615385 0.07692307692307693 0.23076923076923078 0.15384615384615385 0.0 0.0 0.0 0.6470588235294118 0.11764705882352941 0.14705882352941177 0.029411764705882353 0.058823529411764705 wangcheng 8Сʱ_mousemovements
68.72918776923078 236.312927 457.308594 0 0 600.250183 0 0 278.366882 69.67494866666665 89.78612900000002 374.66069050000004 261.987629 0 80.70684566666667 32.258064 0.058823529411764705 0.35294117647058826 0.11764705882352941 0.11764705882352941 0.11764705882352941 0.0 0.17647058823529413 0.058823529411764705 17.46659282692308 10.638298 250.79382450000003 0.8813559322033898 0.01694915254237288 0.1016949152542373 0.7647058823529411 0.11764705882352941 0.058823529411764705 0.0 0.0 0.058823529411764705 0.0 0.0 0.6923076923076923 0.17307692307692307 0.09615384615384616 0.019230769230769232 0.019230769230769232 wangcheng 8Сʱ_mousemovements
81.90858019999999 0 0 0 0 726.81665 730.240356 0 75.294556 0 0 726.81665 65.466965 130.39069 8.0 730.240356 0.14285714285714285 0.0 0.0 0.14285714285714285 0.14285714285714285 0.2857142857142857 0.14285714285714285 0.14285714285714285 20.077145049999995 8.0 728.528503 0.8695652173913043 0.043478260869565216 0.08695652173913043 0.7142857142857143 0.0 0.0 0.0 0.0 0.14285714285714285 0.14285714285714285 0.0 0.631578947368421 0.21052631578947367 0.0 0.05263157894736842 0.10526315789473684 wangcheng 8Сʱ_mousemovements
67.51052533333335 425.883392 333.9063895714286 0 251.63147 247.939301 0 0 0 237.5879422 339.924286 0 284.627899 243.79273825 338.8338085 0 0.0 0.38461538461538464 0.07692307692307693 0.0 0.07692307692307693 0.3076923076923077 0.15384615384615385 0.0 95.70011696666668 0 198.1089856666667 0.9090909090909091 0.0 0.09090909090909091 0.23076923076923078 0.07692307692307693 0.5384615384615384 0.0 0.07692307692307693 0.07692307692307693 0.0 0.0 0.6551724137931034 0.10344827586206896 0.10344827586206896 0.10344827586206896 0.034482758620689655 wangcheng 8Сʱ_mousemovements
202.308457125 281.97222899999997 434.89025875 137.13887 386.609467 755.9642233333334 0 0 490.398407 470.4551254 329.961807 66.05453849999999 496.27323949999993 137.13887 381.47459899999996 157.1999395 0.10526315789473684 0.2631578947368421 0.10526315789473684 0.10526315789473684 0.10526315789473684 0.05263157894736842 0.15789473684210525 0.10526315789473684 72.71635816666667 0 273.4763597142857 0.9041095890410958 0.0 0.0958904109589041 0.42105263157894735 0.10526315789473684 0.21052631578947367 0.05263157894736842 0.05263157894736842 0.15789473684210525 0.0 0.0 0.6129032258064516 0.1774193548387097 0.16129032258064516 0.016129032258064516 0.03225806451612903 wangcheng 8Сʱ_mousemovements
186.21691100000004 0 0 0 0 750.661484 970.798279 0 0 32.258064 970.798279 277.648376 0 234.473068 416.1836395 527.8303679999999 0.0 0.125 0.125 0.125 0.0 0.125 0.25 0.25 51.162949973684206 0 729.5068515 0.95 0.0 0.05 0.625 0.0 0.0 0.0 0.0 0.25 0.125 0.0 0.7941176470588235 0.14705882352941177 0.029411764705882353 0.029411764705882353 0.0 wangcheng 8Сʱ_mousemovements
0 0 0 0 0 0 0 0 0 0 0 0 0 0 0 0 0 0 0 0 0 0 0 0 0 0 0 0 0 0 0 0 0 0 0 0 0 0 0 0 0 0 0 wangcheng 8Сʱ_mousemovements
0 0 0 0 0 0 0 0 0 0 0 0 0 0 0 0 0 0 0 0 0 0 0 0 0 0 0 0 0 0 0 0 0 0 0 0 0 0 0 0 0 0 0 wangcheng 8Сʱ_mousemovements
0 0 0 0 0 0 0 0 0 0 0 0 0 0 0 0 0 0 0 0 0 0 0 0 0.0 0 0 1.0 0.0 0.0 0 0 0 0 0 0 0 0 1.0 0.0 0.0 0.0 0.0 wangcheng 8Сʱ_mousemovements
0 0 0 0 0 0 0 0 0 0 0 0 0 0 0 0 0 0 0 0 0 0 0 0 0 0 0 0 0 0 0 0 0 0 0 0 0 0 0 0 0 0 0 wangcheng 8Сʱ_mousemovements
0 0 0 0 0 0 0 0 0 0 0 0 0 0 0 0 0 0 0 0 0 0 0 0 0 0 0 0 0 0 0 0 0 0 0 0 0 0 0 0 0 0 0 wangcheng 8Сʱ_mousemovements
40.799141399999996 0 0 0 570.3561095 697.000366 0 0 0 475.818359 34.2490845 697.000366 67.74876900000001 0 332.44693 0 0.0 0.125 0.25 0.125 0.25 0.0 0.25 0.0 8.054981249999999 0 462.0971855 0.8571428571428571 0.0 0.14285714285714285 0.625 0.0 0.0 0.0 0.25 0.125 0.0 0.0 0.76 0.12 0.0 0.12 0.0 wangcheng 8Сʱ_mousemovements
78.629032 251.814743 0 0 1636.123535 0 0 0 1636.123535 0 0 0 251.814743 0 78.629032 0 0.25 0.0 0.0 0.0 0.25 0.0 0.5 0.0 170.4330285 0 0 1.0 0.0 0.0 0.5 0.25 0.0 0.0 0.25 0.0 0.0 0.0 0.5555555555555556 0.1111111111111111 0.1111111111111111 0.2222222222222222 0.0 wangcheng 8Сʱ_mousemovements
156.58552669999997 189.87660099999997 287.0023803333333 0 1531.420776 592.4786225 0 602.538818 325.28395466666666 244.2927475 468.5942765 0 154.11909166666666 814.2100444999999 362.6793823333333 291.71639000000005 0.14285714285714285 0.09523809523809523 0.09523809523809523 0.0 0.2857142857142857 0.09523809523809523 0.14285714285714285 0.14285714285714285 72.97787514705885 0 391.0904716 0.9315068493150684 0.0 0.0684931506849315 0.47619047619047616 0.14285714285714285 0.14285714285714285 0.0 0.047619047619047616 0.09523809523809523 0.0 0.09523809523809523 0.59375 0.171875 0.09375 0.078125 0.0625 wangcheng 8Сʱ_mousemovements
199.98210471428573 449.635834 0 401.219086 743.899475 647.1865846666667 0 0 356.352539 270.16128549999996 749.85553 357.1725905 0 0 222.47752366666666 596.7676545 0.07692307692307693 0.15384615384615385 0.07692307692307693 0.3076923076923077 0.0 0.0 0.23076923076923078 0.15384615384615385 61.26325402564103 0 509.3843949999999 0.8863636363636364 0.0 0.11363636363636363 0.5384615384615384 0.07692307692307693 0.0 0.07692307692307693 0.07692307692307693 0.23076923076923078 0.0 0.0 0.725 0.1 0.05 0.1 0.025 wangcheng 8Сʱ_mousemovements
159.78792981818177 344.410431 1275.809448 821.5082500000002 704.914042 0 517.941284 0 0 424.3752326666667 0 417.584412 896.875366 763.5417021666667 68.865233 155.15743266666666 0.0 0.375 0.0 0.041666666666666664 0.08333333333333333 0.25 0.125 0.125 116.02218388059704 0 319.14037527272734 0.8589743589743589 0.0 0.14102564102564102 0.4583333333333333 0.08333333333333333 0.041666666666666664 0.25 0.125 0.0 0.041666666666666664 0.0 0.6133333333333333 0.2 0.12 0.04 0.02666666666666667 wangcheng 8Сʱ_mousemovements
105.97335144444446 0 410.628357 0 540.9664155 1113.566742 0 0 189.59079233333333 410.628357 0 235.30876350000003 772.932587 0 167.3187945 436.15814200000005 0.21428571428571427 0.07142857142857142 0.0 0.2857142857142857 0.14285714285714285 0.0 0.14285714285714285 0.14285714285714285 63.971472054054054 0 288.313796125 0.8222222222222222 0.0 0.17777777777777778 0.6428571428571429 0.0 0.07142857142857142 0.0 0.14285714285714285 0.14285714285714285 0.0 0.0 0.6585365853658537 0.0975609756097561 0.1951219512195122 0.04878048780487805 0.0 wangcheng 8Сʱ_mousemovements
0 0 0 0 0 0 0 0 0 0 0 0 0 0 0 0 0 0 0 0 0 0 0 0 0 0 0 0 0 0 0 0 0 0 0 0 0 0 0 0 0 0 0 wangcheng 8Сʱ_mousemovements
117.272414 0 0 502.849792 0 727.023743 0 0 0 290.2494275 0 0 38.86301 0 501.5027925 76.595741 0.0 0.3333333333333333 0.0 0.0 0.16666666666666666 0.0 0.3333333333333333 0.16666666666666666 38.93094077272727 38.86301 267.8731613333333 0.8461538461538461 0.038461538461538464 0.11538461538461539 0.6666666666666666 0.0 0.0 0.16666666666666666 0.0 0.16666666666666666 0.0 0.0 0.68 0.2 0.04 0.08 0.0 wangcheng 8Сʱ_mousemovements
145.90464025 0 463.963684 0 0 0 0 0 198.753189 0 0 173.21907 302.4946595 0 0 70.620667 0.2 0.0 0.0 0.2 0.4 0.0 0.0 0.2 25.649894699999997 0 267.2921755 0.9090909090909091 0.0 0.09090909090909091 0.8 0.0 0.2 0.0 0.0 0.0 0.0 0.0 0.7368421052631579 0.05263157894736842 0.21052631578947367 0.0 0.0 wangcheng 8Сʱ_mousemovements
0 0 0 0 0 0 0 0 0 0 0 0 0 0 0 0 0 0 0 0 0 0 0 0 0 0 0 0 0 0 0 0 0 0 0 0 0 0 0 0 0 0 0 wangcheng 8Сʱ_mousemovements
0 0 0 0 0 0 0 0 0 0 0 0 0 0 0 0 0 0 0 0 0 0 0 0 0 0 0 0 0 0 0 0 0 0 0 0 0 0 0 0 0 0 0 wangcheng 8Сʱ_mousemovements
0 0 0 0 0 0 0 0 0 0 0 0 0 0 0 0 0 0 0 0 0 0 0 0 0 0 0 0 0 0 0 0 0 0 0 0 0 0 0 0 0 0 0 wangcheng 8Сʱ_mousemovements
0 0 0 0 0 0 0 0 0 0 0 0 0 0 0 0 0 0 0 0 0 0 0 0 0 0 0 0 0 0 0 0 0 0 0 0 0 0 0 0 0 0 0 wangcheng 8Сʱ_mousemovements
41.118465 258.949707 0 406.376709 0 0 0 0 406.376709 51.27852066666666 258.949707 0 10.638298 0 0 0 0.16666666666666666 0.5 0.16666666666666666 0.0 0.16666666666666666 0.0 0.0 0.0 21.955791115384617 0 258.949707 0.9629629629629629 0.0 0.037037037037037035 0.6666666666666666 0.16666666666666666 0.0 0.16666666666666666 0.0 0.0 0.0 0.0 0.6666666666666666 0.20833333333333334 0.0 0.125 0.0 wangcheng 8Сʱ_mousemovements
74.9436045 688.574402 0 0 759.091736 0 821.023804 923.0867005 0 12.820513 0 790.05777 137.066696 688.574402 0 923.0867005 0.0 0.14285714285714285 0.0 0.2857142857142857 0.14285714285714285 0.14285714285714285 0.0 0.2857142857142857 82.481859 12.820513 691.81414425 0.782608695652174 0.043478260869565216 0.17391304347826086 0.2857142857142857 0.14285714285714285 0.0 0.0 0.14285714285714285 0.0 0.14285714285714285 0.2857142857142857 0.8 0.05 0.05 0.1 0.0 wangcheng 8Сʱ_mousemovements
0 0 0 0 0 0 0 0 0 0 0 0 0 0 0 0 0 0 0 0 0 0 0 0 0 0 0 0 0 0 0 0 0 0 0 0 0 0 0 0 0 0 0 wangcheng 8Сʱ_mousemovements
131.4515016 126.44664 0 528.105591 1073.05542 657.6521915 1560.235352 0 74.71580900000001 717.641541 800.5805055 426.97236649999996 240.905701 1560.235352 10.638298 126.44664 0.18181818181818182 0.09090909090909091 0.18181818181818182 0.18181818181818182 0.09090909090909091 0.09090909090909091 0.09090909090909091 0.09090909090909091 86.59337578947365 0 492.46415349999995 0.9047619047619048 0.0 0.09523809523809523 0.45454545454545453 0.09090909090909091 0.0 0.09090909090909091 0.09090909090909091 0.18181818181818182 0.09090909090909091 0.0 0.6578947368421053 0.15789473684210525 0.07894736842105263 0.02631578947368421 0.07894736842105263 wangcheng 8Сʱ_mousemovements
129.032257 0 0 0 0 586.461548 0 0 0 0 0 586.461548 0 129.032257 0 0 0.0 0.0 0.0 0.5 0.0 0.5 0.0 0.0 14.336917444444444 0 586.461548 0.9 0.0 0.1 0.5 0.0 0.0 0.0 0.0 0.5 0.0 0.0 0.875 0.0 0.0 0.0 0.125 wangcheng 8Сʱ_mousemovements
155.28173757142852 313.24607100000003 704.840444 744.4218289999999 551.279785 924.393677 0 0 679.243591 376.290039 21.156235 662.1858419999999 13.968196 0 464.66399839999997 338.55904633333336 0.0625 0.125 0.0625 0.1875 0.0625 0.0 0.3125 0.1875 86.54822494 10.638298 350.63617314285705 0.8620689655172413 0.017241379310344827 0.1206896551724138 0.4375 0.125 0.1875 0.125 0.0625 0.0625 0.0 0.0 0.5961538461538461 0.21153846153846154 0.07692307692307693 0.07692307692307693 0.038461538461538464 wangcheng 8Сʱ_mousemovements
0 0 0 0 674.182617 0 0 0 0 0 0 674.182617 0 0 0 0 0.0 0.0 0.0 1.0 0.0 0.0 0.0 0.0 0.0 0 674.182617 0.8333333333333334 0.0 0.16666666666666666 0.0 0.0 0.0 0.0 1.0 0.0 0.0 0.0 0.8 0.0 0.0 0.2 0.0 wangcheng 8Сʱ_mousemovements
156.59857933333333 0 0 248.774887 0 713.810425 0 818.92395 0 69.333336 266.926338 560.397705 115.384613 0 0 843.0735475 0.0 0.14285714285714285 0.2857142857142857 0.14285714285714285 0.14285714285714285 0.0 0.0 0.2857142857142857 20.425901652173913 0 623.82992175 0.8518518518518519 0.0 0.14814814814814814 0.42857142857142855 0.0 0.0 0.14285714285714285 0.0 0.2857142857142857 0.0 0.14285714285714285 0.625 0.16666666666666666 0.08333333333333333 0.041666666666666664 0.08333333333333333 wangcheng 8Сʱ_mousemovements
97.71958033333334 446.045349 524.387314 0 304.885559 367.873932 0 0 76.20474333333333 203.4521686666667 525.615906 304.885559 0 101.74506974999997 414.9441835 586.760193 0.2 0.2 0.06666666666666667 0.06666666666666667 0.0 0.26666666666666666 0.13333333333333333 0.06666666666666667 70.15180482051282 0 189.295163 0.9069767441860465 0.0 0.09302325581395349 0.6 0.13333333333333333 0.13333333333333333 0.0 0.06666666666666667 0.06666666666666667 0.0 0.0 0.5294117647058824 0.3235294117647059 0.14705882352941177 0.0 0.0 wangcheng 8Сʱ_mousemovements
159.95339187499997 322.491333 465.69808933333326 640.533203 548.7382660000001 0 0 0 463.093567 584.54657 389.683441 586.398621 162.10698100000002 13.656855 311.107727 263.15570825 0.06666666666666667 0.06666666666666667 0.13333333333333333 0.06666666666666667 0.13333333333333333 0.06666666666666667 0.2 0.26666666666666666 50.42573223913042 0 302.2048485 0.8518518518518519 0.0 0.14814814814814814 0.5333333333333333 0.06666666666666667 0.2 0.06666666666666667 0.13333333333333333 0.0 0.0 0.0 0.5961538461538461 0.23076923076923078 0.07692307692307693 0.038461538461538464 0.057692307692307696 wangcheng 8Сʱ_mousemovements
4.926108 0 0 0 0 695.6221315 0 0 0 0 0 756.770691 4.926108 0 0 634.473572 0.0 0.0 0.0 0.3333333333333333 0.3333333333333333 0.0 0.0 0.3333333333333333 0.0 4.926108 695.6221315 0.7692307692307693 0.07692307692307693 0.15384615384615385 0.3333333333333333 0.0 0.0 0.0 0.0 0.6666666666666666 0.0 0.0 0.5454545454545454 0.2727272727272727 0.0 0.09090909090909091 0.09090909090909091 wangcheng 8Сʱ_mousemovements
113.3897050454545 283.5648195 0 590.0199584999999 0 660.309753 772.018257 0 446.460052 333.4807828333333 222.556875 0 101.102507 385.22271271428565 251.72714659999997 182.67543174999997 0.03125 0.1875 0.15625 0.0 0.125 0.21875 0.15625 0.125 29.425349110091734 18.160711 337.921945375 0.8582677165354331 0.015748031496062992 0.12598425196850394 0.6875 0.0625 0.0 0.0625 0.0 0.0625 0.125 0.0 0.7073170731707317 0.14634146341463414 0.08130081300813008 0.056910569105691054 0.008130081300813009 wangcheng 8Сʱ_mousemovements
238.46764418181812 331.70655074999996 436.187714 0 1914.121826 1192.873413 0 796.2092693333334 560.421143 472.8410553333334 1192.873413 223.45069366666667 178.21574066666665 434.97321600000004 662.68457 1000.9041950000001 0.047619047619047616 0.14285714285714285 0.047619047619047616 0.14285714285714285 0.2857142857142857 0.14285714285714285 0.047619047619047616 0.14285714285714285 135.99722876190475 10.752688 260.64059 0.9130434782608695 0.014492753623188406 0.07246376811594203 0.5238095238095238 0.19047619047619047 0.047619047619047616 0.0 0.047619047619047616 0.047619047619047616 0.0 0.14285714285714285 0.7384615384615385 0.15384615384615385 0.06153846153846154 0.046153846153846156 0.0 wangcheng 8Сʱ_mousemovements
103.66139270000004 0 899.735916 487.89653 1563.075317 504.092468 0 0 325.07900433333333 9.174312 0 690.58489975 131.633636 28.355375 506.904083 245.08278650000003 0.375 0.0625 0.0 0.25 0.0625 0.0625 0.0625 0.125 132.5739981212121 12.109569 493.295176 0.868421052631579 0.05263157894736842 0.07894736842105263 0.625 0.0 0.125 0.125 0.0625 0.0625 0.0 0.0 0.6571428571428571 0.17142857142857143 0.08571428571428572 0.05714285714285714 0.02857142857142857 wangcheng 8Сʱ_mousemovements
326.61431633333336 0 324.470932 0 322.100708 949.730835 0 0 0 460.99292 280.3169123333334 0 316.760101 0 949.730835 332.181763 0.0 0.14285714285714285 0.42857142857142855 0.0 0.14285714285714285 0.0 0.14285714285714285 0.14285714285714285 56.60624595652174 0 532.8908996666665 0.8846153846153846 0.0 0.11538461538461539 0.42857142857142855 0.0 0.2857142857142857 0.0 0.14285714285714285 0.14285714285714285 0.0 0.0 0.6086956521739131 0.2608695652173913 0.043478260869565216 0.043478260869565216 0.043478260869565216 wangcheng 8Сʱ_mousemovements
174.66354875000002 401.367249 0 0 1134.791016 728.38501 408.153259 0 0 240.83297500000003 408.153259 0 0 300.086838 576.486417 728.38501 0.0 0.25 0.125 0.0 0.0 0.25 0.25 0.125 151.05019762500004 13.678065 463.5957185 0.8 0.1 0.1 0.5 0.125 0.0 0.0 0.125 0.125 0.125 0.0 0.631578947368421 0.15789473684210525 0.15789473684210525 0.05263157894736842 0.0 wangcheng 8Сʱ_mousemovements
0 0 0 0 0 0 0 0 0 0 0 0 0 0 0 0 0 0 0 0 0 0 0 0 0 0 0 0 0 0 0 0 0 0 0 0 0 0 0 0 0 0 0 wangcheng 8Сʱ_mousemovements
0 0 0 0 0 0 0 0 0 0 0 0 0 0 0 0 0 0 0 0 0 0 0 0 0 0 0 0 0 0 0 0 0 0 0 0 0 0 0 0 0 0 0 wangcheng 8Сʱ_mousemovements
0 0 0 0 0 0 0 0 0 0 0 0 0 0 0 0 0 0 0 0 0 0 0 0 0 0 0 0 0 0 0 0 0 0 0 0 0 0 0 0 0 0 0 wangcheng 8Сʱ_mousemovements
0 0 0 0 0 0 0 0 0 0 0 0 0 0 0 0 0 0 0 0 0 0 0 0 0 0 0 0 0 0 0 0 0 0 0 0 0 0 0 0 0 0 0 wangcheng 8Сʱ_mousemovements
0 0 0 0 0 0 0 0 0 0 0 0 0 0 0 0 0 0 0 0 0 0 0 0 0 0 0 0 0 0 0 0 0 0 0 0 0 0 0 0 0 0 0 wangcheng 8Сʱ_mousemovements
0 0 0 0 0 0 0 0 0 0 0 0 0 0 0 0 0 0 0 0 0 0 0 0 0 0 0 0 0 0 0 0 0 0 0 0 0 0 0 0 0 0 0 wangcheng 8Сʱ_mousemovements
0 0 0 0 0 0 0 0 0 0 0 0 0 0 0 0 0 0 0 0 0 0 0 0 0 0 0 0 0 0 0 0 0 0 0 0 0 0 0 0 0 0 0 wangcheng 8Сʱ_mousemovements
0 0 0 0 0 0 0 0 0 0 0 0 0 0 0 0 0 0 0 0 0 0 0 0 0 0 0 0 0 0 0 0 0 0 0 0 0 0 0 0 0 0 0 wangcheng 8Сʱ_mousemovements
0 0 0 0 0 0 0 0 0 0 0 0 0 0 0 0 0 0 0 0 0 0 0 0 0 0 0 0 0 0 0 0 0 0 0 0 0 0 0 0 0 0 0 wangcheng 8Сʱ_mousemovements
0 0 0 0 0 0 0 0 0 0 0 0 0 0 0 0 0 0 0 0 0 0 0 0 0 0 0 0 0 0 0 0 0 0 0 0 0 0 0 0 0 0 0 wangcheng 8Сʱ_mousemovements
