79.17631114285714 360.055613 585.8241576666667 0 0 0 0 0 189.19008675 177.49495433333334 0 0 386.475975 278.36219 0 0 0.3076923076923077 0.23076923076923078 0.0 0.0 0.3076923076923077 0.15384615384615385 0.0 0.0 73.32450283720931 0 79.639956 0.9347826086956522 0.0 0.06521739130434782 0.5384615384615384 0.23076923076923078 0.23076923076923078 0.0 0.0 0.0 0.0 0.0 0.6428571428571429 0.21428571428571427 0.09523809523809523 0.047619047619047616 0.0 wangcheng 1Сʱ_mousemovements
0 0 0 0 0 0 0 0 0 0 0 0 0 0 0 0 0 0 0 0 0 0 0 0 0 0 0 0 0 0 0 0 0 0 0 0 0 0 0 0 0 0 0 wangcheng 1Сʱ_mousemovements
0 0 0 0 0 0 0 0 0 0 0 0 0 0 0 0 0 0 0 0 0 0 0 0 0 0 0 0 0 0 0 0 0 0 0 0 0 0 0 0 0 0 0 wangcheng 1Сʱ_mousemovements
0 0 0 0 0 0 0 0 0 0 0 0 0 0 0 0 0 0 0 0 0 0 0 0 0 0 0 0 0 0 0 0 0 0 0 0 0 0 0 0 0 0 0 wangcheng 1Сʱ_mousemovements
110.83091925000002 332.937683 894.9669899999999 919.384583 408.131866 945.936096 1219.661499 0 265.329399 1219.661499 691.4766996666667 0 736.6210940000001 0 316.2899844 172.71918166666669 0.125 0.0625 0.1875 0.0 0.125 0.0 0.3125 0.1875 146.98713495555552 12.820513 154.07169300000004 0.8823529411764706 0.0196078431372549 0.09803921568627451 0.5 0.0625 0.1875 0.0625 0.0625 0.0625 0.0625 0.0 0.5918367346938775 0.22448979591836735 0.14285714285714285 0.04081632653061224 0.0 wangcheng 1Сʱ_mousemovements
196.1977132 0 0 0 717.228882 0 0 0 717.228882 208.238983 0 0 134.86958133333334 368.140839 0 0 0.16666666666666666 0.16666666666666666 0.0 0.0 0.5 0.16666666666666666 0.0 0.0 121.30124628571431 0 0 1.0 0.0 0.0 0.8333333333333334 0.0 0.0 0.0 0.16666666666666666 0.0 0.0 0.0 0.6363636363636364 0.18181818181818182 0.0 0.18181818181818182 0.0 wangcheng 1Сʱ_mousemovements
127.8034515 0 419.133484 0 0 0 0 0 73.02323899999999 189.452118 0 0 419.133484 0 225.806458 132.492416 0.42857142857142855 0.14285714285714285 0.0 0.0 0.14285714285714285 0.0 0.14285714285714285 0.14285714285714285 42.06429423529411 0 235.4305955 0.8947368421052632 0.0 0.10526315789473684 0.8571428571428571 0.0 0.14285714285714285 0.0 0.0 0.0 0.0 0.0 0.6875 0.125 0.0625 0.125 0.0 wangcheng 1Сʱ_mousemovements
0 0 0 0 0 0 0 0 0 0 0 0 0 0 0 0 0 0 0 0 0 0 0 0 0 0 0 0 0 0 0 0 0 0 0 0 0 0 0 0 0 0 0 wangcheng 1Сʱ_mousemovements
0 0 0 0 0 0 0 0 0 0 0 0 0 0 0 0 0 0 0 0 0 0 0 0 0 0 0 0 0 0 0 0 0 0 0 0 0 0 0 0 0 0 0 wangcheng 1Сʱ_mousemovements
0 0 0 0 0 0 0 0 0 0 0 0 0 0 0 0 0 0 0 0 0 0 0 0 0 0 0 0 0 0 0 0 0 0 0 0 0 0 0 0 0 0 0 wangcheng 1Сʱ_mousemovements
0 0 0 0 0 0 0 0 0 0 0 0 0 0 0 0 0 0 0 0 0 0 0 0 0 0 0 0 0 0 0 0 0 0 0 0 0 0 0 0 0 0 0 wangcheng 1Сʱ_mousemovements
463.6773376666667 0 0 0 0 0 0 0 0 0 0 0 1013.769043 199.064392 178.198578 0 0.0 0.0 0.0 0.0 0.3333333333333333 0.3333333333333333 0.3333333333333333 0.0 107.00246253846154 0 0 1.0 0.0 0.0 1.0 0.0 0.0 0.0 0.0 0.0 0.0 0.0 0.8888888888888888 0.1111111111111111 0.0 0.0 0.0 wangcheng 1Сʱ_mousemovements
0 0 0 0 0 0 0 0 0 0 0 0 0 0 0 0 0 0 0 0 0 0 0 0 0 0 0 0 0 0 0 0 0 0 0 0 0 0 0 0 0 0 0 wangcheng 1Сʱ_mousemovements
263.299286 0 340.887573 0 592.227417 0 0 0 263.299286 0 0 0 0 0 592.227417 340.887573 0.3333333333333333 0.0 0.0 0.0 0.0 0.0 0.3333333333333333 0.3333333333333333 142.58778383333333 0 340.887573 0.8571428571428571 0.0 0.14285714285714285 0.3333333333333333 0.0 0.3333333333333333 0.0 0.3333333333333333 0.0 0.0 0.0 0.42857142857142855 0.2857142857142857 0.0 0.2857142857142857 0.0 wangcheng 1Сʱ_mousemovements
121.52537457142857 0 570.7385485 533.2628629999999 0 0 2040.264038 0 232.48405699999998 487.627594 873.4134635 103.390961 237.65383975 0 507.681641 0 0.21428571428571427 0.07142857142857142 0.2857142857142857 0.07142857142857142 0.2857142857142857 0.0 0.07142857142857142 0.0 43.01947242222222 10.752688 715.6321055 0.8653846153846154 0.019230769230769232 0.11538461538461539 0.5 0.0 0.2857142857142857 0.14285714285714285 0.0 0.0 0.07142857142857142 0.0 0.6666666666666666 0.14583333333333334 0.10416666666666667 0.0625 0.020833333333333332 wangcheng 1Сʱ_mousemovements
121.35708192307685 0 1074.259888 638.6669925000001 0 0 0 0 38.832783 248.1056923333333 443.7122496666666 0 57.538197 369.85209666666674 129.57096840000003 0 0.0625 0.1875 0.1875 0.0 0.0625 0.1875 0.3125 0.0 80.49081974358974 75.143623 127.9613444 0.8478260869565217 0.043478260869565216 0.10869565217391304 0.8125 0.0 0.0625 0.125 0.0 0.0 0.0 0.0 0.7333333333333333 0.2 0.022222222222222223 0.022222222222222223 0.022222222222222223 wangcheng 1Сʱ_mousemovements
53.7203995 631.0581055 478.47900400000003 715.3588460000001 0 0 911.814575 775.471619 140.453796 297.56473675 679.96971125 0 37.799992 425.661621 379.32770919999996 71.5084 0.058823529411764705 0.23529411764705882 0.23529411764705882 0.0 0.058823529411764705 0.058823529411764705 0.29411764705882354 0.058823529411764705 67.63316033333332 21.714285 521.0791446000001 0.9047619047619048 0.015873015873015872 0.07936507936507936 0.47058823529411764 0.11764705882352941 0.11764705882352941 0.17647058823529413 0.0 0.0 0.058823529411764705 0.058823529411764705 0.5087719298245614 0.2807017543859649 0.10526315789473684 0.07017543859649122 0.03508771929824561 wangcheng 1Сʱ_mousemovements
54.750065 0 0 0 0 0 0 0 0 54.750065 0 0 0 0 0 0 0.0 1.0 0.0 0.0 0.0 0.0 0.0 0.0 7.821437857142857 0 0 1.0 0.0 0.0 1.0 0.0 0.0 0.0 0.0 0.0 0.0 0.0 0.6 0.4 0.0 0.0 0.0 wangcheng 1Сʱ_mousemovements
8.0 0 0 842.579163 0 0 0 0 0 8.0 842.579163 0 0 0 0 0 0.0 0.5 0.5 0.0 0.0 0.0 0.0 0.0 70.21493025 8.0 0 0.9230769230769231 0.07692307692307693 0.0 0.5 0.0 0.0 0.5 0.0 0.0 0.0 0.0 0.7272727272727273 0.18181818181818182 0.09090909090909091 0.0 0.0 wangcheng 1Сʱ_mousemovements
76.8365066 431.777344 0 1053.481079 1116.455322 0 0 0 431.777344 0 0 1053.481079 76.8365066 0 0 1116.455322 0.125 0.0 0.0 0.125 0.625 0.0 0.0 0.125 116.09631518181817 0 431.777344 0.9565217391304348 0.0 0.043478260869565216 0.625 0.125 0.0 0.125 0.125 0.0 0.0 0.0 0.55 0.2 0.1 0.1 0.05 wangcheng 1Сʱ_mousemovements
81.73666162500001 0 0 0 1160.056641 1314.153778 1368.731812 703.2263485000001 799.6838288000001 44.977139 0 0 724.3093090000001 52.53844099999999 129.178406 42.553192 0.35714285714285715 0.07142857142857142 0.0 0.0 0.2857142857142857 0.14285714285714285 0.07142857142857142 0.07142857142857142 163.3945218205128 0 422.527824 0.9512195121951219 0.0 0.04878048780487805 0.5714285714285714 0.0 0.0 0.0 0.07142857142857142 0.14285714285714285 0.07142857142857142 0.14285714285714285 0.5714285714285714 0.22857142857142856 0.14285714285714285 0.02857142857142857 0.02857142857142857 wangcheng 1Сʱ_mousemovements
0 0 0 0 0 0 0 0 0 0 0 0 0 0 0 0 0 0 0 0 0 0 0 0 0 0 0 0 0 0 0 0 0 0 0 0 0 0 0 0 0 0 0 wangcheng 1Сʱ_mousemovements
756.433655 0 0 0 0 0 0 0 0 0 0 0 756.433655 0 0 0 0.0 0.0 0.0 0.0 1.0 0.0 0.0 0.0 189.10841375 0 0 1.0 0.0 0.0 1.0 0.0 0.0 0.0 0.0 0.0 0.0 0.0 0.6666666666666666 0.0 0.3333333333333333 0.0 0.0 wangcheng 1Сʱ_mousemovements
0 0 0 0 0 0 0 0 0 0 0 0 0 0 0 0 0 0 0 0 0 0 0 0 0 0 0 0 0 0 0 0 0 0 0 0 0 0 0 0 0 0 0 wangcheng 1Сʱ_mousemovements
159.1825783333333 0 319.305756 385.933624 0 0 0 0 385.933624 480.097107 0 0 209.277863 121.17167450000001 166.0223045 10.638298 0.125 0.125 0.0 0.0 0.125 0.25 0.25 0.125 46.20825792857142 0.0 183.25181399999997 0.9032258064516129 0.03225806451612903 0.06451612903225806 0.75 0.0 0.125 0.125 0.0 0.0 0.0 0.0 0.7931034482758621 0.13793103448275862 0.0 0.034482758620689655 0.034482758620689655 wangcheng 1Сʱ_mousemovements
364.43879577777767 297.767096 312.399384 414.2174225 0 0 0 0 0 750.2339432499999 275.297775 463.200867 245.611237 170.41444666666666 205.45365325 40.919716 0.0 0.23529411764705882 0.17647058823529413 0.058823529411764705 0.058823529411764705 0.17647058823529413 0.23529411764705882 0.058823529411764705 100.2957975128205 99.421978 299.8731353333333 0.8297872340425532 0.0425531914893617 0.1276595744680851 0.5294117647058824 0.29411764705882354 0.058823529411764705 0.11764705882352941 0.0 0.0 0.0 0.0 0.5909090909090909 0.11363636363636363 0.09090909090909091 0.045454545454545456 0.1590909090909091 wangcheng 1Сʱ_mousemovements
0 0 0 0 0 0 0 0 0 0 0 0 0 0 0 0 0 0 0 0 0 0 0 0 0 0 0 0 0 0 0 0 0 0 0 0 0 0 0 0 0 0 0 wangcheng 1Сʱ_mousemovements
74.793579 360.665273 0 0 0 1252.367676 0 0 464.256836 247.846191 0 0 0 74.793579 811.1302340000001 0 0.2 0.2 0.0 0.0 0.0 0.2 0.4 0.0 173.876442 0 161.319885 0.8571428571428571 0.0 0.14285714285714285 0.2 0.6 0.0 0.0 0.0 0.2 0.0 0.0 0.5384615384615384 0.23076923076923078 0.15384615384615385 0.07692307692307693 0.0 wangcheng 1Сʱ_mousemovements
160.09006499999998 0 461.879974 0 0 0 926.021484 0 349.151672 461.879974 109.841927 0 926.021484 0 21.276596 0 0.2 0.2 0.2 0.0 0.2 0.0 0.2 0.0 47.10750845 0 926.021484 0.9523809523809523 0.0 0.047619047619047616 0.6 0.0 0.2 0.0 0.0 0.0 0.2 0.0 0.8333333333333334 0.05555555555555555 0.0 0.1111111111111111 0.0 wangcheng 1Сʱ_mousemovements
120.13291279999999 0 0 331.891113 507.992096 351.051483 0 608.975464 247.17618950000002 37.680364499999996 269.471776 331.891113 0 480.0134735 0 0 0.2222222222222222 0.2222222222222222 0.2222222222222222 0.1111111111111111 0.0 0.2222222222222222 0.0 0.0 55.94859590909091 191.0014695 196.92566774999997 0.7857142857142857 0.07142857142857142 0.14285714285714285 0.5555555555555556 0.0 0.0 0.1111111111111111 0.1111111111111111 0.1111111111111111 0.0 0.1111111111111111 0.8076923076923077 0.07692307692307693 0.038461538461538464 0.0 0.07692307692307693 wangcheng 1Сʱ_mousemovements
123.86880437499998 265.96326799999997 573.9914855 0 677.978129 0 0 0 246.2884655 48.08848933333334 629.2153395 0 26.106187499999997 482.680954 272.607635 264.27839666666665 0.11764705882352941 0.17647058823529413 0.23529411764705882 0.0 0.11764705882352941 0.11764705882352941 0.058823529411764705 0.17647058823529413 56.784054872340434 13.152776 363.0806762857143 0.8392857142857143 0.03571428571428571 0.125 0.47058823529411764 0.23529411764705882 0.11764705882352941 0.0 0.17647058823529413 0.0 0.0 0.0 0.47058823529411764 0.2549019607843137 0.17647058823529413 0.0784313725490196 0.0196078431372549 wangcheng 1Сʱ_mousemovements
0 0 0 0 0 0 0 0 0 0 0 0 0 0 0 0 0 0 0 0 0 0 0 0 0 0 0 0 0 0 0 0 0 0 0 0 0 0 0 0 0 0 0 wangcheng 1Сʱ_mousemovements
0 0 0 0 0 0 0 0 0 0 0 0 0 0 0 0 0 0 0 0 0 0 0 0 0 0 0 0 0 0 0 0 0 0 0 0 0 0 0 0 0 0 0 wangcheng 1Сʱ_mousemovements
0 0 0 0 0 0 0 0 0 0 0 0 0 0 0 0 0 0 0 0 0 0 0 0 0 0 0 0 0 0 0 0 0 0 0 0 0 0 0 0 0 0 0 wangcheng 1Сʱ_mousemovements
107.50417607142856 329.75499928571435 604.6161132000001 935.114502 509.8487087500001 578.7077939999999 626.6829835 782.048889 453.14621483333343 457.4917252 322.95953419999995 760.2979735 66.279343 323.15996666666666 272.77631489999993 129.031982 0.16666666666666666 0.1388888888888889 0.1388888888888889 0.05555555555555555 0.027777777777777776 0.16666666666666666 0.2777777777777778 0.027777777777777776 82.34984675294119 89.93750814285715 383.89030542857137 0.8018867924528302 0.0660377358490566 0.1320754716981132 0.3888888888888889 0.19444444444444445 0.1388888888888889 0.027777777777777776 0.1111111111111111 0.05555555555555555 0.05555555555555555 0.027777777777777776 0.6632653061224489 0.14285714285714285 0.07142857142857142 0.030612244897959183 0.09183673469387756 wangcheng 1Сʱ_mousemovements
59.93366788888889 310.792202 374.8583225 719.522354 429.76260350000007 756.2626746666666 766.432922 987.936401 53.656853 463.63119766666676 651.2589722 428.0031206666667 295.649696 222.3843155 257.74361712499996 389.7827503333333 0.03333333333333333 0.1 0.16666666666666666 0.2 0.06666666666666667 0.06666666666666667 0.26666666666666666 0.1 97.76187958571427 201.5298856 460.656030375 0.8433734939759037 0.060240963855421686 0.0963855421686747 0.3 0.26666666666666666 0.06666666666666667 0.13333333333333333 0.06666666666666667 0.1 0.03333333333333333 0.03333333333333333 0.4936708860759494 0.21518987341772153 0.16455696202531644 0.06329113924050633 0.06329113924050633 wangcheng 1Сʱ_mousemovements
31.74358975 266.419647 0 354.1984966666667 521.724548 620.4397584999999 0 0 649.585999 50.6248815 268.2320456666667 557.806259 9.852217 0 521.724548 15.872379 0.09090909090909091 0.18181818181818182 0.2727272727272727 0.18181818181818182 0.09090909090909091 0.0 0.09090909090909091 0.09090909090909091 28.35026475 219.30544 237.77777516666666 0.8163265306122449 0.061224489795918366 0.12244897959183673 0.36363636363636365 0.09090909090909091 0.0 0.2727272727272727 0.09090909090909091 0.18181818181818182 0.0 0.0 0.6 0.08888888888888889 0.17777777777777778 0.1111111111111111 0.022222222222222223 wangcheng 1Сʱ_mousemovements
0 0 0 0 0 0 0 0 0 0 0 0 0 0 0 0 0 0 0 0 0 0 0 0 0 0 0 0 0 0 0 0 0 0 0 0 0 0 0 0 0 0 0 wangcheng 1Сʱ_mousemovements
0 0 0 0 0 0 0 0 0 0 0 0 0 0 0 0 0 0 0 0 0 0 0 0 0 0 0 0 0 0 0 0 0 0 0 0 0 0 0 0 0 0 0 wangcheng 1Сʱ_mousemovements
143.088538 241.95017975 308.364319 541.154114 0 0 0 0 42.553192 308.364319 0 0 215.944351 293.3327153333334 245.16447699999995 140.21370933333333 0.07692307692307693 0.07692307692307693 0.0 0.0 0.15384615384615385 0.23076923076923078 0.23076923076923078 0.23076923076923078 33.10303020833333 0 175.7133525714286 0.8727272727272727 0.0 0.12727272727272726 0.5384615384615384 0.3076923076923077 0.07692307692307693 0.07692307692307693 0.0 0.0 0.0 0.0 0.6111111111111112 0.14814814814814814 0.1111111111111111 0.07407407407407407 0.05555555555555555 wangcheng 1Сʱ_mousemovements
106.48212054545456 510.367531 482.345047 409.17982 506.295654 0 1035.112915 630.40332 137.864144 266.37359125 542.6227142 364.59373850000003 206.979889 108.03815850000001 414.96249539999997 157.558365 0.13043478260869565 0.17391304347826086 0.21739130434782608 0.08695652173913043 0.043478260869565216 0.08695652173913043 0.21739130434782608 0.043478260869565216 61.33508093103446 235.6549563333333 306.73959659999997 0.9157894736842105 0.031578947368421054 0.05263157894736842 0.4782608695652174 0.17391304347826086 0.08695652173913043 0.13043478260869565 0.043478260869565216 0.0 0.043478260869565216 0.043478260869565216 0.6046511627906976 0.20930232558139536 0.10465116279069768 0.05813953488372093 0.023255813953488372 wangcheng 1Сʱ_mousemovements
90.09543869230771 208.88842760000003 413.35112749999996 339.7959595 606.516541 303.768761 0 1092.623047 78.81748775000003 168.542395 494.3350755 321.0577885 163.641717 193.92690925 378.1997864 41.964286 0.14285714285714285 0.17857142857142858 0.14285714285714285 0.07142857142857142 0.07142857142857142 0.14285714285714285 0.17857142857142858 0.07142857142857142 50.57244529999999 215.518204 235.82205018181818 0.8695652173913043 0.010869565217391304 0.11956521739130435 0.4642857142857143 0.17857142857142858 0.14285714285714285 0.07142857142857142 0.03571428571428571 0.07142857142857142 0.0 0.03571428571428571 0.5882352941176471 0.2 0.07058823529411765 0.07058823529411765 0.07058823529411765 wangcheng 1Сʱ_mousemovements
75.7206275294118 325.11116283333337 462.6885986666666 337.051208 1101.280518 0 0 0 78.40978100000001 92.68940366666668 295.42866166666664 140.30717733333336 144.56713675 1101.280518 257.8473764444445 107.34814133333334 0.07142857142857142 0.10714285714285714 0.10714285714285714 0.10714285714285714 0.14285714285714285 0.03571428571428571 0.32142857142857145 0.10714285714285714 50.283804718309845 147.04833539999998 439.73083875000003 0.8875 0.0625 0.05 0.6071428571428571 0.21428571428571427 0.10714285714285714 0.03571428571428571 0.03571428571428571 0.0 0.0 0.0 0.6447368421052632 0.15789473684210525 0.11842105263157894 0.05263157894736842 0.02631578947368421 wangcheng 1Сʱ_mousemovements
70.86725683333333 360.4523213333334 0 0 850.5026653333333 0 0 0 226.283066 466.08813299999997 798.309143 0 85.539063 296.467804 285.7958876 290.313721 0.08333333333333333 0.16666666666666666 0.08333333333333333 0.0 0.08333333333333333 0.08333333333333333 0.4166666666666667 0.08333333333333333 50.55933690566037 494.575439 441.92410299999995 0.9464285714285714 0.017857142857142856 0.03571428571428571 0.5 0.25 0.0 0.0 0.25 0.0 0.0 0.0 0.5 0.24074074074074073 0.18518518518518517 0.07407407407407407 0.0 wangcheng 1Сʱ_mousemovements
119.56798994117642 259.61413975 305.64628600000003 736.5682677499999 712.8146363333334 0 666.674347 910.9243573333333 162.007721 120.8742972 394.05558999999994 639.4702963333333 0 53.578289 489.3040403333333 266.8213856666667 0.05714285714285714 0.14285714285714285 0.34285714285714286 0.08571428571428572 0.0 0.02857142857142857 0.2571428571428571 0.08571428571428572 60.488273066666665 190.2724796 459.8526237142857 0.8256880733944955 0.045871559633027525 0.12844036697247707 0.4857142857142857 0.11428571428571428 0.05714285714285714 0.11428571428571428 0.08571428571428572 0.0 0.05714285714285714 0.08571428571428572 0.5714285714285714 0.20952380952380953 0.10476190476190476 0.05714285714285714 0.05714285714285714 wangcheng 1Сʱ_mousemovements
89.61776069999999 436.9482955000001 0 419.68811 1727.196899 751.2031253333333 304.653564 870.916504 208.506085 357.93009700000005 748.1890532 0 78.1578215 161.50003699999996 271.9692061250001 121.47996799999999 0.12121212121212122 0.15151515151515152 0.15151515151515152 0.0 0.06060606060606061 0.15151515151515152 0.24242424242424243 0.12121212121212122 88.66068944186044 82.607874 488.0626945 0.9052631578947369 0.05263157894736842 0.042105263157894736 0.6060606060606061 0.18181818181818182 0.0 0.030303030303030304 0.030303030303030304 0.09090909090909091 0.030303030303030304 0.030303030303030304 0.5 0.32954545454545453 0.07954545454545454 0.045454545454545456 0.045454545454545456 wangcheng 1Сʱ_mousemovements
71.71045544444445 344.256775 326.0646595 314.15483099999994 607.382446 0 835.412415 0 24.398516 72.65499500000001 550.510208 358.525543 438.706635 171.953705 438.2635553333333 76.52094974999999 0.11764705882352941 0.11764705882352941 0.11764705882352941 0.058823529411764705 0.058823529411764705 0.11764705882352941 0.17647058823529413 0.23529411764705882 30.599814137931034 0 326.0503244285715 0.8923076923076924 0.0 0.1076923076923077 0.5294117647058824 0.11764705882352941 0.11764705882352941 0.11764705882352941 0.058823529411764705 0.0 0.058823529411764705 0.0 0.6071428571428571 0.14285714285714285 0.10714285714285714 0.10714285714285714 0.03571428571428571 wangcheng 1Сʱ_mousemovements
115.86886523076925 339.58041000000003 256.29450249999996 633.2926076666666 823.3658755 640.504883 588.649048 0 482.430756 122.3814945 577.1006189999999 339.965027 120.0 256.8623406 516.32288375 163.5493518 0.07692307692307693 0.15384615384615385 0.11538461538461539 0.07692307692307693 0.038461538461538464 0.19230769230769232 0.15384615384615385 0.19230769230769232 44.220194916666664 23.3713715 482.77639322222217 0.865979381443299 0.041237113402061855 0.09278350515463918 0.5 0.15384615384615385 0.07692307692307693 0.11538461538461539 0.07692307692307693 0.038461538461538464 0.038461538461538464 0.0 0.5617977528089888 0.2247191011235955 0.0898876404494382 0.056179775280898875 0.06741573033707865 wangcheng 1Сʱ_mousemovements
107.92424353846152 428.1679078 466.87381 779.127075 735.5855203333334 0 290.978394 0 113.04586800000001 310.64988525 734.8005644000002 534.447815 142.36083225 251.87272466666664 144.8111506 247.53949749999998 0.07692307692307693 0.15384615384615385 0.19230769230769232 0.038461538461538464 0.15384615384615385 0.11538461538461539 0.19230769230769232 0.07692307692307693 66.10605238709678 320.164124 497.4906670000001 0.8732394366197183 0.028169014084507043 0.09859154929577464 0.5 0.19230769230769232 0.11538461538461539 0.038461538461538464 0.11538461538461539 0.0 0.038461538461538464 0.0 0.609375 0.140625 0.109375 0.09375 0.046875 wangcheng 1Сʱ_mousemovements
54.04564062499999 386.541809 0 0 0 0 1035.942993 0 46.20752 178.97468433333333 530.9157685 0 32.258064 0 72.6853445 32.258064 0.1 0.3 0.2 0.0 0.1 0.0 0.2 0.1 24.678757406250007 25.888544 519.6205729999999 0.9142857142857143 0.02857142857142857 0.05714285714285714 0.8 0.1 0.0 0.0 0.0 0.0 0.1 0.0 0.7741935483870968 0.12903225806451613 0.06451612903225806 0.03225806451612903 0.0 wangcheng 1Сʱ_mousemovements
0 0 0 0 0 0 0 0 0 0 0 0 0 0 0 0 0 0 0 0 0 0 0 0 0 0 0 0 0 0 0 0 0 0 0 0 0 0 0 0 0 0 0 wangcheng 1Сʱ_mousemovements
0 0 0 0 0 0 0 0 0 0 0 0 0 0 0 0 0 0 0 0 0 0 0 0 0 0 0 0 0 0 0 0 0 0 0 0 0 0 0 0 0 0 0 wangcheng 1Сʱ_mousemovements
0 0 0 0 0 0 0 0 0 0 0 0 0 0 0 0 0 0 0 0 0 0 0 0 0 0 0 0 0 0 0 0 0 0 0 0 0 0 0 0 0 0 0 wangcheng 1Сʱ_mousemovements
0 0 0 0 0 0 0 0 0 0 0 0 0 0 0 0 0 0 0 0 0 0 0 0 0 0 0 0 0 0 0 0 0 0 0 0 0 0 0 0 0 0 0 wangcheng 1Сʱ_mousemovements
0 0 0 0 0 0 0 0 0 0 0 0 0 0 0 0 0 0 0 0 0 0 0 0 0 0 0 0 0 0 0 0 0 0 0 0 0 0 0 0 0 0 0 wangcheng 1Сʱ_mousemovements
0 0 0 0 0 0 0 0 0 0 0 0 0 0 0 0 0 0 0 0 0 0 0 0 0 0 0 0 0 0 0 0 0 0 0 0 0 0 0 0 0 0 0 wangcheng 1Сʱ_mousemovements
0 0 0 0 0 0 0 0 0 0 0 0 0 0 0 0 0 0 0 0 0 0 0 0 0 0 0 0 0 0 0 0 0 0 0 0 0 0 0 0 0 0 0 wangcheng 1Сʱ_mousemovements
89.743591 0 0 0 0 0 0 0 0 0 0 0 0 0 0 89.743591 0.0 0.0 0.0 0.0 0.0 0.0 0.0 1.0 9.97151011111111 0 0 1.0 0.0 0.0 1.0 0.0 0.0 0.0 0.0 0.0 0.0 0.0 1.0 0.0 0.0 0.0 0.0 wangcheng 1Сʱ_mousemovements
154.2386175 503.264267 0 259.851257 0 0 597.667908 0 259.851257 46.1312085 597.667908 0 60.121669999999995 0 298.80435675 285.29788125 0.07142857142857142 0.14285714285714285 0.07142857142857142 0.0 0.14285714285714285 0.0 0.2857142857142857 0.2857142857142857 59.51940702380952 0.0 226.65469474999998 0.8936170212765957 0.02127659574468085 0.0851063829787234 0.7142857142857143 0.14285714285714285 0.0 0.07142857142857142 0.0 0.0 0.07142857142857142 0.0 0.75 0.125 0.1 0.0 0.025 wangcheng 1Сʱ_mousemovements
0 0 0 0 0 0 0 0 0 0 0 0 0 0 0 0 0 0 0 0 0 0 0 0 0 0 0 0 0 0 0 0 0 0 0 0 0 0 0 0 0 0 0 wangcheng 1Сʱ_mousemovements
85.7469435 155.292648 0 526.528469 0 0 308.371704 0 308.371704 153.8154935 0 941.246399 0 0 41.5807185 0 0.1 0.4 0.0 0.1 0.0 0.0 0.4 0.0 48.424377441176475 0 64.12901966666668 0.85 0.0 0.15 0.6 0.1 0.0 0.2 0.0 0.0 0.1 0.0 0.5142857142857142 0.34285714285714286 0.05714285714285714 0.05714285714285714 0.02857142857142857 wangcheng 1Сʱ_mousemovements
173.6938654285714 545.4009338 0 644.996338 0 756.676636 0 0 28.9786585 762.6108399999999 311.58139 45.274841 0 101.366783 492.71898649999997 258.064514 0.14285714285714285 0.21428571428571427 0.14285714285714285 0.07142857142857142 0.0 0.07142857142857142 0.2857142857142857 0.07142857142857142 146.00037874193546 186.7461525 148.34355166666668 0.8611111111111112 0.05555555555555555 0.08333333333333333 0.5 0.35714285714285715 0.0 0.07142857142857142 0.0 0.07142857142857142 0.0 0.0 0.5428571428571428 0.22857142857142856 0.11428571428571428 0.08571428571428572 0.02857142857142857 wangcheng 1Сʱ_mousemovements
126.90896579999999 1201.166748 394.862518 572.124268 0 0 0 0 0 1201.166748 373.855278 86.832817 394.862518 154.812862 0 62.5 0.0 0.125 0.25 0.125 0.125 0.25 0.0 0.125 100.23318076190476 0 348.9007835 0.9130434782608695 0.0 0.08695652173913043 0.625 0.125 0.125 0.125 0.0 0.0 0.0 0.0 0.65 0.15 0.1 0.1 0.0 wangcheng 1Сʱ_mousemovements
0 0 0 0 0 0 0 0 0 0 0 0 0 0 0 0 0 0 0 0 0 0 0 0 0 0 0 0 0 0 0 0 0 0 0 0 0 0 0 0 0 0 0 wangcheng 1Сʱ_mousemovements
0 0 0 0 0 0 0 0 0 0 0 0 0 0 0 0 0 0 0 0 0 0 0 0 0 0 0 0 0 0 0 0 0 0 0 0 0 0 0 0 0 0 0 wangcheng 1Сʱ_mousemovements
0 0 0 0 0 0 0 0 0 0 0 0 0 0 0 0 0 0 0 0 0 0 0 0 0 0 0 0 0 0 0 0 0 0 0 0 0 0 0 0 0 0 0 wangcheng 1Сʱ_mousemovements
0 0 0 0 0 0 0 0 0 0 0 0 0 0 0 0 0 0 0 0 0 0 0 0 0 0 0 0 0 0 0 0 0 0 0 0 0 0 0 0 0 0 0 wangcheng 1Сʱ_mousemovements
0 0 0 0 0 0 0 0 0 0 0 0 0 0 0 0 0 0 0 0 0 0 0 0 0 0 0 0 0 0 0 0 0 0 0 0 0 0 0 0 0 0 0 wangcheng 1Сʱ_mousemovements
0 0 0 0 0 0 0 0 0 0 0 0 0 0 0 0 0 0 0 0 0 0 0 0 0 0 0 0 0 0 0 0 0 0 0 0 0 0 0 0 0 0 0 wangcheng 1Сʱ_mousemovements
0 0 0 0 0 0 0 0 0 0 0 0 0 0 0 0 0 0 0 0 0 0 0 0 0 0 0 0 0 0 0 0 0 0 0 0 0 0 0 0 0 0 0 wangcheng 1Сʱ_mousemovements
0 0 0 0 0 0 0 0 0 0 0 0 0 0 0 0 0 0 0 0 0 0 0 0 0 0 0 0 0 0 0 0 0 0 0 0 0 0 0 0 0 0 0 wangcheng 1Сʱ_mousemovements
0 0 0 0 0 0 0 0 0 0 0 0 0 0 0 0 0 0 0 0 0 0 0 0 0 0 0 0 0 0 0 0 0 0 0 0 0 0 0 0 0 0 0 wangcheng 1Сʱ_mousemovements
0 0 0 0 0 0 0 0 0 0 0 0 0 0 0 0 0 0 0 0 0 0 0 0 0 0 0 0 0 0 0 0 0 0 0 0 0 0 0 0 0 0 0 wangcheng 1Сʱ_mousemovements
0 0 0 0 0 0 0 0 0 0 0 0 0 0 0 0 0 0 0 0 0 0 0 0 0 0 0 0 0 0 0 0 0 0 0 0 0 0 0 0 0 0 0 wangcheng 1Сʱ_mousemovements
0 0 0 0 0 0 0 0 0 0 0 0 0 0 0 0 0 0 0 0 0 0 0 0 0 0 0 0 0 0 0 0 0 0 0 0 0 0 0 0 0 0 0 wangcheng 1Сʱ_mousemovements
0 0 0 0 0 0 0 0 0 0 0 0 0 0 0 0 0 0 0 0 0 0 0 0 0 0 0 0 0 0 0 0 0 0 0 0 0 0 0 0 0 0 0 wangcheng 1Сʱ_mousemovements
0 0 0 0 0 0 0 0 0 0 0 0 0 0 0 0 0 0 0 0 0 0 0 0 0 0 0 0 0 0 0 0 0 0 0 0 0 0 0 0 0 0 0 wangcheng 1Сʱ_mousemovements
0 0 0 0 0 0 0 0 0 0 0 0 0 0 0 0 0 0 0 0 0 0 0 0 0 0 0 0 0 0 0 0 0 0 0 0 0 0 0 0 0 0 0 wangcheng 1Сʱ_mousemovements
93.919441 0 0 0 0 0 0 0 0 0 0 0 0 0 93.919441 0 0.0 0.0 0.0 0.0 0.0 0.0 1.0 0.0 46.9597205 0 0 1.0 0.0 0.0 1.0 0.0 0.0 0.0 0.0 0.0 0.0 0.0 0.5 0.0 0.5 0.0 0.0 wangcheng 1Сʱ_mousemovements
404.08380933333325 685.597595 0 569.0034586666667 0 421.751129 0 0 658.9397786666666 331.52189 554.7137605 0 0 355.9400633333333 421.751129 0 0.2727272727272727 0.18181818181818182 0.18181818181818182 0.0 0.0 0.2727272727272727 0.09090909090909091 0.0 89.83098128124998 149.2230615 688.6081440000002 0.8648648648648649 0.05405405405405406 0.08108108108108109 0.5454545454545454 0.09090909090909091 0.0 0.2727272727272727 0.0 0.09090909090909091 0.0 0.0 0.7272727272727273 0.15151515151515152 0.06060606060606061 0.0 0.06060606060606061 wangcheng 1Сʱ_mousemovements
290.6243028 260.416626 445.1173094999999 751.8636066666667 781.57959 1118.213745 0 0 95.68176550000001 365.7749975 1024.718384 1118.213745 270.627899 417.12962300000004 852.6159975 0 0.19047619047619047 0.47619047619047616 0.047619047619047616 0.047619047619047616 0.047619047619047616 0.09523809523809523 0.09523809523809523 0.0 192.18694575 77.71945975 248.79315925000003 0.8333333333333334 0.08333333333333333 0.08333333333333333 0.47619047619047616 0.19047619047619047 0.09523809523809523 0.14285714285714285 0.047619047619047616 0.047619047619047616 0.0 0.0 0.5909090909090909 0.1590909090909091 0.11363636363636363 0.06818181818181818 0.06818181818181818 wangcheng 1Сʱ_mousemovements
85.15154666666666 0 811.467407 0 0 0 0 0 0 0 0 0 0 465.712715 67.74830850000001 0 0.0 0.0 0.0 0.0 0.0 0.5 0.5 0.0 67.64028742857143 0 119.958023 0.9333333333333333 0.0 0.06666666666666667 0.75 0.0 0.25 0.0 0.0 0.0 0.0 0.0 0.5 0.2857142857142857 0.21428571428571427 0.0 0.0 wangcheng 1Сʱ_mousemovements
40.77948128571428 0 442.203979 569.578857 0 0 965.419067 850.737488 26.385101 265.111227 518.864512 0 0 77.877853 479.7896923333333 26.263298 0.08333333333333333 0.16666666666666666 0.25 0.0 0.0 0.08333333333333333 0.25 0.16666666666666666 38.39772625714285 54.308563 571.1864087499999 0.875 0.025 0.1 0.5833333333333334 0.0 0.08333333333333333 0.16666666666666666 0.0 0.0 0.08333333333333333 0.08333333333333333 0.6842105263157895 0.15789473684210525 0.07894736842105263 0.05263157894736842 0.02631578947368421 wangcheng 1Сʱ_mousemovements
147.57936008695648 265.59840399999996 311.944702 376.300476 602.9346315 1845.606934 1162.080811 1140.999756 795.9039957499999 138.62986 643.9923704999999 157.16423 270.96627225000003 280.60174 215.20841344444443 182.316074 0.125 0.1875 0.0625 0.03125 0.125 0.125 0.28125 0.0625 75.39121869767439 95.812832 329.305356 0.8775510204081632 0.02040816326530612 0.10204081632653061 0.71875 0.0625 0.03125 0.03125 0.0625 0.03125 0.03125 0.03125 0.6736842105263158 0.12631578947368421 0.12631578947368421 0.06315789473684211 0.010526315789473684 wangcheng 1Сʱ_mousemovements
128.03431729411773 559.1683906666667 547.721283 955.2085773333332 623.4406436666667 2005.702881 962.941925 0 108.7241635 346.2620206666666 402.9206837142857 408.8189543333333 569.166664 454.34796524999996 597.0674872857143 602.648499 0.05555555555555555 0.08333333333333333 0.19444444444444445 0.08333333333333333 0.05555555555555555 0.1111111111111111 0.3888888888888889 0.027777777777777776 86.65995577011496 863.3044086666665 450.12119440000026 0.8446601941747572 0.05825242718446602 0.0970873786407767 0.4722222222222222 0.16666666666666666 0.05555555555555555 0.08333333333333333 0.08333333333333333 0.027777777777777776 0.1111111111111111 0.0 0.5656565656565656 0.21212121212121213 0.1414141414141414 0.0707070707070707 0.010101010101010102 wangcheng 1Сʱ_mousemovements
96.51903568749998 472.60512550000004 574.3796286666667 430.886703 1633.9739786666669 644.253601 1300.5405275 1521.631876666667 122.12367 1919.244751 669.35088725 327.41880225 302.57299939999996 412.303802 892.8721468888889 221.83612 0.08333333333333333 0.027777777777777776 0.2222222222222222 0.1111111111111111 0.1388888888888889 0.027777777777777776 0.25 0.1388888888888889 95.90822759999999 180.717156 339.43726471428556 0.8278145695364238 0.033112582781456956 0.1390728476821192 0.4444444444444444 0.1111111111111111 0.08333333333333333 0.05555555555555555 0.08333333333333333 0.08333333333333333 0.05555555555555555 0.08333333333333333 0.6556291390728477 0.18543046357615894 0.06622516556291391 0.052980132450331126 0.039735099337748346 wangcheng 1Сʱ_mousemovements
98.67229876470586 677.372467 430.322144 625.674042 1063.279419 798.5078812500001 0 758.02948 378.5122983333333 32.2685565 828.8461813333333 166.872681 158.154416 304.36144349999995 605.5420900000001 168.04586650000002 0.10344827586206896 0.06896551724137931 0.10344827586206896 0.034482758620689655 0.10344827586206896 0.13793103448275862 0.2413793103448276 0.20689655172413793 74.73157148749998 259.389385 325.7602055 0.8333333333333334 0.0625 0.10416666666666667 0.5862068965517241 0.06896551724137931 0.034482758620689655 0.06896551724137931 0.06896551724137931 0.13793103448275862 0.0 0.034482758620689655 0.5978260869565217 0.18478260869565216 0.13043478260869565 0.07608695652173914 0.010869565217391304 wangcheng 1Сʱ_mousemovements
128.29932341176468 437.6539305 413.0907665 522.1723784999999 987.67688 740.844727 2172.083252 0 562.9776153333333 166.781715625 391.97557033333334 182.004028 330.10636940000006 1253.4269105 117.9811695 26.5310955 0.11538461538461539 0.3076923076923077 0.11538461538461539 0.038461538461538464 0.19230769230769232 0.07692307692307693 0.07692307692307693 0.07692307692307693 152.51131844642856 21.683181333333334 221.844131 0.9333333333333333 0.05 0.016666666666666666 0.6538461538461539 0.07692307692307693 0.07692307692307693 0.07692307692307693 0.038461538461538464 0.038461538461538464 0.038461538461538464 0.0 0.4807692307692308 0.36538461538461536 0.07692307692307693 0.057692307692307696 0.019230769230769232 wangcheng 1Сʱ_mousemovements
17.888544 0 0 0 0 0 0 0 0 0 0 0 0 0 17.888544 0 0.0 0.0 0.0 0.0 0.0 0.0 1.0 0.0 4.472136 0 0 1.0 0.0 0.0 1.0 0.0 0.0 0.0 0.0 0.0 0.0 0.0 1.0 0.0 0.0 0.0 0.0 wangcheng 1Сʱ_mousemovements
100.78931014285715 345.549805 647.547058 541.591232 640.8299969999999 1105.841431 0 0 11.313708 536.5107828333335 0 79.46405 221.8454233333333 594.4917146666667 0 51.282051 0.06666666666666667 0.4 0.0 0.06666666666666667 0.2 0.2 0.0 0.06666666666666667 111.56264257777778 11.313708 259.5010986666666 0.9183673469387755 0.02040816326530612 0.061224489795918366 0.4666666666666667 0.06666666666666667 0.06666666666666667 0.13333333333333333 0.2 0.06666666666666667 0.0 0.0 0.5681818181818182 0.1590909090909091 0.1590909090909091 0.06818181818181818 0.045454545454545456 wangcheng 1Сʱ_mousemovements
198.55054733333338 446.159424 602.144897 0 0 0 0 0 0 602.144897 325.764979 0 0 0 0 64.516129 0.0 0.2 0.6 0.0 0.0 0.0 0.0 0.2 117.42542592857144 0 0 1.0 0.0 0.0 0.6 0.2 0.2 0.0 0.0 0.0 0.0 0.0 0.3 0.3 0.2 0.2 0.0 wangcheng 1Сʱ_mousemovements
91.480366 328.7198945 660.215515 757.03241 615.359375 762.827271 0 0 213.749161 313.3345308 73.813995 660.215515 110.157468 221.73130183333333 182.6525945 10.638298 0.045454545454545456 0.22727272727272727 0.045454545454545456 0.045454545454545456 0.13636363636363635 0.2727272727272727 0.18181818181818182 0.045454545454545456 52.97586341772153 23.9202745 341.8132285 0.9518072289156626 0.024096385542168676 0.024096385542168676 0.7272727272727273 0.09090909090909091 0.045454545454545456 0.045454545454545456 0.045454545454545456 0.045454545454545456 0.0 0.0 0.56 0.25333333333333335 0.08 0.08 0.02666666666666667 wangcheng 1Сʱ_mousemovements
105.7295212 425.848022 601.758484 785.6943970000001 0 0 0 2283.71875 86.46274 386.36636350000003 1103.3923746666667 0 1191.526855 0 319.144083 111.405701 0.18181818181818182 0.18181818181818182 0.2727272727272727 0.0 0.09090909090909091 0.0 0.18181818181818182 0.09090909090909091 151.49005348275864 601.758484 400.6953393333333 0.8787878787878788 0.030303030303030304 0.09090909090909091 0.45454545454545453 0.09090909090909091 0.09090909090909091 0.2727272727272727 0.0 0.0 0.0 0.09090909090909091 0.6896551724137931 0.13793103448275862 0.10344827586206896 0.034482758620689655 0.034482758620689655 wangcheng 1Сʱ_mousemovements
151.58061960000003 524.5480805 473.8868715 707.40419 483.538635 633.718384 0 794.908691 54.545456 285.357745 616.7209473333332 0 232.829071 483.538635 279.70071200000007 248.27491750000002 0.047619047619047616 0.19047619047619047 0.2857142857142857 0.0 0.047619047619047616 0.047619047619047616 0.2857142857142857 0.09523809523809523 105.12288521276598 77.01462125 634.6474607499999 0.8545454545454545 0.07272727272727272 0.07272727272727272 0.47619047619047616 0.09523809523809523 0.19047619047619047 0.09523809523809523 0.047619047619047616 0.047619047619047616 0.0 0.047619047619047616 0.5490196078431373 0.2549019607843137 0.0196078431372549 0.058823529411764705 0.11764705882352941 wangcheng 1Сʱ_mousemovements
108.28076936363637 341.2063598333333 696.8169250000001 529.8332923333334 591.9466245000001 942.857056 0 0 255.3867083333333 287.0696103333333 600.76022975 377.276398 271.42376766666666 468.40142800000007 261.99741566666665 281.9604083333333 0.11538461538461539 0.11538461538461539 0.15384615384615385 0.038461538461538464 0.11538461538461539 0.11538461538461539 0.23076923076923078 0.11538461538461539 92.2894808219178 191.2394845 240.67706375000006 0.8795180722891566 0.024096385542168676 0.0963855421686747 0.4230769230769231 0.23076923076923078 0.11538461538461539 0.11538461538461539 0.07692307692307693 0.038461538461538464 0.0 0.0 0.5125 0.275 0.15 0.05 0.0125 wangcheng 1Сʱ_mousemovements
158.43459575 0 541.9397885000001 520.865601 587.011932 491.158844 318.059845 0 0 523.4420775 529.0314062499999 0 97.72450300000001 209.7300985 163.96861424999997 286.653478 0.0 0.10526315789473684 0.21052631578947367 0.0 0.21052631578947367 0.10526315789473684 0.21052631578947367 0.15789473684210525 39.211804377049184 520.865601 429.4028686666666 0.8970588235294118 0.014705882352941176 0.08823529411764706 0.631578947368421 0.0 0.10526315789473684 0.05263157894736842 0.10526315789473684 0.05263157894736842 0.05263157894736842 0.0 0.6440677966101694 0.1864406779661017 0.06779661016949153 0.0847457627118644 0.01694915254237288 wangcheng 1Сʱ_mousemovements
148.46418326315788 369.31459899999993 634.4491575000001 257.398743 0 1628.534729 425.24159733333335 0 173.796539 321.038398625 690.8679262857144 0 142.74227425 377.52072371428574 127.65670999999999 72.58736950000001 0.029411764705882353 0.23529411764705882 0.20588235294117646 0.0 0.11764705882352941 0.20588235294117646 0.08823529411764706 0.11764705882352941 110.79094628395062 320.02170533333333 218.7116025714286 0.8901098901098901 0.03296703296703297 0.07692307692307693 0.5588235294117647 0.20588235294117646 0.058823529411764705 0.029411764705882353 0.0 0.058823529411764705 0.08823529411764706 0.0 0.5903614457831325 0.2289156626506024 0.12048192771084337 0.060240963855421686 0.0 wangcheng 1Сʱ_mousemovements
164.5878455 929.733643 312.621552 369.97995749999995 0 742.20578 0 0 39.076868 0 458.35911066666677 0 0 914.676819 414.09744359999996 15.858638 0.16666666666666666 0.0 0.25 0.0 0.0 0.08333333333333333 0.4166666666666667 0.08333333333333333 72.05066213157895 0 245.18979742857144 0.8444444444444444 0.0 0.15555555555555556 0.5 0.08333333333333333 0.08333333333333333 0.16666666666666666 0.0 0.16666666666666666 0.0 0.0 0.6511627906976745 0.2558139534883721 0.023255813953488372 0.023255813953488372 0.046511627906976744 wangcheng 1Сʱ_mousemovements
100.42369913043476 454.63531320000004 457.55395500000003 484.668045 0 1092.492554 962.9756266666667 1726.02063 631.2615866666666 200.65932299999997 416.90977860000004 0 714.21582 550.9700792222221 157.6176681 189.43499366666666 0.075 0.225 0.125 0.0 0.025 0.225 0.25 0.075 70.78488811999999 61.500797399999996 365.62958564705883 0.819672131147541 0.040983606557377046 0.13934426229508196 0.575 0.125 0.075 0.1 0.0 0.025 0.075 0.025 0.6218487394957983 0.15966386554621848 0.10084033613445378 0.06722689075630252 0.05042016806722689 wangcheng 1Сʱ_mousemovements
88.09538486666669 450.05264900000003 447.79647833333337 289.79248 759.9529875000002 795.287781 818.4280395000001 592.337158 56.173452 283.51315950000003 830.4773208571429 79.422598 0 341.83679950000004 349.08765109999996 32.89196 0.11764705882352941 0.17647058823529413 0.20588235294117646 0.058823529411764705 0.0 0.11764705882352941 0.29411764705882354 0.029411764705882353 94.1028311 101.92126333333334 450.4622361818181 0.851063829787234 0.031914893617021274 0.11702127659574468 0.4411764705882353 0.14705882352941177 0.08823529411764706 0.029411764705882353 0.17647058823529413 0.029411764705882353 0.058823529411764705 0.029411764705882353 0.632183908045977 0.19540229885057472 0.09195402298850575 0.04597701149425287 0.034482758620689655 wangcheng 1Сʱ_mousemovements
100.31466686956527 308.3198726666667 367.98486342857143 368.57555166666674 543.9869385 959.19397 1311.085327 0 160.434608 196.95105836363635 553.8154273333333 25.10950466666667 62.142865333333326 223.9845886666667 470.3815233333334 117.64123183333332 0.05 0.275 0.15 0.075 0.075 0.075 0.15 0.15 70.87944549514562 65.080793 204.23679991666674 0.8373983739837398 0.06504065040650407 0.0975609756097561 0.575 0.075 0.175 0.075 0.05 0.025 0.025 0.0 0.6410256410256411 0.15384615384615385 0.11965811965811966 0.042735042735042736 0.042735042735042736 wangcheng 1Сʱ_mousemovements
68.53433150000001 291.96347533333335 0 516.6265078 797.6576384999998 0 1139.4228515 827.945496 48.83273150000001 472.7489015 532.3387178 855.574951 149.3167865 71.05732 605.112017 60.8363455 0.08 0.08 0.2 0.08 0.16 0.04 0.28 0.08 124.03025573770489 172.96160500000002 402.22688159999996 0.8591549295774648 0.07042253521126761 0.07042253521126761 0.4 0.12 0.0 0.2 0.16 0.0 0.08 0.04 0.5846153846153846 0.24615384615384617 0.07692307692307693 0.046153846153846156 0.046153846153846156 wangcheng 1Сʱ_mousemovements
70.05961794117647 317.2987975 359.93290699999994 668.16542825 0 792.394897 2717.843628 904.68042 14.234876 505.6848487499999 1304.5803174 123.49765 59.220205 175.6145395 458.97094350000003 180.20175360000002 0.03333333333333333 0.13333333333333333 0.16666666666666666 0.03333333333333333 0.13333333333333333 0.2 0.13333333333333333 0.16666666666666666 157.22097690140842 15.205227333333333 150.25290649999997 0.8452380952380952 0.03571428571428571 0.11904761904761904 0.5666666666666667 0.06666666666666667 0.1 0.13333333333333333 0.0 0.03333333333333333 0.06666666666666667 0.03333333333333333 0.5921052631578947 0.23684210526315788 0.05263157894736842 0.09210526315789473 0.02631578947368421 wangcheng 1Сʱ_mousemovements
94.40925573684213 488.99699899999996 401.49564133333337 711.523804 834.1545105 935.4255065 839.340047 1506.104492 10.029883 309.1975961111111 660.75626375 77.35747 99.126344 443.1682406666666 404.1672725 529.456848 0.029411764705882353 0.2647058823529412 0.11764705882352941 0.058823529411764705 0.058823529411764705 0.17647058823529413 0.23529411764705882 0.058823529411764705 101.07178518604651 200.0574446666667 284.7544056999999 0.8431372549019608 0.058823529411764705 0.09803921568627451 0.5588235294117647 0.08823529411764706 0.08823529411764706 0.029411764705882353 0.058823529411764705 0.058823529411764705 0.08823529411764706 0.029411764705882353 0.6836734693877551 0.15306122448979592 0.10204081632653061 0.04081632653061224 0.02040816326530612 wangcheng 1Сʱ_mousemovements
105.51961263636366 530.174759 270.481506 526.523254 749.306274 1101.9729 781.6629839999999 2714.105713 60.132687 236.3234564 1106.945703 0 45.490875 139.834824 554.1535338333333 130.34158133333332 0.045454545454545456 0.22727272727272727 0.22727272727272727 0.0 0.045454545454545456 0.045454545454545456 0.2727272727272727 0.13636363636363635 93.32773572881356 7.098497 468.8378843636363 0.8194444444444444 0.027777777777777776 0.1527777777777778 0.5 0.09090909090909091 0.045454545454545456 0.045454545454545456 0.09090909090909091 0.045454545454545456 0.13636363636363635 0.045454545454545456 0.6515151515151515 0.18181818181818182 0.06060606060606061 0.045454545454545456 0.06060606060606061 wangcheng 1Сʱ_mousemovements
95.12578879999998 0 752.684774 255.63707 0 599.5843965 0 1308.8198849999999 103.37771333333335 0 987.0347709999999 195.77844766666666 0 0 653.5071106666668 0 0.23076923076923078 0.0 0.3076923076923077 0.23076923076923078 0.0 0.0 0.23076923076923078 0.0 130.46753190243905 136.8840065 591.596039 0.9111111111111111 0.044444444444444446 0.044444444444444446 0.38461538461538464 0.0 0.23076923076923078 0.07692307692307693 0.0 0.15384615384615385 0.0 0.15384615384615385 0.6111111111111112 0.1111111111111111 0.16666666666666666 0.08333333333333333 0.027777777777777776 wangcheng 1Сʱ_mousemovements
145.30328263636363 365.62915033333337 293.70451349999996 0 677.605408 751.0488740000001 778.2476196666667 0 558.0351865 974.4980775 158.15792100000002 304.49028020000003 276.9772523333333 356.663422 265.4822616666666 227.30071675000002 0.09090909090909091 0.09090909090909091 0.09090909090909091 0.22727272727272727 0.13636363636363635 0.045454545454545456 0.13636363636363635 0.18181818181818182 82.08147682258063 64.515961 330.43888475000006 0.8732394366197183 0.014084507042253521 0.11267605633802817 0.5 0.13636363636363635 0.09090909090909091 0.0 0.045454545454545456 0.09090909090909091 0.13636363636363635 0.0 0.6119402985074627 0.13432835820895522 0.08955223880597014 0.1044776119402985 0.05970149253731343 wangcheng 1Сʱ_mousemovements
94.014329 1053.077637 267.996521 758.625641 4574.747559 0 0 0 143.880875 404.37345500000004 0 150.414322 48.387096 897.478516 2421.3720399999997 0 0.1111111111111111 0.2222222222222222 0.0 0.1111111111111111 0.1111111111111111 0.2222222222222222 0.2222222222222222 0.0 250.49556775000002 0.0 387.62720900000005 0.9032258064516129 0.03225806451612903 0.06451612903225806 0.4444444444444444 0.1111111111111111 0.1111111111111111 0.2222222222222222 0.1111111111111111 0.0 0.0 0.0 0.5925925925925926 0.2222222222222222 0.14814814814814814 0.037037037037037035 0.0 wangcheng 1Сʱ_mousemovements
128.63443533333333 0 605.305115 469.0580546666667 310.993988 736.184021 0 0 82.107626 446.57724 277.437193 349.221092 21.067797 0 290.2258883333334 72.642845 0.1111111111111111 0.05555555555555555 0.2222222222222222 0.16666666666666666 0.05555555555555555 0.0 0.3333333333333333 0.05555555555555555 62.66970779245284 249.131485 147.52064485714283 0.8688524590163934 0.01639344262295082 0.11475409836065574 0.6666666666666666 0.0 0.05555555555555555 0.16666666666666666 0.05555555555555555 0.05555555555555555 0.0 0.0 0.5272727272727272 0.23636363636363636 0.07272727272727272 0.09090909090909091 0.07272727272727272 wangcheng 1Сʱ_mousemovements
186.24780325 0 514.2624003333333 474.31280499999997 697.9729 399.932831 1073.791138 0 563.1466615 361.00854659999993 294.038376 104.353317 497.963379 684.252945 462.487518 106.0972405 0.11764705882352941 0.29411764705882354 0.11764705882352941 0.058823529411764705 0.058823529411764705 0.11764705882352941 0.11764705882352941 0.11764705882352941 68.5517795111111 301.7127075 367.39367724999994 0.8181818181818182 0.03636363636363636 0.14545454545454545 0.47058823529411764 0.0 0.17647058823529413 0.17647058823529413 0.058823529411764705 0.058823529411764705 0.058823529411764705 0.0 0.673469387755102 0.1836734693877551 0.061224489795918366 0.061224489795918366 0.02040816326530612 wangcheng 1Сʱ_mousemovements
61.7202666 340.112607 429.05756840000004 498.832794 1295.393494 499.80537449999997 0 0 120.322409 288.859585 480.71512600000005 295.66431166666666 894.873413 410.26101700000004 1005.2259525000001 23.039207 0.1 0.25 0.2 0.15 0.05 0.1 0.1 0.05 88.13359927692308 100.17099249999998 257.1840892222222 0.8552631578947368 0.02631578947368421 0.11842105263157894 0.25 0.25 0.25 0.05 0.1 0.1 0.0 0.0 0.6142857142857143 0.17142857142857143 0.08571428571428572 0.1 0.02857142857142857 wangcheng 1Сʱ_mousemovements
149.9495535 313.30374166666667 426.71432500000003 0 0 0 0 0 89.260597 12.820513 334.5720306 85.718216 0 0 310.44435150000004 211.489014 0.09090909090909091 0.09090909090909091 0.45454545454545453 0.09090909090909091 0.0 0.0 0.18181818181818182 0.09090909090909091 62.403878181818186 12.820513 206.96290100000002 0.8918918918918919 0.02702702702702703 0.08108108108108109 0.5454545454545454 0.2727272727272727 0.18181818181818182 0.0 0.0 0.0 0.0 0.0 0.5 0.21875 0.125 0.125 0.03125 wangcheng 1Сʱ_mousemovements
97.3271052 333.673492 518.469666 295.126251 1466.32666 543.592773 0 735.9127500000001 0 543.592773 481.4663845 0 426.071579 744.237704 364.1931 87.96323000000001 0.0 0.08333333333333333 0.16666666666666666 0.0 0.16666666666666666 0.16666666666666666 0.25 0.16666666666666666 49.27751902173914 0 406.98342757142854 0.8679245283018868 0.0 0.1320754716981132 0.4166666666666667 0.08333333333333333 0.08333333333333333 0.08333333333333333 0.08333333333333333 0.08333333333333333 0.0 0.16666666666666666 0.7872340425531915 0.0851063829787234 0.0851063829787234 0.02127659574468085 0.02127659574468085 wangcheng 1Сʱ_mousemovements
138.59580462499997 536.1625366000001 325.98132350000003 1368.421021 0 370.189789 0 392.532745 657.1282246666666 283.147153 317.74026499999997 137.4250795 253.13768000000002 267.073334 553.847294 203.318962 0.16666666666666666 0.16666666666666666 0.1111111111111111 0.1111111111111111 0.1111111111111111 0.05555555555555555 0.16666666666666666 0.1111111111111111 94.8809256153846 0 204.85964875000002 0.8666666666666667 0.0 0.13333333333333333 0.4444444444444444 0.2777777777777778 0.1111111111111111 0.05555555555555555 0.0 0.05555555555555555 0.0 0.05555555555555555 0.6296296296296297 0.2037037037037037 0.09259259259259259 0.05555555555555555 0.018518518518518517 wangcheng 1Сʱ_mousemovements
261.13372814285714 455.6610565 581.8819883333333 0 544.228638 424.128479 0 0 96.894379 115.11302699999999 809.671417 424.91803 136.718597 612.374939 495.414924625 0 0.058823529411764705 0.17647058823529413 0.11764705882352941 0.058823529411764705 0.058823529411764705 0.058823529411764705 0.47058823529411764 0.0 114.42436995918368 0 227.44473271428572 0.875 0.0 0.125 0.4117647058823529 0.11764705882352941 0.35294117647058826 0.0 0.058823529411764705 0.058823529411764705 0.0 0.0 0.6122448979591837 0.20408163265306123 0.061224489795918366 0.12244897959183673 0.0 wangcheng 1Сʱ_mousemovements
110.66197856521738 296.05218125 0 405.631966 478.5893405 0 0 0 0 169.0717565 307.03836359999997 47.313709 161.904343 168.028473 167.60844709999995 111.3559958 0.0 0.25806451612903225 0.16129032258064516 0.03225806451612903 0.03225806451612903 0.03225806451612903 0.3225806451612903 0.16129032258064516 48.61436187500002 183.14240050000004 125.16547042857145 0.8791208791208791 0.04395604395604396 0.07692307692307693 0.7419354838709677 0.12903225806451613 0.0 0.06451612903225806 0.06451612903225806 0.0 0.0 0.0 0.5681818181818182 0.20454545454545456 0.13636363636363635 0.06818181818181818 0.022727272727272728 wangcheng 1Сʱ_mousemovements
110.8094548125 207.52237433333335 340.704651 175.735413 617.946045 0 0 0 228.3136215 117.72409157142859 181.8119395 617.946045 161.38382466666667 131.955002 159.99817966666666 74.309229 0.08695652173913043 0.30434782608695654 0.17391304347826086 0.043478260869565216 0.13043478260869565 0.043478260869565216 0.13043478260869565 0.08695652173913043 15.92565244155844 192.200562 188.62564307692313 0.8461538461538461 0.01098901098901099 0.14285714285714285 0.6956521739130435 0.13043478260869565 0.08695652173913043 0.043478260869565216 0.043478260869565216 0.0 0.0 0.0 0.6206896551724138 0.2413793103448276 0.05747126436781609 0.05747126436781609 0.022988505747126436 wangcheng 1Сʱ_mousemovements
96.25207686956522 389.902828 215.691772 571.9265646666666 527.02533 0 749.018921 0 617.631348 136.40587354545457 494.224045 209.21527733333335 273.41302499999995 67.524213 342.86841066666665 260.22774499999997 0.029411764705882353 0.3235294117647059 0.058823529411764705 0.08823529411764706 0.08823529411764706 0.14705882352941177 0.17647058823529413 0.08823529411764706 64.91642587499999 26.366699999999998 307.1911935 0.8791208791208791 0.03296703296703297 0.08791208791208792 0.6764705882352942 0.11764705882352941 0.029411764705882353 0.08823529411764706 0.029411764705882353 0.0 0.058823529411764705 0.0 0.6463414634146342 0.18292682926829268 0.0975609756097561 0.04878048780487805 0.024390243902439025 wangcheng 1Сʱ_mousemovements
96.41927704999998 308.1262815 768.9588010000001 1012.547791 479.615997 0 0 977.272034 60.41698249999999 190.69243671428572 489.8790942857142 171.65311050000003 14.036125 505.883237 93.52059833333335 0 0.07142857142857142 0.25 0.25 0.07142857142857142 0.03571428571428571 0.10714285714285714 0.21428571428571427 0.0 49.4155863902439 46.667621399999994 433.64773399999996 0.8723404255319149 0.05319148936170213 0.07446808510638298 0.7142857142857143 0.07142857142857142 0.10714285714285714 0.03571428571428571 0.03571428571428571 0.0 0.0 0.03571428571428571 0.5340909090909091 0.25 0.125 0.056818181818181816 0.03409090909090909 wangcheng 1Сʱ_mousemovements
81.91396866666666 0 0 0 0 1011.867859 0 0 69.643333 40.194272 0 185.697693 0 1011.867859 139.754242 16.0 0.14285714285714285 0.2857142857142857 0.0 0.14285714285714285 0.0 0.14285714285714285 0.14285714285714285 0.14285714285714285 5.743532684210526 17.888544 316.80222125 0.8837209302325582 0.023255813953488372 0.09302325581395349 0.8571428571428571 0.0 0.0 0.0 0.0 0.14285714285714285 0.0 0.0 0.725 0.05 0.2 0.025 0.0 wangcheng 1Сʱ_mousemovements
