138.43966849999998 302.70541349999996 841.257324 811.997467 454.778259 804.8520205 694.987427 542.123657 581.6651764999999 156.89269142857142 208.57698225 95.61757066666667 336.91744523076926 518.582794 258.2592115 210.94333628571425 0.08695652173913043 0.15217391304347827 0.08695652173913043 0.13043478260869565 0.2826086956521739 0.06521739130434782 0.043478260869565216 0.15217391304347827 66.5558006346154 0 475.80298939999994 0.968944099378882 0.0 0.031055900621118012 0.7391304347826086 0.043478260869565216 0.06521739130434782 0.043478260869565216 0.021739130434782608 0.043478260869565216 0.021739130434782608 0.021739130434782608 0.6277372262773723 0.20437956204379562 0.0948905109489051 0.0364963503649635 0.0364963503649635 wanghe 8Сʱ_mousemovements
86.78197584374999 286.9264055555555 321.3564985 486.7553492222222 507.510376 517.1835836666668 2339.838135 677.222595 267.9932142857143 317.8330211666667 273.23367099999996 167.55174533333334 180.811052 628.7973344444445 288.216654 118.11252354545451 0.11290322580645161 0.0967741935483871 0.06451612903225806 0.04838709677419355 0.2903225806451613 0.14516129032258066 0.06451612903225806 0.1774193548387097 72.54778654117645 32.21892283333333 221.99908521052635 0.8717948717948718 0.03076923076923077 0.09743589743589744 0.5161290322580645 0.14516129032258066 0.0967741935483871 0.14516129032258066 0.016129032258064516 0.04838709677419355 0.016129032258064516 0.016129032258064516 0.6306818181818182 0.1875 0.07386363636363637 0.05113636363636364 0.056818181818181816 wanghe 8Сʱ_mousemovements
68.07386383333335 345.7964733333333 335.84838233333335 642.6822713333332 150.884369 0 0 2861.458496 325.07201399999997 694.0513168000001 110.892212 504.333519 76.21222361538462 404.28819285714286 212.63330066666666 40.871856799999996 0.0975609756097561 0.12195121951219512 0.04878048780487805 0.04878048780487805 0.3170731707317073 0.17073170731707318 0.07317073170731707 0.12195121951219512 67.6189768378378 59.039519999999996 292.2167036 0.888 0.032 0.08 0.5853658536585366 0.14634146341463414 0.14634146341463414 0.07317073170731707 0.024390243902439025 0.0 0.0 0.024390243902439025 0.5377358490566038 0.25471698113207547 0.10377358490566038 0.04716981132075472 0.05660377358490566 wanghe 8Сʱ_mousemovements
112.05008555555557 378.1470485 245.6301195 0 0 1058.7505489999999 0 0 228.33493 608.891408 0 0 73.25968420000001 334.3650504 132.1910258 125.57380359999999 0.041666666666666664 0.125 0.0 0.0 0.20833333333333334 0.20833333333333334 0.20833333333333334 0.20833333333333334 70.57824322972974 16.0 71.58348749999999 0.961038961038961 0.012987012987012988 0.025974025974025976 0.75 0.08333333333333333 0.08333333333333333 0.0 0.0 0.08333333333333333 0.0 0.0 0.6417910447761194 0.16417910447761194 0.13432835820895522 0.029850746268656716 0.029850746268656716 wanghe 8Сʱ_mousemovements
130.91238684615385 368.83775314285714 469.0715635 758.4383849999999 955.3778075 0 727.903381 0 110.298988 602.0495403333333 219.858154 166.0800625 180.49979263636362 386.300386375 226.34200285714286 278.6435007142857 0.025 0.075 0.025 0.05 0.275 0.2 0.175 0.175 77.54281539024389 0 192.68736625000003 0.9389312977099237 0.0 0.061068702290076333 0.65 0.175 0.05 0.05 0.05 0.0 0.025 0.0 0.5964912280701754 0.21929824561403508 0.07017543859649122 0.07894736842105263 0.03508771929824561 wanghe 8Сʱ_mousemovements
65.19618266666667 166.372192 0 0 0 0 0 0 0 0 0 40.646858 76.360204 60.724813000000005 0 166.372192 0.0 0.0 0.0 0.14285714285714285 0.42857142857142855 0.2857142857142857 0.0 0.14285714285714285 8.149522833333334 0 166.372192 0.9795918367346939 0.0 0.02040816326530612 0.8571428571428571 0.14285714285714285 0.0 0.0 0.0 0.0 0.0 0.0 0.717948717948718 0.1794871794871795 0.02564102564102564 0.05128205128205128 0.02564102564102564 wanghe 8Сʱ_mousemovements
163.627121 0 0 0 2992.373291 0 0 0 2992.373291 0 0 0 0 0 0 163.627121 0.5 0.0 0.0 0.0 0.0 0.0 0.0 0.5 526.0000686666666 0 0 1.0 0.0 0.0 0.5 0.0 0.0 0.0 0.5 0.0 0.0 0.0 1.0 0.0 0.0 0.0 0.0 wanghe 8Сʱ_mousemovements
0 256.753723 0 0 0 1556.370361 0 0 0 0 906.562042 0 0 0 0 0 0.0 0.0 1.0 0.0 0.0 0.0 0.0 0.0 453.281021 0 0 1.0 0.0 0.0 0.0 0.5 0.0 0.0 0.0 0.5 0.0 0.0 0.0 0.5 0.5 0.0 0.0 wanghe 8Сʱ_mousemovements
0 0 0 0 0 0 0 0 0 0 0 0 0 0 0 0 0 0 0 0 0 0 0 0 0 0 0 0 0 0 0 0 0 0 0 0 0 0 0 0 0 0 0 wanghe 8Сʱ_mousemovements
100.83342660000001 0 0 0 0 0 0 0 65.744789 63.713808 0 278.736664 32.258064 0 0 0 0.2 0.4 0.0 0.2 0.2 0.0 0.0 0.0 18.267597666666667 0 65.744789 0.96 0.0 0.04 1.0 0.0 0.0 0.0 0.0 0.0 0.0 0.0 0.7 0.15 0.05 0.05 0.05 wanghe 8Сʱ_mousemovements
130.9239688 246.39114366666664 302.876862 1410.769653 1357.561523 0 1836.425415 950.899048 523.2588613333334 281.4602218333334 324.172607 172.32986966666667 100.958954 500.2417853333334 544.8498057500001 1836.425415 0.12 0.24 0.04 0.12 0.12 0.12 0.16 0.08 94.59516227272728 41.8408165 256.32774488888884 0.9 0.01818181818181818 0.08181818181818182 0.6 0.12 0.04 0.04 0.08 0.0 0.08 0.04 0.63 0.18 0.13 0.03 0.03 wanghe 8Сʱ_mousemovements
175.4335775 0 726.8350675 0 1904.858276 0 0 603.480347 0 983.156433 557.3367460000001 1904.858276 28.787259999999996 0 301.7401735 0 0.0 0.125 0.25 0.125 0.25 0.0 0.25 0.0 156.16395080769232 0 603.480347 0.9629629629629629 0.0 0.037037037037037035 0.5 0.0 0.25 0.0 0.125 0.0 0.0 0.125 0.7894736842105263 0.10526315789473684 0.05263157894736842 0.05263157894736842 0.0 wanghe 8Сʱ_mousemovements
140.241951625 304.7269897272727 505.76213566666667 669.5417906 678.42224125 242.692322 668.0571895 1503.0272674999999 480.8651732 369.6572985 753.21212775 575.0161386666667 294.96105012500004 1228.622696 219.669697 431.05282333333327 0.10869565217391304 0.17391304347826086 0.08695652173913043 0.13043478260869565 0.17391304347826086 0.043478260869565216 0.15217391304347827 0.13043478260869565 111.25758212781952 119.77182783333335 374.9699156428572 0.869281045751634 0.0392156862745098 0.0915032679738562 0.34782608695652173 0.2391304347826087 0.06521739130434782 0.10869565217391304 0.08695652173913043 0.021739130434782608 0.043478260869565216 0.08695652173913043 0.5942028985507246 0.18115942028985507 0.11594202898550725 0.07246376811594203 0.036231884057971016 wanghe 8Сʱ_mousemovements
128.93866728846155 342.2672746666667 525.3195374000001 428.90151949999995 500.6113282 142.271088 1630.7190555 477.206909 155.745566 222.93616857142857 592.1070674444445 245.61279585714286 153.1416315714286 439.0952046666667 128.44621590000003 255.32076816666665 0.10126582278481013 0.08860759493670886 0.11392405063291139 0.08860759493670886 0.08860759493670886 0.11392405063291139 0.25316455696202533 0.1518987341772152 73.71296735585585 105.904063 274.990119 0.9173553719008265 0.03305785123966942 0.049586776859504134 0.6582278481012658 0.11392405063291139 0.06329113924050633 0.05063291139240506 0.06329113924050633 0.012658227848101266 0.02531645569620253 0.012658227848101266 0.5 0.2909090909090909 0.11818181818181818 0.045454545454545456 0.045454545454545456 wanghe 8Сʱ_mousemovements
92.87289861904762 326.47749725 452.1195137272727 373.1655122 450.0613555 602.2612760000001 668.648804 682.841858 400.871521 349.99724683333335 274.1849571 92.6555364 161.8398553636364 232.63240285714286 254.4454664761904 215.99669988888888 0.014285714285714285 0.08571428571428572 0.14285714285714285 0.07142857142857142 0.15714285714285714 0.1 0.3 0.12857142857142856 62.84340065384615 131.66976963636364 390.678466 0.900990099009901 0.054455445544554455 0.04455445544554455 0.6 0.05714285714285714 0.15714285714285714 0.07142857142857142 0.05714285714285714 0.02857142857142857 0.014285714285714285 0.014285714285714285 0.5449438202247191 0.25842696629213485 0.12359550561797752 0.056179775280898875 0.016853932584269662 wanghe 8Сʱ_mousemovements
110.70311561764704 343.138916 219.64698375 421.681183 1358.890991 323.455841 929.540344 1347.1013795 743.9068604 328.51140483333336 143.874547 47.99862280000001 266.0558111666667 494.02582528571435 227.85924966666664 98.96280316666667 0.09803921568627451 0.11764705882352941 0.0784313725490196 0.09803921568627451 0.23529411764705882 0.13725490196078433 0.11764705882352941 0.11764705882352941 88.88215535971223 119.10525499999999 361.2884985 0.9266666666666666 0.03333333333333333 0.04 0.6666666666666666 0.0392156862745098 0.0784313725490196 0.058823529411764705 0.0392156862745098 0.0196078431372549 0.058823529411764705 0.0392156862745098 0.5483870967741935 0.22580645161290322 0.14516129032258066 0.03225806451612903 0.04838709677419355 wanghe 8Сʱ_mousemovements
147.8777974814815 221.74435666666668 609.662781 501.42236920000005 584.96451575 931.1474913333333 0 952.414124 190.0407905 383.573227 445.35428414285707 279.083688 96.83586083333334 830.1497293333333 216.50498925 293.82025212499997 0.045454545454545456 0.09090909090909091 0.1590909090909091 0.13636363636363635 0.13636363636363635 0.06818181818181818 0.18181818181818182 0.18181818181818182 94.76314178448274 20.06604175 270.7370109 0.8656716417910447 0.05970149253731343 0.07462686567164178 0.6136363636363636 0.06818181818181818 0.022727272727272728 0.11363636363636363 0.09090909090909091 0.06818181818181818 0.0 0.022727272727272728 0.6470588235294118 0.15966386554621848 0.10084033613445378 0.05042016806722689 0.04201680672268908 wanghe 8Сʱ_mousemovements
118.84307136956522 303.32059346666665 664.1391048749999 605.4837272727273 916.7456434999999 993.72509 873.759786 0 324.09652450000004 649.6550762857142 694.3218869285713 211.40056564285712 364.191974375 233.04142062500003 274.8759835384616 225.22154061904763 0.06593406593406594 0.07692307692307693 0.15384615384615385 0.15384615384615385 0.08791208791208792 0.08791208791208792 0.14285714285714285 0.23076923076923078 94.76933247222225 115.70068927777778 349.37234033333334 0.875 0.0625 0.0625 0.5054945054945055 0.16483516483516483 0.08791208791208792 0.12087912087912088 0.04395604395604396 0.04395604395604396 0.03296703296703297 0.0 0.602996254681648 0.20599250936329588 0.09737827715355805 0.056179775280898875 0.03745318352059925 wanghe 8Сʱ_mousemovements
76.212974 209.31518533333335 341.96460750000006 350.4638723333333 912.321452 0 647.114502 589.359619 397.5565156 363.61285799999996 0 479.378947 159.77503614285715 377.71463 56.751278 589.359619 0.22727272727272727 0.18181818181818182 0.0 0.13636363636363635 0.3181818181818182 0.045454545454545456 0.045454545454545456 0.045454545454545456 50.5513480140845 0.0 381.49732466666666 0.8765432098765432 0.012345679012345678 0.1111111111111111 0.4090909090909091 0.13636363636363635 0.09090909090909091 0.13636363636363635 0.13636363636363635 0.0 0.045454545454545456 0.045454545454545456 0.4927536231884058 0.2463768115942029 0.14492753623188406 0.07246376811594203 0.043478260869565216 wanghe 8Сʱ_mousemovements
130.36408533333332 485.936493 424.24145550000003 611.348694 811.96933 1891.244751 0 0 0 418.05696871428574 522.2326815 298.2944415 94.456531 577.28201875 0 54.001854333333334 0.0 0.3181818181818182 0.09090909090909091 0.09090909090909091 0.18181818181818182 0.18181818181818182 0.0 0.13636363636363635 103.5677075 586.4944475000001 29.361444 0.9523809523809523 0.031746031746031744 0.015873015873015872 0.6818181818181818 0.045454545454545456 0.09090909090909091 0.045454545454545456 0.09090909090909091 0.045454545454545456 0.0 0.0 0.4897959183673469 0.30612244897959184 0.10204081632653061 0.04081632653061224 0.061224489795918366 wanghe 8Сʱ_mousemovements
61.13523593749999 266.707176 559.4573359999999 377.658188 517.236694 0 0 3088.147705 315.4303233333333 945.0260657499999 136.486969 40.186737 205.42124430000004 218.68607300000002 14.152163999999999 21.276596 0.11538461538461539 0.15384615384615385 0.038461538461538464 0.11538461538461539 0.38461538461538464 0.07692307692307693 0.07692307692307693 0.038461538461538464 110.54835939705882 0.0 2.439829 0.9444444444444444 0.013888888888888888 0.041666666666666664 0.6153846153846154 0.15384615384615385 0.07692307692307693 0.07692307692307693 0.038461538461538464 0.0 0.0 0.038461538461538464 0.47368421052631576 0.17543859649122806 0.17543859649122806 0.10526315789473684 0.07017543859649122 wanghe 8Сʱ_mousemovements
247.45934875 0 0 0 710.650391 0 0 0 0 379.8517665 115.06693100000001 710.650391 0 0 0 0 0.0 0.4 0.4 0.2 0.0 0.0 0.0 0.0 141.70731550000002 0 0 1.0 0.0 0.0 0.8 0.0 0.0 0.0 0.2 0.0 0.0 0.0 0.5714285714285714 0.14285714285714285 0.14285714285714285 0.14285714285714285 0.0 wanghe 8Сʱ_mousemovements
121.70667399999999 505.244293 1224.7742615 0 0 0 0 0 0 505.244293 1189.4099805 224.310242 182.4265365 0 21.276596 68.822021 0.0 0.125 0.25 0.125 0.25 0.0 0.125 0.125 126.28683355555556 0 153.58168 0.9642857142857143 0.0 0.03571428571428571 0.625 0.125 0.25 0.0 0.0 0.0 0.0 0.0 0.5238095238095238 0.23809523809523808 0.047619047619047616 0.09523809523809523 0.09523809523809523 wanghe 8Сʱ_mousemovements
135.33210611764707 259.84529125 668.2587188 801.28009 398.349762 427.6473336666666 0 1048.3439329999999 50.75211 332.55563766666666 573.3322448000001 110.59519959999997 60.975609 662.1408554 203.64433214285714 0 0.030303030303030304 0.2727272727272727 0.15151515151515152 0.15151515151515152 0.030303030303030304 0.15151515151515152 0.21212121212121213 0.0 125.35792428089884 103.725021 0 0.9888888888888889 0.011111111111111112 0.0 0.5151515151515151 0.12121212121212122 0.15151515151515152 0.030303030303030304 0.030303030303030304 0.09090909090909091 0.0 0.06060606060606061 0.44155844155844154 0.24675324675324675 0.15584415584415584 0.1038961038961039 0.05194805194805195 wanghe 8Сʱ_mousemovements
112.27919706060608 336.06295177777776 613.51593775 584.9676413333333 815.795837 711.7469918571429 634.518417 0 499.54543714285717 220.81892430000002 233.88530350000002 239.23517933333335 392.6970608666667 437.03519425 148.1592488 193.806978875 0.11864406779661017 0.1694915254237288 0.06779661016949153 0.1016949152542373 0.2542372881355932 0.06779661016949153 0.0847457627118644 0.13559322033898305 76.84000453216375 385.764917 272.97584993333334 0.9095744680851063 0.010638297872340425 0.0797872340425532 0.559322033898305 0.15254237288135594 0.06779661016949153 0.05084745762711865 0.01694915254237288 0.11864406779661017 0.03389830508474576 0.0 0.5681818181818182 0.19318181818181818 0.125 0.0625 0.05113636363636364 wanghe 8Сʱ_mousemovements
91.52940175000002 237.909142 370.9459075 865.9775999999999 671.093628 0 0 880.727112 357.9476015 240.74031100000002 0 403.4551108333333 321.7630695 0 21.276596 133.50740222222223 0.08333333333333333 0.16666666666666666 0.0 0.25 0.08333333333333333 0.0 0.041666666666666664 0.375 91.8252571875 9.560396 35.0096075 0.9411764705882353 0.029411764705882353 0.029411764705882353 0.6666666666666666 0.08333333333333333 0.08333333333333333 0.08333333333333333 0.041666666666666664 0.0 0.0 0.041666666666666664 0.6451612903225806 0.1935483870967742 0.04838709677419355 0.08064516129032258 0.03225806451612903 wanghe 8Сʱ_mousemovements
115.95393916666667 621.853836 559.485474 295.709839 116.602219 0 0 0 0 765.916138 0 116.602219 27.691759 286.2330856666667 139.635147 143.985062 0.0 0.09090909090909091 0.0 0.09090909090909091 0.09090909090909091 0.5454545454545454 0.09090909090909091 0.09090909090909091 68.82944736842106 0 295.709839 0.9743589743589743 0.0 0.02564102564102564 0.5454545454545454 0.18181818181818182 0.09090909090909091 0.09090909090909091 0.09090909090909091 0.0 0.0 0.0 0.625 0.21875 0.0625 0.03125 0.0625 wanghe 8Сʱ_mousemovements
0 0 0 0 0 0 0 0 0 0 0 0 0 0 0 0 0 0 0 0 0 0 0 0 0 0 0 0 0 0 0 0 0 0 0 0 0 0 0 0 0 0 0 wanghe 8Сʱ_mousemovements
0 0 0 0 0 0 0 0 0 0 0 0 0 0 0 0 0 0 0 0 0 0 0 0 0 0 0 0 0 0 0 0 0 0 0 0 0 0 0 0 0 0 0 wanghe 8Сʱ_mousemovements
0 0 0 0 0 0 0 0 0 0 0 0 0 0 0 0 0 0 0 0 0 0 0 0 0 0 0 0 0 0 0 0 0 0 0 0 0 0 0 0 0 0 0 wanghe 8Сʱ_mousemovements
61.069971 88.183502 0 553.076111 388.698883 585.210243 791.641357 0 510.533386 543.643127 820.830688 0 505.0752056666667 192.7356605 88.183502 404.69600449999996 0.09090909090909091 0.09090909090909091 0.09090909090909091 0.0 0.2727272727272727 0.18181818181818182 0.09090909090909091 0.18181818181818182 16.52178532142857 0 340.7326974545454 0.835820895522388 0.0 0.16417910447761194 0.18181818181818182 0.09090909090909091 0.0 0.09090909090909091 0.18181818181818182 0.36363636363636365 0.09090909090909091 0.0 0.5714285714285714 0.21428571428571427 0.10714285714285714 0.03571428571428571 0.07142857142857142 wanghe 8Сʱ_mousemovements
143.50650336363637 424.6669798 390.97462966666666 607.45922475 639.8382265 828.1334636666667 632.8470056666666 0 624.0063511428572 0 245.5918275 263.8205266666667 327.63914500000004 819.7778323333333 277.7946435 315.911699125 0.22580645161290322 0.0 0.06451612903225806 0.1935483870967742 0.0967741935483871 0.0967741935483871 0.06451612903225806 0.25806451612903225 95.5627371195652 23.23077 275.27011533333337 0.8440366972477065 0.01834862385321101 0.13761467889908258 0.3548387096774194 0.16129032258064516 0.0967741935483871 0.12903225806451613 0.06451612903225806 0.0967741935483871 0.0967741935483871 0.0 0.5894736842105263 0.21052631578947367 0.09473684210526316 0.07368421052631578 0.031578947368421054 wanghe 8Сʱ_mousemovements
219.40796520000004 317.5925725 436.16114266666665 342.3595683333333 566.2876739999999 669.7653399999999 1208.0885925 0 517.8806963333333 552.595154 289.3148703333333 374.9369124999999 288.596283 918.790446 383.536153 369.2066345 0.125 0.041666666666666664 0.125 0.25 0.041666666666666664 0.125 0.125 0.16666666666666666 61.32801569565218 0.0 375.28775021428567 0.8598130841121495 0.009345794392523364 0.1308411214953271 0.20833333333333334 0.25 0.125 0.125 0.08333333333333333 0.125 0.08333333333333333 0.0 0.6979166666666666 0.10416666666666667 0.07291666666666667 0.0625 0.0625 wanghe 8Сʱ_mousemovements
139.78985866666667 1196.8459165 362.177155 0 0 0 0 1029.428467 286.034237 232.45473500000003 1029.428467 0 0 0 189.980591 1948.280029 0.2857142857142857 0.2857142857142857 0.14285714285714285 0.0 0.0 0.0 0.14285714285714285 0.14285714285714285 103.32325919230769 0 506.08743066666665 0.896551724137931 0.0 0.10344827586206896 0.42857142857142855 0.2857142857142857 0.14285714285714285 0.0 0.0 0.0 0.0 0.14285714285714285 0.56 0.32 0.0 0.12 0.0 wanghe 8Сʱ_mousemovements
178.98762385714284 546.50782025 467.763954 353.9195935 1048.486328 526.5878755 1195.2078555 668.052917 566.27225475 111.1227495 347.13887471428563 205.03477875000002 589.9480413333334 854.193787 332.2206 601.66325 0.14285714285714285 0.07142857142857142 0.25 0.14285714285714285 0.10714285714285714 0.03571428571428571 0.14285714285714285 0.10714285714285714 90.54854016483516 0 295.94896927272725 0.8921568627450981 0.0 0.10784313725490197 0.5 0.14285714285714285 0.07142857142857142 0.07142857142857142 0.03571428571428571 0.07142857142857142 0.07142857142857142 0.03571428571428571 0.5862068965517241 0.1839080459770115 0.12643678160919541 0.06896551724137931 0.034482758620689655 wanghe 8Сʱ_mousemovements
115.692694625 0 0 629.841858 464.203278 990.1379944 0 0 464.203278 0.0 387.53522499999997 552.8276215000001 0 894.456932 61.0970155 454.94571675000003 0.06666666666666667 0.06666666666666667 0.13333333333333333 0.13333333333333333 0.0 0.2 0.13333333333333333 0.26666666666666666 72.98862856818182 0 536.9681439999999 0.8627450980392157 0.0 0.13725490196078433 0.5333333333333333 0.0 0.0 0.06666666666666667 0.06666666666666667 0.3333333333333333 0.0 0.0 0.7333333333333333 0.08888888888888889 0.0 0.13333333333333333 0.044444444444444446 wanghe 8Сʱ_mousemovements
105.66396400000002 416.63909925 450.336548 361.0119325 509.1417796666667 655.7493712 998.11499 0 236.30632266666666 0 273.25576975 383.62952859999996 109.680092 262.695618 382.16891100000004 566.4294815714286 0.1111111111111111 0.0 0.14814814814814814 0.18518518518518517 0.1111111111111111 0.037037037037037035 0.14814814814814814 0.25925925925925924 61.49324088505746 191.3212125 339.41276808333333 0.8613861386138614 0.019801980198019802 0.1188118811881188 0.4074074074074074 0.14814814814814814 0.037037037037037035 0.07407407407407407 0.1111111111111111 0.18518518518518517 0.037037037037037035 0.0 0.6206896551724138 0.22988505747126436 0.09195402298850575 0.034482758620689655 0.022988505747126436 wanghe 8Сʱ_mousemovements
0 0 0 0 0 0 0 0 0 0 0 0 0 0 0 0 0 0 0 0 0 0 0 0 0 0 0 0 0 0 0 0 0 0 0 0 0 0 0 0 0 0 0 wanghe 8Сʱ_mousemovements
0 0 0 0 0 0 0 0 0 0 0 0 0 0 0 0 0 0 0 0 0 0 0 0 0 0 0 0 0 0 0 0 0 0 0 0 0 0 0 0 0 0 0 wanghe 8Сʱ_mousemovements
0 0 0 0 0 0 0 0 0 0 0 0 0 0 0 0 0 0 0 0 0 0 0 0 0 0 0 0 0 0 0 0 0 0 0 0 0 0 0 0 0 0 0 wanghe 8Сʱ_mousemovements
