98.00360027516776 613.37031404 484.6819000000001 1386.5957253333333 1534.021614 1262.893967 1994.8993736666664 0 761.7093429999999 228.76033890476188 187.04590718181817 388.0317370714286 303.90065322857146 202.61216120689653 192.08789939215688 557.7834324827586 0.09523809523809523 0.1 0.05238095238095238 0.06666666666666667 0.16666666666666666 0.1380952380952381 0.24285714285714285 0.1380952380952381 97.77151047626111 71.33363794117649 171.53504205882354 0.9519774011299436 0.02401129943502825 0.02401129943502825 0.7061611374407583 0.11848341232227488 0.07109004739336493 0.05687203791469194 0.023696682464454975 0.009478672985781991 0.014218009478672985 0.0 0.6336336336336337 0.22822822822822822 0.07507507507507508 0.042042042042042045 0.021021021021021023 leishengchuan 4Сʱ_mousemovements
106.6958498736842 293.2404049411765 549.5623778888889 1198.4593096666665 1109.8556313333331 0 632.5065106666667 941.9530944999999 412.3395744545454 250.18669182608696 266.72934982352945 193.60779355555556 142.43117040909098 384.61502125 120.45247431578949 175.38687640000003 0.08333333333333333 0.17424242424242425 0.12878787878787878 0.06818181818181818 0.16666666666666666 0.12121212121212122 0.14393939393939395 0.11363636363636363 68.5811806698795 34.99394223809524 121.35090784615385 0.9242761692650334 0.0467706013363029 0.028953229398663696 0.7196969696969697 0.12878787878787878 0.06818181818181818 0.022727272727272728 0.022727272727272728 0.0 0.022727272727272728 0.015151515151515152 0.526829268292683 0.3073170731707317 0.1024390243902439 0.03902439024390244 0.024390243902439025 leishengchuan 4Сʱ_mousemovements
218.35214507999999 278.987305 1013.877991 536.429909 0 1604.7875573333333 1375.1620785 0 620.16268975 1157.6397585714287 118.1674345 211.540787 114.40539733333334 678.0228554285713 378.51796233333334 253.8064738 0.10526315789473684 0.18421052631578946 0.05263157894736842 0.02631578947368421 0.23684210526315788 0.18421052631578946 0.07894736842105263 0.13157894736842105 159.57190845689658 8.2420022 103.27302366666667 0.8787878787878788 0.07575757575757576 0.045454545454545456 0.6578947368421053 0.02631578947368421 0.02631578947368421 0.10526315789473684 0.0 0.07894736842105263 0.10526315789473684 0.0 0.6692913385826772 0.18110236220472442 0.09448818897637795 0.031496062992125984 0.023622047244094488 leishengchuan 4Сʱ_mousemovements
0 0 0 0 0 0 0 0 0 0 0 0 0 0 0 0 0 0 0 0 0 0 0 0 0 0 0 0 0 0 0 0 0 0 0 0 0 0 0 0 0 0 0 leishengchuan 4Сʱ_mousemovements
0 0 0 0 0 0 0 0 0 0 0 0 0 0 0 0 0 0 0 0 0 0 0 0 0 0 0 0 0 0 0 0 0 0 0 0 0 0 0 0 0 0 0 leishengchuan 4Сʱ_mousemovements
0 0 0 0 0 0 0 0 0 0 0 0 0 0 0 0 0 0 0 0 0 0 0 0 0 0 0 0 0 0 0 0 0 0 0 0 0 0 0 0 0 0 0 leishengchuan 4Сʱ_mousemovements
0 0 0 0 0 0 0 0 0 0 0 0 0 0 0 0 0 0 0 0 0 0 0 0 0 0 0 0 0 0 0 0 0 0 0 0 0 0 0 0 0 0 0 leishengchuan 4Сʱ_mousemovements
0 0 0 0 0 0 0 0 0 0 0 0 0 0 0 0 0 0 0 0 0 0 0 0 0 0 0 0 0 0 0 0 0 0 0 0 0 0 0 0 0 0 0 leishengchuan 4Сʱ_mousemovements
109.01114614705881 360.1084278571429 449.63793933333335 689.066693 894.055786 440.684723 0 642.881958 457.9290238 171.49739083333336 266.8589943333333 278.847377 188.6314979 190.6202303 312.24892690909087 347.12173740000003 0.0847457627118644 0.1016949152542373 0.15254237288135594 0.05084745762711865 0.1694915254237288 0.1694915254237288 0.1864406779661017 0.0847457627118644 108.38990897761194 58.639962357142856 174.559433 0.8993288590604027 0.09395973154362416 0.006711409395973154 0.576271186440678 0.23728813559322035 0.05084745762711865 0.0847457627118644 0.01694915254237288 0.01694915254237288 0.0 0.01694915254237288 0.5579710144927537 0.2753623188405797 0.10869565217391304 0.028985507246376812 0.028985507246376812 leishengchuan 4Сʱ_mousemovements
114.1564421111111 459.22367318518525 630.4930305 888.1836698666667 515.0439061428572 1738.7302246 698.451477 692.428711 395.27692595 367.238086225 238.71961449999995 210.35650593939397 133.9451684375 337.4515275172414 347.70058280952384 324.85922384 0.0796812749003984 0.1593625498007968 0.11952191235059761 0.13147410358565736 0.12749003984063745 0.11553784860557768 0.16733067729083664 0.099601593625498 94.29672015343203 36.37569819444444 193.06105927272728 0.9405063291139241 0.04556962025316456 0.013924050632911392 0.684 0.108 0.088 0.06 0.028 0.02 0.004 0.008 0.6081081081081081 0.22297297297297297 0.10945945945945947 0.02837837837837838 0.031081081081081083 leishengchuan 4Сʱ_mousemovements
111.58169183850933 405.82181499999996 556.3113657333332 732.3544496 0 1331.93498225 1540.0777180000002 938.229553 255.22272443478263 251.76281165714298 410.90385937499997 171.4498504 159.3014881794872 219.5183263333333 388.60029763157894 246.84657259259254 0.1031390134529148 0.15695067264573992 0.07174887892376682 0.06726457399103139 0.17488789237668162 0.13452914798206278 0.17040358744394618 0.1210762331838565 79.36514820336386 38.9886855 223.45627943478266 0.930298719772404 0.03698435277382646 0.032716927453769556 0.7219730941704036 0.13901345291479822 0.06726457399103139 0.02242152466367713 0.0 0.017937219730941704 0.026905829596412557 0.004484304932735426 0.5951293759512938 0.2267884322678843 0.1111111111111111 0.0426179604261796 0.0243531202435312 leishengchuan 4Сʱ_mousemovements
135.80789098765425 420.7028741176471 791.4791739230769 733.5784770000001 572.42845925 735.3840242857143 2642.4525556666667 0 559.7503812222224 587.9348234117649 409.8036238666667 412.175459875 217.81453338095235 385.8809378260869 315.74629947058816 308.4830171904762 0.12857142857142856 0.12142857142857143 0.10714285714285714 0.05714285714285714 0.15 0.16428571428571428 0.12142857142857143 0.15 143.39893208732397 77.01012480000001 181.78697946153846 0.9149484536082474 0.05154639175257732 0.03350515463917526 0.5785714285714286 0.12142857142857143 0.09285714285714286 0.10714285714285714 0.02857142857142857 0.05 0.02142857142857143 0.0 0.6111111111111112 0.225 0.07777777777777778 0.05555555555555555 0.030555555555555555 leishengchuan 4Сʱ_mousemovements
133.07787434285711 473.3392568333333 498.68606175 1068.6006407999998 516.663452 2396.4094845 1073.698639 2235.57104475 298.61273800000004 496.10933199999994 489.5550176666667 150.619538 64.48614764999999 505.03696133333324 828.2738389285714 344.1346197857143 0.08653846153846154 0.07692307692307693 0.08653846153846154 0.08653846153846154 0.19230769230769232 0.20192307692307693 0.1346153846153846 0.1346153846153846 133.4784127122807 13.570178857142855 226.89524863636362 0.9193548387096774 0.04516129032258064 0.035483870967741936 0.6730769230769231 0.11538461538461539 0.07692307692307693 0.04807692307692308 0.009615384615384616 0.019230769230769232 0.019230769230769232 0.038461538461538464 0.6219081272084805 0.1978798586572438 0.08480565371024736 0.06007067137809187 0.0353356890459364 leishengchuan 4Сʱ_mousemovements
87.66369383333335 336.28995875000004 0 1885.977173 0 1586.03418 0 0 159.1977195 208.6564018 622.8282803333333 111.15546 341.8888547142857 95.64082833333333 62.5 200.0 0.08333333333333333 0.20833333333333334 0.125 0.08333333333333333 0.2916666666666667 0.125 0.041666666666666664 0.041666666666666664 82.96071194805194 7.142857 0 0.9871794871794872 0.01282051282051282 0.0 0.75 0.16666666666666666 0.0 0.041666666666666664 0.0 0.041666666666666664 0.0 0.0 0.6515151515151515 0.2727272727272727 0.06060606060606061 0.015151515151515152 0.0 leishengchuan 4Сʱ_mousemovements
123.86109585365857 398.541912 584.4127197692308 1009.1631224444445 921.1540219999999 0 1461.946594 2511.846436 148.85410514285715 383.95402188 383.02439366666664 474.6292287142857 128.80933561538464 492.93245886666665 354.81749504545456 183.88171895238096 0.05737704918032787 0.20491803278688525 0.09836065573770492 0.05737704918032787 0.10655737704918032 0.12295081967213115 0.18032786885245902 0.1721311475409836 86.52521172634268 309.57909707692306 239.94163266666666 0.9536585365853658 0.03170731707317073 0.014634146341463415 0.6721311475409836 0.10655737704918032 0.10655737704918032 0.07377049180327869 0.01639344262295082 0.0 0.01639344262295082 0.00819672131147541 0.612565445026178 0.2356020942408377 0.08376963350785341 0.04712041884816754 0.020942408376963352 leishengchuan 4Сʱ_mousemovements
