151.55462791666667 724.213562 540.6578902499999 439.707352 764.4628605 617.144836 627.0250446666668 710.78656 108.5557555 669.4300842499999 385.027102125 450.78853625000005 129.032257 83.81569250000001 444.01258033333335 457.97171000000003 0.07692307692307693 0.15384615384615385 0.3076923076923077 0.15384615384615385 0.038461538461538464 0.07692307692307693 0.11538461538461539 0.07692307692307693 115.49011654166667 370.867523 180.83202514285716 0.8888888888888888 0.024691358024691357 0.08641975308641975 0.46153846153846156 0.038461538461538464 0.15384615384615385 0.07692307692307693 0.07692307692307693 0.038461538461538464 0.11538461538461539 0.038461538461538464 0.589041095890411 0.1917808219178082 0.1095890410958904 0.0821917808219178 0.0273972602739726 renqiuchen 4Сʱ_mousemovements
184.09206119354837 422.8688107692308 824.7491610000002 899.224237 873.7402802500001 1522.121948 1593.4364015 0 604.6909002500001 557.9737358 383.34012825 518.167531857143 314.94099760000006 385.94991566666675 443.79370808333334 406.59698214285714 0.12903225806451613 0.08064516129032258 0.12903225806451613 0.22580645161290322 0.08064516129032258 0.04838709677419355 0.1935483870967742 0.11290322580645161 128.5946984926108 94.61724866666667 112.00658727272729 0.8903508771929824 0.013157894736842105 0.09649122807017543 0.5 0.20967741935483872 0.0967741935483871 0.08064516129032258 0.06451612903225806 0.016129032258064516 0.03225806451612903 0.0 0.54337899543379 0.2968036529680365 0.0958904109589041 0.0502283105022831 0.0136986301369863 renqiuchen 4Сʱ_mousemovements
136.4315073846154 328.8188095 1097.1027530000001 920.4239296666666 836.8173220000001 1092.7017515 2413.441162 0 158.260435 202.74369566666667 345.14895842857146 501.10479499999997 137.8282264 296.171707 970.0057195 214.23718028571426 0.047619047619047616 0.07142857142857142 0.16666666666666666 0.21428571428571427 0.11904761904761904 0.07142857142857142 0.14285714285714285 0.16666666666666666 110.23017963909774 25.712975 128.860111625 0.8866666666666667 0.006666666666666667 0.10666666666666667 0.6190476190476191 0.14285714285714285 0.047619047619047616 0.07142857142857142 0.047619047619047616 0.047619047619047616 0.023809523809523808 0.0 0.55 0.2642857142857143 0.10714285714285714 0.07857142857142857 0.0 renqiuchen 4Сʱ_mousemovements
0 0 0 0 0 0 0 0 0 0 0 0 0 0 0 0 0 0 0 0 0 0 0 0 0 0 0 0 0 0 0 0 0 0 0 0 0 0 0 0 0 0 0 renqiuchen 4Сʱ_mousemovements
0 0 0 0 0 0 0 0 0 0 0 0 0 0 0 0 0 0 0 0 0 0 0 0 0 0 0 0 0 0 0 0 0 0 0 0 0 0 0 0 0 0 0 renqiuchen 4Сʱ_mousemovements
0 0 0 0 0 0 0 0 0 0 0 0 0 0 0 0 0 0 0 0 0 0 0 0 0 0 0 0 0 0 0 0 0 0 0 0 0 0 0 0 0 0 0 renqiuchen 4Сʱ_mousemovements
0 0 0 0 0 0 0 0 0 0 0 0 0 0 0 0 0 0 0 0 0 0 0 0 0 0 0 0 0 0 0 0 0 0 0 0 0 0 0 0 0 0 0 renqiuchen 4Сʱ_mousemovements
0 0 0 0 0 0 0 0 0 0 0 0 0 0 0 0 0 0 0 0 0 0 0 0 0 0 0 0 0 0 0 0 0 0 0 0 0 0 0 0 0 0 0 renqiuchen 4Сʱ_mousemovements
0 0 0 0 0 0 0 0 0 0 0 0 0 0 0 0 0 0 0 0 0 0 0 0 0 0 0 0 0 0 0 0 0 0 0 0 0 0 0 0 0 0 0 renqiuchen 4Сʱ_mousemovements
0 0 0 0 0 0 0 0 0 0 0 0 0 0 0 0 0 0 0 0 0 0 0 0 0 0 0 0 0 0 0 0 0 0 0 0 0 0 0 0 0 0 0 renqiuchen 4Сʱ_mousemovements
0 0 0 0 0 0 0 0 0 0 0 0 0 0 0 0 0 0 0 0 0 0 0 0 0 0 0 0 0 0 0 0 0 0 0 0 0 0 0 0 0 0 0 renqiuchen 4Сʱ_mousemovements
0 0 0 0 0 0 0 0 0 0 0 0 0 0 0 0 0 0 0 0 0 0 0 0 0 0 0 0 0 0 0 0 0 0 0 0 0 0 0 0 0 0 0 renqiuchen 4Сʱ_mousemovements
0 0 0 0 0 0 0 0 0 0 0 0 0 0 0 0 0 0 0 0 0 0 0 0 0 0 0 0 0 0 0 0 0 0 0 0 0 0 0 0 0 0 0 renqiuchen 4Сʱ_mousemovements
0 0 0 0 0 0 0 0 0 0 0 0 0 0 0 0 0 0 0 0 0 0 0 0 0 0 0 0 0 0 0 0 0 0 0 0 0 0 0 0 0 0 0 renqiuchen 4Сʱ_mousemovements
0 0 0 0 0 0 0 0 0 0 0 0 0 0 0 0 0 0 0 0 0 0 0 0 0 0 0 0 0 0 0 0 0 0 0 0 0 0 0 0 0 0 0 renqiuchen 4Сʱ_mousemovements
84.79163999999999 256.02211500000004 328.434601 1375.6237996666666 3493.865234 2801.084229 946.049377 1385.249146 1009.8162133333334 1046.336769 383.575378 391.537746 321.707917 103.079268 3493.865234 0 0.15 0.2 0.05 0.3 0.15 0.1 0.05 0.0 222.24667309677423 20.970562 113.0728907142857 0.8732394366197183 0.028169014084507043 0.09859154929577464 0.45 0.15 0.05 0.15 0.05 0.05 0.05 0.05 0.6764705882352942 0.14705882352941177 0.10294117647058823 0.04411764705882353 0.029411764705882353 renqiuchen 4Сʱ_mousemovements
267.65198217499994 424.86761938461547 704.4289856 493.82397199999997 948.3535374285715 1593.4440106666668 1705.0659145999998 915.903137 642.2522142500001 409.8593269285715 575.6114104000001 499.0776192666666 496.1708941818182 448.29307700000004 648.1270484545456 833.7860683000001 0.09411764705882353 0.16470588235294117 0.058823529411764705 0.17647058823529413 0.12941176470588237 0.12941176470588237 0.12941176470588237 0.11764705882352941 151.34660588122605 441.93294066666664 208.9789524666666 0.8877551020408163 0.01020408163265306 0.10204081632653061 0.47058823529411764 0.15294117647058825 0.11764705882352941 0.07058823529411765 0.08235294117647059 0.03529411764705882 0.058823529411764705 0.011764705882352941 0.5925925925925926 0.24814814814814815 0.07407407407407407 0.05925925925925926 0.025925925925925925 renqiuchen 4Сʱ_mousemovements
272.4786904545454 493.41916810000004 0 789.183289 721.5988973333333 0 517.6931305 0 289.62150333333335 346.4512236666667 681.7106094999999 863.378296 259.86098 295.202972 806.2195435 407.77795266666664 0.2222222222222222 0.1111111111111111 0.14814814814814814 0.07407407407407407 0.2222222222222222 0.037037037037037035 0.07407407407407407 0.1111111111111111 124.71266946341463 548.336548 163.72115342857143 0.9111111111111111 0.011111111111111112 0.07777777777777778 0.4074074074074074 0.37037037037037035 0.0 0.037037037037037035 0.1111111111111111 0.0 0.07407407407407407 0.0 0.55 0.3 0.05 0.0625 0.0375 renqiuchen 4Сʱ_mousemovements
0 0 0 0 0 0 0 0 0 0 0 0 0 0 0 0 0 0 0 0 0 0 0 0 0 0 0 0 0 0 0 0 0 0 0 0 0 0 0 0 0 0 0 renqiuchen 4Сʱ_mousemovements
361.52087660000007 437.7389221666667 0 2063.543945 1577.4171143333333 1334.885742 1777.252686 2098.662598 1620.8501436666666 511.6860621999999 229.938896 288.95615399999997 401.2771302 977.1649782499999 13.801757 427.48019860000005 0.1875 0.15625 0.125 0.0625 0.15625 0.125 0.03125 0.15625 211.56071588888892 16.0 112.86706325 0.9166666666666666 0.009259259259259259 0.07407407407407407 0.6060606060606061 0.18181818181818182 0.0 0.030303030303030304 0.09090909090909091 0.030303030303030304 0.030303030303030304 0.030303030303030304 0.5392156862745098 0.28431372549019607 0.10784313725490197 0.058823529411764705 0.00980392156862745 renqiuchen 4Сʱ_mousemovements
169.62009983999997 354.15325240000004 637.1546324999999 1860.917218 896.09021 1195.578583 1018.8090514999999 0 1370.36966525 317.457067 1176.597699714286 339.5814518888889 200.5013954 551.2263656666668 393.7462204 312.351559 0.0784313725490196 0.11764705882352941 0.13725490196078433 0.17647058823529413 0.09803921568627451 0.058823529411764705 0.09803921568627451 0.23529411764705882 111.99007908241761 243.3522453333333 226.4985237826087 0.8625592417061612 0.02843601895734597 0.10900473933649289 0.49019607843137253 0.19607843137254902 0.0784313725490196 0.09803921568627451 0.0392156862745098 0.058823529411764705 0.0392156862745098 0.0 0.5816326530612245 0.22959183673469388 0.08673469387755102 0.04081632653061224 0.061224489795918366 renqiuchen 4Сʱ_mousemovements
134.061767627907 543.9393194705883 701.4890696666666 1015.5105466000001 2552.0947266666667 3406.124756 2186.2294309999997 983.0037433333333 564.8367103749999 275.1782504545455 484.03975325000005 397.195142 228.25998868421055 660.89256 1174.1400535555558 797.79718725 0.2077922077922078 0.14285714285714285 0.05194805194805195 0.06493506493506493 0.24675324675324675 0.06493506493506493 0.11688311688311688 0.1038961038961039 144.56130619607842 0 176.875729952381 0.9239130434782609 0.0 0.07608695652173914 0.5584415584415584 0.22077922077922077 0.03896103896103896 0.06493506493506493 0.03896103896103896 0.012987012987012988 0.025974025974025976 0.03896103896103896 0.61003861003861 0.25868725868725867 0.07335907335907337 0.03861003861003861 0.019305019305019305 renqiuchen 4Сʱ_mousemovements
164.39679082000004 430.49463252631574 450.242812875 904.6697975714285 732.2943419999999 1517.2834014999999 601.3011475000001 3044.37085 934.7233205 312.6120775 415.86435511111114 362.7056476428572 462.15292000000005 206.02092460000003 532.2400938333333 456.1824332307693 0.14953271028037382 0.14953271028037382 0.08411214953271028 0.1308411214953271 0.14953271028037382 0.04672897196261682 0.16822429906542055 0.12149532710280374 120.28774474927954 345.143585 239.14266737209306 0.8852040816326531 0.00510204081632653 0.1096938775510204 0.4672897196261682 0.17757009345794392 0.07476635514018691 0.1308411214953271 0.04672897196261682 0.07476635514018691 0.018691588785046728 0.009345794392523364 0.5846560846560847 0.25396825396825395 0.10052910052910052 0.042328042328042326 0.018518518518518517 renqiuchen 4Сʱ_mousemovements
220.0898891666667 232.94419475 566.8413695 488.12265049999996 0 0 0 1647.5680849999999 212.92422474999998 789.094686 0 279.19741225 525.696260625 217.955368 116.5251555 937.38797375 0.26666666666666666 0.1 0.0 0.13333333333333333 0.26666666666666666 0.03333333333333333 0.06666666666666667 0.13333333333333333 113.70365197087378 0 188.21190109999995 0.911504424778761 0.0 0.08849557522123894 0.6 0.13333333333333333 0.06666666666666667 0.06666666666666667 0.0 0.0 0.0 0.13333333333333333 0.6126126126126126 0.24324324324324326 0.08108108108108109 0.036036036036036036 0.02702702702702703 renqiuchen 4Сʱ_mousemovements
263.52216124999995 308.6494478 425.02061966666673 722.4799650000001 1346.04126 0 1630.5297417142854 2488.7911985 1612.5944723333334 793.737820625 358.203743 538.0996725714286 212.73749242857144 647.8373985 369.24422999999996 1237.7543031999999 0.06382978723404255 0.1702127659574468 0.0425531914893617 0.14893617021276595 0.14893617021276595 0.1702127659574468 0.14893617021276595 0.10638297872340426 164.20310717931036 292.00258133333335 401.91722825 0.8841463414634146 0.018292682926829267 0.0975609756097561 0.5106382978723404 0.10638297872340426 0.06382978723404255 0.0851063829787234 0.0425531914893617 0.0 0.14893617021276595 0.0425531914893617 0.7115384615384616 0.1282051282051282 0.08974358974358974 0.057692307692307696 0.01282051282051282 renqiuchen 4Сʱ_mousemovements
45.619793 312.967865 0 2966.755371 0 0 0 0 0 2966.755371 312.967865 0 0 0 45.619793 0 0.0 0.3333333333333333 0.3333333333333333 0.0 0.0 0.0 0.3333333333333333 0.0 334.70835155555557 0 312.967865 0.9 0.0 0.1 0.3333333333333333 0.3333333333333333 0.0 0.3333333333333333 0.0 0.0 0.0 0.0 0.8888888888888888 0.0 0.1111111111111111 0.0 0.0 renqiuchen 4Сʱ_mousemovements
141.5392112857143 0 0 0 716.629883 1235.143311 0 0 0 716.629883 143.8180695 0 140.627668 1235.143311 0 0 0.0 0.1111111111111111 0.2222222222222222 0.0 0.5555555555555556 0.1111111111111111 0.0 0.0 121.03055908333334 0 37.814255 0.96 0.0 0.04 0.7777777777777778 0.0 0.0 0.0 0.1111111111111111 0.1111111111111111 0.0 0.0 0.55 0.35 0.05 0.05 0.0 renqiuchen 4Сʱ_mousemovements
375.9834987142857 444.34346557142857 0 651.9986473333333 1207.4370500000002 1242.9700925 1161.4364626666668 848.94873 641.4800324 726.7700674285713 231.771885 564.6923928888889 379.6718906666667 733.8077366666666 338.3894622 778.0955962 0.10416666666666667 0.14583333333333334 0.041666666666666664 0.1875 0.1875 0.125 0.10416666666666667 0.10416666666666667 159.5210592465754 498.0154523333333 223.5239691818182 0.9125 0.01875 0.06875 0.5833333333333334 0.14583333333333334 0.0 0.0625 0.08333333333333333 0.041666666666666664 0.0625 0.020833333333333332 0.6013513513513513 0.2635135135135135 0.060810810810810814 0.0472972972972973 0.02702702702702703 renqiuchen 4Сʱ_mousemovements
142.63737042857144 157.255264 613.3458066000001 1617.981496333333 675.587662 788.280518 1818.5460205 0 318.47340933333334 218.605614 1328.2821778 532.759505 147.6759512 978.32221875 474.382294 0 0.10714285714285714 0.25 0.17857142857142858 0.10714285714285714 0.17857142857142858 0.14285714285714285 0.03571428571428571 0.0 95.27835363768116 474.382294 222.86047590000004 0.9261744966442953 0.006711409395973154 0.06711409395973154 0.5 0.03571428571428571 0.17857142857142858 0.10714285714285714 0.07142857142857142 0.03571428571428571 0.07142857142857142 0.0 0.6595744680851063 0.19148936170212766 0.07092198581560284 0.03546099290780142 0.0425531914893617 renqiuchen 4Сʱ_mousemovements
166.47130339999998 550.3256395555557 560.8691715 690.0422055 1731.8016845999998 0 714.626119 0 582.0509443999999 855.5731811666666 366.19166925 364.2048935 428.2023404285714 133.89165333333332 569.146912 1273.19543475 0.1388888888888889 0.16666666666666666 0.1111111111111111 0.16666666666666666 0.19444444444444445 0.08333333333333333 0.027777777777777776 0.1111111111111111 128.6872228717949 11.313708 379.13273713333336 0.8796992481203008 0.007518796992481203 0.11278195488721804 0.4166666666666667 0.25 0.05555555555555555 0.05555555555555555 0.1388888888888889 0.0 0.08333333333333333 0.0 0.5736434108527132 0.2868217054263566 0.05426356589147287 0.06976744186046512 0.015503875968992248 renqiuchen 4Сʱ_mousemovements
217.02372053125 510.50628639999996 786.0311061428572 1002.6925137142858 1078.8431396 1219.3380247999999 1043.7686465 1101.99028 556.5471621111111 742.742609 897.5637984545455 457.8949967777778 194.9010749 592.6986210000001 515.1842653333333 983.555423 0.13432835820895522 0.11940298507462686 0.16417910447761194 0.13432835820895522 0.14925373134328357 0.08955223880597014 0.13432835820895522 0.07462686567164178 152.94119383259914 636.9035646666666 153.47265313636368 0.9007936507936508 0.011904761904761904 0.0873015873015873 0.47761194029850745 0.07462686567164178 0.1044776119402985 0.1044776119402985 0.07462686567164178 0.07462686567164178 0.029850746268656716 0.05970149253731343 0.6234309623430963 0.20502092050209206 0.100418410041841 0.058577405857740586 0.012552301255230125 renqiuchen 4Сʱ_mousemovements
170.18080970588233 223.85051 821.483162 631.0432738333334 1743.749003 1077.7899475 396.937683 1054.65332 866.2615589999999 682.9712471666667 695.121275 395.9189265 225.4321488 309.8244285 643.7497426666667 362.157303 0.19444444444444445 0.16666666666666666 0.1111111111111111 0.16666666666666666 0.1388888888888889 0.05555555555555555 0.08333333333333333 0.08333333333333333 137.69350674418607 190.048584 212.96768390000003 0.9214285714285714 0.007142857142857143 0.07142857142857142 0.4722222222222222 0.027777777777777776 0.1111111111111111 0.16666666666666666 0.08333333333333333 0.05555555555555555 0.027777777777777776 0.05555555555555555 0.59375 0.21875 0.140625 0.046875 0.0 renqiuchen 4Сʱ_mousemovements
177.4225998 333.22903433333335 738.345764 0 0 0 0 0 437.811584 420.882557 107.768738 291.61341849999997 146.3358075 0 361.901978 0 0.1111111111111111 0.2222222222222222 0.1111111111111111 0.2222222222222222 0.2222222222222222 0.0 0.1111111111111111 0.0 76.43695157692306 0 318.8925625 0.9285714285714286 0.0 0.07142857142857142 0.5555555555555556 0.3333333333333333 0.1111111111111111 0.0 0.0 0.0 0.0 0.0 0.6153846153846154 0.19230769230769232 0.15384615384615385 0.038461538461538464 0.0 renqiuchen 4Сʱ_mousemovements
0 715.918396 659.236816 0 0 0 0 0 0 0 0 0 0 0 687.5776060000001 0 0.0 0.0 0.0 0.0 0.0 0.0 1.0 0.0 275.03104240000005 0 0 1.0 0.0 0.0 0.0 0.5 0.5 0.0 0.0 0.0 0.0 0.0 0.0 1.0 0.0 0.0 0.0 renqiuchen 4Сʱ_mousemovements
200.08290992857147 248.12882625 847.07251 503.000549 1378.3069253333333 0 0 2051.621826 432.28798900000004 1689.599121 115.797974 369.134491 220.449573375 503.000549 322.76819366666666 190.1101075 0.20833333333333334 0.125 0.041666666666666664 0.041666666666666664 0.3333333333333333 0.041666666666666664 0.125 0.08333333333333333 128.29386368354432 261.422882 116.70669899999999 0.8977272727272727 0.011363636363636364 0.09090909090909091 0.5833333333333334 0.16666666666666666 0.041666666666666664 0.041666666666666664 0.125 0.0 0.0 0.041666666666666664 0.5348837209302325 0.27906976744186046 0.09302325581395349 0.046511627906976744 0.046511627906976744 renqiuchen 4Сʱ_mousemovements
107.74343338888887 297.9698756363636 825.3308003333333 389.210419 0 1201.6289427999998 1290.6193845 696.014282 864.07019675 345.55350362499996 662.611126 494.62852100000003 246.64037985714282 490.665793125 161.93211866666667 389.210419 0.0975609756097561 0.1951219512195122 0.0975609756097561 0.07317073170731707 0.17073170731707318 0.1951219512195122 0.14634146341463414 0.024390243902439025 81.70055037423312 0 176.1070133478261 0.8763440860215054 0.0 0.12365591397849462 0.43902439024390244 0.2682926829268293 0.07317073170731707 0.024390243902439025 0.0 0.12195121951219512 0.04878048780487805 0.024390243902439025 0.5146198830409356 0.2982456140350877 0.12280701754385964 0.029239766081871343 0.03508771929824561 renqiuchen 4Сʱ_mousemovements
223.66563000000002 0 554.0953876666667 508.993622 813.6500245 599.011841 0 0 580.77002 1077.983887 59.618996 0 574.1640015 0 315.46963 848.205139 0.09090909090909091 0.09090909090909091 0.09090909090909091 0.0 0.18181818181818182 0.0 0.45454545454545453 0.09090909090909091 134.33147065517244 599.011841 265.87656833333335 0.8787878787878788 0.030303030303030304 0.09090909090909091 0.36363636363636365 0.0 0.2727272727272727 0.09090909090909091 0.18181818181818182 0.09090909090909091 0.0 0.0 0.59375 0.21875 0.0625 0.0625 0.0625 renqiuchen 4Сʱ_mousemovements
0 0 0 0 0 0 0 0 0 0 0 0 0 0 0 0 0 0 0 0 0 0 0 0 0 0 0 0 0 0 0 0 0 0 0 0 0 0 0 0 0 0 0 renqiuchen 4Сʱ_mousemovements
0 0 0 0 0 0 0 0 0 0 0 0 0 0 0 0 0 0 0 0 0 0 0 0 0 0 0 0 0 0 0 0 0 0 0 0 0 0 0 0 0 0 0 renqiuchen 4Сʱ_mousemovements
0 0 0 0 0 0 0 0 0 0 0 0 0 0 0 0 0 0 0 0 0 0 0 0 0 0 0 0 0 0 0 0 0 0 0 0 0 0 0 0 0 0 0 renqiuchen 4Сʱ_mousemovements
