269.983925 1078.8198849999999 293.72699 0 0 0 0 0 0 1132.470581 598.770622 0 0 0 330.66139250000003 0 0.0 0.2 0.4 0.0 0.0 0.0 0.4 0.0 213.66675785714284 0 0.0 0.9333333333333333 0.0 0.06666666666666667 0.4 0.4 0.2 0.0 0.0 0.0 0.0 0.0 0.8461538461538461 0.07692307692307693 0.0 0.07692307692307693 0.0 maoyu 7Сʱ_mousemovements
0 0 0 0 0 0 0 0 0 0 0 0 0 0 0 0 0 0 0 0 0 0 0 0 0 0 0 0 0 0 0 0 0 0 0 0 0 0 0 0 0 0 0 maoyu 7Сʱ_mousemovements
1161.8946535 0 0 0 0 0 0 0 0 787.032593 0 0 0 1536.756714 0 0 0.0 0.5 0.0 0.0 0.0 0.5 0.0 0.0 580.94732675 0 0 1.0 0.0 0.0 1.0 0.0 0.0 0.0 0.0 0.0 0.0 0.0 0.6666666666666666 0.0 0.0 0.0 0.3333333333333333 maoyu 7Сʱ_mousemovements
57.051100749999996 332.013031 468.7294925 0 0 1233.7201842499999 1570.809346666667 619.728333 640.428772 1757.4914549999999 1116.2826943333334 1488.838013 398.6767796666666 351.467977 260.59074050000004 0 0.06666666666666667 0.13333333333333333 0.2 0.06666666666666667 0.2 0.2 0.13333333333333333 0.0 111.97681356000001 0 420.806564 0.9036144578313253 0.0 0.0963855421686747 0.26666666666666666 0.06666666666666667 0.13333333333333333 0.0 0.0 0.26666666666666666 0.2 0.06666666666666667 0.5135135135135135 0.2972972972972973 0.0945945945945946 0.06756756756756757 0.02702702702702703 maoyu 7Сʱ_mousemovements
130.414246 229.3527145 0 0 0 1571.22315975 0 0 0 1840.6122435000002 182.567398 0 0 372.9807436666667 1891.278198 0 0.0 0.2857142857142857 0.14285714285714285 0.0 0.0 0.42857142857142855 0.14285714285714285 0.0 201.68886596000004 0 457.94766625 0.8620689655172413 0.0 0.13793103448275862 0.14285714285714285 0.2857142857142857 0.0 0.0 0.0 0.5714285714285714 0.0 0.0 0.5925925925925926 0.2222222222222222 0.07407407407407407 0.1111111111111111 0.0 maoyu 7Сʱ_mousemovements
6.410256 0 0 619.107605 906.043823 0 0 905.718475 906.043823 0 619.107605 0 1069.559692 741.877258 6.410256 0 0.2 0.0 0.2 0.0 0.2 0.2 0.2 0.0 94.07635785714285 6.410256 680.4924315000001 0.875 0.041666666666666664 0.08333333333333333 0.2 0.0 0.0 0.2 0.2 0.0 0.0 0.4 0.8571428571428571 0.0 0.09523809523809523 0.047619047619047616 0.0 maoyu 7Сʱ_mousemovements
43.263462 0 0 0 0 0 0 0 43.263462 0 0 0 0 0 0 0 1.0 0.0 0.0 0.0 0.0 0.0 0.0 0.0 10.8158655 0 0 1.0 0.0 0.0 1.0 0.0 0.0 0.0 0.0 0.0 0.0 0.0 0.6666666666666666 0.0 0.0 0.3333333333333333 0.0 maoyu 7Сʱ_mousemovements
121.254631 0 0 0 1762.2145695 0 703.361694 0 2995.528809 121.254631 0 528.90033 703.361694 0 0 0 0.25 0.25 0.0 0.25 0.25 0.0 0.0 0.0 124.813700375 0 451.1722183333334 0.8888888888888888 0.0 0.1111111111111111 0.25 0.0 0.0 0.0 0.5 0.0 0.25 0.0 0.6923076923076923 0.19230769230769232 0.038461538461538464 0.0 0.07692307692307693 maoyu 7Сʱ_mousemovements
65.98028550000001 0 868.139669 0 0 0 0 0 27.272728 104.687843 453.515869 630.652039 0 0 0 1520.251099 0.2 0.2 0.2 0.2 0.0 0.0 0.0 0.2 273.6379578 0 0 1.0 0.0 0.0 0.4 0.0 0.6 0.0 0.0 0.0 0.0 0.0 0.4444444444444444 0.4444444444444444 0.1111111111111111 0.0 0.0 maoyu 7Сʱ_mousemovements
200.13960081818183 416.288086 0 0 0 997.379852 462.481262 0 81.25114599999999 416.288086 1281.399902 550.2243344999999 112.071457 360.49744180000005 96.774193 51.546426499999995 0.13333333333333333 0.06666666666666667 0.06666666666666667 0.13333333333333333 0.06666666666666667 0.3333333333333333 0.06666666666666667 0.13333333333333333 80.9532413125 0 396.4363593333333 0.9411764705882353 0.0 0.058823529411764705 0.7333333333333333 0.06666666666666667 0.0 0.0 0.0 0.13333333333333333 0.06666666666666667 0.0 0.6744186046511628 0.18604651162790697 0.11627906976744186 0.0 0.023255813953488372 maoyu 7Сʱ_mousemovements
475.1263932 967.47876 1036.756592 1098.149414 663.958923 810.151917 2471.6641845 1069.4717813333334 1014.86233125 813.7680664999999 0 1153.941528 882.128235 967.47876 1438.74992 954.1506655000001 0.26666666666666666 0.26666666666666666 0.0 0.06666666666666667 0.06666666666666667 0.06666666666666667 0.13333333333333333 0.13333333333333333 271.22621723404256 0 589.05976875 0.9215686274509803 0.0 0.0784313725490196 0.3333333333333333 0.06666666666666667 0.06666666666666667 0.06666666666666667 0.06666666666666667 0.06666666666666667 0.13333333333333333 0.2 0.5208333333333334 0.2708333333333333 0.0625 0.10416666666666667 0.041666666666666664 maoyu 7Сʱ_mousemovements
195.21424733333333 759.251038 0 0 1065.611328 0 0 0 35.425076 0 366.647827 0 759.251038 624.5905835 0 0 0.2 0.0 0.2 0.0 0.2 0.4 0.0 0.0 219.13682800000004 0 0 1.0 0.0 0.0 0.6 0.2 0.0 0.0 0.2 0.0 0.0 0.0 0.42857142857142855 0.0 0.42857142857142855 0.14285714285714285 0.0 maoyu 7Сʱ_mousemovements
65.78049 431.741989 0 1848.009766 462.825714 961.7873535000001 737.479767 0 0 431.741989 407.69653525 1338.24646 791.1118266666666 44.795353 585.328247 0 0.0 0.16666666666666666 0.3333333333333333 0.08333333333333333 0.25 0.08333333333333333 0.08333333333333333 0.0 77.60121474545454 0 513.5817696 0.9166666666666666 0.0 0.08333333333333333 0.3333333333333333 0.16666666666666666 0.0 0.08333333333333333 0.08333333333333333 0.16666666666666666 0.16666666666666666 0.0 0.6481481481481481 0.2222222222222222 0.037037037037037035 0.018518518518518517 0.07407407407407407 maoyu 7Сʱ_mousemovements
177.12154525000003 555.098389 0 1220.777466 0 0 627.09314 335.416138 535.8768323333334 253.91072099999997 335.416138 0 21.276596 190.6509095 338.17134400000003 201.9005435 0.1875 0.1875 0.0625 0.0 0.0625 0.125 0.25 0.125 67.58618013461538 0 337.34057725 0.9285714285714286 0.0 0.07142857142857142 0.75 0.0625 0.0 0.0625 0.0 0.0 0.0625 0.0625 0.5416666666666666 0.1875 0.1875 0.041666666666666664 0.041666666666666664 maoyu 7Сʱ_mousemovements
264.3290984117646 0 1962.043823 0 0 0 0 560.093018 93.919441 435.13006680000007 407.345947 77.9912075 562.305954 1103.407936 173.47406175 78.75467499999999 0.05263157894736842 0.2631578947368421 0.05263157894736842 0.10526315789473684 0.10526315789473684 0.10526315789473684 0.21052631578947367 0.10526315789473684 175.39328784999998 0 0 1.0 0.0 0.0 0.8947368421052632 0.0 0.05263157894736842 0.0 0.0 0.0 0.0 0.05263157894736842 0.4722222222222222 0.3055555555555556 0.1388888888888889 0.08333333333333333 0.0 maoyu 7Сʱ_mousemovements
77.3759951 721.501404 565.2046205 0 1260.704468 1158.259369 0 0 23.255814 903.7687360000001 36.220657 97.833 563.4908485000001 673.275391 0 81.4078676 0.0625 0.1875 0.0625 0.0625 0.25 0.0625 0.0 0.3125 83.15548460655738 0 565.2046205 0.9682539682539683 0.0 0.031746031746031744 0.625 0.0625 0.125 0.0 0.0625 0.125 0.0 0.0 0.6896551724137931 0.15517241379310345 0.06896551724137931 0.05172413793103448 0.034482758620689655 maoyu 7Сʱ_mousemovements
197.3541042857143 238.42729300000002 0 401.9249115 1228.0697175 1616.17688 0 1577.7986246666667 227.529648 1207.047125 262.3653366666667 96.201988 350.5549826666667 656.8281555 1054.5193076666667 0 0.058823529411764705 0.23529411764705882 0.17647058823529413 0.058823529411764705 0.17647058823529413 0.11764705882352941 0.17647058823529413 0.0 188.66753739583336 0 401.97558883333335 0.8888888888888888 0.0 0.1111111111111111 0.4117647058823529 0.11764705882352941 0.0 0.11764705882352941 0.11764705882352941 0.058823529411764705 0.0 0.17647058823529413 0.5106382978723404 0.2553191489361702 0.0425531914893617 0.1276595744680851 0.06382978723404255 maoyu 7Сʱ_mousemovements
0 0 0 0 0 0 0 0 0 0 0 0 0 0 0 0 0 0 0 0 0 0 0 0 0.0 0 0 1.0 0.0 0.0 0 0 0 0 0 0 0 0 1.0 0.0 0.0 0.0 0.0 maoyu 7Сʱ_mousemovements
4.0 411.27171300000003 0 0 0 1885.099243 0 0 0 717.8928729999999 0 0 0 0 0 557.96405 0.0 0.75 0.0 0.0 0.0 0.0 0.0 0.25 174.50452092857145 0 134.289688 0.875 0.0 0.125 0.25 0.5 0.0 0.0 0.0 0.25 0.0 0.0 0.6428571428571429 0.2857142857142857 0.07142857142857142 0.0 0.0 maoyu 7Сʱ_mousemovements
0 0 0 0 0 0 0 0 0 0 0 0 0 0 0 0 0 0 0 0 0 0 0 0 0 0 0 0 0 0 0 0 0 0 0 0 0 0 0 0 0 0 0 maoyu 7Сʱ_mousemovements
393.2132113333333 414.243805 292.390778 0 0 339.160309 0 839.332275 81.240891 626.78804 0 0 0 516.339315 180.931885 0 0.14285714285714285 0.2857142857142857 0.0 0.0 0.0 0.42857142857142855 0.14285714285714285 0.0 75.20972191666667 339.160309 460.286583 0.8888888888888888 0.037037037037037035 0.07407407407407407 0.42857142857142855 0.14285714285714285 0.14285714285714285 0.0 0.0 0.14285714285714285 0.0 0.14285714285714285 0.5416666666666666 0.2916666666666667 0.041666666666666664 0.08333333333333333 0.041666666666666664 maoyu 7Сʱ_mousemovements
206.06084866666666 0 964.864838 0 0 0 0 0 160.876785 674.92804 34.738491 446.715881 0 832.833496 91.5842895 0 0.125 0.125 0.125 0.125 0.0 0.25 0.25 0.0 123.52035216 34.738491 43.347473 0.9259259259259259 0.037037037037037035 0.037037037037037035 0.75 0.0 0.25 0.0 0.0 0.0 0.0 0.0 0.5652173913043478 0.30434782608695654 0.08695652173913043 0.043478260869565216 0.0 maoyu 7Сʱ_mousemovements
147.1478314117647 72.175049 397.094543 0 1171.325439 0 0 1719.116333 70.0097475 140.6848755 582.3034925 259.356689 116.63747599999999 335.44477716666665 232.6507415 0 0.19047619047619047 0.09523809523809523 0.19047619047619047 0.047619047619047616 0.09523809523809523 0.2857142857142857 0.09523809523809523 0.0 104.57835746153849 72.75480533333332 68.29516466666666 0.896551724137931 0.05172413793103448 0.05172413793103448 0.8095238095238095 0.047619047619047616 0.047619047619047616 0.0 0.047619047619047616 0.0 0.0 0.047619047619047616 0.45454545454545453 0.2909090909090909 0.14545454545454545 0.09090909090909091 0.01818181818181818 maoyu 7Сʱ_mousemovements
506.1000025 0 2017.412354 0 898.1728215 0 0 0 914.459839 1036.947144 759.398499 0 0 97.740166 2017.412354 0 0.2 0.2 0.2 0.0 0.0 0.2 0.2 0.0 337.7298454285714 0 97.740166 0.9333333333333333 0.0 0.06666666666666667 0.4 0.0 0.2 0.0 0.4 0.0 0.0 0.0 0.5 0.35714285714285715 0.07142857142857142 0.0 0.07142857142857142 maoyu 7Сʱ_mousemovements
0 0 0 0 0 0 0 0 0 0 0 0 0 0 0 0 0 0 0 0 0 0 0 0 0 0 0 0 0 0 0 0 0 0 0 0 0 0 0 0 0 0 0 maoyu 7Сʱ_mousemovements
0 0 0 0 0 0 0 0 0 0 0 0 0 0 0 0 0 0 0 0 0 0 0 0 0 0 0 0 0 0 0 0 0 0 0 0 0 0 0 0 0 0 0 maoyu 7Сʱ_mousemovements
92.0120608 375.23560349999997 1057.1499939999999 207.808472 0 312.189575 0 0 207.808472 0 726.7126109999999 312.189575 0 271.54962133333333 86.15831375 111.36796275 0.0625 0.0 0.1875 0.0625 0.0 0.1875 0.25 0.25 108.14008522222221 166.7330855 39.1903055 0.9 0.05 0.05 0.625 0.125 0.125 0.0625 0.0 0.0625 0.0 0.0 0.6486486486486487 0.1891891891891892 0.10810810810810811 0.05405405405405406 0.0 maoyu 7Сʱ_mousemovements
203.26493792857144 664.6164767142857 520.005142 781.6421204999999 156.791412 577.8284605 657.299988 0 415.3778915 580.9801255 458.69835366666666 179.800446 492.90409642857145 627.1654585 112.4350665 86.46977425 0.13793103448275862 0.13793103448275862 0.10344827586206896 0.034482758620689655 0.2413793103448276 0.13793103448275862 0.06896551724137931 0.13793103448275862 118.48057656578948 156.751709 363.72397325000003 0.8941176470588236 0.011764705882352941 0.09411764705882353 0.4827586206896552 0.2413793103448276 0.06896551724137931 0.06896551724137931 0.034482758620689655 0.06896551724137931 0.034482758620689655 0.0 0.6623376623376623 0.22077922077922077 0.07792207792207792 0.03896103896103896 0.0 maoyu 7Сʱ_mousemovements
0 0 0 0 0 0 0 0 0 0 0 0 0 0 0 0 0 0 0 0 0 0 0 0 0 0 0 0 0 0 0 0 0 0 0 0 0 0 0 0 0 0 0 maoyu 7Сʱ_mousemovements
135.28434763636363 402.9476293333334 0 0 681.77832 0 0 0 65.97353749999999 148.55264675 0 0 386.298553 294.9230005 120.28087866666665 725.758179 0.13333333333333333 0.26666666666666666 0.0 0.0 0.06666666666666667 0.26666666666666666 0.2 0.06666666666666667 78.42345694999999 96.786156 72.512299 0.9302325581395349 0.023255813953488372 0.046511627906976744 0.7333333333333333 0.2 0.0 0.0 0.06666666666666667 0.0 0.0 0.0 0.475 0.3 0.15 0.025 0.05 maoyu 7Сʱ_mousemovements
103.46432499999999 240.784164 0 0 0 0 277.487701 887.300537 100.98269633333332 267.75656125 86.586569 87.857189 138.54739566666666 289.24056466666667 53.471809 18.181818 0.15 0.2 0.15 0.1 0.15 0.15 0.05 0.05 52.77068732075471 277.487701 90.131798 0.9636363636363636 0.01818181818181818 0.01818181818181818 0.85 0.05 0.0 0.0 0.0 0.0 0.05 0.05 0.6444444444444445 0.2222222222222222 0.1111111111111111 0.0 0.022222222222222223 maoyu 7Сʱ_mousemovements
152.7292005 0 0 0 0 0 449.985901 0 0 0 0 125.0 0 375.9304965 92.02085500000001 0 0.0 0.0 0.0 0.2 0.0 0.4 0.4 0.0 25.47633438095238 0 262.9498405 0.9130434782608695 0.0 0.08695652173913043 0.8 0.0 0.0 0.0 0.0 0.0 0.2 0.0 0.6666666666666666 0.2857142857142857 0.0 0.047619047619047616 0.0 maoyu 7Сʱ_mousemovements
133.74356633333335 559.039429 0 692.609314 916.832855 618.889099 0 0 88.388351 470.5562896666667 618.889099 0 235.161758 559.039429 503.4121003333333 83.281143 0.09090909090909091 0.2727272727272727 0.09090909090909091 0.0 0.09090909090909091 0.09090909090909091 0.2727272727272727 0.09090909090909091 79.25131833333334 732.7442015 331.8184985 0.8823529411764706 0.058823529411764705 0.058823529411764705 0.5454545454545454 0.09090909090909091 0.0 0.09090909090909091 0.18181818181818182 0.09090909090909091 0.0 0.0 0.65625 0.15625 0.0625 0.03125 0.09375 maoyu 7Сʱ_mousemovements
0 349.868835 1156.7709654999999 0 0 0 0 0 814.62677 924.391998 0 0 0 0 0 0 0.3333333333333333 0.6666666666666666 0.0 0.0 0.0 0.0 0.0 0.0 177.9647639230769 0 349.868835 0.9285714285714286 0.0 0.07142857142857142 0.0 0.3333333333333333 0.6666666666666666 0.0 0.0 0.0 0.0 0.0 0.8461538461538461 0.07692307692307693 0.07692307692307693 0.0 0.0 maoyu 7Сʱ_mousemovements
178.16949340909093 670.2874755 246.9717224 0 185.686264 432.595703 0 0 0 380.73144 303.57632060000003 250.349238 0 59.0239102 133.54824577777777 360.95102625 0.0 0.16129032258064516 0.16129032258064516 0.0967741935483871 0.0 0.16129032258064516 0.2903225806451613 0.12903225806451613 60.5642459375 87.4559386 123.14244028571429 0.8888888888888888 0.046296296296296294 0.06481481481481481 0.7096774193548387 0.06451612903225806 0.16129032258064516 0.0 0.03225806451612903 0.03225806451612903 0.0 0.0 0.5588235294117647 0.28431372549019607 0.09803921568627451 0.0392156862745098 0.0196078431372549 maoyu 7Сʱ_mousemovements
214.07427102941173 537.356832 554.554886 250.57555133333335 630.1868793333333 0 0 1357.5873105 227.37902999999997 237.57348900000002 565.5069006666666 299.46082680000006 256.777874 634.5837015714286 238.68932230000004 183.98628539999999 0.10204081632653061 0.14285714285714285 0.12244897959183673 0.10204081632653061 0.08163265306122448 0.14285714285714285 0.20408163265306123 0.10204081632653061 106.61534275193799 109.47966699999999 228.44666122222225 0.8958333333333334 0.041666666666666664 0.0625 0.6938775510204082 0.061224489795918366 0.08163265306122448 0.061224489795918366 0.061224489795918366 0.0 0.0 0.04081632653061224 0.5735294117647058 0.2867647058823529 0.058823529411764705 0.051470588235294115 0.029411764705882353 maoyu 7Сʱ_mousemovements
219.584961 185.887619 1118.754395 0 0 0 0 0 219.584961 0 0 0 0 0 185.887619 1118.754395 0.3333333333333333 0.0 0.0 0.0 0.0 0.0 0.3333333333333333 0.3333333333333333 138.56608863636365 0 0 1.0 0.0 0.0 0.3333333333333333 0.3333333333333333 0.3333333333333333 0.0 0.0 0.0 0.0 0.0 0.75 0.125 0.0 0.0 0.125 maoyu 7Сʱ_mousemovements
165.20692066666666 452.473389 0 3818.9491780000003 1124.57959 679.544922 0 0 4153.504303 3033.283447 639.40686 0 541.2139475 649.135834 242.48434075 139.64894900000002 0.14285714285714285 0.07142857142857142 0.07142857142857142 0.0 0.14285714285714285 0.14285714285714285 0.2857142857142857 0.14285714285714285 469.53886940624994 102.12253566666668 139.0111545 0.8648648648648649 0.08108108108108109 0.05405405405405406 0.42857142857142855 0.21428571428571427 0.0 0.21428571428571427 0.07142857142857142 0.07142857142857142 0.0 0.0 0.6666666666666666 0.09090909090909091 0.12121212121212122 0.030303030303030304 0.09090909090909091 maoyu 7Сʱ_mousemovements
247.51025775 369.262482 1999.135742 0 0 0 0 0 0 1999.135742 0 0 217.520981 373.685257 197.206009 0 0.0 0.16666666666666666 0.0 0.0 0.16666666666666666 0.3333333333333333 0.3333333333333333 0.0 186.8235483125 0 369.262482 0.9411764705882353 0.0 0.058823529411764705 0.6666666666666666 0.16666666666666666 0.16666666666666666 0.0 0.0 0.0 0.0 0.0 0.7333333333333333 0.13333333333333333 0.06666666666666667 0.06666666666666667 0.0 maoyu 7Сʱ_mousemovements
0 0 0 0 0 0 0 0 0 0 0 0 0 0 0 0 0 0 0 0 0 0 0 0 0 0 0 0 0 0 0 0 0 0 0 0 0 0 0 0 0 0 0 maoyu 7Сʱ_mousemovements
0 0 0 0 0 0 0 0 0 0 0 0 0 0 0 0 0 0 0 0 0 0 0 0 0 0 0 0 0 0 0 0 0 0 0 0 0 0 0 0 0 0 0 maoyu 7Сʱ_mousemovements
142.19677199999998 1234.942871 247.738754 0 396.567963 1326.79834 0 0 31.75065 222.421356 1326.79834 639.659004 0 346.062653 0 0 0.125 0.25 0.125 0.25 0.0 0.25 0.0 0.0 98.52911329032257 0 180.108126 0.8857142857142857 0.0 0.11428571428571428 0.5 0.125 0.125 0.0 0.125 0.125 0.0 0.0 0.6363636363636364 0.18181818181818182 0.09090909090909091 0.06060606060606061 0.030303030303030304 maoyu 7Сʱ_mousemovements
0 0 0 0 0 0 0 0 0 0 0 0 0 0 0 0 0 0 0 0 0 0 0 0 0 0 0 0 0 0 0 0 0 0 0 0 0 0 0 0 0 0 0 maoyu 7Сʱ_mousemovements
0 0 0 0 0 0 0 0 0 0 0 0 0 0 0 0 0 0 0 0 0 0 0 0 0 0 0 0 0 0 0 0 0 0 0 0 0 0 0 0 0 0 0 maoyu 7Сʱ_mousemovements
0 0 2020.060303 0 0 0 0 0 0 0 0 0 0 2020.060303 0 0 0.0 0.0 0.0 0.0 0.0 1.0 0.0 0.0 1010.0301515 0 0 1.0 0.0 0.0 0.0 0.0 1.0 0.0 0.0 0.0 0.0 0.0 0.5 0.5 0.0 0.0 0.0 maoyu 7Сʱ_mousemovements
731.099548 2423.243408 343.772369 1398.533569 0 0 0 0 2423.243408 1398.533569 0 0 343.772369 731.099548 0 0 0.25 0.25 0.0 0.0 0.25 0.25 0.0 0.0 252.9375847222222 0 343.772369 0.9473684210526315 0.0 0.05263157894736842 0.25 0.25 0.25 0.25 0.0 0.0 0.0 0.0 0.8125 0.125 0.0 0.0625 0.0 maoyu 7Сʱ_mousemovements
377.69329519999997 297.7904663333333 468.363922 439.519684 0 0 0 0 482.933548 124.64829999999999 480.319794 0 0 432.168476 398.719574 306.364197 0.18181818181818182 0.18181818181818182 0.09090909090909091 0.0 0.0 0.36363636363636365 0.09090909090909091 0.09090909090909091 102.20316673529413 5.606262 324.363617 0.918918918918919 0.02702702702702703 0.05405405405405406 0.45454545454545453 0.2727272727272727 0.09090909090909091 0.18181818181818182 0.0 0.0 0.0 0.0 0.625 0.15625 0.0625 0.09375 0.0625 maoyu 7Сʱ_mousemovements
173.52148433333332 0 1133.567444 1033.1582945 2497.564209 1523.9280395 0 0 1377.0674895 1019.6037825 0 0 1335.4157103333334 1107.925537 56.04332 435.877686 0.2 0.2 0.0 0.0 0.3 0.1 0.1 0.1 229.78439147619048 0 249.49725866666665 0.9333333333333333 0.0 0.06666666666666667 0.3 0.0 0.2 0.2 0.1 0.2 0.0 0.0 0.7209302325581395 0.18604651162790697 0.06976744186046512 0.0 0.023255813953488372 maoyu 7Сʱ_mousemovements
38.82634633333333 455.2770932857143 1070.0991006666666 2077.3316849999997 749.9158692000001 2409.625061333333 1674.527466 0 1583.96354675 638.8376315 499.42629999999997 621.4726654 971.0776573333334 1270.1165084999998 460.26326500000005 1711.172971 0.16 0.08 0.08 0.2 0.12 0.08 0.12 0.16 306.57834832432434 8.0 386.2707527142857 0.9024390243902439 0.012195121951219513 0.08536585365853659 0.12 0.28 0.12 0.12 0.2 0.12 0.04 0.0 0.6666666666666666 0.15384615384615385 0.1282051282051282 0.05128205128205128 0.0 maoyu 7Сʱ_mousemovements
202.37585714285714 419.75297924999995 0 0 0 1189.612549 0 0 647.158997 197.059677 0 0 0 341.8332808 445.9170113333334 0 0.08333333333333333 0.25 0.0 0.0 0.0 0.4166666666666667 0.25 0.0 126.34431146875 127.074829 57.581334999999996 0.9142857142857143 0.02857142857142857 0.05714285714285714 0.5833333333333334 0.3333333333333333 0.0 0.0 0.0 0.08333333333333333 0.0 0.0 0.5882352941176471 0.2647058823529412 0.08823529411764706 0.029411764705882353 0.029411764705882353 maoyu 7Сʱ_mousemovements
106.66805184615386 0 172.13555899999997 299.097076 1088.753662 1128.649658 765.391052 0 61.629961333333334 217.89742399999997 230.10891700000002 0 42.553192 536.9576294 57.142857 0 0.15 0.35 0.15 0.0 0.05 0.25 0.05 0.0 71.34746091525423 113.3648225 187.18824 0.9076923076923077 0.03076923076923077 0.06153846153846154 0.65 0.0 0.15 0.05 0.05 0.05 0.05 0.0 0.576271186440678 0.22033898305084745 0.15254237288135594 0.01694915254237288 0.03389830508474576 maoyu 7Сʱ_mousemovements
144.23682192307692 233.979291 384.0278369999999 1336.041504 761.234253 0 0 0 113.06399425000001 120.35551942857144 234.5781212857143 121.071404 49.425884 362.089156 407.5700584 127.92684433333334 0.11764705882352941 0.20588235294117646 0.20588235294117646 0.029411764705882353 0.029411764705882353 0.17647058823529413 0.14705882352941177 0.08823529411764706 72.70295443529412 112.25230633333332 169.27806642857146 0.8947368421052632 0.031578947368421054 0.07368421052631578 0.7647058823529411 0.08823529411764706 0.08823529411764706 0.029411764705882353 0.029411764705882353 0.0 0.0 0.0 0.550561797752809 0.2696629213483146 0.12359550561797752 0.0449438202247191 0.011235955056179775 maoyu 7Сʱ_mousemovements
380.98545825 1167.877106 1376.272969333333 0 523.890686 0 0 0 824.0100175 1048.642807 0 0 1035.820068 732.60424 168.785828 0 0.2 0.4 0.0 0.0 0.1 0.2 0.1 0.0 236.96148863636364 0 346.338257 0.9428571428571428 0.0 0.05714285714285714 0.4 0.2 0.3 0.0 0.1 0.0 0.0 0.0 0.7741935483870968 0.0967741935483871 0.06451612903225806 0.03225806451612903 0.03225806451612903 maoyu 7Сʱ_mousemovements
98.37522012500001 1333.889038 265.3512115 0 0 1433.725952 3835.2146 0 88.70322433333332 144.227685 111.93876649999999 0 540.642769 408.9020936 53.363074999999995 1933.736332 0.14285714285714285 0.19047619047619047 0.09523809523809523 0.0 0.14285714285714285 0.23809523809523808 0.09523809523809523 0.09523809523809523 154.42435484905658 62.07315199999999 84.206318 0.8833333333333333 0.05 0.06666666666666667 0.7619047619047619 0.047619047619047616 0.09523809523809523 0.0 0.0 0.047619047619047616 0.047619047619047616 0.0 0.6181818181818182 0.21818181818181817 0.10909090909090909 0.03636363636363636 0.01818181818181818 maoyu 7Сʱ_mousemovements
0 0 0 0 0 0 0 0 0 0 0 0 0 0 0 0 0 0 0 0 0 0 0 0 0 0 0 0 0 0 0 0 0 0 0 0 0 0 0 0 0 0 0 maoyu 7Сʱ_mousemovements
0 0 0 0 0 0 0 0 0 0 0 0 0 0 0 0 0 0 0 0 0 0 0 0 0 0 0 0 0 0 0 0 0 0 0 0 0 0 0 0 0 0 0 maoyu 7Сʱ_mousemovements
0 0 0 0 0 0 0 0 0 0 0 0 0 0 0 0 0 0 0 0 0 0 0 0 0 0 0 0 0 0 0 0 0 0 0 0 0 0 0 0 0 0 0 maoyu 7Сʱ_mousemovements
0 0 0 0 0 0 0 0 0 0 0 0 0 0 0 0 0 0 0 0 0 0 0 0 0 0 0 0 0 0 0 0 0 0 0 0 0 0 0 0 0 0 0 maoyu 7Сʱ_mousemovements
73.54903766666666 0 0 0 0 849.381653 0 0 98.046272 0 45.406223 0 0 849.381653 77.194618 0 0.25 0.0 0.25 0.0 0.0 0.25 0.25 0.0 54.504486529411764 45.406223 98.046272 0.8947368421052632 0.05263157894736842 0.05263157894736842 0.75 0.0 0.0 0.0 0.0 0.25 0.0 0.0 0.5882352941176471 0.23529411764705882 0.058823529411764705 0.058823529411764705 0.058823529411764705 maoyu 7Сʱ_mousemovements
109.67787516666667 274.03610025 376.672231 1138.154907 1392.678467 0 0 0 158.8659194 273.69560433333334 211.51929999999996 1421.189575 0 375.27009150000004 167.88920716666667 118.144638 0.17857142857142858 0.21428571428571427 0.10714285714285714 0.03571428571428571 0.0 0.21428571428571427 0.21428571428571427 0.03571428571428571 99.03743632 69.701586 75.535058 0.9259259259259259 0.024691358024691357 0.04938271604938271 0.6428571428571429 0.14285714285714285 0.10714285714285714 0.07142857142857142 0.03571428571428571 0.0 0.0 0.0 0.5866666666666667 0.25333333333333335 0.12 0.0 0.04 maoyu 7Сʱ_mousemovements
