210.06644115384617 674.7022107142858 1530.0417828571428 1472.1225585 2496.1841433333334 813.86438 0 0 2024.799685 463.2423755 801.59794825 1404.01597975 487.57962000000003 1308.0105133999998 282.04494866666664 913.9532808571429 0.08571428571428572 0.11428571428571428 0.11428571428571428 0.11428571428571428 0.05714285714285714 0.14285714285714285 0.17142857142857143 0.2 238.63672395238095 0 163.33939400000003 0.9 0.0 0.1 0.37142857142857144 0.2 0.2 0.11428571428571428 0.08571428571428572 0.02857142857142857 0.0 0.0 0.40625 0.328125 0.125 0.1015625 0.0390625 maoyu 1Сʱ_mousemovements
156.46635266666667 655.1109823333335 2234.2609860000002 1883.660278 2979.704834 1520.213135 0 0 1007.356262 1370.61738 0 700.542419 1373.3673219999998 1520.213135 944.3308716666667 59.404053 0.13333333333333333 0.13333333333333333 0.0 0.06666666666666667 0.3333333333333333 0.06666666666666667 0.2 0.06666666666666667 365.62385764444446 0 70.7156305 0.9183673469387755 0.0 0.08163265306122448 0.4 0.2 0.13333333333333333 0.06666666666666667 0.13333333333333333 0.06666666666666667 0.0 0.0 0.4883720930232558 0.2558139534883721 0.18604651162790697 0.046511627906976744 0.023255813953488372 maoyu 1Сʱ_mousemovements
0 0 0 0 0 0 0 0 0 0 0 0 0 0 0 0 0 0 0 0 0 0 0 0 0 0 0 0 0 0 0 0 0 0 0 0 0 0 0 0 0 0 0 maoyu 1Сʱ_mousemovements
0 0 0 0 0 0 0 0 0 0 0 0 0 0 0 0 0 0 0 0 0 0 0 0 0 0 0 0 0 0 0 0 0 0 0 0 0 0 0 0 0 0 0 maoyu 1Сʱ_mousemovements
0 0 0 0 0 0 0 0 0 0 0 0 0 0 0 0 0 0 0 0 0 0 0 0 0 0 0 0 0 0 0 0 0 0 0 0 0 0 0 0 0 0 0 maoyu 1Сʱ_mousemovements
0 0 0 0 0 0 0 0 0 0 0 0 0 0 0 0 0 0 0 0 0 0 0 0 0 0 0 0 0 0 0 0 0 0 0 0 0 0 0 0 0 0 0 maoyu 1Сʱ_mousemovements
290.319153 669.7085013333334 1505.306641 1593.7261505 719.699707 0 0 0 0 592.2215424999999 719.699707 0 0 1383.3668416666667 0 828.8299945 0.0 0.25 0.125 0.0 0.0 0.375 0.0 0.25 335.9920712857143 0 328.0349045 0.9130434782608695 0.0 0.08695652173913043 0.125 0.375 0.125 0.25 0.125 0.0 0.0 0.0 0.3684210526315789 0.3684210526315789 0.05263157894736842 0.21052631578947367 0.0 maoyu 1Сʱ_mousemovements
62.205999500000004 213.855804 1390.486084 1175.712509 1133.259644 0 0 0 0 0 1133.259644 0 401.136688 146.6706695 1128.5669593333332 0 0.0 0.0 0.14285714285714285 0.0 0.14285714285714285 0.2857142857142857 0.42857142857142855 0.0 275.2586822777778 213.855804 44.926464 0.9 0.05 0.05 0.2857142857142857 0.14285714285714285 0.14285714285714285 0.2857142857142857 0.14285714285714285 0.0 0.0 0.0 0.375 0.3125 0.1875 0.125 0.0 maoyu 1Сʱ_mousemovements
155.68423074999998 137.819427 139.755753 680.426086 0 0 1033.625488 0 0 327.0519675 409.12275650000004 0 0 0 243.955147 0 0.0 0.5 0.25 0.0 0.0 0.0 0.25 0.0 116.25354942857145 139.755753 33.283386 0.9130434782608695 0.043478260869565216 0.043478260869565216 0.5 0.125 0.125 0.125 0.0 0.0 0.125 0.0 0.3 0.4 0.15 0.05 0.1 maoyu 1Сʱ_mousemovements
151.03481775 565.0543138 1655.6987305 3332.639893 3616.822998 0 0 0 77.114771 1227.3347700000002 653.318825 0 0 1631.6197548333332 0 1800.9194645 0.14285714285714285 0.14285714285714285 0.14285714285714285 0.0 0.0 0.42857142857142855 0.0 0.14285714285714285 419.38852044999993 0 132.888343 0.9090909090909091 0.0 0.09090909090909091 0.2857142857142857 0.35714285714285715 0.14285714285714285 0.07142857142857142 0.14285714285714285 0.0 0.0 0.0 0.40476190476190477 0.40476190476190477 0.047619047619047616 0.07142857142857142 0.07142857142857142 maoyu 1Сʱ_mousemovements
415.64127349999995 0 0 1030.6534016666667 1583.828979 0 0 0 0 1583.828979 918.2713925 76.542252 0 0 1005.0788575 0 0.0 0.16666666666666666 0.3333333333333333 0.16666666666666666 0.0 0.0 0.3333333333333333 0.0 344.1919831875 0 0.0 0.9411764705882353 0.0 0.058823529411764705 0.3333333333333333 0.0 0.0 0.5 0.16666666666666666 0.0 0.0 0.0 0.25 0.375 0.125 0.1875 0.0625 maoyu 1Сʱ_mousemovements
123.74132549999999 961.828125 286.4515535 1173.53398875 2047.134033 0 0 0 0 873.3457133333333 174.31192 0 0 1343.34394825 177.87950899999998 0 0.0 0.3 0.1 0.0 0.0 0.4 0.2 0.0 278.72096635714286 279.19645649999995 160.9039 0.9032258064516129 0.06451612903225806 0.03225806451612903 0.2 0.1 0.2 0.4 0.1 0.0 0.0 0.0 0.48 0.48 0.04 0.0 0.0 maoyu 1Сʱ_mousemovements
81.29249166666666 1143.218384 455.71344033333327 0 0 0 0 0 69.640915 135.122864 51.313709 531.2741395 1143.218384 296.239014 15.653239 89.254387 0.1 0.2 0.1 0.2 0.1 0.1 0.1 0.1 68.6833415 207.745728 151.71143866666668 0.8947368421052632 0.02631578947368421 0.07894736842105263 0.6 0.1 0.3 0.0 0.0 0.0 0.0 0.0 0.4411764705882353 0.29411764705882354 0.14705882352941177 0.11764705882352941 0.0 maoyu 1Сʱ_mousemovements
123.036542 550.4863383333333 0 2297.243164 0 1006.534729 0 0 0 463.02538366666664 0 0 0 254.227974 1651.8889465 0 0.0 0.42857142857142855 0.0 0.0 0.0 0.2857142857142857 0.2857142857142857 0.0 195.0139193076923 0 65.474045 0.9285714285714286 0.0 0.07142857142857142 0.2857142857142857 0.42857142857142855 0.0 0.14285714285714285 0.0 0.14285714285714285 0.0 0.0 0.43478260869565216 0.30434782608695654 0.21739130434782608 0.043478260869565216 0.0 maoyu 1Сʱ_mousemovements
0 0 0 0 0 0 0 0 0 0 0 0 0 0 0 0 0 0 0 0 0 0 0 0 0.0 0 0 1.0 0.0 0.0 0 0 0 0 0 0 0 0 1.0 0.0 0.0 0.0 0.0 maoyu 1Сʱ_mousemovements
93.97312844444444 420.151778125 704.7580033333334 163.483871 669.48291 0 0 0 0 386.0845992857143 345.3028247142857 0 0 588.4532829999999 123.6111032 0 0.0 0.28 0.28 0.0 0.0 0.24 0.2 0.0 102.89748765432098 146.9336315 79.990427375 0.8901098901098901 0.02197802197802198 0.08791208791208792 0.36 0.32 0.24 0.04 0.04 0.0 0.0 0.0 0.4155844155844156 0.3246753246753247 0.12987012987012986 0.07792207792207792 0.05194805194805195 maoyu 1Сʱ_mousemovements
31.128812500000002 612.0725439999999 1407.9173768 2098.0922855 1563.3256633333333 0 2824.152344 0 0 1439.9683227500002 728.2736920000001 0 1133.363691 1589.9998935 809.2098005 1535.303833 0.0 0.23529411764705882 0.17647058823529413 0.0 0.11764705882352941 0.23529411764705882 0.11764705882352941 0.11764705882352941 585.3487971944445 0 187.891891 0.972972972972973 0.0 0.02702702702702703 0.11764705882352941 0.23529411764705882 0.29411764705882354 0.11764705882352941 0.17647058823529413 0.0 0.058823529411764705 0.0 0.35294117647058826 0.3235294117647059 0.08823529411764706 0.17647058823529413 0.058823529411764705 maoyu 1Сʱ_mousemovements
100.046918 0 206.906616 0 0 0 0 0 0 95.744682 199.651344 0 0 0 12.0 0 0.0 0.25 0.5 0.0 0.0 0.0 0.25 0.0 45.00430636363637 0 12.0 0.9166666666666666 0.0 0.08333333333333333 0.75 0.0 0.25 0.0 0.0 0.0 0.0 0.0 0.4 0.3 0.0 0.2 0.1 maoyu 1Сʱ_mousemovements
77.270113 427.12390899999997 864.187683 435.730591 0 0 0 0 0 99.7178325 435.730591 0 0 698.000916 487.769573 0 0.0 0.3333333333333333 0.16666666666666666 0.0 0.0 0.16666666666666666 0.3333333333333333 0.0 79.72071911111112 0 52.08230066666667 0.9 0.0 0.1 0.3333333333333333 0.3333333333333333 0.16666666666666666 0.16666666666666666 0.0 0.0 0.0 0.0 0.5238095238095238 0.2857142857142857 0.09523809523809523 0.09523809523809523 0.0 maoyu 1Сʱ_mousemovements
189.77914933333332 695.2626418333333 1914.6312865 311.609253 3689.67749 0 0 0 0 1332.856563 0 0 394.197754 1188.7636415 856.3315986666667 38.509708 0.0 0.47058823529411764 0.0 0.0 0.17647058823529413 0.11764705882352941 0.17647058823529413 0.058823529411764705 361.87395782608695 0 61.425164333333335 0.9387755102040817 0.0 0.061224489795918366 0.35294117647058826 0.35294117647058826 0.11764705882352941 0.058823529411764705 0.11764705882352941 0.0 0.0 0.0 0.47368421052631576 0.3684210526315789 0.13157894736842105 0.02631578947368421 0.0 maoyu 1Сʱ_mousemovements
0 0 0 0 0 0 0 0 0 0 0 0 0 0 0 0 0 0 0 0 0 0 0 0 0 0 0 0 0 0 0 0 0 0 0 0 0 0 0 0 0 0 0 maoyu 1Сʱ_mousemovements
25.486784 0 336.960419 588.201782 0 0 0 0 0 25.486784 588.201782 0 0 0 336.960419 0 0.0 0.3333333333333333 0.3333333333333333 0.0 0.0 0.0 0.3333333333333333 0.0 49.01681516666667 0 181.2236015 0.8571428571428571 0.0 0.14285714285714285 0.3333333333333333 0.0 0.3333333333333333 0.3333333333333333 0.0 0.0 0.0 0.0 0.3333333333333333 0.25 0.25 0.16666666666666666 0.0 maoyu 1Сʱ_mousemovements
313.8862823333334 131.34931933333334 1134.762695 942.9226075 0 0 0 0 0 189.3302 290.79125575 0 0 623.0189323333333 1134.762695 0 0.0 0.1111111111111111 0.4444444444444444 0.0 0.0 0.3333333333333333 0.1111111111111111 0.0 130.65528256666667 0 109.1640595 0.8823529411764706 0.0 0.11764705882352941 0.3333333333333333 0.3333333333333333 0.1111111111111111 0.2222222222222222 0.0 0.0 0.0 0.0 0.4166666666666667 0.5 0.041666666666666664 0.041666666666666664 0.0 maoyu 1Сʱ_mousemovements
168.781799 0 0 1238.6597086666668 1978.6972045000002 0 0 0 168.781799 1978.6972045000002 1064.584778 0 0 0 1586.80957 0 0.16666666666666666 0.3333333333333333 0.3333333333333333 0.0 0.0 0.0 0.16666666666666666 0.0 653.5129445 0 0 1.0 0.0 0.0 0.16666666666666666 0.0 0.0 0.5 0.3333333333333333 0.0 0.0 0.0 0.1111111111111111 0.4444444444444444 0.3333333333333333 0.1111111111111111 0.0 maoyu 1Сʱ_mousemovements
126.47773009090908 740.697952 1262.4215243333333 1404.4912875 2617.062317 0 0 0 80.81485950000001 505.68488333333335 875.5884245 372.3282346666667 125.0 2341.02691675 433.20162750000003 1235.410944 0.08333333333333333 0.125 0.08333333333333333 0.125 0.08333333333333333 0.16666666666666666 0.25 0.08333333333333333 286.1993064769231 271.361122 21.32701925 0.9154929577464789 0.028169014084507043 0.056338028169014086 0.4583333333333333 0.125 0.25 0.08333333333333333 0.08333333333333333 0.0 0.0 0.0 0.43548387096774194 0.3870967741935484 0.08064516129032258 0.03225806451612903 0.06451612903225806 maoyu 1Сʱ_mousemovements
0 0 0 0 0 0 0 0 0 0 0 0 0 0 0 0 0 0 0 0 0 0 0 0 0 0 0 0 0 0 0 0 0 0 0 0 0 0 0 0 0 0 0 maoyu 1Сʱ_mousemovements
294.3165715454545 842.1509497272727 1398.3408203333336 2233.649414 530.088623 0 0 0 267.63929233333334 1354.05542 1131.302477285714 876.194458 588.0398115 461.35323074999997 468.7485266666666 891.2114766666667 0.1111111111111111 0.037037037037037035 0.25925925925925924 0.037037037037037035 0.07407407407407407 0.14814814814814814 0.2222222222222222 0.1111111111111111 260.8100423150685 0 70.12835716666666 0.9240506329113924 0.0 0.0759493670886076 0.4074074074074074 0.4074074074074074 0.1111111111111111 0.037037037037037035 0.037037037037037035 0.0 0.0 0.0 0.391304347826087 0.42028985507246375 0.07246376811594203 0.08695652173913043 0.028985507246376812 maoyu 1Сʱ_mousemovements
107.86787777777778 253.846419 1759.59652725 2833.9466555 2254.7819826000004 0 3492.141357 0 995.375534 1564.1890927499999 572.2097510000001 1970.7009686666668 74.230053 870.986465857143 1102.3058472500002 1335.867167 0.07407407407407407 0.14814814814814814 0.07407407407407407 0.1111111111111111 0.07407407407407407 0.25925925925925924 0.14814814814814814 0.1111111111111111 366.4729280253165 158.139542 107.089906 0.8977272727272727 0.011363636363636364 0.09090909090909091 0.3333333333333333 0.2222222222222222 0.14814814814814814 0.07407407407407407 0.18518518518518517 0.0 0.037037037037037035 0.0 0.4 0.4 0.125 0.0625 0.0125 maoyu 1Сʱ_mousemovements
350.41111 182.1140975 759.0030825 1841.5488686666667 3626.0588374999998 0 0 601.179504 199.392349 0 898.3263855 500.566528 699.046021 2975.4465330000003 1757.347 162.1545485 0.08333333333333333 0.0 0.16666666666666666 0.08333333333333333 0.08333333333333333 0.25 0.16666666666666666 0.16666666666666666 451.70719594117645 601.179504 0.8880995 0.918918918918919 0.02702702702702703 0.05405405405405406 0.16666666666666666 0.16666666666666666 0.16666666666666666 0.25 0.16666666666666666 0.0 0.0 0.08333333333333333 0.4375 0.3125 0.125 0.125 0.0 maoyu 1Сʱ_mousemovements
175.782916 860.590149 1151.7989117500001 2766.185303 2189.8802185 5156.056152 4193.818848 0 934.632019 1938.7164189999999 4193.818848 0 196.2881925 2087.1805406666667 1043.1012166666667 0 0.07142857142857142 0.2857142857142857 0.07142857142857142 0.0 0.14285714285714285 0.21428571428571427 0.21428571428571427 0.0 717.8216330967742 364.039673 50.227901 0.9393939393939394 0.030303030303030304 0.030303030303030304 0.2857142857142857 0.07142857142857142 0.2857142857142857 0.07142857142857142 0.14285714285714285 0.07142857142857142 0.07142857142857142 0.0 0.5357142857142857 0.17857142857142858 0.17857142857142858 0.07142857142857142 0.03571428571428571 maoyu 1Сʱ_mousemovements
6.42978 265.5941036666667 2553.931641 0 2381.291748 451.320526 5420.261475 0 451.320526 2791.4344966666667 0 0 0 3745.907227 237.61349533333336 0 0.1111111111111111 0.3333333333333333 0.0 0.0 0.0 0.2222222222222222 0.3333333333333333 0.0 610.4502609259259 0 182.70730366666666 0.9 0.0 0.1 0.1111111111111111 0.3333333333333333 0.1111111111111111 0.0 0.1111111111111111 0.1111111111111111 0.2222222222222222 0.0 0.4166666666666667 0.5 0.08333333333333333 0.0 0.0 maoyu 1Сʱ_mousemovements
0.0 606.2240296666668 227.733932 1650.3724570000002 0 0 816.875 0 227.733932 338.0148925 2176.332764 348.624176 0 1091.8619793333335 0 1110.091797 0.1111111111111111 0.2222222222222222 0.1111111111111111 0.1111111111111111 0.0 0.3333333333333333 0.0 0.1111111111111111 234.81121596153847 816.875 297.477259 0.8666666666666667 0.03333333333333333 0.1 0.1111111111111111 0.3333333333333333 0.1111111111111111 0.3333333333333333 0.0 0.0 0.1111111111111111 0.0 0.4444444444444444 0.3333333333333333 0.14814814814814814 0.037037037037037035 0.037037037037037035 maoyu 1Сʱ_mousemovements
76.108307 182.83030966666664 2168.3349243999996 1724.209920666667 0 0 0 0 0 373.087494 1162.3660567499999 63.695679 0 2186.1598512 0 324.877777 0.0 0.15384615384615385 0.3076923076923077 0.07692307692307693 0.0 0.38461538461538464 0.0 0.07692307692307693 371.61888780952387 101.944977 201.0147324 0.875 0.020833333333333332 0.10416666666666667 0.15384615384615385 0.23076923076923078 0.38461538461538464 0.23076923076923078 0.0 0.0 0.0 0.0 0.4090909090909091 0.4090909090909091 0.045454545454545456 0.09090909090909091 0.045454545454545456 maoyu 1Сʱ_mousemovements
197.61773599999998 355.728154 1543.8747897777776 1599.1127625 3097.7579753333334 0 1302.135742 3303.230713 527.788879 1453.513250714286 1755.2573455999998 938.6874620000001 117.112343 1079.7916868333332 1080.2557755 2341.8825685 0.03571428571428571 0.25 0.17857142857142858 0.07142857142857142 0.03571428571428571 0.21428571428571427 0.14285714285714285 0.07142857142857142 398.0675870681818 0 214.08292522222223 0.9072164948453608 0.0 0.09278350515463918 0.17857142857142858 0.17857142857142858 0.32142857142857145 0.14285714285714285 0.10714285714285714 0.0 0.03571428571428571 0.03571428571428571 0.37362637362637363 0.3626373626373626 0.15384615384615385 0.06593406593406594 0.04395604395604396 maoyu 1Сʱ_mousemovements
88.426544 0 0 2219.53479 0 0 0 0 0 0 0 0 0 88.426544 2219.53479 0 0.0 0.0 0.0 0.0 0.0 0.3333333333333333 0.6666666666666666 0.0 493.22995333333336 0 88.426544 0.9 0.0 0.1 0.3333333333333333 0.0 0.0 0.6666666666666666 0.0 0.0 0.0 0.0 0.4444444444444444 0.4444444444444444 0.1111111111111111 0.0 0.0 maoyu 1Сʱ_mousemovements
288.03533350000004 502.65612774999994 1319.927307 5051.858398 0 0 0 0 2758.6789395 32.258064 1176.9293745 0 534.086792 562.0741373333334 508.345413 0 0.15384615384615385 0.07692307692307693 0.3076923076923077 0.0 0.07692307692307693 0.23076923076923078 0.15384615384615385 0.0 459.1792036206897 0 178.136566 0.9666666666666667 0.0 0.03333333333333333 0.3076923076923077 0.3076923076923077 0.3076923076923077 0.07692307692307693 0.0 0.0 0.0 0.0 0.4444444444444444 0.37037037037037035 0.037037037037037035 0.14814814814814814 0.0 maoyu 1Сʱ_mousemovements
116.82072666666667 870.4693786 923.2804648888889 2207.3069256666663 2901.8254395 158.120163 0 0 481.3463515000001 330.76560766666665 2737.61059575 301.420995 108.97133500000001 421.6721006000001 626.884457 1297.2701823333334 0.11428571428571428 0.17142857142857143 0.11428571428571428 0.08571428571428572 0.05714285714285714 0.14285714285714285 0.22857142857142856 0.08571428571428572 238.86532139252338 158.120163 142.3515826666667 0.9145299145299145 0.008547008547008548 0.07692307692307693 0.42857142857142855 0.14285714285714285 0.2571428571428571 0.08571428571428572 0.05714285714285714 0.02857142857142857 0.0 0.0 0.4074074074074074 0.37962962962962965 0.12037037037037036 0.05555555555555555 0.037037037037037035 maoyu 1Сʱ_mousemovements
227.63192255555558 659.4985902222222 1220.07802175 2090.426116666667 676.043762 0 0 0 128.717968 519.1660153333333 1123.2443336666665 88.85862866666666 981.5655200000001 0 939.8667732499999 1058.7952676666666 0.11538461538461539 0.11538461538461539 0.23076923076923078 0.11538461538461539 0.15384615384615385 0.0 0.15384615384615385 0.11538461538461539 237.39467888461536 90.507465 222.8017862 0.9176470588235294 0.023529411764705882 0.058823529411764705 0.34615384615384615 0.34615384615384615 0.15384615384615385 0.11538461538461539 0.038461538461538464 0.0 0.0 0.0 0.5066666666666667 0.29333333333333333 0.12 0.05333333333333334 0.02666666666666667 maoyu 1Сʱ_mousemovements
117.82746814285714 398.2728805 1214.866262 2742.0574546666667 2658.710449 3128.513428 210.767166 539.286926 2683.995117 1347.0413382 202.53126500000002 578.31594625 45.576374 2099.0189616666667 1025.8233722500001 1757.1612854999998 0.043478260869565216 0.21739130434782608 0.08695652173913043 0.17391304347826086 0.08695652173913043 0.13043478260869565 0.17391304347826086 0.08695652173913043 408.46312331746026 107.85498750000001 97.233536 0.9402985074626866 0.029850746268656716 0.029850746268656716 0.30434782608695654 0.17391304347826086 0.13043478260869565 0.13043478260869565 0.13043478260869565 0.043478260869565216 0.043478260869565216 0.043478260869565216 0.5 0.22413793103448276 0.13793103448275862 0.10344827586206896 0.034482758620689655 maoyu 1Сʱ_mousemovements
164.83719475 330.203963 1517.5290835 1110.1847051666666 2893.492737 3387.6132810000004 0 4563.649902 1074.506676 1518.3620672000002 1061.8403245 0 471.49989125 2845.8848632 1432.2972152 247.9526823333333 0.07692307692307693 0.19230769230769232 0.07692307692307693 0.0 0.15384615384615385 0.19230769230769232 0.19230769230769232 0.11538461538461539 428.44372033750005 106.597488 187.89715325 0.898876404494382 0.011235955056179775 0.0898876404494382 0.15384615384615385 0.23076923076923078 0.15384615384615385 0.23076923076923078 0.07692307692307693 0.11538461538461539 0.0 0.038461538461538464 0.4342105263157895 0.40789473684210525 0.06578947368421052 0.02631578947368421 0.06578947368421052 maoyu 1Сʱ_mousemovements
115.08459200000001 870.7757115 1768.9135437500001 2028.7229247999999 3496.5980225 1489.796143 0 0 2272.0036699999996 761.0271035000001 0 1937.631531 816.66687 1906.5486565 542.60047825 2805.55542 0.2222222222222222 0.1111111111111111 0.0 0.1111111111111111 0.05555555555555555 0.2222222222222222 0.2222222222222222 0.05555555555555555 679.2033211707316 56.81461 0 0.9761904761904762 0.023809523809523808 0.0 0.2222222222222222 0.1111111111111111 0.2222222222222222 0.2777777777777778 0.1111111111111111 0.05555555555555555 0.0 0.0 0.5277777777777778 0.3611111111111111 0.08333333333333333 0.027777777777777776 0.0 maoyu 1Сʱ_mousemovements
222.73725525 602.423228 1210.264862222222 2201.1260986666666 1654.0480195 3440.779297 0 0 1324.758262 1625.845424142857 735.1734423333332 619.6476135 422.92540919999993 1341.8176525000001 0 193.02211 0.07692307692307693 0.2692307692307692 0.11538461538461539 0.07692307692307693 0.19230769230769232 0.23076923076923078 0.0 0.038461538461538464 422.9865919999999 0 113.22554600000001 0.9558823529411765 0.0 0.04411764705882353 0.3076923076923077 0.11538461538461539 0.34615384615384615 0.11538461538461539 0.07692307692307693 0.038461538461538464 0.0 0.0 0.4482758620689655 0.3793103448275862 0.10344827586206896 0.06896551724137931 0.0 maoyu 1Сʱ_mousemovements
325.22019664285716 562.1812659375 1335.0084934999998 2247.930359 2897.031921571429 0 4606.134033 0 299.745056 942.0706911999999 2111.4674179 800.69215375 1141.882713625 390.1935044 1770.8086594000001 759.7263485555555 0.019230769230769232 0.09615384615384616 0.19230769230769232 0.07692307692307693 0.15384615384615385 0.09615384615384616 0.19230769230769232 0.17307692307692307 383.2250879320987 55.465729 201.51887814285712 0.9152542372881356 0.005649717514124294 0.07909604519774012 0.2692307692307692 0.3076923076923077 0.15384615384615385 0.09615384615384616 0.1346153846153846 0.0 0.038461538461538464 0.0 0.4550898203592814 0.38323353293413176 0.11976047904191617 0.023952095808383235 0.017964071856287425 maoyu 1Сʱ_mousemovements
0 191.59463499999998 609.8222805 1795.868652 0 0 4236.84082 0 0 1795.868652 0 149.660629 0 0 1422.5035055 0 0.0 0.16666666666666666 0.0 0.16666666666666666 0.0 0.0 0.6666666666666666 0.0 381.70284384210527 0 191.59463499999998 0.9047619047619048 0.0 0.09523809523809523 0.0 0.3333333333333333 0.3333333333333333 0.16666666666666666 0.0 0.0 0.16666666666666666 0.0 0.3333333333333333 0.4444444444444444 0.1111111111111111 0.05555555555555555 0.05555555555555555 maoyu 1Сʱ_mousemovements
111.0329332 830.1611506666667 1270.3330383333334 2645.650391 3310.843506 0 2471.187012 0 1079.0842284999999 311.637787 1372.031876 2120.986328 1610.9221805 1950.9837340000001 194.102562 585.5876634 0.11764705882352941 0.058823529411764705 0.11764705882352941 0.058823529411764705 0.11764705882352941 0.11764705882352941 0.11764705882352941 0.29411764705882354 284.5828113833333 0 233.28097033333333 0.9523809523809523 0.0 0.047619047619047616 0.29411764705882354 0.35294117647058826 0.17647058823529413 0.058823529411764705 0.058823529411764705 0.0 0.058823529411764705 0.0 0.5849056603773585 0.22641509433962265 0.1320754716981132 0.018867924528301886 0.03773584905660377 maoyu 1Сʱ_mousemovements
226.60713016666668 618.8466873333333 1411.8931679999998 3115.168579 2567.0408933333333 3755.867798 823.294922 0 261.238525 1485.5956415 2036.9696860000004 0 1103.225512 2651.6599526666664 778.0270722 567.189789 0.043478260869565216 0.2608695652173913 0.13043478260869565 0.0 0.13043478260869565 0.13043478260869565 0.21739130434782608 0.08695652173913043 433.8215204782608 0 234.45826457142857 0.9078947368421053 0.0 0.09210526315789473 0.2608695652173913 0.2608695652173913 0.13043478260869565 0.08695652173913043 0.13043478260869565 0.08695652173913043 0.043478260869565216 0.0 0.38571428571428573 0.34285714285714286 0.2 0.07142857142857142 0.0 maoyu 1Сʱ_mousemovements
101.53278272727272 829.856425 1170.71980275 2234.5730590000003 1959.795857666667 0 0 0 433.04266642857147 748.8051491666665 966.7691050000001 507.5619511428572 498.5845024285714 358.48205066666657 894.3648893333334 672.3688353333333 0.14893617021276595 0.1276595744680851 0.10638297872340426 0.14893617021276595 0.14893617021276595 0.06382978723404255 0.19148936170212766 0.06382978723404255 202.94915970289856 52.75336525 332.11991742857134 0.9261744966442953 0.026845637583892617 0.04697986577181208 0.46808510638297873 0.3404255319148936 0.0851063829787234 0.0425531914893617 0.06382978723404255 0.0 0.0 0.0 0.44525547445255476 0.3357664233576642 0.11678832116788321 0.06569343065693431 0.0364963503649635 maoyu 1Сʱ_mousemovements
146.37817144444443 538.2102646666666 1570.0600103333334 1726.7809375 1571.5444945000002 0 0 0 0 649.9634227500001 207.84358457142858 558.5391686 1430.2939984999998 132.82809966666667 912.376971375 872.5785025 0.0 0.21621621621621623 0.1891891891891892 0.13513513513513514 0.05405405405405406 0.08108108108108109 0.21621621621621623 0.10810810810810811 198.98749126126125 10.630740333333334 137.62066430000002 0.8951612903225806 0.024193548387096774 0.08064516129032258 0.4864864864864865 0.24324324324324326 0.16216216216216217 0.05405405405405406 0.05405405405405406 0.0 0.0 0.0 0.36363636363636365 0.42727272727272725 0.11818181818181818 0.01818181818181818 0.07272727272727272 maoyu 1Сʱ_mousemovements
249.76030942857145 908.9955444999999 1153.649292 3498.952759 599.990234 0 0 0 47.370159 1672.02034 251.23555 0 0 1276.3270455 799.6388395 0 0.15384615384615385 0.23076923076923078 0.15384615384615385 0.0 0.0 0.3076923076923077 0.15384615384615385 0.0 245.34022702127658 0 157.37352579999998 0.9038461538461539 0.0 0.09615384615384616 0.5384615384615384 0.15384615384615385 0.07692307692307693 0.15384615384615385 0.07692307692307693 0.0 0.0 0.0 0.45652173913043476 0.30434782608695654 0.21739130434782608 0.021739130434782608 0.0 maoyu 1Сʱ_mousemovements
362.85149 747.9292346666667 660.5057524 2091.5819522 3462.96797175 3717.227539 2168.1604 0 1184.6244476000002 925.9389040000001 1878.594635 1659.844238 2455.3724365 2762.17117325 903.0794485 418.6217649999999 0.19230769230769232 0.07692307692307693 0.15384615384615385 0.07692307692307693 0.07692307692307693 0.15384615384615385 0.15384615384615385 0.11538461538461539 476.97070703846157 0 248.1071742222222 0.896551724137931 0.0 0.10344827586206896 0.15384615384615385 0.23076923076923078 0.19230769230769232 0.19230769230769232 0.15384615384615385 0.038461538461538464 0.038461538461538464 0.0 0.39759036144578314 0.40963855421686746 0.08433734939759036 0.03614457831325301 0.07228915662650602 maoyu 1Сʱ_mousemovements
0 0 0 0 0 0 0 0 0 0 0 0 0 0 0 0 0 0 0 0 0 0 0 0 0 0 0 0 0 0 0 0 0 0 0 0 0 0 0 0 0 0 0 maoyu 1Сʱ_mousemovements
0 0 0 0 0 0 0 0 0 0 0 0 0 0 0 0 0 0 0 0 0 0 0 0 0 0 0 0 0 0 0 0 0 0 0 0 0 0 0 0 0 0 0 maoyu 1Сʱ_mousemovements
0 0 0 0 0 0 0 0 0 0 0 0 0 0 0 0 0 0 0 0 0 0 0 0 0 0 0 0 0 0 0 0 0 0 0 0 0 0 0 0 0 0 0 maoyu 1Сʱ_mousemovements
0 0 0 0 0 0 0 0 0 0 0 0 0 0 0 0 0 0 0 0 0 0 0 0 0 0 0 0 0 0 0 0 0 0 0 0 0 0 0 0 0 0 0 maoyu 1Сʱ_mousemovements
0 0 0 0 0 0 0 0 0 0 0 0 0 0 0 0 0 0 0 0 0 0 0 0 0 0 0 0 0 0 0 0 0 0 0 0 0 0 0 0 0 0 0 maoyu 1Сʱ_mousemovements
0 0 0 0 0 0 0 0 0 0 0 0 0 0 0 0 0 0 0 0 0 0 0 0 0 0 0 0 0 0 0 0 0 0 0 0 0 0 0 0 0 0 0 maoyu 1Сʱ_mousemovements
0 0 0 0 0 0 0 0 0 0 0 0 0 0 0 0 0 0 0 0 0 0 0 0 0 0 0 0 0 0 0 0 0 0 0 0 0 0 0 0 0 0 0 maoyu 1Сʱ_mousemovements
0 0 0 0 0 0 0 0 0 0 0 0 0 0 0 0 0 0 0 0 0 0 0 0 0 0 0 0 0 0 0 0 0 0 0 0 0 0 0 0 0 0 0 maoyu 1Сʱ_mousemovements
0 0 0 0 0 0 0 0 0 0 0 0 0 0 0 0 0 0 0 0 0 0 0 0 0 0 0 0 0 0 0 0 0 0 0 0 0 0 0 0 0 0 0 maoyu 1Сʱ_mousemovements
0 0 0 0 0 0 0 0 0 0 0 0 0 0 0 0 0 0 0 0 0 0 0 0 0 0 0 0 0 0 0 0 0 0 0 0 0 0 0 0 0 0 0 maoyu 1Сʱ_mousemovements
