58.090482800000004 772.534676 1919.716675 0 0 0 0 1788.521118 0 1919.716675 0 92.21515933333335 34.9272795 0 1788.521118 1364.021729 0.0 0.125 0.0 0.375 0.25 0.0 0.125 0.125 221.75038236 0 0 1.0 0.0 0.0 0.5555555555555556 0.2222222222222222 0.1111111111111111 0.0 0.0 0.0 0.0 0.1111111111111111 0.6 0.25 0.1 0.05 0.0 leishengchuan 9Сʱ_mousemovements
149.41879099999997 0 0 0 0 0 0 0 0 0 0 130.8671455 271.424744 0 64.516129 0 0.0 0.0 0.0 0.5 0.25 0.0 0.25 0.0 74.70939549999999 0 0 1.0 0.0 0.0 1.0 0.0 0.0 0.0 0.0 0.0 0.0 0.0 0.5 0.5 0.0 0.0 0.0 leishengchuan 9Сʱ_mousemovements
349.4708424545454 577.83472825 315.46050499999996 690.2600705 0 0 967.082947 974.572021 193.865593 497.7686103333333 1034.8049923333333 0 217.87061675 707.19768525 429.37280533333336 62.5 0.18181818181818182 0.13636363636363635 0.13636363636363635 0.0 0.18181818181818182 0.18181818181818182 0.13636363636363635 0.045454545454545456 151.6689739245283 967.082947 472.845413 0.9298245614035088 0.017543859649122806 0.05263157894736842 0.5 0.18181818181818182 0.13636363636363635 0.09090909090909091 0.0 0.0 0.045454545454545456 0.045454545454545456 0.5333333333333333 0.13333333333333333 0.2 0.1111111111111111 0.022222222222222223 leishengchuan 9Сʱ_mousemovements
43.90518603076924 405.646301 0 466.369202 0 2418.904541 0 0 38.7835362 37.553807500000005 29.1752235 44.647151428571426 158.29208194736842 177.392736 13.046281666666667 80.98389895238094 0.07352941176470588 0.11764705882352941 0.029411764705882353 0.10294117647058823 0.27941176470588236 0.04411764705882353 0.04411764705882353 0.3088235294117647 29.27275284615384 0 56.024544 0.9952153110047847 0.0 0.004784688995215311 0.9558823529411765 0.014705882352941176 0.0 0.014705882352941176 0.0 0.014705882352941176 0.0 0.0 0.6648648648648648 0.15675675675675677 0.10810810810810811 0.04864864864864865 0.021621621621621623 leishengchuan 9Сʱ_mousemovements
138.58133028571427 1026.611206 4629.426758 218.149681 0 0 0 0 438.462827 378.8571483333333 125.0 0 34.88372 1654.224234333333 79.021117 31.914894 0.15789473684210525 0.3157894736842105 0.05263157894736842 0.0 0.05263157894736842 0.15789473684210525 0.21052631578947367 0.05263157894736842 120.28783702702701 0 157.787216 0.9866666666666667 0.0 0.013333333333333334 0.7368421052631579 0.10526315789473684 0.05263157894736842 0.10526315789473684 0.0 0.0 0.0 0.0 0.7543859649122807 0.15789473684210525 0.017543859649122806 0.03508771929824561 0.03508771929824561 leishengchuan 9Сʱ_mousemovements
96.97942035714287 337.9473647222222 737.3874422 734.6076965714286 646.375122 1668.332153 0 811.4201253333334 177.00924083333334 353.2604155625 423.6206443333333 224.3372235625 235.85635814285712 405.9530996666667 182.2851442941176 120.49527516666666 0.05714285714285714 0.1523809523809524 0.11428571428571428 0.1523809523809524 0.13333333333333333 0.11428571428571428 0.1619047619047619 0.11428571428571428 71.36628878698221 41.23397975 152.767726375 0.9135135135135135 0.021621621621621623 0.06486486486486487 0.660377358490566 0.16981132075471697 0.04716981132075472 0.0660377358490566 0.009433962264150943 0.018867924528301886 0.0 0.02830188679245283 0.5351681957186545 0.27522935779816515 0.07951070336391437 0.0856269113149847 0.024464831804281346 leishengchuan 9Сʱ_mousemovements
76.0165832 132.393814 477.204468 1077.236084 0 0 0 0 777.220276 0 0 0 291.012543 132.393814 0 22.26759325 0.25 0.0 0.0 0.0 0.125 0.125 0.0 0.5 20.454884129999996 0 21.428869 0.9900990099009901 0.0 0.009900990099009901 0.625 0.125 0.125 0.125 0.0 0.0 0.0 0.0 0.6022727272727273 0.19318181818181818 0.09090909090909091 0.06818181818181818 0.045454545454545456 leishengchuan 9Сʱ_mousemovements
125.49732574999996 497.1372832142857 384.2757416 1041.0169006 1085.46291725 807.6413575000001 1672.2362466666666 0 364.10714071428566 335.23390775 561.6554249 185.50365542857142 80.8759656 655.1304310000002 676.4687822500001 223.3296558 0.1076923076923077 0.12307692307692308 0.15384615384615385 0.1076923076923077 0.07692307692307693 0.1076923076923077 0.24615384615384617 0.07692307692307693 112.46425361990954 0 201.02584161904758 0.9132231404958677 0.0 0.08677685950413223 0.49230769230769234 0.2153846153846154 0.07692307692307693 0.07692307692307693 0.06153846153846154 0.03076923076923077 0.046153846153846156 0.0 0.5046728971962616 0.2897196261682243 0.102803738317757 0.06542056074766354 0.037383177570093455 leishengchuan 9Сʱ_mousemovements
167.55559363636365 325.25647725 880.08893575 1515.0038759999998 0 856.28717 0 3592.842529 451.62440449999997 975.123989 341.016327 446.6012855999999 910.425415 482.25593566666663 348.9602965 629.966156 0.08695652173913043 0.17391304347826086 0.043478260869565216 0.21739130434782608 0.13043478260869565 0.13043478260869565 0.08695652173913043 0.13043478260869565 185.1101262173913 0 195.86170342857142 0.9078947368421053 0.0 0.09210526315789473 0.4782608695652174 0.17391304347826086 0.17391304347826086 0.08695652173913043 0.0 0.043478260869565216 0.0 0.043478260869565216 0.49230769230769234 0.3076923076923077 0.09230769230769231 0.07692307692307693 0.03076923076923077 leishengchuan 9Сʱ_mousemovements
123.60140108620689 316.1502982222222 431.9472617647058 636.6202613636364 771.9932498 852.82722475 710.5954386666666 1723.941925 476.8182972352941 252.7337608918918 184.67655246666666 448.20822905555553 305.6445776923077 173.42214040909093 230.17609337931026 235.65699735714293 0.09497206703910614 0.20670391061452514 0.08379888268156424 0.1005586592178771 0.07262569832402235 0.12290502793296089 0.16201117318435754 0.1564245810055866 81.99275420278333 30.539582222222222 147.92291028301884 0.8902654867256637 0.01592920353982301 0.09380530973451327 0.6480446927374302 0.1005586592178771 0.09497206703910614 0.061452513966480445 0.027932960893854747 0.0223463687150838 0.0335195530726257 0.0111731843575419 0.5699797160243407 0.23529411764705882 0.10141987829614604 0.056795131845841784 0.036511156186612576 leishengchuan 9Сʱ_mousemovements
150.95316238888887 326.1785498333333 384.704988 500.65941514285714 618.027374 690.0681000000001 766.0605466666666 0 212.0101545714286 195.7007726923077 285.2866597368421 218.0196801666667 293.63230274999995 249.05436820833333 267.9148254666667 177.187544 0.046052631578947366 0.2565789473684211 0.125 0.07894736842105263 0.05263157894736842 0.15789473684210525 0.19736842105263158 0.08552631578947369 67.40352522222221 60.948700631578944 150.01496409756098 0.8757763975155279 0.039337474120082816 0.08488612836438923 0.7105263157894737 0.11842105263157894 0.06578947368421052 0.046052631578947366 0.013157894736842105 0.02631578947368421 0.019736842105263157 0.0 0.5906976744186047 0.23255813953488372 0.09069767441860466 0.046511627906976744 0.03953488372093023 leishengchuan 9Сʱ_mousemovements
88.31697950649347 329.608128375 436.393219 312.716774 570.56340775 483.35663225 366.228719 748.319946 148.92999672727274 143.14186114285718 181.3987781818182 283.217348 129.7570374166667 215.14576953846154 185.8942233076923 99.8201321818182 0.10679611650485436 0.20388349514563106 0.10679611650485436 0.10679611650485436 0.11650485436893204 0.1262135922330097 0.1262135922330097 0.10679611650485436 47.73721613131311 117.32898855555555 140.57047988235294 0.9195046439628483 0.02786377708978328 0.05263157894736842 0.7475728155339806 0.07766990291262135 0.019417475728155338 0.038834951456310676 0.038834951456310676 0.038834951456310676 0.02912621359223301 0.009708737864077669 0.5874125874125874 0.20279720279720279 0.09090909090909091 0.08741258741258741 0.03146853146853147 leishengchuan 9Сʱ_mousemovements
