101.01530124374997 566.8151077333333 490.61694161111114 1483.6345795384614 1534.021614 1262.893967 1454.2025271999998 753.177063 745.3878872399999 300.8977272916666 245.5921705 375.409558 298.6640965555556 212.1782925151515 185.18375946428574 548.0466389333334 0.1072961373390558 0.10300429184549356 0.060085836909871244 0.06437768240343347 0.15450643776824036 0.14163090128755365 0.24034334763948498 0.12875536480686695 101.88810573405698 74.88559880000001 162.0053175 0.9509677419354838 0.025806451612903226 0.023225806451612905 0.6837606837606838 0.1282051282051282 0.07692307692307693 0.05555555555555555 0.021367521367521368 0.008547008547008548 0.021367521367521368 0.004273504273504274 0.6301939058171745 0.23684210526315788 0.07063711911357341 0.04016620498614958 0.0221606648199446 leishengchuan 4Сʱ_mousemovements
128.7614459357798 276.4522160000001 628.4375632857143 515.4994558333333 1109.8556313333331 1604.7875573333333 1222.3706662 1130.729126 361.5875757 423.7108845925926 211.87177549999998 195.0346531111111 134.92499040000004 514.4141763157895 167.66724929411768 191.2713625789474 0.06802721088435375 0.1836734693877551 0.10884353741496598 0.061224489795918366 0.20408163265306123 0.1292517006802721 0.11564625850340136 0.1292517006802721 80.72221259401711 19.009024214285716 122.06666355555555 0.9105058365758755 0.054474708171206226 0.03501945525291829 0.7414965986394558 0.08843537414965986 0.047619047619047616 0.04081632653061224 0.02040816326530612 0.02040816326530612 0.034013605442176874 0.006802721088435374 0.5571725571725572 0.2702702702702703 0.1101871101871102 0.0395010395010395 0.02286902286902287 leishengchuan 4Сʱ_mousemovements
0 0 0 0 0 0 0 0 0 0 0 0 0 0 0 0 0 0 0 0 0 0 0 0 0 0 0 0 0 0 0 0 0 0 0 0 0 0 0 0 0 0 0 leishengchuan 4Сʱ_mousemovements
0 0 0 0 0 0 0 0 0 0 0 0 0 0 0 0 0 0 0 0 0 0 0 0 0 0 0 0 0 0 0 0 0 0 0 0 0 0 0 0 0 0 0 leishengchuan 4Сʱ_mousemovements
0 0 0 0 0 0 0 0 0 0 0 0 0 0 0 0 0 0 0 0 0 0 0 0 0 0 0 0 0 0 0 0 0 0 0 0 0 0 0 0 0 0 0 leishengchuan 4Сʱ_mousemovements
0 0 0 0 0 0 0 0 0 0 0 0 0 0 0 0 0 0 0 0 0 0 0 0 0 0 0 0 0 0 0 0 0 0 0 0 0 0 0 0 0 0 0 leishengchuan 4Сʱ_mousemovements
232.41409199999998 340.910511 598.487671 1130.654419 0 0 0 0 220.270939 0 0 644.841187 386.523552 246.63258499999998 1616.467651 469.149673 0.18181818181818182 0.0 0.0 0.09090909090909091 0.18181818181818182 0.2727272727272727 0.09090909090909091 0.18181818181818182 177.21754085714284 16.444344 174.559433 0.9333333333333333 0.03333333333333333 0.03333333333333333 0.36363636363636365 0.36363636363636365 0.09090909090909091 0.18181818181818182 0.0 0.0 0.0 0.0 0.5714285714285714 0.2857142857142857 0.14285714285714285 0.0 0.0 leishengchuan 4Сʱ_mousemovements
110.93270747263682 434.5112195135135 609.21970075 805.9322041666667 562.4203911249999 1522.3893076666666 698.451477 675.9131266666667 424.1148591304348 341.706691173913 245.2133175384615 203.81330400000004 134.98783162500004 304.2333012777778 315.80182736538455 318.52821203571426 0.07692307692307693 0.15384615384615385 0.13043478260869565 0.11705685618729098 0.13377926421404682 0.12040133779264214 0.17391304347826086 0.09364548494983277 93.7863601095406 43.14367885714286 193.06105927272728 0.933993399339934 0.0539053905390539 0.0121012101210121 0.674496644295302 0.12416107382550336 0.08053691275167785 0.06040268456375839 0.026845637583892617 0.020134228187919462 0.003355704697986577 0.010067114093959731 0.6011764705882353 0.22941176470588234 0.10823529411764705 0.029411764705882353 0.03176470588235294 leishengchuan 4Сʱ_mousemovements
117.58296660606061 402.2883812162162 520.0661812105262 672.3463301818182 473.484436 1051.1972874285716 1540.0777180000002 938.229553 267.9786325769231 272.58275695238103 415.574373 184.576521 158.9003326086957 213.09519714999996 351.2282373333333 253.13209205128203 0.09285714285714286 0.15 0.08928571428571429 0.060714285714285714 0.16428571428571428 0.14285714285714285 0.16071428571428573 0.1392857142857143 81.7254411539424 61.46659433333332 228.55003842307698 0.9279907084785134 0.041811846689895474 0.030197444831591175 0.7071428571428572 0.13214285714285715 0.06785714285714285 0.039285714285714285 0.0035714285714285713 0.025 0.02142857142857143 0.0035714285714285713 0.5935162094763092 0.22942643391521197 0.1059850374064838 0.04488778054862843 0.026184538653366583 leishengchuan 4Сʱ_mousemovements
113.7128258933333 475.7924723888889 796.1888994999999 919.7815997692306 605.4098003333334 779.26177175 2642.4525556666667 1545.367554 545.8517855263157 605.1260155000001 387.7251369 325.34663318181816 174.20413295238095 384.54540734782597 570.1444283157894 313.1411448333333 0.1450381679389313 0.12213740458015267 0.07633587786259542 0.08396946564885496 0.16030534351145037 0.17557251908396945 0.1450381679389313 0.0916030534351145 148.95028171594205 30.018132857142863 214.95634553846156 0.9274193548387096 0.03763440860215054 0.03494623655913978 0.5725190839694656 0.13740458015267176 0.10687022900763359 0.09923664122137404 0.022900763358778626 0.030534351145038167 0.022900763358778626 0.007633587786259542 0.6111111111111112 0.21052631578947367 0.08771929824561403 0.05555555555555555 0.03508771929824561 leishengchuan 4Сʱ_mousemovements
153.74489108163266 414.2555770000001 531.828735 1270.7296755 516.663452 2396.4094845 1073.698639 2465.638875 236.38693633333332 480.023481 509.301216 130.8936016 184.90987570588234 726.1862744166666 1018.4634656000001 377.5866808333333 0.08823529411764706 0.07352941176470588 0.08823529411764706 0.07352941176470588 0.25 0.17647058823529413 0.07352941176470588 0.17647058823529413 156.98837032386362 10.72567490909091 157.7299255 0.9025641025641026 0.05641025641025641 0.041025641025641026 0.7205882352941176 0.08823529411764706 0.04411764705882353 0.029411764705882353 0.014705882352941176 0.029411764705882353 0.029411764705882353 0.04411764705882353 0.65 0.21666666666666667 0.05555555555555555 0.05555555555555555 0.022222222222222223 leishengchuan 4Сʱ_mousemovements
118.57455684444447 375.26455175 584.4127197692308 1009.1631224444445 921.1540219999999 1586.03418 1461.946594 2511.846436 154.57104387499996 366.18474714814823 447.8479172857143 424.795121 127.07247250000003 450.8770216470588 342.10803873913045 183.88171895238096 0.05970149253731343 0.20149253731343283 0.1044776119402985 0.05970149253731343 0.11940298507462686 0.12686567164179105 0.17164179104477612 0.15671641791044777 83.15764749547508 309.57909707692306 239.94163266666666 0.9587852494577006 0.028199566160520606 0.013015184381778741 0.6716417910447762 0.11940298507462686 0.09701492537313433 0.06716417910447761 0.014925373134328358 0.007462686567164179 0.014925373134328358 0.007462686567164179 0.6179245283018868 0.23349056603773585 0.08490566037735849 0.04481132075471698 0.018867924528301886 leishengchuan 4Сʱ_mousemovements
