157.57923947058822 471.1255865 983.0424805 991.3397367499999 1070.582275 0 669.214417 417.09671 195.628876 479.54035178571434 259.493408 46.483546000000004 507.70888433333334 379.7564116666667 706.0874146 0 0.03125 0.4375 0.03125 0.15625 0.09375 0.09375 0.15625 0.0 203.6232411875 19.631871142857143 106.1568415 0.8533333333333334 0.09333333333333334 0.05333333333333334 0.53125 0.1875 0.0625 0.125 0.03125 0.0 0.03125 0.03125 0.6323529411764706 0.22058823529411764 0.04411764705882353 0.04411764705882353 0.058823529411764705 leishengchuan 7Сʱ_mousemovements
0 0 0 0 0 0 0 0 0 0 0 0 0 0 0 0 0 0 0 0 0 0 0 0 0 0 0 0 0 0 0 0 0 0 0 0 0 0 0 0 0 0 0 leishengchuan 7Сʱ_mousemovements
0 0 0 0 0 0 0 0 0 0 0 0 0 0 0 0 0 0 0 0 0 0 0 0 0 0 0 0 0 0 0 0 0 0 0 0 0 0 0 0 0 0 0 leishengchuan 7Сʱ_mousemovements
0 258.211395 0 0 0 0 0 0 0 258.211395 0 0 0 0 0 0 0.0 1.0 0.0 0.0 0.0 0.0 0.0 0.0 129.1056975 0 0 1.0 0.0 0.0 0.0 1.0 0.0 0.0 0.0 0.0 0.0 0.0 0.0 0.0 1.0 0.0 0.0 leishengchuan 7Сʱ_mousemovements
0 0 0 0 0 0 0 0 0 0 0 0 0 0 0 0 0 0 0 0 0 0 0 0 0 0 0 0 0 0 0 0 0 0 0 0 0 0 0 0 0 0 0 leishengchuan 7Сʱ_mousemovements
140.64234975757574 410.632194375 581.975942 0 0 721.0541483333333 1257.7363435 1190.389079 309.515179 521.9321105714286 322.75606899999997 93.1993866 346.5693666 454.3941585 567.07337075 100.14803559999999 0.16666666666666666 0.25925925925925924 0.07407407407407407 0.09259259259259259 0.09259259259259259 0.07407407407407407 0.14814814814814814 0.09259259259259259 103.29339224025973 118.66327766666666 347.8571450833333 0.9112426035502958 0.01775147928994083 0.07100591715976332 0.6111111111111112 0.14814814814814814 0.05555555555555555 0.0 0.0 0.05555555555555555 0.07407407407407407 0.05555555555555555 0.6388888888888888 0.1875 0.05555555555555555 0.0625 0.05555555555555555 leishengchuan 7Сʱ_mousemovements
192.657263375 0 0 718.276428 753.472961 0 0 0 173.93723400000002 0 0 0 263.219396 753.472961 490.78785700000003 70.2130825 0.2 0.0 0.0 0.0 0.3 0.1 0.2 0.2 120.52029983999999 0 0 1.0 0.0 0.0 0.8 0.0 0.0 0.1 0.1 0.0 0.0 0.0 0.75 0.05 0.1 0.1 0.0 leishengchuan 7Сʱ_mousemovements
205.06011225 1171.9071658 826.4961545 1015.1677143333333 646.1226194999999 1014.3939006666666 0 0 193.28525266666668 1115.06446125 227.886932 526.251236 830.2379863333332 884.07552325 739.1857605 412.63108616666665 0.1111111111111111 0.14814814814814814 0.037037037037037035 0.14814814814814814 0.1111111111111111 0.14814814814814814 0.07407407407407407 0.2222222222222222 189.4056314117647 0.0 250.94017979999998 0.9239130434782609 0.021739130434782608 0.05434782608695652 0.4444444444444444 0.18518518518518517 0.07407407407407407 0.1111111111111111 0.07407407407407407 0.1111111111111111 0.0 0.0 0.5641025641025641 0.24358974358974358 0.07692307692307693 0.05128205128205128 0.0641025641025641 leishengchuan 7Сʱ_mousemovements
0 0 0 0 0 0 0 0 0 0 0 0 0 0 0 0 0 0 0 0 0 0 0 0 0 0 0 0 0 0 0 0 0 0 0 0 0 0 0 0 0 0 0 leishengchuan 7Сʱ_mousemovements
160.97841288235296 368.653122 0 2737.592285 1385.156891 0 1829.75647 1189.917114 359.52648350000004 385.44851571428575 952.3065883333334 220.9282725 933.5279425 1015.5129855 230.6662905 103.5413115 0.16666666666666666 0.2916666666666667 0.125 0.08333333333333333 0.08333333333333333 0.08333333333333333 0.08333333333333333 0.08333333333333333 189.7585817586207 32.075612666666665 224.82358349999998 0.8923076923076924 0.046153846153846156 0.06153846153846154 0.7083333333333334 0.08333333333333333 0.0 0.041666666666666664 0.08333333333333333 0.0 0.041666666666666664 0.041666666666666664 0.6166666666666667 0.25 0.11666666666666667 0.016666666666666666 0.0 leishengchuan 7Сʱ_mousemovements
143.39903504285712 375.478099875 676.6494568666668 464.1441995 917.2810008333332 976.489787 0 931.90094 288.83952574999995 313.068800347826 298.5657778571429 259.3714882857143 367.6760347333333 352.1614756666667 469.9936336190476 215.66438645 0.10434782608695652 0.2 0.12173913043478261 0.06086956521739131 0.13043478260869565 0.02608695652173913 0.1826086956521739 0.17391304347826086 105.76010616060604 12.1091086 133.0572716111111 0.9217877094972067 0.027932960893854747 0.05027932960893855 0.6086956521739131 0.1391304347826087 0.13043478260869565 0.034782608695652174 0.05217391304347826 0.02608695652173913 0.0 0.008695652173913044 0.5483870967741935 0.22258064516129034 0.14193548387096774 0.05161290322580645 0.035483870967741936 leishengchuan 7Сʱ_mousemovements
131.60928541935488 497.57255050000003 360.4282123333333 674.7235840000001 705.5808107500001 5378.237305 0 0 154.2347914 151.74733629999997 412.19130700000005 1110.3695423333331 550.18743325 378.45889175 509.29645214285716 127.13917187499999 0.1 0.2 0.12 0.12 0.08 0.08 0.14 0.16 144.5181652 34.134876 264.624309 0.9398496240601504 0.015037593984962405 0.045112781954887216 0.62 0.12 0.06 0.1 0.08 0.02 0.0 0.0 0.48739495798319327 0.2689075630252101 0.1092436974789916 0.10084033613445378 0.03361344537815126 leishengchuan 7Сʱ_mousemovements
