99.79569343589743 494.9302590769231 1162.1532035 525.2285615000001 679.2409118 791.0679323333334 2139.1304625000002 607.244751 815.5210492857143 491.39021612500005 450.5587310000001 586.635498 243.80941699999997 386.64334557142865 236.04487815384616 592.8218783749999 0.0958904109589041 0.1095890410958904 0.0821917808219178 0.0136986301369863 0.2191780821917808 0.1917808219178082 0.1780821917808219 0.1095890410958904 132.89310181725887 70.34115614285714 225.50291733333336 0.8995433789954338 0.0319634703196347 0.0684931506849315 0.5342465753424658 0.1780821917808219 0.0821917808219178 0.0547945205479452 0.0684931506849315 0.0410958904109589 0.0273972602739726 0.0136986301369863 0.5477386934673367 0.19095477386934673 0.1507537688442211 0.07035175879396985 0.04020100502512563 dongzhenyu 7Сʱ_mousemovements
94.54721852941175 442.9764175 267.12220750000006 601.03626275 1325.042969 1117.954712 509.580093 0 218.0384785 642.0389214999999 195.9855805 234.795929 188.3929698 360.1732623333333 246.8422326 281.248505 0.06060606060606061 0.18181818181818182 0.12121212121212122 0.06060606060606061 0.15151515151515152 0.09090909090909091 0.30303030303030304 0.030303030303030304 104.79844634883722 10.31007125 252.01869240000002 0.9052631578947369 0.042105263157894736 0.05263157894736842 0.5151515151515151 0.12121212121212122 0.12121212121212122 0.12121212121212122 0.030303030303030304 0.030303030303030304 0.06060606060606061 0.0 0.6781609195402298 0.1724137931034483 0.09195402298850575 0.04597701149425287 0.011494252873563218 dongzhenyu 7Сʱ_mousemovements
0 0 0 0 0 0 0 0 0 0 0 0 0 0 0 0 0 0 0 0 0 0 0 0 0 0 0 0 0 0 0 0 0 0 0 0 0 0 0 0 0 0 0 dongzhenyu 7Сʱ_mousemovements
115.1549645 248.295898 2281.422363 0 0 0 0 810.112976 382.172325 0 0 0 1211.8120955000002 0 0 0 0.6 0.0 0.0 0.0 0.4 0.0 0.0 0.0 120.07486121052632 0 322.17970075 0.8260869565217391 0.0 0.17391304347826086 0.4 0.2 0.2 0.0 0.0 0.0 0.0 0.2 0.782608695652174 0.13043478260869565 0.043478260869565216 0.0 0.043478260869565216 dongzhenyu 7Сʱ_mousemovements
64.516129 0 0 0 0 0 0 0 0 0 0 64.516129 0 0 0 0 0.0 0.0 0.0 1.0 0.0 0.0 0.0 0.0 12.903225800000001 0 0 1.0 0.0 0.0 1.0 0.0 0.0 0.0 0.0 0.0 0.0 0.0 1.0 0.0 0.0 0.0 0.0 dongzhenyu 7Сʱ_mousemovements
0 0 0 0 0 0 0 0 0 0 0 0 0 0 0 0 0 0 0 0 0 0 0 0 0 0 0 0 0 0 0 0 0 0 0 0 0 0 0 0 0 0 0 dongzhenyu 7Сʱ_mousemovements
69.957008625 292.7215772857143 458.95821400000005 283.07901 0 620.6315920000001 450.30722 2492.818115 159.8934898 331.79662866666666 765.8519785999999 118.7621214 58.494069100000004 295.722776 240.13305474999999 333.563692 0.12195121951219512 0.07317073170731707 0.12195121951219512 0.12195121951219512 0.24390243902439024 0.07317073170731707 0.0975609756097561 0.14634146341463414 54.924926020833325 50.05164966666666 288.06743655555556 0.9230769230769231 0.019230769230769232 0.057692307692307696 0.5853658536585366 0.17073170731707318 0.0975609756097561 0.024390243902439025 0.0 0.07317073170731707 0.024390243902439025 0.024390243902439025 0.5808823529411765 0.18382352941176472 0.11029411764705882 0.09558823529411764 0.029411764705882353 dongzhenyu 7Сʱ_mousemovements
104.28010149397583 307.53927150000004 441.3213818333333 616.4517997142857 542.1986634 733.3841855000001 694.5665894 477.2974653333333 273.80569272222215 360.9779437142857 440.96022621428574 248.24031011111109 137.21587669565216 328.4763388571429 106.74583799999999 144.5536916 0.13953488372093023 0.10852713178294573 0.10852713178294573 0.06976744186046512 0.17829457364341086 0.10852713178294573 0.09302325581395349 0.1937984496124031 61.76728236410256 52.1558304 209.03770684374996 0.9133489461358314 0.0117096018735363 0.07494145199063232 0.6434108527131783 0.09302325581395349 0.09302325581395349 0.05426356589147287 0.03875968992248062 0.015503875968992248 0.03875968992248062 0.023255813953488372 0.5835411471321695 0.22194513715710723 0.09725685785536159 0.06982543640897755 0.02743142144638404 dongzhenyu 7Сʱ_mousemovements
118.53881028571428 219.60671680000002 487.3465689166666 836.7691573750001 541.109793923077 837.2234717142858 1364.6353728 741.581909 866.2051314 358.2649791666666 429.75556647058824 714.6908960000001 199.67699541666673 248.51187423076925 643.35044625 286.22327 0.047619047619047616 0.17142857142857143 0.1619047619047619 0.06666666666666667 0.11428571428571428 0.12380952380952381 0.22857142857142856 0.08571428571428572 120.92128082747604 19.3121555 236.95785951351348 0.8792134831460674 0.016853932584269662 0.10393258426966293 0.4666666666666667 0.047619047619047616 0.11428571428571428 0.0761904761904762 0.12380952380952381 0.06666666666666667 0.09523809523809523 0.009523809523809525 0.6109422492401215 0.17933130699088146 0.1033434650455927 0.0547112462006079 0.05167173252279635 dongzhenyu 7Сʱ_mousemovements
112.49651863265304 418.06553649999995 438.07489000000004 752.3441070000001 969.7504679999998 729.7539675 628.147705 602.510803 135.3861065 380.0870335454545 617.6385889999999 361.4700365714286 90.98216311764706 275.27121640000007 258.0576488666666 250.6857267272727 0.02631578947368421 0.14473684210526316 0.10526315789473684 0.09210526315789473 0.2236842105263158 0.06578947368421052 0.19736842105263158 0.14473684210526316 65.02912145801524 33.287967333333334 206.52835276190476 0.916083916083916 0.01048951048951049 0.07342657342657342 0.6447368421052632 0.10526315789473684 0.07894736842105263 0.06578947368421052 0.039473684210526314 0.02631578947368421 0.02631578947368421 0.013157894736842105 0.6929133858267716 0.14173228346456693 0.09448818897637795 0.051181102362204724 0.01968503937007874 dongzhenyu 7Сʱ_mousemovements
88.94924060000004 246.27236946153846 553.666653090909 521.345558375 627.796936 669.8696461428572 742.7788700000001 0 181.504374125 289.5882989285715 518.02079775 353.13157562500004 257.01963428571423 186.52220707692308 169.53414040000004 186.6377651875 0.07407407407407407 0.12962962962962962 0.07407407407407407 0.07407407407407407 0.19444444444444445 0.12037037037037036 0.18518518518518517 0.14814814814814814 69.42246332673267 129.06858025 184.28092791999998 0.9017857142857143 0.023809523809523808 0.0744047619047619 0.6018518518518519 0.12037037037037036 0.10185185185185185 0.07407407407407407 0.018518518518518517 0.06481481481481481 0.018518518518518517 0.0 0.4768211920529801 0.26490066225165565 0.1490066225165563 0.04966887417218543 0.059602649006622516 dongzhenyu 7Сʱ_mousemovements
112.64784484000002 325.5334627142857 389.874883625 308.3530787142857 751.290451 1358.1930946666666 714.78065475 726.1464845 286.7892908333333 302.13378510714284 456.42868400000003 400.08110566666664 241.3375005333333 469.229949888889 328.7153902222222 159.56340992307693 0.06896551724137931 0.3218390804597701 0.04597701149425287 0.034482758620689655 0.1724137931034483 0.10344827586206896 0.10344827586206896 0.14942528735632185 67.51191969921874 154.7428165 302.9745174074074 0.89198606271777 0.013937282229965157 0.09407665505226481 0.5747126436781609 0.08045977011494253 0.09195402298850575 0.08045977011494253 0.06896551724137931 0.034482758620689655 0.04597701149425287 0.022988505747126436 0.611764705882353 0.20392156862745098 0.058823529411764705 0.050980392156862744 0.07450980392156863 dongzhenyu 7Сʱ_mousemovements
95.52913008823529 338.1395823333333 447.489334 0 737.773315 819.25498975 1042.0633545 485.75708 0 530.65793 0 330.8420748 250.47302691666664 328.6160128 100.0861329375 374.2910371666667 0.0 0.06382978723404255 0.0 0.10638297872340426 0.2553191489361702 0.10638297872340426 0.3404255319148936 0.1276595744680851 62.16001518918921 5.319149 421.9573925 0.9487179487179487 0.01282051282051282 0.038461538461538464 0.723404255319149 0.06382978723404255 0.0425531914893617 0.0 0.02127659574468085 0.0851063829787234 0.0425531914893617 0.02127659574468085 0.6086956521739131 0.18115942028985507 0.08695652173913043 0.10869565217391304 0.014492753623188406 dongzhenyu 7Сʱ_mousemovements
125.87839076000004 286.88919380000004 0 827.274963 700.532593 753.0418496666667 902.03772 0 229.91629266666666 159.54649366666666 71.269447 832.3888855 259.74905425000003 299.853561 231.45392254545456 441.5970026666667 0.08108108108108109 0.24324324324324326 0.02702702702702703 0.05405405405405406 0.10810810810810811 0.10810810810810811 0.2972972972972973 0.08108108108108109 96.6208641931818 37.3062495 109.92067575 0.8461538461538461 0.038461538461538464 0.11538461538461539 0.6756756756756757 0.13513513513513514 0.0 0.02702702702702703 0.05405405405405406 0.08108108108108109 0.02702702702702703 0.0 0.5757575757575758 0.20202020202020202 0.1111111111111111 0.09090909090909091 0.020202020202020204 dongzhenyu 7Сʱ_mousemovements
114.2909972881356 447.5884788181818 501.743149 442.3491106666667 0 502.267334 973.4511259999999 1167.482132 485.7489435 493.18712909999994 250.59157340000002 234.10470185714283 212.38228647619047 166.59684345454545 263.4891333529412 135.00934737499998 0.04819277108433735 0.12048192771084337 0.060240963855421686 0.08433734939759036 0.25301204819277107 0.13253012048192772 0.20481927710843373 0.0963855421686747 62.37703304958676 39.628167000000005 372.0681383529411 0.9166666666666666 0.01893939393939394 0.06439393939393939 0.7108433734939759 0.13253012048192772 0.024096385542168676 0.03614457831325301 0.0 0.024096385542168676 0.024096385542168676 0.04819277108433735 0.6234817813765182 0.22672064777327935 0.10526315789473684 0.020242914979757085 0.024291497975708502 dongzhenyu 7Сʱ_mousemovements
193.0274039032258 384.33933637499996 413.0876681428572 485.45603174999997 610.9949748333333 719.4900972500001 1557.798102 1511.977295 1079.282111333333 334.8820295714286 359.1867635 412.586452 330.51419119999997 292.43152408333333 249.616603625 504.7868446666666 0.13636363636363635 0.10606060606060606 0.06060606060606061 0.10606060606060606 0.15151515151515152 0.18181818181818182 0.12121212121212122 0.13636363636363635 134.55234359999997 95.437117 351.10107668750004 0.8883248730964467 0.030456852791878174 0.08121827411167512 0.4696969696969697 0.12121212121212122 0.10606060606060606 0.06060606060606061 0.09090909090909091 0.06060606060606061 0.07575757575757576 0.015151515151515152 0.622093023255814 0.1569767441860465 0.10465116279069768 0.0755813953488372 0.040697674418604654 dongzhenyu 7Сʱ_mousemovements
120.0108655306122 349.3841522000001 0 935.479599 740.911621 506.908752 893.1225583333334 0 690.7498032 310.4880305 706.0991515000001 730.286438 145.84664895238097 265.4310184117647 111.99977983333332 198.67514299999996 0.07575757575757576 0.12121212121212122 0.030303030303030304 0.015151515151515152 0.3181818181818182 0.25757575757575757 0.09090909090909091 0.09090909090909091 79.17065410465112 30.771486333333332 317.46895950000004 0.9197860962566845 0.016042780748663103 0.06417112299465241 0.7424242424242424 0.07575757575757576 0.0 0.06060606060606061 0.06060606060606061 0.015151515151515152 0.045454545454545456 0.0 0.6966292134831461 0.17415730337078653 0.08426966292134831 0.033707865168539325 0.011235955056179775 dongzhenyu 7Сʱ_mousemovements
115.46361390909091 666.666687 522.030701 1227.868896 583.335754 0 568.375732 5554.492188 1227.868896 279.9876044 80.184647 441.338287 32.34952166666667 583.335754 1970.790413 209.446014 0.058823529411764705 0.29411764705882354 0.058823529411764705 0.11764705882352941 0.17647058823529413 0.058823529411764705 0.17647058823529413 0.058823529411764705 133.91229515625 0 260.3546887142857 0.9014084507042254 0.0 0.09859154929577464 0.6470588235294118 0.058823529411764705 0.058823529411764705 0.058823529411764705 0.058823529411764705 0.0 0.058823529411764705 0.058823529411764705 0.8412698412698413 0.09523809523809523 0.031746031746031744 0.031746031746031744 0.0 dongzhenyu 7Сʱ_mousemovements
76.58019546153847 1194.6645406666667 595.529826 1147.4644976666666 0 588.33905 0 0 1842.4009603333334 412.009746 56.2882935 210.60818733333335 167.52526566666668 69.92174225 256.73860533333334 107.32856233333332 0.08333333333333333 0.08333333333333333 0.05555555555555555 0.08333333333333333 0.4166666666666667 0.1111111111111111 0.08333333333333333 0.08333333333333333 96.82473235869564 17.469452 347.4452845714286 0.9019607843137255 0.029411764705882353 0.06862745098039216 0.7222222222222222 0.08333333333333333 0.08333333333333333 0.08333333333333333 0.0 0.027777777777777776 0.0 0.0 0.648936170212766 0.20212765957446807 0.06382978723404255 0.06382978723404255 0.02127659574468085 dongzhenyu 7Сʱ_mousemovements
0 0 0 0 0 0 0 0 0 0 0 0 0 0 0 0 0 0 0 0 0 0 0 0 0 0 0 0 0 0 0 0 0 0 0 0 0 0 0 0 0 0 0 dongzhenyu 7Сʱ_mousemovements
0 0 0 0 0 0 0 0 0 0 0 0 0 0 0 0 0 0 0 0 0 0 0 0 0 0 0 0 0 0 0 0 0 0 0 0 0 0 0 0 0 0 0 dongzhenyu 7Сʱ_mousemovements
0 0 0 0 0 0 0 0 0 0 0 0 0 0 0 0 0 0 0 0 0 0 0 0 0 0 0 0 0 0 0 0 0 0 0 0 0 0 0 0 0 0 0 dongzhenyu 7Сʱ_mousemovements
0 0 0 0 0 0 0 0 0 0 0 0 0 0 0 0 0 0 0 0 0 0 0 0 0 0 0 0 0 0 0 0 0 0 0 0 0 0 0 0 0 0 0 dongzhenyu 7Сʱ_mousemovements
89.28907828571428 10658.219727 2223.841797 0 0 0 0 539.079651 1381.460724 0 0 90.69824249999999 90.450476 10658.219727 0 86.1378175 0.2 0.0 0.0 0.2 0.3 0.1 0.0 0.2 534.9387924615385 0 137.756119 0.9629629629629629 0.0 0.037037037037037035 0.7 0.1 0.1 0.0 0.0 0.0 0.0 0.1 0.7391304347826086 0.21739130434782608 0.043478260869565216 0.0 0.0 dongzhenyu 7Сʱ_mousemovements
