168.97102009999995 385.10747380000004 571.8746645 431.292847 1113.563116 1158.1737825 781.480103 0 503.50427383333334 784.1698136249998 650.62140475 226.37016599999998 485.09202142857146 196.21394138461534 251.5959406 164.17027033333332 0.11764705882352941 0.1568627450980392 0.0784313725490196 0.09803921568627451 0.13725490196078433 0.2549019607843137 0.09803921568627451 0.058823529411764705 124.49053305031447 38.17987566666667 116.72887442857142 0.9408284023668639 0.01775147928994083 0.04142011834319527 0.5882352941176471 0.09803921568627451 0.11764705882352941 0.0196078431372549 0.0784313725490196 0.0784313725490196 0.0196078431372549 0.0 0.6115107913669064 0.22302158273381295 0.07913669064748201 0.06474820143884892 0.02158273381294964 niudanyang 8Сʱ_mousemovements
138.68983546875 286.79132599999997 560.7068836666666 584.50590975 802.5799804000001 1455.6997070000002 1179.517517 0 1319.7589175 349.2491076666667 447.98480679999994 399.9992998333333 328.16587059999995 178.61533030000004 356.8347841 254.61278539999998 0.09375 0.1875 0.078125 0.09375 0.15625 0.15625 0.15625 0.078125 117.72698679274608 148.2181746 204.59968416666666 0.8976744186046511 0.046511627906976744 0.05581395348837209 0.5 0.15625 0.09375 0.0625 0.078125 0.078125 0.03125 0.0 0.5675675675675675 0.2810810810810811 0.0918918918918919 0.032432432432432434 0.02702702702702703 niudanyang 8Сʱ_mousemovements
0 734.024353 0 2430.172607 630.587585 0 0 0 0 617.199249 0 864.237793 2430.172607 0 0 0 0.0 0.5 0.0 0.25 0.25 0.0 0.0 0.0 348.36991523076915 0.0 0 0.9285714285714286 0.07142857142857142 0.0 0.0 0.5 0.0 0.25 0.25 0.0 0.0 0.0 0.6923076923076923 0.15384615384615385 0.07692307692307693 0.07692307692307693 0.0 niudanyang 8Сʱ_mousemovements
118.08450239999999 528.869019 0 1193.573975 0 1170.451843 0 923.738403 0 708.6949568 77.228546 0 147.476089 495.6507002857144 50.3238145 0 0.0 0.3125 0.0625 0.0 0.0625 0.4375 0.125 0.0 208.39321962857147 10.638298 33.980965 0.9459459459459459 0.02702702702702703 0.02702702702702703 0.625 0.0625 0.0 0.0625 0.0 0.1875 0.0 0.0625 0.43333333333333335 0.3333333333333333 0.1 0.13333333333333333 0.0 niudanyang 8Сʱ_mousemovements
105.71430241935482 442.82533766666666 473.648876125 592.0494208571429 625.9765626000001 607.779846 1268.4159634285713 1255.9239988 724.5248122857143 467.03224753333336 504.8943832857143 357.9827026 448.69540022222225 351.5442279 351.40595922222224 663.5329262000001 0.1044776119402985 0.22388059701492538 0.1044776119402985 0.07462686567164178 0.13432835820895522 0.14925373134328357 0.13432835820895522 0.07462686567164178 160.03612097267762 5.249625875 162.0571996153846 0.8970588235294118 0.0392156862745098 0.06372549019607843 0.4626865671641791 0.04477611940298507 0.11940298507462686 0.1044776119402985 0.07462686567164178 0.014925373134328358 0.1044776119402985 0.07462686567164178 0.5406976744186046 0.25 0.09302325581395349 0.05232558139534884 0.06395348837209303 niudanyang 8Сʱ_mousemovements
132.23020838709675 280.22032416666667 334.09564975 865.3530883333333 799.319865 2097.95495625 1165.268311 979.804138 1247.44753 811.4170652500001 528.72998075 231.34920200000002 227.713855375 303.9503153125 188.5864152 288.316711 0.05357142857142857 0.21428571428571427 0.07142857142857142 0.08928571428571429 0.14285714285714285 0.2857142857142857 0.08928571428571429 0.05357142857142857 148.37664127710843 51.2096985 40.7222726 0.9273743016759777 0.0446927374301676 0.027932960893854747 0.5535714285714286 0.10714285714285714 0.07142857142857142 0.10714285714285714 0.05357142857142857 0.07142857142857142 0.017857142857142856 0.017857142857142856 0.5345911949685535 0.2138364779874214 0.0880503144654088 0.10062893081761007 0.06289308176100629 niudanyang 8Сʱ_mousemovements
103.015901 483.215856 490.8119262 2833.858643 766.4212213333334 921.907898 419.0743405 327.688995 663.4094044999999 514.3267212 281.94783033333334 229.740612 244.10401766666666 633.9168958181817 208.3190607777778 231.6771395 0.05405405405405406 0.13513513513513514 0.08108108108108109 0.05405405405405406 0.08108108108108109 0.2972972972972973 0.24324324324324326 0.05405405405405406 105.60274904629627 66.82450822222222 405.110424 0.864 0.072 0.064 0.4594594594594595 0.16216216216216217 0.13513513513513514 0.02702702702702703 0.08108108108108109 0.05405405405405406 0.05405405405405406 0.02702702702702703 0.5963302752293578 0.22018348623853212 0.07339449541284404 0.045871559633027525 0.06422018348623854 niudanyang 8Сʱ_mousemovements
93.0520186111111 246.31356219999998 654.1677216 866.1232756666668 514.5797575 1390.0277303333332 1640.031323 1328.221395 897.8762514 614.9123394166667 268.30268079999996 376.4865233333333 292.11057317647055 359.22546625 720.9276124166666 0 0.07142857142857142 0.17142857142857143 0.07142857142857142 0.04285714285714286 0.24285714285714285 0.22857142857142856 0.17142857142857143 0.0 159.81542576683938 29.690037090909094 281.4392528888889 0.9061032863849765 0.051643192488262914 0.04225352112676056 0.5142857142857142 0.07142857142857142 0.14285714285714285 0.08571428571428572 0.02857142857142857 0.04285714285714286 0.07142857142857142 0.04285714285714286 0.546448087431694 0.24043715846994534 0.1092896174863388 0.08743169398907104 0.01639344262295082 niudanyang 8Сʱ_mousemovements
81.97886700000001 1163.583252 0 282.979156 929.135925 893.690857 0 0 1163.583252 893.690857 0 0 476.1958695 140.70192 282.979156 0 0.16666666666666666 0.16666666666666666 0.0 0.0 0.3333333333333333 0.16666666666666666 0.16666666666666666 0.0 169.31040446666665 0.0 893.690857 0.8333333333333334 0.1111111111111111 0.05555555555555555 0.3333333333333333 0.16666666666666666 0.0 0.16666666666666666 0.16666666666666666 0.16666666666666666 0.0 0.0 0.7142857142857143 0.14285714285714285 0.07142857142857142 0.07142857142857142 0.0 niudanyang 8Сʱ_mousemovements
0 0 0 0 0 0 0 0 0 0 0 0 0 0 0 0 0 0 0 0 0 0 0 0 0 0 0 0 0 0 0 0 0 0 0 0 0 0 0 0 0 0 0 niudanyang 8Сʱ_mousemovements
0 0 0 0 0 0 0 0 0 0 0 0 0 0 0 0 0 0 0 0 0 0 0 0 0 0 0 0 0 0 0 0 0 0 0 0 0 0 0 0 0 0 0 niudanyang 8Сʱ_mousemovements
110.840088 0 0 572.481354 0 0 0 0 0 0 0 588.878235 0 110.840088 556.084473 0 0.0 0.0 0.0 0.3333333333333333 0.0 0.3333333333333333 0.3333333333333333 0.0 209.300466 0 0 1.0 0.0 0.0 0.3333333333333333 0.0 0.0 0.6666666666666666 0.0 0.0 0.0 0.0 0.2 0.4 0.2 0.2 0.0 niudanyang 8Сʱ_mousemovements
155.417969 507.190979 140.069458 0 0 0 0 0 507.190979 151.58084125 0 0 0 0 0 0 0.2 0.8 0.0 0.0 0.0 0.0 0.0 0.0 60.840305375 0 140.069458 0.9411764705882353 0.0 0.058823529411764705 0.6 0.2 0.2 0.0 0.0 0.0 0.0 0.0 0.7142857142857143 0.21428571428571427 0.07142857142857142 0.0 0.0 niudanyang 8Сʱ_mousemovements
209.83806885714287 346.02875650000004 1151.72818 783.3329163333334 440.491974 534.7416685000001 685.021545 711.228882 629.6883882 581.7850396666666 283.263121 108.644714 344.837311 288.52731614285716 286.616581 898.479004 0.16666666666666666 0.2 0.16666666666666666 0.03333333333333333 0.03333333333333333 0.23333333333333334 0.13333333333333333 0.03333333333333333 114.97082253846155 12.820513 100.63338216666666 0.9369369369369369 0.009009009009009009 0.05405405405405406 0.4666666666666667 0.2 0.06666666666666667 0.1 0.03333333333333333 0.06666666666666667 0.03333333333333333 0.03333333333333333 0.5824175824175825 0.25274725274725274 0.0989010989010989 0.02197802197802198 0.04395604395604396 niudanyang 8Сʱ_mousemovements
115.28660419999999 329.17820116666667 348.5768372 1119.0983274999999 593.1659089999999 472.845673 1159.2200619999999 1522.119019 779.415253 412.23974524999994 229.481954 207.89296925000002 616.760259 150.8980992 862.28944225 0 0.058823529411764705 0.23529411764705882 0.08823529411764706 0.11764705882352941 0.08823529411764706 0.29411764705882354 0.11764705882352941 0.0 121.95585990196076 83.9263 115.56708699999999 0.9357798165137615 0.01834862385321101 0.045871559633027525 0.4411764705882353 0.17647058823529413 0.14705882352941177 0.058823529411764705 0.058823529411764705 0.029411764705882353 0.058823529411764705 0.029411764705882353 0.4536082474226804 0.30927835051546393 0.13402061855670103 0.08247422680412371 0.020618556701030927 niudanyang 8Сʱ_mousemovements
87.01595758333333 1149.5980958 470.05829714285716 570.21184925 861.636841 685.6539509999999 0 873.575012 1139.179932 371.214541 918.4338915000001 470.9675293333334 229.9921916 666.7261896666666 290.57984725 503.02536499999997 0.029411764705882353 0.23529411764705882 0.11764705882352941 0.08823529411764706 0.14705882352941177 0.17647058823529413 0.11764705882352941 0.08823529411764706 168.00140491111108 3.5460993333333337 269.49760771428566 0.9 0.03 0.07 0.35294117647058826 0.14705882352941177 0.20588235294117646 0.11764705882352941 0.058823529411764705 0.08823529411764706 0.0 0.029411764705882353 0.5058823529411764 0.27058823529411763 0.09411764705882353 0.09411764705882353 0.03529411764705882 niudanyang 8Сʱ_mousemovements
126.44038212500001 247.3551812 516.2375676363636 544.3981278571429 903.9581255714286 1035.4333060000001 870.40728775 0 351.1127614285714 203.97473349999999 948.065998 749.8077109999999 373.35230714285717 221.50764345000002 124.561182 438.18812076923075 0.08139534883720931 0.13953488372093023 0.06976744186046512 0.1511627906976744 0.08139534883720931 0.23255813953488372 0.09302325581395349 0.1511627906976744 134.8698775752212 30.119587833333338 284.7188790833333 0.9262295081967213 0.02459016393442623 0.04918032786885246 0.46511627906976744 0.11627906976744186 0.12790697674418605 0.08139534883720931 0.08139534883720931 0.08139534883720931 0.046511627906976744 0.0 0.5607476635514018 0.205607476635514 0.11214953271028037 0.06542056074766354 0.056074766355140186 niudanyang 8Сʱ_mousemovements
128.95465113333333 313.8252171666666 319.33397520000005 729.6029713333332 669.5349851999999 638.707484 831.1287995 867.113831 418.72185842857147 231.9885641538462 236.726402 688.0958102727274 293.775120625 140.57684807142857 263.934849 592.2966646666666 0.10294117647058823 0.19117647058823528 0.029411764705882353 0.16176470588235295 0.11764705882352941 0.20588235294117646 0.058823529411764705 0.1323529411764706 96.2836589139785 104.17306633333332 385.018645 0.8942307692307693 0.028846153846153848 0.07692307692307693 0.4411764705882353 0.08823529411764706 0.14705882352941177 0.08823529411764706 0.07352941176470588 0.08823529411764706 0.058823529411764705 0.014705882352941176 0.5280898876404494 0.2247191011235955 0.08426966292134831 0.0898876404494382 0.07303370786516854 niudanyang 8Сʱ_mousemovements
231.32042945161294 495.73082039999997 497.82792228571424 1149.0298842500001 523.452118 354.433044 694.067566 0 484.0219625 336.52884785714286 288.93321328571426 614.6018493999999 364.2054366153846 258.7907869 837.7537644 296.94855500000006 0.10344827586206896 0.1206896551724138 0.1206896551724138 0.08620689655172414 0.22413793103448276 0.1724137931034483 0.08620689655172414 0.08620689655172414 129.6285906196319 61.591337599999996 178.45466055555556 0.8956043956043956 0.054945054945054944 0.04945054945054945 0.5344827586206896 0.1724137931034483 0.1206896551724138 0.06896551724137931 0.06896551724137931 0.017241379310344827 0.017241379310344827 0.0 0.5769230769230769 0.1987179487179487 0.10256410256410256 0.07051282051282051 0.05128205128205128 niudanyang 8Сʱ_mousemovements
220.76793025 0 200.385788 0 0 0 0 0 0 204.94984250000002 200.385788 0 0 236.58601800000002 0 0 0.0 0.4 0.2 0.0 0.0 0.4 0.0 0.0 67.7160943125 0 0 1.0 0.0 0.0 0.8 0.0 0.2 0.0 0.0 0.0 0.0 0.0 0.6363636363636364 0.2727272727272727 0.09090909090909091 0.0 0.0 niudanyang 8Сʱ_mousemovements
56.1362802 212.562836 241.195511 584.976364 2957.295166 993.878113 815.883789 0 24.387239 1031.26604475 0 304.40272766666664 67.664423125 205.04887899999997 337.89690766666666 0 0.045454545454545456 0.18181818181818182 0.0 0.13636363636363635 0.36363636363636365 0.13636363636363635 0.13636363636363635 0.0 82.19104938636364 0 0 1.0 0.0 0.0 0.6818181818181818 0.045454545454545456 0.045454545454545456 0.09090909090909091 0.045454545454545456 0.045454545454545456 0.045454545454545456 0.0 0.7125 0.125 0.05 0.05 0.0625 niudanyang 8Сʱ_mousemovements
112.51699071428571 465.911987 382.21979525 370.7522355 1066.773315 0 732.7566835 0 0 327.1290716666667 580.3273416666666 154.9671175 10.638298 275.18040599999995 260.3308881666666 37.449841 0.0 0.125 0.125 0.08333333333333333 0.041666666666666664 0.3333333333333333 0.25 0.041666666666666664 85.03876249333334 112.977005 31.745497249999993 0.9146341463414634 0.036585365853658534 0.04878048780487805 0.5833333333333334 0.041666666666666664 0.16666666666666666 0.08333333333333333 0.041666666666666664 0.0 0.08333333333333333 0.0 0.6527777777777778 0.19444444444444445 0.09722222222222222 0.027777777777777776 0.027777777777777776 niudanyang 8Сʱ_mousemovements
84.20862706060606 330.4545808 465.7863532222222 408.4763381428572 760.051526 1420.7069703333334 683.747742 667.885132 787.7906325 325.5753145833333 356.239193 254.06704259999998 388.9606012222223 176.04899 200.8804004615385 325.069369 0.057971014492753624 0.17391304347826086 0.057971014492753624 0.07246376811594203 0.2608695652173913 0.10144927536231885 0.18840579710144928 0.08695652173913043 98.00288725789474 14.6480245 195.95960736842105 0.852017937219731 0.06278026905829596 0.08520179372197309 0.4782608695652174 0.14492753623188406 0.13043478260869565 0.10144927536231885 0.07246376811594203 0.043478260869565216 0.014492753623188406 0.014492753623188406 0.5329949238578681 0.2182741116751269 0.16243654822335024 0.05583756345177665 0.030456852791878174 niudanyang 8Сʱ_mousemovements
120.35058494117648 1011.3802329 410.2285767142857 759.7871721111111 740.0985945 583.49054 1455.275716 591.055893 542.97736175 934.8135784666665 261.2336858333333 127.06002050000001 551.8626458 378.5935326153846 509.47643675 806.67513275 0.07547169811320754 0.2830188679245283 0.11320754716981132 0.03773584905660377 0.09433962264150944 0.24528301886792453 0.07547169811320754 0.07547169811320754 161.80558123121386 18.162265285714287 218.59763853846152 0.8963730569948186 0.03626943005181347 0.06735751295336788 0.32075471698113206 0.18867924528301888 0.1320754716981132 0.16981132075471697 0.07547169811320754 0.018867924528301886 0.05660377358490566 0.03773584905660377 0.4968944099378882 0.2236024844720497 0.16770186335403728 0.07453416149068323 0.037267080745341616 niudanyang 8Сʱ_mousemovements
