129.45939108333337 895.2024685 922.818237 764.3117066666667 0 953.750854 0 833.721924 263.5826215 349.3870402857143 0 0 470.7934546 596.6957425 215.35249033333332 49.04764766666667 0.24242424242424243 0.21212121212121213 0.0 0.0 0.15151515151515152 0.12121212121212122 0.18181818181818182 0.09090909090909091 79.74661435643563 15.441307666666669 329.205801125 0.9017857142857143 0.026785714285714284 0.07142857142857142 0.7272727272727273 0.06060606060606061 0.030303030303030304 0.09090909090909091 0.0 0.030303030303030304 0.0 0.06060606060606061 0.6914893617021277 0.18085106382978725 0.0851063829787234 0.0425531914893617 0.0 liyajie 6Сʱ_mousemovements
12.820513 1121.721695 0 0 0 0 0 0 1851.081177 0 0 0 0 0 0 202.591363 0.3333333333333333 0.0 0.0 0.0 0.0 0.0 0.0 0.6666666666666666 373.90723166666663 12.820513 0 0.8571428571428571 0.14285714285714285 0.0 0.3333333333333333 0.6666666666666666 0.0 0.0 0.0 0.0 0.0 0.0 0.8333333333333334 0.0 0.16666666666666666 0.0 0.0 liyajie 6Сʱ_mousemovements
83.92370675 236.943863 0 0 1188.4706725 1467.6870115000002 0 0 36.711975 941.048157 1666.512695 236.943863 0 0 415.9551503333334 89.359222 0.1111111111111111 0.1111111111111111 0.2222222222222222 0.1111111111111111 0.0 0.0 0.3333333333333333 0.1111111111111111 209.47107408695646 36.711975 515.2036895 0.8846153846153846 0.038461538461538464 0.07692307692307693 0.4444444444444444 0.1111111111111111 0.0 0.0 0.2222222222222222 0.2222222222222222 0.0 0.0 0.5217391304347826 0.13043478260869565 0.21739130434782608 0.13043478260869565 0.0 liyajie 6Сʱ_mousemovements
0 0 0 0 1821.833984 0 0 612.644897 0 1217.2394405 0 0 0 0 0 0 0.0 1.0 0.0 0.0 0.0 0.0 0.0 0.0 227.729248 0 612.644897 0.8888888888888888 0.0 0.1111111111111111 0.0 0.0 0.0 0.0 0.5 0.0 0.0 0.5 0.5714285714285714 0.14285714285714285 0.14285714285714285 0.14285714285714285 0.0 liyajie 6Сʱ_mousemovements
147.69576260869565 354.313629 452.2142436666666 128.0858 0 0 1002.4147949999999 0 70.21106825000001 245.71800957142855 175.79901139999998 0 811.655396 586.649841 398.0617266 52.45045449999999 0.26666666666666666 0.23333333333333334 0.16666666666666666 0.0 0.03333333333333333 0.06666666666666667 0.16666666666666666 0.06666666666666667 78.18411765909092 0.0 120.22397866666665 0.9565217391304348 0.010869565217391304 0.03260869565217391 0.7666666666666667 0.03333333333333333 0.1 0.03333333333333333 0.0 0.0 0.06666666666666667 0.0 0.5975609756097561 0.21951219512195122 0.0975609756097561 0.04878048780487805 0.036585365853658534 liyajie 6Сʱ_mousemovements
119.4554675 0 0 0 0 0 0 819.5687865 0 712.934082 153.126633 0 85.784302 926.203491 0 0 0.0 0.25 0.25 0.0 0.25 0.25 0.0 0.0 59.48006465517241 0 76.5633165 0.9354838709677419 0.0 0.06451612903225806 0.5 0.0 0.0 0.0 0.0 0.0 0.0 0.5 0.6428571428571429 0.17857142857142858 0.10714285714285714 0.03571428571428571 0.03571428571428571 liyajie 6Сʱ_mousemovements
71.345825875 274.814514 0 829.080994 0 0 0 0 113.86214466666667 0 829.080994 0 59.95040844444444 65.57855199999999 274.814514 107.874535 0.14285714285714285 0.0 0.023809523809523808 0.0 0.42857142857142855 0.35714285714285715 0.023809523809523808 0.023809523809523808 28.11384754961832 274.814514 0 0.9924242424242424 0.007575757575757576 0.0 0.9523809523809523 0.023809523809523808 0.0 0.023809523809523808 0.0 0.0 0.0 0.0 0.6017699115044248 0.21238938053097345 0.1415929203539823 0.02654867256637168 0.017699115044247787 liyajie 6Сʱ_mousemovements
135.37130464150937 275.86674875 668.6414927142857 400.442444 1179.9803528 758.2635864000001 825.341248 0 552.4179814666667 146.48576114285714 424.964035 576.7947654999999 237.39348385714285 306.46979227272726 265.273845 75.5353612 0.19736842105263158 0.09210526315789473 0.07894736842105263 0.07894736842105263 0.09210526315789473 0.14473684210526316 0.11842105263157894 0.19736842105263158 82.48729202439026 19.430645857142856 273.18922368000005 0.8649789029535865 0.029535864978902954 0.10548523206751055 0.6973684210526315 0.05263157894736842 0.09210526315789473 0.013157894736842105 0.06578947368421052 0.06578947368421052 0.013157894736842105 0.0 0.6696428571428571 0.18303571428571427 0.08928571428571429 0.03125 0.026785714285714284 liyajie 6Сʱ_mousemovements
87.77444213043478 0 378.189514 639.725403 0 0 948.0970663333334 0 187.48842480000002 190.431645 68.16164900000001 191.25737 350.38479 901.505066 378.189514 165.5293352 0.1724137931034483 0.27586206896551724 0.06896551724137931 0.13793103448275862 0.10344827586206896 0.034482758620689655 0.034482758620689655 0.1724137931034483 55.1467373478261 21.804842 233.93902799999998 0.92 0.02 0.06 0.7931034482758621 0.0 0.034482758620689655 0.06896551724137931 0.0 0.0 0.10344827586206896 0.0 0.6966292134831461 0.20224719101123595 0.056179775280898875 0.0449438202247191 0.0 liyajie 6Сʱ_mousemovements
100.86547915625 309.73452025 614.091553 779.244934 1260.5098874999999 562.095154 0 1617.413452 522.6809313333333 871.206726 205.01956575000003 107.35378299999999 112.90791691666668 185.93236963636363 372.5992897142857 206.91011 0.07142857142857142 0.047619047619047616 0.09523809523809523 0.047619047619047616 0.2857142857142857 0.2619047619047619 0.16666666666666666 0.023809523809523808 78.55417413821141 0.0 112.29185787499999 0.924812030075188 0.015037593984962405 0.06015037593984962 0.7619047619047619 0.09523809523809523 0.023809523809523808 0.023809523809523808 0.047619047619047616 0.023809523809523808 0.0 0.023809523809523808 0.6311475409836066 0.27049180327868855 0.04918032786885246 0.04918032786885246 0.0 liyajie 6Сʱ_mousemovements
107.67782876190475 0 429.480576 663.6303913333334 1275.000122 0 0 0 162.31230433333334 285.005219 519.2191786666667 164.239227 178.85710085714285 89.59515033333334 41.940867749999995 323.0208965 0.1111111111111111 0.037037037037037035 0.2222222222222222 0.037037037037037035 0.25925925925925924 0.1111111111111111 0.14814814814814814 0.07407407407407407 65.77509598701299 41.029083 320.09384450000005 0.9390243902439024 0.012195121951219513 0.04878048780487805 0.7777777777777778 0.0 0.07407407407407407 0.1111111111111111 0.037037037037037035 0.0 0.0 0.0 0.5277777777777778 0.2361111111111111 0.125 0.08333333333333333 0.027777777777777776 liyajie 6Сʱ_mousemovements
89.29538655999998 542.4061483333334 775.598572 946.0174153333334 1216.469849 1085.202271 651.1071015 964.329041 303.3684036 709.4455775 0 567.4369775 122.84199337499999 491.6982256666667 410.77049275 222.823492090909 0.13513513513513514 0.10810810810810811 0.0 0.05405405405405406 0.21621621621621623 0.08108108108108109 0.10810810810810811 0.2972972972972973 111.22659771578948 18.249908833333333 455.1476850000001 0.9134615384615384 0.057692307692307696 0.028846153846153848 0.6756756756756757 0.08108108108108109 0.02702702702702703 0.08108108108108109 0.02702702702702703 0.02702702702702703 0.05405405405405406 0.02702702702702703 0.6136363636363636 0.23863636363636365 0.07954545454545454 0.056818181818181816 0.011363636363636364 liyajie 6Сʱ_mousemovements
170.212769 0 349.227448 0 0 736.036621 0 0 0 0 0 0 0 453.124695 349.227448 0 0.0 0.0 0.0 0.0 0.0 0.6666666666666666 0.3333333333333333 0.0 104.62306983333332 0 0 1.0 0.0 0.0 0.3333333333333333 0.0 0.3333333333333333 0.0 0.0 0.3333333333333333 0.0 0.0 0.6666666666666666 0.0 0.1111111111111111 0.2222222222222222 0.0 liyajie 6Сʱ_mousemovements
119.65898889189187 191.07797625 1107.651978 274.311104 0 1275.328003 0 0 117.165633 94.10153772727273 250.32648733333335 340.139862 143.916687 345.20390580000003 343.70240975 115.44246420000002 0.13333333333333333 0.24444444444444444 0.13333333333333333 0.022222222222222223 0.044444444444444446 0.1111111111111111 0.08888888888888889 0.2222222222222222 62.49595154330708 21.276596 143.757645 0.9769230769230769 0.015384615384615385 0.007692307692307693 0.8222222222222222 0.08888888888888889 0.022222222222222223 0.044444444444444446 0.0 0.022222222222222223 0.0 0.0 0.6403508771929824 0.15789473684210525 0.11403508771929824 0.03508771929824561 0.05263157894736842 liyajie 6Сʱ_mousemovements
151.15074142857142 527.475037 613.030151 908.848419 829.493164 1661.9891153333335 1065.4689939999998 1246.9457395 365.9282783333333 371.30099333333334 1313.793274 724.69442 160.584938 554.0817134285714 291.303877 1038.0714197500001 0.11538461538461539 0.11538461538461539 0.07692307692307693 0.07692307692307693 0.07692307692307693 0.2692307692307692 0.11538461538461539 0.15384615384615385 186.84075564912283 8.547008666666667 806.5063808333333 0.8636363636363636 0.045454545454545456 0.09090909090909091 0.5384615384615384 0.038461538461538464 0.038461538461538464 0.07692307692307693 0.038461538461538464 0.11538461538461539 0.07692307692307693 0.07692307692307693 0.6610169491525424 0.15254237288135594 0.1016949152542373 0.06779661016949153 0.01694915254237288 liyajie 6Сʱ_mousemovements
132.01747553333334 475.48013919999994 360.19045625 0 1713.1177980000002 844.724182 674.618896 938.443665 907.9252832 287.224458 272.7045286666667 74.07683999999999 428.80002233333335 699.1924134999999 143.89966833333335 267.3445327999999 0.1724137931034483 0.20689655172413793 0.10344827586206896 0.06896551724137931 0.10344827586206896 0.06896551724137931 0.10344827586206896 0.1724137931034483 103.80665276666667 247.248764 307.5584526666667 0.9183673469387755 0.02040816326530612 0.061224489795918366 0.5172413793103449 0.1724137931034483 0.13793103448275862 0.0 0.06896551724137931 0.034482758620689655 0.034482758620689655 0.034482758620689655 0.6436781609195402 0.19540229885057472 0.06896551724137931 0.05747126436781609 0.034482758620689655 liyajie 6Сʱ_mousemovements
124.09900230000001 589.9634181428572 420.908307 0 0 0 0 1286.157104 341.87596125 260.7146012 172.481224 286.224152 602.561635 822.3015543333332 333.82001599999995 10.638298 0.17391304347826086 0.21739130434782608 0.13043478260869565 0.043478260869565216 0.13043478260869565 0.13043478260869565 0.13043478260869565 0.043478260869565216 108.2379377083333 4.9531525 158.08141066666667 0.8780487804878049 0.04878048780487805 0.07317073170731707 0.43478260869565216 0.30434782608695654 0.21739130434782608 0.0 0.0 0.0 0.0 0.043478260869565216 0.5135135135135135 0.28378378378378377 0.13513513513513514 0.04054054054054054 0.02702702702702703 liyajie 6Сʱ_mousemovements
0 0 0 0 0 0 0 0 0 0 0 0 0 0 0 0 0 0 0 0 0 0 0 0 0 0 0 0 0 0 0 0 0 0 0 0 0 0 0 0 0 0 0 liyajie 6Сʱ_mousemovements
0 0 0 0 0 0 0 0 0 0 0 0 0 0 0 0 0 0 0 0 0 0 0 0 0 0 0 0 0 0 0 0 0 0 0 0 0 0 0 0 0 0 0 liyajie 6Сʱ_mousemovements
89.580551 136.59903 919.989685 574.649048 819.322205 0 0 0 136.59903 0 451.289246 0 0 332.1147995 819.322205 1154.3399045 0.14285714285714285 0.0 0.14285714285714285 0.0 0.0 0.2857142857142857 0.14285714285714285 0.2857142857142857 89.65492386363637 0 401.2852606666666 0.7857142857142857 0.0 0.21428571428571427 0.14285714285714285 0.14285714285714285 0.42857142857142855 0.14285714285714285 0.14285714285714285 0.0 0.0 0.0 0.6296296296296297 0.14814814814814814 0.14814814814814814 0.07407407407407407 0.0 liyajie 6Сʱ_mousemovements
145.41167008695655 495.2755230000001 0 362.1631085 744.7360943333333 680.658905 1157.241943 0 216.20406466666668 297.97239154545446 120.647041 0 575.4028423333334 95.1540945 330.6268294 259.4121705 0.08823529411764706 0.3235294117647059 0.029411764705882353 0.0 0.08823529411764706 0.058823529411764705 0.29411764705882354 0.11764705882352941 87.88359853465346 5.319149 355.126871 0.9439252336448598 0.018691588785046728 0.037383177570093455 0.6764705882352942 0.08823529411764706 0.0 0.058823529411764705 0.08823529411764706 0.058823529411764705 0.029411764705882353 0.0 0.5789473684210527 0.21052631578947367 0.12631578947368421 0.06315789473684211 0.021052631578947368 liyajie 6Сʱ_mousemovements
109.6365585 346.358833 1708.580811 0 868.6963496666667 1154.280792 500.161041 0 805.1660459999999 472.3161465 670.675476 0 218.4753035 637.4881793333333 1173.939941 0 0.23076923076923078 0.15384615384615385 0.07692307692307693 0.0 0.15384615384615385 0.23076923076923078 0.15384615384615385 0.0 149.65877489473684 386.168274 379.2713162857143 0.8260869565217391 0.021739130434782608 0.15217391304347827 0.15384615384615385 0.3076923076923077 0.07692307692307693 0.0 0.23076923076923078 0.15384615384615385 0.07692307692307693 0.0 0.65 0.2 0.05 0.075 0.025 liyajie 6Сʱ_mousemovements
73.34144517857143 1992.324097 631.321777 852.148071 0 607.8396 0 1056.910767 118.3929825 0 0 819.96432 99.93867585000001 195.91311525 533.7745325000001 323.7254045 0.06060606060606061 0.0 0.0 0.09090909090909091 0.6060606060606061 0.12121212121212122 0.06060606060606061 0.06060606060606061 87.56405550632911 53.292286 58.333767 0.9404761904761905 0.03571428571428571 0.023809523809523808 0.8484848484848485 0.030303030303030304 0.030303030303030304 0.030303030303030304 0.0 0.030303030303030304 0.0 0.030303030303030304 0.5921052631578947 0.2631578947368421 0.09210526315789473 0.039473684210526314 0.013157894736842105 liyajie 6Сʱ_mousemovements
62.93694273170732 424.003464 574.599701 335.82431 1244.4992797999998 437.468079 0 0 221.065445 512.22051 96.031746 297.9067636666666 261.376412 255.73332527272723 49.59085516666667 147.08521355555555 0.018867924528301886 0.05660377358490566 0.018867924528301886 0.05660377358490566 0.3584905660377358 0.20754716981132076 0.11320754716981132 0.16981132075471697 55.04172695266272 9.090909 315.2074118888888 0.9441340782122905 0.00558659217877095 0.05027932960893855 0.7735849056603774 0.03773584905660377 0.05660377358490566 0.018867924528301886 0.09433962264150944 0.018867924528301886 0.0 0.0 0.6129032258064516 0.23870967741935484 0.08387096774193549 0.05806451612903226 0.0064516129032258064 liyajie 6Сʱ_mousemovements
128.03142670000003 289.9345214 225.284698 1324.288086 788.6150210000001 1748.9611814999998 0 1653.4461975 286.7594516666666 762.144043 272.94755299999997 135.04538 236.98855671428572 272.3377507777778 452.3389627142857 737.1315555 0.06976744186046512 0.046511627906976744 0.06976744186046512 0.023255813953488372 0.32558139534883723 0.20930232558139536 0.16279069767441862 0.09302325581395349 113.82462202459016 0.0 333.90727625 0.953125 0.015625 0.03125 0.6976744186046512 0.11627906976744186 0.023255813953488372 0.023255813953488372 0.046511627906976744 0.046511627906976744 0.0 0.046511627906976744 0.6363636363636364 0.2 0.10909090909090909 0.045454545454545456 0.00909090909090909 liyajie 6Сʱ_mousemovements
59.490455199999985 0 472.034058 0 0 0 0 0 0 0 0 0 187.24502650000002 0 21.7074206 104.7107005 0.0 0.0 0.0 0.0 0.36363636363636365 0.0 0.45454545454545453 0.18181818181818182 15.690273676470587 0 0 1.0 0.0 0.0 0.9090909090909091 0.0 0.09090909090909091 0.0 0.0 0.0 0.0 0.0 0.7368421052631579 0.12280701754385964 0.05263157894736842 0.08771929824561403 0.0 liyajie 6Сʱ_mousemovements
0 0 0 0 0 630.731262 0 0 0 0 0 0 0 630.731262 0 0 0.0 0.0 0.0 0.0 0.0 1.0 0.0 0.0 315.365631 0 0 1.0 0.0 0.0 0.0 0.0 0.0 0.0 0.0 1.0 0.0 0.0 0.0 0.0 0.0 0.0 1.0 liyajie 6Сʱ_mousemovements
185.38300426315786 487.721395 668.760437 1118.4794313333334 1005.6463626666667 721.8813066666667 1136.7493895 0 449.10541680000006 518.4687347500001 410.2370145 787.190258 324.927059875 480.53768244444433 706.80239875 0 0.14705882352941177 0.11764705882352941 0.058823529411764705 0.058823529411764705 0.23529411764705882 0.2647058823529412 0.11764705882352941 0.0 141.93856168932038 63.636364 222.80169575 0.9196428571428571 0.008928571428571428 0.07142857142857142 0.5588235294117647 0.08823529411764706 0.029411764705882353 0.08823529411764706 0.08823529411764706 0.08823529411764706 0.058823529411764705 0.0 0.5979381443298969 0.17525773195876287 0.15463917525773196 0.061855670103092786 0.010309278350515464 liyajie 6Сʱ_mousemovements
49.4229985 0 0 0 0 0 0 0 0 0 0 0 0 40.0 58.845997 0 0.0 0.0 0.0 0.0 0.0 0.5 0.5 0.0 6.666666666666667 58.845997 0 0.8571428571428571 0.14285714285714285 0.0 1.0 0.0 0.0 0.0 0.0 0.0 0.0 0.0 0.8333333333333334 0.16666666666666666 0.0 0.0 0.0 liyajie 6Сʱ_mousemovements
0 0 0 0 0 0 0 0 0 0 0 0 0 0 0 0 0 0 0 0 0 0 0 0 0 0 0 0 0 0 0 0 0 0 0 0 0 0 0 0 0 0 0 liyajie 6Сʱ_mousemovements
