68.86722713114756 359.69752500000004 476.7613982000001 366.446655 366.90484649999996 503.607635 835.926941 701.549683 217.27804385714282 90.55993354545454 249.75564924999998 340.30572240000004 104.1590575 230.40344160000004 106.27229922727274 120.72652869999999 0.09210526315789473 0.14473684210526316 0.05263157894736842 0.06578947368421052 0.15789473684210525 0.06578947368421052 0.2894736842105263 0.13157894736842105 52.022151974358984 53.1509958 125.79398983333333 0.9466019417475728 0.024271844660194174 0.02912621359223301 0.8026315789473685 0.05263157894736842 0.06578947368421052 0.013157894736842105 0.02631578947368421 0.013157894736842105 0.013157894736842105 0.013157894736842105 0.5895953757225434 0.23699421965317918 0.10404624277456648 0.04046242774566474 0.028901734104046242 liyajie 1Сʱ_mousemovements
99.43980556818178 339.06702666666666 269.4967072 545.7638855 424.685699 753.38041675 577.3547973333333 1006.015625 264.7496716666667 246.66032414285718 165.373839875 488.42407519999995 363.07956933333327 311.5680358999999 145.3203187857143 205.9318258888889 0.045454545454545456 0.21212121212121213 0.12121212121212122 0.07575757575757576 0.045454545454545456 0.15151515151515152 0.21212121212121213 0.13636363636363635 57.56515672928178 134.81266083333333 221.69205809090911 0.8660287081339713 0.028708133971291867 0.10526315789473684 0.6666666666666666 0.045454545454545456 0.07575757575757576 0.06060606060606061 0.015151515151515152 0.06060606060606061 0.045454545454545456 0.030303030303030304 0.6096256684491979 0.19786096256684493 0.0962566844919786 0.06417112299465241 0.03208556149732621 liyajie 1Сʱ_mousemovements
122.87203021052629 352.1209428000001 372.5466005 904.286743 800.6244810000001 1026.7734373333333 0 729.208374 926.9477384999999 217.63866252380953 292.53224550000004 189.2669068 655.7452695 402.47648499999997 145.11846400000002 15.457846750000002 0.038461538461538464 0.40384615384615385 0.07692307692307693 0.09615384615384616 0.038461538461538464 0.11538461538461539 0.15384615384615385 0.07692307692307693 68.57252877536229 127.545794 423.645189125 0.9139072847682119 0.033112582781456956 0.052980132450331126 0.7307692307692307 0.09615384615384616 0.038461538461538464 0.019230769230769232 0.038461538461538464 0.057692307692307696 0.0 0.019230769230769232 0.6356589147286822 0.1937984496124031 0.09302325581395349 0.06976744186046512 0.007751937984496124 liyajie 1Сʱ_mousemovements
106.95595175757575 230.1498396 795.680817 2846.356201 630.483459 785.997559 980.0935059999999 0 396.211172 89.59103244444445 992.7569255000001 267.65506733333336 236.4618441818182 343.72609475 306.7324423333333 103.11843675 0.19148936170212766 0.19148936170212766 0.0851063829787234 0.06382978723404255 0.23404255319148937 0.0851063829787234 0.06382978723404255 0.0851063829787234 109.45974013157895 75.7842885 456.72793333333334 0.912 0.064 0.024 0.7021276595744681 0.10638297872340426 0.0425531914893617 0.02127659574468085 0.02127659574468085 0.02127659574468085 0.0851063829787234 0.0 0.5909090909090909 0.14545454545454545 0.12727272727272726 0.08181818181818182 0.05454545454545454 liyajie 1Сʱ_mousemovements
186.781971 222.254456 0 0 0 0 1126.749634 0 0 0 0 0 186.781971 222.254456 1126.749634 0 0.0 0.0 0.0 0.0 0.5 0.25 0.25 0.0 209.72221599999997 32.258064 222.254456 0.7777777777777778 0.1111111111111111 0.1111111111111111 0.5 0.25 0.0 0.0 0.0 0.0 0.25 0.0 0.625 0.125 0.0 0.25 0.0 liyajie 1Сʱ_mousemovements
182.37720727777776 100.43784566666666 471.1304016666666 1241.515503 0 0 1706.296875 1479.7630614999998 755.011124 447.2596304285715 380.07856375000006 0 312.082302 218.590332 299.83167542857143 204.336334 0.10714285714285714 0.25 0.14285714285714285 0.0 0.14285714285714285 0.07142857142857142 0.25 0.03571428571428571 119.44860969999999 221.20926500000002 60.72446825 0.898876404494382 0.056179775280898875 0.0449438202247191 0.6428571428571429 0.10714285714285714 0.10714285714285714 0.03571428571428571 0.0 0.0 0.03571428571428571 0.07142857142857142 0.5308641975308642 0.345679012345679 0.07407407407407407 0.024691358024691357 0.024691358024691357 liyajie 1Сʱ_mousemovements
162.5703612333334 168.707629 389.97496800000005 0 747.8494873333333 0 0 956.904541 395.23181300000005 227.79132679999998 309.8407931428572 86.23840766666667 141.694626 215.17199716666664 221.63482 382.2297745 0.08108108108108109 0.13513513513513514 0.1891891891891892 0.08108108108108109 0.02702702702702703 0.16216216216216217 0.2702702702702703 0.05405405405405406 79.39105242857143 106.64619139999999 360.25955033333327 0.8842105263157894 0.05263157894736842 0.06315789473684211 0.7692307692307693 0.07692307692307693 0.05128205128205128 0.0 0.07692307692307693 0.0 0.0 0.02564102564102564 0.5977011494252874 0.25287356321839083 0.10344827586206896 0.034482758620689655 0.011494252873563218 liyajie 1Сʱ_mousemovements
0 0 0 0 0 0 0 0 0 0 0 0 0 0 0 0 0 0 0 0 0 0 0 0 0 0 0 0 0 0 0 0 0 0 0 0 0 0 0 0 0 0 0 liyajie 1Сʱ_mousemovements
207.06269685714284 774.60606025 1995.0418395 375.47833249999996 0 0 523.247925 0 457.618571 334.986357 172.9542695 237.22754675000002 1961.9381203333332 214.56513425 0 169.96516699999998 0.13043478260869565 0.17391304347826086 0.08695652173913043 0.17391304347826086 0.13043478260869565 0.17391304347826086 0.0 0.13043478260869565 171.50761478688526 63.011455500000004 168.40071325 0.9104477611940298 0.029850746268656716 0.05970149253731343 0.6086956521739131 0.17391304347826086 0.08695652173913043 0.08695652173913043 0.0 0.0 0.043478260869565216 0.0 0.6885245901639344 0.19672131147540983 0.04918032786885246 0.04918032786885246 0.01639344262295082 liyajie 1Сʱ_mousemovements
1548.320557 0 0 0 0 0 0 0 0 0 0 0 0 0 1548.320557 0 0.0 0.0 0.0 0.0 0.0 0.0 1.0 0.0 774.1602785 0 0 1.0 0.0 0.0 1.0 0.0 0.0 0.0 0.0 0.0 0.0 0.0 1.0 0.0 0.0 0.0 0.0 liyajie 1Сʱ_mousemovements
118.10620383333334 184.8572765 379.670349 457.172974 0 796.335205 0 776.59845 283.1719934 0 0 0 786.4668274999999 166.9742165 133.545425 163.00474933333334 0.38461538461538464 0.0 0.0 0.0 0.15384615384615385 0.15384615384615385 0.07692307692307693 0.23076923076923078 65.40264193333333 63.492062 383.94608159999996 0.8333333333333334 0.027777777777777776 0.1388888888888889 0.46153846153846156 0.15384615384615385 0.07692307692307693 0.15384615384615385 0.0 0.07692307692307693 0.0 0.07692307692307693 0.65625 0.125 0.09375 0.09375 0.03125 liyajie 1Сʱ_mousemovements
76.20306304166668 285.682747 527.1077016666667 611.95782475 430.957489 733.449341 823.121216 773.078796 419.086773 392.43743866666665 678.1407166666667 542.742493 227.86743714285714 241.25192900000002 87.32429708333335 293.230404 0.13953488372093023 0.06976744186046512 0.06976744186046512 0.023255813953488372 0.16279069767441862 0.16279069767441862 0.27906976744186046 0.09302325581395349 65.43766263865544 77.993988 325.71420825 0.9015151515151515 0.007575757575757576 0.09090909090909091 0.5581395348837209 0.09302325581395349 0.13953488372093023 0.09302325581395349 0.046511627906976744 0.023255813953488372 0.023255813953488372 0.023255813953488372 0.6101694915254238 0.2288135593220339 0.0847457627118644 0.05084745762711865 0.025423728813559324 liyajie 1Сʱ_mousemovements
145.2959447586207 323.9384398 309.48374057142854 658.0362317500001 952.924927 0 618.675125 0 262.46699088888886 414.6700745 185.041355 342.447459 166.3483955 403.0020306666667 122.83797585714285 282.2151855 0.19148936170212766 0.0851063829787234 0.0851063829787234 0.06382978723404255 0.1276595744680851 0.1276595744680851 0.14893617021276595 0.1702127659574468 62.75546600000001 238.00064120000002 338.62626936363637 0.8873239436619719 0.035211267605633804 0.07746478873239436 0.6041666666666666 0.10416666666666667 0.14583333333333334 0.08333333333333333 0.020833333333333332 0.0 0.041666666666666664 0.0 0.6124031007751938 0.1937984496124031 0.10852713178294573 0.06201550387596899 0.023255813953488372 liyajie 1Сʱ_mousemovements
85.35625527659576 241.82714171428572 385.3896571428572 516.5505067500001 454.15550733333333 1107.66626 0 1249.4572145000002 316.3951983333334 255.69407600000002 333.5185266666667 95.054024 101.58124391666666 273.1121066428572 167.76759799999996 73.94087019999999 0.1267605633802817 0.16901408450704225 0.08450704225352113 0.014084507042253521 0.16901408450704225 0.19718309859154928 0.16901408450704225 0.07042253521126761 80.90128805357142 97.75368 339.33150874999995 0.9491525423728814 0.02824858757062147 0.022598870056497175 0.6619718309859155 0.09859154929577464 0.09859154929577464 0.056338028169014086 0.04225352112676056 0.014084507042253521 0.0 0.028169014084507043 0.5641025641025641 0.21794871794871795 0.14743589743589744 0.03205128205128205 0.038461538461538464 liyajie 1Сʱ_mousemovements
130.5102923478261 240.20608533333333 439.694366 459.8961025 0 1311.1591795 564.1620586666667 538.727844 779.4043590000001 324.5814518 215.1462556666667 504.960159 267.261531 224.731702875 39.00097219999999 247.4320925 0.08571428571428572 0.14285714285714285 0.08571428571428572 0.05714285714285714 0.14285714285714285 0.22857142857142856 0.14285714285714285 0.11428571428571428 66.45281384070796 452.7814105 217.234735 0.9262295081967213 0.01639344262295082 0.05737704918032787 0.6571428571428571 0.08571428571428572 0.02857142857142857 0.05714285714285714 0.0 0.05714285714285714 0.08571428571428572 0.02857142857142857 0.6176470588235294 0.21568627450980393 0.08823529411764706 0.049019607843137254 0.029411764705882353 liyajie 1Сʱ_mousemovements
124.67259673333334 199.85070125 480.650909 352.9293975 519.453186 781.422546 0 1497.3454590000001 926.697692 304.29254900000007 0 317.6430663333333 441.43225659999996 421.5352325 124.14120519999999 69.36099800000001 0.14285714285714285 0.17857142857142858 0.0 0.10714285714285714 0.17857142857142858 0.07142857142857142 0.17857142857142858 0.14285714285714285 72.08329457647059 168.70444500000002 437.0463879999999 0.8854166666666666 0.03125 0.08333333333333333 0.5357142857142857 0.14285714285714285 0.07142857142857142 0.07142857142857142 0.03571428571428571 0.03571428571428571 0.0 0.10714285714285714 0.6385542168674698 0.18072289156626506 0.07228915662650602 0.08433734939759036 0.024096385542168676 liyajie 1Сʱ_mousemovements
105.07874879245279 257.38945387499996 319.4574545 612.7657442 841.8594666666667 2025.5737914000001 511.5356243333333 876.082581 116.02257120000002 457.57514758333326 963.23487375 155.379112 233.09038818181818 234.98823233333331 248.9963774736842 196.41309837500003 0.06172839506172839 0.14814814814814814 0.09876543209876543 0.037037037037037035 0.13580246913580246 0.18518518518518517 0.2345679012345679 0.09876543209876543 86.09540412442396 172.02372716666665 385.2231373157894 0.8966942148760331 0.024793388429752067 0.07851239669421488 0.6463414634146342 0.0975609756097561 0.04878048780487805 0.06097560975609756 0.036585365853658534 0.06097560975609756 0.036585365853658534 0.012195121951219513 0.6238095238095238 0.19047619047619047 0.0761904761904762 0.04285714285714286 0.06666666666666667 liyajie 1Сʱ_mousemovements
106.08128787179488 306.7045608181818 795.0543616666668 632.02404025 482.63594025000003 521.8878784999999 930.9919737499999 1082.5314945 275.67863619999997 452.12267140000006 466.0757934 374.0509695 150.49682366666664 269.18819576923073 252.67131193333333 293.9996019285714 0.07042253521126761 0.14084507042253522 0.07042253521126761 0.08450704225352113 0.04225352112676056 0.18309859154929578 0.2112676056338028 0.19718309859154928 89.82501453846153 225.84189114285715 314.4471369285714 0.896551724137931 0.034482758620689655 0.06896551724137931 0.5492957746478874 0.15492957746478872 0.04225352112676056 0.056338028169014086 0.056338028169014086 0.056338028169014086 0.056338028169014086 0.028169014084507043 0.532967032967033 0.18681318681318682 0.14285714285714285 0.08241758241758242 0.054945054945054944 liyajie 1Сʱ_mousemovements
85.92759209259258 502.7306826666666 299.80062874999993 493.92196649999994 0 353.078888 712.858521 0 70.51147200000001 466.38242599999995 285.07108066666666 167.51597379999998 95.63280110000001 257.8812426 169.4340905 114.53461645 0.15714285714285714 0.04285714285714286 0.08571428571428572 0.07142857142857142 0.14285714285714285 0.07142857142857142 0.14285714285714285 0.2857142857142857 53.774939641618516 351.51189800000003 236.86473174999998 0.9664804469273743 0.0111731843575419 0.0223463687150838 0.7714285714285715 0.04285714285714286 0.11428571428571428 0.02857142857142857 0.0 0.02857142857142857 0.014285714285714285 0.0 0.5157232704402516 0.25157232704402516 0.1069182389937107 0.08176100628930817 0.0440251572327044 liyajie 1Сʱ_mousemovements
124.99373681538461 387.7312544 405.0275015 608.91616075 443.10241080000003 1179.7319333333332 619.4558715000001 827.9614969999999 172.617144 188.12918236363637 414.03173885714284 260.3459678 126.13909774999999 538.4881788333333 187.98548396296295 297.66188670588235 0.053763440860215055 0.11827956989247312 0.15053763440860216 0.053763440860215055 0.08602150537634409 0.06451612903225806 0.2903225806451613 0.1827956989247312 70.57018082157674 68.47822500000001 335.71935384999995 0.8892988929889298 0.03690036900369004 0.07380073800738007 0.6989247311827957 0.053763440860215055 0.06451612903225806 0.043010752688172046 0.053763440860215055 0.03225806451612903 0.021505376344086023 0.03225806451612903 0.624 0.208 0.108 0.04 0.02 liyajie 1Сʱ_mousemovements
104.60249051219509 242.4893846 255.7427525 399.41308083333337 589.3829753333333 663.616801 0 628.055359 281.97947174999996 391.00933449999997 328.38714814285714 249.42031419999998 208.11821816666668 216.4641406 157.73701294117646 70.69600116666668 0.12121212121212122 0.09090909090909091 0.10606060606060606 0.07575757575757576 0.09090909090909091 0.07575757575757576 0.25757575757575757 0.18181818181818182 44.43989585714285 151.896484 303.6135318421054 0.900990099009901 0.0049504950495049506 0.09405940594059406 0.6212121212121212 0.15151515151515152 0.030303030303030304 0.09090909090909091 0.045454545454545456 0.045454545454545456 0.0 0.015151515151515152 0.5675675675675675 0.21081081081081082 0.05405405405405406 0.10810810810810811 0.05945945945945946 liyajie 1Сʱ_mousemovements
107.20054602702704 250.4672866 442.77439899999996 586.47374 1109.296448 758.6695963333333 294.134888 0 76.1424676 268.18490641666665 725.7218552500001 250.91346 132.07135799999998 272.7304878 158.2026725 152.71315666666666 0.09259259259259259 0.2222222222222222 0.07407407407407407 0.037037037037037035 0.037037037037037035 0.18518518518518517 0.18518518518518517 0.16666666666666666 43.93391258139533 313.61607375 345.03675216666664 0.9148936170212766 0.02127659574468085 0.06382978723404255 0.6851851851851852 0.09259259259259259 0.07407407407407407 0.037037037037037035 0.037037037037037035 0.05555555555555555 0.018518518518518517 0.0 0.611764705882353 0.18823529411764706 0.12352941176470589 0.058823529411764705 0.01764705882352941 liyajie 1Сʱ_mousemovements
117.69298874000002 278.38303883333333 440.706905 585.2737045 926.317287 762.7933043333333 682.0689084999999 1261.8920899999998 284.4297266666667 434.3281974999999 636.6185075 651.9444579999999 148.60735084615385 318.2817239285714 271.24488287500003 235.2076357692308 0.07407407407407407 0.12345679012345678 0.04938271604938271 0.06172839506172839 0.16049382716049382 0.1728395061728395 0.19753086419753085 0.16049382716049382 98.07510614215684 139.04687033333332 243.48723644444442 0.8831168831168831 0.03896103896103896 0.07792207792207792 0.6172839506172839 0.07407407407407407 0.08641975308641975 0.04938271604938271 0.08641975308641975 0.037037037037037035 0.024691358024691357 0.024691358024691357 0.5769230769230769 0.19230769230769232 0.12980769230769232 0.08653846153846154 0.014423076923076924 liyajie 1Сʱ_mousemovements
131.18344502222217 213.4791511 375.96336059999993 426.243093 465.30815874999996 900.0461425000001 0 0 161.5734205 380.20389555555556 332.6497904444444 239.47686771428567 163.3058100769231 195.4746132 198.30778194444446 88.03941850000001 0.05405405405405406 0.12162162162162163 0.12162162162162163 0.0945945945945946 0.17567567567567569 0.13513513513513514 0.24324324324324326 0.05405405405405406 59.957946938775514 118.78322362499999 224.20616405555558 0.8828828828828829 0.036036036036036036 0.08108108108108109 0.6081081081081081 0.13513513513513514 0.13513513513513514 0.04054054054054054 0.05405405405405406 0.02702702702702703 0.0 0.0 0.5647668393782384 0.17098445595854922 0.15025906735751296 0.08290155440414508 0.031088082901554404 liyajie 1Сʱ_mousemovements
83.63630122000002 274.8448606666667 417.42149659999995 431.064728 567.9217286 527.398499 864.3197324999999 0 239.517888 308.8371369 444.56058233333334 355.4176546666667 190.69846125000004 325.06888012499996 104.94860003225807 41.33949233333333 0.1095890410958904 0.136986301369863 0.0410958904109589 0.0410958904109589 0.0547945205479452 0.1095890410958904 0.4246575342465753 0.0821917808219178 66.62138740555557 148.08267212500002 218.54530300000002 0.9326424870466321 0.04145077720207254 0.025906735751295335 0.684931506849315 0.1232876712328767 0.0684931506849315 0.0136986301369863 0.0684931506849315 0.0136986301369863 0.0273972602739726 0.0 0.5944444444444444 0.2111111111111111 0.05555555555555555 0.07777777777777778 0.06111111111111111 liyajie 1Сʱ_mousemovements
110.10466873913043 301.2032775 590.99039275 585.987396 644.123535 1019.8048097500001 573.441711 0 98.5192335 225.2512022 543.912824 754.4469246666667 314.41789100000005 148.9146385 185.93523875000002 355.322112 0.05405405405405406 0.13513513513513514 0.16216216216216217 0.08108108108108109 0.10810810810810811 0.10810810810810811 0.21621621621621623 0.13513513513513514 120.53135480898878 18.457901666666668 236.97410019999998 0.9175257731958762 0.030927835051546393 0.05154639175257732 0.6216216216216216 0.05405405405405406 0.10810810810810811 0.05405405405405406 0.02702702702702703 0.10810810810810811 0.02702702702702703 0.0 0.5869565217391305 0.21739130434782608 0.10869565217391304 0.07608695652173914 0.010869565217391304 liyajie 1Сʱ_mousemovements
65.68721938888889 313.10359 303.579468 255.199249 1826.307251 818.328247 794.621582 417.7793275 146.99867239999998 91.81198614285714 638.5992633333334 543.9724808333333 50.782089500000005 1211.31543 149.96373075 63.81628059999999 0.19607843137254902 0.13725490196078433 0.058823529411764705 0.11764705882352941 0.11764705882352941 0.0196078431372549 0.1568627450980392 0.19607843137254902 63.4248962222222 8.064516 258.46173737500004 0.9310344827586207 0.013793103448275862 0.05517241379310345 0.7058823529411765 0.0784313725490196 0.0392156862745098 0.0392156862745098 0.0196078431372549 0.058823529411764705 0.0196078431372549 0.0392156862745098 0.6538461538461539 0.14615384615384616 0.13846153846153847 0.038461538461538464 0.023076923076923078 liyajie 1Сʱ_mousemovements
0 0 0 0 0 0 0 0 0 0 0 0 0 0 0 0 0 0 0 0 0 0 0 0 0 0 0 0 0 0 0 0 0 0 0 0 0 0 0 0 0 0 0 liyajie 1Сʱ_mousemovements
106.75886693103449 390.889022875 385.588959 566.781311 0 0 1064.290405 0 214.519971 277.24301414285713 0 267.94185275 182.0275818 424.74384166666664 127.66217674999999 118.63059824999999 0.125 0.175 0.0 0.1 0.125 0.075 0.2 0.2 69.01911094545454 7.092198666666667 313.20059949999995 0.9565217391304348 0.02608695652173913 0.017391304347826087 0.725 0.2 0.025 0.025 0.0 0.0 0.025 0.0 0.5925925925925926 0.18518518518518517 0.14814814814814814 0.06481481481481481 0.009259259259259259 liyajie 1Сʱ_mousemovements
77.23752499999999 198.9339675 849.658829 698.4231566666667 400.615356 0 511.919281 1002.665344 200.359686 880.618652 741.123352 133.358177 289.220221625 163.10778975 34.32717266666667 324.1379206666666 0.125 0.03125 0.03125 0.0625 0.25 0.125 0.1875 0.1875 56.008695049504944 43.010754 263.373955 0.9181818181818182 0.00909090909090909 0.07272727272727272 0.6875 0.0625 0.0625 0.09375 0.03125 0.0 0.03125 0.03125 0.5454545454545454 0.20202020202020202 0.16161616161616163 0.04040404040404041 0.050505050505050504 liyajie 1Сʱ_mousemovements
