111.8000373125 0 0 846.0009614999999 0 0 0 0 391.960907 395.4064495 0 0 0 123.34504933333334 160.66613049999998 0 0.05555555555555555 0.1111111111111111 0.0 0.0 0.0 0.16666666666666666 0.6666666666666666 0.0 38.37104573214286 0 666.0119794999999 0.9655172413793104 0.0 0.034482758620689655 0.8888888888888888 0.0 0.0 0.1111111111111111 0.0 0.0 0.0 0.0 0.48936170212765956 0.2978723404255319 0.0851063829787234 0.0851063829787234 0.0425531914893617 liyajie 7Сʱ_mousemovements
167.18986087500002 617.4220835 438.344574 2397.507568 0 0 0 0 61.043716 0 177.287521 550.3147735 326.6589916666667 378.29688649999997 442.77914816666663 275.51370233333336 0.041666666666666664 0.0 0.041666666666666664 0.08333333333333333 0.125 0.08333333333333333 0.5 0.125 131.64889167142857 0 0 1.0 0.0 0.0 0.6666666666666666 0.25 0.041666666666666664 0.041666666666666664 0.0 0.0 0.0 0.0 0.625 0.21428571428571427 0.14285714285714285 0.017857142857142856 0.0 liyajie 7Сʱ_mousemovements
114.88611253333333 0 0 0 0 0 0 0 0 260.54306 0 0 120.3105575 133.24130571428572 57.88767459999999 0 0.0 0.06666666666666667 0.0 0.0 0.13333333333333333 0.4666666666666667 0.3333333333333333 0.0 35.16921812244898 0 0 1.0 0.0 0.0 1.0 0.0 0.0 0.0 0.0 0.0 0.0 0.0 0.6585365853658537 0.17073170731707318 0.07317073170731707 0.04878048780487805 0.04878048780487805 liyajie 7Сʱ_mousemovements
162.93591483333333 0 0 799.221497 0 0 0 0 0 0 308.559692 0 147.110931 0 799.221497 130.4862165 0.0 0.0 0.14285714285714285 0.0 0.14285714285714285 0.0 0.14285714285714285 0.5714285714285714 63.45846378571428 0 0 1.0 0.0 0.0 0.8571428571428571 0.0 0.0 0.14285714285714285 0.0 0.0 0.0 0.0 0.5454545454545454 0.36363636363636365 0.045454545454545456 0.0 0.045454545454545456 liyajie 7Сʱ_mousemovements
161.62769010714283 547.0912983333333 0 415.714569 213.584839 0 0 1508.995728 344.0057185 156.23884575 0 167.8254545 166.03779527272727 231.513275 833.372475 245.48539790909092 0.058823529411764705 0.11764705882352941 0.0 0.058823529411764705 0.3235294117647059 0.058823529411764705 0.058823529411764705 0.3235294117647059 77.00265611827957 16.129032 187.96138383333331 0.93 0.01 0.06 0.8235294117647058 0.08823529411764706 0.0 0.029411764705882353 0.029411764705882353 0.0 0.0 0.029411764705882353 0.6506024096385542 0.2289156626506024 0.060240963855421686 0.060240963855421686 0.0 liyajie 7Сʱ_mousemovements
109.26841494117646 252.06517960000002 426.902705 0 273.4240345 0 643.334106 0 158.8114232 131.60471385714285 271.4001133333333 119.062973 209.9778461666667 209.22559080000002 235.26475827272728 118.45896130000001 0.10416666666666667 0.14583333333333334 0.0625 0.020833333333333332 0.125 0.10416666666666667 0.22916666666666666 0.20833333333333334 71.53320009016394 0.0 0 0.991869918699187 0.008130081300813009 0.0 0.7083333333333334 0.10416666666666667 0.125 0.0 0.041666666666666664 0.0 0.020833333333333332 0.0 0.5188679245283019 0.25471698113207547 0.12264150943396226 0.04716981132075472 0.05660377358490566 liyajie 7Сʱ_mousemovements
453.69339 0 0 0 0 0 0 0 453.69339 0 0 0 0 0 0 0 1.0 0.0 0.0 0.0 0.0 0.0 0.0 0.0 151.23113 0 0 1.0 0.0 0.0 1.0 0.0 0.0 0.0 0.0 0.0 0.0 0.0 1.0 0.0 0.0 0.0 0.0 liyajie 7Сʱ_mousemovements
95.52763066666667 303.808258 559.6835936666666 0 0 797.06073 962.983673 0 191.739136 652.924469 419.9588205 278.824554 115.48138909090909 1001.3994445 151.61373133333333 23.9546822 0.09375 0.0625 0.0625 0.03125 0.34375 0.0625 0.1875 0.15625 86.52338399999998 11.464751 0 0.9655172413793104 0.034482758620689655 0.0 0.75 0.0625 0.09375 0.0 0.0 0.03125 0.0625 0.0 0.65 0.15 0.1125 0.0625 0.025 liyajie 7Сʱ_mousemovements
101.58775279545453 307.81841299999996 850.3532255 3218.70752 0 864.119141 1279.432861 0 93.47510533333333 159.044369 533.94025725 310.398865 167.18044985714286 292.5000558333333 63.69578571428571 329.1427655714286 0.05660377358490566 0.2641509433962264 0.1509433962264151 0.018867924528301886 0.1320754716981132 0.11320754716981132 0.1320754716981132 0.1320754716981132 92.8877548970588 43.788694 0 0.9784172661870504 0.02158273381294964 0.0 0.8301886792452831 0.07547169811320754 0.03773584905660377 0.018867924528301886 0.0 0.018867924528301886 0.018867924528301886 0.0 0.5625 0.25 0.125 0.0390625 0.0234375 liyajie 7Сʱ_mousemovements
194.7344285 0 0 0 0 0 0 0 0 0 0 0 228.56958 0 0 160.899277 0.0 0.0 0.0 0.0 0.5 0.0 0.0 0.5 55.638408142857145 0 0 1.0 0.0 0.0 1.0 0.0 0.0 0.0 0.0 0.0 0.0 0.0 0.5 0.0 0.25 0.25 0.0 liyajie 7Сʱ_mousemovements
0 0 0 0 0 0 0 0 0 0 0 0 0 0 0 0 0 0 0 0 0 0 0 0 0 0 0 0 0 0 0 0 0 0 0 0 0 0 0 0 0 0 0 liyajie 7Сʱ_mousemovements
0 0 0 0 0 0 0 0 0 0 0 0 0 0 0 0 0 0 0 0 0 0 0 0 0 0 0 0 0 0 0 0 0 0 0 0 0 0 0 0 0 0 0 liyajie 7Сʱ_mousemovements
147.1288133571429 91.152748 396.378067 396.050323 0 950.649536 3429.4970705 988.44043 0 317.6349945 96.49168800000001 2408.047317666667 69.962906 173.35130666666666 225.4228134 553.663269 0.0 0.34782608695652173 0.08695652173913043 0.13043478260869565 0.043478260869565216 0.13043478260869565 0.21739130434782608 0.043478260869565216 148.4593693108108 27.150858666666668 232.3107084 0.9024390243902439 0.036585365853658534 0.06097560975609756 0.6086956521739131 0.08695652173913043 0.08695652173913043 0.043478260869565216 0.0 0.043478260869565216 0.08695652173913043 0.043478260869565216 0.5324675324675324 0.24675324675324675 0.09090909090909091 0.09090909090909091 0.03896103896103896 liyajie 7Сʱ_mousemovements
147.24562697222223 608.1811985 543.086764 717.008194 1927.5962675 799.195618 0 0 836.417454 173.1317692307692 332.0282624 297.77065074999996 220.30530366666667 321.733656 287.680425 88.735004 0.13043478260869565 0.2826086956521739 0.10869565217391304 0.08695652173913043 0.13043478260869565 0.08695652173913043 0.08695652173913043 0.08695652173913043 96.8345314326241 37.965253999999995 116.82627675 0.9527027027027027 0.02027027027027027 0.02702702702702703 0.782608695652174 0.043478260869565216 0.06521739130434782 0.043478260869565216 0.043478260869565216 0.021739130434782608 0.0 0.0 0.6194029850746269 0.22388059701492538 0.09701492537313433 0.022388059701492536 0.03731343283582089 liyajie 7Сʱ_mousemovements
154.11176859090912 255.75212850000003 585.3516033333334 345.398102 1305.9263305 0 716.416992 1076.1177065 486.10765680000003 377.1128806 548.198166 716.416992 324.5430503333333 381.60005511111115 758.562332 87.42980316666666 0.14285714285714285 0.14285714285714285 0.05714285714285714 0.02857142857142857 0.08571428571428572 0.2571428571428571 0.11428571428571428 0.17142857142857143 74.79919568888889 121.7671574 675.5010406 0.8571428571428571 0.047619047619047616 0.09523809523809523 0.6285714285714286 0.05714285714285714 0.08571428571428572 0.02857142857142857 0.11428571428571428 0.0 0.02857142857142857 0.05714285714285714 0.625 0.17708333333333334 0.11458333333333333 0.052083333333333336 0.03125 liyajie 7Сʱ_mousemovements
148.0761521290323 341.05543325 231.887146 313.606262 1434.195679 2032.098511 1166.835571 0 13.5982075 187.068488625 362.9786365714286 0 222.728458 511.3970520000001 346.4749911 234.5462875 0.045454545454545456 0.36363636363636365 0.1590909090909091 0.0 0.045454545454545456 0.11363636363636363 0.22727272727272727 0.045454545454545456 87.19668877037037 71.68088949999999 4.532736 0.9183673469387755 0.06802721088435375 0.013605442176870748 0.7045454545454546 0.18181818181818182 0.022727272727272728 0.022727272727272728 0.022727272727272728 0.022727272727272728 0.022727272727272728 0.0 0.5522388059701493 0.3582089552238806 0.05970149253731343 0.014925373134328358 0.014925373134328358 liyajie 7Сʱ_mousemovements
157.2308978125 363.0011113333333 471.689636 1065.381348 0 1026.307983 1040.6548765 1384.388977 142.6690065 624.8030763333333 165.744232 0 257.121414 579.403227875 537.3475394999999 137.886687 0.08 0.24 0.04 0.0 0.08 0.32 0.08 0.16 102.63223376388889 234.6831573333333 487.432345 0.8888888888888888 0.037037037037037035 0.07407407407407407 0.6153846153846154 0.11538461538461539 0.038461538461538464 0.038461538461538464 0.0 0.038461538461538464 0.07692307692307693 0.07692307692307693 0.6142857142857143 0.18571428571428572 0.14285714285714285 0.05714285714285714 0.0 liyajie 7Сʱ_mousemovements
152.68247018181816 385.2097776666667 0 0 1535.849304 885.4378055 954.921326 1125.561523 297.9772835 620.205154 0 0 494.5730325 666.323453 478.14189150000004 629.42218 0.19047619047619047 0.09523809523809523 0.0 0.0 0.09523809523809523 0.38095238095238093 0.19047619047619047 0.047619047619047616 121.00002959999999 0 313.78231166666666 0.8860759493670886 0.0 0.11392405063291139 0.5238095238095238 0.14285714285714285 0.0 0.0 0.14285714285714285 0.09523809523809523 0.047619047619047616 0.047619047619047616 0.6764705882352942 0.17647058823529413 0.058823529411764705 0.08823529411764706 0.0 liyajie 7Сʱ_mousemovements
16.129032 0 0 0 0 2549.230225 0 0 0 0 0 2549.230225 0 0 16.129032 0 0.0 0.0 0.0 0.5 0.0 0.0 0.5 0.0 254.92302249999997 16.129032 0.0 0.8333333333333334 0.08333333333333333 0.08333333333333333 0.5 0.0 0.0 0.0 0.0 0.5 0.0 0.0 0.7 0.2 0.1 0.0 0.0 liyajie 7Сʱ_mousemovements
0 0 0 0 0 0 0 0 0 0 0 0 0 0 0 0 0 0 0 0 0 0 0 0 0 0 0 0 0 0 0 0 0 0 0 0 0 0 0 0 0 0 0 liyajie 7Сʱ_mousemovements
0 0 0 0 0 0 0 0 0 0 0 0 0 0 0 0 0 0 0 0 0 0 0 0 0 0 0 0 0 0 0 0 0 0 0 0 0 0 0 0 0 0 0 liyajie 7Сʱ_mousemovements
0 0 0 0 0 0 0 0 0 0 0 0 0 0 0 0 0 0 0 0 0 0 0 0 0 0 0 0 0 0 0 0 0 0 0 0 0 0 0 0 0 0 0 liyajie 7Сʱ_mousemovements
0 0 0 0 0 0 0 0 0 0 0 0 0 0 0 0 0 0 0 0 0 0 0 0 0 0 0 0 0 0 0 0 0 0 0 0 0 0 0 0 0 0 0 liyajie 7Сʱ_mousemovements
0 0 0 0 0 0 0 0 0 0 0 0 0 0 0 0 0 0 0 0 0 0 0 0 0 0 0 0 0 0 0 0 0 0 0 0 0 0 0 0 0 0 0 liyajie 7Сʱ_mousemovements
5481.307617 0 0 0 0 0 0 0 0 0 0 0 0 0 0 5481.307617 0.0 0.0 0.0 0.0 0.0 0.0 0.0 1.0 1827.1025390000002 0 0 1.0 0.0 0.0 1.0 0.0 0.0 0.0 0.0 0.0 0.0 0.0 0.5 0.5 0.0 0.0 0.0 liyajie 7Сʱ_mousemovements
163.34021066666665 0 519.2056425000001 1381.259598 811.331787 0 0 0 0 12.820513 0 2359.676514 566.5143429999999 155.50322 0 480.41798900000003 0.0 0.125 0.0 0.125 0.25 0.125 0.0 0.375 214.08551484999998 12.820513 201.9380225 0.8 0.04 0.16 0.375 0.0 0.25 0.25 0.125 0.0 0.0 0.0 0.5416666666666666 0.3333333333333333 0.041666666666666664 0.041666666666666664 0.041666666666666664 liyajie 7Сʱ_mousemovements
70.88793625 241.3188705 542.7199095000001 519.9536435 985.873962 0 0 0 684.766418 273.84470350000004 0 985.873962 580.564819 0 140.39386625 258.4702415 0.09090909090909091 0.18181818181818182 0.0 0.09090909090909091 0.09090909090909091 0.0 0.36363636363636365 0.18181818181818182 67.89974212500002 186.83664 572.054443 0.8648648648648649 0.08108108108108109 0.05405405405405406 0.36363636363636365 0.18181818181818182 0.18181818181818182 0.18181818181818182 0.09090909090909091 0.0 0.0 0.0 0.5833333333333334 0.2222222222222222 0.1111111111111111 0.08333333333333333 0.0 liyajie 7Сʱ_mousemovements
205.46809350000004 634.0361533333333 951.361145 395.066772 1202.1427 520.783081 0 1001.952942 1215.440796 485.63117575 607.314214 1250.098297 473.01935119999996 0 540.4502545 0 0.05263157894736842 0.21052631578947367 0.15789473684210525 0.10526315789473684 0.2631578947368421 0.0 0.21052631578947367 0.0 182.58695288461539 5.319149 420.03188066666667 0.8666666666666667 0.03333333333333333 0.1 0.4 0.15 0.05 0.05 0.15 0.05 0.0 0.15 0.6296296296296297 0.2037037037037037 0.1111111111111111 0.018518518518518517 0.037037037037037035 liyajie 7Сʱ_mousemovements
0 0 0 0 0 0 0 0 0 0 0 0 0 0 0 0 0 0 0 0 0 0 0 0 0 0 0 0 0 0 0 0 0 0 0 0 0 0 0 0 0 0 0 liyajie 7Сʱ_mousemovements
0 0 0 0 0 0 0 0 0 0 0 0 0 0 0 0 0 0 0 0 0 0 0 0 0 0 0 0 0 0 0 0 0 0 0 0 0 0 0 0 0 0 0 liyajie 7Сʱ_mousemovements
168.18455034615388 535.3524322000001 350.6040645 0 735.458618 513.151367 0 1163.865845 297.31842 139.1995375 420.70032399999997 179.025818 478.26016300000003 1163.865845 154.319824 216.99967166666667 0.027777777777777776 0.4444444444444444 0.19444444444444445 0.027777777777777776 0.1388888888888889 0.027777777777777776 0.05555555555555555 0.08333333333333333 130.33893698630138 162.55515533333335 160.836563 0.948051948051948 0.03896103896103896 0.012987012987012988 0.7222222222222222 0.1388888888888889 0.05555555555555555 0.0 0.027777777777777776 0.027777777777777776 0.0 0.027777777777777776 0.5352112676056338 0.19718309859154928 0.1267605633802817 0.1267605633802817 0.014084507042253521 liyajie 7Сʱ_mousemovements
141.24587493333328 467.142395 499.697601 818.084595 0 0 0 721.8114925 352.19804350000004 185.05854099999996 132.11524640000002 0 273.21253839999997 320.8972245 132.860692 172.501747 0.05714285714285714 0.2857142857142857 0.14285714285714285 0.0 0.2857142857142857 0.05714285714285714 0.11428571428571428 0.05714285714285714 38.08332386290321 63.924389999999995 425.3030825 0.9323308270676691 0.022556390977443608 0.045112781954887216 0.8571428571428571 0.02857142857142857 0.02857142857142857 0.02857142857142857 0.0 0.0 0.0 0.05714285714285714 0.6475409836065574 0.20491803278688525 0.09836065573770492 0.02459016393442623 0.02459016393442623 liyajie 7Сʱ_mousemovements
380.0082391 249.392204 0 853.909119 405.598572 625.6966245000001 1305.3545835 0 592.7463583333333 702.5609472499999 248.591705 0 417.2366156666667 867.3999405 180.619194 874.415833 0.16666666666666666 0.2222222222222222 0.05555555555555555 0.0 0.16666666666666666 0.1111111111111111 0.2222222222222222 0.05555555555555555 125.39867027450983 83.39756766666666 554.9904038 0.864406779661017 0.05084745762711865 0.0847457627118644 0.5555555555555556 0.1111111111111111 0.0 0.05555555555555555 0.05555555555555555 0.1111111111111111 0.1111111111111111 0.0 0.7346938775510204 0.14285714285714285 0.061224489795918366 0.061224489795918366 0.0 liyajie 7Сʱ_mousemovements
78.970408 0 0 0 0 528.685547 0 1055.9086306666668 0 236.992803 0 0 0 1019.087606 165.081436 0 0.0 0.42857142857142855 0.0 0.0 0.0 0.42857142857142855 0.14285714285714285 0.0 97.34235904 86.540718 1326.682251 0.8928571428571429 0.07142857142857142 0.03571428571428571 0.42857142857142855 0.0 0.0 0.0 0.0 0.14285714285714285 0.0 0.42857142857142855 0.6190476190476191 0.09523809523809523 0.2857142857142857 0.0 0.0 liyajie 7Сʱ_mousemovements
152.0830424347826 421.354641 638.99620075 0 752.176056 678.282349 0 1726.245117 260.1992785 118.63023083333333 398.9187063333334 426.08646633333336 289.393425 479.22810433333325 703.7533549999999 231.89792037499998 0.11428571428571428 0.17142857142857143 0.08571428571428572 0.08571428571428572 0.05714285714285714 0.17142857142857143 0.08571428571428572 0.22857142857142856 98.66966702247191 12.897475 355.09970075 0.898989898989899 0.020202020202020204 0.08080808080808081 0.6571428571428571 0.11428571428571428 0.11428571428571428 0.0 0.05714285714285714 0.02857142857142857 0.0 0.02857142857142857 0.5806451612903226 0.21505376344086022 0.0967741935483871 0.08602150537634409 0.021505376344086023 liyajie 7Сʱ_mousemovements
180.31933504545458 431.923248 147.970612 388.479996 0 597.339727 2593.595215 0 67.340065 527.8548106666667 138.879509 0 15.873015 321.8395832307693 397.4712238 151.5828475 0.03225806451612903 0.1935483870967742 0.0967741935483871 0.0 0.03225806451612903 0.41935483870967744 0.16129032258064516 0.06451612903225806 106.90385516304347 21.276596 284.985596 0.9787234042553191 0.010638297872340425 0.010638297872340425 0.7096774193548387 0.06451612903225806 0.03225806451612903 0.06451612903225806 0.0 0.0967741935483871 0.03225806451612903 0.0 0.55 0.225 0.125 0.0625 0.0375 liyajie 7Сʱ_mousemovements
143.0724425185185 281.05995285714283 155.008728 279.642049 687.440582 0 647.906982 1207.8247075 495.5424805 337.4846717777777 165.469834 217.97165166666665 156.03174659999996 233.0433106666667 426.26098983333327 50.81754 0.046511627906976744 0.20930232558139536 0.13953488372093023 0.06976744186046512 0.11627906976744186 0.20930232558139536 0.13953488372093023 0.06976744186046512 78.78891244604317 26.8817195 64.33144625 0.9586206896551724 0.013793103448275862 0.027586206896551724 0.627906976744186 0.16279069767441862 0.023255813953488372 0.06976744186046512 0.046511627906976744 0.0 0.023255813953488372 0.046511627906976744 0.4878048780487805 0.24390243902439024 0.13008130081300814 0.08943089430894309 0.04878048780487805 liyajie 7Сʱ_mousemovements
167.09433325 300.516449 0 696.476501 0 0 0 0 0 0 385.0517655 182.51628900000003 119.167259 265.828804 16.129032 0 0.0 0.0 0.2 0.2 0.1 0.4 0.1 0.0 110.36278971428573 16.129032 0 0.9545454545454546 0.045454545454545456 0.0 0.8 0.1 0.0 0.1 0.0 0.0 0.0 0.0 0.6111111111111112 0.16666666666666666 0.1111111111111111 0.05555555555555555 0.05555555555555555 liyajie 7Сʱ_mousemovements
144.73540922222222 631.506531 544.7462463333333 878.347717 0 0 1147.171509 1006.527222 0 494.0273665 430.656469 0 0 164.4371635 342.449245 0 0.0 0.5 0.1875 0.0 0.0 0.125 0.1875 0.0 104.64143493650793 4.0 0 0.9692307692307692 0.03076923076923077 0.0 0.5625 0.0625 0.1875 0.0625 0.0 0.0 0.0625 0.0625 0.5185185185185185 0.25925925925925924 0.1111111111111111 0.05555555555555555 0.05555555555555555 liyajie 7Сʱ_mousemovements
124.26995304545454 243.8845785 206.788223 0 1394.652466 0 0 1379.6226806666666 187.4081385 219.54602827272728 207.79863699999999 72.63254500000001 668.060374 695.7024495000001 809.8702696666668 265.9873585 0.0625 0.34375 0.0625 0.09375 0.09375 0.0625 0.09375 0.1875 77.28663417241378 20.544603000000002 459.52492700000005 0.9508196721311475 0.01639344262295082 0.03278688524590164 0.6875 0.125 0.03125 0.0 0.0625 0.0 0.0 0.09375 0.6909090909090909 0.15454545454545454 0.09090909090909091 0.045454545454545456 0.01818181818181818 liyajie 7Сʱ_mousemovements
