145.24520586666668 1262.051514 583.352295 0 1372.4288943333333 946.589111 0 904.334106 190.8164175 414.41955966666666 114.659004 15.044826 832.3595428000001 154.1518285 552.3432955 226.7676545 0.09090909090909091 0.13636363636363635 0.045454545454545456 0.045454545454545456 0.22727272727272727 0.09090909090909091 0.2727272727272727 0.09090909090909091 109.2561126142857 113.984426 352.7325103333333 0.8974358974358975 0.02564102564102564 0.07692307692307693 0.6818181818181818 0.045454545454545456 0.045454545454545456 0.0 0.13636363636363635 0.045454545454545456 0.0 0.045454545454545456 0.647887323943662 0.2112676056338028 0.07042253521126761 0.04225352112676056 0.028169014084507043 liyajie 8Сʱ_mousemovements
194.815952 732.3996579999999 400.71392849999995 633.9269409999999 921.46786475 691.856323 1507.8268735 1003.5348515000001 745.8624645 867.8199764999999 247.74371524999998 871.6274415 507.09069250000005 262.419159 182.9898033333333 733.9510785555556 0.05714285714285714 0.05714285714285714 0.11428571428571428 0.05714285714285714 0.22857142857142856 0.05714285714285714 0.17142857142857143 0.2571428571428571 168.87979132954544 0.0 338.5235374 0.8888888888888888 0.010101010101010102 0.10101010101010101 0.4857142857142857 0.08571428571428572 0.05714285714285714 0.11428571428571428 0.11428571428571428 0.02857142857142857 0.05714285714285714 0.05714285714285714 0.5473684210526316 0.2631578947368421 0.08421052631578947 0.08421052631578947 0.021052631578947368 liyajie 8Сʱ_mousemovements
125.996920625 315.28432319999996 496.56739799999997 110.596169 577.310059 803.245789 0 1738.039063 392.9628563333333 205.86801811111113 89.28501838461537 561.8050022499999 241.81144575 128.62452154545454 157.61648033333336 250.12757555555558 0.03896103896103896 0.11688311688311688 0.16883116883116883 0.05194805194805195 0.05194805194805195 0.14285714285714285 0.3116883116883117 0.11688311688311688 54.291160340000005 56.112183 63.030339714285724 0.9191176470588235 0.05514705882352941 0.025735294117647058 0.8311688311688312 0.06493506493506493 0.05194805194805195 0.012987012987012988 0.012987012987012988 0.012987012987012988 0.0 0.012987012987012988 0.6047430830039525 0.24110671936758893 0.09090909090909091 0.05138339920948617 0.011857707509881422 liyajie 8Сʱ_mousemovements
109.21528890909093 190.015427 0 499.029205 534.563538 565.617371 1432.432983 931.281128 0 204.38116966666666 0 0 565.617371 542.7196445 129.8457477142857 547.874069 0.0 0.17647058823529413 0.0 0.0 0.058823529411764705 0.23529411764705882 0.4117647058823529 0.11764705882352941 58.44559592424241 0 498.9661663333333 0.9565217391304348 0.0 0.043478260869565216 0.6470588235294118 0.058823529411764705 0.0 0.058823529411764705 0.058823529411764705 0.058823529411764705 0.058823529411764705 0.058823529411764705 0.5925925925925926 0.25925925925925924 0.037037037037037035 0.07407407407407407 0.037037037037037035 liyajie 8Сʱ_mousemovements
201.01432774999998 323.501495 622.4372053333333 372.3170775 0 0 0 0 430.419098 0 0 746.8583835 355.2521106666666 323.501495 69.342636 178.3841245 0.1 0.0 0.0 0.2 0.3 0.1 0.1 0.2 65.90614964999999 0 275.81464775 0.9090909090909091 0.0 0.09090909090909091 0.4 0.1 0.3 0.2 0.0 0.0 0.0 0.0 0.6 0.17142857142857143 0.08571428571428572 0.14285714285714285 0.0 liyajie 8Сʱ_mousemovements
317.915601 0 0 0 0 0 1639.696411 1876.441406 0 1059.9915695 0 633.712219 76.492851 1639.696411 0 0 0.0 0.4 0.0 0.2 0.2 0.2 0.0 0.0 262.9343894117647 0 0 1.0 0.0 0.0 0.6 0.0 0.0 0.0 0.0 0.0 0.2 0.2 0.7 0.2 0.1 0.0 0.0 liyajie 8Сʱ_mousemovements
182.10223390909093 174.373123 375.078613 0 2301.5936890000003 0 1133.316528 1741.5918169999998 217.7884175 677.225159 1503.889404 1748.9364266666669 133.28086316666668 225.772233 1354.9969456666668 254.2538145 0.1 0.05 0.05 0.15 0.3 0.1 0.15 0.1 187.0913219672131 0 325.0940212857143 0.8970588235294118 0.0 0.10294117647058823 0.55 0.1 0.05 0.0 0.1 0.0 0.05 0.15 0.6724137931034483 0.20689655172413793 0.034482758620689655 0.06896551724137931 0.017241379310344827 liyajie 8Сʱ_mousemovements
126.51706772 479.0296724 1164.348389 1113.1134035 0 1464.1237179999998 1065.398804 801.7256775000001 715.39172375 552.463856 537.6765445 870.78479 564.6472829999999 483.424438 319.6489745384615 269.9655865555556 0.1 0.1 0.05 0.025 0.15 0.025 0.325 0.225 110.98868358267715 84.79277366666666 390.50676825000005 0.9202898550724637 0.021739130434782608 0.057971014492753624 0.625 0.125 0.025 0.05 0.0 0.1 0.025 0.05 0.6178861788617886 0.21138211382113822 0.0975609756097561 0.04065040650406504 0.032520325203252036 liyajie 8Сʱ_mousemovements
99.97281757692306 415.754135 376.1772663333333 623.1110686666667 998.7571774 1079.9203696666666 0 982.138855 486.387497 267.958943 602.9133908571429 1032.447174 184.96366875 278.2365938 497.07042475 274.59414342857144 0.10416666666666667 0.10416666666666667 0.14583333333333334 0.041666666666666664 0.08333333333333333 0.20833333333333334 0.16666666666666666 0.14583333333333334 100.38487245255472 5.86470275 407.2697830000001 0.8838709677419355 0.025806451612903226 0.09032258064516129 0.5416666666666666 0.041666666666666664 0.0625 0.125 0.10416666666666667 0.0625 0.0 0.0625 0.625 0.19444444444444445 0.09722222222222222 0.0625 0.020833333333333332 liyajie 8Сʱ_mousemovements
159.8405385 533.209732 0 740.982666 1166.450867 0 1225.8355405 1227.739502 0 530.25219925 1905.810303 427.091431 624.836243 539.8072966666666 1009.2537075 31.0407995 0.0 0.2857142857142857 0.07142857142857142 0.07142857142857142 0.07142857142857142 0.21428571428571427 0.14285714285714285 0.14285714285714285 164.2773811935484 6.4102565 918.3345869999999 0.8378378378378378 0.05405405405405406 0.10810810810810811 0.42857142857142855 0.14285714285714285 0.0 0.07142857142857142 0.14285714285714285 0.0 0.14285714285714285 0.07142857142857142 0.6333333333333333 0.2 0.1 0.03333333333333333 0.03333333333333333 liyajie 8Сʱ_mousemovements
0 0 0 0 0 0 0 0 0 0 0 0 0 0 0 0 0 0 0 0 0 0 0 0 0 0 0 0 0 0 0 0 0 0 0 0 0 0 0 0 0 0 0 liyajie 8Сʱ_mousemovements
0 0 0 0 0 0 0 0 0 0 0 0 0 0 0 0 0 0 0 0 0 0 0 0 0 0 0 0 0 0 0 0 0 0 0 0 0 0 0 0 0 0 0 liyajie 8Сʱ_mousemovements
96.44864016666668 602.2484404285714 1463.6780654 1740.9400025 769.662476 0 4905.872559 0 2405.827881 1696.4223836666667 688.9156647499999 666.5189413333334 487.67107875 769.662476 1258.3149970000002 8.0 0.045454545454545456 0.13636363636363635 0.18181818181818182 0.13636363636363635 0.18181818181818182 0.045454545454545456 0.22727272727272727 0.045454545454545456 333.54118098333333 64.247593 282.3175615 0.9090909090909091 0.030303030303030304 0.06060606060606061 0.2727272727272727 0.3181818181818182 0.22727272727272727 0.09090909090909091 0.045454545454545456 0.0 0.045454545454545456 0.0 0.6101694915254238 0.2542372881355932 0.0847457627118644 0.05084745762711865 0.0 liyajie 8Сʱ_mousemovements
249.96822093750004 286.0060275 442.167328 896.113139 0 574.8886645 708.496887 0 0 317.59611766666666 706.5424228 18.181818 39.932532 414.9666276666667 423.231832 476.4961353333333 0.0 0.24 0.2 0.04 0.16 0.12 0.12 0.12 132.74047239682537 132.8533997142857 133.83049599999998 0.875 0.09722222222222222 0.027777777777777776 0.64 0.08 0.04 0.12 0.0 0.08 0.04 0.0 0.6031746031746031 0.15873015873015872 0.12698412698412698 0.07936507936507936 0.031746031746031744 liyajie 8Сʱ_mousemovements
0 0 0 0 0 0 0 0 0 0 0 0 0 0 0 0 0 0 0 0 0 0 0 0 0 0 0 0 0 0 0 0 0 0 0 0 0 0 0 0 0 0 0 liyajie 8Сʱ_mousemovements
348.292822875 212.28746 430.701416 604.003906 0 863.5779415 0 1410.885376 0 328.4113616 654.0979615 330.0879025 1348.1531674999999 277.3438453333334 749.3240377999999 252.9872181666667 0.0 0.2 0.08 0.08 0.08 0.12 0.2 0.24 135.21374444594593 7.669922 295.851641 0.8604651162790697 0.046511627906976744 0.09302325581395349 0.64 0.04 0.08 0.08 0.0 0.08 0.0 0.08 0.6625 0.15 0.1125 0.05 0.025 liyajie 8Сʱ_mousemovements
17.44186 0 347.762939 641.704651 0 0 0 0 641.704651 182.60239950000002 0 0 0 0 0 0 0.3333333333333333 0.6666666666666666 0.0 0.0 0.0 0.0 0.0 0.0 36.520479900000005 0.0 641.704651 0.8333333333333334 0.08333333333333333 0.08333333333333333 0.3333333333333333 0.0 0.3333333333333333 0.3333333333333333 0.0 0.0 0.0 0.0 0.6363636363636364 0.18181818181818182 0.09090909090909091 0.09090909090909091 0.0 liyajie 8Сʱ_mousemovements
85.3863114 622.8509266666667 0 0 530.6428323333333 0 0 0 329.845154 313.942848 483.681671 416.932556 0 797.521118 706.09491 13.923352666666666 0.09090909090909091 0.18181818181818182 0.18181818181818182 0.09090909090909091 0.0 0.09090909090909091 0.09090909090909091 0.2727272727272727 119.83676207999999 13.923352666666666 283.24124133333333 0.8064516129032258 0.0967741935483871 0.0967741935483871 0.45454545454545453 0.2727272727272727 0.0 0.0 0.2727272727272727 0.0 0.0 0.0 0.6666666666666666 0.18518518518518517 0.14814814814814814 0.0 0.0 liyajie 8Сʱ_mousemovements
122.81394143750002 268.9336245 541.173124375 686.904724 957.471619 552.779892 1067.082764 790.981995 64.102562 275.15806775 301.724541 669.09409325 376.067131 112.902702 455.88204375 346.67939775 0.030303030303030304 0.12121212121212122 0.12121212121212122 0.12121212121212122 0.18181818181818182 0.06060606060606061 0.12121212121212122 0.24242424242424243 101.0361563076923 114.08837866666666 433.7883987777778 0.8666666666666667 0.03333333333333333 0.1 0.48484848484848486 0.06060606060606061 0.24242424242424243 0.06060606060606061 0.030303030303030304 0.06060606060606061 0.030303030303030304 0.030303030303030304 0.6375 0.1375 0.125 0.05 0.05 liyajie 8Сʱ_mousemovements
191.73380812500002 2345.882568 1428.303589 0 1330.495605 1432.87146 0 0 1432.87146 0 1330.495605 0 126.627419 265.734848 187.69333749999998 1887.0930785 0.09090909090909091 0.0 0.09090909090909091 0.0 0.09090909090909091 0.18181818181818182 0.36363636363636365 0.18181818181818182 227.4422157647059 169.1941755 0 0.9444444444444444 0.05555555555555555 0.0 0.6666666666666666 0.08333333333333333 0.08333333333333333 0.0 0.08333333333333333 0.08333333333333333 0.0 0.0 0.7407407407407407 0.14814814814814814 0.037037037037037035 0.0 0.07407407407407407 liyajie 8Сʱ_mousemovements
4.56621 0 0 0 0 0 0 0 0 0 0 0 0 0 0 4.56621 0.0 0.0 0.0 0.0 0.0 0.0 0.0 1.0 0.0 0 4.56621 0.8 0.0 0.2 1.0 0.0 0.0 0.0 0.0 0.0 0.0 0.0 0.75 0.25 0.0 0.0 0.0 liyajie 8Сʱ_mousemovements
63.59708345454545 0 0 0 1009.598572 787.515686 510.046722 0 145.941132 1009.598572 0 236.05365 0 216.1505907142857 24.8226945 26.21801 0.07142857142857142 0.07142857142857142 0.0 0.07142857142857142 0.0 0.5 0.14285714285714285 0.14285714285714285 47.72585552380953 0 0 1.0 0.0 0.0 0.7857142857142857 0.0 0.0 0.0 0.07142857142857142 0.07142857142857142 0.07142857142857142 0.0 0.6415094339622641 0.22641509433962265 0.05660377358490566 0.07547169811320754 0.0 liyajie 8Сʱ_mousemovements
61.730803350000016 254.064555 479.262909 505.03090199999997 0 729.972229 1001.61325075 1140.01562475 215.96159360000001 575.49635025 760.307007 628.5165635 331.61811828571433 632.005306 183.5700622 145.7658856 0.08620689655172414 0.06896551724137931 0.017241379310344827 0.06896551724137931 0.1206896551724138 0.034482758620689655 0.08620689655172414 0.5172413793103449 73.78584967549666 7.9365075 437.47946329999996 0.9263803680981595 0.012269938650306749 0.06134969325153374 0.6896551724137931 0.05172413793103448 0.017241379310344827 0.08620689655172414 0.0 0.017241379310344827 0.06896551724137931 0.06896551724137931 0.5263157894736842 0.26973684210526316 0.07894736842105263 0.08552631578947369 0.039473684210526314 liyajie 8Сʱ_mousemovements
92.09357196666664 352.9906055000001 423.03671275 1015.473572 591.020996 658.1526368000001 1103.774536 820.233093 241.50708114285717 358.7112262 587.3051046666667 533.2453583999999 548.2956465 236.82463066666665 163.78289550000002 106.8403977222222 0.14285714285714285 0.10204081632653061 0.061224489795918366 0.10204081632653061 0.08163265306122448 0.061224489795918366 0.08163265306122448 0.3673469387755102 74.22208046846848 17.084379857142856 279.7734129444444 0.8161764705882353 0.051470588235294115 0.1323529411764706 0.6122448979591837 0.12244897959183673 0.08163265306122448 0.02040816326530612 0.02040816326530612 0.10204081632653061 0.02040816326530612 0.02040816326530612 0.6422764227642277 0.17886178861788618 0.07317073170731707 0.06504065040650407 0.04065040650406504 liyajie 8Сʱ_mousemovements
221.54945628571429 0 515.583313 344.517487 1217.2760132 534.9632875 0 0 61.97229 189.4667515 1863.2716675000001 770.1927185 12.820513 351.938083 223.011719 793.1599120000001 0.058823529411764705 0.11764705882352941 0.11764705882352941 0.11764705882352941 0.058823529411764705 0.29411764705882354 0.058823529411764705 0.17647058823529413 204.60521509999998 6.4102565 377.16156620000004 0.851063829787234 0.0425531914893617 0.10638297872340426 0.4117647058823529 0.0 0.11764705882352941 0.058823529411764705 0.29411764705882354 0.11764705882352941 0.0 0.0 0.6666666666666666 0.2619047619047619 0.0 0.047619047619047616 0.023809523809523808 liyajie 8Сʱ_mousemovements
88.0731048 509.960083 0 0 0 1468.536987 0 0 0 91.743118 0 277.915821 0 0 88.87542350000001 796.7684935 0.0 0.14285714285714285 0.0 0.2857142857142857 0.0 0.0 0.2857142857142857 0.2857142857142857 100.31002639130435 0 55.8659935 0.92 0.0 0.08 0.7142857142857143 0.14285714285714285 0.0 0.0 0.0 0.14285714285714285 0.0 0.0 0.625 0.2916666666666667 0.08333333333333333 0.0 0.0 liyajie 8Сʱ_mousemovements
0 0 0 0 0 0 0 0 0 0 0 0 0 0 0 0 0 0 0 0 0 0 0 0 0 0 0 0 0 0 0 0 0 0 0 0 0 0 0 0 0 0 0 liyajie 8Сʱ_mousemovements
0 0 0 0 0 0 0 0 0 0 0 0 0 0 0 0 0 0 0 0 0 0 0 0 0 0 0 0 0 0 0 0 0 0 0 0 0 0 0 0 0 0 0 liyajie 8Сʱ_mousemovements
0 0 0 0 0 0 0 0 0 0 0 0 0 0 0 0 0 0 0 0 0 0 0 0 0 0 0 0 0 0 0 0 0 0 0 0 0 0 0 0 0 0 0 liyajie 8Сʱ_mousemovements
130.40241483333332 0 572.52312475 1093.4036560000002 1292.497589 0 3764.396729 0 1532.201904 442.477112 1834.072876 623.3319855 721.4522655000001 139.19802575 0 1401.3642783333335 0.0625 0.0625 0.0625 0.125 0.25 0.25 0.0 0.1875 191.7354176724138 115.384613 366.51775625 0.9206349206349206 0.015873015873015872 0.06349206349206349 0.375 0.0 0.25 0.1875 0.125 0.0 0.0625 0.0 0.660377358490566 0.20754716981132076 0.05660377358490566 0.03773584905660377 0.03773584905660377 liyajie 8Сʱ_mousemovements
171.56893533333331 378.21307 534.3053285000001 725.8177185714285 1353.600952 893.6889646666667 485.977844 405.664215 209.48471942857142 774.393575 742.40559975 421.7133026666667 310.014089125 0 392.1823545 341.264913076923 0.15555555555555556 0.06666666666666667 0.08888888888888889 0.13333333333333333 0.17777777777777778 0.0 0.08888888888888889 0.28888888888888886 82.70440226446283 52.058147833333344 355.0085912380952 0.8175675675675675 0.04054054054054054 0.14189189189189189 0.5333333333333333 0.08888888888888889 0.08888888888888889 0.15555555555555556 0.022222222222222223 0.06666666666666667 0.022222222222222223 0.022222222222222223 0.5808823529411765 0.19117647058823528 0.11029411764705882 0.07352941176470588 0.04411764705882353 liyajie 8Сʱ_mousemovements
154.18856578260866 531.4401296666666 1434.163208 861.2245909999999 961.791343625 967.1582335 1144.5981445 1376.907898 458.1590684285714 597.5122466999999 672.3916274 706.4096170000001 246.8052528 928.3281352222223 315.389908 282.967628 0.14285714285714285 0.20408163265306123 0.10204081632653061 0.061224489795918366 0.10204081632653061 0.1836734693877551 0.04081632653061224 0.16326530612244897 128.35549636842103 23.603527833333334 397.3608428399999 0.8109756097560976 0.036585365853658534 0.1524390243902439 0.46938775510204084 0.12244897959183673 0.02040816326530612 0.10204081632653061 0.16326530612244897 0.04081632653061224 0.04081632653061224 0.04081632653061224 0.6038961038961039 0.22077922077922077 0.1038961038961039 0.05844155844155844 0.012987012987012988 liyajie 8Сʱ_mousemovements
0 0 0 0 0 0 0 0 0 0 0 0 0 0 0 0 0 0 0 0 0 0 0 0 0 0 0 0 0 0 0 0 0 0 0 0 0 0 0 0 0 0 0 liyajie 8Сʱ_mousemovements
0 560.225952 0 1298.152771 0 0 0 0 557.822449 0 1334.398926 0 0 0 560.225952 2002.236938 0.25 0.0 0.25 0.0 0.0 0.0 0.25 0.25 324.73848466666664 0 278.9112245 0.8571428571428571 0.0 0.14285714285714285 0.0 0.25 0.0 0.75 0.0 0.0 0.0 0.0 0.7692307692307693 0.15384615384615385 0.0 0.07692307692307693 0.0 liyajie 8Сʱ_mousemovements
0 0 0 0 0 0 0 0 0 0 0 0 0 0 0 0 0 0 0 0 0 0 0 0 0 0 0 0 0 0 0 0 0 0 0 0 0 0 0 0 0 0 0 liyajie 8Сʱ_mousemovements
0 0 0 464.936218 674.9354249999999 0 0 0 0 693.801575 0 0 464.936218 0 0 656.069275 0.0 0.3333333333333333 0.0 0.0 0.3333333333333333 0.0 0.0 0.3333333333333333 46.862091071428566 0.0 579.3688965 0.8235294117647058 0.058823529411764705 0.11764705882352941 0.0 0.0 0.0 0.3333333333333333 0.6666666666666666 0.0 0.0 0.0 0.7142857142857143 0.0 0.07142857142857142 0.21428571428571427 0.0 liyajie 8Сʱ_mousemovements
222.19568856 351.00009666666665 814.90423575 770.1501695 1013.1108095 940.3766785 1130.56665 0 613.9224345 267.002967 522.519987 412.1996523333333 492.1032255 390.43320371428575 251.18036025 535.9305511666666 0.1276595744680851 0.10638297872340426 0.14893617021276595 0.1276595744680851 0.0425531914893617 0.14893617021276595 0.1702127659574468 0.1276595744680851 78.2588738125 10.660086249999999 334.39587126666663 0.7901234567901234 0.024691358024691357 0.18518518518518517 0.5319148936170213 0.19148936170212766 0.0851063829787234 0.0851063829787234 0.0425531914893617 0.0425531914893617 0.02127659574468085 0.0 0.6274509803921569 0.20261437908496732 0.1111111111111111 0.0392156862745098 0.0196078431372549 liyajie 8Сʱ_mousemovements
24.262476666666668 0 554.6013184999999 506.541626 1057.980469 2614.617096 1374.255127 1199.424072 0 0 2319.0649823333333 1260.1029055 0 0 428.1182245 1147.19652225 0.0 0.0 0.23076923076923078 0.15384615384615385 0.0 0.0 0.3076923076923077 0.3076923076923077 484.59701628000005 11.441963333333334 725.8816896 0.7575757575757576 0.09090909090909091 0.15151515151515152 0.23076923076923078 0.0 0.15384615384615385 0.07692307692307693 0.07692307692307693 0.3076923076923077 0.07692307692307693 0.07692307692307693 0.6129032258064516 0.12903225806451613 0.16129032258064516 0.0967741935483871 0.0 liyajie 8Сʱ_mousemovements
0 0 0 0 0 0 0 0 0 0 0 0 0 0 0 0 0 0 0 0 0 0 0 0 0 0 0 0 0 0 0 0 0 0 0 0 0 0 0 0 0 0 0 liyajie 8Сʱ_mousemovements
0 0 0 0 0 0 0 0 0 0 0 0 0 0 0 0 0 0 0 0 0 0 0 0 0 0 0 0 0 0 0 0 0 0 0 0 0 0 0 0 0 0 0 liyajie 8Сʱ_mousemovements
