59.762985 354.53691100000003 606.4823 366.446655 383.857941 0 835.926941 0 0 30.04852575 183.6776195 391.808294 37.06682925 433.92091750000003 147.08239442857143 209.098267 0.0 0.17391304347826086 0.08695652173913043 0.13043478260869565 0.17391304347826086 0.08695652173913043 0.30434782608695654 0.043478260869565216 65.28652027586207 10.638298 120.50193 0.9666666666666667 0.016666666666666666 0.016666666666666666 0.7391304347826086 0.08695652173913043 0.043478260869565216 0.043478260869565216 0.043478260869565216 0.0 0.043478260869565216 0.0 0.64 0.12 0.12 0.04 0.08 liyajie 1Сʱ_mousemovements
131.180556375 0 0 0 349.951752 0 0 0 0 110.72285325000001 331.944702 0 42.553192 0 194.0022986666667 0 0.0 0.4444444444444444 0.1111111111111111 0.0 0.1111111111111111 0.0 0.3333333333333333 0.0 53.16712260869566 150.888351 25.664032 0.92 0.04 0.04 0.8888888888888888 0.0 0.0 0.0 0.1111111111111111 0.0 0.0 0.0 0.7647058823529411 0.23529411764705882 0.0 0.0 0.0 liyajie 1Сʱ_mousemovements
46.720116692307684 0 0 0 0 0 0 0 0 42.553192 0 0 42.553192 35.313709 47.160158222222215 62.5 0.0 0.07692307692307693 0.0 0.0 0.07692307692307693 0.07692307692307693 0.6923076923076923 0.07692307692307693 15.983197815789472 0 0 1.0 0.0 0.0 1.0 0.0 0.0 0.0 0.0 0.0 0.0 0.0 0.4411764705882353 0.29411764705882354 0.20588235294117646 0.029411764705882353 0.029411764705882353 liyajie 1Сʱ_mousemovements
66.44018008695652 364.85813900000005 444.33117274999995 0 0 503.607635 0 701.549683 217.27804385714282 195.26028050000002 299.722656 263.051865 169.42249816666666 124.430832 100.65516733333334 116.9583775 0.22580645161290322 0.06451612903225806 0.03225806451612903 0.06451612903225806 0.1935483870967742 0.06451612903225806 0.0967741935483871 0.25806451612903225 59.57231739473682 34.742776666666664 152.14949425 0.9156626506024096 0.03614457831325301 0.04819277108433735 0.7419354838709677 0.06451612903225806 0.12903225806451613 0.0 0.0 0.03225806451612903 0.0 0.03225806451612903 0.5833333333333334 0.2916666666666667 0.06944444444444445 0.05555555555555555 0.0 liyajie 1Сʱ_mousemovements
79.9535255 326.35498 139.990143 517.4415895 424.685699 0 486.841736 0 133.48616 207.91636133333336 193.980536 326.35498 192.51354949999998 16.0 138.1206905 182.6126802 0.05 0.15 0.15 0.05 0.1 0.05 0.2 0.25 61.37656259649122 12.820513 4.0 0.9344262295081968 0.03278688524590164 0.03278688524590164 0.7 0.05 0.05 0.1 0.05 0.0 0.05 0.0 0.64 0.18 0.08 0.08 0.02 liyajie 1Сʱ_mousemovements
30.699287499999997 0 0 0 0 0 0 0 0 18.292683 43.105892 0 0 0 0 0 0.0 0.5 0.5 0.0 0.0 0.0 0.0 0.0 10.233095833333332 0 0 1.0 0.0 0.0 1.0 0.0 0.0 0.0 0.0 0.0 0.0 0.0 0.5 0.25 0.25 0.0 0.0 liyajie 1Сʱ_mousemovements
129.49936758823532 514.357666 324.469025 0 0 473.79657 0 872.665649 0 233.280488625 0 397.695877 0 161.55274975 211.1204856666667 68.33880400000001 0.0 0.36363636363636365 0.0 0.09090909090909091 0.0 0.18181818181818182 0.2727272727272727 0.09090909090909091 56.640068846153845 9.174312 175.67892920000003 0.8253968253968254 0.015873015873015872 0.15873015873015872 0.7727272727272727 0.045454545454545456 0.09090909090909091 0.0 0.0 0.045454545454545456 0.0 0.045454545454545456 0.5833333333333334 0.23333333333333334 0.1 0.03333333333333333 0.05 liyajie 1Сʱ_mousemovements
90.28311490909091 176.488434 279.2776715 574.0861815 0 846.5750323333333 622.611328 1139.365601 330.38142750000003 472.479431 174.48580475 660.186821 704.211609 490.693872 53.81969675 401.822712 0.09090909090909091 0.09090909090909091 0.18181818181818182 0.09090909090909091 0.045454545454545456 0.22727272727272727 0.18181818181818182 0.09090909090909091 59.30525977272726 258.020209 311.2435986 0.8354430379746836 0.0379746835443038 0.12658227848101267 0.5 0.045454545454545456 0.09090909090909091 0.09090909090909091 0.0 0.13636363636363635 0.09090909090909091 0.045454545454545456 0.6164383561643836 0.1780821917808219 0.0958904109589041 0.0821917808219178 0.0273972602739726 liyajie 1Сʱ_mousemovements
0 0 0 0 0 0 0 0 0 0 0 0 0 0 0 0 0 0 0 0 0 0 0 0 0 0 0 0 0 0 0 0 0 0 0 0 0 0 0 0 0 0 0 liyajie 1Сʱ_mousemovements
206.11856833333331 1126.174805 607.744324 0 0 0 0 729.208374 0 628.1539690000001 729.208374 244.111286 0 0 607.744324 0 0.0 0.3333333333333333 0.16666666666666666 0.3333333333333333 0.0 0.0 0.16666666666666666 0.0 89.68874316666668 0 489.02861033333335 0.8571428571428571 0.0 0.14285714285714285 0.5 0.16666666666666666 0.16666666666666666 0.0 0.0 0.0 0.0 0.16666666666666666 0.8235294117647058 0.11764705882352941 0.0 0.058823529411764705 0.0 liyajie 1Сʱ_mousemovements
182.73839952631576 184.1866915 137.348877 0 800.6244810000001 1213.9309385 0 0 926.9477384999999 287.4692009 163.2178535 209.055981 407.203796 404.05417825 102.0614052 0 0.07692307692307693 0.38461538461538464 0.07692307692307693 0.07692307692307693 0.038461538461538464 0.15384615384615385 0.19230769230769232 0.0 94.09821268965516 156.772668 384.41513640000005 0.8656716417910447 0.05970149253731343 0.07462686567164178 0.7307692307692307 0.07692307692307693 0.038461538461538464 0.0 0.07692307692307693 0.07692307692307693 0.0 0.0 0.5423728813559322 0.22033898305084745 0.11864406779661017 0.1016949152542373 0.01694915254237288 liyajie 1Сʱ_mousemovements
36.17199074999999 133.028263 0 904.286743 0 652.458435 0 0 0 48.82355177777779 114.484901 40.0 904.286743 399.3210985 21.448180999999998 15.457846750000002 0.0 0.45 0.05 0.05 0.05 0.1 0.1 0.2 38.56314932258064 10.638298 0 0.9841269841269841 0.015873015873015872 0.0 0.8 0.1 0.0 0.05 0.0 0.05 0.0 0.0 0.6792452830188679 0.18867924528301888 0.09433962264150944 0.03773584905660377 0.0 liyajie 1Сʱ_mousemovements
73.124864 118.180183 637.084412 0 0 0 0 0 33.670033 61.837543749999995 51.567726 66.291168 146.0440905 637.084412 0 79.23077 0.08333333333333333 0.3333333333333333 0.08333333333333333 0.08333333333333333 0.16666666666666666 0.08333333333333333 0.0 0.16666666666666666 53.089758392857156 0 0 1.0 0.0 0.0 0.8333333333333334 0.08333333333333333 0.08333333333333333 0.0 0.0 0.0 0.0 0.0 0.4583333333333333 0.16666666666666666 0.125 0.16666666666666666 0.08333333333333333 liyajie 1Сʱ_mousemovements
87.11283642857143 218.004135 0 0 0 0 0 0 218.004135 195.563599 118.826553 0 69.26276999999999 18.348623 0 0 0.125 0.125 0.125 0.0 0.5 0.125 0.0 0.0 39.41876142857143 0 0 1.0 0.0 0.0 0.875 0.125 0.0 0.0 0.0 0.0 0.0 0.0 0.4666666666666667 0.13333333333333333 0.13333333333333333 0.13333333333333333 0.13333333333333333 liyajie 1Сʱ_mousemovements
115.00556242857144 271.5216266666667 954.277222 0 630.483459 785.997559 980.0935059999999 0 473.46091142857136 90.85137950000001 954.277222 368.337017 408.45389175 359.735672 369.946373 127.0061035 0.2916666666666667 0.16666666666666666 0.041666666666666664 0.08333333333333333 0.16666666666666666 0.08333333333333333 0.08333333333333333 0.08333333333333333 140.402435625 75.7842885 456.72793333333334 0.8135593220338984 0.13559322033898305 0.05084745762711865 0.5833333333333334 0.125 0.041666666666666664 0.0 0.041666666666666664 0.041666666666666664 0.16666666666666666 0.0 0.6206896551724138 0.13793103448275862 0.15517241379310345 0.05172413793103448 0.034482758620689655 liyajie 1Сʱ_mousemovements
289.2150195 0 0 2846.356201 0 0 0 0 0 0 2846.356201 0 398.125458 0 180.304581 0 0.0 0.0 0.3333333333333333 0.0 0.3333333333333333 0.0 0.3333333333333333 0.0 201.45801411764705 0 0 1.0 0.0 0.0 0.6666666666666666 0.0 0.0 0.3333333333333333 0.0 0.0 0.0 0.0 0.8461538461538461 0.15384615384615385 0.0 0.0 0.0 liyajie 1Сʱ_mousemovements
0 0 0 0 0 0 0 0 0 0 0 0 0 0 0 0 0 0 0 0 0 0 0 0 0 0 0 0 0 0 0 0 0 0 0 0 0 0 0 0 0 0 0 liyajie 1Сʱ_mousemovements
0 0 0 0 0 0 0 0 0 0 0 0 0 0 0 0 0 0 0 0 0 0 0 0 0 0 0 0 0 0 0 0 0 0 0 0 0 0 0 0 0 0 0 liyajie 1Сʱ_mousemovements
0 0 0 0 0 0 0 0 0 0 0 0 0 0 0 0 0 0 0 0 0 0 0 0 0 0 0 0 0 0 0 0 0 0 0 0 0 0 0 0 0 0 0 liyajie 1Сʱ_mousemovements
186.781971 222.254456 0 0 0 0 1126.749634 0 0 0 0 0 186.781971 222.254456 1126.749634 0 0.0 0.0 0.0 0.0 0.5 0.25 0.25 0.0 209.72221599999997 32.258064 222.254456 0.7777777777777778 0.1111111111111111 0.1111111111111111 0.5 0.25 0.0 0.0 0.0 0.0 0.25 0.0 0.625 0.125 0.0 0.25 0.0 liyajie 1Сʱ_mousemovements
216.86341218181818 74.7142025 471.1304016666666 0 0 0 1706.296875 1479.907593 755.011124 502.60356383333334 82.041824 0 330.9581553333333 218.590332 68.7167845 204.336334 0.16666666666666666 0.3333333333333333 0.05555555555555555 0.0 0.16666666666666666 0.1111111111111111 0.1111111111111111 0.05555555555555555 141.02375254545453 264.40454066666666 68.131439 0.8979591836734694 0.061224489795918366 0.04081632653061224 0.6111111111111112 0.1111111111111111 0.16666666666666666 0.0 0.0 0.0 0.05555555555555555 0.05555555555555555 0.5 0.3181818181818182 0.11363636363636363 0.045454545454545456 0.022727272727272728 liyajie 1Сʱ_mousemovements
0 0 0 0 0 0 0 0 0 0 0 0 0 0 0 0 0 0 0 0 0 0 0 0 0 0 0 0 0 0 0 0 0 0 0 0 0 0 0 0 0 0 0 liyajie 1Сʱ_mousemovements
0 0 0 0 0 0 0 0 0 0 0 0 0 0 0 0 0 0 0 0 0 0 0 0 0.0 0 0 1.0 0.0 0.0 0 0 0 0 0 0 0 0 0.875 0.125 0.0 0.0 0.0 liyajie 1Сʱ_mousemovements
128.18459957142858 151.885132 0 1241.515503 0 0 0 1479.61853 0 115.19603 479.4241436666667 0 255.454742 0 392.27763179999994 0 0.0 0.1 0.3 0.0 0.1 0.0 0.5 0.0 128.87860246153846 156.41635150000002 53.3174975 0.8666666666666667 0.06666666666666667 0.06666666666666667 0.7 0.1 0.0 0.1 0.0 0.0 0.0 0.1 0.4827586206896552 0.4482758620689655 0.034482758620689655 0.0 0.034482758620689655 liyajie 1Сʱ_mousemovements
271.91989225000003 85.931374 0 0 671.4224855 0 0 0 407.14860749999997 0 460.5138435 0 0 0 0 583.281555 0.4 0.0 0.4 0.0 0.0 0.0 0.0 0.2 153.14608080000002 109.632351 0 0.8823529411764706 0.11764705882352941 0.0 0.5714285714285714 0.14285714285714285 0.0 0.0 0.2857142857142857 0.0 0.0 0.0 0.6666666666666666 0.06666666666666667 0.2 0.0 0.06666666666666667 liyajie 1Сʱ_mousemovements
121.22178908333335 0 0 0 0 0 0 0 0 0 336.908272 95.84553050000001 0 75.268814 55.451176 181.177994 0.0 0.0 0.16666666666666666 0.16666666666666666 0.0 0.08333333333333333 0.5 0.08333333333333333 49.75216148148149 10.638298 50.3574055 0.9 0.03333333333333333 0.06666666666666667 1.0 0.0 0.0 0.0 0.0 0.0 0.0 0.0 0.6666666666666666 0.2222222222222222 0.1111111111111111 0.0 0.0 liyajie 1Сʱ_mousemovements
128.925997 103.327957 389.97496800000005 0 900.703491 0 0 956.904541 371.398224 227.79132679999998 143.14328 67.024162 141.694626 156.69018066666663 561.2137146666668 0 0.0625 0.3125 0.125 0.0625 0.0625 0.1875 0.1875 0.0 56.997184114285716 103.327957 515.21062275 0.875 0.025 0.1 0.6875 0.0625 0.125 0.0 0.0625 0.0 0.0 0.0625 0.5526315789473685 0.3157894736842105 0.05263157894736842 0.07894736842105263 0.0 liyajie 1Сʱ_mousemovements
305.527944 316.863556 0 0 0 0 0 0 0 0 287.754761 0 0 372.8463135 200.0 0 0.0 0.0 0.25 0.0 0.0 0.5 0.25 0.0 147.63534114285716 200.0 0 0.875 0.125 0.0 0.75 0.25 0.0 0.0 0.0 0.0 0.0 0.0 0.42857142857142855 0.42857142857142855 0.14285714285714285 0.0 0.0 liyajie 1Сʱ_mousemovements
0 0 0 0 0 0 0 0 0 0 0 0 0 0 0 0 0 0 0 0 0 0 0 0 0 0 0 0 0 0 0 0 0 0 0 0 0 0 0 0 0 0 0 liyajie 1Сʱ_mousemovements
0 0 0 0 0 0 0 0 0 0 0 0 0 0 0 0 0 0 0 0 0 0 0 0 0 0 0 0 0 0 0 0 0 0 0 0 0 0 0 0 0 0 0 liyajie 1Сʱ_mousemovements
0 0 0 0 0 0 0 0 0 0 0 0 0 0 0 0 0 0 0 0 0 0 0 0 0 0 0 0 0 0 0 0 0 0 0 0 0 0 0 0 0 0 0 liyajie 1Сʱ_mousemovements
0 0 0 0 0 0 0 0 0 0 0 0 0 0 0 0 0 0 0 0 0 0 0 0 0 0 0 0 0 0 0 0 0 0 0 0 0 0 0 0 0 0 0 liyajie 1Сʱ_mousemovements
16.009851 1238.4160615 3516.313232 0 0 0 0 0 0 394.15976 0 0 2799.4927975 0 0 16.009851 0.0 0.25 0.0 0.0 0.5 0.0 0.0 0.25 399.5430236666667 0 16.009851 0.9375 0.0 0.0625 0.25 0.5 0.25 0.0 0.0 0.0 0.0 0.0 0.6666666666666666 0.2 0.06666666666666667 0.0 0.06666666666666667 liyajie 1Сʱ_mousemovements
221.75906961538462 310.796059 473.770447 375.47833249999996 0 0 523.247925 0 457.618571 315.26188933333333 172.9542695 237.22754675000002 286.828766 214.56513425 0 246.94282499999997 0.15789473684210525 0.15789473684210525 0.10526315789473684 0.21052631578947367 0.05263157894736842 0.21052631578947367 0.0 0.10526315789473684 103.92602667441861 63.011455500000004 219.19766733333333 0.8958333333333334 0.041666666666666664 0.0625 0.6842105263157895 0.10526315789473684 0.05263157894736842 0.10526315789473684 0.0 0.0 0.05263157894736842 0.0 0.6818181818181818 0.20454545454545456 0.045454545454545456 0.06818181818181818 0.0 liyajie 1Сʱ_mousemovements
0 0 0 0 0 0 0 0 0 0 0 0 0 0 0 0 0 0 0 0 0 0 0 0 0.0 0 0 1.0 0.0 0.0 0 0 0 0 0 0 0 0 1.0 0.0 0.0 0.0 0.0 liyajie 1Сʱ_mousemovements
0 0 0 0 0 0 0 0 0 0 0 0 0 0 0 0 0 0 0 0 0 0 0 0 0 0 0 0 0 0 0 0 0 0 0 0 0 0 0 0 0 0 0 liyajie 1Сʱ_mousemovements
1548.320557 0 0 0 0 0 0 0 0 0 0 0 0 0 1548.320557 0 0.0 0.0 0.0 0.0 0.0 0.0 1.0 0.0 774.1602785 0 0 1.0 0.0 0.0 1.0 0.0 0.0 0.0 0.0 0.0 0.0 0.0 1.0 0.0 0.0 0.0 0.0 liyajie 1Сʱ_mousemovements
0 0 0 0 0 0 0 0 0 0 0 0 0 0 0 0 0 0 0 0 0 0 0 0 0 0 0 0 0 0 0 0 0 0 0 0 0 0 0 0 0 0 0 liyajie 1Сʱ_mousemovements
0 0 0 0 0 0 0 0 0 0 0 0 0 0 0 0 0 0 0 0 0 0 0 0 0 0 0 0 0 0 0 0 0 0 0 0 0 0 0 0 0 0 0 liyajie 1Сʱ_mousemovements
0 0 0 0 0 0 0 0 0 0 0 0 0 0 0 0 0 0 0 0 0 0 0 0 0 0 0 0 0 0 0 0 0 0 0 0 0 0 0 0 0 0 0 liyajie 1Сʱ_mousemovements
0 0 0 0 0 0 0 0 0 0 0 0 0 0 0 0 0 0 0 0 0 0 0 0 0 0 0 0 0 0 0 0 0 0 0 0 0 0 0 0 0 0 0 liyajie 1Сʱ_mousemovements
216.80365 0 0 0 0 0 0 0 216.80365 0 0 0 0 0 0 0 1.0 0.0 0.0 0.0 0.0 0.0 0.0 0.0 0.0 0 216.80365 0.8 0.0 0.2 1.0 0.0 0.0 0.0 0.0 0.0 0.0 0.0 0.75 0.25 0.0 0.0 0.0 liyajie 1Сʱ_mousemovements
0 0 0 0 0 0 0 0 0 0 0 0 0 0 0 0 0 0 0 0 0 0 0 0 0 0 0 0 0 0 0 0 0 0 0 0 0 0 0 0 0 0 0 liyajie 1Сʱ_mousemovements
98.3667146 184.8572765 379.670349 457.172974 0 796.335205 0 776.59845 299.76407925 0 0 0 786.4668274999999 166.9742165 133.545425 163.00474933333334 0.3333333333333333 0.0 0.0 0.0 0.16666666666666666 0.16666666666666666 0.08333333333333333 0.25 75.46458684615384 63.492062 425.7316895 0.8387096774193549 0.03225806451612903 0.12903225806451613 0.4166666666666667 0.16666666666666666 0.08333333333333333 0.16666666666666666 0.0 0.08333333333333333 0.0 0.08333333333333333 0.6428571428571429 0.10714285714285714 0.10714285714285714 0.10714285714285714 0.03571428571428571 liyajie 1Сʱ_mousemovements
76.71932075000001 0 0 0 0 0 0 0 0 0 0 0 0 141.709236 11.7294055 0 0.0 0.0 0.0 0.0 0.0 0.5 0.5 0.0 23.60594484615385 0 0 1.0 0.0 0.0 1.0 0.0 0.0 0.0 0.0 0.0 0.0 0.0 0.7272727272727273 0.18181818181818182 0.09090909090909091 0.0 0.0 liyajie 1Сʱ_mousemovements
19.7707185 524.086975 504.358948 0 542.742493 0 0 0 524.086975 0 0 542.742493 0 0 19.7707185 504.358948 0.2 0.0 0.0 0.2 0.0 0.0 0.4 0.2 2.8243883571428574 0 523.729472 0.8235294117647058 0.0 0.17647058823529413 0.4 0.2 0.2 0.0 0.2 0.0 0.0 0.0 0.6 0.26666666666666666 0.06666666666666667 0.06666666666666667 0.0 liyajie 1Сʱ_mousemovements
41.55111883333333 206.21467099999998 646.893921 561.078888 0 733.449341 823.121216 773.078796 414.7993596666667 425.536392 790.8227844999999 0 380.112544 86.43637849999999 227.76915075000002 359.036194 0.17647058823529413 0.11764705882352941 0.11764705882352941 0.0 0.17647058823529413 0.11764705882352941 0.23529411764705882 0.058823529411764705 80.72125410416668 77.993988 329.6893475714286 0.8571428571428571 0.017857142857142856 0.125 0.35294117647058826 0.17647058823529413 0.17647058823529413 0.11764705882352941 0.0 0.058823529411764705 0.058823529411764705 0.058823529411764705 0.6326530612244898 0.22448979591836735 0.061224489795918366 0.061224489795918366 0.02040816326530612 liyajie 1Сʱ_mousemovements
102.76234 0 358.8027495 662.8367615 319.172485 0 0 0 373.017792 326.239532 452.776581 0 113.683607 410.82409133333334 18.453678500000002 154.763237 0.11764705882352941 0.058823529411764705 0.058823529411764705 0.0 0.23529411764705882 0.17647058823529413 0.23529411764705882 0.11764705882352941 81.04643038636364 0 14.778325 0.9565217391304348 0.0 0.043478260869565216 0.7058823529411765 0.0 0.11764705882352941 0.11764705882352941 0.058823529411764705 0.0 0.0 0.0 0.5581395348837209 0.23255813953488372 0.11627906976744186 0.046511627906976744 0.046511627906976744 liyajie 1Сʱ_mousemovements
109.25000057142857 0 275.321818 386.694366 0 0 0 0 223.369114 101.910828 69.996193 0 124.16095733333334 167.04051950000002 63.4592685 91.09923666666667 0.23529411764705882 0.058823529411764705 0.11764705882352941 0.0 0.17647058823529413 0.11764705882352941 0.11764705882352941 0.17647058823529413 34.9146105 500.0 213.300041 0.9454545454545454 0.01818181818181818 0.03636363636363636 0.7777777777777778 0.0 0.16666666666666666 0.05555555555555555 0.0 0.0 0.0 0.0 0.6382978723404256 0.1702127659574468 0.10638297872340426 0.0425531914893617 0.0425531914893617 liyajie 1Сʱ_mousemovements
0 0 0 0 0 0 0 0 0 0 0 0 0 0 0 0 0 0 0 0 0 0 0 0 0 0 0 0 0 0 0 0 0 0 0 0 0 0 0 0 0 0 0 liyajie 1Сʱ_mousemovements
219.65410200000002 323.9384398 335.1051825 748.4835203333332 952.924927 0 440.907928 0 293.74529240000004 518.9231566666666 300.08651699999996 0 440.907928 520.98278625 146.5894588 736.586914 0.22727272727272727 0.13636363636363635 0.09090909090909091 0.0 0.045454545454545456 0.18181818181818182 0.22727272727272727 0.09090909090909091 99.32268069230769 172.5008015 312.730819875 0.8125 0.0625 0.125 0.36363636363636365 0.22727272727272727 0.18181818181818182 0.13636363636363635 0.045454545454545456 0.0 0.045454545454545456 0.0 0.6166666666666667 0.16666666666666666 0.11666666666666667 0.08333333333333333 0.016666666666666666 liyajie 1Сʱ_mousemovements
132.407082 0 0 0 0 0 796.442322 0 0 0 0 342.447459 92.3497865 0 0 170.41664866666667 0.0 0.0 0.0 0.375 0.25 0.0 0.0 0.375 42.12952609090909 0 796.442322 0.9565217391304348 0.0 0.043478260869565216 0.875 0.0 0.0 0.0 0.0 0.0 0.125 0.0 0.5454545454545454 0.3181818181818182 0.09090909090909091 0.045454545454545456 0.0 liyajie 1Сʱ_mousemovements
62.636061062500005 119.610771 202.690506 0 318.4118805 0 0 1314.208008 470.20780950000005 101.16659716666668 0 0 96.60480955555556 45.662102 64.95836366666667 0 0.17391304347826086 0.2608695652173913 0.0 0.0 0.391304347826087 0.043478260869565216 0.13043478260869565 0.0 67.13919253846156 0 106.573288 0.9811320754716981 0.0 0.018867924528301886 0.6956521739130435 0.08695652173913043 0.08695652173913043 0.0 0.08695652173913043 0.0 0.0 0.043478260869565216 0.5555555555555556 0.28888888888888886 0.1111111111111111 0.0 0.044444444444444446 liyajie 1Сʱ_mousemovements
101.7669052 431.361633 560.1816405 478.9491885 725.642761 1107.66626 0 0 0 547.889965 441.94585666666666 0 0 407.77898899999997 116.21672880000001 19.391661499999998 0.0 0.23529411764705882 0.17647058823529413 0.0 0.0 0.17647058823529413 0.29411764705882354 0.11764705882352941 109.38359463888888 205.03132399999998 506.3646545 0.9 0.05 0.05 0.5882352941176471 0.058823529411764705 0.11764705882352941 0.11764705882352941 0.058823529411764705 0.058823529411764705 0.0 0.0 0.6176470588235294 0.20588235294117646 0.14705882352941177 0.0 0.029411764705882353 liyajie 1Сʱ_mousemovements
95.45234506250002 202.336609 0 0 0 0 0 1184.706421 109.45477849999999 0 185.672287 95.054024 116.51054700000002 300.6166018 42.553192 57.447498499999995 0.2222222222222222 0.0 0.1111111111111111 0.05555555555555555 0.16666666666666666 0.2777777777777778 0.05555555555555555 0.1111111111111111 58.28561102000001 0 0 1.0 0.0 0.0 0.8888888888888888 0.05555555555555555 0.0 0.0 0.0 0.0 0.0 0.05555555555555555 0.5777777777777777 0.2222222222222222 0.15555555555555556 0.044444444444444446 0.0 liyajie 1Сʱ_mousemovements
92.9320896 273.2900693333333 390.6611023333333 554.1518249999999 0 0 0 0 528.906433 134.8847345 303.929016 0 0 210.297483 398.233083 216.026031 0.07692307692307693 0.15384615384615385 0.07692307692307693 0.0 0.0 0.38461538461538464 0.23076923076923078 0.07692307692307693 108.26961409999998 26.23525066666667 238.023438 0.8823529411764706 0.08823529411764706 0.029411764705882353 0.38461538461538464 0.23076923076923078 0.23076923076923078 0.15384615384615385 0.0 0.0 0.0 0.0 0.5 0.125 0.1875 0.09375 0.09375 liyajie 1Сʱ_mousemovements
150.651751875 0 0 0 0 0 392.061005 0 0 0 392.061005 0 0 202.74664320000002 12.820513 89.33014299999999 0.0 0.0 0.1111111111111111 0.0 0.0 0.5555555555555556 0.1111111111111111 0.2222222222222222 38.95792731707317 0 0 1.0 0.0 0.0 0.8888888888888888 0.0 0.0 0.0 0.0 0.0 0.1111111111111111 0.0 0.6875 0.15625 0.0625 0.03125 0.0625 liyajie 1Сʱ_mousemovements
48.746105799999995 0 0 459.8961025 0 0 0 0 0 647.451965 0 0 64.102562 63.829788 38.599393 272.34024 0.0 0.14285714285714285 0.0 0.0 0.14285714285714285 0.14285714285714285 0.42857142857142855 0.14285714285714285 40.508295181818184 0 272.34024 0.9565217391304348 0.0 0.043478260869565216 0.7142857142857143 0.0 0.0 0.2857142857142857 0.0 0.0 0.0 0.0 0.75 0.2 0.0 0.05 0.0 liyajie 1Сʱ_mousemovements
0 0 0 0 0 0 0 0 0 0 0 0 0 0 0 0 0 0 0 0 0 0 0 0 0 0 0 0 0 0 0 0 0 0 0 0 0 0 0 0 0 0 0 liyajie 1Сʱ_mousemovements
155.279218 240.20608533333333 439.694366 0 0 1311.1591795 650.2125854999999 538.727844 779.4043590000001 243.86382350000002 126.688881 504.960159 318.05127325 360.1453095 66.386169 538.727844 0.15789473684210525 0.21052631578947367 0.10526315789473684 0.10526315789473684 0.21052631578947367 0.10526315789473684 0.05263157894736842 0.05263157894736842 100.41420899999999 452.7814105 208.05048416666668 0.8620689655172413 0.034482758620689655 0.10344827586206896 0.5263157894736842 0.15789473684210525 0.05263157894736842 0.0 0.0 0.10526315789473684 0.10526315789473684 0.05263157894736842 0.52 0.26 0.14 0.06 0.02 liyajie 1Сʱ_mousemovements
144.8324269 271.2400205 427.080505 0 0 781.422546 0 0 125.496031 427.614227 0 332.251038 408.89495633333337 323.617279 124.14120519999999 17.44186 0.14285714285714285 0.07142857142857142 0.0 0.07142857142857142 0.21428571428571427 0.07142857142857142 0.35714285714285715 0.07142857142857142 37.30311029545454 226.46534150000002 552.5199125 0.9166666666666666 0.041666666666666664 0.041666666666666664 0.7142857142857143 0.14285714285714285 0.07142857142857142 0.0 0.0 0.07142857142857142 0.0 0.0 0.5714285714285714 0.21428571428571427 0.09523809523809523 0.11904761904761904 0.0 liyajie 1Сʱ_mousemovements
84.3529364 128.46138200000001 534.221313 0 0 0 0 785.2294919999999 534.221313 245.98573033333332 0 270.710693 490.238207 0 0 86.66737733333333 0.1 0.3 0.0 0.1 0.2 0.0 0.0 0.3 57.93206640740741 53.182652 388.6730993333333 0.8709677419354839 0.03225806451612903 0.0967741935483871 0.5 0.2 0.1 0.0 0.0 0.0 0.0 0.2 0.6923076923076923 0.19230769230769232 0.07692307692307693 0.038461538461538464 0.0 liyajie 1Сʱ_mousemovements
0 0 0 352.9293975 519.453186 0 0 2921.577393 2921.577393 355.891327 0 349.967468 0 519.453186 0 0 0.25 0.25 0.0 0.25 0.0 0.25 0.0 0.0 208.6840995 0 408.43732700000004 0.8235294117647058 0.0 0.17647058823529413 0.0 0.0 0.0 0.5 0.25 0.0 0.0 0.25 0.7333333333333333 0.06666666666666667 0.0 0.06666666666666667 0.13333333333333333 liyajie 1Сʱ_mousemovements
0 0 0 0 0 0 0 0 0 0 0 0 0 0 0 0 0 0 0 0 0 0 0 0 0 0 0 0 0 0 0 0 0 0 0 0 0 0 0 0 0 0 0 liyajie 1Сʱ_mousemovements
106.19975425 0 304.151794 331.442383 885.935059 946.245605 506.05285649999996 0 0 290.72119150000003 131.68665833333333 0 134.8837834 72.17225366666666 500.22612749999996 885.935059 0.0 0.1111111111111111 0.16666666666666666 0.0 0.2777777777777778 0.16666666666666666 0.2222222222222222 0.05555555555555555 47.350844499999994 67.400307 402.33946033333336 0.8727272727272727 0.01818181818181818 0.10909090909090909 0.6666666666666666 0.0 0.05555555555555555 0.05555555555555555 0.05555555555555555 0.05555555555555555 0.1111111111111111 0.0 0.6222222222222222 0.2222222222222222 0.06666666666666667 0.022222222222222223 0.06666666666666667 liyajie 1Сʱ_mousemovements
110.0499943809524 196.497864 222.936905 764.9728956666668 819.8216705 0 0 0 96.16926866666667 524.3836956666667 546.803101 0 607.8369980000001 154.13065225 151.0458306 88.959864 0.10714285714285714 0.10714285714285714 0.03571428571428571 0.0 0.10714285714285714 0.2857142857142857 0.17857142857142858 0.17857142857142858 64.55505318055555 12.658228 501.1061555 0.935064935064935 0.012987012987012988 0.05194805194805195 0.75 0.03571428571428571 0.03571428571428571 0.10714285714285714 0.07142857142857142 0.0 0.0 0.0 0.6470588235294118 0.20588235294117646 0.07352941176470588 0.029411764705882353 0.04411764705882353 liyajie 1Сʱ_mousemovements
134.604657 209.2737885 375.3705595 437.467651 0 3910.906616 522.50116 0 0 641.6045892 2915.8204495 134.6290165 0.0 522.50116 199.12123925 0 0.0 0.3333333333333333 0.13333333333333333 0.13333333333333333 0.06666666666666667 0.06666666666666667 0.26666666666666666 0.0 195.17706508695653 212.820513 324.824395 0.8679245283018868 0.03773584905660377 0.09433962264150944 0.5 0.125 0.125 0.0625 0.0 0.125 0.0625 0.0 0.5869565217391305 0.1956521739130435 0.08695652173913043 0.043478260869565216 0.08695652173913043 liyajie 1Сʱ_mousemovements
75.57412475 288.814038 0 0 0 679.90506 0 876.082581 145.802525 64.1426775 466.1875075 196.879303 33.0321795 517.586782 196.3854253333333 120.28520400000001 0.1 0.1 0.1 0.05 0.1 0.15 0.3 0.1 54.58339874509804 263.22140099999996 319.1640625 0.8947368421052632 0.03508771929824561 0.07017543859649122 0.6 0.25 0.0 0.0 0.0 0.1 0.0 0.05 0.6274509803921569 0.13725490196078433 0.0784313725490196 0.0784313725490196 0.0784313725490196 liyajie 1Сʱ_mousemovements
45.55173366666667 373.0145265 897.7463375 720.730316 554.472717 567.919312 0 0 0 39.27139 709.557373 454.78704566666664 0 18.711826 608.904892 397.9403782 0.0 0.14285714285714285 0.07142857142857142 0.21428571428571427 0.0 0.07142857142857142 0.14285714285714285 0.35714285714285715 134.22177441935486 608.904892 0.0 0.8857142857142857 0.05714285714285714 0.05714285714285714 0.42857142857142855 0.14285714285714285 0.14285714285714285 0.14285714285714285 0.07142857142857142 0.07142857142857142 0.0 0.0 0.4 0.3333333333333333 0.1 0.1 0.06666666666666667 liyajie 1Сʱ_mousemovements
152.30143325000003 315.110016 0 0 369.841766 497.396393 551.64093 1479.789185 237.21117166666667 478.3497018 414.00958249999996 0 0 249.26798275 69.701927 374.59326150000004 0.17647058823529413 0.29411764705882354 0.11764705882352941 0.0 0.0 0.23529411764705882 0.058823529411764705 0.11764705882352941 118.98158300000001 0 306.515354 0.9047619047619048 0.0 0.09523809523809523 0.47058823529411764 0.23529411764705882 0.0 0.0 0.11764705882352941 0.058823529411764705 0.058823529411764705 0.058823529411764705 0.5135135135135135 0.1891891891891892 0.21621621621621623 0.05405405405405406 0.02702702702702703 liyajie 1Сʱ_mousemovements
69.66155079999999 257.854584 589.67041 0 0 354.090179 1211.5841675000001 685.273804 589.67041 1281.60083 0 0 79.230278 558.227834 206.6360092 0 0.09090909090909091 0.09090909090909091 0.0 0.0 0.09090909090909091 0.2727272727272727 0.45454545454545453 0.0 91.88091695 148.927292 685.273804 0.9302325581395349 0.046511627906976744 0.023255813953488372 0.45454545454545453 0.09090909090909091 0.09090909090909091 0.0 0.0 0.09090909090909091 0.18181818181818182 0.09090909090909091 0.5882352941176471 0.11764705882352941 0.14705882352941177 0.029411764705882353 0.11764705882352941 liyajie 1Сʱ_mousemovements
114.85703025000001 277.356617 0 543.3177645000001 636.387512 668.14563 749.15863 0 77.089256 384.6672975 396.4012145 293.3148933333334 186.13009649999998 161.79585720000003 209.91113171428574 196.72943042857145 0.034482758620689655 0.06896551724137931 0.06896551724137931 0.10344827586206896 0.06896551724137931 0.1724137931034483 0.2413793103448276 0.2413793103448276 54.66768228767123 21.742956666666668 355.8463852857143 0.8795180722891566 0.03614457831325301 0.08433734939759036 0.6896551724137931 0.13793103448275862 0.0 0.06896551724137931 0.034482758620689655 0.034482758620689655 0.034482758620689655 0.0 0.5679012345679012 0.16049382716049382 0.12345679012345678 0.1111111111111111 0.037037037037037035 liyajie 1Сʱ_mousemovements
82.99423726666667 411.303345 303.70241799999997 577.656311 0 0 712.858521 0 86.3503415 494.479828 278.6460876666667 134.45164699999998 0.0 246.31764049999998 231.34606549999998 118.3579048 0.08333333333333333 0.08333333333333333 0.125 0.08333333333333333 0.08333333333333333 0.16666666666666666 0.16666666666666666 0.20833333333333334 76.24024361818182 38.46154 179.09043499999999 0.9322033898305084 0.01694915254237288 0.05084745762711865 0.625 0.041666666666666664 0.25 0.041666666666666664 0.0 0.0 0.041666666666666664 0.0 0.5294117647058824 0.19607843137254902 0.11764705882352941 0.0784313725490196 0.0784313725490196 liyajie 1Сʱ_mousemovements
72.96605693103447 548.4443515 288.095261 0 0 360.012543 0 0 57.64300816666667 0 262.07194549999997 234.666603 83.34114333333333 304.135651 150.9544492 104.23479299999998 0.17647058823529413 0.0 0.058823529411764705 0.058823529411764705 0.17647058823529413 0.029411764705882353 0.14705882352941177 0.35294117647058826 40.052243252873566 664.562256 0 0.9886363636363636 0.011363636363636364 0.0 0.8529411764705882 0.058823529411764705 0.058823529411764705 0.0 0.0 0.029411764705882353 0.0 0.0 0.4878048780487805 0.3048780487804878 0.0975609756097561 0.08536585365853659 0.024390243902439025 liyajie 1Сʱ_mousemovements
49.165957666666664 0 0 410.187622 0 346.145233 0 0 27.9816745 410.187622 0 99.343369 346.145233 0 14.184397 62.7523155 0.25 0.125 0.0 0.125 0.125 0.0 0.125 0.25 27.87569473913044 0 410.187622 0.9583333333333334 0.0 0.041666666666666664 0.75 0.0 0.0 0.125 0.0 0.125 0.0 0.0 0.6 0.15 0.1 0.1 0.05 liyajie 1Сʱ_mousemovements
246.04125425 0 0 0 0 0 0 0 201.104111 0 350.34433 0 110.135918 0 0 322.580658 0.25 0.0 0.25 0.0 0.25 0.0 0.0 0.25 123.020627125 0 0 1.0 0.0 0.0 1.0 0.0 0.0 0.0 0.0 0.0 0.0 0.0 0.5 0.3333333333333333 0.16666666666666666 0.0 0.0 liyajie 1Сʱ_mousemovements
152.37354025 91.570732 214.39372250000002 345.923691 198.955688 0 619.4558715000001 0 0 186.0649832 388.79328725 166.1125985 89.0310364 0 182.6896854 303.90758766666664 0.0 0.20833333333333334 0.16666666666666666 0.08333333333333333 0.20833333333333334 0.0 0.20833333333333334 0.125 64.87055246031746 118.50209133333334 215.23285166666668 0.9130434782608695 0.043478260869565216 0.043478260869565216 0.6666666666666666 0.041666666666666664 0.08333333333333333 0.08333333333333333 0.041666666666666664 0.0 0.08333333333333333 0.0 0.5737704918032787 0.22950819672131148 0.11475409836065574 0.04918032786885246 0.03278688524590164 liyajie 1Сʱ_mousemovements
160.7361930769231 0 600.3851625 0 585.693176 0 0 419.909149 109.147064 324.9538155 364.21971125000005 0 0 907.562622 49.25009257142858 413.84817499999997 0.058823529411764705 0.11764705882352941 0.23529411764705882 0.0 0.0 0.058823529411764705 0.4117647058823529 0.11764705882352941 56.95228988461538 41.514682 312.8486805 0.896551724137931 0.034482758620689655 0.06896551724137931 0.7647058823529411 0.0 0.11764705882352941 0.0 0.058823529411764705 0.0 0.0 0.058823529411764705 0.6481481481481481 0.18518518518518517 0.1111111111111111 0.037037037037037035 0.018518518518518517 liyajie 1Сʱ_mousemovements
102.86956153333331 463.41085799999996 299.049164 871.9086305 556.831238 0 0 1031.9876709999999 85.65332933333333 15.873015 512.689615 323.168214 187.98586666666665 286.655989 87.70091818181817 276.8816169 0.07894736842105263 0.02631578947368421 0.13157894736842105 0.07894736842105263 0.07894736842105263 0.05263157894736842 0.2894736842105263 0.2631578947368421 74.17920980851065 45.43262075 217.42933742857144 0.8952380952380953 0.0380952380952381 0.06666666666666667 0.7894736842105263 0.05263157894736842 0.02631578947368421 0.05263157894736842 0.02631578947368421 0.0 0.0 0.05263157894736842 0.6868686868686869 0.1717171717171717 0.09090909090909091 0.050505050505050504 0.0 liyajie 1Сʱ_mousemovements
85.15981550000001 460.131912 501.558075 0 437.015976 1179.7319333333332 0 0 496.978668 157.7718146666667 220.944275 0 0 583.351491 713.174723 276.008396 0.07142857142857142 0.21428571428571427 0.07142857142857142 0.0 0.0 0.21428571428571427 0.2857142857142857 0.14285714285714285 93.31887428125 64.516129 549.2147396666667 0.8205128205128205 0.02564102564102564 0.15384615384615385 0.42857142857142855 0.14285714285714285 0.07142857142857142 0.0 0.14285714285714285 0.21428571428571427 0.0 0.0 0.5 0.3055555555555556 0.1388888888888889 0.0 0.05555555555555555 liyajie 1Сʱ_mousemovements
83.56155461538461 142.77655 0 440.16087866666663 0 663.616801 0 0 314.4035115 310.9232975 174.84332999999998 307.8348593333333 87.326027 531.556641 162.69305871428568 129.415432 0.1 0.1 0.1 0.15 0.05 0.05 0.35 0.1 13.905038212121212 0 452.83465962500003 0.8918918918918919 0.0 0.10810810810810811 0.65 0.05 0.0 0.15 0.0 0.15 0.0 0.0 0.6666666666666666 0.18840579710144928 0.028985507246376812 0.057971014492753624 0.057971014492753624 liyajie 1Сʱ_mousemovements
0 0 0 0 0 0 0 0 0 0 0 0 0 0 0 0 0 0 0 0 0 0 0 0 0 0 0 0 0 0 0 0 0 0 0 0 0 0 0 0 0 0 0 liyajie 1Сʱ_mousemovements
206.87354499999995 253.5685884444445 205.755402 414.442398 548.2440795 0 0 0 275.9835396 431.05235300000004 330.2420045 0 353.4572143333333 137.6910155 195.68798066666668 90.81113933333334 0.19230769230769232 0.15384615384615385 0.15384615384615385 0.0 0.11538461538461539 0.15384615384615385 0.11538461538461539 0.11538461538461539 73.78669730303028 151.896484 234.238710875 0.88 0.013333333333333334 0.10666666666666667 0.46153846153846156 0.34615384615384615 0.038461538461538464 0.07692307692307693 0.07692307692307693 0.0 0.0 0.0 0.47058823529411764 0.19117647058823528 0.07352941176470588 0.16176470588235295 0.10294117647058823 liyajie 1Сʱ_mousemovements
44.9949600625 0 305.730103 247.111053 671.660767 0 0 628.055359 247.111053 0 628.055359 161.7984965 50.5058195 0 136.5162667142857 45.29824742857143 0.05 0.0 0.05 0.1 0.1 0.0 0.35 0.35 46.00813003999999 0 90.69004699999999 0.9433962264150944 0.0 0.05660377358490566 0.8 0.0 0.05 0.05 0.05 0.0 0.0 0.05 0.5625 0.2708333333333333 0.0625 0.10416666666666667 0.0 liyajie 1Сʱ_mousemovements
0 0 0 0 1826.776978 0 0 0 0 0 1826.776978 0 0 0 0 0 0.0 0.0 1.0 0.0 0.0 0.0 0.0 0.0 304.46282966666666 0.0 0 0.8571428571428571 0.14285714285714285 0.0 0.0 0.0 0.0 0.0 1.0 0.0 0.0 0.0 0.6666666666666666 0.3333333333333333 0.0 0.0 0.0 liyajie 1Сʱ_mousemovements
163.995641 300.68638599999997 523.665853 487.892792 0 0 0 0 101.604279 318.44463883333333 318.536346 0 0 200.9327972 299.4876555 129.391695 0.05263157894736842 0.3157894736842105 0.05263157894736842 0.0 0.0 0.2631578947368421 0.21052631578947367 0.10526315789473684 58.0150930909091 582.360352 214.9643312 0.8627450980392157 0.0392156862745098 0.09803921568627451 0.6842105263157895 0.10526315789473684 0.15789473684210525 0.05263157894736842 0.0 0.0 0.0 0.0 0.574468085106383 0.2127659574468085 0.1276595744680851 0.06382978723404255 0.02127659574468085 liyajie 1Сʱ_mousemovements
92.46932041176471 252.0653495 0 685.054688 391.815918 792.2353515 294.134888 0 0 261.5102088 378.7870485 250.91346 132.07135799999998 344.5281784 67.04078439999999 47.548584 0.0 0.20833333333333334 0.08333333333333333 0.08333333333333333 0.08333333333333333 0.20833333333333334 0.20833333333333334 0.125 35.03620892405064 89.743591 434.7962494 0.9294117647058824 0.011764705882352941 0.058823529411764705 0.7083333333333334 0.08333333333333333 0.0 0.041666666666666664 0.041666666666666664 0.08333333333333333 0.041666666666666664 0.0 0.6153846153846154 0.1794871794871795 0.16666666666666666 0.02564102564102564 0.01282051282051282 liyajie 1Сʱ_mousemovements
37.499774714285714 146.832962 200.100037 0 0 691.538086 0 0 69.77701474999999 0.0 0 0 0 0 48.872181 243.247317 0.4 0.1 0.0 0.0 0.0 0.0 0.1 0.4 9.519334534883722 0 445.8190615 0.9555555555555556 0.0 0.044444444444444446 0.7 0.1 0.1 0.0 0.0 0.1 0.0 0.0 0.6410256410256411 0.15384615384615385 0.05128205128205128 0.1282051282051282 0.02564102564102564 liyajie 1Сʱ_mousemovements
139.2725676 0 0 686.035095 648.5349735 940.0384825 790.731506 1174.501343 152.3074773333333 0 1174.501343 687.7462566666667 0 512.4935009999999 70.94748933333334 444.038754 0.17647058823529413 0.0 0.058823529411764705 0.17647058823529413 0.0 0.17647058823529413 0.17647058823529413 0.23529411764705882 106.3418364042553 12.820513 368.37561800000003 0.8703703703703703 0.018518518518518517 0.1111111111111111 0.5882352941176471 0.0 0.0 0.058823529411764705 0.11764705882352941 0.11764705882352941 0.058823529411764705 0.058823529411764705 0.6078431372549019 0.11764705882352941 0.11764705882352941 0.13725490196078433 0.0196078431372549 liyajie 1Сʱ_mousemovements
86.9093365 241.122406 483.11475375 0 1540.7793275 0 573.406311 1349.282837 0 1031.6010536666665 541.845703 573.406311 0 335.78255475000003 387.47098925 192.50864124999998 0.0 0.17647058823529413 0.058823529411764705 0.058823529411764705 0.0 0.23529411764705882 0.23529411764705882 0.23529411764705882 177.04546954054055 271.513466 126.97028624999999 0.8409090909090909 0.06818181818181818 0.09090909090909091 0.47058823529411764 0.058823529411764705 0.23529411764705882 0.0 0.11764705882352941 0.0 0.058823529411764705 0.058823529411764705 0.631578947368421 0.15789473684210525 0.13157894736842105 0.05263157894736842 0.02631578947368421 liyajie 1Сʱ_mousemovements
75.00987875 272.03809099999995 384.16310666666664 510.577484 701.8641356666667 408.302948 0 0 873.52356 222.5970626666667 415.063492 623.077209 133.99016175 139.89653225 191.18359716666666 210.0532725 0.037037037037037035 0.1111111111111111 0.07407407407407407 0.037037037037037035 0.2962962962962963 0.14814814814814814 0.2222222222222222 0.07407407407407407 60.66075989333334 15.873015 271.3007475 0.9146341463414634 0.012195121951219513 0.07317073170731707 0.5925925925925926 0.1111111111111111 0.1111111111111111 0.037037037037037035 0.1111111111111111 0.037037037037037035 0.0 0.0 0.5333333333333333 0.22666666666666666 0.14666666666666667 0.09333333333333334 0.0 liyajie 1Сʱ_mousemovements
162.28068806250005 306.530777 0 572.2411195 0 0 0 0 188.06618400000002 145.17190649999998 0 0 171.99485339999998 338.582428 476.696706 30.467713000000003 0.1 0.2 0.0 0.0 0.25 0.15 0.15 0.15 86.86702171111112 102.04697675 18.415459 0.8823529411764706 0.0784313725490196 0.0392156862745098 0.8 0.1 0.0 0.1 0.0 0.0 0.0 0.0 0.5681818181818182 0.25 0.11363636363636363 0.045454545454545456 0.022727272727272728 liyajie 1Сʱ_mousemovements
174.41166557142856 249.1501845 0 587.598633 490.38147 0 0 0 0 195.116623 587.598633 237.87917299999998 219.00312999999997 0 263.082329 92.432152 0.0 0.09090909090909091 0.09090909090909091 0.18181818181818182 0.2727272727272727 0.0 0.2727272727272727 0.09090909090909091 50.792266210526314 0 173.411203 0.8837209302325582 0.0 0.11627906976744186 0.6363636363636364 0.18181818181818182 0.0 0.09090909090909091 0.09090909090909091 0.0 0.0 0.0 0.55 0.15 0.15 0.1 0.05 liyajie 1Сʱ_mousemovements
124.1030015 276.40831000000003 0 458.173645 624.660278 1072.760254 0 0 0 848.710266 193.959122 207.1458233333333 101.564237 304.7402955 143.861749 97.6046965 0.0 0.11764705882352941 0.058823529411764705 0.17647058823529413 0.17647058823529413 0.11764705882352941 0.23529411764705882 0.11764705882352941 59.072753425531914 108.12846566666666 219.36840139999998 0.8545454545454545 0.05454545454545454 0.09090909090909091 0.7058823529411765 0.11764705882352941 0.0 0.058823529411764705 0.058823529411764705 0.058823529411764705 0.0 0.0 0.62 0.1 0.18 0.06 0.04 liyajie 1Сʱ_mousemovements
160.76513154545455 161.92519950000002 311.40676874999997 0 373.0954435 727.332031 0 0 102.54082299999999 70.69825349999999 394.6275574 159.646225 101.46749133333333 189.51143925 318.71136839999997 0 0.09090909090909091 0.09090909090909091 0.22727272727272727 0.045454545454545456 0.13636363636363635 0.18181818181818182 0.22727272727272727 0.0 79.39626101923076 75.792909 213.76896175000002 0.896551724137931 0.034482758620689655 0.06896551724137931 0.5 0.18181818181818182 0.18181818181818182 0.0 0.09090909090909091 0.045454545454545456 0.0 0.0 0.4583333333333333 0.20833333333333334 0.16666666666666666 0.14583333333333334 0.020833333333333332 liyajie 1Сʱ_mousemovements
94.98139346666667 217.98686200000003 419.0010885 232.957001 0 0 0 0 220.606018 346.9753495 119.57628600000001 419.496033 214.21773900000002 146.804946 101.88154166666665 64.516129 0.08333333333333333 0.16666666666666666 0.08333333333333333 0.041666666666666664 0.16666666666666666 0.16666666666666666 0.25 0.041666666666666664 49.434347457627126 158.09819133333335 304.184271 0.8939393939393939 0.045454545454545456 0.06060606060606061 0.625 0.08333333333333333 0.25 0.041666666666666664 0.0 0.0 0.0 0.0 0.6181818181818182 0.21818181818181817 0.10909090909090909 0.03636363636363636 0.01818181818181818 liyajie 1Сʱ_mousemovements
332.6918206666667 390.166779 255.434143 0 0 0 0 0 105.790184 578.7260285 0 0 0 0 190.2170715 0 0.2 0.4 0.0 0.0 0.0 0.0 0.4 0.0 125.3509605 390.166779 0 0.9090909090909091 0.09090909090909091 0.0 0.6 0.2 0.2 0.0 0.0 0.0 0.0 0.0 0.7 0.0 0.1 0.1 0.1 liyajie 1Сʱ_mousemovements
90.18826874999999 228.4060595 279.94632 0 0 0 0 0 0 279.94632 0 0 0 159.92154200000002 112.60018933333333 0 0.0 0.14285714285714285 0.0 0.0 0.0 0.42857142857142855 0.42857142857142855 0.0 54.504346266666666 0 279.94632 0.9375 0.0 0.0625 0.5714285714285714 0.2857142857142857 0.14285714285714285 0.0 0.0 0.0 0.0 0.0 0.5 0.25 0.0 0.125 0.125 liyajie 1Сʱ_mousemovements
51.99284741666667 384.946289 517.24234 431.064728 633.831543 0 0 0 256.3029325 209.92513720000002 444.56058233333334 203.77592650000003 261.84676 709.275757 109.93264878571429 18.850258999999998 0.06060606060606061 0.15151515151515152 0.09090909090909091 0.06060606060606061 0.06060606060606061 0.030303030303030304 0.42424242424242425 0.12121212121212122 56.65871568181819 194.112625 291.29384600000003 0.946236559139785 0.03225806451612903 0.021505376344086023 0.7272727272727273 0.030303030303030304 0.09090909090909091 0.030303030303030304 0.12121212121212122 0.0 0.0 0.0 0.5517241379310345 0.26436781609195403 0.05747126436781609 0.09195402298850575 0.034482758620689655 liyajie 1Сʱ_mousemovements
82.90306242105262 248.33571179999998 0 0 304.282471 527.398499 864.3197324999999 0 259.549411 300.673653 0 658.701111 119.5501625 352.8776645 83.00956724999999 86.317959 0.17857142857142858 0.07142857142857142 0.0 0.03571428571428571 0.07142857142857142 0.14285714285714285 0.42857142857142855 0.07142857142857142 73.6538500597015 53.03918075 115.0962515 0.9178082191780822 0.0547945205479452 0.0273972602739726 0.6785714285714286 0.17857142857142858 0.0 0.0 0.03571428571428571 0.03571428571428571 0.07142857142857142 0.0 0.6567164179104478 0.16417910447761194 0.05970149253731343 0.04477611940298507 0.07462686567164178 liyajie 1Сʱ_mousemovements
85.30332181818181 344.035461 302.2213555 503.164978 644.123535 1019.8048097500001 573.441711 0 72.642845 368.807598 622.3760476666666 797.26548 42.119565 344.035461 244.72216233333336 379.5598665 0.047619047619047616 0.09523809523809523 0.14285714285714285 0.09523809523809523 0.09523809523809523 0.047619047619047616 0.2857142857142857 0.19047619047619047 138.7464090416667 12.820513 507.058014 0.9411764705882353 0.0196078431372549 0.0392156862745098 0.5238095238095238 0.047619047619047616 0.09523809523809523 0.047619047619047616 0.047619047619047616 0.19047619047619047 0.047619047619047616 0.0 0.6458333333333334 0.14583333333333334 0.10416666666666667 0.08333333333333333 0.020833333333333332 liyajie 1Сʱ_mousemovements
116.35437381818183 258.371094 879.7594300000001 668.809814 0 0 0 0 124.395622 37.234043 465.44960033333336 668.809814 586.716217 83.87436433333333 9.574468 258.371094 0.06666666666666667 0.13333333333333333 0.2 0.06666666666666667 0.13333333333333333 0.2 0.13333333333333333 0.06666666666666667 96.23821064102565 21.276596 56.91815766666667 0.8863636363636364 0.045454545454545456 0.06818181818181818 0.7333333333333333 0.06666666666666667 0.13333333333333333 0.06666666666666667 0.0 0.0 0.0 0.0 0.5116279069767442 0.3023255813953488 0.11627906976744186 0.06976744186046512 0.0 liyajie 1Сʱ_mousemovements
314.172729 0 0 0 0 0 0 0 0 314.172729 0 0 0 0 0 0 0.0 1.0 0.0 0.0 0.0 0.0 0.0 0.0 157.0863645 0 0 1.0 0.0 0.0 1.0 0.0 0.0 0.0 0.0 0.0 0.0 0.0 1.0 0.0 0.0 0.0 0.0 liyajie 1Сʱ_mousemovements
0 0 0 0 0 0 0 0 0 0 0 0 0 0 0 0 0 0 0 0 0 0 0 0 0 0 0 0 0 0 0 0 0 0 0 0 0 0 0 0 0 0 0 liyajie 1Сʱ_mousemovements
0 0 0 0 0 0 0 0 0 0 0 0 0 0 0 0 0 0 0 0 0 0 0 0 0 0 0 0 0 0 0 0 0 0 0 0 0 0 0 0 0 0 0 liyajie 1Сʱ_mousemovements
49.10794725 366.184387 0 282.170898 1826.307251 305.835266 794.621582 468.088806 468.088806 0 0 1310.4644165 54.724574999999994 0 234.75923899999998 282.170898 0.1 0.0 0.0 0.2 0.3 0.0 0.3 0.1 94.64229963636363 0 372.14803033333334 0.9166666666666666 0.0 0.08333333333333333 0.4 0.1 0.0 0.1 0.1 0.1 0.1 0.1 0.7419354838709677 0.12903225806451613 0.0967741935483871 0.0 0.03225806451612903 liyajie 1Сʱ_mousemovements
78.1443892857143 295.409991 450.513367 0 0 1211.31543 0 367.469849 174.652054 173.07912449999998 488.9818725 189.11539466666667 54.130373999999996 1211.31543 60.713902 16.129032 0.07692307692307693 0.15384615384615385 0.15384615384615385 0.23076923076923078 0.15384615384615385 0.07692307692307693 0.07692307692307693 0.07692307692307693 90.77960346666667 8.064516 180.755552 0.8333333333333334 0.05555555555555555 0.1111111111111111 0.5384615384615384 0.23076923076923078 0.07692307692307693 0.0 0.0 0.07692307692307693 0.0 0.07692307692307693 0.59375 0.1875 0.125 0.0625 0.03125 liyajie 1Сʱ_mousemovements
64.85189536000001 0 156.645569 228.2276 0 937.834045 0 0 103.405733 59.30513080000001 937.834045 75.559868 32.258064 0 108.67955674999999 42.4828595 0.2857142857142857 0.17857142857142858 0.03571428571428571 0.03571428571428571 0.03571428571428571 0.0 0.14285714285714285 0.2857142857142857 37.719124972222225 0 228.2276 0.9863013698630136 0.0 0.0136986301369863 0.8928571428571429 0.0 0.03571428571428571 0.03571428571428571 0.0 0.03571428571428571 0.0 0.0 0.6417910447761194 0.13432835820895522 0.16417910447761194 0.04477611940298507 0.014925373134328358 liyajie 1Сʱ_mousemovements
0 0 0 0 0 0 0 0 0 0 0 0 0 0 0 0 0 0 0 0 0 0 0 0 0 0 0 0 0 0 0 0 0 0 0 0 0 0 0 0 0 0 0 liyajie 1Сʱ_mousemovements
0 0 0 0 0 0 0 0 0 0 0 0 0 0 0 0 0 0 0 0 0 0 0 0 0 0 0 0 0 0 0 0 0 0 0 0 0 0 0 0 0 0 0 liyajie 1Сʱ_mousemovements
0 0 0 0 0 0 0 0 0 0 0 0 0 0 0 0 0 0 0 0 0 0 0 0 0 0 0 0 0 0 0 0 0 0 0 0 0 0 0 0 0 0 0 liyajie 1Сʱ_mousemovements
0 0 0 0 0 0 0 0 0 0 0 0 0 0 0 0 0 0 0 0 0 0 0 0 0 0 0 0 0 0 0 0 0 0 0 0 0 0 0 0 0 0 0 liyajie 1Сʱ_mousemovements
102.69343721428572 343.368342 0 0 0 0 0 0 24.214281 144.339975 0 274.1011505 209.13993333333335 104.97056 125.5592825 16.0 0.058823529411764705 0.11764705882352941 0.0 0.11764705882352941 0.17647058823529413 0.11764705882352941 0.35294117647058826 0.058823529411764705 50.14642548979592 5.319149 0 0.9607843137254902 0.0392156862745098 0.0 0.8235294117647058 0.17647058823529413 0.0 0.0 0.0 0.0 0.0 0.0 0.6326530612244898 0.14285714285714285 0.16326530612244897 0.061224489795918366 0.0 liyajie 1Сʱ_mousemovements
0 0 385.588959 0 0 0 0 0 0 385.588959 0 0 0 0 0 0 0.0 1.0 0.0 0.0 0.0 0.0 0.0 0.0 42.84321766666667 0 0 1.0 0.0 0.0 0.0 0.0 1.0 0.0 0.0 0.0 0.0 0.0 0.7142857142857143 0.14285714285714285 0.0 0.14285714285714285 0.0 liyajie 1Сʱ_mousemovements
0 0 0 0 0 0 0 0 0 0 0 0 0 0 0 0 0 0 0 0 0 0 0 0 0 0 0 0 0 0 0 0 0 0 0 0 0 0 0 0 0 0 0 liyajie 1Сʱ_mousemovements
110.55326799999999 419.4014314 0 566.781311 0 0 1064.290405 0 262.0963935 316.60804750000005 0 261.782555 141.3590545 1064.290405 133.97085950000002 133.29211228571427 0.18181818181818182 0.18181818181818182 0.0 0.09090909090909091 0.09090909090909091 0.045454545454545456 0.09090909090909091 0.3181818181818182 91.33343069230772 10.638298 313.20059949999995 0.9454545454545454 0.01818181818181818 0.03636363636363636 0.6818181818181818 0.22727272727272727 0.0 0.045454545454545456 0.0 0.0 0.045454545454545456 0.0 0.5384615384615384 0.23076923076923078 0.15384615384615385 0.057692307692307696 0.019230769230769232 liyajie 1Сʱ_mousemovements
64.75479588888889 261.91214 1402.178101 473.527466 0 0 0 0 473.527466 0 0 66.41394 395.698552 0.0 44.070513 56.917839 0.08333333333333333 0.0 0.0 0.08333333333333333 0.4166666666666667 0.08333333333333333 0.16666666666666666 0.16666666666666666 55.912569525 0 241.9540445 0.9523809523809523 0.0 0.047619047619047616 0.75 0.08333333333333333 0.08333333333333333 0.08333333333333333 0.0 0.0 0.0 0.0 0.5526315789473685 0.2631578947368421 0.13157894736842105 0.0 0.05263157894736842 liyajie 1Сʱ_mousemovements
92.29298575000001 135.955795 0 880.618652 400.615356 0 0 1002.665344 112.4682235 880.618652 0 0 111.75633766666665 217.47705299999998 43.010754 510.966504 0.16666666666666666 0.08333333333333333 0.0 0.0 0.25 0.25 0.08333333333333333 0.16666666666666666 55.653503411764696 43.010754 305.74229075 0.8717948717948718 0.02564102564102564 0.10256410256410256 0.6666666666666666 0.08333333333333333 0.0 0.08333333333333333 0.08333333333333333 0.0 0.0 0.08333333333333333 0.5142857142857142 0.2 0.17142857142857143 0.08571428571428572 0.02857142857142857 liyajie 1Сʱ_mousemovements
75.61770019999999 0 297.139557 741.123352 0 0 511.919281 0 102.974831 0 741.123352 200.302414 0 0 24.937085333333332 404.529419 0.125 0.0 0.125 0.125 0.0 0.0 0.375 0.25 56.59838159259258 0 200.057194 0.9310344827586207 0.0 0.06896551724137931 0.625 0.0 0.125 0.125 0.0 0.0 0.125 0.0 0.5769230769230769 0.11538461538461539 0.19230769230769232 0.038461538461538464 0.07692307692307693 liyajie 1Сʱ_mousemovements
0 0 0 0 0 0 0 0 0 0 0 0 0 0 0 0 0 0 0 0 0 0 0 0 0 0 0 0 0 0 0 0 0 0 0 0 0 0 0 0 0 0 0 liyajie 1Сʱ_mousemovements
