341.8316325 0 0 929.3629455 0 0 0 0 638.578735 0 770.83136 45.08453 0 0 1087.894531 0 0.25 0.0 0.25 0.25 0.0 0.0 0.25 0.0 207.78494642857143 1087.894531 0 0.875 0.125 0.0 0.5 0.0 0.0 0.5 0.0 0.0 0.0 0.0 0.3333333333333333 0.5 0.16666666666666666 0.0 0.0 wanghe 6Сʱ_mousemovements
151.6465 0 0 0 2809.274658 0 0 0 0 0 0 1480.4605789999998 0 0 0 0 0.0 0.0 0.0 1.0 0.0 0.0 0.0 0.0 370.11514474999996 0 0 1.0 0.0 0.0 0.5 0.0 0.0 0.0 0.5 0.0 0.0 0.0 0.8333333333333334 0.16666666666666666 0.0 0.0 0.0 wanghe 6Сʱ_mousemovements
0 0 0 0 0 0 0 0 0 0 0 0 0 0 0 0 0 0 0 0 0 0 0 0 0 0 0 0 0 0 0 0 0 0 0 0 0 0 0 0 0 0 0 wanghe 6Сʱ_mousemovements
0 0 0 0 0 0 0 0 0 0 0 0 0 0 0 0 0 0 0 0 0 0 0 0 0 0 0 0 0 0 0 0 0 0 0 0 0 0 0 0 0 0 0 wanghe 6Сʱ_mousemovements
157.77750283333333 198.012192 0 0 1655.470093 0 0 0 177.493561 35.8428435 0 587.81284725 163.831131 157.596054 170.16901383333334 199.964798 0.0625 0.125 0.0 0.25 0.0625 0.0625 0.375 0.0625 80.82045534042554 0 86.06882549999999 0.9215686274509803 0.0 0.0784313725490196 0.75 0.1875 0.0 0.0 0.0625 0.0 0.0 0.0 0.6829268292682927 0.12195121951219512 0.07317073170731707 0.07317073170731707 0.04878048780487805 wanghe 6Сʱ_mousemovements
91.78353166666666 0 436.2960665 218.505432 1509.690674 0 0 0 0 325.176117 218.505432 175.65812375000002 52.526596 290.431519 0 1509.690674 0.0 0.1 0.1 0.4 0.2 0.1 0.0 0.1 131.31205954166663 0 0 1.0 0.0 0.0 0.6 0.0 0.2 0.1 0.1 0.0 0.0 0.0 0.6428571428571429 0.21428571428571427 0.07142857142857142 0.0 0.07142857142857142 wanghe 6Сʱ_mousemovements
103.99571223529412 366.611969 630.4485962000001 422.5442355 640.41164375 874.4799805 948.988831 0 1148.04187 506.6530783333333 0 87.24246733333335 286.0683212 641.65952275 244.9144328888889 221.43610600000002 0.030303030303030304 0.18181818181818182 0.0 0.09090909090909091 0.15151515151515152 0.12121212121212122 0.2727272727272727 0.15151515151515152 105.79873030337077 9.174312 333.259508 0.9175257731958762 0.010309278350515464 0.07216494845360824 0.5151515151515151 0.06060606060606061 0.15151515151515152 0.06060606060606061 0.12121212121212122 0.06060606060606061 0.030303030303030304 0.0 0.6329113924050633 0.189873417721519 0.05063291139240506 0.08860759493670886 0.0379746835443038 wanghe 6Сʱ_mousemovements
137.43310069230768 421.66288375 669.4638192857143 546.383301 0 1013.2832133333333 0 789.746887 504.067149 489.0481112727273 327.68185616666665 206.8390426 231.18016680000005 290.74073142857145 496.5198481428571 632.0043486666667 0.06382978723404255 0.23404255319148937 0.1276595744680851 0.10638297872340426 0.10638297872340426 0.14893617021276595 0.14893617021276595 0.06382978723404255 109.8086928211382 772.5545025 185.80677310000002 0.8978102189781022 0.029197080291970802 0.072992700729927 0.5531914893617021 0.0851063829787234 0.14893617021276595 0.06382978723404255 0.0 0.1276595744680851 0.0 0.02127659574468085 0.488 0.288 0.112 0.056 0.056 wanghe 6Сʱ_mousemovements
0 551.526901 0 0 0 0 0 0 0 0 0 623.915161 0 479.138641 0 0 0.0 0.0 0.0 0.5 0.0 0.5 0.0 0.0 183.84230033333333 0 0 1.0 0.0 0.0 0.0 1.0 0.0 0.0 0.0 0.0 0.0 0.0 0.3333333333333333 0.6666666666666666 0.0 0.0 0.0 wanghe 6Сʱ_mousemovements
151.087126 429.588894 0 0 1316.424072 1084.9724735 987.331299 675.981445 401.2948885 0 695.5969505 247.100342 431.98033150000003 0 1224.136475 966.5698855 0.2 0.0 0.2 0.1 0.2 0.0 0.1 0.2 248.28063122222224 439.029374 675.981445 0.8181818181818182 0.13636363636363635 0.045454545454545456 0.3 0.2 0.0 0.0 0.1 0.2 0.1 0.1 0.4444444444444444 0.3888888888888889 0.1111111111111111 0.05555555555555555 0.0 wanghe 6Сʱ_mousemovements
187.57122579999995 205.7960395 864.2824605000001 745.5841525000001 465.68606580000005 640.082642 0 0 107.412151 310.16390400000006 598.6995727999999 590.041626 151.6852695 328.22272833333335 456.94419625000006 428.004364 0.046511627906976744 0.2558139534883721 0.11627906976744186 0.023255813953488372 0.13953488372093023 0.20930232558139536 0.18604651162790697 0.023255813953488372 109.69989597247708 297.1232834 285.82262733333334 0.9083333333333333 0.041666666666666664 0.05 0.5813953488372093 0.09302325581395349 0.13953488372093023 0.046511627906976744 0.11627906976744186 0.023255813953488372 0.0 0.0 0.5370370370370371 0.14814814814814814 0.12962962962962962 0.07407407407407407 0.1111111111111111 wanghe 6Сʱ_mousemovements
164.78596824999997 556.9286143333334 742.9862213333332 855.94873 603.015991 628.20813 0 0 603.015991 521.2445578333334 372.8822173333333 496.196838 470.511871 444.32280149999997 337.37608424999996 140.07823375 0.03571428571428571 0.21428571428571427 0.10714285714285714 0.03571428571428571 0.03571428571428571 0.14285714285714285 0.2857142857142857 0.14285714285714285 136.59641505555558 559.4758855 412.78051966666663 0.8852459016393442 0.06557377049180328 0.04918032786885246 0.5714285714285714 0.10714285714285714 0.21428571428571427 0.03571428571428571 0.03571428571428571 0.03571428571428571 0.0 0.0 0.5098039215686274 0.3137254901960784 0.09803921568627451 0.0392156862745098 0.0392156862745098 wanghe 6Сʱ_mousemovements
210.57452354545455 0 384.007065 0 1040.032715 0 0 641.791931 431.017891 88.679968 516.865967 41.724525 366.277987 228.791153 0 386.03864300000004 0.23529411764705882 0.11764705882352941 0.11764705882352941 0.058823529411764705 0.17647058823529413 0.17647058823529413 0.0 0.11764705882352941 87.97324876785714 0 121.53414679999999 0.9180327868852459 0.0 0.08196721311475409 0.6470588235294118 0.0 0.23529411764705882 0.0 0.058823529411764705 0.0 0.0 0.058823529411764705 0.44 0.26 0.16 0.12 0.02 wanghe 6Сʱ_mousemovements
83.874373 446.423187 381.192078 573.549316 0 0 0 0 446.423187 97.462646 0 77.0802365 0 0 573.549316 381.192078 0.16666666666666666 0.16666666666666666 0.0 0.3333333333333333 0.0 0.0 0.16666666666666666 0.16666666666666666 5.315878379310345 0 374.65680675 0.8787878787878788 0.0 0.12121212121212122 0.5 0.16666666666666666 0.16666666666666666 0.16666666666666666 0.0 0.0 0.0 0.0 0.5 0.28125 0.15625 0.03125 0.03125 wanghe 6Сʱ_mousemovements
144.45497316666666 582.24292 520.9463195 1174.802368 839.453613 2202.127197 0 0 839.453613 2202.127197 476.6014693999999 99.58182125 57.513298 354.44196780000004 446.069458 0 0.05263157894736842 0.05263157894736842 0.2631578947368421 0.21052631578947367 0.10526315789473684 0.2631578947368421 0.05263157894736842 0.0 154.60297581818182 446.069458 453.8104705 0.9361702127659575 0.02127659574468085 0.0425531914893617 0.631578947368421 0.10526315789473684 0.10526315789473684 0.05263157894736842 0.05263157894736842 0.05263157894736842 0.0 0.0 0.5428571428571428 0.22857142857142856 0.14285714285714285 0.02857142857142857 0.05714285714285714 wanghe 6Сʱ_mousemovements
215.5033465185185 491.2889175 304.1869735 0 597.1874085 666.5362140000001 0 1308.963745 328.0595734 283.54874225 253.0162275 160.947571 304.5761375 267.9979567272727 460.108902 524.7983145 0.1282051282051282 0.10256410256410256 0.05128205128205128 0.02564102564102564 0.20512820512820512 0.28205128205128205 0.05128205128205128 0.15384615384615385 103.80410512962962 0 240.60340328571428 0.9391304347826087 0.0 0.06086956521739131 0.6923076923076923 0.10256410256410256 0.05128205128205128 0.0 0.05128205128205128 0.07692307692307693 0.0 0.02564102564102564 0.5148514851485149 0.24752475247524752 0.09900990099009901 0.0891089108910891 0.04950495049504951 wanghe 6Сʱ_mousemovements
185.77148295652174 422.444824 706.069092 682.5175170000001 735.6675415 551.494568 1211.142456 1176.323975 477.45778333333334 601.2499728 167.54049533333333 362.51968400000004 314.119612 347.7593128 815.521423 162.2959884 0.08571428571428572 0.14285714285714285 0.08571428571428572 0.08571428571428572 0.14285714285714285 0.2857142857142857 0.02857142857142857 0.14285714285714285 121.17992354455446 0 58.103003375 0.926605504587156 0.0 0.07339449541284404 0.6571428571428571 0.08571428571428572 0.02857142857142857 0.08571428571428572 0.05714285714285714 0.02857142857142857 0.02857142857142857 0.02857142857142857 0.4675324675324675 0.2987012987012987 0.12987012987012986 0.07792207792207792 0.025974025974025976 wanghe 6Сʱ_mousemovements
229.40978900000002 248.349613 506.0716982 730.8218893333333 704.2053525 0 378.54834 0 440.13379275 227.433174 252.8751158 113.70388 592.6711124999999 407.1247676153846 213.235275 407.358215 0.12121212121212122 0.15151515151515152 0.15151515151515152 0.030303030303030304 0.06060606060606061 0.3939393939393939 0.030303030303030304 0.06060606060606061 101.63548375581394 0 337.89386733333333 0.9052631578947369 0.0 0.09473684210526316 0.5151515151515151 0.12121212121212122 0.15151515151515152 0.09090909090909091 0.06060606060606061 0.0 0.06060606060606061 0.0 0.4634146341463415 0.2073170731707317 0.18292682926829268 0.12195121951219512 0.024390243902439025 wanghe 6Сʱ_mousemovements
124.69339104000001 552.606888 802.339752 711.3003233333334 674.46698 716.71344 718.15802 0 512.83406625 169.07652916666666 387.177086 403.13794699999994 11.684331666666665 307.58710740000004 142.99594442857145 618.7650145 0.11428571428571428 0.17142857142857143 0.05714285714285714 0.17142857142857143 0.08571428571428572 0.14285714285714285 0.2 0.05714285714285714 100.24881768131868 97.26226333333334 60.70857949999999 0.883495145631068 0.05825242718446602 0.05825242718446602 0.7142857142857143 0.05714285714285714 0.05714285714285714 0.08571428571428572 0.02857142857142857 0.02857142857142857 0.02857142857142857 0.0 0.5851063829787234 0.20212765957446807 0.0851063829787234 0.09574468085106383 0.031914893617021274 wanghe 6Сʱ_mousemovements
167.54288709523811 676.4819795000001 335.12680880000005 598.2652344 0 0 0 1189.1651914999998 525.9154550000001 478.750536 423.32070079999994 242.96452099999996 45.5440425 288.8462151666667 285.76117700000003 265.7208556666667 0.13513513513513514 0.21621621621621623 0.13513513513513514 0.13513513513513514 0.05405405405405406 0.16216216216216217 0.08108108108108109 0.08108108108108109 113.61186755319149 114.32593166666668 224.71258010000003 0.8785046728971962 0.028037383177570093 0.09345794392523364 0.5675675675675675 0.10810810810810811 0.13513513513513514 0.13513513513513514 0.0 0.0 0.0 0.05405405405405406 0.4787234042553192 0.30851063829787234 0.10638297872340426 0.0851063829787234 0.02127659574468085 wanghe 6Сʱ_mousemovements
0 0 0 456.370667 0 708.353271 750.181091 0 0 0 0 708.353271 0 456.370667 0 750.181091 0.0 0.0 0.0 0.3333333333333333 0.0 0.3333333333333333 0.0 0.3333333333333333 0.0 0 638.3016763333334 0.8846153846153846 0.0 0.11538461538461539 0.0 0.0 0.0 0.3333333333333333 0.0 0.3333333333333333 0.3333333333333333 0.0 0.6666666666666666 0.125 0.041666666666666664 0.125 0.041666666666666664 wanghe 6Сʱ_mousemovements
0 0 0 0 0 0 0 0 0 0 0 0 0 0 0 0 0 0 0 0 0 0 0 0 0.0 0 0 1.0 0.0 0.0 0 0 0 0 0 0 0 0 1.0 0.0 0.0 0.0 0.0 wanghe 6Сʱ_mousemovements
0 0 0 0 0 0 0 0 0 0 0 0 0 0 0 0 0 0 0 0 0 0 0 0 0 0 0 0 0 0 0 0 0 0 0 0 0 0 0 0 0 0 0 wanghe 6Сʱ_mousemovements
112.54096159999999 497.782715 471.14608799999996 0 0 0 0 0 0 259.59714533333334 272.1251985 277.83930999999995 115.5482715 137.255717 0 346.48859666666664 0.0 0.2 0.13333333333333333 0.13333333333333333 0.13333333333333333 0.2 0.0 0.2 53.22095585365854 162.64531233333335 178.21096200000002 0.8367346938775511 0.061224489795918366 0.10204081632653061 0.6666666666666666 0.2 0.13333333333333333 0.0 0.0 0.0 0.0 0.0 0.5555555555555556 0.2 0.2 0.044444444444444446 0.0 wanghe 6Сʱ_mousemovements
133.17399991666665 1053.7563599999999 0 622.973389 0 0 0 1816.666382 220.3621055 925.34285 0 659.1330783333334 1270.07605 108.32489050000001 62.5 72.5041485 0.21052631578947367 0.15789473684210525 0.0 0.3157894736842105 0.05263157894736842 0.10526315789473684 0.05263157894736842 0.10526315789473684 140.33322270967741 5.319149 120.10612259999998 0.9117647058823529 0.014705882352941176 0.07352941176470588 0.631578947368421 0.2631578947368421 0.0 0.05263157894736842 0.0 0.0 0.0 0.05263157894736842 0.5901639344262295 0.19672131147540983 0.18032786885245902 0.01639344262295082 0.01639344262295082 wanghe 6Сʱ_mousemovements
225.5221626 429.1396485 629.506027 831.955627 375.620758 0 0 0 723.850952 173.8657685 0 0 29.341112000000003 375.620758 590.0743468 427.2503205 0.07692307692307693 0.15384615384615385 0.0 0.0 0.15384615384615385 0.07692307692307693 0.38461538461538464 0.15384615384615385 185.521048375 429.1263425 0 0.9230769230769231 0.07692307692307693 0.0 0.38461538461538464 0.3076923076923077 0.15384615384615385 0.07692307692307693 0.07692307692307693 0.0 0.0 0.0 0.3 0.45 0.15 0.0 0.1 wanghe 6Сʱ_mousemovements
199.79401124999998 0 0 0 0 0 0 0 46.959721 328.29675299999997 0 95.622818 0 0 0 0 0.25 0.5 0.0 0.25 0.0 0.0 0.0 0.0 99.89700562499999 0 0 1.0 0.0 0.0 1.0 0.0 0.0 0.0 0.0 0.0 0.0 0.0 0.8 0.2 0.0 0.0 0.0 wanghe 6Сʱ_mousemovements
98.77246 139.442947 591.3039956666667 40.335896 728.6253055 631.5927429999999 0 0 740.9172060000001 205.2031202 117.480316 404.5343395 173.28667071428572 303.53215166666666 191.858414 3.428571 0.08 0.2 0.08 0.08 0.28 0.12 0.12 0.04 67.06190756521738 49.58973225 476.2852453333333 0.9078947368421053 0.05263157894736842 0.039473684210526314 0.64 0.04 0.12 0.04 0.08 0.08 0.0 0.0 0.5 0.25757575757575757 0.15151515151515152 0.030303030303030304 0.06060606060606061 wanghe 6Сʱ_mousemovements
115.399082625 132.6861495 586.4180299999999 755.8866575999999 1096.3250326666666 227.921921 1480.712372 0 424.5113355 125.72193666666665 435.051825 405.99170166666664 488.0261993333333 390.229187 1442.4534913333334 601.12078275 0.08333333333333333 0.125 0.20833333333333334 0.125 0.125 0.041666666666666664 0.125 0.16666666666666666 129.86115337931034 905.8645036 572.1523434999999 0.8923076923076924 0.07692307692307693 0.03076923076923077 0.3333333333333333 0.08333333333333333 0.125 0.20833333333333334 0.125 0.041666666666666664 0.08333333333333333 0.0 0.46296296296296297 0.3333333333333333 0.1111111111111111 0.05555555555555555 0.037037037037037035 wanghe 6Сʱ_mousemovements
101.15463279166664 318.9689026666667 0 0 0 0 0 1840.485962 405.58894333333336 125.363698 0 220.06378629999995 34.9444374 560.028503 522.135193 0 0.10714285714285714 0.10714285714285714 0.0 0.35714285714285715 0.35714285714285715 0.03571428571428571 0.03571428571428571 0.0 73.59301207042252 0 0 1.0 0.0 0.0 0.8571428571428571 0.10714285714285714 0.0 0.0 0.0 0.0 0.0 0.03571428571428571 0.6666666666666666 0.25396825396825395 0.015873015873015872 0.047619047619047616 0.015873015873015872 wanghe 6Сʱ_mousemovements
