148.459426875 0 612.3994343333334 435.5014955 569.503001 1597.861572 852.96167 1204.9012754999999 722.93730925 429.814972 504.31426999999996 118.01769340000001 197.54838949999998 816.6135603999999 296.57140185714286 89.120655 0.14285714285714285 0.03571428571428571 0.07142857142857142 0.17857142857142858 0.07142857142857142 0.17857142857142858 0.25 0.07142857142857142 96.27888442999998 0 184.0725888181818 0.9009009009009009 0.0 0.0990990990990991 0.5714285714285714 0.0 0.10714285714285714 0.07142857142857142 0.10714285714285714 0.03571428571428571 0.03571428571428571 0.07142857142857142 0.6122448979591837 0.1836734693877551 0.11224489795918367 0.07142857142857142 0.02040816326530612 wanghe 1Сʱ_mousemovements
41.9614768 529.416247 0 239.818985 461.779816 1072.739746 0 0 448.51498449999997 1065.082275 0 0 311.20818375 259.562553 66.666664 362.892914 0.13333333333333333 0.06666666666666667 0.0 0.0 0.5333333333333333 0.13333333333333333 0.06666666666666667 0.06666666666666667 138.85815427777777 0 133.85628133333333 0.9230769230769231 0.0 0.07692307692307693 0.3333333333333333 0.4 0.0 0.13333333333333333 0.06666666666666667 0.06666666666666667 0.0 0.0 0.5588235294117647 0.11764705882352941 0.20588235294117646 0.029411764705882353 0.08823529411764706 wanghe 1Сʱ_mousemovements
124.77530058333333 453.08848800000004 696.134023 670.315155 712.8204653333332 861.7390595 0 1131.470398 363.64391274999997 695.0413754285713 187.961594 87.83593 361.11409950000007 684.2750062 536.6366425 324.056961 0.125 0.21875 0.09375 0.03125 0.1875 0.15625 0.125 0.0625 113.95998738999998 0 359.84612472727275 0.9009009009009009 0.0 0.0990990990990991 0.375 0.21875 0.09375 0.0625 0.09375 0.0625 0.0 0.09375 0.5 0.22916666666666666 0.17708333333333334 0.08333333333333333 0.010416666666666666 wanghe 1Сʱ_mousemovements
112.19429782142856 549.45814525 674.648438 871.8096923333333 628.1585769999999 816.8299410000001 1919.4073486666666 1854.6684875 664.62089175 1170.8472798333335 598.9481773333333 310.06300685714285 242.1819363636364 922.72509775 336.68693245454546 876.072632 0.07692307692307693 0.11538461538461539 0.11538461538461539 0.1346153846153846 0.21153846153846154 0.07692307692307693 0.21153846153846154 0.057692307692307696 172.45641188275863 33.091111999999995 256.5009379166667 0.9119496855345912 0.012578616352201259 0.07547169811320754 0.5283018867924528 0.1509433962264151 0.018867924528301886 0.05660377358490566 0.07547169811320754 0.03773584905660377 0.05660377358490566 0.07547169811320754 0.6 0.21481481481481482 0.08888888888888889 0.06666666666666667 0.02962962962962963 wanghe 1Сʱ_mousemovements
155.21821915384615 383.16053290909093 669.1451568333333 955.0389761666667 0 485.62384 0 776.732727 0 214.04397990909092 507.285247 357.48016333333334 142.21880427272728 918.0013503333333 268.747769 577.94002525 0.0 0.21568627450980393 0.17647058823529413 0.058823529411764705 0.21568627450980393 0.11764705882352941 0.13725490196078433 0.0784313725490196 91.27841085906041 1378.446411 213.94856479999999 0.8764705882352941 0.0058823529411764705 0.11764705882352941 0.5098039215686274 0.21568627450980393 0.11764705882352941 0.11764705882352941 0.0 0.0196078431372549 0.0 0.0196078431372549 0.6225165562913907 0.2052980132450331 0.11258278145695365 0.039735099337748346 0.019867549668874173 wanghe 1Сʱ_mousemovements
78.5517265714286 375.99064414285715 248.566132 909.629181 962.5335085 1802.672607 0 0 704.63385 784.2132265 132.9648346666667 212.24166270588236 95.89357233333334 96.95471466666667 75.65609716666665 552.400409 0.024390243902439025 0.04878048780487805 0.07317073170731707 0.4146341463414634 0.07317073170731707 0.07317073170731707 0.14634146341463414 0.14634146341463414 94.39617033333336 12.856487 104.826022 0.9557522123893806 0.008849557522123894 0.035398230088495575 0.6829268292682927 0.17073170731707318 0.024390243902439025 0.04878048780487805 0.04878048780487805 0.024390243902439025 0.0 0.0 0.5434782608695652 0.2717391304347826 0.09782608695652174 0.043478260869565216 0.043478260869565216 wanghe 1Сʱ_mousemovements
103.143931 0 0 0 0 0 0 0 0 0 0 0 0 0 107.8689345 93.693924 0.0 0.0 0.0 0.0 0.0 0.0 0.6666666666666666 0.3333333333333333 23.802445615384613 0 0 1.0 0.0 0.0 1.0 0.0 0.0 0.0 0.0 0.0 0.0 0.0 0.6 0.0 0.2 0.0 0.2 wanghe 1Сʱ_mousemovements
0 0 0 0 0 0 0 0 0 0 0 0 0 0 0 0 0 0 0 0 0 0 0 0 0 0 0 0 0 0 0 0 0 0 0 0 0 0 0 0 0 0 0 wanghe 1Сʱ_mousemovements
0 0 0 0 0 0 0 0 0 0 0 0 0 0 0 0 0 0 0 0 0 0 0 0 0 0 0 0 0 0 0 0 0 0 0 0 0 0 0 0 0 0 0 wanghe 1Сʱ_mousemovements
194.39661576190474 300.33217883333333 746.662109 370.026123 0 0 0 697.491272 490.3602256666666 430.30806466666667 123.6035305 59.69265766666666 142.023723 533.4256946666666 314.0360084285714 161.0773925 0.0967741935483871 0.0967741935483871 0.06451612903225806 0.0967741935483871 0.25806451612903225 0.0967741935483871 0.22580645161290322 0.06451612903225806 59.6203485888889 1023.302612 293.71851885714284 0.9183673469387755 0.01020408163265306 0.07142857142857142 0.6774193548387096 0.1935483870967742 0.06451612903225806 0.03225806451612903 0.0 0.0 0.0 0.03225806451612903 0.5232558139534884 0.2558139534883721 0.13953488372093023 0.03488372093023256 0.046511627906976744 wanghe 1Сʱ_mousemovements
187.6170596 278.8682556666667 0 906.807312 280.972656 0 0 0 0 206.73843366666665 287.660976 0 26.76733 411.3460526666667 204.52156733333334 16.0 0.0 0.15 0.4 0.0 0.1 0.15 0.15 0.05 88.55673469999998 0 205.401947 0.9615384615384616 0.0 0.038461538461538464 0.75 0.15 0.0 0.05 0.05 0.0 0.0 0.0 0.631578947368421 0.23684210526315788 0.10526315789473684 0.0 0.02631578947368421 wanghe 1Сʱ_mousemovements
197.17258139999998 520.7403105000001 0 0 701.226868 845.6609699999999 0 0 371.55605833333334 575.8880563333333 74.514374 77.877853 164.98498612499998 786.4106445 449.9511236666667 0 0.14285714285714285 0.14285714285714285 0.047619047619047616 0.047619047619047616 0.38095238095238093 0.09523809523809523 0.14285714285714285 0.0 111.93300696296295 0 397.63224800000006 0.9473684210526315 0.0 0.05263157894736842 0.7142857142857143 0.09523809523809523 0.0 0.0 0.047619047619047616 0.14285714285714285 0.0 0.0 0.6153846153846154 0.21153846153846154 0.07692307692307693 0.038461538461538464 0.057692307692307696 wanghe 1Сʱ_mousemovements
0 0 0 0 0 0 0 0 0 0 0 0 0 0 0 0 0 0 0 0 0 0 0 0 0 0 0 0 0 0 0 0 0 0 0 0 0 0 0 0 0 0 0 wanghe 1Сʱ_mousemovements
0 0 0 0 0 0 0 0 0 0 0 0 0 0 0 0 0 0 0 0 0 0 0 0 0 0 0 0 0 0 0 0 0 0 0 0 0 0 0 0 0 0 0 wanghe 1Сʱ_mousemovements
0 0 0 0 0 0 0 0 0 0 0 0 0 0 0 0 0 0 0 0 0 0 0 0 0 0 0 0 0 0 0 0 0 0 0 0 0 0 0 0 0 0 0 wanghe 1Сʱ_mousemovements
0 0 0 0 0 0 0 0 0 0 0 0 0 0 0 0 0 0 0 0 0 0 0 0 0 0 0 0 0 0 0 0 0 0 0 0 0 0 0 0 0 0 0 wanghe 1Сʱ_mousemovements
0 0 0 0 0 0 0 0 0 0 0 0 0 0 0 0 0 0 0 0 0 0 0 0 0 0 0 0 0 0 0 0 0 0 0 0 0 0 0 0 0 0 0 wanghe 1Сʱ_mousemovements
0 0 0 4682.922852 3800.975098 0 0 0 3800.975098 0 0 0 0 0 4682.922852 0 0.5 0.0 0.0 0.0 0.0 0.0 0.5 0.0 2120.9744874999997 0 0 1.0 0.0 0.0 0.0 0.0 0.0 0.5 0.5 0.0 0.0 0.0 1.0 0.0 0.0 0.0 0.0 wanghe 1Сʱ_mousemovements
115.42933757142858 997.7573239999999 520.6991983333334 532.940002 646.4723205 604.6700135 0 0 727.5989810000001 541.3956605 409.17527533333333 118.86712028571431 196.52497179999997 702.2003475 0 248.3190765 0.125 0.08333333333333333 0.125 0.2916666666666667 0.20833333333333334 0.08333333333333333 0.0 0.08333333333333333 86.78186286363638 0 496.248938 0.9295774647887324 0.0 0.07042253521126761 0.5833333333333334 0.08333333333333333 0.125 0.041666666666666664 0.08333333333333333 0.08333333333333333 0.0 0.0 0.6333333333333333 0.15 0.1 0.05 0.06666666666666667 wanghe 1Сʱ_mousemovements
326.268097 0 406.440979 0 0 0 0 0 0 0 406.440979 0 0 0 0 326.268097 0.0 0.0 0.5 0.0 0.0 0.0 0.0 0.5 183.17726900000002 0 0 1.0 0.0 0.0 0.5 0.0 0.5 0.0 0.0 0.0 0.0 0.0 0.5 0.0 0.0 0.5 0.0 wanghe 1Сʱ_mousemovements
58.565823 0 0 941.706055 1013.21582 0 0 0 941.706055 0 58.565823 0 0 1013.21582 0 0 0.3333333333333333 0.0 0.3333333333333333 0.0 0.0 0.3333333333333333 0.0 0.0 223.72085533333333 0 0.0 0.9 0.0 0.1 0.3333333333333333 0.0 0.0 0.3333333333333333 0.3333333333333333 0.0 0.0 0.0 0.6666666666666666 0.1111111111111111 0.2222222222222222 0.0 0.0 wanghe 1Сʱ_mousemovements
0 0 0 0 0 0 0 0 0 0 0 0 0 0 0 0 0 0 0 0 0 0 0 0 0 0 0 0 0 0 0 0 0 0 0 0 0 0 0 0 0 0 0 wanghe 1Сʱ_mousemovements
573.416341 0 0 1636.4696856666667 1221.884521 1755.748169 0 9994.706055 0 1551.59729 0 0 0 4518.889567 156.25 1314.8167720000001 0.0 0.2222222222222222 0.0 0.0 0.0 0.3333333333333333 0.2222222222222222 0.2222222222222222 890.9998556818183 0 0 1.0 0.0 0.0 0.3333333333333333 0.0 0.0 0.3333333333333333 0.1111111111111111 0.1111111111111111 0.0 0.1111111111111111 0.42857142857142855 0.42857142857142855 0.07142857142857142 0.0 0.07142857142857142 wanghe 1Сʱ_mousemovements
119.45705612500001 356.537268 542.0120416666667 706.3206635 434.49577324999996 830.0264483333334 1116.26355 0 420.27827825 427.17045850000005 373.19925687500006 276.70238875 286.0252712857142 359.88718763636365 349.1369983 163.84228407692308 0.1 0.1 0.1 0.1 0.175 0.1375 0.125 0.1625 90.11381142272725 0.0 273.24748019047627 0.9090909090909091 0.004132231404958678 0.08677685950413223 0.5 0.25 0.075 0.05 0.05 0.0375 0.0375 0.0 0.4413145539906103 0.25821596244131456 0.20187793427230047 0.07511737089201878 0.023474178403755867 wanghe 1Сʱ_mousemovements
174.1982579 379.92985033333326 599.723816 953.2533265 860.5924069999999 749.0448809999999 0 1132.057007 515.0438235 347.4270667777778 0 796.74292 585.2079784 200.967697 404.27854875 643.4575540000001 0.08 0.36 0.0 0.04 0.2 0.04 0.16 0.12 123.92851381081083 0 245.74585919999998 0.8809523809523809 0.0 0.11904761904761904 0.4 0.24 0.04 0.08 0.08 0.12 0.0 0.04 0.4177215189873418 0.3670886075949367 0.11392405063291139 0.10126582278481013 0.0 wanghe 1Сʱ_mousemovements
98.84819457142856 251.43196849999998 628.2502949999999 661.581065 776.9268362857143 0 925.02671825 0 872.8348994999999 448.5599979999999 497.011219 555.7348840000001 195.62251172727272 283.59382466666665 412.3122748571428 314.2535726666666 0.05 0.125 0.1 0.125 0.275 0.075 0.175 0.075 73.48278808411216 12.974437 481.94575425 0.8629032258064516 0.008064516129032258 0.12903225806451613 0.525 0.05 0.075 0.075 0.175 0.0 0.1 0.0 0.5892857142857143 0.15178571428571427 0.10714285714285714 0.0625 0.08928571428571429 wanghe 1Сʱ_mousemovements
141.66100654545454 434.82771599999995 373.21066299999995 648.1181643333333 592.3976135 647.075928 0 0 18.130943 276.3361283333333 412.68767299999996 298.40297125 183.18515533333334 770.5378115000001 597.218994 287.38831066666665 0.041666666666666664 0.25 0.125 0.16666666666666666 0.125 0.08333333333333333 0.08333333333333333 0.125 119.64419124528303 18.130943 379.1567094 0.8983050847457628 0.01694915254237288 0.0847457627118644 0.4583333333333333 0.20833333333333334 0.08333333333333333 0.125 0.08333333333333333 0.041666666666666664 0.0 0.0 0.42 0.28 0.22 0.04 0.04 wanghe 1Сʱ_mousemovements
172.39097142857145 284.193787 546.334351 643.56233225 667.493164 0 0 0 216.36026 450.28232566666674 187.7490805 0 546.334351 561.5365093333334 0 389.1227645 0.13333333333333333 0.2 0.13333333333333333 0.0 0.06666666666666667 0.2 0.0 0.26666666666666666 88.38186843478262 119.715431 547.1679283333333 0.9019607843137255 0.0392156862745098 0.058823529411764705 0.4666666666666667 0.06666666666666667 0.06666666666666667 0.26666666666666666 0.13333333333333333 0.0 0.0 0.0 0.47619047619047616 0.2857142857142857 0.14285714285714285 0.047619047619047616 0.047619047619047616 wanghe 1Сʱ_mousemovements
0 0 0 0 0 0 0 0 0 0 0 0 0 0 0 0 0 0 0 0 0 0 0 0 0 0 0 0 0 0 0 0 0 0 0 0 0 0 0 0 0 0 0 wanghe 1Сʱ_mousemovements
190.40749638461537 287.2230605 782.0275875 0 1206.014282 0 0 767.503693 91.641945 403.68367920000003 640.6639935000001 99.7975045 0 552.6096473333333 121.12139066666667 435.66099149999997 0.05 0.25 0.1 0.1 0.0 0.15 0.15 0.2 81.77981821666667 75.313705 338.95965985714287 0.8823529411764706 0.014705882352941176 0.10294117647058823 0.65 0.1 0.1 0.0 0.05 0.0 0.0 0.1 0.6101694915254238 0.15254237288135594 0.11864406779661017 0.03389830508474576 0.0847457627118644 wanghe 1Сʱ_mousemovements
