142.85187187719296 317.4525341428572 572.5089415714285 439.8690414285715 1455.4620975 1025.3268452500001 0 755.726074 145.5432775 186.50352400000003 464.3982909 232.744895875 199.59367633333332 220.43061409090907 693.2668011818182 202.5879547058824 0.023529411764705882 0.23529411764705882 0.11764705882352941 0.09411764705882353 0.07058823529411765 0.12941176470588237 0.12941176470588237 0.2 101.43613817748914 47.82635380000001 110.60344850000001 0.924 0.02 0.056 0.6705882352941176 0.08235294117647059 0.08235294117647059 0.08235294117647059 0.023529411764705882 0.047058823529411764 0.0 0.011764705882352941 0.5277777777777778 0.2361111111111111 0.11574074074074074 0.06481481481481481 0.05555555555555555 leishengchuan 8Сʱ_mousemovements
144.677027625 398.813703 0 0 948.41214 0 0 0 299.0738783333333 373.27362450000004 951.691162 348.733536 21.448180999999998 78.17298299999999 41.85126566666667 308.5602752 0.125 0.16666666666666666 0.041666666666666664 0.16666666666666666 0.08333333333333333 0.08333333333333333 0.125 0.20833333333333334 98.85959327999998 15.3477465 320.03365799999995 0.847457627118644 0.06779661016949153 0.0847457627118644 0.6666666666666666 0.25 0.0 0.0 0.08333333333333333 0.0 0.0 0.0 0.6481481481481481 0.12962962962962962 0.1111111111111111 0.09259259259259259 0.018518518518518517 leishengchuan 8Сʱ_mousemovements
0 0 0 0 0 0 0 0 0 0 0 0 0 0 0 0 0 0 0 0 0 0 0 0 0 0 0 0 0 0 0 0 0 0 0 0 0 0 0 0 0 0 0 leishengchuan 8Сʱ_mousemovements
138.7841938888889 477.8726503333334 198.354279 861.1038970000001 0 0 1177.654785 0 229.655014 340.7131045 620.174561 0 0 353.0998471666667 138.83743233333334 742.435188 0.125 0.125 0.0625 0.0 0.0 0.375 0.1875 0.125 140.41201351219513 0 24.0 0.9761904761904762 0.0 0.023809523809523808 0.5625 0.1875 0.0625 0.125 0.0 0.0 0.0625 0.0 0.3888888888888889 0.5 0.027777777777777776 0.08333333333333333 0.0 leishengchuan 8Сʱ_mousemovements
1277.443115 0 0 0 0 0 2806.513428 0 0 2806.513428 0 0 0 0 1277.443115 0 0.0 0.5 0.0 0.0 0.0 0.0 0.5 0.0 510.49456787500003 0 0 1.0 0.0 0.0 0.5 0.0 0.0 0.0 0.0 0.0 0.5 0.0 0.8571428571428571 0.14285714285714285 0.0 0.0 0.0 leishengchuan 8Сʱ_mousemovements
143.81561416666668 0 931.633667 0 0 0 0 820.416443 177.52425675 0 0 0 0 876.025055 76.398329 0 0.5 0.0 0.0 0.0 0.0 0.25 0.25 0.0 163.43398718749998 0 0 1.0 0.0 0.0 0.75 0.0 0.125 0.0 0.0 0.0 0.0 0.125 0.5384615384615384 0.07692307692307693 0.15384615384615385 0.07692307692307693 0.15384615384615385 leishengchuan 8Сʱ_mousemovements
162.00816013043482 673.1853565 671.9552198333334 769.2028600000001 1832.1405945 1046.306152 780.419861 0 212.20061 689.4751807499999 515.2106205714286 802.3826124999999 247.01223000000002 337.08246325 179.41404812499997 583.03921425 0.07692307692307693 0.10256410256410256 0.1794871794871795 0.15384615384615385 0.07692307692307693 0.10256410256410256 0.20512820512820512 0.10256410256410256 162.32867357425746 49.78423433333334 161.07994614285715 0.9099099099099099 0.02702702702702703 0.06306306306306306 0.5897435897435898 0.05128205128205128 0.15384615384615385 0.10256410256410256 0.05128205128205128 0.02564102564102564 0.02564102564102564 0.0 0.51 0.23 0.15 0.09 0.02 leishengchuan 8Сʱ_mousemovements
128.29567447058824 474.80538737499995 606.1148284999999 368.12838733333336 0 686.893585 598.003479 0 284.30479445454546 168.9483667 686.6069008571428 267.2139026666667 189.5028142857143 310.1665282 300.0477573333333 232.30218566666665 0.1896551724137931 0.1724137931034483 0.1206896551724138 0.10344827586206896 0.1206896551724138 0.08620689655172414 0.10344827586206896 0.10344827586206896 74.55835806179773 3.546099 287.0957281428572 0.9175257731958762 0.010309278350515464 0.07216494845360824 0.5862068965517241 0.13793103448275862 0.1724137931034483 0.05172413793103448 0.0 0.034482758620689655 0.017241379310344827 0.0 0.6331360946745562 0.1893491124260355 0.10650887573964497 0.029585798816568046 0.04142011834319527 leishengchuan 8Сʱ_mousemovements
244.79834514999993 243.3866995 662.2434425 238.024673 635.167969 0 0 0 270.9905461428571 640.4298806666667 211.85414916666664 253.3546215 416.966858 1201.20874 126.3154325 47.533716 0.25 0.10714285714285714 0.21428571428571427 0.07142857142857142 0.03571428571428571 0.03571428571428571 0.21428571428571427 0.07142857142857142 105.46919563636364 92.09356540000002 322.87924449999997 0.9041095890410958 0.0684931506849315 0.0273972602739726 0.7142857142857143 0.14285714285714285 0.07142857142857142 0.03571428571428571 0.03571428571428571 0.0 0.0 0.0 0.49206349206349204 0.2222222222222222 0.20634920634920634 0.047619047619047616 0.031746031746031744 leishengchuan 8Сʱ_mousemovements
108.6931042 392.932266 348.539215 851.7099304999999 0 0 1537.088745 875.299072 0 216.54757874999999 385.921356 1009.548767 348.539215 727.9202013333334 112.48234133333331 875.299072 0.0 0.2222222222222222 0.1111111111111111 0.05555555555555555 0.05555555555555555 0.16666666666666666 0.3333333333333333 0.05555555555555555 162.35805463414636 36.6972465 0.0 0.9318181818181818 0.045454545454545456 0.022727272727272728 0.5555555555555556 0.16666666666666666 0.05555555555555555 0.1111111111111111 0.0 0.0 0.05555555555555555 0.05555555555555555 0.5121951219512195 0.21951219512195122 0.0975609756097561 0.12195121951219512 0.04878048780487805 leishengchuan 8Сʱ_mousemovements
1800.28418 0 5501.682617 0 0 1580.551147 0 0 1580.551147 0 3650.9833985000005 0 0 0 0 0 0.3333333333333333 0.0 0.6666666666666666 0.0 0.0 0.0 0.0 0.0 888.2517944000001 0 0 1.0 0.0 0.0 0.3333333333333333 0.0 0.3333333333333333 0.0 0.0 0.3333333333333333 0.0 0.0 0.75 0.25 0.0 0.0 0.0 leishengchuan 8Сʱ_mousemovements
198.7740575 0 0 0 0 0 0 0 0 301.847309 0 0 0 94.627419 96.774193 0 0.0 0.5 0.0 0.0 0.0 0.25 0.25 0.0 99.38702875 0 0 1.0 0.0 0.0 1.0 0.0 0.0 0.0 0.0 0.0 0.0 0.0 1.0 0.0 0.0 0.0 0.0 leishengchuan 8Сʱ_mousemovements
111.13797072727274 243.47539588888887 468.748596 366.4439395 1064.187012 85.970131 1295.907318 5109.28302 265.624298 567.9565633333333 415.8939376 125.9724677777778 109.41102875 158.91663166666666 1733.5000509999998 185.8933802857143 0.05 0.075 0.125 0.225 0.1 0.075 0.175 0.175 171.71840354205605 29.33221 186.755742 0.9067796610169492 0.03389830508474576 0.059322033898305086 0.55 0.225 0.025 0.05 0.025 0.025 0.05 0.05 0.4948453608247423 0.26804123711340205 0.08247422680412371 0.08247422680412371 0.07216494845360824 leishengchuan 8Сʱ_mousemovements
77.56943366129033 288.11512333333326 198.8253652 617.2178903333333 0 401.38264200000003 798.8731076666667 818.9776613333333 214.56759088888887 195.58262561111115 102.98236783333333 283.9730459230769 205.52259373333334 326.83384175000003 69.99068747058823 339.14157675 0.09574468085106383 0.19148936170212766 0.06382978723404255 0.13829787234042554 0.1595744680851064 0.0851063829787234 0.18085106382978725 0.0851063829787234 67.9310212549801 23.762135666666662 125.54790313333334 0.8838028169014085 0.06338028169014084 0.0528169014084507 0.6595744680851063 0.09574468085106383 0.05319148936170213 0.06382978723404255 0.0 0.06382978723404255 0.031914893617021274 0.031914893617021274 0.5487804878048781 0.21544715447154472 0.13821138211382114 0.052845528455284556 0.044715447154471545 leishengchuan 8Сʱ_mousemovements
134.26564858333333 1506.588989 1126.4148865 0 0 351.099609 0 0 83.698051 112.88480716666665 1506.588989 1262.569946 0 351.099609 0 306.7401193333333 0.0625 0.375 0.0625 0.0625 0.0 0.0625 0.0 0.375 119.13206564583334 0 3.367003 0.9795918367346939 0.0 0.02040816326530612 0.75 0.0625 0.125 0.0 0.0 0.0625 0.0 0.0 0.5853658536585366 0.36585365853658536 0.04878048780487805 0.0 0.0 leishengchuan 8Сʱ_mousemovements
83.23998316666668 339.379547 0 0 0 0 0 0 57.930626999999994 227.731354 0 0 48.958332 0 0 339.379547 0.42857142857142855 0.14285714285714285 0.0 0.0 0.2857142857142857 0.0 0.0 0.14285714285714285 34.95081025 0 0 1.0 0.0 0.0 0.8571428571428571 0.14285714285714285 0.0 0.0 0.0 0.0 0.0 0.0 0.6842105263157895 0.10526315789473684 0.21052631578947367 0.0 0.0 leishengchuan 8Сʱ_mousemovements
93.19393817073173 271.3293635 254.263178 296.073964 689.68956775 864.798401 0 540.0519816666666 275.84119699999997 204.80406958333333 173.14683991666666 148.685633375 270.00018757142857 348.5186215 260.14435138461545 71.53802875 0.047619047619047616 0.19047619047619047 0.19047619047619047 0.12698412698412698 0.1111111111111111 0.06349206349206349 0.20634920634920634 0.06349206349206349 57.33504252972975 17.910163125 211.8661446923077 0.8980582524271845 0.038834951456310676 0.06310679611650485 0.6507936507936508 0.09523809523809523 0.047619047619047616 0.06349206349206349 0.06349206349206349 0.031746031746031744 0.0 0.047619047619047616 0.546448087431694 0.2185792349726776 0.09836065573770492 0.09289617486338798 0.04371584699453552 leishengchuan 8Сʱ_mousemovements
88.81643376470589 381.46463 47.61462 742.9041543333334 399.141113 898.929321 0 0 219.089961 201.15581874999998 292.865467 0 144.11951625 0 638.1485445000001 59.136387 0.2 0.32 0.16 0.0 0.16 0.0 0.08 0.08 63.09080860759494 37.9917065 393.524429 0.9518072289156626 0.024096385542168676 0.024096385542168676 0.68 0.08 0.04 0.12 0.04 0.04 0.0 0.0 0.6176470588235294 0.27941176470588236 0.07352941176470588 0.014705882352941176 0.014705882352941176 leishengchuan 8Сʱ_mousemovements
58.494128123076905 256.856308 421.16052249999996 317.0638445 99.309555 0 0 0 61.9140962 40.10277341666667 165.88933944444446 69.834558 80.27262986363635 131.06786033333333 164.66296359999998 106.88042585714285 0.06493506493506493 0.15584415584415584 0.11688311688311688 0.14285714285714285 0.2857142857142857 0.07792207792207792 0.06493506493506493 0.09090909090909091 28.809299544186047 22.763010363636365 52.24844692857143 0.8958333333333334 0.04583333333333333 0.058333333333333334 0.8441558441558441 0.09090909090909091 0.025974025974025976 0.025974025974025976 0.012987012987012988 0.0 0.0 0.0 0.6438356164383562 0.1917808219178082 0.1050228310502283 0.045662100456621 0.0136986301369863 leishengchuan 8Сʱ_mousemovements
79.29506203061224 276.65861837499995 345.5259035 456.10295300000007 0 894.8386536666667 1764.8287355 853.225647 107.52482842857144 155.55534393750003 246.7468675 173.32907733333334 129.88292867857143 129.82489511764703 298.24711099999996 155.914793 0.0546875 0.125 0.140625 0.1171875 0.21875 0.1328125 0.1171875 0.09375 49.210137631578945 33.88864121428572 136.51831664516126 0.8891625615763546 0.034482758620689655 0.07635467980295567 0.765625 0.125 0.03125 0.03125 0.0 0.0234375 0.015625 0.0078125 0.5452127659574468 0.24202127659574468 0.12234042553191489 0.061170212765957445 0.02925531914893617 leishengchuan 8Сʱ_mousemovements
103.58665835483868 296.6349029 340.7787015 1009.2507080000001 0 1494.882446 1571.2166543333333 0 244.99824957142854 507.66920366666665 337.6757128333333 289.1541593333333 175.6281635 236.91670355555556 645.481653125 156.2892073333333 0.1346153846153846 0.17307692307692307 0.11538461538461539 0.057692307692307696 0.07692307692307693 0.17307692307692307 0.15384615384615385 0.11538461538461539 100.74733776595744 13.069831 321.3520700833333 0.8980891719745223 0.025477707006369428 0.07643312101910828 0.5961538461538461 0.19230769230769232 0.038461538461538464 0.09615384615384616 0.0 0.019230769230769232 0.057692307692307696 0.0 0.6086956521739131 0.15217391304347827 0.15942028985507245 0.050724637681159424 0.028985507246376812 leishengchuan 8Сʱ_mousemovements
93.75292645454547 497.57303381818184 1109.2290281666667 630.8135835 1106.4223123333334 424.8201295 0 0 119.77854025 177.00139508333334 372.81201999999996 471.7695067272727 185.7067103 201.355315 336.5796629230769 381.93271359999994 0.10126582278481013 0.1518987341772152 0.10126582278481013 0.13924050632911392 0.12658227848101267 0.08860759493670886 0.16455696202531644 0.12658227848101267 92.29308987772926 23.436477999999997 151.01958430000002 0.9462809917355371 0.012396694214876033 0.04132231404958678 0.6962025316455697 0.13924050632911392 0.0759493670886076 0.02531645569620253 0.0379746835443038 0.02531645569620253 0.0 0.0 0.5781990521327014 0.24170616113744076 0.11374407582938388 0.04739336492890995 0.018957345971563982 leishengchuan 8Сʱ_mousemovements
61.27880866666666 432.354187 332.841461 267.546661 492.451172 0 0 0 0 67.918213 0 432.354187 332.841461 0 492.451172 157.7733305 0.0 0.2857142857142857 0.0 0.14285714285714285 0.14285714285714285 0.0 0.14285714285714285 0.2857142857142857 53.00188670588235 492.451172 157.7733305 0.85 0.05 0.1 0.42857142857142855 0.14285714285714285 0.14285714285714285 0.14285714285714285 0.14285714285714285 0.0 0.0 0.0 0.5294117647058824 0.35294117647058826 0.058823529411764705 0.058823529411764705 0.0 leishengchuan 8Сʱ_mousemovements
0 0 0 0 0 0 0 0 0 0 0 0 0 0 0 0 0 0 0 0 0 0 0 0 0 0 0 0 0 0 0 0 0 0 0 0 0 0 0 0 0 0 0 leishengchuan 8Сʱ_mousemovements
