193.7190237777778 288.82341 333.028366 0 759.916687 827.8822815999999 986.1506146666666 623.8767089999999 262.6218058 527.9455445714286 656.3121034999999 350.474475 228.33848666666668 531.145294 305.77038238461535 393.01197579999996 0.1111111111111111 0.15555555555555556 0.044444444444444446 0.1111111111111111 0.13333333333333333 0.044444444444444446 0.28888888888888886 0.1111111111111111 94.46054015827336 236.91726519999997 193.77448845454546 0.896774193548387 0.03225806451612903 0.07096774193548387 0.6 0.1111111111111111 0.044444444444444446 0.0 0.022222222222222223 0.1111111111111111 0.06666666666666667 0.044444444444444446 0.5190839694656488 0.2748091603053435 0.07633587786259542 0.0916030534351145 0.03816793893129771 leishengchuan 10Сʱ_mousemovements
164.30936563333336 300.601017125 476.3776796 380.99430240000004 1822.4646810000002 409.2940215 0 0 238.84335833333333 336.508613625 225.7185035 811.7001421666668 230.36125280000002 332.1236763333333 255.8594697999999 322.84496874999996 0.05660377358490566 0.1509433962264151 0.11320754716981132 0.11320754716981132 0.09433962264150944 0.11320754716981132 0.2830188679245283 0.07547169811320754 113.67811873188407 108.46389928571429 182.51292775 0.9019607843137255 0.0457516339869281 0.05228758169934641 0.5660377358490566 0.1509433962264151 0.09433962264150944 0.09433962264150944 0.05660377358490566 0.03773584905660377 0.0 0.0 0.49624060150375937 0.2631578947368421 0.10526315789473684 0.09022556390977443 0.045112781954887216 leishengchuan 10Сʱ_mousemovements
77.40649333333334 572.2802275 249.6138535 1049.6278305 743.184021 1369.5672455000001 0 0 512.2199439999999 403.6626225 198.65139 421.371325 178.51738 1450.9643250000001 189.017584 727.48143 0.1 0.3 0.1 0.15 0.05 0.1 0.1 0.1 178.45373587037034 171.402618 42.6744162 0.9 0.016666666666666666 0.08333333333333333 0.45 0.1 0.1 0.2 0.05 0.1 0.0 0.0 0.6530612244897959 0.14285714285714285 0.04081632653061224 0.061224489795918366 0.10204081632653061 leishengchuan 10Сʱ_mousemovements
0 0 0 0 0 0 0 0 0 0 0 0 0 0 0 0 0 0 0 0 0 0 0 0 0 0 0 0 0 0 0 0 0 0 0 0 0 0 0 0 0 0 0 leishengchuan 10Сʱ_mousemovements
0 0 0 0 0 0 0 0 0 0 0 0 0 0 0 0 0 0 0 0 0 0 0 0 0 0 0 0 0 0 0 0 0 0 0 0 0 0 0 0 0 0 0 leishengchuan 10Сʱ_mousemovements
0 0 0 0 0 0 0 0 0 0 0 0 0 0 0 0 0 0 0 0 0 0 0 0 0 0 0 0 0 0 0 0 0 0 0 0 0 0 0 0 0 0 0 leishengchuan 10Сʱ_mousemovements
0 0 0 0 0 0 0 0 0 0 0 0 0 0 0 0 0 0 0 0 0 0 0 0 0 0 0 0 0 0 0 0 0 0 0 0 0 0 0 0 0 0 0 leishengchuan 10Сʱ_mousemovements
110.96104436363636 556.2455975 364.819084 1443.7102280000001 1429.848022 9180.603516 0 0 2569.49869925 73.51557914285715 168.919979 270.4810438 10.638298 301.70145049999996 789.3718751428571 721.3342674999999 0.125 0.21875 0.0625 0.15625 0.03125 0.125 0.21875 0.0625 248.90952222891565 4.537222 0.0 0.9651162790697675 0.023255813953488372 0.011627906976744186 0.6875 0.0625 0.0625 0.125 0.03125 0.03125 0.0 0.0 0.6351351351351351 0.22972972972972974 0.10810810810810811 0.013513513513513514 0.013513513513513514 leishengchuan 10Сʱ_mousemovements
165.241868775 757.7280016666667 447.8033382857143 221.361496 761.08415225 638.372803 701.2485655 746.301453 157.1238605 230.43131253846153 545.4967196666666 346.2090385555556 256.299642 470.60636755555555 315.42756944444443 310.4456244285714 0.0967741935483871 0.20967741935483872 0.0967741935483871 0.14516129032258066 0.04838709677419355 0.14516129032258066 0.14516129032258066 0.11290322580645161 93.54893504624276 45.86040775 248.5080141875 0.8963730569948186 0.02072538860103627 0.08290155440414508 0.6451612903225806 0.0967741935483871 0.11290322580645161 0.016129032258064516 0.06451612903225806 0.016129032258064516 0.03225806451612903 0.016129032258064516 0.5502958579881657 0.24260355029585798 0.10650887573964497 0.07100591715976332 0.029585798816568046 leishengchuan 10Сʱ_mousemovements
150.49460290909093 170.39949566666667 0 0 636.8153276666667 0 575.158813 607.302734 128.2319985 566.9586346666666 268.6487413333333 183.45854640000002 81.63889933333333 57.3871075 402.3966463333333 65.42353575 0.06451612903225806 0.0967741935483871 0.1935483870967742 0.16129032258064516 0.0967741935483871 0.06451612903225806 0.1935483870967742 0.12903225806451613 70.54428617021274 49.54536625 115.49094166666667 0.9038461538461539 0.038461538461538464 0.057692307692307696 0.7096774193548387 0.0967741935483871 0.0 0.0 0.0967741935483871 0.0 0.03225806451612903 0.06451612903225806 0.5747126436781609 0.1839080459770115 0.08045977011494253 0.11494252873563218 0.04597701149425287 leishengchuan 10Сʱ_mousemovements
169.47623907692306 509.1689681666667 534.0217024285714 460.877243 0 2978.327148 731.091736 1211.20813 346.46999099999994 594.8784758 78.134451 357.51031275 153.45238833333335 430.84521714285717 364.08714 369.184851 0.06521739130434782 0.21739130434782608 0.06521739130434782 0.17391304347826086 0.06521739130434782 0.15217391304347827 0.10869565217391304 0.15217391304347827 92.78372947972971 48.59652500000001 255.36889937499998 0.8862275449101796 0.017964071856287425 0.09580838323353294 0.5652173913043478 0.13043478260869565 0.15217391304347827 0.08695652173913043 0.0 0.021739130434782608 0.021739130434782608 0.021739130434782608 0.5789473684210527 0.19736842105263158 0.09210526315789473 0.07236842105263158 0.05921052631578947 leishengchuan 10Сʱ_mousemovements
109.26362166666668 0 408.46145900000005 0 0 0 0 1849.723022 0 0 991.3632124999999 241.935486 96.30192833333332 0 293.192108 315.36860850000005 0.0 0.0 0.2 0.1 0.3 0.0 0.2 0.2 99.50566851612905 578.384216 22.543063 0.8857142857142857 0.02857142857142857 0.08571428571428572 0.6 0.0 0.3 0.0 0.0 0.0 0.0 0.1 0.7857142857142857 0.14285714285714285 0.07142857142857142 0.0 0.0 leishengchuan 10Сʱ_mousemovements
0 0 0 0 0 0 0 0 0 0 0 0 0 0 0 0 0 0 0 0 0 0 0 0 0 0 0 0 0 0 0 0 0 0 0 0 0 0 0 0 0 0 0 leishengchuan 10Сʱ_mousemovements
164.58790025000002 857.84748825 465.64239100000003 684.907489875 282.60605425 956.2495115 0 529.269409 116.679737 382.7137133 286.367107 684.6811113333333 161.290329 453.736450375 613.8217343333333 508.073827 0.09302325581395349 0.23255813953488372 0.18604651162790697 0.06976744186046512 0.023255813953488372 0.18604651162790697 0.13953488372093023 0.06976744186046512 125.60229248739496 157.3813921666667 194.02321455555554 0.8880597014925373 0.04477611940298507 0.06716417910447761 0.46511627906976744 0.09302325581395349 0.09302325581395349 0.18604651162790697 0.09302325581395349 0.046511627906976744 0.0 0.023255813953488372 0.5272727272727272 0.23636363636363636 0.13636363636363635 0.06363636363636363 0.03636363636363636 leishengchuan 10Сʱ_mousemovements
132.13913843749998 367.40796416666666 403.3146668333333 441.2924654 0 0 0 861.913635 155.77733172727272 293.80457845454544 163.9602307142857 261.1862006 383.2751336666667 301.24981757142854 285.9002765 172.93396774999997 0.22 0.22 0.14 0.1 0.06 0.14 0.04 0.08 80.71012147407406 16.2928465 124.08901075 0.9310344827586207 0.013793103448275862 0.05517241379310345 0.64 0.12 0.12 0.1 0.0 0.0 0.0 0.02 0.552 0.216 0.088 0.088 0.056 leishengchuan 10Сʱ_mousemovements
98.52260576000002 419.8494863125 636.4329640000001 538.634687 2476.740723 671.1571809999999 955.568542 1094.8614196666667 175.82888206666667 206.4710530714285 423.6655054285714 593.1049194545453 377.35624774999997 414.27667540000004 377.0811789090909 294.863078 0.16666666666666666 0.15555555555555556 0.07777777777777778 0.12222222222222222 0.08888888888888889 0.1111111111111111 0.12222222222222222 0.15555555555555556 91.96720710080645 13.415842444444444 279.4639046296296 0.8732394366197183 0.03169014084507042 0.09507042253521127 0.5494505494505495 0.17582417582417584 0.12087912087912088 0.07692307692307693 0.01098901098901099 0.02197802197802198 0.01098901098901099 0.03296703296703297 0.6095617529880478 0.17131474103585656 0.12749003984063745 0.06772908366533864 0.02390438247011952 leishengchuan 10Сʱ_mousemovements
137.1267089259259 256.63217725 853.9974363333334 610.0018465 0 1074.818237 981.113983 2268.576416 182.5007425 686.4190169999999 813.368347 59.738136 172.45245185714285 919.8160653333333 174.40123622222222 70.99185266666667 0.1 0.125 0.025 0.05 0.175 0.15 0.225 0.15 109.24191429906543 49.7474555 338.031455 0.9304347826086956 0.017391304347826087 0.05217391304347826 0.675 0.1 0.075 0.05 0.0 0.025 0.05 0.025 0.6185567010309279 0.18556701030927836 0.09278350515463918 0.05154639175257732 0.05154639175257732 leishengchuan 10Сʱ_mousemovements
90.77763970000001 478.0854999999999 388.798279 1322.151993 1056.373932 1055.2280580000001 1140.064209 0 315.46845875 213.73864033333334 851.890386 585.9930115 350.376198 593.7016056666666 256.2140136666667 1595.533081 0.1111111111111111 0.3333333333333333 0.16666666666666666 0.05555555555555555 0.05555555555555555 0.08333333333333333 0.16666666666666666 0.027777777777777776 133.81487049999998 12.71095125 284.4487911111112 0.8828828828828829 0.036036036036036036 0.08108108108108109 0.5555555555555556 0.16666666666666666 0.027777777777777776 0.1111111111111111 0.05555555555555555 0.05555555555555555 0.027777777777777776 0.0 0.6078431372549019 0.1568627450980392 0.13725490196078433 0.058823529411764705 0.0392156862745098 leishengchuan 10Сʱ_mousemovements
150.5361206938776 357.42181153846155 896.6206419999999 560.1660371999999 618.2589723333333 467.317393 803.7234559999999 2742.838379 298.867657 281.01588868749997 459.1662554285714 722.2884865 638.3370428749998 367.1754531111111 247.88208247368416 224.20586555555556 0.14285714285714285 0.19047619047619047 0.08333333333333333 0.047619047619047616 0.09523809523809523 0.10714285714285714 0.2261904761904762 0.10714285714285714 124.04572523500002 201.1611796 389.99118555555555 0.9345794392523364 0.02336448598130841 0.04205607476635514 0.5833333333333334 0.15476190476190477 0.05952380952380952 0.05952380952380952 0.03571428571428571 0.03571428571428571 0.05952380952380952 0.011904761904761904 0.6054054054054054 0.1945945945945946 0.11351351351351352 0.02702702702702703 0.05945945945945946 leishengchuan 10Сʱ_mousemovements
139.71467485714285 457.4327468571429 307.0107115 578.4001578333333 771.6376955000001 0 0 0 356.19211449999995 195.3951379090909 873.8011322499999 436.0546566666667 256.92643725 258.63234200000005 126.574139 63.945157333333334 0.13333333333333333 0.24444444444444444 0.08888888888888889 0.06666666666666667 0.08888888888888889 0.1111111111111111 0.2 0.06666666666666667 80.91446671311475 59.75342880000001 233.7641638181818 0.8840579710144928 0.036231884057971016 0.07971014492753623 0.6222222222222222 0.15555555555555556 0.044444444444444446 0.13333333333333333 0.044444444444444446 0.0 0.0 0.0 0.635593220338983 0.22033898305084745 0.1016949152542373 0.0423728813559322 0.0 leishengchuan 10Сʱ_mousemovements
74.68264246153845 222.059189 462.2205453333333 0 1428.3387754999999 797.4260865 656.0755615 0 88.534691 507.25845350000003 210.36484033333332 53.519054 24.848803 1011.6312865 110.24750666666667 37.381480999999994 0.043478260869565216 0.2608695652173913 0.13043478260869565 0.043478260869565216 0.13043478260869565 0.17391304347826086 0.13043478260869565 0.08695652173913043 128.2328069032258 87.7929325 20.835133 0.9117647058823529 0.058823529411764705 0.029411764705882353 0.5652173913043478 0.043478260869565216 0.13043478260869565 0.0 0.08695652173913043 0.08695652173913043 0.08695652173913043 0.0 0.4838709677419355 0.22580645161290322 0.16129032258064516 0.04838709677419355 0.08064516129032258 leishengchuan 10Сʱ_mousemovements
414.09415099999995 497.352196 650.0538025 0 0 2104.9036865000003 938.949463 929.13208 144.465378 1422.1748453333337 894.5942385000001 0 0 572.995117 816.4759519999999 74.58007 0.07692307692307693 0.23076923076923078 0.15384615384615385 0.0 0.0 0.23076923076923078 0.23076923076923078 0.07692307692307693 191.884371725 0 691.9491997499999 0.9090909090909091 0.0 0.09090909090909091 0.38461538461538464 0.15384615384615385 0.15384615384615385 0.0 0.0 0.15384615384615385 0.07692307692307693 0.07692307692307693 0.4358974358974359 0.3333333333333333 0.15384615384615385 0.05128205128205128 0.02564102564102564 leishengchuan 10Сʱ_mousemovements
83.89139560000001 0 494.511902 0 0 0 828.733643 0 0 209.009735 66.188322 494.511902 0 449.1286165 8.547009 0 0.0 0.14285714285714285 0.2857142857142857 0.14285714285714285 0.0 0.2857142857142857 0.14285714285714285 0.0 41.79491405 0 302.26808066666666 0.8695652173913043 0.0 0.13043478260869565 0.7142857142857143 0.0 0.14285714285714285 0.0 0.0 0.0 0.14285714285714285 0.0 0.45454545454545453 0.3181818181818182 0.13636363636363635 0.09090909090909091 0.0 leishengchuan 10Сʱ_mousemovements
0 0 0 0 0 0 0 0 0 0 0 0 0 0 0 0 0 0 0 0 0 0 0 0 0 0 0 0 0 0 0 0 0 0 0 0 0 0 0 0 0 0 0 leishengchuan 10Сʱ_mousemovements
