149.5051566470588 445.80768750000004 706.4863993333333 664.0922852000001 502.1358846666667 1060.703247 1291.9353636666667 970.2642515 527.787812 690.0053977500002 185.34049225 427.63514742857143 486.96024744444446 267.0976149090909 190.3544244 310.2181283 0.17142857142857143 0.17142857142857143 0.05714285714285714 0.1 0.12857142857142856 0.15714285714285714 0.07142857142857142 0.14285714285714285 122.73197410599077 12.30464775 152.04694709999998 0.9004149377593361 0.016597510373443983 0.08298755186721991 0.4857142857142857 0.14285714285714285 0.17142857142857143 0.07142857142857142 0.04285714285714286 0.014285714285714285 0.04285714285714286 0.02857142857142857 0.5927601809954751 0.21266968325791855 0.1085972850678733 0.06334841628959276 0.02262443438914027 maoyu 5Сʱ_mousemovements
140.609704984127 433.6333505 863.6252808000002 842.7610531999999 868.6112163333333 942.7859495 647.829956 1086.9660334999999 530.8661912857143 243.69755399999997 866.9845738571429 445.038096 355.46726800000005 633.552063 186.84719839130435 112.64646723809524 0.07865168539325842 0.1797752808988764 0.07865168539325842 0.033707865168539325 0.0449438202247191 0.0898876404494382 0.25842696629213485 0.23595505617977527 103.81589122633747 99.354377 349.79200085714285 0.9529411764705882 0.0196078431372549 0.027450980392156862 0.7078651685393258 0.0898876404494382 0.056179775280898875 0.056179775280898875 0.033707865168539325 0.02247191011235955 0.011235955056179775 0.02247191011235955 0.6063348416289592 0.23076923076923078 0.08597285067873303 0.049773755656108594 0.027149321266968326 maoyu 5Сʱ_mousemovements
150.03621926666662 284.45484899999997 551.9985195 757.0503845 557.3222355 1313.261597 485.476135 483.76178 334.28158175 300.912448 393.0069936666667 494.5385119999999 0 291.794571 362.85483000000005 166.78982266666668 0.14814814814814814 0.14814814814814814 0.1111111111111111 0.1111111111111111 0.0 0.1111111111111111 0.25925925925925924 0.1111111111111111 101.1619444875 50.102802 185.1976928 0.9195402298850575 0.022988505747126436 0.05747126436781609 0.5555555555555556 0.1111111111111111 0.07407407407407407 0.07407407407407407 0.07407407407407407 0.037037037037037035 0.037037037037037035 0.037037037037037035 0.6756756756756757 0.20270270270270271 0.05405405405405406 0.04054054054054054 0.02702702702702703 maoyu 5Сʱ_mousemovements
257.9650307894737 434.842784875 288.777374 1241.2333375 981.737732 885.0208279999999 0 1199.942993 679.2107735000001 871.09620675 495.8608402857143 0 223.7002865 188.44889975 554.2929132 171.13741100000001 0.05714285714285714 0.11428571428571428 0.2 0.0 0.05714285714285714 0.11428571428571428 0.2857142857142857 0.17142857142857143 123.83622874766355 18.8504885 310.7338414444444 0.9067796610169492 0.01694915254237288 0.07627118644067797 0.5428571428571428 0.22857142857142856 0.02857142857142857 0.05714285714285714 0.05714285714285714 0.05714285714285714 0.0 0.02857142857142857 0.6363636363636364 0.22727272727272727 0.09090909090909091 0.02727272727272727 0.01818181818181818 maoyu 5Сʱ_mousemovements
197.95463334285716 371.39356719999995 392.26614385714277 1407.5063345714286 806.3944699999998 976.0440215 666.726746 0 858.1561082857143 660.0824088750002 359.7967283529412 560.18664 226.325679 518.6463755999999 314.29713938461543 659.9014526 0.09859154929577464 0.11267605633802817 0.23943661971830985 0.07042253521126761 0.08450704225352113 0.14084507042253522 0.18309859154929578 0.07042253521126761 144.88374395049502 27.332871 334.08365292857144 0.905829596412556 0.03139013452914798 0.06278026905829596 0.49295774647887325 0.14084507042253522 0.09859154929577464 0.09859154929577464 0.04225352112676056 0.11267605633802817 0.014084507042253521 0.0 0.6153846153846154 0.18461538461538463 0.1282051282051282 0.03076923076923077 0.041025641025641026 maoyu 5Сʱ_mousemovements
220.18928989473682 506.19935616666663 1376.2399496666667 420.543945 806.6539306666667 3401.062256 691.416077 0 920.0010054285714 594.4293531111111 459.27173625 414.44629699999996 606.467346 340.4950715 243.94837950000004 239.231864 0.20588235294117646 0.2647058823529412 0.11764705882352941 0.058823529411764705 0.058823529411764705 0.058823529411764705 0.11764705882352941 0.11764705882352941 144.46222208823528 0 354.7349911 0.9107142857142857 0.0 0.08928571428571429 0.5588235294117647 0.17647058823529413 0.08823529411764706 0.029411764705882353 0.08823529411764706 0.029411764705882353 0.029411764705882353 0.0 0.7227722772277227 0.16831683168316833 0.039603960396039604 0.019801980198019802 0.04950495049504951 maoyu 5Сʱ_mousemovements
0 0 0 0 0 0 0 0 0 0 0 0 0 0 0 0 0 0 0 0 0 0 0 0 0 0 0 0 0 0 0 0 0 0 0 0 0 0 0 0 0 0 0 maoyu 5Сʱ_mousemovements
0 0 0 0 0 0 0 0 0 0 0 0 0 0 0 0 0 0 0 0 0 0 0 0 0 0 0 0 0 0 0 0 0 0 0 0 0 0 0 0 0 0 0 maoyu 5Сʱ_mousemovements
0 0 0 0 0 0 0 0 0 0 0 0 0 0 0 0 0 0 0 0 0 0 0 0 0 0 0 0 0 0 0 0 0 0 0 0 0 0 0 0 0 0 0 maoyu 5Сʱ_mousemovements
94.16538249999999 261.797211 0 559.8365376666667 1442.2886146666667 2178.1627504999997 0 0 0 2413.693359 0 606.7939759999999 1224.6099545000002 272.980595 181.035202 1278.5305609999998 0.0 0.07692307692307693 0.0 0.15384615384615385 0.15384615384615385 0.15384615384615385 0.23076923076923078 0.23076923076923078 179.40017925925926 0 218.92500316666667 0.9 0.0 0.1 0.3076923076923077 0.07692307692307693 0.0 0.23076923076923078 0.23076923076923078 0.15384615384615385 0.0 0.0 0.6981132075471698 0.09433962264150944 0.1320754716981132 0.07547169811320754 0.0 maoyu 5Сʱ_mousemovements
337.79462525 859.8831686666666 364.59021 0 0 3936.613281 0 0 2062.5342634999997 285.133148 0 0 908.753479 638.226822 1291.226563 60.262989 0.2222222222222222 0.2222222222222222 0.0 0.0 0.1111111111111111 0.2222222222222222 0.1111111111111111 0.1111111111111111 230.34855190909093 0 210.17642833333335 0.9166666666666666 0.0 0.08333333333333333 0.4444444444444444 0.3333333333333333 0.1111111111111111 0.0 0.0 0.1111111111111111 0.0 0.0 0.8620689655172413 0.10344827586206896 0.0 0.034482758620689655 0.0 maoyu 5Сʱ_mousemovements
298.9185135 0 0 671.149448 741.9364626666667 1939.0283205 0 1034.575073 1177.94781475 299.9124473333333 619.382874 560.751831 1045.674683 619.1754530000001 748.5558475 521.8746925 0.25 0.1875 0.0625 0.0625 0.0625 0.125 0.125 0.125 175.1118214901961 32.089097 517.9159576 0.864406779661017 0.05084745762711865 0.0847457627118644 0.375 0.0 0.0 0.25 0.1875 0.125 0.0 0.0625 0.7058823529411765 0.1568627450980392 0.058823529411764705 0.0784313725490196 0.0 maoyu 5Сʱ_mousemovements
