188.33987560000003 500.20369709999994 864.1720153999999 629.6338868 764.4628605 617.144836 1013.5895874 710.78656 557.3847065714286 677.41870025 342.86259508333336 467.6911096000002 388.79283899999996 179.0774515 634.1065098333333 305.31447333333335 0.12962962962962962 0.14814814814814814 0.2222222222222222 0.18518518518518517 0.07407407407407407 0.07407407407407407 0.1111111111111111 0.05555555555555555 141.18881407096777 205.1173584 168.80888099999999 0.8959537572254336 0.028901734104046242 0.07514450867052024 0.46296296296296297 0.18518518518518517 0.09259259259259259 0.09259259259259259 0.037037037037037035 0.018518518518518517 0.09259259259259259 0.018518518518518517 0.559748427672956 0.22641509433962265 0.12578616352201258 0.06289308176100629 0.025157232704402517 renqiuchen 4Сʱ_mousemovements
144.64163031818177 319.2383988 712.0674222857143 997.7276488000001 861.4326275 1235.841817 2413.441162 0 293.8933274 164.11762525 404.4208555454545 522.97245 119.67243157142856 374.42161175 578.1971664 334.2953182307692 0.06578947368421052 0.05263157894736842 0.14473684210526316 0.2236842105263158 0.09210526315789473 0.05263157894736842 0.19736842105263158 0.17105263157894737 107.49549366007909 25.712975 112.41298215625001 0.8846153846153846 0.0034965034965034965 0.11188811188811189 0.5789473684210527 0.13157894736842105 0.09210526315789473 0.06578947368421052 0.07894736842105263 0.039473684210526314 0.013157894736842105 0.0 0.5494505494505495 0.29304029304029305 0.08791208791208792 0.06593406593406594 0.003663003663003663 renqiuchen 4Сʱ_mousemovements
0 0 0 0 0 0 0 0 0 0 0 0 0 0 0 0 0 0 0 0 0 0 0 0 0 0 0 0 0 0 0 0 0 0 0 0 0 0 0 0 0 0 0 renqiuchen 4Сʱ_mousemovements
0 0 0 0 0 0 0 0 0 0 0 0 0 0 0 0 0 0 0 0 0 0 0 0 0 0 0 0 0 0 0 0 0 0 0 0 0 0 0 0 0 0 0 renqiuchen 4Сʱ_mousemovements
0 0 0 0 0 0 0 0 0 0 0 0 0 0 0 0 0 0 0 0 0 0 0 0 0 0 0 0 0 0 0 0 0 0 0 0 0 0 0 0 0 0 0 renqiuchen 4Сʱ_mousemovements
0 0 0 0 0 0 0 0 0 0 0 0 0 0 0 0 0 0 0 0 0 0 0 0 0 0 0 0 0 0 0 0 0 0 0 0 0 0 0 0 0 0 0 renqiuchen 4Сʱ_mousemovements
0 0 0 0 0 0 0 0 0 0 0 0 0 0 0 0 0 0 0 0 0 0 0 0 0 0 0 0 0 0 0 0 0 0 0 0 0 0 0 0 0 0 0 renqiuchen 4Сʱ_mousemovements
0 0 0 0 0 0 0 0 0 0 0 0 0 0 0 0 0 0 0 0 0 0 0 0 0 0 0 0 0 0 0 0 0 0 0 0 0 0 0 0 0 0 0 renqiuchen 4Сʱ_mousemovements
0 0 0 0 0 0 0 0 0 0 0 0 0 0 0 0 0 0 0 0 0 0 0 0 0 0 0 0 0 0 0 0 0 0 0 0 0 0 0 0 0 0 0 renqiuchen 4Сʱ_mousemovements
169.39902230555552 413.0607654166666 569.0984124444444 850.3599013333333 1337.1585911428572 1576.8025719999998 1390.5520108 1150.5761415000002 588.1555675555555 521.6381027058823 578.1085775 367.75469564285703 467.9693630999999 361.96556618181825 1112.747407111111 720.8799788333334 0.1125 0.2125 0.05 0.175 0.125 0.1375 0.1125 0.075 147.02616781889765 228.27226675 198.9323001875 0.8758620689655172 0.013793103448275862 0.1103448275862069 0.45 0.15 0.1125 0.075 0.0875 0.0375 0.0625 0.025 0.6167883211678832 0.22262773722627738 0.072992700729927 0.058394160583941604 0.029197080291970802 renqiuchen 4Сʱ_mousemovements
348.6710349583332 447.77199235714295 1125.4193725 694.209778 734.2566375000001 2851.008545 1184.6683856666666 0 576.4744082500001 523.7208945 612.6734263333334 712.6201797777777 330.2475836 483.65470899999997 444.195038 747.9878097142858 0.15384615384615385 0.07692307692307693 0.11538461538461539 0.17307692307692307 0.19230769230769232 0.057692307692307696 0.09615384615384616 0.1346153846153846 173.2619214370861 501.4937135 153.42443975 0.9151515151515152 0.012121212121212121 0.07272727272727272 0.46153846153846156 0.2692307692307692 0.038461538461538464 0.07692307692307693 0.07692307692307693 0.019230769230769232 0.057692307692307696 0.0 0.5625 0.2777777777777778 0.0763888888888889 0.05555555555555555 0.027777777777777776 renqiuchen 4Сʱ_mousemovements
361.52087660000007 437.7389221666667 0 2063.543945 1577.4171143333333 1334.885742 1777.252686 2098.662598 1620.8501436666666 511.6860621999999 229.938896 288.95615399999997 401.2771302 977.1649782499999 13.801757 427.48019860000005 0.1875 0.15625 0.125 0.0625 0.15625 0.125 0.03125 0.15625 211.56071588888892 16.0 112.86706325 0.9166666666666666 0.009259259259259259 0.07407407407407407 0.6060606060606061 0.18181818181818182 0.0 0.030303030303030304 0.09090909090909091 0.030303030303030304 0.030303030303030304 0.030303030303030304 0.5392156862745098 0.28431372549019607 0.10784313725490197 0.058823529411764705 0.00980392156862745 renqiuchen 4Сʱ_mousemovements
156.01115726415097 508.24179182608697 512.7415033333333 1454.5043435555556 1528.7272950000001 1195.578583 1602.5192412499998 983.0037433333333 763.5719434444443 242.98502654545462 924.7584464545454 382.50777015384625 255.18566047368418 898.4566385999999 825.3258888181819 306.14141570588237 0.17142857142857143 0.10476190476190476 0.10476190476190476 0.12380952380952381 0.18095238095238095 0.047619047619047616 0.10476190476190476 0.1619047619047619 129.0973973380682 243.3522453333333 223.87774183783787 0.8911392405063291 0.015189873417721518 0.09367088607594937 0.5047619047619047 0.21904761904761905 0.05714285714285714 0.08571428571428572 0.0380952380952381 0.02857142857142857 0.0380952380952381 0.02857142857142857 0.5722070844686649 0.2506811989100817 0.08991825613079019 0.043596730245231606 0.043596730245231606 renqiuchen 4Сʱ_mousemovements
167.6870447590361 378.1523903703705 573.8419964545454 878.4248351764705 1165.837855 1727.1546631111112 601.3011475000001 1926.9286379999999 670.5206911923077 385.11780652 415.86435511111114 329.6987621578948 416.92882820689664 190.43541055555553 576.9903829130435 730.3057833 0.1625 0.15625 0.05625 0.11875 0.18125 0.05625 0.14375 0.125 121.97077979626171 345.143585 213.42722726666668 0.8961474036850922 0.0033500837520938024 0.10050251256281408 0.51875 0.16875 0.06875 0.10625 0.0375 0.05625 0.0125 0.03125 0.608318890814558 0.24783362218370883 0.08665511265164645 0.038128249566724434 0.019064124783362217 renqiuchen 4Сʱ_mousemovements
263.52216124999995 308.6494478 425.02061966666673 722.4799650000001 1346.04126 0 1630.5297417142854 2488.7911985 1612.5944723333334 793.737820625 358.203743 538.0996725714286 212.73749242857144 647.8373985 369.24422999999996 1237.7543031999999 0.06382978723404255 0.1702127659574468 0.0425531914893617 0.14893617021276595 0.14893617021276595 0.1702127659574468 0.14893617021276595 0.10638297872340426 164.20310717931036 292.00258133333335 401.91722825 0.8841463414634146 0.018292682926829267 0.0975609756097561 0.5106382978723404 0.10638297872340426 0.06382978723404255 0.0851063829787234 0.0425531914893617 0.0 0.14893617021276595 0.0425531914893617 0.7115384615384616 0.1282051282051282 0.08974358974358974 0.057692307692307696 0.01282051282051282 renqiuchen 4Сʱ_mousemovements
129.549284 312.967865 0 2966.755371 716.629883 1235.143311 0 0 0 1841.6926270000001 200.20133466666667 0 140.627668 1235.143311 45.619793 0 0.0 0.16666666666666666 0.25 0.0 0.4166666666666667 0.08333333333333333 0.08333333333333333 0.0 179.30632066666666 0 175.39106 0.9428571428571428 0.0 0.05714285714285714 0.6666666666666666 0.08333333333333333 0.0 0.08333333333333333 0.08333333333333333 0.08333333333333333 0.0 0.0 0.6551724137931034 0.2413793103448276 0.06896551724137931 0.034482758620689655 0.0 renqiuchen 4Сʱ_mousemovements
375.9834987142857 444.34346557142857 0 651.9986473333333 1141.308246 1242.9700925 1161.4364626666668 848.94873 641.4800324 726.7700674285713 231.771885 595.9024566 379.6718906666667 733.8077366666666 338.3894622 778.0955962 0.10204081632653061 0.14285714285714285 0.04081632653061224 0.20408163265306123 0.1836734693877551 0.12244897959183673 0.10204081632653061 0.10204081632653061 162.193742818792 498.0154523333333 223.5239691818182 0.9141104294478528 0.018404907975460124 0.06748466257668712 0.5714285714285714 0.14285714285714285 0.0 0.061224489795918366 0.10204081632653061 0.04081632653061224 0.061224489795918366 0.02040816326530612 0.5933333333333334 0.26 0.07333333333333333 0.04666666666666667 0.02666666666666667 renqiuchen 4Сʱ_mousemovements
154.96526679310347 511.0186020000001 598.3524822857144 1246.80578 1522.2317861666668 788.280518 1156.1940796 0 483.20936874999995 512.590645 900.6863962222221 363.33935575 311.31634491666665 616.4234049999999 521.7646030000001 1273.19543475 0.12698412698412698 0.20634920634920634 0.14285714285714285 0.12698412698412698 0.19047619047619047 0.1111111111111111 0.031746031746031744 0.06349206349206349 108.44454304761906 242.848001 316.62383264000005 0.9032258064516129 0.007168458781362007 0.08960573476702509 0.4603174603174603 0.15873015873015872 0.1111111111111111 0.07936507936507936 0.09523809523809523 0.015873015873015872 0.07936507936507936 0.0 0.6231343283582089 0.23880597014925373 0.055970149253731345 0.05223880597014925 0.029850746268656716 renqiuchen 4Сʱ_mousemovements
202.7766469545455 510.50628639999996 703.3714600000001 961.4275513750001 1078.8431396 1183.0460611666665 1043.7686465 1101.99028 509.52693727272725 705.6079788 778.5179351428571 406.7728066363637 201.6431437857143 508.74917257142863 470.7821066363636 931.7249883333334 0.13095238095238096 0.11904761904761904 0.16666666666666666 0.13095238095238096 0.16666666666666666 0.08333333333333333 0.13095238095238096 0.07142857142857142 136.92405978350513 636.9035646666666 132.00835753846158 0.909375 0.009375 0.08125 0.5238095238095238 0.05952380952380952 0.11904761904761904 0.09523809523809523 0.05952380952380952 0.07142857142857142 0.023809523809523808 0.047619047619047616 0.6112956810631229 0.22259136212624583 0.10299003322259136 0.053156146179401995 0.009966777408637873 renqiuchen 4Сʱ_mousemovements
180.2773355 305.88440325 1246.3907775 622.7373656 1743.749003 1153.993652 396.937683 1054.65332 984.2951076666667 637.5756135 931.1022645 434.21574899999996 181.94636500000001 614.596375 875.6032104999999 206.949547 0.21428571428571427 0.21428571428571427 0.07142857142857142 0.21428571428571427 0.10714285714285714 0.03571428571428571 0.07142857142857142 0.07142857142857142 160.68761224175825 190.048584 338.955379625 0.91 0.01 0.08 0.35714285714285715 0.14285714285714285 0.07142857142857142 0.17857142857142858 0.10714285714285714 0.03571428571428571 0.03571428571428571 0.07142857142857142 0.6195652173913043 0.16304347826086957 0.16304347826086957 0.05434782608695652 0.0 renqiuchen 4Сʱ_mousemovements
200.08290992857147 341.68674020000003 753.154663 503.000549 1378.3069253333333 0 0 2051.621826 432.28798900000004 1689.599121 115.797974 369.134491 220.449573375 503.000549 468.6919586 190.1101075 0.19230769230769232 0.11538461538461539 0.038461538461538464 0.038461538461538464 0.3076923076923077 0.038461538461538464 0.19230769230769232 0.07692307692307693 137.02821955952382 261.422882 116.70669899999999 0.9032258064516129 0.010752688172043012 0.08602150537634409 0.5384615384615384 0.19230769230769232 0.07692307692307693 0.038461538461538464 0.11538461538461539 0.0 0.0 0.038461538461538464 0.5227272727272727 0.29545454545454547 0.09090909090909091 0.045454545454545456 0.045454545454545456 renqiuchen 4Сʱ_mousemovements
128.8201964090909 297.9698756363636 689.7130940000001 449.1020205 813.6500245 1101.1927591666665 1290.6193845 696.014282 807.4101614 426.93465733333335 542.0127 494.62852100000003 319.42340688888885 490.665793125 231.72189654545454 618.7077790000001 0.09615384615384616 0.17307692307692307 0.09615384615384616 0.057692307692307696 0.17307692307692307 0.15384615384615385 0.21153846153846154 0.038461538461538464 89.65001229166666 599.011841 186.46503892307692 0.8767123287671232 0.0045662100456621 0.1187214611872146 0.4230769230769231 0.21153846153846154 0.11538461538461539 0.038461538461538464 0.038461538461538464 0.11538461538461539 0.038461538461538464 0.019230769230769232 0.5270935960591133 0.2857142857142857 0.11330049261083744 0.034482758620689655 0.03940886699507389 renqiuchen 4Сʱ_mousemovements
0 0 0 0 0 0 0 0 0 0 0 0 0 0 0 0 0 0 0 0 0 0 0 0 0 0 0 0 0 0 0 0 0 0 0 0 0 0 0 0 0 0 0 renqiuchen 4Сʱ_mousemovements
0 0 0 0 0 0 0 0 0 0 0 0 0 0 0 0 0 0 0 0 0 0 0 0 0 0 0 0 0 0 0 0 0 0 0 0 0 0 0 0 0 0 0 renqiuchen 4Сʱ_mousemovements
