144.600653875 371.1224880909091 608.8863918571429 798.9284260000001 820.2292480000001 1337.1624956666667 2335.095703 582.535207 143.22235525 283.9633702857143 856.8922846666666 226.30429829999997 179.23480027272728 558.3011954285714 454.0196755454545 564.530487 0.06451612903225806 0.11290322580645161 0.14516129032258066 0.16129032258064516 0.1774193548387097 0.11290322580645161 0.1774193548387097 0.04838709677419355 101.46518986956521 245.23916050000003 259.9128896666667 0.9282511210762332 0.017937219730941704 0.053811659192825115 0.5161290322580645 0.1774193548387097 0.11290322580645161 0.04838709677419355 0.03225806451612903 0.04838709677419355 0.016129032258064516 0.04838709677419355 0.5404040404040404 0.23232323232323232 0.10606060606060606 0.0707070707070707 0.050505050505050504 renqiuchen 10Сʱ_mousemovements
0 0 0 0 0 0 0 0 0 0 0 0 0 0 0 0 0 0 0 0 0 0 0 0 0 0 0 0 0 0 0 0 0 0 0 0 0 0 0 0 0 0 0 renqiuchen 10Сʱ_mousemovements
0 0 0 0 0 0 0 0 0 0 0 0 0 0 0 0 0 0 0 0 0 0 0 0 0 0 0 0 0 0 0 0 0 0 0 0 0 0 0 0 0 0 0 renqiuchen 10Сʱ_mousemovements
0 0 0 0 0 0 0 0 0 0 0 0 0 0 0 0 0 0 0 0 0 0 0 0 0 0 0 0 0 0 0 0 0 0 0 0 0 0 0 0 0 0 0 renqiuchen 10Сʱ_mousemovements
0 0 0 0 0 0 0 0 0 0 0 0 0 0 0 0 0 0 0 0 0 0 0 0 0 0 0 0 0 0 0 0 0 0 0 0 0 0 0 0 0 0 0 renqiuchen 10Сʱ_mousemovements
202.03414587499995 431.3465112 546.3226013333334 906.8734739999999 792.8164186 980.76207 1349.840027 243.43367 638.0154517142857 282.9826355 659.1868811111111 234.33182050000002 208.08040568181815 297.028595125 598.6832433750001 730.7099867500001 0.1 0.08571428571428572 0.12857142857142856 0.08571428571428572 0.3142857142857143 0.11428571428571428 0.11428571428571428 0.05714285714285714 123.62583156281413 557.1429076 60.132722230769225 0.9170506912442397 0.02304147465437788 0.059907834101382486 0.5714285714285714 0.14285714285714285 0.08571428571428572 0.05714285714285714 0.07142857142857142 0.02857142857142857 0.02857142857142857 0.014285714285714285 0.49246231155778897 0.2914572864321608 0.10552763819095477 0.07537688442211055 0.035175879396984924 renqiuchen 10Сʱ_mousemovements
203.84686234210523 396.9713612857143 368.360129 876.1970975 0 0 0 0 299.304377 221.5712921 381.14140683333335 281.1458136666667 203.371823 254.65629757142852 261.245498125 306.0583685714286 0.057692307692307696 0.19230769230769232 0.11538461538461539 0.11538461538461539 0.09615384615384616 0.1346153846153846 0.15384615384615385 0.1346153846153846 95.33246888148147 150.47808250000003 80.922438625 0.9183673469387755 0.027210884353741496 0.05442176870748299 0.7307692307692307 0.1346153846153846 0.09615384615384616 0.038461538461538464 0.0 0.0 0.0 0.0 0.5378787878787878 0.2803030303030303 0.09848484848484848 0.06818181818181818 0.015151515151515152 renqiuchen 10Сʱ_mousemovements
239.96096655000005 248.80847371428567 1094.4762725 956.49693 2482.1659395 0 860.618408 830.894714 626.3462694 814.3905544615384 170.95358085714284 159.5459179 172.0899245625 399.16535955555554 348.68488454545457 439.1708494285714 0.0641025641025641 0.16666666666666666 0.08974358974358974 0.1282051282051282 0.20512820512820512 0.11538461538461539 0.14102564102564102 0.08974358974358974 124.04627870175439 115.1794625 96.43761815384613 0.9382716049382716 0.00823045267489712 0.053497942386831275 0.7692307692307693 0.08974358974358974 0.02564102564102564 0.0641025641025641 0.02564102564102564 0.0 0.01282051282051282 0.01282051282051282 0.6116071428571429 0.23214285714285715 0.09821428571428571 0.03125 0.026785714285714284 renqiuchen 10Сʱ_mousemovements
154.74228917142855 666.748243 370.6786682 0 1862.1132200000002 1059.4864195 0 639.003174 92.55612039999998 450.2483316666666 298.2898506 478.1119658571429 136.3452632222222 517.4284005714286 111.11823940000002 626.4515799999999 0.09615384615384616 0.11538461538461539 0.09615384615384616 0.1346153846153846 0.17307692307692307 0.1346153846153846 0.09615384615384616 0.15384615384615385 112.72164488435374 141.76280466666665 177.9304255 0.930379746835443 0.0189873417721519 0.05063291139240506 0.6730769230769231 0.1346153846153846 0.09615384615384616 0.0 0.038461538461538464 0.038461538461538464 0.0 0.019230769230769232 0.6830985915492958 0.20422535211267606 0.035211267605633804 0.07042253521126761 0.007042253521126761 renqiuchen 10Сʱ_mousemovements
286.93485130000005 640.140612625 0 2833.7267455 0 0 0 0 349.60124199999996 1520.373586 728.8943479999999 610.7577453333333 338.229381625 209.53009050000003 288.8818775 569.2268846 0.13333333333333333 0.1 0.1 0.1 0.26666666666666666 0.06666666666666667 0.06666666666666667 0.16666666666666666 179.40650440449443 101.27877 76.46962599999999 0.9270833333333334 0.010416666666666666 0.0625 0.6666666666666666 0.26666666666666666 0.0 0.06666666666666667 0.0 0.0 0.0 0.0 0.7790697674418605 0.1511627906976744 0.03488372093023256 0.023255813953488372 0.011627906976744186 renqiuchen 10Сʱ_mousemovements
214.006487265625 467.1569436153846 470.3731167142858 384.50712599999997 817.982666 1261.8916780000002 761.544434 0 409.73977862500004 139.8548698181818 376.778823857143 470.91211521428573 159.30639271428572 250.4727398181818 313.5663165909091 504.82278233333335 0.08333333333333333 0.11458333333333333 0.14583333333333334 0.14583333333333334 0.07291666666666667 0.11458333333333333 0.22916666666666666 0.09375 107.6272682434457 130.51700983333333 145.6835974705882 0.9206896551724137 0.020689655172413793 0.05862068965517241 0.6666666666666666 0.13541666666666666 0.07291666666666667 0.0625 0.010416666666666666 0.041666666666666664 0.010416666666666666 0.0 0.5805243445692884 0.2883895131086142 0.07865168539325842 0.018726591760299626 0.033707865168539325 renqiuchen 10Сʱ_mousemovements
340.1930223448276 410.08283766666665 2437.432861 1319.668823 2345.971374666667 2546.171143 592.608215 1827.762878 1233.6835072 471.76999879999994 1351.8964946666665 791.2921503636363 407.64228884615386 485.41113300000006 630.857788 946.99378225 0.1111111111111111 0.1111111111111111 0.06666666666666667 0.24444444444444444 0.28888888888888886 0.06666666666666667 0.022222222222222223 0.08888888888888889 249.27229699999998 14.184397 107.36376808333334 0.9057971014492754 0.007246376811594203 0.08695652173913043 0.6444444444444445 0.13333333333333333 0.022222222222222223 0.022222222222222223 0.06666666666666667 0.044444444444444446 0.022222222222222223 0.044444444444444446 0.6209677419354839 0.24193548387096775 0.08870967741935484 0.04838709677419355 0.0 renqiuchen 10Сʱ_mousemovements
206.23086770000003 685.797638 765.360352 0 5447.592285 947.520935 1104.068359 0 341.883535 831.8049470000001 947.520935 141.981949 94.56823966666667 993.6129 1087.6374907142856 97.92448275 0.1111111111111111 0.07407407407407407 0.037037037037037035 0.037037037037037035 0.1111111111111111 0.07407407407407407 0.25925925925925924 0.2962962962962963 203.81658912857148 0 44.847739999999995 0.9459459459459459 0.0 0.05405405405405406 0.7407407407407407 0.1111111111111111 0.037037037037037035 0.0 0.037037037037037035 0.037037037037037035 0.037037037037037035 0.0 0.5915492957746479 0.30985915492957744 0.08450704225352113 0.014084507042253521 0.0 renqiuchen 10Сʱ_mousemovements
157.76898561904758 407.8645674285714 664.2144166666667 808.4582674999999 1248.947266 761.5330403333332 0 0 156.65617033333334 387.82521162499995 422.12450854545455 287.9835412857143 78.68761423076924 59.7921614 510.795192875 520.2572306 0.05 0.13333333333333333 0.18333333333333332 0.11666666666666667 0.21666666666666667 0.08333333333333333 0.13333333333333333 0.08333333333333333 113.69360817500004 20.141895 5.042145333333334 0.9580838323353293 0.005988023952095809 0.03592814371257485 0.7 0.11666666666666667 0.05 0.06666666666666667 0.016666666666666666 0.05 0.0 0.0 0.5211267605633803 0.352112676056338 0.08450704225352113 0.02112676056338028 0.02112676056338028 renqiuchen 10Сʱ_mousemovements
173.94407281818184 430.13318514285714 698.0404563333333 484.531596 1326.134521 1135.22937 0 0 116.61921633333334 259.336464375 622.5785420000001 229.60738611111114 289.831316875 422.40420283333333 247.7529486666667 412.36436760000004 0.0625 0.16666666666666666 0.0625 0.1875 0.16666666666666666 0.125 0.125 0.10416666666666667 122.5641755 0 67.840298625 0.9354838709677419 0.0 0.06451612903225806 0.6875 0.14583333333333334 0.0625 0.0625 0.020833333333333332 0.020833333333333332 0.0 0.0 0.43478260869565216 0.3217391304347826 0.16521739130434782 0.06086956521739131 0.017391304347826087 renqiuchen 10Сʱ_mousemovements
202.93454561538468 409.47893578571427 787.6935579999999 1652.761963 0 1315.288574 0 0 178.11958980000003 284.54154415384613 706.1288038000001 307.6413516428571 145.0227176 194.20655090000002 455.5343399411764 295.1157035 0.10869565217391304 0.14130434782608695 0.16304347826086957 0.15217391304347827 0.05434782608695652 0.10869565217391304 0.18478260869565216 0.08695652173913043 125.78554618110239 81.35669533333332 64.87877763636362 0.9372693726937269 0.02214022140221402 0.04059040590405904 0.7065217391304348 0.15217391304347827 0.08695652173913043 0.043478260869565216 0.0 0.010869565217391304 0.0 0.0 0.524390243902439 0.27235772357723576 0.08943089430894309 0.06504065040650407 0.04878048780487805 renqiuchen 10Сʱ_mousemovements
135.642686 346.8718292857143 243.17730200000003 397.1690215 346.822052 0 700.605103 0 210.97308625 197.05580333333333 216.30997623076922 183.615585375 114.90282200000004 273.513393875 163.55399125 345.70448825 0.06153846153846154 0.09230769230769231 0.2 0.12307692307692308 0.15384615384615385 0.12307692307692308 0.12307692307692308 0.12307692307692308 67.16813165909092 176.69236725000002 132.22490055555556 0.9312169312169312 0.021164021164021163 0.047619047619047616 0.6307692307692307 0.2153846153846154 0.09230769230769231 0.03076923076923077 0.015384615384615385 0.0 0.015384615384615385 0.0 0.5240963855421686 0.26506024096385544 0.0963855421686747 0.04819277108433735 0.06626506024096386 renqiuchen 10Сʱ_mousemovements
159.51789116 403.4796937 230.91818733333332 648.16832 776.14158625 1985.587402 1104.372559 0 223.4400785 231.071122 753.2967455 271.61815433333334 263.41494766666665 206.00591500000002 172.54690925 753.1661923333332 0.043478260869565216 0.17391304347826086 0.08695652173913043 0.32608695652173914 0.06521739130434782 0.08695652173913043 0.08695652173913043 0.13043478260869565 133.3863349327731 178.447662 38.735051250000005 0.9596774193548387 0.008064516129032258 0.03225806451612903 0.5434782608695652 0.21739130434782608 0.06521739130434782 0.043478260869565216 0.08695652173913043 0.021739130434782608 0.021739130434782608 0.0 0.44954128440366975 0.3211009174311927 0.11926605504587157 0.06422018348623854 0.045871559633027525 renqiuchen 10Сʱ_mousemovements
190.06481353191487 397.34966842105257 470.54556275 476.6148503333334 850.345215 1489.64856 1017.9651693333334 0 176.45028283333332 246.1763515333333 358.2990266818182 272.644633 155.51424422222223 387.51763253333337 268.09552477272723 250.01758154545453 0.09375 0.1171875 0.171875 0.171875 0.0703125 0.1171875 0.171875 0.0859375 102.26302692771088 96.22068437499999 59.314742357142855 0.9378531073446328 0.022598870056497175 0.03954802259887006 0.734375 0.1484375 0.03125 0.046875 0.0078125 0.0078125 0.0234375 0.0 0.5283018867924528 0.3018867924528302 0.09119496855345911 0.05660377358490566 0.0220125786163522 renqiuchen 10Сʱ_mousemovements
179.90058452380956 293.8168806875 350.7384875 601.5115722 0 727.864014 0 773.977173 307.0976865 222.15834909090907 377.15697709999995 220.3198759 244.694433 197.35629250000002 262.4125962142857 259.83730870000005 0.029850746268656716 0.16417910447761194 0.14925373134328357 0.14925373134328357 0.05970149253731343 0.08955223880597014 0.208955223880597 0.14925373134328357 85.69120014646464 72.506171 30.12690728571428 0.9473684210526315 0.019138755980861243 0.03349282296650718 0.6268656716417911 0.23880597014925373 0.029850746268656716 0.07462686567164178 0.0 0.014925373134328358 0.0 0.014925373134328358 0.546875 0.25 0.07291666666666667 0.06770833333333333 0.0625 renqiuchen 10Сʱ_mousemovements
180.7763548536585 547.0150229 508.7808076 488.881119 1930.2308810000002 1036.670532 0 0 190.5313415 330.7071257692308 481.92849925 211.64093640000002 162.9999847 833.6228021428572 274.281654375 329.691325 0.03278688524590164 0.21311475409836064 0.13114754098360656 0.16393442622950818 0.16393442622950818 0.11475409836065574 0.13114754098360656 0.04918032786885246 116.12493173714286 179.43840266666666 73.43351433333333 0.9510869565217391 0.016304347826086956 0.03260869565217391 0.6721311475409836 0.16393442622950818 0.08196721311475409 0.03278688524590164 0.03278688524590164 0.01639344262295082 0.0 0.0 0.5508982035928144 0.2874251497005988 0.08383233532934131 0.041916167664670656 0.03592814371257485 renqiuchen 10Сʱ_mousemovements
184.1844626896551 366.73674320000003 643.31871025 430.8364715 0 0 1626.420288 0 138.5601404 234.73373366666667 469.78339399999993 226.82963566666663 264.516871 271.7570225 226.81586079999997 568.6837944 0.12195121951219512 0.21951219512195122 0.12195121951219512 0.07317073170731707 0.07317073170731707 0.14634146341463414 0.12195121951219512 0.12195121951219512 117.74463064705881 75.277384 75.894112 0.9714285714285714 0.01904761904761905 0.009523809523809525 0.7073170731707317 0.12195121951219512 0.0975609756097561 0.04878048780487805 0.0 0.0 0.024390243902439025 0.0 0.5257731958762887 0.25773195876288657 0.061855670103092786 0.13402061855670103 0.020618556701030927 renqiuchen 10Сʱ_mousemovements
183.97445876785716 427.66817884615375 908.6174316666666 1091.072937 601.557953 1391.844971 0 0 372.83696560000004 260.3363539090909 385.6858393333333 272.10231600000003 177.17386000000002 189.3810174444444 418.1107513 247.46584190000004 0.06493506493506493 0.14285714285714285 0.23376623376623376 0.11688311688311688 0.06493506493506493 0.11688311688311688 0.12987012987012986 0.12987012987012986 115.4813421725888 181.27002 39.46551218181818 0.9425837320574163 0.004784688995215311 0.05263157894736842 0.7272727272727273 0.16883116883116883 0.03896103896103896 0.025974025974025976 0.025974025974025976 0.012987012987012988 0.0 0.0 0.518324607329843 0.28272251308900526 0.09947643979057591 0.07329842931937172 0.02617801047120419 renqiuchen 10Сʱ_mousemovements
150.16520632812504 497.02243100000004 497.88960057142856 0 374.743622 0 0 0 285.3818116666667 212.03616672727273 365.36598825000004 177.18985608333332 172.35776 242.95014229999998 151.78920407692306 310.4509472 0.10714285714285714 0.13095238095238096 0.14285714285714285 0.14285714285714285 0.14285714285714285 0.11904761904761904 0.15476190476190477 0.05952380952380952 86.34083915596328 51.5959384 44.31632187500001 0.9437229437229437 0.021645021645021644 0.03463203463203463 0.7619047619047619 0.14285714285714285 0.08333333333333333 0.0 0.011904761904761904 0.0 0.0 0.0 0.5095238095238095 0.2857142857142857 0.11428571428571428 0.0761904761904762 0.014285714285714285 renqiuchen 10Сʱ_mousemovements
