155.0206353 254.605774 425.860321 994.7191465000001 1266.3708393333334 0 1202.422974 0 312.113655 310.5561095 1478.0955425 388.27698525000005 8.72093 446.31847175 1370.267822 294.024109 0.1111111111111111 0.1111111111111111 0.1111111111111111 0.2222222222222222 0.1111111111111111 0.2222222222222222 0.05555555555555555 0.05555555555555555 190.7335487272727 17.44186 270.642743 0.9166666666666666 0.020833333333333332 0.0625 0.5555555555555556 0.05555555555555555 0.05555555555555555 0.1111111111111111 0.16666666666666666 0.0 0.05555555555555555 0.0 0.5952380952380952 0.23809523809523808 0.11904761904761904 0.047619047619047616 0.0 renqiuchen 3Сʱ_mousemovements
0 0 0 0 0 1557.520874 0 0 1557.520874 0 0 0 0 0 0 0 1.0 0.0 0.0 0.0 0.0 0.0 0.0 0.0 778.760437 0 0 1.0 0.0 0.0 0.0 0.0 0.0 0.0 0.0 1.0 0.0 0.0 0.0 1.0 0.0 0.0 0.0 renqiuchen 3Сʱ_mousemovements
0 0 0 0 0 0 0 0 0 0 0 0 0 0 0 0 0 0 0 0 0 0 0 0 0 0 0 0 0 0 0 0 0 0 0 0 0 0 0 0 0 0 0 renqiuchen 3Сʱ_mousemovements
0 0 0 0 0 0 0 0 0 0 0 0 0 0 0 0 0 0 0 0 0 0 0 0 0 0 0 0 0 0 0 0 0 0 0 0 0 0 0 0 0 0 0 renqiuchen 3Сʱ_mousemovements
143.57088781818183 1137.0103353333332 671.5466156666666 1330.8375446666666 0 0 1118.8726805000001 2521.038086 317.0953065 929.80059625 1435.625488 1345.008896 564.6244976666666 605.9565913333333 104.47484333333334 817.0864255 0.08695652173913043 0.17391304347826086 0.043478260869565216 0.08695652173913043 0.13043478260869565 0.2608695652173913 0.13043478260869565 0.08695652173913043 237.108421625 0 116.26154319999998 0.927536231884058 0.0 0.07246376811594203 0.4782608695652174 0.13043478260869565 0.13043478260869565 0.13043478260869565 0.0 0.0 0.08695652173913043 0.043478260869565216 0.5538461538461539 0.2923076923076923 0.12307692307692308 0.015384615384615385 0.015384615384615385 renqiuchen 3Сʱ_mousemovements
221.27423275 425.658203 641.878601 777.6169496 1863.9616496666665 669.260742 2129.236572 3537.860107 304.122378 1426.71557625 3537.860107 0 1221.5656126666665 769.8314616666667 415.8461 610.916992 0.17647058823529413 0.23529411764705882 0.058823529411764705 0.0 0.17647058823529413 0.17647058823529413 0.058823529411764705 0.11764705882352941 313.6609802037038 0 207.8169805 0.9310344827586207 0.0 0.06896551724137931 0.23529411764705882 0.058823529411764705 0.058823529411764705 0.29411764705882354 0.17647058823529413 0.058823529411764705 0.058823529411764705 0.058823529411764705 0.5789473684210527 0.22807017543859648 0.10526315789473684 0.017543859649122806 0.07017543859649122 renqiuchen 3Сʱ_mousemovements
191.0800663225807 733.931583 954.5498859999999 1321.5871429999997 845.3175046666667 1531.94338975 968.51416 0 266.9074741 64.4504815 1245.867698625 703.67803 218.07303825 331.7162883333333 527.8384665833333 384.6507593333333 0.18181818181818182 0.03636363636363636 0.14545454545454545 0.18181818181818182 0.07272727272727272 0.05454545454545454 0.21818181818181817 0.10909090909090909 170.77515607499996 0 175.71057611764707 0.903954802259887 0.0 0.096045197740113 0.5636363636363636 0.16363636363636364 0.05454545454545454 0.07272727272727272 0.05454545454545454 0.07272727272727272 0.01818181818181818 0.0 0.5481927710843374 0.3132530120481928 0.0783132530120482 0.04216867469879518 0.018072289156626505 renqiuchen 3Сʱ_mousemovements
290.8277808095238 565.4133425 1340.535645 378.9273273333333 0 1278.44519 1157.88623 0 168.75468933333335 366.4317245 565.5461576666667 585.2297421999999 306.8567376 703.2786864999999 425.33897400000006 453.79105599999997 0.09090909090909091 0.12121212121212122 0.09090909090909091 0.15151515151515152 0.15151515151515152 0.06060606060606061 0.12121212121212122 0.21212121212121213 168.975397375 0 179.0961418 0.9411764705882353 0.0 0.058823529411764705 0.6363636363636364 0.18181818181818182 0.030303030303030304 0.09090909090909091 0.0 0.030303030303030304 0.030303030303030304 0.0 0.6103896103896104 0.22077922077922077 0.06493506493506493 0.05194805194805195 0.05194805194805195 renqiuchen 3Сʱ_mousemovements
0 0 0 0 0 0 0 0 0 0 0 0 0 0 0 0 0 0 0 0 0 0 0 0 0 0 0 0 0 0 0 0 0 0 0 0 0 0 0 0 0 0 0 renqiuchen 3Сʱ_mousemovements
181.91982275 418.482184375 612.83698 599.62834 998.8312320000001 1179.979304 1590.235229 1800.7456665 765.7675917777777 745.883067875 276.906227 640.8202755555557 217.4516515 562.1667820833334 546.87112425 487.47643274999996 0.16666666666666666 0.14814814814814814 0.07407407407407407 0.16666666666666666 0.07407407407407407 0.2222222222222222 0.07407407407407407 0.07407407407407407 182.4418905483871 258.488899 168.2317276875 0.8959537572254336 0.011560693641618497 0.09248554913294797 0.37037037037037035 0.14814814814814814 0.05555555555555555 0.16666666666666666 0.09259259259259259 0.1111111111111111 0.018518518518518517 0.037037037037037035 0.44 0.34 0.12 0.06 0.04 renqiuchen 3Сʱ_mousemovements
3.368624 483.192871 0 0 0 2056.930176 0 0 0 0 483.192871 0 3.368624 0 0 2056.930176 0.0 0.0 0.3333333333333333 0.0 0.3333333333333333 0.0 0.0 0.3333333333333333 317.515380875 0 3.368624 0.8888888888888888 0.0 0.1111111111111111 0.3333333333333333 0.3333333333333333 0.0 0.0 0.0 0.3333333333333333 0.0 0.0 0.0 1.0 0.0 0.0 0.0 renqiuchen 3Сʱ_mousemovements
296.275988 612.5425720000001 554.928711 0 0 0 757.952026 0 193.7655375 314.1321375 458.71411149999994 522.6027525 0 643.966812 144.81234566666666 38.32085 0.1111111111111111 0.1111111111111111 0.2222222222222222 0.1111111111111111 0.0 0.2222222222222222 0.16666666666666666 0.05555555555555555 144.02794354166664 0 15.570573 0.96 0.0 0.04 0.7222222222222222 0.1111111111111111 0.1111111111111111 0.0 0.0 0.0 0.05555555555555555 0.0 0.6222222222222222 0.2 0.044444444444444446 0.044444444444444446 0.08888888888888889 renqiuchen 3Сʱ_mousemovements
143.84095968421053 1075.5314088 814.310303 0 0 2086.881897 0 0 13.526259000000001 102.59287666666667 2843.817627 948.1294612500001 255.24431919999998 311.18573 255.91611874999998 638.351793 0.1111111111111111 0.1111111111111111 0.037037037037037035 0.14814814814814814 0.18518518518518517 0.07407407407407407 0.14814814814814814 0.18518518518518517 211.09409114516131 0 10.875724 0.9841269841269841 0.0 0.015873015873015872 0.7037037037037037 0.18518518518518517 0.037037037037037035 0.0 0.0 0.07407407407407407 0.0 0.0 0.56 0.24 0.14 0.02 0.04 renqiuchen 3Сʱ_mousemovements
245.09357766666665 1004.3949230000002 608.6955463333334 466.149017 987.901733 0 0 1181.063477 1181.063477 459.3000766666667 1760.384033 545.134575 957.490051 315.8582535 194.852743 466.149017 0.06666666666666667 0.2 0.06666666666666667 0.26666666666666666 0.06666666666666667 0.13333333333333333 0.13333333333333333 0.06666666666666667 164.20324028888888 483.571289 214.44599980000004 0.8823529411764706 0.0196078431372549 0.09803921568627451 0.4 0.2 0.2 0.06666666666666667 0.06666666666666667 0.0 0.0 0.06666666666666667 0.6041666666666666 0.20833333333333334 0.14583333333333334 0.041666666666666664 0.0 renqiuchen 3Сʱ_mousemovements
174.2821899285714 394.75830333333334 679.4808822000001 512.1420083333334 0 0 1107.384033 0 394.2972214 91.671582625 265.89702 321.5529221538462 248.83561725 256.78035700000004 473.718811 654.6982364999999 0.11627906976744186 0.18604651162790697 0.11627906976744186 0.3023255813953488 0.09302325581395349 0.046511627906976744 0.046511627906976744 0.09302325581395349 99.46084270312501 0 111.73554820000001 0.9624060150375939 0.0 0.03759398496240601 0.6511627906976745 0.13953488372093023 0.11627906976744186 0.06976744186046512 0.0 0.0 0.023255813953488372 0.0 0.5470085470085471 0.2222222222222222 0.1111111111111111 0.07692307692307693 0.042735042735042736 renqiuchen 3Сʱ_mousemovements
232.6845983 381.656891 205.253967 256.576019 0 1047.9487913333335 1241.621704 0 322.16024733333336 421.7241819999999 491.2852783333333 182.791397 197.86508149999997 1312.432129 749.576202 38.46154 0.17647058823529413 0.23529411764705882 0.17647058823529413 0.058823529411764705 0.11764705882352941 0.058823529411764705 0.11764705882352941 0.058823529411764705 149.12834020833333 0 99.41015199999998 0.9230769230769231 0.0 0.07692307692307693 0.5882352941176471 0.058823529411764705 0.058823529411764705 0.058823529411764705 0.0 0.17647058823529413 0.058823529411764705 0.0 0.5813953488372093 0.11627906976744186 0.20930232558139536 0.09302325581395349 0.0 renqiuchen 3Сʱ_mousemovements
155.836058 238.009476 365.4068225 506.607391 628.6491699999999 0 1044.3990785 504.741638 614.4661716666666 180.643738 52.02607 748.4830320000001 0 388.7178293333333 187.201602 0 0.1875 0.125 0.0625 0.1875 0.0 0.1875 0.25 0.0 86.77307005769231 0 380.984282 0.9122807017543859 0.0 0.08771929824561403 0.4375 0.0625 0.125 0.0625 0.125 0.0 0.125 0.0625 0.5471698113207547 0.22641509433962265 0.11320754716981132 0.11320754716981132 0.0 renqiuchen 3Сʱ_mousemovements
0 0 0 0 0 0 0 0 0 0 0 0 0 0 0 0 0 0 0 0 0 0 0 0 0 0 0 0 0 0 0 0 0 0 0 0 0 0 0 0 0 0 0 renqiuchen 3Сʱ_mousemovements
291.10458766666665 257.0346717142857 841.3784592 1328.82044975 1276.8002625 2001.4425760000001 1897.4569095 624.858398 1086.6216508333332 621.8187812857142 1190.9870096666666 496.757797 600.26512575 748.7839334666666 363.1083948888889 711.9297546 0.1016949152542373 0.11864406779661017 0.1016949152542373 0.05084745762711865 0.13559322033898305 0.2542372881355932 0.15254237288135594 0.0847457627118644 201.5006877526882 38.627419 255.38977984210524 0.9029126213592233 0.0048543689320388345 0.09223300970873786 0.4576271186440678 0.11864406779661017 0.1694915254237288 0.06779661016949153 0.03389830508474576 0.1016949152542373 0.03389830508474576 0.01694915254237288 0.634020618556701 0.24742268041237114 0.08247422680412371 0.030927835051546393 0.005154639175257732 renqiuchen 3Сʱ_mousemovements
0 0 0 0 542.276001 0 1387.322021 0 1387.322021 0 0 0 0 542.276001 0 0 0.5 0.0 0.0 0.0 0.0 0.5 0.0 0.0 231.22033683333333 0 542.276001 0.8571428571428571 0.0 0.14285714285714285 0.0 0.0 0.0 0.0 0.5 0.0 0.5 0.0 0.6666666666666666 0.0 0.16666666666666666 0.0 0.16666666666666666 renqiuchen 3Сʱ_mousemovements
372.59396890909085 357.234711 1052.464478 2422.3021544999997 0 0 0 675.885071 442.14415 713.4259340000001 1033.6892898 210.135897 675.885071 583.982727 0 0 0.1875 0.25 0.3125 0.125 0.0625 0.0625 0.0 0.0 233.2364271627907 63.037083 234.129694 0.8958333333333334 0.020833333333333332 0.08333333333333333 0.6875 0.0625 0.0625 0.125 0.0 0.0 0.0 0.0625 0.5952380952380952 0.2619047619047619 0.11904761904761904 0.023809523809523808 0.0 renqiuchen 3Сʱ_mousemovements
0 0 0 0 0 0 0 0 0 0 0 0 0 0 0 0 0 0 0 0 0 0 0 0 0 0 0 0 0 0 0 0 0 0 0 0 0 0 0 0 0 0 0 renqiuchen 3Сʱ_mousemovements
0 0 0 0 0 0 0 0 0 0 0 0 0 0 0 0 0 0 0 0 0 0 0 0 0 0 0 0 0 0 0 0 0 0 0 0 0 0 0 0 0 0 0 renqiuchen 3Сʱ_mousemovements
199.2470395 0 462.850952 1043.345825 0 0 0 0 0 612.2826765000001 462.850952 0 0 0 217.274551 0 0.0 0.5 0.25 0.0 0.0 0.0 0.25 0.0 158.724238 0 0 1.0 0.0 0.0 0.5 0.0 0.25 0.25 0.0 0.0 0.0 0.0 0.3 0.4 0.2 0.0 0.1 renqiuchen 3Сʱ_mousemovements
