185.793304 0 0 0 0 0 0 0 0 0 0 185.793304 0 0 0 0 0.0 0.0 0.0 1.0 0.0 0.0 0.0 0.0 92.896652 0 0 1.0 0.0 0.0 1.0 0.0 0.0 0.0 0.0 0.0 0.0 0.0 0.0 1.0 0.0 0.0 0.0 renqiuchen 8Сʱ_mousemovements
0 0 0 0 0 0 0 0 0 0 0 0 0 0 0 0 0 0 0 0 0 0 0 0 0 0 0 0 0 0 0 0 0 0 0 0 0 0 0 0 0 0 0 renqiuchen 8Сʱ_mousemovements
0 0 0 0 0 0 0 0 0 0 0 0 0 0 0 0 0 0 0 0 0 0 0 0 0 0 0 0 0 0 0 0 0 0 0 0 0 0 0 0 0 0 0 renqiuchen 8Сʱ_mousemovements
173.71935266666665 617.3453065 0 1083.3270265 981.460632 0 0 0 524.383072 617.3453065 0 507.1890065 0 0 1444.838257 161.290329 0.25 0.25 0.0 0.25 0.0 0.0 0.125 0.125 231.95457023809527 0 32.917381 0.9545454545454546 0.0 0.045454545454545456 0.375 0.25 0.0 0.25 0.125 0.0 0.0 0.0 0.3888888888888889 0.3333333333333333 0.2777777777777778 0.0 0.0 renqiuchen 8Сʱ_mousemovements
142.59706212499998 302.97345 412.644119 360.7539825 1321.703247 2314.581299 767.226257 1076.177368 0 88.7864635 771.3796615 560.754383 410.289856 311.218109 251.302139 1035.0664563333332 0.0 0.23529411764705882 0.11764705882352941 0.23529411764705882 0.058823529411764705 0.058823529411764705 0.11764705882352941 0.17647058823529413 144.182754754717 465.157806 90.84762825 0.9137931034482759 0.017241379310344827 0.06896551724137931 0.47058823529411764 0.058823529411764705 0.11764705882352941 0.11764705882352941 0.058823529411764705 0.058823529411764705 0.058823529411764705 0.058823529411764705 0.5471698113207547 0.2830188679245283 0.09433962264150944 0.03773584905660377 0.03773584905660377 renqiuchen 8Сʱ_mousemovements
0 237.043884 0 0 0 0 0 0 0 0 0 237.043884 0 0 0 0 0.0 0.0 0.0 1.0 0.0 0.0 0.0 0.0 0.0 0 237.043884 0.8333333333333334 0.0 0.16666666666666666 0.0 1.0 0.0 0.0 0.0 0.0 0.0 0.0 0.8 0.0 0.0 0.2 0.0 renqiuchen 8Сʱ_mousemovements
132.06187866666667 237.18067499999998 701.5208128333334 910.3924356666666 565.6721494999999 1466.4816283333332 844.2641503333334 2249.182637666667 809.6393576250001 314.2217864285714 581.3010761666667 315.8617935 230.05619966666666 320.50130637499996 597.6655081428572 581.5944858571429 0.12698412698412698 0.1111111111111111 0.09523809523809523 0.06349206349206349 0.14285714285714285 0.12698412698412698 0.2222222222222222 0.1111111111111111 152.62942662499998 380.569672 325.75670019999995 0.9411764705882353 0.0053475935828877 0.053475935828877004 0.5238095238095238 0.1111111111111111 0.09523809523809523 0.09523809523809523 0.031746031746031744 0.047619047619047616 0.047619047619047616 0.047619047619047616 0.5269461077844312 0.2754491017964072 0.10778443113772455 0.041916167664670656 0.04790419161676647 renqiuchen 8Сʱ_mousemovements
173.88587110169496 712.1202840666666 660.4699008571428 527.5762849 828.0733904285714 4651.2485965000005 571.1587445 1724.2663575000001 283.58539630000007 964.1444689230769 558.3251337142857 581.2142925555555 269.98602494736843 358.2572118571428 517.3704910588235 431.4455078 0.09433962264150944 0.12264150943396226 0.1320754716981132 0.08490566037735849 0.1792452830188679 0.1320754716981132 0.16037735849056603 0.09433962264150944 172.40369883150186 274.04753 246.81720575 0.9381443298969072 0.020618556701030927 0.041237113402061855 0.5566037735849056 0.14150943396226415 0.0660377358490566 0.09433962264150944 0.0660377358490566 0.018867924528301886 0.03773584905660377 0.018867924528301886 0.5254901960784314 0.2823529411764706 0.10588235294117647 0.047058823529411764 0.0392156862745098 renqiuchen 8Сʱ_mousemovements
151.31012103703705 457.4467637058824 782.9040955333334 744.4798786666667 746.4346376000001 354.441414 1789.833862 804.2219849999999 74.9676845 283.32136423529414 737.57564015 256.10219235294113 182.08495505555558 289.43797231250005 396.35840409090906 198.96582752941177 0.015503875968992248 0.13178294573643412 0.15503875968992248 0.13178294573643412 0.13953488372093023 0.12403100775193798 0.17054263565891473 0.13178294573643412 129.1293820283019 124.18653911111109 190.16670029999997 0.9436201780415431 0.026706231454005934 0.02967359050445104 0.627906976744186 0.13178294573643412 0.11627906976744186 0.046511627906976744 0.03875968992248062 0.015503875968992248 0.007751937984496124 0.015503875968992248 0.5180327868852459 0.26557377049180325 0.10491803278688525 0.04918032786885246 0.06229508196721312 renqiuchen 8Сʱ_mousemovements
148.3076660555555 390.35122976190473 731.9551195454545 730.1810353333334 638.2246703333334 953.433792 1449.0541870000002 2918.7458494999996 815.6259230000001 225.80429599999994 525.17039875 323.98398770833336 247.5197635238095 270.153455 323.1386116666667 621.8903498823528 0.0967741935483871 0.10483870967741936 0.0967741935483871 0.1935483870967742 0.1693548387096774 0.08064516129032258 0.12096774193548387 0.13709677419354838 153.51644466006596 428.978333 264.56925466666667 0.9588607594936709 0.0031645569620253164 0.0379746835443038 0.5806451612903226 0.1693548387096774 0.08870967741935484 0.04838709677419355 0.024193548387096774 0.03225806451612903 0.04032258064516129 0.016129032258064516 0.4948453608247423 0.26804123711340205 0.13058419243986255 0.058419243986254296 0.048109965635738834 renqiuchen 8Сʱ_mousemovements
192.67505371264377 531.8266102916667 587.896114375 550.45474225 1254.0080565 738.9920715999999 2539.2036745 1459.3873596666665 982.9100199999999 414.8307981999999 328.059227 368.63704640000003 312.09146752380946 360.34121293333334 172.2441980740741 528.0321965625002 0.07407407407407407 0.1111111111111111 0.08148148148148149 0.14814814814814814 0.15555555555555556 0.1111111111111111 0.2 0.11851851851851852 124.00879630050501 6.1691975 110.04742122222221 0.9317647058823529 0.004705882352941176 0.06352941176470588 0.6444444444444445 0.17777777777777778 0.05925925925925926 0.02962962962962963 0.014814814814814815 0.037037037037037035 0.014814814814814815 0.022222222222222223 0.5710659898477157 0.25888324873096447 0.09137055837563451 0.048223350253807105 0.030456852791878174 renqiuchen 8Сʱ_mousemovements
212.2384670454545 799.9902569999999 813.0775148 1341.518341 578.1961259999999 3089.065186 1158.622294 0 667.7728445 196.82708344444444 768.228965125 595.5641206666668 314.9303875333334 376.34904480000006 586.692215 496.05593875 0.09090909090909091 0.13636363636363635 0.12121212121212122 0.09090909090909091 0.22727272727272727 0.15151515151515152 0.12121212121212122 0.06060606060606061 150.56312354594596 352.805913 174.9909404 0.9343434343434344 0.015151515151515152 0.050505050505050504 0.6666666666666666 0.06060606060606061 0.07575757575757576 0.045454545454545456 0.09090909090909091 0.015151515151515152 0.045454545454545456 0.0 0.5257142857142857 0.25142857142857145 0.12571428571428572 0.05714285714285714 0.04 renqiuchen 8Сʱ_mousemovements
189.22691799999998 673.5198736666666 822.1036205 1517.6627349999999 631.2572813999999 1331.65632 1717.838867 1586.6296995 737.3187985999999 523.7132356923076 871.0468307999998 398.12689209999996 352.62284950000003 399.1111502857143 507.4862128333334 866.9830246153846 0.053763440860215055 0.13978494623655913 0.16129032258064516 0.10752688172043011 0.12903225806451613 0.07526881720430108 0.1935483870967742 0.13978494623655913 198.35145377108427 917.618801 267.70508900000004 0.939622641509434 0.007547169811320755 0.052830188679245285 0.5483870967741935 0.0967741935483871 0.08602150537634409 0.08602150537634409 0.053763440860215055 0.07526881720430108 0.010752688172043012 0.043010752688172046 0.502092050209205 0.30962343096234307 0.08368200836820083 0.05439330543933055 0.0502092050209205 renqiuchen 8Сʱ_mousemovements
182.77973288888884 606.6839294666667 1065.823066153846 832.092132625 657.9314643333332 1106.4207999999999 816.290751 592.0495605 637.9708776666666 403.68682050000007 376.8945927647059 435.0404125 585.8308490769231 409.61626812500003 410.93113082608687 706.6827516666668 0.14754098360655737 0.09836065573770492 0.13934426229508196 0.13114754098360656 0.10655737704918032 0.06557377049180328 0.1885245901639344 0.12295081967213115 169.60465019877677 19.12079025 231.9435005454545 0.9263456090651558 0.0113314447592068 0.06232294617563739 0.5163934426229508 0.12295081967213115 0.10655737704918032 0.06557377049180328 0.07377049180327869 0.07377049180327869 0.02459016393442623 0.01639344262295082 0.5015197568389058 0.2948328267477204 0.09422492401215805 0.0790273556231003 0.030395136778115502 renqiuchen 8Сʱ_mousemovements
150.39836585393257 400.43138361538456 581.4127719999999 1036.814472125 846.1043152 1485.6568735714286 2103.631104 744.7883987499999 439.55048580000005 618.8107000000001 280.1867243125 258.77773059259266 336.3087690476191 442.70610999999997 242.42765663157897 721.5486697333333 0.07194244604316546 0.11510791366906475 0.11510791366906475 0.19424460431654678 0.1510791366906475 0.1079136690647482 0.1366906474820144 0.1079136690647482 124.39526773056994 309.632614 250.52220492 0.9346246973365617 0.004842615012106538 0.06053268765133172 0.6402877697841727 0.09352517985611511 0.050359712230215826 0.05755395683453238 0.07194244604316546 0.050359712230215826 0.007194244604316547 0.02877697841726619 0.5974025974025974 0.23636363636363636 0.08311688311688312 0.04155844155844156 0.04155844155844156 renqiuchen 8Сʱ_mousemovements
122.81113745714286 379.5529416 396.55886814285714 879.6833799999999 781.0879041111111 758.6389159999999 620.241333 2514.086426 780.4853745 213.5677628 481.6255939999999 373.93074030769236 291.66350127777775 284.07803724999997 170.58397785714286 566.1521405555555 0.06349206349206349 0.07936507936507936 0.047619047619047616 0.20634920634920634 0.2857142857142857 0.06349206349206349 0.1111111111111111 0.14285714285714285 89.88496409278352 27.355192 356.651923375 0.919431279620853 0.004739336492890996 0.07582938388625593 0.5555555555555556 0.07936507936507936 0.1111111111111111 0.031746031746031744 0.14285714285714285 0.047619047619047616 0.015873015873015872 0.015873015873015872 0.6105263157894737 0.2 0.1 0.07368421052631578 0.015789473684210527 renqiuchen 8Сʱ_mousemovements
196.05775149206352 395.3939801904762 155.36573775 742.3142568571428 861.9891355 876.00983425 0 638.4859413333334 304.06357399999996 447.44199092307696 377.45989766666673 209.2543626875 292.6260627391304 219.106456625 406.76200133333333 353.7948619285714 0.08653846153846154 0.125 0.08653846153846154 0.15384615384615385 0.22115384615384615 0.07692307692307693 0.11538461538461539 0.1346153846153846 113.65720828260865 85.118774 180.12848741666667 0.9550173010380623 0.0034602076124567475 0.04152249134948097 0.6057692307692307 0.20192307692307693 0.038461538461538464 0.0673076923076923 0.019230769230769232 0.038461538461538464 0.0 0.028846153846153848 0.5686274509803921 0.2627450980392157 0.08627450980392157 0.043137254901960784 0.0392156862745098 renqiuchen 8Сʱ_mousemovements
272.73805080000005 572.3485032272728 669.1949091428571 1491.0053830000002 949.4309275454543 2137.3770388000003 953.272278 2097.229248 1019.5884186 657.3535969999999 432.64044842857146 472.76222699999994 533.9391424375 716.004381375 515.1633997692308 1041.6199755714285 0.11235955056179775 0.10112359550561797 0.07865168539325842 0.1348314606741573 0.1797752808988764 0.0898876404494382 0.14606741573033707 0.15730337078651685 224.80795639442235 0 302.9049655384615 0.9507575757575758 0.0 0.04924242424242424 0.39325842696629215 0.24719101123595505 0.07865168539325842 0.056179775280898875 0.12359550561797752 0.056179775280898875 0.033707865168539325 0.011235955056179775 0.5450643776824035 0.24034334763948498 0.13304721030042918 0.055793991416309016 0.02575107296137339 renqiuchen 8Сʱ_mousemovements
199.43371670149253 368.5012266666667 812.347582 1074.91438675 1276.024827777778 1054.0995238 1236.346307 782.458496 710.766546 200.77705828571428 737.854106875 487.26012623076923 286.6661738823529 218.6755443333333 371.3264503749999 872.5171752105265 0.09734513274336283 0.061946902654867256 0.07079646017699115 0.23008849557522124 0.1504424778761062 0.07964601769911504 0.1415929203539823 0.168141592920354 169.3891398662421 71.5033672 277.7088605384616 0.9457831325301205 0.015060240963855422 0.0391566265060241 0.5929203539823009 0.07964601769911504 0.061946902654867256 0.07079646017699115 0.07964601769911504 0.04424778761061947 0.061946902654867256 0.008849557522123894 0.5573770491803278 0.22295081967213115 0.10163934426229508 0.06229508196721312 0.05573770491803279 renqiuchen 8Сʱ_mousemovements
123.32766893333333 524.2037734166666 287.41358975 677.725641 872.7947386666666 1116.908549 1347.8478759999998 1577.9761718 396.8653155 404.061566923077 575.7676827142857 502.22686516666664 283.5709238888889 734.830891 147.577763 1667.6010072000001 0.08955223880597014 0.19402985074626866 0.1044776119402985 0.08955223880597014 0.13432835820895522 0.16417910447761194 0.14925373134328357 0.07462686567164178 169.4009961725888 4.926108 134.60505084615386 0.933649289099526 0.004739336492890996 0.061611374407582936 0.44776119402985076 0.1791044776119403 0.05970149253731343 0.07462686567164178 0.04477611940298507 0.04477611940298507 0.07462686567164178 0.07462686567164178 0.5181347150259067 0.26424870466321243 0.10880829015544041 0.07253886010362694 0.03626943005181347 renqiuchen 8Сʱ_mousemovements
153.85719169444445 490.2998785714285 855.314941 1299.9986265714288 863.8653415 877.533508 2969.910645 997.8172403333333 465.11686380000003 58.948043199999994 516.694082 417.7480104 232.04033255555558 494.39115300000003 435.0005606666666 866.5733168571429 0.08333333333333333 0.08333333333333333 0.11666666666666667 0.16666666666666666 0.15 0.06666666666666667 0.1 0.23333333333333334 154.2808960055866 223.72658433333336 93.51604800000001 0.9322916666666666 0.015625 0.052083333333333336 0.6 0.11666666666666667 0.016666666666666666 0.11666666666666667 0.06666666666666667 0.016666666666666666 0.016666666666666666 0.05 0.5777777777777777 0.2388888888888889 0.1 0.044444444444444446 0.03888888888888889 renqiuchen 8Сʱ_mousemovements
148.43997098148142 409.583613 819.7868304285714 1240.1250002000002 806.379134 1379.06566625 830.3341673333333 541.1768696666667 586.7748396000001 517.04345975 659.7901186666666 395.81393147058816 208.55791854999998 194.093846375 574.8930745714285 626.9873168461538 0.10526315789473684 0.042105263157894736 0.09473684210526316 0.17894736842105263 0.21052631578947367 0.08421052631578947 0.14736842105263157 0.1368421052631579 130.38162940213522 14.153310333333332 292.3209825 0.9243421052631579 0.009868421052631578 0.06578947368421052 0.5684210526315789 0.06315789473684211 0.07368421052631578 0.05263157894736842 0.1368421052631579 0.042105263157894736 0.031578947368421054 0.031578947368421054 0.5773584905660377 0.24528301886792453 0.0830188679245283 0.045283018867924525 0.04905660377358491 renqiuchen 8Сʱ_mousemovements
123.10568813684215 445.25700258333336 789.3816375 989.8126829999998 728.9792175 1067.3460206000002 832.100159 0 464.57769018181824 457.3394454166667 343.0110427142857 158.80566882608696 125.40119342857142 306.2718077777778 373.42943779999996 440.826914 0.08461538461538462 0.09230769230769231 0.1076923076923077 0.17692307692307693 0.2692307692307692 0.06923076923076923 0.07692307692307693 0.12307692307692308 101.70581609142857 75.033722 82.12853787500002 0.9536784741144414 0.0027247956403269754 0.043596730245231606 0.7307692307692307 0.09230769230769231 0.07692307692307693 0.023076923076923078 0.03076923076923077 0.038461538461538464 0.007692307692307693 0.0 0.5386904761904762 0.24404761904761904 0.12202380952380952 0.06547619047619048 0.02976190476190476 renqiuchen 8Сʱ_mousemovements
200.15738924074074 444.03790661904776 483.94412612499997 720.1253323333334 688.0331765 1104.41312425 2270.31459825 1625.43525675 312.9772582352941 588.3131967142857 332.15593121739124 533.7417161052632 186.6128858484849 228.9778174444444 429.74831400000005 703.4985832727273 0.10240963855421686 0.12650602409638553 0.13855421686746988 0.1144578313253012 0.19879518072289157 0.10843373493975904 0.0783132530120482 0.13253012048192772 150.7509513018868 20.488846 189.3340908 0.9614512471655329 0.0045351473922902496 0.034013605442176874 0.6506024096385542 0.12650602409638553 0.04819277108433735 0.05421686746987952 0.04819277108433735 0.024096385542168676 0.024096385542168676 0.024096385542168676 0.5748792270531401 0.21739130434782608 0.11352657004830918 0.06038647342995169 0.033816425120772944 renqiuchen 8Сʱ_mousemovements
