163.5550331 0 727.593933 286.401123 569.503001 1597.861572 852.96167 1204.9012754999999 1184.2906495 429.814972 504.31426999999996 96.15509325 197.54838949999998 1133.851664 444.93396275 89.120655 0.1 0.05 0.1 0.2 0.1 0.15 0.2 0.1 111.18173125333333 0 178.6271413333333 0.8928571428571429 0.0 0.10714285714285714 0.5 0.0 0.1 0.05 0.15 0.05 0.05 0.1 0.6438356164383562 0.1506849315068493 0.0958904109589041 0.0821917808219178 0.0273972602739726 wanghe 1Сʱ_mousemovements
93.2166023 504.8643835 382.010437 354.74661266666664 461.779816 0 0 0 355.04947675 1065.082275 0 205.468094 121.06736599999999 300.159479 90.73265649999999 0 0.21052631578947367 0.05263157894736842 0.0 0.05263157894736842 0.2631578947368421 0.21052631578947367 0.21052631578947367 0.0 86.69147790196077 0 146.129425 0.9444444444444444 0.0 0.05555555555555555 0.5263157894736842 0.21052631578947367 0.05263157894736842 0.15789473684210525 0.05263157894736842 0.0 0.0 0.0 0.4897959183673469 0.22448979591836735 0.1836734693877551 0.04081632653061224 0.061224489795918366 wanghe 1Сʱ_mousemovements
127.42420228571427 611.9871340000001 892.4538269999999 0 727.4505465 1229.382202 0 1241.136108 3.352156 661.6346258333333 165.928101 0 673.1182792 567.6469575 629.5827026666667 362.892914 0.05263157894736842 0.3157894736842105 0.05263157894736842 0.0 0.2631578947368421 0.10526315789473684 0.15789473684210525 0.05263157894736842 199.34128407843139 0 145.04177140000002 0.9107142857142857 0.0 0.08928571428571429 0.3684210526315789 0.2631578947368421 0.10526315789473684 0.0 0.10526315789473684 0.10526315789473684 0.0 0.05263157894736842 0.4791666666666667 0.1875 0.25 0.08333333333333333 0.0 wanghe 1Сʱ_mousemovements
103.79600849999999 317.1809235 303.494415 670.315155 683.560303 337.453461 0 1076.6375429999998 483.74116499999997 895.481873 198.9783405 87.83593 171.35546025000002 762.0270386666666 257.798462 324.056961 0.17647058823529413 0.058823529411764705 0.11764705882352941 0.058823529411764705 0.23529411764705882 0.17647058823529413 0.058823529411764705 0.11764705882352941 52.4827123898305 0 451.679161125 0.8805970149253731 0.0 0.11940298507462686 0.35294117647058826 0.23529411764705882 0.058823529411764705 0.11764705882352941 0.058823529411764705 0.058823529411764705 0.0 0.11764705882352941 0.5689655172413793 0.22413793103448276 0.1206896551724138 0.06896551724137931 0.017241379310344827 wanghe 1Сʱ_mousemovements
106.116599 549.45814525 674.648438 871.8096923333333 634.397522 1182.88208 1919.4073486666666 1895.8927816666667 664.62089175 1290.458725 755.55405425 479.518057 231.28385111111115 922.72509775 316.04653912500004 876.072632 0.1 0.1 0.1 0.1 0.225 0.1 0.2 0.075 197.49940787850466 33.091111999999995 278.55925611111115 0.9067796610169492 0.01694915254237288 0.07627118644067797 0.4878048780487805 0.1951219512195122 0.024390243902439025 0.07317073170731707 0.04878048780487805 0.024390243902439025 0.07317073170731707 0.07317073170731707 0.5754716981132075 0.2358490566037736 0.09433962264150944 0.05660377358490566 0.03773584905660377 wanghe 1Сʱ_mousemovements
170.58114649999996 443.4020423333333 0 471.57335675 621.919632 450.777802 0 1253.864166 0 311.05367466666667 493.1398341666666 113.95969 191.33892342857143 353.2245203333334 385.63113699999997 653.4912516666667 0.0 0.24324324324324326 0.16216216216216217 0.10810810810810811 0.1891891891891892 0.08108108108108109 0.13513513513513514 0.08108108108108109 85.09563705172414 0 219.22853366666666 0.90625 0.0 0.09375 0.5945945945945946 0.16216216216216217 0.0 0.10810810810810811 0.05405405405405406 0.02702702702702703 0.0 0.05405405405405406 0.6190476190476191 0.2 0.11428571428571428 0.047619047619047616 0.01904761904761905 wanghe 1Сʱ_mousemovements
106.06878215789474 365.626094875 669.1451568333333 1415.799698 0 485.62384 0 0 0 461.086262 420.68839766666673 390.05215439999995 121.68463777777778 1129.882883 225.6525284 395.30770275000003 0.0 0.13157894736842105 0.15789473684210525 0.13157894736842105 0.23684210526315788 0.10526315789473684 0.13157894736842105 0.10526315789473684 116.22581757575757 1378.446411 201.74607654545454 0.8918918918918919 0.009009009009009009 0.0990990990990991 0.5 0.21052631578947367 0.15789473684210525 0.10526315789473684 0.0 0.02631578947368421 0.0 0.0 0.6020408163265306 0.22448979591836735 0.10204081632653061 0.04081632653061224 0.030612244897959183 wanghe 1Сʱ_mousemovements
70.76849128571428 315.3198395 248.566132 0 962.5335085 1802.672607 0 0 704.63385 681.244629 26.4825915 180.48700314285716 0 109.83357649999999 75.65609716666665 694.8193296666667 0.034482758620689655 0.034482758620689655 0.06896551724137931 0.4827586206896552 0.0 0.06896551724137931 0.20689655172413793 0.10344827586206896 78.64453569999999 12.856487 104.826022 0.9411764705882353 0.011764705882352941 0.047058823529411764 0.7241379310344828 0.13793103448275862 0.034482758620689655 0.0 0.06896551724137931 0.034482758620689655 0.0 0.0 0.5797101449275363 0.2463768115942029 0.08695652173913043 0.057971014492753624 0.028985507246376812 wanghe 1Сʱ_mousemovements
103.143931 0 0 0 0 0 0 0 0 0 0 0 0 0 107.8689345 93.693924 0.0 0.0 0.0 0.0 0.0 0.0 0.6666666666666666 0.3333333333333333 23.802445615384613 0 0 1.0 0.0 0.0 1.0 0.0 0.0 0.0 0.0 0.0 0.0 0.0 0.6 0.0 0.2 0.0 0.2 wanghe 1Сʱ_mousemovements
0 0 0 0 0 0 0 0 0 0 0 0 0 0 0 0 0 0 0 0 0 0 0 0 0 0 0 0 0 0 0 0 0 0 0 0 0 0 0 0 0 0 0 wanghe 1Сʱ_mousemovements
0 0 0 0 0 0 0 0 0 0 0 0 0 0 0 0 0 0 0 0 0 0 0 0 0 0 0 0 0 0 0 0 0 0 0 0 0 0 0 0 0 0 0 wanghe 1Сʱ_mousemovements
0 0 0 0 0 0 0 0 0 0 0 0 0 0 0 0 0 0 0 0 0 0 0 0 0 0 0 0 0 0 0 0 0 0 0 0 0 0 0 0 0 0 0 wanghe 1Сʱ_mousemovements
145.6929652352941 318.3322114 746.662109 370.026123 0 0 0 697.491272 490.3602256666666 456.524231 111.12384 59.69265766666666 146.91397457142855 533.4256946666666 202.40907533333333 111.822769 0.11538461538461539 0.07692307692307693 0.038461538461538464 0.11538461538461539 0.2692307692307692 0.11538461538461539 0.23076923076923078 0.038461538461538464 49.47740593421053 1023.302612 307.6162693333333 0.9156626506024096 0.012048192771084338 0.07228915662650602 0.6538461538461539 0.19230769230769232 0.07692307692307693 0.038461538461538464 0.0 0.0 0.0 0.038461538461538464 0.5135135135135135 0.28378378378378377 0.16216216216216217 0.02702702702702703 0.013513513513513514 wanghe 1Сʱ_mousemovements
217.28590313333333 285.106331 0 906.807312 0 0 0 0 0 304.32247900000004 237.9154228 0 53.77554066666667 476.532751 399.34057725 113.166008 0.0 0.1111111111111111 0.2777777777777778 0.0 0.16666666666666666 0.1111111111111111 0.2222222222222222 0.1111111111111111 102.86310238636365 0 210.332016 0.9777777777777777 0.0 0.022222222222222223 0.8333333333333334 0.1111111111111111 0.0 0.05555555555555555 0.0 0.0 0.0 0.0 0.6666666666666666 0.18181818181818182 0.030303030303030304 0.030303030303030304 0.09090909090909091 wanghe 1Сʱ_mousemovements
225.50689399999996 238.36206049999998 0 0 280.972656 933.222412 0 0 0 371.24876774999996 311.94847875 0 193.7313495 280.972656 93.75 0 0.0 0.3333333333333333 0.3333333333333333 0.0 0.16666666666666666 0.08333333333333333 0.08333333333333333 0.0 76.8906279736842 0 191.04349266666668 0.926829268292683 0.0 0.07317073170731707 0.6666666666666666 0.16666666666666666 0.0 0.0 0.08333333333333333 0.08333333333333333 0.0 0.0 0.6060606060606061 0.18181818181818182 0.12121212121212122 0.06060606060606061 0.030303030303030304 wanghe 1Сʱ_mousemovements
210.36813072727273 520.7403105000001 0 0 701.226868 801.880249 0 0 371.55605833333334 632.115173 74.514374 77.877853 155.402865 786.4106445 628.0516855000001 0 0.1875 0.0625 0.0625 0.0625 0.375 0.125 0.125 0.0 128.60964624999997 0 515.28508 0.9473684210526315 0.0 0.05263157894736842 0.6875 0.125 0.0 0.0 0.0625 0.125 0.0 0.0 0.5833333333333334 0.25 0.08333333333333333 0.0 0.08333333333333333 wanghe 1Сʱ_mousemovements
0 0 0 0 0 0 0 0 0 0 0 0 0 0 0 0 0 0 0 0 0 0 0 0 0 0 0 0 0 0 0 0 0 0 0 0 0 0 0 0 0 0 0 wanghe 1Сʱ_mousemovements
0 0 0 0 0 0 0 0 0 0 0 0 0 0 0 0 0 0 0 0 0 0 0 0 0 0 0 0 0 0 0 0 0 0 0 0 0 0 0 0 0 0 0 wanghe 1Сʱ_mousemovements
0 0 0 0 0 0 0 0 0 0 0 0 0 0 0 0 0 0 0 0 0 0 0 0 0 0 0 0 0 0 0 0 0 0 0 0 0 0 0 0 0 0 0 wanghe 1Сʱ_mousemovements
0 0 0 0 0 0 0 0 0 0 0 0 0 0 0 0 0 0 0 0 0 0 0 0 0 0 0 0 0 0 0 0 0 0 0 0 0 0 0 0 0 0 0 wanghe 1Сʱ_mousemovements
0 0 0 0 0 0 0 0 0 0 0 0 0 0 0 0 0 0 0 0 0 0 0 0 0 0 0 0 0 0 0 0 0 0 0 0 0 0 0 0 0 0 0 wanghe 1Сʱ_mousemovements
0 0 0 0 0 0 0 0 0 0 0 0 0 0 0 0 0 0 0 0 0 0 0 0 0 0 0 0 0 0 0 0 0 0 0 0 0 0 0 0 0 0 0 wanghe 1Сʱ_mousemovements
0 0 0 0 0 0 0 0 0 0 0 0 0 0 0 0 0 0 0 0 0 0 0 0 0 0 0 0 0 0 0 0 0 0 0 0 0 0 0 0 0 0 0 wanghe 1Сʱ_mousemovements
0 0 0 4682.922852 3800.975098 0 0 0 3800.975098 0 0 0 0 0 4682.922852 0 0.5 0.0 0.0 0.0 0.0 0.0 0.5 0.0 2120.9744874999997 0 0 1.0 0.0 0.0 0.0 0.0 0.0 0.5 0.5 0.0 0.0 0.0 1.0 0.0 0.0 0.0 0.0 wanghe 1Сʱ_mousemovements
133.43438525 997.7573239999999 520.6991983333334 532.940002 871.460693 604.6700135 0 0 1039.2038265 541.3956605 409.17527533333333 134.33512000000002 227.09051799999997 702.2003475 0 0 0.11764705882352941 0.11764705882352941 0.17647058823529413 0.23529411764705882 0.23529411764705882 0.11764705882352941 0.0 0.0 101.5503393137255 0 514.9401855 0.9272727272727272 0.0 0.07272727272727272 0.47058823529411764 0.11764705882352941 0.17647058823529413 0.058823529411764705 0.058823529411764705 0.11764705882352941 0.0 0.0 0.6521739130434783 0.13043478260869565 0.08695652173913043 0.06521739130434782 0.06521739130434782 wanghe 1Сʱ_mousemovements
124.971963 0 406.440979 0 421.483948 0 0 0 104.38929 0 406.440979 98.24312066666666 74.262787 0 0 274.3020833333333 0.1111111111111111 0.0 0.1111111111111111 0.3333333333333333 0.1111111111111111 0.0 0.0 0.3333333333333333 67.43393263157895 0 421.483948 0.95 0.0 0.05 0.7777777777777778 0.0 0.1111111111111111 0.0 0.1111111111111111 0.0 0.0 0.0 0.5625 0.1875 0.125 0.0625 0.0625 wanghe 1Сʱ_mousemovements
0 0 0 0 0 0 0 0 0 0 0 0 0 0 0 0 0 0 0 0 0 0 0 0 0 0 0 0 0 0 0 0 0 0 0 0 0 0 0 0 0 0 0 wanghe 1Сʱ_mousemovements
58.565823 0 0 941.706055 1013.21582 0 0 0 941.706055 0 58.565823 0 0 1013.21582 0 0 0.3333333333333333 0.0 0.3333333333333333 0.0 0.0 0.3333333333333333 0.0 0.0 223.72085533333333 0 0.0 0.9 0.0 0.1 0.3333333333333333 0.0 0.0 0.3333333333333333 0.3333333333333333 0.0 0.0 0.0 0.6666666666666666 0.1111111111111111 0.2222222222222222 0.0 0.0 wanghe 1Сʱ_mousemovements
0 0 0 0 0 0 0 0 0 0 0 0 0 0 0 0 0 0 0 0 0 0 0 0 0 0 0 0 0 0 0 0 0 0 0 0 0 0 0 0 0 0 0 wanghe 1Сʱ_mousemovements
125.0 0 0 0 1221.884521 0 0 9994.706055 0 0 0 0 0 9994.706055 125.0 1221.884521 0.0 0.0 0.0 0.0 0.0 0.3333333333333333 0.3333333333333333 0.3333333333333333 1620.2272251428572 0 0 1.0 0.0 0.0 0.3333333333333333 0.0 0.0 0.0 0.3333333333333333 0.0 0.0 0.3333333333333333 0.5 0.25 0.0 0.0 0.25 wanghe 1Сʱ_mousemovements
180.16631335714285 402.93810275 792.411102 1482.8713225 404.555389 1413.250366 1057.530945 0 150.888351 1193.3084259999998 311.57088475 0 519.1026325 722.056561 459.9483945714286 378.46518875 0.034482758620689655 0.13793103448275862 0.13793103448275862 0.0 0.06896551724137931 0.2413793103448276 0.2413793103448276 0.13793103448275862 207.4732171891892 0 273.9147051666667 0.925 0.0 0.075 0.4827586206896552 0.13793103448275862 0.06896551724137931 0.13793103448275862 0.034482758620689655 0.06896551724137931 0.06896551724137931 0.0 0.4117647058823529 0.39705882352941174 0.16176470588235295 0.014705882352941176 0.014705882352941176 wanghe 1Сʱ_mousemovements
137.5429600357143 344.9370593125 416.8125115 601.068807 444.4759013333333 709.663391 1233.72876 0 458.7625535714286 291.2207573333333 434.827629 276.70238875 247.1790444166667 411.0542971666667 114.80780525 202.38379609999998 0.12280701754385964 0.10526315789473684 0.07017543859649122 0.14035087719298245 0.21052631578947367 0.10526315789473684 0.07017543859649122 0.17543859649122806 79.08339559006211 0.0 272.98059020000005 0.9096045197740112 0.005649717514124294 0.0847457627118644 0.49122807017543857 0.2807017543859649 0.07017543859649122 0.05263157894736842 0.05263157894736842 0.03508771929824561 0.017543859649122806 0.0 0.45161290322580644 0.2129032258064516 0.2129032258064516 0.0967741935483871 0.025806451612903226 wanghe 1Сʱ_mousemovements
174.1982579 379.92985033333326 599.723816 953.2533265 860.5924069999999 749.0448809999999 0 1132.057007 515.0438235 347.4270667777778 0 796.74292 585.2079784 200.967697 404.27854875 643.4575540000001 0.08 0.36 0.0 0.04 0.2 0.04 0.16 0.12 123.92851381081083 0 245.74585919999998 0.8809523809523809 0.0 0.11904761904761904 0.4 0.24 0.04 0.08 0.08 0.12 0.0 0.04 0.4177215189873418 0.3670886075949367 0.11392405063291139 0.10126582278481013 0.0 wanghe 1Сʱ_mousemovements
84.66430257142859 303.350891 537.758133 609.6196444999999 651.848104 0 674.236816 0 674.236816 381.243981 0 252.68763633333336 195.62251172727272 283.59382466666665 62.5 772.027039 0.043478260869565216 0.13043478260869565 0.0 0.13043478260869565 0.4782608695652174 0.13043478260869565 0.043478260869565216 0.043478260869565216 70.6497656037736 12.974437 442.6292993333334 0.8833333333333333 0.016666666666666666 0.1 0.6086956521739131 0.043478260869565216 0.08695652173913043 0.08695652173913043 0.13043478260869565 0.0 0.043478260869565216 0.0 0.5471698113207547 0.20754716981132076 0.05660377358490566 0.05660377358490566 0.1320754716981132 wanghe 1Сʱ_mousemovements
120.25225374999998 199.513046 809.234619 765.503906 870.7358855 0 1008.6233523333334 0 1071.432983 549.5340235 497.011219 697.3725636666667 0 0 470.61432066666663 85.3668395 0.05555555555555555 0.1111111111111111 0.2222222222222222 0.16666666666666666 0.0 0.0 0.3333333333333333 0.1111111111111111 74.81655228571431 0 505.5356272 0.8484848484848485 0.0 0.15151515151515152 0.4444444444444444 0.05555555555555555 0.05555555555555555 0.05555555555555555 0.2222222222222222 0.0 0.16666666666666666 0.0 0.6166666666666667 0.1 0.16666666666666666 0.06666666666666667 0.05 wanghe 1Сʱ_mousemovements
148.6764892 434.82771599999995 373.21066299999995 648.1181643333333 592.3976135 647.075928 0 0 18.130943 276.3361283333333 412.68767299999996 374.03523500000006 183.18515533333334 770.5378115000001 597.218994 287.38831066666665 0.043478260869565216 0.2608695652173913 0.13043478260869565 0.13043478260869565 0.13043478260869565 0.08695652173913043 0.08695652173913043 0.13043478260869565 122.93403835294117 18.130943 379.1567094 0.8947368421052632 0.017543859649122806 0.08771929824561403 0.43478260869565216 0.21739130434782608 0.08695652173913043 0.13043478260869565 0.08695652173913043 0.043478260869565216 0.0 0.0 0.42857142857142855 0.2857142857142857 0.20408163265306123 0.04081632653061224 0.04081632653061224 wanghe 1Сʱ_mousemovements
172.39097142857145 284.193787 546.334351 643.56233225 667.493164 0 0 0 216.36026 450.28232566666674 187.7490805 0 546.334351 561.5365093333334 0 389.1227645 0.13333333333333333 0.2 0.13333333333333333 0.0 0.06666666666666667 0.2 0.0 0.26666666666666666 88.38186843478262 119.715431 547.1679283333333 0.9019607843137255 0.0392156862745098 0.058823529411764705 0.4666666666666667 0.06666666666666667 0.06666666666666667 0.26666666666666666 0.13333333333333333 0.0 0.0 0.0 0.47619047619047616 0.2857142857142857 0.14285714285714285 0.047619047619047616 0.047619047619047616 wanghe 1Сʱ_mousemovements
0 0 0 0 0 0 0 0 0 0 0 0 0 0 0 0 0 0 0 0 0 0 0 0 0 0 0 0 0 0 0 0 0 0 0 0 0 0 0 0 0 0 0 wanghe 1Сʱ_mousemovements
0 0 0 0 0 0 0 0 0 0 0 0 0 0 0 0 0 0 0 0 0 0 0 0 0 0 0 0 0 0 0 0 0 0 0 0 0 0 0 0 0 0 0 wanghe 1Сʱ_mousemovements
190.40749638461537 287.2230605 782.0275875 0 1206.014282 0 0 767.503693 91.641945 403.68367920000003 640.6639935000001 99.7975045 0 552.6096473333333 121.12139066666667 435.66099149999997 0.05 0.25 0.1 0.1 0.0 0.15 0.15 0.2 81.77981821666667 75.313705 338.95965985714287 0.8823529411764706 0.014705882352941176 0.10294117647058823 0.65 0.1 0.1 0.0 0.05 0.0 0.0 0.1 0.6101694915254238 0.15254237288135594 0.11864406779661017 0.03389830508474576 0.0847457627118644 wanghe 1Сʱ_mousemovements
