174.4968096 629.8324686666666 548.904968 0 0 0 516.873657 0 0 548.904968 524.50946 0 46.924522 682.493973 41.116753 325.32910749999996 0.0 0.1 0.1 0.0 0.1 0.2 0.1 0.4 73.64710997674419 0 220.31145 0.9347826086956522 0.0 0.06521739130434782 0.5 0.3 0.1 0.0 0.0 0.0 0.1 0.0 0.6097560975609756 0.24390243902439024 0.0975609756097561 0.04878048780487805 0.0 dongzhenyu 8Сʱ_mousemovements
84.5173106 1788.519653 0 1213.215576 0 0 0 967.293152 21.276596 900.670083 56.025467 482.7910126 62.5 1213.215576 0 71.06059033333334 0.07142857142857142 0.14285714285714285 0.07142857142857142 0.35714285714285715 0.07142857142857142 0.07142857142857142 0.0 0.21428571428571427 85.9019012142857 12.820513 432.158855 0.875 0.020833333333333332 0.10416666666666667 0.7142857142857143 0.07142857142857142 0.0 0.07142857142857142 0.0 0.0 0.0 0.14285714285714285 0.7674418604651163 0.16279069767441862 0.023255813953488372 0.023255813953488372 0.023255813953488372 dongzhenyu 8Сʱ_mousemovements
138.96254481818184 200.162155 495.3881225 0 0 648.402283 0 0 446.24350000000004 57.990005499999995 0 236.1205514 115.49579399999999 0 269.290222 447.58551 0.13333333333333333 0.13333333333333333 0.0 0.3333333333333333 0.26666666666666666 0.0 0.06666666666666667 0.06666666666666667 13.278844264150942 14.285714 264.98642159999997 0.828125 0.015625 0.15625 0.7333333333333333 0.06666666666666667 0.13333333333333333 0.0 0.0 0.06666666666666667 0.0 0.0 0.7142857142857143 0.16071428571428573 0.07142857142857142 0.03571428571428571 0.017857142857142856 dongzhenyu 8Сʱ_mousemovements
129.7930437 292.1873015 655.9568580000001 440.1182963333333 893.8033144999999 712.1348875 880.3291935 0 951.7385865000001 364.513885 913.442444 568.5735372500001 193.2138995 116.128071 248.38418266666665 547.98020175 0.08333333333333333 0.041666666666666664 0.041666666666666664 0.16666666666666666 0.16666666666666666 0.08333333333333333 0.25 0.16666666666666666 63.72939911428571 15.676344666666665 512.2707565454546 0.8333333333333334 0.03571428571428571 0.13095238095238096 0.4166666666666667 0.08333333333333333 0.125 0.125 0.08333333333333333 0.08333333333333333 0.08333333333333333 0.0 0.6578947368421053 0.10526315789473684 0.09210526315789473 0.09210526315789473 0.05263157894736842 dongzhenyu 8Сʱ_mousemovements
169.17117 187.384674 0 0 737.281067 0 596.576904 0 260.570557 50.119156 543.666473 310.125549 106.8093165 19.23077 737.281067 151.885864 0.08333333333333333 0.08333333333333333 0.16666666666666666 0.08333333333333333 0.3333333333333333 0.08333333333333333 0.08333333333333333 0.08333333333333333 54.26108072222221 0 218.07685379999998 0.8780487804878049 0.0 0.12195121951219512 0.75 0.08333333333333333 0.0 0.0 0.08333333333333333 0.0 0.08333333333333333 0.0 0.5675675675675675 0.2702702702702703 0.05405405405405406 0.10810810810810811 0.0 dongzhenyu 8Сʱ_mousemovements
147.8435992727273 0 481.75003066666665 2235.0696716666666 828.908142 1080.21582 1045.6038819999999 1363.999023 343.566983 38.46154 812.1814575000001 829.36759175 241.379813 87.543938 1457.1124082499998 877.2382809999999 0.21739130434782608 0.043478260869565216 0.08695652173913043 0.17391304347826086 0.13043478260869565 0.043478260869565216 0.17391304347826086 0.13043478260869565 181.55257010909088 35.5336275 584.2451723999999 0.7971014492753623 0.057971014492753624 0.14492753623188406 0.4782608695652174 0.0 0.13043478260869565 0.13043478260869565 0.08695652173913043 0.043478260869565216 0.08695652173913043 0.043478260869565216 0.7301587301587301 0.1111111111111111 0.1111111111111111 0.015873015873015872 0.031746031746031744 dongzhenyu 8Сʱ_mousemovements
83.22487586363637 2678.530518 361.510376 570.978516 0 930.613525 0 776.8553466666667 656.3666406666667 194.30374666666668 0 509.500938 124.15114442857144 183.3471728 418.6628184285714 207.849801 0.10344827586206896 0.10344827586206896 0.0 0.06896551724137931 0.2413793103448276 0.1724137931034483 0.2413793103448276 0.06896551724137931 67.70969561320756 14.4747725 299.3937928 0.9380530973451328 0.017699115044247787 0.04424778761061947 0.7586206896551724 0.034482758620689655 0.034482758620689655 0.034482758620689655 0.0 0.034482758620689655 0.0 0.10344827586206896 0.6310679611650486 0.17475728155339806 0.11650485436893204 0.038834951456310676 0.038834951456310676 dongzhenyu 8Сʱ_mousemovements
188.93325449999998 0 0 0 0 0 1522.325684 1189.557861 1522.325684 0 0 87.543938 739.940216 0 0 0 0.25 0.0 0.0 0.25 0.5 0.0 0.0 0.0 302.10804249999995 87.543938 1189.557861 0.75 0.125 0.125 0.5 0.0 0.0 0.0 0.0 0.0 0.25 0.25 0.6666666666666666 0.0 0.16666666666666666 0.16666666666666666 0.0 dongzhenyu 8Сʱ_mousemovements
0 0 0 0 0 0 0 0 0 0 0 0 0 0 0 0 0 0 0 0 0 0 0 0 0 0 0 0 0 0 0 0 0 0 0 0 0 0 0 0 0 0 0 dongzhenyu 8Сʱ_mousemovements
0 0 0 0 0 0 0 0 0 0 0 0 0 0 0 0 0 0 0 0 0 0 0 0 0 0 0 0 0 0 0 0 0 0 0 0 0 0 0 0 0 0 0 dongzhenyu 8Сʱ_mousemovements
0 0 0 0 0 0 0 0 0 0 0 0 0 0 0 0 0 0 0 0 0 0 0 0 0 0 0 0 0 0 0 0 0 0 0 0 0 0 0 0 0 0 0 dongzhenyu 8Сʱ_mousemovements
93.7680238 388.99406450000004 589.987488 0 589.818634 1345.3500060000001 0 828.264648 484.90481550000004 0 611.373047 0 298.0368334 0 589.987488 718.5158327500001 0.15384615384615385 0.0 0.07692307692307693 0.0 0.38461538461538464 0.0 0.07692307692307693 0.3076923076923077 43.750758773584906 0 421.66274489999995 0.8412698412698413 0.0 0.15873015873015872 0.38461538461538464 0.15384615384615385 0.07692307692307693 0.0 0.15384615384615385 0.15384615384615385 0.0 0.07692307692307693 0.6785714285714286 0.10714285714285714 0.08928571428571429 0.07142857142857142 0.05357142857142857 dongzhenyu 8Сʱ_mousemovements
0 0 0 0 0 0 0 0 0 0 0 0 0 0 0 0 0 0 0 0 0 0 0 0 0 0 0 0 0 0 0 0 0 0 0 0 0 0 0 0 0 0 0 dongzhenyu 8Сʱ_mousemovements
56.997066249999996 252.9500275 322.3813175 481.811066 0 384.124481 0 0 0 0 0 380.99363700000004 243.8125095 125.0 114.5509165 213.62412533333335 0.0 0.0 0.0 0.2 0.2 0.1 0.2 0.3 22.822848063829788 9.174312 166.10547585714286 0.8545454545454545 0.01818181818181818 0.12727272727272726 0.4 0.2 0.2 0.1 0.0 0.1 0.0 0.0 0.782608695652174 0.06521739130434782 0.0 0.08695652173913043 0.06521739130434782 dongzhenyu 8Сʱ_mousemovements
133.333328 174.781464 390.98909000000003 405.98483250000004 0 0 0 0 0 0 423.415314 0 306.8072253333333 0 174.781464 383.444183 0.0 0.0 0.16666666666666666 0.0 0.5 0.0 0.16666666666666666 0.16666666666666666 31.339760833333337 0 240.467453 0.8823529411764706 0.0 0.11764705882352941 0.16666666666666666 0.16666666666666666 0.3333333333333333 0.3333333333333333 0.0 0.0 0.0 0.0 0.6428571428571429 0.17857142857142858 0.03571428571428571 0.10714285714285714 0.03571428571428571 dongzhenyu 8Сʱ_mousemovements
0 0 445.525482 0 0 0 0 0 445.525482 0 0 0 0 0 0 0 1.0 0.0 0.0 0.0 0.0 0.0 0.0 0.0 0.0 0 445.525482 0.75 0.0 0.25 0.0 0.0 1.0 0.0 0.0 0.0 0.0 0.0 0.6666666666666666 0.0 0.3333333333333333 0.0 0.0 dongzhenyu 8Сʱ_mousemovements
93.86857566666664 1265.0470730000002 913.707489 0 705.512756 0 0 2135.055908 0 705.512756 2250.156738 804.479187 171.218704 0 2135.055908 414.01383933333335 0.0 0.1111111111111111 0.1111111111111111 0.1111111111111111 0.2222222222222222 0.0 0.1111111111111111 0.3333333333333333 285.2330738181818 0 301.13897275 0.8461538461538461 0.0 0.15384615384615385 0.3333333333333333 0.2222222222222222 0.2222222222222222 0.0 0.1111111111111111 0.0 0.0 0.1111111111111111 0.625 0.20833333333333334 0.041666666666666664 0.125 0.0 dongzhenyu 8Сʱ_mousemovements
1219.100342 3196.143799 0 0 0 0 0 0 0 0 0 0 0 1219.100342 3196.143799 0 0.0 0.0 0.0 0.0 0.0 0.5 0.5 0.0 1103.81103525 0 0 1.0 0.0 0.0 0.5 0.5 0.0 0.0 0.0 0.0 0.0 0.0 1.0 0.0 0.0 0.0 0.0 dongzhenyu 8Сʱ_mousemovements
0 3252.42749 0 0 0 0 0 0 0 0 0 0 0 3252.42749 0 0 0.0 0.0 0.0 0.0 0.0 1.0 0.0 0.0 1626.213745 0 0 1.0 0.0 0.0 0.0 1.0 0.0 0.0 0.0 0.0 0.0 0.0 1.0 0.0 0.0 0.0 0.0 dongzhenyu 8Сʱ_mousemovements
0 0 0 0 0 0 0 0 0 0 0 0 0 0 0 0 0 0 0 0 0 0 0 0 0 0 0 0 0 0 0 0 0 0 0 0 0 0 0 0 0 0 0 dongzhenyu 8Сʱ_mousemovements
0 0 0 0 0 0 0 0 0 0 0 0 0 0 0 0 0 0 0 0 0 0 0 0 0 0 0 0 0 0 0 0 0 0 0 0 0 0 0 0 0 0 0 dongzhenyu 8Сʱ_mousemovements
65.89836650000001 602.835083 675.5340983333334 2280.555908 0 0 1014.263916 751.151886 645.333435 0 0 1127.135193 355.723259 0 15.873015 837.9461419999999 0.08333333333333333 0.0 0.0 0.16666666666666666 0.3333333333333333 0.0 0.08333333333333333 0.3333333333333333 164.14527176666667 64.220184 540.3152206 0.8333333333333334 0.027777777777777776 0.1388888888888889 0.3333333333333333 0.08333333333333333 0.25 0.08333333333333333 0.0 0.0 0.08333333333333333 0.16666666666666666 0.7142857142857143 0.14285714285714285 0.03571428571428571 0.07142857142857142 0.03571428571428571 dongzhenyu 8Сʱ_mousemovements
83.65328966666667 0 0 0 0 832.404358 0 0 0 0 0 94.930641 145.39093 0 0 421.521328 0.0 0.0 0.0 0.25 0.25 0.0 0.0 0.5 83.2404358 10.638298 120.1607855 0.7692307692307693 0.07692307692307693 0.15384615384615385 0.75 0.0 0.0 0.0 0.0 0.25 0.0 0.0 0.5384615384615384 0.15384615384615385 0.07692307692307693 0.23076923076923078 0.0 dongzhenyu 8Сʱ_mousemovements
116.22381250000001 240.45047749999998 283.009857 450.981659 0 443.594574 0 0 363.3022155 0 0 128.64727399999998 62.5 386.812012 127.8525935 140.050865 0.18181818181818182 0.0 0.0 0.18181818181818182 0.09090909090909091 0.18181818181818182 0.18181818181818182 0.18181818181818182 21.808866815789475 12.820513 216.32463828571426 0.8260869565217391 0.021739130434782608 0.15217391304347827 0.5454545454545454 0.18181818181818182 0.09090909090909091 0.09090909090909091 0.0 0.09090909090909091 0.0 0.0 0.6585365853658537 0.14634146341463414 0.0975609756097561 0.0975609756097561 0.0 dongzhenyu 8Сʱ_mousemovements
0 0 0 0 0 0 0 0 0 0 0 0 0 0 0 0 0 0 0 0 0 0 0 0 0 0 0 0 0 0 0 0 0 0 0 0 0 0 0 0 0 0 0 dongzhenyu 8Сʱ_mousemovements
0 0 0 0 0 0 0 0 0 0 0 0 0 0 0 0 0 0 0 0 0 0 0 0 0 0 0 0 0 0 0 0 0 0 0 0 0 0 0 0 0 0 0 dongzhenyu 8Сʱ_mousemovements
0 0 0 0 0 0 0 0 0 0 0 0 0 0 0 0 0 0 0 0 0 0 0 0 0 0 0 0 0 0 0 0 0 0 0 0 0 0 0 0 0 0 0 dongzhenyu 8Сʱ_mousemovements
0 0 0 0 0 0 0 0 0 0 0 0 0 0 0 0 0 0 0 0 0 0 0 0 0 0 0 0 0 0 0 0 0 0 0 0 0 0 0 0 0 0 0 dongzhenyu 8Сʱ_mousemovements
0 0 0 0 0 0 0 0 0 0 0 0 0 0 0 0 0 0 0 0 0 0 0 0 0 0 0 0 0 0 0 0 0 0 0 0 0 0 0 0 0 0 0 dongzhenyu 8Сʱ_mousemovements
0 0 0 0 0 0 0 0 0 0 0 0 0 0 0 0 0 0 0 0 0 0 0 0 0 0 0 0 0 0 0 0 0 0 0 0 0 0 0 0 0 0 0 dongzhenyu 8Сʱ_mousemovements
0 0 0 0 0 0 0 0 0 0 0 0 0 0 0 0 0 0 0 0 0 0 0 0 0 0 0 0 0 0 0 0 0 0 0 0 0 0 0 0 0 0 0 dongzhenyu 8Сʱ_mousemovements
0 0 0 0 0 0 0 0 0 0 0 0 0 0 0 0 0 0 0 0 0 0 0 0 0 0 0 0 0 0 0 0 0 0 0 0 0 0 0 0 0 0 0 dongzhenyu 8Сʱ_mousemovements
0 0 0 0 0 0 0 0 0 0 0 0 0 0 0 0 0 0 0 0 0 0 0 0 0 0 0 0 0 0 0 0 0 0 0 0 0 0 0 0 0 0 0 dongzhenyu 8Сʱ_mousemovements
0 0 0 0 0 0 0 0 0 0 0 0 0 0 0 0 0 0 0 0 0 0 0 0 0 0 0 0 0 0 0 0 0 0 0 0 0 0 0 0 0 0 0 dongzhenyu 8Сʱ_mousemovements
0 0 0 0 0 0 0 0 0 0 0 0 0 0 0 0 0 0 0 0 0 0 0 0 0 0 0 0 0 0 0 0 0 0 0 0 0 0 0 0 0 0 0 dongzhenyu 8Сʱ_mousemovements
41.2917724 0 435.26707450000004 0 0 0 738.988159 0 73.263618 501.480438 0 22.447834 197.34736850000002 738.988159 85.106384 0.0 0.125 0.125 0.0 0.125 0.25 0.125 0.125 0.125 79.14647315384615 24.04443 738.988159 0.8125 0.125 0.0625 0.625 0.0 0.25 0.0 0.0 0.0 0.125 0.0 0.5 0.2857142857142857 0.14285714285714285 0.0 0.07142857142857142 dongzhenyu 8Сʱ_mousemovements
56.78755050000001 204.07126225 430.36518125 591.6368003333333 0 411.1547646666667 1230.7065633333334 0 227.0686265 137.773202 650.180115 743.527054 241.821583 281.55434433333335 282.013397 556.5212456666667 0.08695652173913043 0.17391304347826086 0.043478260869565216 0.17391304347826086 0.08695652173913043 0.13043478260869565 0.043478260869565216 0.2608695652173913 62.89701627500001 36.321423 300.7255158 0.8333333333333334 0.010416666666666666 0.15625 0.2608695652173913 0.17391304347826086 0.17391304347826086 0.13043478260869565 0.0 0.13043478260869565 0.13043478260869565 0.0 0.6309523809523809 0.07142857142857142 0.15476190476190477 0.10714285714285714 0.03571428571428571 dongzhenyu 8Сʱ_mousemovements
90.19299708333331 0 0 295.989075 0 767.734985 1059.603149 752.422363 0 243.33786460000002 109.9604305 752.422363 109.02394366666665 86.368935 451.8640746666667 0.0 0.0 0.3125 0.125 0.0625 0.1875 0.0625 0.1875 0.0625 31.371579744186043 10.752688 649.5837300000001 0.8958333333333334 0.020833333333333332 0.08333333333333333 0.75 0.0 0.0 0.0625 0.0 0.0625 0.0625 0.0625 0.5853658536585366 0.24390243902439024 0.0975609756097561 0.07317073170731707 0.0 dongzhenyu 8Сʱ_mousemovements
110.74780634782611 1016.7085738000002 407.45283520000004 513.702415 354.5600586666667 841.4000854999999 545.5162505 1550.272461 1170.8919085 332.92646025 479.85039925 950.0535479999999 129.45177975 293.67858754545455 217.4613722 136.2698382 0.09090909090909091 0.18181818181818182 0.09090909090909091 0.06818181818181818 0.09090909090909091 0.25 0.11363636363636363 0.11363636363636363 111.98512713138685 15.458920500000001 173.8914563846154 0.9013157894736842 0.013157894736842105 0.08552631578947369 0.5227272727272727 0.11363636363636363 0.11363636363636363 0.045454545454545456 0.06818181818181818 0.045454545454545456 0.045454545454545456 0.045454545454545456 0.5939849624060151 0.19548872180451127 0.12781954887218044 0.05263157894736842 0.03007518796992481 dongzhenyu 8Сʱ_mousemovements
117.85813561764706 469.20793912500005 311.70493700000003 0 441.382782 0 0 0 148.55760677777778 277.51313071428575 219.92352533333334 387.80946666666676 38.4062595 115.06291725 210.81810130000002 178.03915077777776 0.18 0.14 0.06 0.12 0.04 0.08 0.2 0.18 47.551621295597485 22.0926556 149.6139076842105 0.8688524590163934 0.0273224043715847 0.10382513661202186 0.68 0.16 0.12 0.0 0.04 0.0 0.0 0.0 0.47878787878787876 0.32727272727272727 0.09090909090909091 0.07878787878787878 0.024242424242424242 dongzhenyu 8Сʱ_mousemovements
